   0.0000000e+00   0.0000000e+00   0.0000000e+00   0.0000000e+00   0.0000000e+00   0.0000000e+00
  -1.2269010e-02  -9.1322094e-03  -1.5205636e-03  -8.4564491e-04  -8.0416830e-05   8.5532283e-05
  -8.4529598e-03   3.7628341e-02  -2.0951763e-02   2.9529211e-04  -2.5121794e-04   5.4707406e-04
  -5.5110616e-03   6.9975849e-02   4.0076463e-02   4.1272315e-04  -1.7627055e-04   2.0907647e-04
   1.0883146e-02   1.6284197e-02  -2.4354488e-02  -5.0273640e-04  -7.7623722e-05   3.9600966e-04
  -1.6694078e-02   1.4037348e-02  -2.8600295e-02   1.2031639e-04  -4.1352967e-04   6.9214296e-04
  -1.6543729e-02   6.5418659e-02   6.8380191e-02   2.2900543e-04  -4.6385364e-04   3.1224985e-04
  -1.6157531e-02  -6.8453793e-04   4.7243538e-03  -4.6947278e-04  -6.0192385e-04   6.6156405e-04
   1.7367535e-03   4.3001593e-02   4.4220769e-02   6.3588306e-04  -5.0518217e-04   9.4571215e-04
   2.8293718e-02   4.1016382e-02   9.1704812e-02   2.2431748e-04  -2.9051047e-04   7.3632297e-04
   1.3471174e-02  -1.5544943e-03  -9.6923654e-03  -1.1681555e-04  -4.1165346e-04   8.8859015e-04
   2.3617916e-02   5.7189383e-02   6.5734057e-03   9.5985615e-04  -7.3383350e-04   1.2220762e-03
   7.4363889e-03   7.5912650e-02   9.4164582e-02  -9.1689189e-05  -5.1529211e-04   1.0088670e-03
  -2.5975117e-03   2.8503155e-02  -2.5985791e-02   4.5644837e-04  -1.9681381e-04   1.2398410e-03
  -3.7788446e-04   7.1974490e-02   2.1128971e-02   1.0478649e-04  -1.2148171e-04   6.7542914e-04
   2.6576265e-03   1.2257585e-02  -9.0064015e-02  -5.5669431e-04   4.6642313e-05   9.0407404e-04
  -5.8469725e-04   5.2347008e-02  -7.9458507e-02   8.6560889e-04   2.8219314e-04   7.4794186e-04
  -1.2970696e-02   9.9325716e-02   1.4024863e-02   1.1357059e-03   9.1887907e-05   5.9233100e-04
  -7.6244613e-03   1.9748172e-02  -1.5677399e-01   3.7014040e-04   4.0152754e-05   1.3358415e-03
   1.8979414e-02   9.7277864e-02   5.3129772e-03   1.1965767e-03   3.0112604e-04   1.1674301e-03
   3.7878288e-03   3.0164905e-02  -4.9146319e-02   1.2537990e-05   8.2319252e-05   1.1710243e-03
   2.6410680e-02   6.5342129e-02  -7.2212831e-02   8.9112534e-04   1.6155299e-05   1.6878805e-03
   5.9386844e-02   6.9504877e-02  -3.7609922e-03   4.5467638e-04   1.3246601e-04   1.3733586e-03
   5.7051199e-02   1.3184801e-02  -1.5377680e-01   3.2002567e-04   1.6843463e-05   2.0141158e-03
   4.7474387e-02   7.8636053e-02  -5.3448474e-02   1.2541652e-03  -1.0791213e-04   1.7002213e-03
  -1.5117279e-04   2.4358012e-02  -5.3153786e-02  -3.0014100e-04   4.6082693e-04   6.6940412e-04
  -8.7686714e-03   3.0471998e-02  -1.5673365e-01   8.9496687e-04  -5.5024466e-04   1.9979183e-03
   3.3435344e-02   8.5753703e-02  -1.3329970e-02   7.2161512e-04  -1.6432909e-04   1.1002150e-03
   3.7531805e-02   4.2612721e-03  -1.6863837e-01  -6.1779078e-04  -1.5364056e-05   1.1830737e-03
  -5.1937345e-03   6.8881953e-02  -8.1165880e-02   1.0594025e-03  -1.7577293e-04   1.5721179e-03
   1.8826988e-02   8.5701181e-02   7.1110996e-02   3.1368282e-04   2.7483202e-04   8.8389843e-04
  -1.8207673e-02   3.5099610e-02  -4.6249573e-02   1.0002427e-03  -2.2719787e-04   1.4895179e-03
   5.4128893e-03   9.4065073e-02   1.9877600e-02   1.2080185e-03   3.1757221e-04   1.0459232e-03
   5.5675383e-03   5.5525873e-02  -4.8964404e-02   5.6683864e-04   1.9113126e-04   1.1637540e-03
   5.3930705e-03   1.1323571e-01  -7.2818923e-02   2.2144928e-03   2.4454458e-04   1.8258258e-03
   3.4368003e-02   1.1566771e-01   1.0688321e-02   1.6069742e-03   3.4131550e-04   1.5297228e-03
   3.0882677e-02   4.2399935e-02  -1.6779908e-01   8.2878666e-04   8.1588799e-04   1.9645332e-03
   4.5853064e-02   1.1506591e-01   3.5568335e-04   1.7038604e-03   6.2033714e-04   2.0711865e-03
   8.1184076e-02   4.4800644e-02  -8.8365161e-02   2.3094913e-04   7.7454630e-04   2.0846677e-03
   7.3745307e-02   6.2270780e-02  -7.4532030e-02   1.2822934e-03   8.4086534e-04   2.6963853e-03
   5.5399820e-02   8.9291511e-02  -1.4699850e-02   1.0953710e-03   9.6649901e-04   2.1239551e-03
   7.3860935e-02   1.8135277e-02  -1.3504901e-01   1.7267939e-04   9.0820975e-04   2.3503734e-03
   9.1018047e-02   6.6524636e-02  -1.5989131e-01   1.5865844e-03   5.5002359e-04   3.6394220e-03
   9.0448620e-02   5.9566282e-02  -6.7682800e-02   4.6187732e-04   1.5410898e-03   2.2989871e-03
   3.1328651e-02   1.5254072e-02  -1.7762401e-01   5.0251775e-04   1.1260234e-03   2.8478190e-03
   3.7870982e-02   8.4131691e-02  -5.0625093e-02   1.2805707e-03   8.9889454e-04   2.6536760e-03
   5.4945662e-02   3.8799504e-02  -1.0471937e-01   5.4865325e-04   1.1050684e-03   2.5420332e-03
   5.3387900e-02   5.7523018e-02  -1.2644341e-01   1.4040673e-03   1.1291075e-03   3.1601677e-03
   5.8513126e-02   1.0996617e-01  -1.4467911e-02   1.6264015e-03   1.3566391e-03   2.4718259e-03
   6.3377798e-02   4.2126172e-02  -9.6476877e-02   3.6477406e-04   1.1883592e-03   2.7503880e-03
   4.1671228e-02   6.6088640e-02  -8.7850668e-02   1.2490226e-03   9.0369653e-04   2.8220409e-03
   5.1128109e-02   8.1739695e-02  -3.7216565e-02   1.0151785e-03   8.3324905e-04   2.4476129e-03
   6.6630765e-02   4.8893001e-02  -8.6286927e-02   8.3187834e-04   1.1912967e-03   2.4233893e-03
   6.3166194e-02   7.9723802e-02  -5.4705037e-02   1.7094147e-03   8.9451951e-04   2.6983744e-03
   7.3539144e-02   4.7702933e-02   4.3883647e-02  -1.9933717e-05   1.1939544e-03   2.0882306e-03
   4.8096765e-02   6.7356876e-02  -3.3561340e-03   8.5041574e-04   1.1922058e-03   2.1730452e-03
   8.7432129e-02   6.4247915e-02   5.0980735e-03   2.7395006e-04   1.1343909e-03   2.1236635e-03
   7.5925950e-02   2.1073677e-02  -6.7961999e-02  -1.8835934e-04   1.0562554e-03   2.4396707e-03
   9.3253478e-02   7.9203991e-02  -6.4234716e-02   9.1174795e-04   1.0394227e-03   2.7613312e-03
   8.4179744e-02   7.5537614e-02  -2.0603542e-03   2.5748188e-04   1.1472326e-03   2.3434813e-03
   1.9509092e-02   6.7199165e-02  -1.2729031e-01   4.8494484e-04   7.4575590e-04   2.8132482e-03
   5.6768355e-02   9.7576443e-02   7.3467062e-03  -3.8539847e-04   7.8180594e-04   2.0669575e-03
   4.8355638e-02   1.5974728e-02  -1.0705937e-01  -7.8754573e-04   9.4164945e-04   2.3987882e-03
   4.2450680e-02   8.3576044e-02  -4.4345425e-02   6.5537327e-04   8.3511178e-05   2.9902804e-03
   1.0174780e-01   3.5701170e-02  -6.7773871e-02  -5.2447665e-04   8.9731457e-04   2.4479455e-03
   6.8157592e-02   7.2494415e-02  -9.6371502e-02   8.8012517e-04   5.9795331e-04   3.3816341e-03
   1.1362576e-01   1.0128619e-01   2.2208524e-03   8.6313965e-04   9.1888139e-04   2.6714687e-03
   1.0365856e-01  -9.7939194e-03  -2.9524393e-01  -3.2463113e-04   9.6464322e-04   3.2961707e-03
   1.1850231e-01   8.8409320e-02  -1.1125021e-01   9.0633809e-04   1.1186206e-03   3.0831934e-03
   1.2064813e-01   4.9327453e-02  -8.5359727e-02   3.2922091e-04   1.0108784e-03   2.9678236e-03
   1.3325491e-01   2.1353532e-02  -1.4550071e-01  -1.6604991e-04   8.9201958e-04   3.5839378e-03
   1.2602201e-01   9.6590968e-02  -3.6813608e-02   1.2414712e-03   8.2657682e-04   3.4095795e-03
   1.4682957e-01   5.4498920e-02  -5.7655708e-02   3.2357353e-04   1.2656201e-03   3.0133311e-03
   1.1569311e-01   8.2907955e-02  -9.3993381e-02   7.6956292e-04   1.4416385e-03   3.0375405e-03
   1.0326866e-01   7.3201101e-02  -3.1782463e-02   1.7256400e-05   1.4188678e-03   2.4288509e-03
   9.4193831e-02   2.4534669e-02  -1.4885266e-01  -6.7166797e-04   1.4271253e-03   2.5333104e-03
   7.5856007e-02   6.2204071e-02  -1.2572424e-01   4.4984819e-04   1.1264609e-03   2.7177121e-03
   1.0463976e-01   9.4078163e-02  -1.2444690e-03   8.2717730e-05   1.2941582e-03   1.9498390e-03
   9.8609924e-02   2.4145910e-02  -1.1624791e-01  -4.3724566e-04   1.1584678e-03   2.4667249e-03
   8.3328018e-02   1.1653096e-01  -2.3832102e-02   6.9943263e-04   9.9509668e-04   2.0052990e-03
   9.9161696e-02   7.4815686e-02  -2.5734170e-02  -1.1540955e-04   1.1276514e-03   2.0435101e-03
   7.2977557e-02   4.2745514e-02  -9.3436269e-02   3.8584227e-04   9.4540498e-04   2.3358798e-03
   8.8540801e-02   1.0461379e-01   2.3210555e-03   1.0579818e-03   9.3175652e-04   2.1862764e-03
   1.0816826e-01   5.7949603e-02  -7.5312371e-02   3.0171893e-04   1.1105470e-03   2.2992034e-03
   8.8262329e-02   7.3201684e-02  -9.2526812e-02   1.2577706e-03   9.2721343e-04   2.9590312e-03
   8.6741555e-02   1.0421783e-01   2.7724789e-03   1.1423446e-03   1.7115105e-03   1.9374494e-03
   6.6808399e-02   8.3635978e-02  -3.6712693e-03   2.6116706e-04   1.5253035e-03   2.4825906e-03
   3.1533658e-02   9.0525798e-02  -1.5602727e-01   1.1382568e-03   1.9368929e-03   2.8061185e-03
   7.2583101e-02   1.0909372e-01  -3.6371285e-02   6.6695844e-04   1.8477031e-03   2.3397727e-03
   3.2417396e-02  -1.2964743e-03  -3.2784155e-01  -4.2021054e-04   1.5445150e-03   3.0138777e-03
   5.9477173e-02   1.2295121e-01  -3.2317261e-02   1.2594430e-03   1.5963471e-03   2.5859971e-03
   5.6892645e-02   5.0187413e-02  -1.2016565e-01   2.0931819e-05   1.4053258e-03   2.5472172e-03
   5.1105392e-02   8.4305932e-02  -7.6049743e-02   1.0775179e-03   1.6069406e-03   2.5003739e-03
   3.7324330e-02   1.1711642e-01  -3.0919424e-02   8.4636591e-04   1.6222626e-03   2.5188278e-03
   5.0399359e-02   3.7512853e-02  -1.4693450e-01   7.8207950e-05   1.6645355e-03   2.4567531e-03
   3.9637529e-02   1.1119738e-01  -1.1166298e-01   1.4825584e-03   2.0004615e-03   2.2907143e-03
   3.3862303e-02   9.4647258e-02  -9.0363037e-02   5.5065815e-04   1.5958006e-03   2.3858264e-03
   2.8393250e-02   8.8598003e-02  -1.4643517e-01   1.2896027e-03   1.8132146e-03   2.5864292e-03
   5.0608738e-02   1.2540026e-01  -2.8264389e-03   1.0778838e-03   1.7557748e-03   2.1574690e-03
   3.2260479e-02   7.3981060e-02  -9.6622615e-02   2.3540460e-04   1.2261217e-03   2.4646009e-03
   5.1772872e-02   1.1516969e-01  -7.4904271e-02   1.1586705e-03   1.3762183e-03   2.4423903e-03
   6.3170082e-02   1.0830813e-01  -3.2181376e-02   5.9672153e-04   1.6162664e-03   2.0847959e-03
   5.2187831e-02   5.2951808e-02  -1.0352411e-01   3.7959285e-04   1.3989528e-03   2.3442590e-03
   3.4529151e-02   1.5827522e-01  -4.9368185e-02   2.0484156e-03   1.5167677e-03   2.2240405e-03
   5.4448450e-02   7.8627109e-02  -3.1990536e-03  -8.1450891e-04   1.5624978e-03   2.1496880e-03
   2.2241423e-02   2.6732952e-01   2.9709696e-01   2.2147759e-03   1.3619662e-03   1.7024886e-03
   3.0746269e-02   1.4791489e-02  -1.4432409e-01   6.9762363e-04   1.3397764e-03   1.9276101e-03
   5.0961135e-02   1.3092007e-01  -4.3824609e-02   4.4249268e-05   1.0735005e-03   1.8179036e-03
   7.2900510e-02   7.0696446e-02  -1.3490724e-01   2.1787150e-04   7.4990975e-04   2.4402502e-03
   8.2307815e-02   1.1204035e-01  -1.0223843e-01   7.2183405e-04   5.4395357e-04   2.4529397e-03
   7.8677834e-02   7.2896915e-02  -1.4515182e-01   1.3237238e-04   1.0446213e-03   2.4911202e-03
   5.4256734e-02   1.2117921e-01  -5.8392156e-02   7.7849445e-04   9.6854594e-04   2.5979196e-03
   7.1305689e-02   7.8167378e-02  -2.7133466e-02  -2.8779251e-04   1.2012045e-03   2.0543778e-03
   5.1464529e-02   8.3842590e-02  -6.1643715e-02   6.7011822e-04   1.3645399e-03   1.9747175e-03
   4.5615934e-02   9.2558000e-02  -1.0928231e-02   1.9307506e-04   1.1357856e-03   1.8420944e-03
   2.3426385e-02   9.6013643e-02  -8.4262812e-02   2.8272863e-04   1.3153376e-03   1.8474131e-03
   3.0290093e-02   1.2893296e-01  -1.7697242e-02   3.6523215e-04   1.1850633e-03   1.7429876e-03
   1.7820130e-02   6.9279574e-02  -1.2186752e-01  -8.6229469e-06   7.2558298e-04   2.4223908e-03
   4.4585261e-02   1.3434150e-01  -5.3868828e-02   1.1034554e-03   1.2172511e-03   1.9208460e-03
   4.1532554e-02   1.0951681e-01  -3.8307929e-02  -2.3061557e-04   1.0066379e-03   2.0821899e-03
   5.3498690e-02   1.1325804e-01  -1.2277275e-01   7.3805683e-04   1.1429110e-03   2.5714295e-03
   7.1963406e-02   1.4871620e-01  -6.5202796e-02   9.4552414e-04   1.4944482e-03   2.3191026e-03
   4.8420654e-02   9.4531890e-02  -1.3949436e-01   1.8644396e-04   1.3950644e-03   2.5292609e-03
   5.9291100e-02   1.3086980e-01  -1.3644313e-01   1.1943928e-03   7.1813108e-04   3.2391632e-03
   8.5585541e-02   1.3484700e-01  -3.2759222e-02   6.4589118e-04   1.4656283e-03   2.0367829e-03
   2.8623009e-02   1.2266697e-01  -1.0780508e-01   1.2460390e-03   1.7017568e-03   2.1335161e-03
   4.7098012e-02   1.4702106e-01  -6.3074750e-02   1.7304004e-04   1.5977750e-03   1.9594382e-03
   5.7725865e-02   9.1971789e-02  -1.4100382e-01   1.1390163e-04   1.6794978e-03   2.2552558e-03
   5.8401273e-02   1.4004342e-01  -1.5062641e-01   1.0894739e-03   1.6208834e-03   2.8526284e-03
   7.6762853e-02   1.2736318e-01  -9.1043997e-02   3.9099378e-04   1.5023107e-03   2.3797732e-03
   8.3049187e-02   1.0426637e-01  -2.1503853e-01   6.2721336e-04   1.4288396e-03   3.1896258e-03
   8.8993480e-02   1.6376740e-01  -3.5882944e-02   1.0408971e-03   1.4141377e-03   2.6206969e-03
   9.6235615e-02   1.1819062e-01  -1.4425730e-01   3.5202213e-05   1.5158170e-03   2.6034314e-03
   8.7436807e-02   1.4717499e-01  -2.0368704e-01   1.6272719e-03   8.7609441e-04   3.8045543e-03
   1.2163694e-01   1.6299897e-01  -7.2267384e-02   9.7348146e-04   9.4597871e-04   3.1449097e-03
   1.3157916e-01   1.0513073e-01  -1.3984818e-01   1.6156390e-04   1.1702628e-03   3.5991571e-03
   1.3470718e-01   1.7562395e-01  -8.0149467e-02   1.5327994e-03   7.9200959e-04   3.7438152e-03
   1.5021576e-01   1.5275419e-01  -1.0189632e-01   5.8749911e-04   1.5334372e-03   2.8390283e-03
   1.2324773e-01   1.5320453e-01  -2.2444379e-01   1.1239715e-03   1.5769513e-03   3.8853151e-03
   1.1514438e-01   1.1980395e-01   6.6027980e-02  -9.1836808e-04   1.8087968e-03   2.4014253e-03
   4.3673307e-02   1.2638925e-01  -3.9192865e-02   9.1499971e-04   1.5830038e-03   2.8657846e-03
   8.9279711e-02   1.5170653e-01  -9.8401039e-02  -1.1507215e-04   1.2514705e-03   3.2849007e-03
   1.0697724e-01   8.8174252e-02  -1.8800248e-01  -1.0785295e-03   1.6291177e-03   3.1728055e-03
   9.7914041e-02   1.4736426e-01  -1.8004689e-01   7.4332390e-04   1.8424162e-03   3.4722578e-03
   1.0684571e-01   1.3909139e-01  -1.0110520e-01  -5.0246713e-04   1.7352400e-03   2.9940708e-03
   1.1089381e-01   1.0488234e-01  -1.6771274e-01  -5.0933016e-04   1.5940984e-03   3.6481841e-03
   1.2128081e-01   1.6679667e-01  -7.2029971e-02   1.9714424e-04   1.6125913e-03   3.5698569e-03
   1.2213918e-01   1.2918046e-01  -1.0189814e-01  -4.5802173e-04   1.9414596e-03   3.0595519e-03
   9.8909734e-02   1.6193401e-01  -1.1084875e-01   6.3186014e-04   1.7144182e-03   3.1404601e-03
   1.1394466e-01   1.9852406e-01  -6.8644026e-02   6.8942980e-04   1.1207380e-03   3.3216326e-03
   1.3081079e-01   1.1492534e-01  -1.5302743e-01  -4.6347669e-04   1.5364639e-03   3.4299465e-03
   1.3635776e-01   1.8039857e-01  -1.2639404e-01   6.1183653e-04   1.2650663e-03   4.1593438e-03
   1.6217704e-01   1.4258934e-01  -1.4081494e-01  -4.2176098e-04   1.5449360e-03   3.5057525e-03
   1.2152565e-01   1.6464930e-01  -1.6412839e-01   1.1069625e-03   1.6781476e-03   3.3345920e-03
   1.0324959e-01   1.8586610e-01  -3.4055127e-02   5.1016227e-04   1.3132736e-03   2.8563970e-03
   7.1475560e-02   1.6721323e-01  -1.5652578e-01   1.6575025e-03   1.3263423e-03   3.2228793e-03
   8.5411353e-02   2.1733210e-01  -4.8763402e-02   1.5366474e-03   1.2795363e-03   3.0054481e-03
   8.7844359e-02   1.6252259e-01  -1.5999272e-01   1.8579496e-04   1.6257316e-03   2.9995742e-03
   9.5146044e-02   1.9056229e-01  -1.4474648e-01   1.3521481e-03   1.6422794e-03   3.3880246e-03
   1.0785744e-01   1.9260506e-01  -8.7496908e-02   1.1559613e-03   1.6934327e-03   3.1824811e-03
   1.1142842e-01   1.6182262e-01  -2.2550113e-01   7.7018218e-04   1.5998473e-03   3.7130263e-03
   1.2128468e-01   2.3514650e-01  -8.4669027e-02   1.9998163e-03   1.7421560e-03   3.3740900e-03
   9.9557503e-02   1.8572574e-01  -1.5102726e-01   3.7023891e-04   1.3795783e-03   3.0183442e-03
   1.0093939e-01   2.0777272e-01  -1.6876858e-01   1.7798433e-03   1.3484120e-03   3.7021782e-03
   1.1921727e-01   2.1895477e-01  -8.9220538e-02   1.2160169e-03   1.4771017e-03   3.2243524e-03
   1.1294739e-01   1.4286265e-01  -2.2330717e-01   1.0167488e-03   1.5710418e-03   3.5286272e-03
   1.0720444e-01   2.2802627e-01  -2.0841214e-01   2.3287447e-03   1.3115032e-03   3.6654322e-03
   1.2620406e-01   2.4123564e-01  -1.2746772e-01   7.9724105e-04   1.1630913e-03   3.2082784e-03
   9.3693422e-02   2.0717378e-01  -1.2775870e-01   1.2237712e-03   1.0293408e-03   3.5550310e-03
   1.0895833e-01   2.3695782e-01  -1.0734850e-01   1.8223168e-03   1.2139293e-03   3.4446579e-03
   9.4372144e-02   1.9316859e-01  -2.0607512e-01   2.3834328e-03   1.6327754e-03   3.1237957e-03
   8.6277313e-02   2.4496103e-01  -1.2595714e-01   1.3957614e-03   1.3705412e-03   3.1582138e-03
   1.0941389e-01   1.9282314e-01  -1.6440214e-01   5.7276979e-04   1.7072204e-03   2.9561687e-03
   8.7337997e-02   2.0025016e-01  -1.8825838e-01   1.5151029e-03   1.3358057e-03   3.5739796e-03
   1.1942711e-01   2.5113591e-01  -8.1008967e-02   1.4084347e-03   1.2361426e-03   3.2517947e-03
   1.3458672e-01   1.6103040e-01  -2.2163601e-01   7.1931835e-04   9.4266289e-04   3.8847387e-03
   1.3606489e-01   2.4654178e-01  -1.2494139e-01   1.5917046e-03   1.2483131e-03   3.5711451e-03
   1.0778158e-01   2.0440383e-01  -1.2111789e-01   6.1644450e-04   1.3039872e-03   2.8643657e-03
   2.7751308e-02   2.3182611e-01  -2.1180658e-01   1.7023636e-03   9.5986588e-04   3.1897590e-03
   4.6773907e-02   2.5592976e-01  -6.9032201e-02   1.3043370e-03   1.5293078e-03   2.1713888e-03
   4.4905863e-02   1.8669149e-01  -2.2701725e-01   7.8185380e-04   1.2315594e-03   2.8718800e-03
   5.1737045e-02   2.5170711e-01  -1.3352394e-01   2.1051871e-03   1.0214426e-03   3.0605798e-03
   6.1915492e-02   2.3922619e-01  -1.1702254e-01   1.2493407e-03   1.1809799e-03   2.4603073e-03
   4.2595505e-02   2.0585822e-01  -3.3247982e-01   1.5928640e-03   1.1678635e-03   3.3138402e-03
   6.9029979e-02   3.0450550e-01  -8.6707791e-02   2.2190195e-03   1.3214444e-03   2.2173697e-03
   8.6066852e-02   1.9009455e-01  -3.3817552e-01   5.7563401e-04   1.3643653e-03   2.8422416e-03
   3.8937120e-02   2.6921055e-01  -1.7328018e-01   1.8217417e-03   2.0108637e-03   1.5031959e-03
   3.1380651e-02   2.1787031e-01  -1.7209891e-01   2.7061315e-05   1.4000431e-03   1.8432229e-03
   3.9413872e-03   2.8444135e-01  -1.5300548e-01   1.8913930e-03   1.2541082e-03   2.1115655e-03
   4.2711320e-02   2.3418202e-01  -1.9399245e-01   5.7737268e-04   1.4855913e-03   1.8251350e-03
   3.0514233e-02   2.7466265e-01  -1.9628702e-01   1.9410663e-03   1.5643464e-03   2.1530318e-03
   6.1896540e-02   2.8417268e-01  -1.7474983e-01   1.2981327e-03   1.7533087e-03   1.7281900e-03
   3.5582060e-02   2.3936388e-01  -4.0054342e-01   1.3238373e-03   1.4435255e-03   2.7364731e-03
   7.0838979e-02   3.0286872e-01  -2.5963085e-01   1.7231582e-03   1.4256521e-03   2.5817154e-03
   6.4849769e-02   2.2556753e-01  -3.3978649e-01   3.8023441e-04   1.9093574e-03   2.3256880e-03
   3.8159138e-02   2.7858731e-01  -2.8452613e-01   1.7593753e-03   1.7384542e-03   2.1261713e-03
   4.2701693e-02   2.8210913e-01  -2.4314680e-01   9.0931525e-04   1.6832435e-03   1.4247643e-03
   1.9301383e-02   2.7015413e-01  -3.8589334e-01   1.3205181e-03   1.6795399e-03   1.7061023e-03
   3.5528684e-02   3.1615864e-01  -2.3692406e-01   1.2313498e-03   1.3023683e-03   1.7681363e-03
   4.4520127e-02   2.4622706e-01  -3.7619956e-01   1.0363556e-03   1.4248681e-03   2.1872334e-03
   2.9749934e-02   2.9936333e-01  -2.4571678e-01   1.3470912e-03   1.5461757e-03   1.3508499e-03
   3.8937710e-02   2.5658769e-01  -2.3235577e-01  -2.5677599e-04   1.1219531e-03   1.3513677e-03
   9.8223456e-03   5.1133287e-01   1.3402507e-01   3.1870724e-03   3.3455878e-04   1.1123325e-03
  -8.4255697e-03   2.1763283e-01  -1.5755700e-01   2.3037862e-03   6.8151930e-04   7.4983079e-04
   2.9208101e-02   3.1049756e-01  -6.4755284e-02   9.6580276e-04   2.0334802e-04   8.7631554e-04
   3.1999957e-02   3.0850843e-01  -1.0026733e-01   2.1473184e-03   5.2703297e-04   9.5234355e-04
   4.6549202e-02   3.0267438e-01  -7.0477450e-02   1.2733781e-03   4.4532829e-04   1.1724032e-03
   3.3876068e-02   3.4499477e-01  -7.5353734e-02   2.5031184e-03   5.8843381e-04   1.1530101e-03
   1.0095897e-02   2.7526632e-01  -1.1330594e-01   1.4558193e-03   3.5755274e-04   1.3085270e-03
   4.4383278e-02   3.3581610e-01  -8.7710542e-02   2.1737142e-03   8.8129138e-04   1.3835500e-03
   6.2518083e-02   3.1926184e-01  -1.3074862e-01   9.9648339e-04   1.2650390e-03   1.5813562e-03
   5.9558490e-02   3.7542647e-01   1.1611064e-02   2.5124368e-03   1.0332890e-03   1.7568323e-03
   3.8048261e-02   3.1264657e-01  -1.1130208e-01   2.3732263e-03   1.1919849e-03   1.8335374e-03
   4.3193850e-02   3.6605368e-01  -2.0705390e-02   1.8645780e-03   1.3481214e-03   1.3576293e-03
   2.4506257e-02   3.0222311e-01  -1.7573821e-01   1.6048835e-03   1.6161346e-03   1.1758530e-03
   1.3711755e-02   3.4189544e-01  -1.3351936e-01   2.1748813e-03   1.5327205e-03   9.3839812e-04
  -8.5712787e-03   3.3190786e-01  -1.0192770e-01   1.6480866e-03   1.1776870e-03   1.1861574e-03
  -2.7599926e-02   3.8037917e-01  -9.7775644e-02   2.6087955e-03   1.6081898e-03   1.1150581e-03
  -2.3327380e-03   3.8628939e-01   6.7134925e-03   2.0736121e-03   1.2739472e-03   1.1872836e-03
   1.5861586e-03   3.2915655e-01  -1.2059707e-01   2.4612622e-03   1.6656123e-03   1.2221914e-03
   8.8074756e-03   3.9135517e-01  -4.0159908e-02   1.4677114e-03   1.9794420e-03   9.9708836e-04
   6.8002676e-03   3.7633024e-01  -5.1150506e-02   1.1414176e-03   1.8902183e-03   1.1090445e-03
   2.5899916e-02   3.4816742e-01  -1.9757605e-01   1.4155684e-03   1.9798531e-03   1.4961999e-03
   6.3420830e-02   3.6381463e-01  -9.6060158e-02   1.1082690e-03   1.7430354e-03   1.4873327e-03
   8.6307242e-02   3.0292659e-01  -2.3759532e-01   8.8979462e-04   1.7418556e-03   2.4227632e-03
   8.1136707e-02   3.6940696e-01  -1.6296723e-01   1.6585693e-03   1.6083767e-03   2.0010828e-03
   1.0319208e-01   3.2311351e-01  -2.0223139e-01   7.7769344e-04   2.0052989e-03   1.6966957e-03
   7.1817115e-02   3.5931093e-01  -1.6293061e-01   1.9459735e-03   1.5169213e-03   2.5167322e-03
   8.7975879e-02   3.6008058e-01  -1.1399091e-01   9.3428255e-04   2.0496248e-03   1.7968213e-03
   5.6847850e-02   3.3762985e-01  -2.7756329e-01   1.6191462e-03   1.7934366e-03   2.3464864e-03
   6.2694213e-02   3.9452303e-01  -1.2584353e-01   1.9078507e-03   1.3280849e-03   2.1403251e-03
   5.0944029e-02   3.4555985e-01  -3.2710050e-01   1.2779921e-03   1.6103662e-03   2.5328735e-03
   6.0895123e-02   4.0049536e-01  -1.4673589e-01   2.2816448e-03   1.5302647e-03   2.1203067e-03
   8.4445074e-02   3.4913820e-01  -1.5929992e-01   1.0404157e-03   1.6902051e-03   1.8214423e-03
   9.9413479e-02   3.3124121e-01  -2.5172479e-01   1.3587871e-03   1.8343182e-03   2.6846102e-03
   7.7624356e-02   3.9008527e-01  -1.7526346e-01   1.9250562e-03   1.4746517e-03   2.5061312e-03
   1.0895867e-01   3.3429682e-01  -2.7578198e-01   1.0131933e-03   1.6723305e-03   2.5289124e-03
   1.0446480e-01   3.7632478e-01  -2.8570399e-01   2.4084100e-03   1.5596980e-03   3.2482702e-03
   9.9510339e-02   3.9801081e-01  -1.4781460e-01   2.1609723e-03   1.6491652e-03   2.5795893e-03
   8.1018394e-02   3.6839822e-01  -2.6533957e-01   2.8123743e-03   1.6068397e-03   2.5831210e-03
   6.9231864e-02   4.2124083e-01  -1.9265925e-01   3.1890646e-03   1.9506252e-03   2.5608177e-03
   6.7605006e-02   3.7574648e-01  -1.8997451e-01   2.2661389e-03   1.6606298e-03   2.5664121e-03
   6.6849442e-02   3.6187588e-01  -2.4300064e-01   2.7893425e-03   1.5251692e-03   3.0328428e-03
   7.8002309e-02   4.2210491e-01  -1.3312204e-01   3.1141533e-03   1.3432705e-03   2.6249125e-03
   8.6431794e-02   3.4858366e-01  -1.8478203e-01   1.4923609e-03   1.4896113e-03   2.3820575e-03
   5.0750263e-02   4.8739822e-01   3.7621302e-03   3.8463893e-03   2.5434875e-04   3.4259158e-03
   8.8699514e-02   3.0920461e-01  -1.4103775e-01   3.1325511e-03   1.3887638e-03   2.8819738e-03
   9.8183379e-02   4.5039532e-01  -8.9554369e-02   4.0513576e-03   1.4007415e-03   2.8137562e-03
   1.0298620e-01   4.2249753e-01  -1.0000161e-01   2.9267601e-03   1.4500306e-03   2.5449264e-03
   1.1129359e-01   4.1307509e-01  -1.3550008e-01   3.6686092e-03   1.2996369e-03   2.8841606e-03
   1.0889640e-01   4.4763539e-01  -9.1538129e-02   3.8599127e-03   1.4134499e-03   2.9483360e-03
   1.3635773e-01   3.7847907e-01  -1.7769105e-01   2.8232747e-03   1.9843006e-03   2.8501706e-03
   1.2703306e-01   4.0049196e-01   5.7118553e-02   1.8235077e-03   2.2386575e-03   2.4253637e-03
   9.9328028e-02   3.3207339e-01  -6.9789048e-02   2.0674570e-03   1.4937935e-03   2.5073487e-03
   1.4832444e-01   3.8486559e-01  -6.3454650e-02   2.1550991e-03   1.3803297e-03   2.8442377e-03
   1.5315311e-01   3.4312070e-01  -1.7200577e-01   1.9456456e-03   1.0809062e-03   3.0899864e-03
   1.4828818e-01   4.0157817e-01  -9.5669380e-02   2.2289206e-03   1.0380931e-03   2.7121039e-03
   1.6163332e-01   3.5683231e-01  -9.4880704e-02   1.0188751e-03   1.4216795e-03   2.0271186e-03
   1.3901088e-01   3.8450237e-01  -1.0559752e-01   1.9228808e-03   9.4562398e-04   2.5162927e-03
   2.0351240e-01   3.8444574e-01  -1.2163960e-01   1.0774168e-03   4.6373079e-04   2.2896740e-03
   1.2154189e-02   3.0708426e-01  -3.7776570e-01   1.4203443e-03   1.2400602e-03   1.3146585e-03
   1.0502525e-01   3.8546588e-01  -1.6057957e-01   2.1694613e-03   7.8281837e-04   1.5946125e-03
   1.4249574e-01   3.5273396e-01  -1.6924387e-01   1.1133991e-03   5.4606520e-04   1.3624272e-03
   1.7886508e-01   4.0716324e-01  -1.4347632e-01   2.1013634e-03   7.0086768e-04   1.7936971e-03
   1.8021237e-01   3.9172113e-01  -1.4342728e-01   1.0026195e-03   7.6528899e-04   1.4091959e-03
   1.8185248e-01   3.9338631e-01  -2.4437011e-01   2.0266634e-03   9.6531276e-05   2.7854864e-03
   1.5201534e-01   4.0697968e-01  -1.4138492e-01   1.6766590e-03   7.6788080e-04   1.6880471e-03
   1.4089976e-01   3.4632242e-01  -2.6220829e-01   1.3308815e-03   4.3435157e-04   2.3042552e-03
   1.4729446e-01   4.1675380e-01  -1.1720959e-01   2.1680475e-03   4.0916328e-04   2.0285731e-03
   1.8059123e-01   3.3849116e-01  -2.1754901e-01   8.6531104e-04   5.4455907e-04   2.1320398e-03
   1.7944301e-01   4.2108340e-01  -1.3330847e-01   1.9416849e-03   8.9457412e-04   1.7714402e-03
   1.7863962e-01   3.6689455e-01  -2.1399993e-01   1.1490344e-03   8.2155826e-04   1.9875259e-03
   1.4542365e-01   3.5359108e-01  -2.0322380e-01   6.7878557e-04   8.0182030e-04   1.9957985e-03
   1.4255217e-01   3.8125906e-01  -1.8124360e-01   9.8543048e-05   3.8772500e-04   2.0706213e-03
   1.3950839e-01   4.3132903e-01  -1.5882931e-01   3.8586231e-03   1.8359806e-04   2.1960907e-03
   1.5481984e-01   4.4602097e-01  -1.3569192e-01   3.3345617e-03   3.4517426e-04   2.0264904e-03
   1.3227414e-01   4.1863744e-01  -2.2021747e-01   3.9245998e-03   3.5819626e-04   2.6304111e-03
   1.3238688e-01   4.7201001e-01  -7.7897575e-02   3.7712676e-03   4.6191371e-04   1.9093322e-03
   1.3704810e-01   4.1658459e-01  -1.7159563e-01   3.1289084e-03   1.5547666e-04   2.3984489e-03
   1.3768550e-01   5.0795094e-01  -6.6302684e-02   4.5040286e-03   2.8604547e-04   1.9660856e-03
   1.4200146e-01   4.1263705e-01  -1.5424127e-01   4.0112799e-03   4.6164421e-04   2.3206260e-03
   1.5184506e-01   5.3047922e-01  -1.4349260e-01   5.8217213e-03   4.0902508e-04   2.5825097e-03
   1.5033473e-01   4.9000139e-01  -2.6177773e-01   4.1461742e-03   6.3842601e-04   2.4381562e-03
   1.3958606e-01   5.3158136e-01  -1.9651877e-01   5.8741086e-03   4.9993843e-04   2.9263849e-03
   1.5243565e-01   5.1557066e-01  -8.9311275e-02   4.8346352e-03   6.9029717e-04   2.2677800e-03
   1.0734820e-01   5.2029466e-01  -1.2747214e-01   5.3235632e-03   7.4642307e-04   2.3063297e-03
   1.0104670e-01   5.7942701e-01  -3.5826157e-02   5.4042733e-03   6.6481123e-04   1.9912079e-03
   9.3943826e-02   5.0914139e-01  -3.3811039e-01   5.7919077e-03   1.7252311e-03   2.2760071e-03
   8.5803495e-02   5.3755518e-01  -4.1383388e-02   4.8286687e-03   7.5330751e-04   2.1016522e-03
   1.0985952e-01   4.7255788e-01  -1.3163388e-01   4.5212998e-03   6.6420395e-04   2.4949905e-03
   1.0612662e-01   5.5220458e-01  -2.0252470e-02   4.8763239e-03   7.3529124e-04   1.9846695e-03
   1.0835032e-01   4.5786840e-01  -1.4033421e-01   4.9180032e-03   6.7848655e-04   2.2390806e-03
   1.2272552e-01   5.4943454e-01  -1.2770055e-01   6.0436662e-03   6.8454224e-04   2.7220371e-03
   1.3709028e-01   5.5962197e-01  -8.9969879e-02   5.2576975e-03   8.7542624e-04   2.3946275e-03
   1.1656960e-01   5.3838482e-01  -1.6510197e-01   5.8018552e-03   5.5187937e-04   3.3560508e-03
   1.2436820e-01   5.9290753e-01  -5.4638414e-02   6.4907876e-03   9.0682649e-04   2.7668608e-03
   1.1761975e-01   5.1996714e-01  -1.7946639e-01   4.8349427e-03   9.0496274e-04   2.6927470e-03
   1.0196622e-01   5.6980125e-01  -1.1422004e-01   6.5142834e-03   7.5569003e-04   3.0624672e-03
   1.6939733e-01   5.3481539e-01  -2.5233694e-01   5.5110185e-03   8.4646774e-04   2.9119716e-03
   1.2967504e-01   5.9840462e-01  -1.0938771e-01   6.8901123e-03   6.5451296e-04   3.0815058e-03
   1.3326768e-01   5.6554540e-01  -6.6530274e-02   5.5038453e-03   7.3171615e-04   2.7330810e-03
   5.4781932e-02   4.5302871e-01  -5.1097441e-01   6.1083106e-03   1.4904221e-03   1.3763734e-03
   4.8004315e-02   5.3809998e-01   1.0195301e-02   5.5520843e-03  -3.2521412e-04   1.9383294e-03
   1.0167993e-01   4.6857003e-01  -1.8498393e-01   5.5824583e-03   8.3080352e-04   9.6698070e-04
   9.0363110e-02   3.6891944e-01  -3.5024693e-01   4.7152095e-03   9.5146382e-04   1.9607455e-03
   1.6247875e-01   4.4660591e-01  -2.9940304e-01   4.4065479e-03   1.0841097e-03   2.2345376e-03
   1.6109515e-01   4.5791395e-01  -3.5000573e-01   6.1216787e-03   5.5485868e-04   2.9722072e-03
   1.9652045e-01   5.1437543e-01  -2.6153351e-01   5.4882052e-03   4.8141487e-04   2.5667171e-03
   1.8925849e-01   4.9086357e-01  -2.8632502e-01   5.1086285e-03   3.1749568e-04   3.0432969e-03
   2.1192884e-01   4.9161780e-01  -2.1588503e-01   4.6643412e-03   4.8724064e-04   2.7777143e-03
   2.1950193e-01   4.9691184e-01  -3.1361018e-01   5.2699830e-03  -2.7634198e-04   3.8511383e-03
   2.4915970e-01   5.1664029e-01  -2.1570912e-01   4.4509701e-03  -4.5585897e-04   3.1448055e-03
   2.6327034e-01   4.6319181e-01  -3.0728558e-01   4.3429438e-03  -5.3478898e-04   3.4226850e-03
   2.5209672e-01   5.2135185e-01  -2.2075690e-01   4.6430919e-03  -3.9975473e-04   2.6876467e-03
   2.7603796e-01   4.6373374e-01  -2.9099203e-01   4.0361382e-03  -7.6515098e-05   2.6250030e-03
   2.2556651e-01   5.1126862e-01  -3.2503740e-01   5.3316444e-03   1.2753954e-04   3.5220692e-03
   2.4571191e-01   4.7651050e-01  -2.9753435e-01   3.7019168e-03   4.4850490e-04   2.7637622e-03
   2.4889012e-01   4.9024850e-01  -2.7948695e-01   4.9421308e-03   3.8393858e-04   3.5303728e-03
   2.5130798e-01   5.0890956e-01  -2.3129438e-01   4.7444547e-03   3.7382738e-04   3.3339081e-03
   2.6264292e-01   4.4412106e-01  -3.7158689e-01   4.4097120e-03   2.1634969e-05   4.8596350e-03
   2.7652103e-01   5.3361507e-01  -2.2971339e-01   5.4928320e-03   1.3033278e-03   3.4356240e-03
   1.9423566e-01   4.4719646e-01  -3.9431586e-01   4.3993545e-03   1.3575944e-03   3.2836969e-03
   1.7968672e-01   5.1575186e-01  -2.8512921e-01   5.4888040e-03   1.2675720e-03   3.3114286e-03
   1.8665563e-01   4.8000132e-01  -3.3396670e-01   3.7455861e-03   1.2544236e-03   3.4606993e-03
   2.2885435e-01   5.2360243e-01  -3.1417559e-01   5.6493810e-03   4.3812202e-04   4.4487933e-03
   2.4787001e-01   5.1159904e-01  -2.6022686e-01   4.8293070e-03   8.8220963e-04   4.2197112e-03
   3.1450552e-01   4.5840708e-01  -4.5519619e-01   4.8665181e-03   1.1262605e-03   4.5620511e-03
   2.4778726e-01   5.1238180e-01  -2.8899592e-01   5.3565636e-03   5.9656879e-04   4.6501982e-03
   2.8852663e-01   4.5421179e-01  -3.7855943e-01   4.3715056e-03   9.2047479e-04   4.6625117e-03
   2.3715704e-01   4.9368297e-01  -3.4855140e-01   5.8026106e-03   1.0274792e-03   4.8551570e-03
   2.5043268e-01   5.0030430e-01  -2.2809640e-01   5.1734602e-03   1.0235835e-03   4.3453841e-03
   2.1986058e-01   4.8427664e-01  -2.9010656e-01   5.0851811e-03   1.1812954e-03   4.6863999e-03
   2.2720434e-01   5.4763014e-01  -2.4054457e-01   5.7887998e-03   1.2741368e-03   4.3540543e-03
   2.2577620e-01   5.1057613e-01  -2.6969435e-01   4.8656722e-03   1.4326071e-03   4.2233955e-03
   2.0748195e-01   4.9572142e-01  -3.6114351e-01   5.4347605e-03   1.1483543e-03   4.9251814e-03
   2.1634782e-01   5.4875401e-01  -1.9240801e-01   5.5721158e-03   1.3705511e-03   4.1500487e-03
   2.0253788e-01   4.9782830e-01  -2.9152504e-01   5.1229785e-03   1.0266549e-03   4.4462122e-03
   2.1668256e-01   5.2651960e-01  -2.1373490e-01   4.6856221e-03   1.6955985e-03   3.7501436e-03
   2.0524698e-01   4.8819310e-01  -1.9593233e-01   4.3387140e-03   1.3970994e-03   3.2026111e-03
   1.7945283e-01   4.8241200e-01  -2.6726155e-01   5.4134763e-03   1.1689603e-03   3.8676772e-03
   2.1103523e-01   5.4758604e-01  -2.1750177e-01   5.5208265e-03   1.4960323e-03   3.6528592e-03
   2.1321935e-01   4.9586675e-01  -2.6792281e-01   4.9038777e-03   1.4930528e-03   3.7842328e-03
   1.7106385e-01   5.6186969e-01  -1.6599876e-01   6.2369076e-03   1.7812036e-03   3.9455535e-03
   1.7235988e-01   5.8974836e-01  -1.3870245e-01   6.3431799e-03   1.8445115e-03   3.6748600e-03
   1.3646442e-01   5.2647144e-01  -2.1776831e-01   5.6764848e-03   1.6337085e-03   3.7373114e-03
   1.4496932e-01   5.8901796e-01  -1.6664562e-01   6.0460993e-03   1.8422648e-03   3.2581975e-03
   1.3298008e-01   5.4999913e-01  -1.8438767e-01   5.0265506e-03   1.5790275e-03   3.2010432e-03
   1.2513486e-01   5.5095021e-01  -2.2224006e-01   5.9710186e-03   1.6624376e-03   2.8750148e-03
   1.5096944e-01   5.8751614e-01  -1.4194308e-01   5.9049876e-03   1.5627587e-03   2.6812420e-03
   1.3833273e-01   5.4049799e-01  -1.7967506e-01   5.1154998e-03   1.3741398e-03   2.7358102e-03
   1.4109943e-01   5.6584541e-01  -2.1409464e-01   5.7409849e-03   1.5849062e-03   2.7627596e-03
   1.3993915e-01   5.8496157e-01  -1.6412537e-01   5.8693019e-03   1.4031355e-03   2.7550145e-03
   1.4953004e-01   5.5449162e-01  -2.2110092e-01   5.3001780e-03   1.2992222e-03   2.8775853e-03
   1.4927298e-01   5.9285929e-01  -1.9873956e-01   6.3500552e-03   1.6549524e-03   2.9447704e-03
   1.2503120e-01   5.8250601e-01  -1.3607772e-01   5.6304596e-03   1.4995427e-03   2.8766717e-03
   1.1620200e-01   5.4345946e-01  -1.7824492e-01   5.2390747e-03   1.2304615e-03   2.9695386e-03
   1.4376336e-01   5.7057876e-01  -1.6835003e-01   5.7478571e-03   1.2505418e-03   3.2537599e-03
   1.6197948e-01   5.4517290e-01  -1.6000735e-01   5.2498589e-03   1.0812380e-03   3.0590432e-03
   1.6047281e-01   5.0747543e-01  -2.4896725e-01   5.4426085e-03   1.2775416e-03   3.5168017e-03
   1.5057098e-01   5.7438598e-01  -1.2833938e-01   6.2243581e-03   1.1359250e-03   3.2732434e-03
   1.4385339e-01   5.5236917e-01  -1.8654997e-01   5.7857858e-03   1.2961321e-03   2.7476777e-03
   1.0492387e-01   5.8272412e-01  -2.1595559e-01   6.9016627e-03   1.0954489e-03   2.6235286e-03
   1.2471036e-01   6.0706506e-01  -1.4727616e-01   6.3597078e-03   1.3157914e-03   2.3566968e-03
   6.7726852e-02   5.3350342e-01  -2.5895459e-01   5.8745596e-03   1.1260865e-03   2.8057301e-03
   1.0170252e-01   5.9513682e-01  -1.5277052e-01   6.3666699e-03   1.1537728e-03   2.7224802e-03
   9.3423022e-02   5.4957638e-01  -2.0809600e-01   5.7867868e-03   1.0121888e-03   2.6390710e-03
   8.6407332e-02   5.8253363e-01  -1.7697562e-01   6.8539901e-03   1.2925740e-03   2.6699980e-03
   1.1162252e-01   6.0278041e-01  -1.3473555e-01   6.4923257e-03   1.2538496e-03   2.6704258e-03
   1.3273239e-01   5.4577841e-01  -2.7661070e-01   5.7980437e-03   1.3454197e-03   2.7384533e-03
   1.3058567e-01   6.1647642e-01  -2.2917687e-01   7.1676448e-03   1.5235194e-03   2.9646743e-03
   1.3855196e-01   5.8760928e-01  -2.6801350e-01   5.9034776e-03   1.3785993e-03   2.9952662e-03
   9.5001015e-02   6.1091812e-01  -2.5720274e-01   7.5246957e-03   1.6028947e-03   3.4598822e-03
   1.2009372e-01   6.2912461e-01  -1.5606770e-01   7.2353666e-03   1.3860952e-03   2.9972293e-03
   1.3672430e-01   5.4433445e-01  -2.3310845e-01   5.3084267e-03   1.5453146e-03   2.8347309e-03
   1.2651201e-01   6.3655353e-01  -1.4239545e-01   6.9419181e-03   1.7520090e-03   3.1611411e-03
   1.5342986e-01   5.2435828e-01  -2.7876415e-01   6.0479876e-03   1.7651874e-03   3.3748180e-03
   1.3101542e-01   6.0824099e-01  -3.0748191e-01   7.7662848e-03   1.7392344e-03   3.7982989e-03
   1.3389822e-01   6.0855898e-01  -1.8253842e-01   7.1008521e-03   1.7015588e-03   2.8664351e-03
   1.0443211e-01   5.9856131e-01  -2.1067698e-01   7.3635308e-03   1.3072814e-03   2.6244372e-03
   1.1153339e-01   6.7650288e-01  -1.0340744e-01   7.8487510e-03   1.3469870e-03   2.6582902e-03
   1.1715565e-01   5.7297489e-01  -1.7047217e-01   6.0661196e-03   1.4260449e-03   2.6633016e-03
