   0.0000000e+00  -1.1990008e-14   1.4210855e-14   6.1629758e-33  -2.1382118e-50  -3.4694470e-18
   1.9086321e-03   1.1710403e-02   5.7955695e-02   9.8566097e-04  -2.5920323e-04  -3.0009734e-05
   5.9358239e-03   9.5550579e-02   1.6340016e-01   7.2780486e-04   1.5933263e-04   3.3525077e-04
  -7.8072819e-03  -5.7213535e-02  -2.3972958e-03  -5.0263573e-04  -7.4207764e-04  -5.8857430e-04
  -2.0638836e-02   1.7213653e-02   8.0461108e-02   1.0563132e-03  -7.4379514e-04  -2.4974450e-04
  -1.5403645e-02   1.8347814e-02   9.0582254e-02   4.9389399e-04  -7.2570769e-04  -2.4156137e-04
  -1.6152725e-02  -2.0986835e-02   4.3012355e-02  -6.8031638e-04  -2.2051074e-04   4.9179397e-06
  -1.3211160e-02   1.3097622e-02   6.2729448e-02   8.8544357e-04  -5.5828449e-04  -3.5948958e-04
  -1.2479011e-02   2.6809735e-02   1.0628205e-01   3.3262319e-04  -4.0734991e-04   1.4598490e-04
  -9.8713584e-03  -4.1532458e-02   2.1764308e-02  -8.0901920e-04  -2.2950425e-04  -4.3001317e-04
  -1.8379047e-02  -1.0190076e-03   3.0882078e-02   4.4640917e-04  -6.7127407e-04  -4.2763771e-04
  -1.4195662e-02   5.0311813e-02   1.3595093e-01   7.4109229e-04  -8.3891122e-05  -2.4032032e-04
  -2.4503303e-02  -1.9819920e-02   6.1104816e-02  -9.7010265e-04  -3.5772406e-04  -3.0168612e-04
  -1.7139546e-03  -2.7584880e-03   9.1265890e-02   1.3588159e-04  -6.6755367e-04  -6.7920836e-04
  -3.0195459e-02   5.5042295e-02   1.8255264e-01   5.0287747e-04  -6.4938621e-04  -1.0120435e-03
  -2.6190547e-02  -2.9316300e-02   7.3495878e-02  -8.1647031e-04  -6.8876838e-04  -8.5536822e-04
  -3.2597543e-02  -4.8530434e-02   3.4707405e-02  -5.8931131e-04  -7.8145245e-04  -9.7310486e-04
   1.1126746e-02   3.3810809e-02   7.6910899e-02   6.6554853e-04  -7.2485608e-04  -6.9224429e-04
   2.5787298e-02  -1.8838747e-03   8.0378554e-02  -1.5127212e-04  -7.3917499e-04  -6.9829423e-04
   1.5647097e-02  -1.0570096e-02   7.9084141e-02  -1.1075366e-03  -5.1865787e-04  -1.0306881e-03
  -2.3398326e-02  -9.1042982e-03   4.2386312e-02   2.6247596e-05  -1.4884236e-03  -1.2707592e-03
  -6.0167053e-03   4.6703499e-02   1.2235311e-01   6.1217789e-04  -7.1288572e-04  -1.5727000e-03
  -1.5675999e-02   1.1638522e-02   7.0677958e-02  -1.0578073e-03  -1.1355908e-03  -1.1100202e-03
  -2.3753884e-02  -3.0401077e-02   7.2056444e-02  -2.0199524e-04  -1.3181144e-03  -1.3869013e-03
  -1.6003674e-02   6.4799081e-02   1.4198336e-01  -7.7313993e-05  -8.5707112e-04  -1.0662584e-03
  -3.0803798e-02  -6.3481744e-02   3.6475482e-02  -1.2943207e-03  -1.2759784e-03  -1.1063245e-03
  -3.9524511e-02   1.8065032e-02   1.0283103e-01   2.8010963e-04  -1.0474148e-03  -1.3628164e-03
  -2.1415344e-02   3.0048828e-02   1.1281202e-01  -4.5714377e-04  -1.2212585e-03  -1.1299694e-03
  -4.4952217e-02  -3.6060018e-02   4.2016107e-02  -1.2926061e-03  -1.7454220e-03  -1.0880035e-03
  -3.2309510e-02   1.6883796e-02   3.3835282e-02   6.2875122e-05  -1.4241575e-03  -1.6530342e-03
  -1.7241737e-02   3.8267566e-02   5.2114648e-02   4.9752624e-06  -1.4972053e-03  -1.7006070e-03
  -2.0921507e-02  -2.3357177e-02  -6.9057559e-03  -1.0873667e-03  -1.2349992e-03  -1.5338907e-03
  -3.4034349e-02  -1.1883972e-02  -1.8988080e-02  -6.6443751e-04  -1.8459036e-03  -1.1062490e-03
  -5.1213866e-02   4.4154461e-02   7.6633181e-02   1.2406203e-04  -2.0378278e-03  -1.7275992e-03
  -3.6326938e-02   3.9420983e-02   6.6555798e-02  -4.3978187e-04  -1.6638279e-03  -1.7200060e-03
  -5.1423368e-02  -3.5503256e-02  -2.0398772e-02  -8.2181939e-04  -2.0574436e-03  -1.8770273e-03
  -7.1551652e-02   3.2363723e-02   5.2348017e-02   2.4966419e-04  -2.2022395e-03  -3.0623438e-03
  -1.1287235e-01   2.1719480e-02   5.0438989e-02   7.2509125e-05  -3.0772835e-03  -2.5973641e-03
  -1.1484396e-01  -3.0551661e-02   7.8044480e-03  -1.2573832e-03  -2.8467344e-03  -2.6753349e-03
  -1.2829327e-01   1.0665092e-02  -1.5695864e-02   4.1659282e-04  -3.0428917e-03  -2.6121640e-03
  -1.2525650e-01   2.4165521e-02   1.1970368e-02  -3.0145366e-04  -2.7332981e-03  -2.2853914e-03
  -7.8264708e-02   3.9391837e-02   3.8778904e-02   2.1866359e-06  -1.9873230e-03  -2.2096179e-03
  -1.2716736e-01  -2.7191796e-02   2.5488329e-02  -1.4306468e-03  -2.7411445e-03  -2.6341360e-03
  -1.2089405e-01   4.8303370e-03   2.3981134e-02   1.0151410e-04  -2.3202946e-03  -3.3487814e-03
  -1.0120277e-01   2.6427409e-02   3.9187095e-02  -2.6084429e-04  -2.4105797e-03  -2.8106466e-03
  -8.9404752e-02   3.2754196e-03   2.0830280e-02  -9.0933212e-04  -2.0404379e-03  -2.9872977e-03
  -1.0855799e-01  -7.1478033e-03  -3.7732249e-02  -1.2176828e-03  -2.5476149e-03  -2.7427547e-03
  -9.6658496e-02   1.7204662e-02   1.2853822e-02  -3.7008000e-04  -2.2672390e-03  -2.8006468e-03
  -9.0933327e-02   3.0942260e-02   4.2756517e-02  -5.4114132e-04  -2.2536605e-03  -2.7448826e-03
  -1.3007082e-01  -2.9450861e-02   1.8794048e-02  -1.9293022e-03  -3.2451840e-03  -1.8135684e-03
  -1.3920331e-01   8.8114383e-03   7.1463080e-03  -7.4631396e-04  -3.5410007e-03  -2.5917857e-03
  -1.2876785e-01  -3.0641673e-03   2.7094994e-02  -8.8201464e-04  -3.3286147e-03  -2.5310325e-03
  -1.4252441e-01  -9.2685839e-03  -1.9360696e-03  -1.6377584e-03  -3.2447268e-03  -3.1134759e-03
  -1.5505802e-01  -4.0254283e-02  -4.1836759e-02  -1.1667580e-03  -3.8007963e-03  -2.8046657e-03
  -1.4700123e-01   1.5698267e-02  -2.8628974e-03  -2.9811066e-04  -3.3378042e-03  -3.2618786e-03
  -1.4562645e-01  -7.3207852e-04  -9.3179805e-04  -9.1504219e-04  -3.4980770e-03  -2.8460972e-03
  -1.4436808e-01  -6.6952371e-02  -1.1840422e-01  -1.5059114e-03  -3.5194060e-03  -3.3781945e-03
  -1.4837615e-01  -3.1365115e-02  -1.2834748e-01  -5.4232471e-04  -3.6766022e-03  -3.5499305e-03
  -1.5239005e-01   1.8394051e-02  -7.0274713e-02   1.9296668e-04  -3.5727894e-03  -3.8382069e-03
  -1.6851100e-01   6.4100175e-03  -6.7597076e-02  -1.1498571e-03  -3.5459417e-03  -3.6271073e-03
  -1.8528265e-01  -5.8517876e-02  -1.2080380e-01  -1.4950511e-03  -3.7061068e-03  -3.6525091e-03
  -1.5710310e-01   1.1760169e-02  -6.6709109e-02  -7.3242864e-04  -3.7104388e-03  -2.9716238e-03
  -1.4577367e-01   1.1086246e-02  -5.9075293e-02  -1.1158593e-03  -3.4831470e-03  -2.6684968e-03
  -1.6814985e-01  -2.9892262e-02  -1.1835224e-01  -1.2647627e-03  -3.8191554e-03  -3.4092546e-03
  -1.7959373e-01  -5.0902280e-03  -1.0599323e-01  -4.8017216e-04  -4.1383042e-03  -2.9101747e-03
  -1.5959401e-01   2.5993017e-02  -2.9266546e-02  -3.8676251e-04  -3.4168900e-03  -2.7769669e-03
  -2.0783287e-01  -3.8940921e-02  -1.0003953e-01  -1.6712989e-03  -4.4621204e-03  -2.0395726e-03
  -2.1332758e-01   1.8886218e-02  -4.9591349e-02   2.8258577e-05  -4.3254846e-03  -2.5240427e-03
  -2.0635020e-01   8.1297285e-03  -7.9153398e-02  -8.9062923e-04  -3.4806754e-03  -2.0096776e-03
  -2.0860102e-01  -2.8197802e-02  -1.1693710e-01  -2.0570858e-03  -3.3952125e-03  -1.5670019e-03
  -2.2718000e-01   2.7417320e-02  -6.5396119e-02  -2.0053390e-04  -3.7132964e-03  -1.7468215e-03
  -2.2751168e-01   4.6942800e-02  -2.3601054e-02  -7.7662589e-04  -3.7778664e-03  -1.7055030e-03
  -2.3073838e-01  -4.1849273e-02  -1.4744856e-01  -1.7643908e-03  -3.6083840e-03  -2.0520919e-03
  -2.3673627e-01   3.7003796e-02  -1.8316994e-02  -6.8487796e-04  -3.8971994e-03  -2.1677124e-03
  -2.2468803e-01   4.9785391e-03  -7.5297793e-02  -1.8468359e-03  -3.2647066e-03  -1.8725334e-03
  -2.3862730e-01  -2.8736636e-02  -1.4521125e-01  -1.7117920e-03  -3.7686327e-03  -2.0370591e-03
  -2.1647475e-01   4.2764911e-02  -5.6478069e-02  -1.0656829e-03  -3.2756443e-03  -1.9737973e-03
  -2.1950623e-01   1.6209836e-02  -9.3488685e-02  -2.4609981e-03  -2.8318913e-03  -9.0374604e-04
  -1.9373841e-01  -1.4105341e-02  -1.5144760e-01  -2.0612432e-03  -2.9487907e-03  -1.3301737e-03
  -1.9762247e-01   7.3484545e-02  -2.1874201e-02  -6.6327916e-04  -2.2581691e-03  -1.6164494e-04
  -2.0156913e-01   1.9796357e-02  -7.6782791e-02  -2.0788111e-03  -2.6387514e-03   7.6517942e-05
  -1.8723927e-01  -1.2106721e-02  -1.4321903e-01  -1.9542752e-03  -2.7034502e-03   1.3255690e-04
  -1.7939273e-01   3.3421668e-02  -1.3340235e-01  -8.1189691e-04  -2.9065115e-03  -3.8791677e-04
  -1.5714050e-01   4.1486300e-02  -8.3105803e-02  -7.8193909e-04  -2.0720940e-03   1.7687321e-04
  -1.9655599e-01  -1.0883199e-02  -1.7527875e-01  -2.2063220e-03  -2.5216852e-03  -2.8063681e-04
  -1.7344933e-01  -1.8175805e-02  -1.4373425e-01  -2.1751904e-03  -2.8063248e-03  -2.9018988e-04
  -1.7535300e-01   3.4427571e-02  -8.7736745e-02  -7.9585700e-04  -2.4993162e-03  -1.6734281e-04
  -1.7677363e-01   1.3408383e-02  -1.2811310e-01  -1.5216859e-03  -2.8321997e-03   2.6324316e-04
  -1.7815133e-01  -5.7953201e-02  -1.8038678e-01  -1.5125534e-03  -2.6776817e-03   1.0083752e-04
  -1.8025384e-01   1.8564493e-02  -9.6928187e-02  -9.4360232e-04  -2.7519633e-03  -9.8969880e-05
  -2.0258805e-01  -2.9460079e-02  -1.7310719e-01  -2.4156489e-03  -2.9151687e-03   6.0703461e-04
  -1.9968837e-01  -4.9809302e-02  -2.0727985e-01  -1.7371962e-03  -2.7360309e-03  -4.6136367e-04
  -1.9685144e-01   5.6626713e-03  -1.5278983e-01  -1.0073872e-03  -2.8136892e-03  -7.3556456e-04
  -1.8881544e-01   2.2382675e-02  -1.4141319e-01  -1.6166216e-03  -2.4294528e-03  -5.5590067e-04
  -1.9237797e-01  -2.4912331e-02  -2.7077048e-01  -2.5882520e-03  -2.7953183e-03  -7.8710735e-04
  -1.9264626e-01  -8.1666198e-03  -2.1769586e-01  -1.3391934e-03  -2.6678320e-03  -7.7594101e-04
  -1.6270066e-01   4.9295692e-02  -1.5408031e-01  -1.0773529e-03  -2.4001851e-03  -1.4981119e-03
  -1.6418017e-01  -2.0258564e-02  -1.9309085e-01  -2.6153493e-03  -2.7969852e-03  -1.4234329e-03
  -1.7846616e-01  -2.3273878e-02  -2.0788765e-01  -1.8007123e-03  -2.4439189e-03  -2.0618241e-03
  -1.8426492e-01   4.1493523e-02  -1.3484654e-01  -2.0774725e-03  -2.6521078e-03  -8.1294829e-04
  -1.8494740e-01  -1.5770301e-02  -1.9433155e-01  -3.1119732e-03  -2.9652304e-03  -1.2006094e-03
  -1.8359362e-01  -5.5977479e-02  -2.6374395e-01  -3.2849103e-03  -2.9328794e-03  -1.1176731e-03
  -1.8660633e-01   3.5041525e-02  -1.1048416e-01  -1.6351099e-03  -3.7284822e-03  -1.8761814e-03
  -1.8920386e-01   4.4933129e-02  -1.3387087e-01  -2.2504283e-03  -3.7705646e-03  -5.5175576e-04
  -2.0412345e-01  -1.6920689e-02  -2.2637511e-01  -3.5415460e-03  -3.6881289e-03  -6.5447198e-04
  -2.1992671e-01  -1.8699015e-03  -2.8644809e-01  -2.6389990e-03  -4.0258816e-03  -1.0510619e-03
  -2.0428858e-01   4.1148751e-02  -1.7068232e-01  -2.3795724e-03  -3.6089088e-03  -1.0272817e-03
  -2.2583903e-01  -1.6382702e-02  -2.2634281e-01  -3.6785015e-03  -3.3790788e-03  -8.7412615e-04
  -2.2035667e-01  -3.2273911e-02  -2.7536135e-01  -3.4211388e-03  -3.4042492e-03  -5.4457597e-04
  -2.1075484e-01   2.5244614e-02  -1.9299365e-01  -2.2346760e-03  -3.2630297e-03  -1.0484378e-03
  -2.1093015e-01   2.6436605e-02  -1.7545568e-01  -3.1626476e-03  -3.2905227e-03  -7.6098594e-04
  -2.3337015e-01  -1.5758128e-02  -2.0805496e-01  -3.9113489e-03  -3.2912924e-03  -5.8874662e-04
  -2.2568678e-01   2.6430023e-02  -2.2546425e-01  -2.5392622e-03  -3.7052999e-03  -5.9885396e-04
  -1.7959874e-01   2.0522790e-02  -2.0644703e-01  -3.5809614e-03  -3.3241531e-03  -1.2378869e-03
  -2.0436350e-01  -4.7874966e-02  -3.0192726e-01  -4.2086770e-03  -3.6213356e-03  -1.0980605e-03
  -2.0743028e-01   3.4340964e-02  -2.0996084e-01  -2.8721003e-03  -3.4860706e-03  -2.5612751e-04
  -1.9262121e-01   4.7528273e-02  -1.8793504e-01  -3.2798922e-03  -3.0170455e-03  -3.5890402e-04
  -2.0151959e-01  -2.5325893e-02  -2.5475603e-01  -4.8004718e-03  -2.9641004e-03  -4.2299206e-04
  -2.2282040e-01  -7.9571567e-03  -2.5366276e-01  -2.4746880e-03  -3.0189876e-03  -1.1077713e-03
  -2.1539280e-01   2.5182995e-02  -2.2576340e-01  -2.8107552e-03  -3.5662661e-03  -1.1459442e-03
  -2.0978800e-01   5.4668332e-03  -2.3013869e-01  -3.5626362e-03  -3.4406590e-03  -1.2079507e-03
  -2.3133612e-01  -7.9102605e-03  -2.5955773e-01  -4.2646108e-03  -3.6719238e-03  -1.2124572e-03
  -2.2055464e-01   1.1744583e-02  -2.6164719e-01  -2.9237620e-03  -3.6427731e-03  -1.0762355e-03
  -2.1718294e-01   5.5748829e-02  -1.7489066e-01  -2.9921827e-03  -3.6678288e-03  -1.9563154e-03
  -2.3355988e-01  -3.4503447e-02  -2.3629526e-01  -4.5398409e-03  -3.8564871e-03  -2.1941472e-03
  -2.2487362e-01   1.7015139e-02  -2.3397527e-01  -2.8196077e-03  -3.8227124e-03  -2.1973296e-03
  -2.1180028e-01   1.1355622e-02  -2.3674077e-01  -3.0883410e-03  -4.0584234e-03  -1.9202380e-03
  -2.1544578e-01  -1.3328848e-02  -2.8135942e-01  -3.5797221e-03  -3.3982368e-03  -1.1186392e-03
  -2.1614877e-01  -9.8564896e-03  -2.9700091e-01  -2.5449784e-03  -3.8626727e-03  -1.4562969e-03
  -1.9331199e-01   1.8347768e-02  -2.5098356e-01  -2.7499296e-03  -3.2132332e-03  -1.7959565e-03
  -1.9914474e-01  -2.6240045e-02  -2.5190905e-01  -3.9813797e-03  -3.4591448e-03  -1.5221562e-03
  -2.1966533e-01  -4.4594103e-02  -2.9726678e-01  -3.7092096e-03  -3.3925808e-03  -1.4591464e-03
  -2.3143095e-01   2.0608297e-02  -2.6064710e-01  -2.3935094e-03  -3.3450299e-03  -1.7525332e-03
  -2.2245947e-01   2.6063258e-02  -2.1708635e-01  -3.3069462e-03  -3.4568941e-03  -1.5185349e-03
  -2.2849445e-01  -2.1315478e-02  -2.8826100e-01  -3.6091804e-03  -3.2139722e-03  -1.5411665e-03
  -2.3374435e-01  -7.3028468e-03  -3.0575758e-01  -2.9046407e-03  -3.4852263e-03  -1.3684472e-03
  -2.2946229e-01   4.7206333e-02  -2.0572243e-01  -2.7058731e-03  -3.0138936e-03  -1.5897313e-03
  -2.4784675e-01  -5.4007489e-02  -2.9905609e-01  -4.3268563e-03  -3.3475070e-03  -1.3581768e-03
  -2.2131931e-01   5.2567172e-03  -2.6574028e-01  -2.7945649e-03  -3.0754009e-03  -1.2136852e-03
  -1.8589138e-01   9.6651514e-03  -2.2018979e-01  -3.3642404e-03  -2.7212507e-03  -6.4983136e-04
  -1.9347593e-01  -2.7311747e-02  -2.8512309e-01  -4.3121857e-03  -2.6775586e-03  -9.8056308e-04
  -1.9660449e-01  -1.9453777e-02  -3.0339092e-01  -3.3257804e-03  -2.9928966e-03  -8.2135667e-04
  -2.0376524e-01   1.4678771e-02  -2.1869149e-01  -1.9849453e-03  -2.7439263e-03  -3.1650893e-04
  -2.0549587e-01   5.9531509e-03  -2.3231111e-01  -3.5764793e-03  -2.8367076e-03   2.1299060e-04
  -2.0344526e-01  -5.6738183e-02  -3.4937754e-01  -3.4410345e-03  -2.5558487e-03   4.1105089e-04
  -1.7883791e-01  -1.6504437e-02  -3.3086295e-01  -3.1099630e-03  -2.2506874e-03   1.2744790e-04
  -1.8728999e-01  -4.9170901e-02  -3.5206625e-01  -4.2410269e-03  -2.0923538e-03   5.8583632e-04
  -2.0262018e-01  -7.2321370e-02  -4.4105808e-01  -3.5241437e-03  -2.2393592e-03   7.6028306e-04
  -2.0904661e-01  -2.5828191e-02  -3.9099857e-01  -2.9644638e-03  -2.3411271e-03  -4.0475541e-05
  -2.0598132e-01  -4.0612147e-02  -3.9287227e-01  -4.2173083e-03  -2.5045879e-03  -2.0298441e-04
  -2.1773873e-01  -9.6987012e-02  -4.7820481e-01  -4.8974081e-03  -2.4031234e-03  -4.7128055e-04
  -2.1005527e-01  -2.3056258e-02  -4.0832960e-01  -3.5209397e-03  -2.3622559e-03  -4.7438329e-04
  -1.9973018e-01  -2.4616470e-02  -3.8408477e-01  -3.5574036e-03  -2.5136002e-03  -6.5436809e-04
  -2.0273034e-01  -3.3980605e-02  -4.1368586e-01  -3.8752278e-03  -2.5687075e-03  -3.3590750e-04
  -1.9194866e-01  -5.2777230e-02  -4.2265632e-01  -4.7581210e-03  -2.1271028e-03  -1.0714956e-04
  -1.9897499e-01  -2.6419721e-02  -4.3276961e-01  -3.1852395e-03  -2.2876110e-03   3.3736043e-04
  -1.9141255e-01  -1.9030023e-02  -3.5562370e-01  -3.6403953e-03  -2.1249786e-03  -1.9195796e-04
  -2.3402618e-01  -4.8730759e-02  -4.2062826e-01  -4.7206336e-03  -2.4365685e-03   1.0666747e-03
  -2.3881770e-01  -7.7789226e-02  -4.7830108e-01  -4.8895925e-03  -2.7338972e-03   7.1644258e-04
  -2.2483571e-01  -1.4901972e-02  -4.5755278e-01  -3.5879426e-03  -2.5899114e-03   7.8822895e-05
  -2.1526093e-01  -1.7433277e-02  -4.0941130e-01  -3.9371890e-03  -2.6585076e-03   7.0332662e-05
  -2.2278882e-01  -5.4414024e-02  -4.3235512e-01  -5.0858976e-03  -2.5703339e-03   1.8573718e-04
  -2.2717124e-01  -4.3359284e-02  -4.3941192e-01  -4.0222244e-03  -2.9669586e-03  -3.2759986e-05
  -2.0239919e-01   1.4892564e-02  -3.8089319e-01  -3.7070350e-03  -2.2114390e-03  -1.3595340e-04
  -2.0348327e-01  -2.7340652e-02  -4.1082037e-01  -5.2905649e-03  -2.7942813e-03   4.6044171e-04
  -2.0142258e-01  -6.9593205e-02  -4.8422532e-01  -4.7945691e-03  -2.6176524e-03   4.6652541e-05
  -1.8963241e-01   3.2980902e-03  -3.5323222e-01  -4.0391404e-03  -2.3503749e-03  -6.5428190e-05
  -2.2128231e-01  -3.6709078e-02  -4.1493142e-01  -5.3472879e-03  -2.4980579e-03   3.5515076e-04
  -2.3313112e-01  -6.3437794e-02  -4.8213939e-01  -4.8041892e-03  -3.0006637e-03  -1.7148630e-04
  -2.0609938e-01  -7.5503470e-03  -4.3671021e-01  -3.4671276e-03  -2.4053291e-03  -4.0636129e-04
  -2.0366911e-01   1.1002243e-02  -4.0230895e-01  -4.2108875e-03  -2.6936274e-03  -1.9287592e-04
  -2.0190486e-01  -3.4424352e-02  -4.6559359e-01  -5.2125849e-03  -2.4739649e-03  -1.6436692e-05
  -2.0648467e-01  -4.2947308e-02  -5.0189050e-01  -4.5667981e-03  -2.6166647e-03   1.1045306e-05
  -1.8507816e-01   1.7601264e-02  -4.3239899e-01  -3.7581840e-03  -2.2147410e-03  -3.1082374e-04
  -1.9409866e-01  -1.9681891e-02  -4.6096812e-01  -4.8362817e-03  -2.6162667e-03  -1.8911220e-04
  -2.2021607e-01  -5.6452463e-02  -5.1362530e-01  -5.2002124e-03  -2.5413363e-03  -2.7693466e-04
  -2.1109404e-01  -1.1485256e-02  -4.8151175e-01  -3.6593553e-03  -2.2171137e-03   1.4051805e-04
  -1.9574913e-01   2.5914046e-02  -3.9814769e-01  -3.8544556e-03  -2.3711268e-03   1.5740582e-04
  -2.0082925e-01  -2.9598303e-02  -4.3594270e-01  -5.8877020e-03  -2.7797603e-03   4.1121729e-04
  -1.9886397e-01  -1.1801184e-02  -4.2124467e-01  -4.5741253e-03  -2.5810059e-03   4.2923844e-04
  -1.9238553e-01   1.3178896e-02  -4.1912588e-01  -4.2835137e-03  -2.8488485e-03   2.8782167e-04
  -1.9108807e-01   2.0149999e-03  -3.9684122e-01  -4.9357730e-03  -2.6688368e-03   7.2669317e-04
  -1.8505748e-01  -3.3504920e-02  -4.5880859e-01  -5.4409816e-03  -2.9901012e-03   3.7681469e-04
  -1.8048218e-01  -4.0512093e-03  -4.2518650e-01  -4.2914168e-03  -2.8391460e-03  -2.2801722e-05
  -1.9945127e-01   3.3890224e-02  -4.2075594e-01  -4.3730395e-03  -2.8921788e-03   3.1192167e-04
  -2.2913934e-01  -5.3572970e-02  -4.6835959e-01  -5.4353240e-03  -2.7855830e-03   9.7530126e-04
  -2.0105162e-01   4.4544531e-02  -3.7599348e-01  -4.1599161e-03  -2.2798744e-03   3.1862756e-04
  -2.0094313e-01  -9.0995685e-03  -3.9116770e-01  -5.8535498e-03  -2.5505443e-03   4.9479651e-04
  -2.1831183e-01  -1.0538530e-02  -4.2573933e-01  -5.3707050e-03  -3.0066956e-03   7.9872331e-04
  -1.8950647e-01   2.8879028e-02  -3.8799207e-01  -4.6141482e-03  -3.2680985e-03   9.7674915e-04
  -1.6736777e-01   3.0337753e-02  -3.9296004e-01  -4.2214213e-03  -2.5553682e-03   9.0293492e-04
  -1.6026571e-01   1.6387352e-02  -3.8106745e-01  -5.6591762e-03  -2.5893904e-03   1.7217304e-03
  -1.8409397e-01  -3.2639651e-02  -4.3638500e-01  -5.0299730e-03  -2.4858222e-03   1.4284962e-03
  -1.7632885e-01   2.1845962e-02  -3.8996507e-01  -4.5342353e-03  -2.3233652e-03   1.0518378e-03
  -1.9087746e-01   1.4211895e-02  -3.6501803e-01  -5.6610478e-03  -2.3015854e-03   2.1433475e-03
  -1.9950476e-01  -2.2692964e-02  -4.7930290e-01  -6.0606235e-03  -2.3893656e-03   1.5263775e-03
  -1.9809349e-01   1.3485850e-02  -3.9292866e-01  -4.7721214e-03  -2.4720456e-03   1.1270570e-03
  -1.8901027e-01   2.2775677e-02  -3.7912426e-01  -5.2448135e-03  -2.3913794e-03   1.1488174e-03
  -2.2092863e-01  -3.6794843e-02  -4.3006318e-01  -5.9457606e-03  -2.5008325e-03   1.4240495e-03
  -2.1352526e-01   2.0913225e-02  -4.0906106e-01  -4.5804493e-03  -2.2472004e-03   8.2574086e-04
  -2.0172455e-01   3.1619233e-02  -3.3662932e-01  -5.1781362e-03  -2.2199091e-03   1.1231555e-03
  -2.3901310e-01  -2.4442427e-02  -4.2641166e-01  -5.7709168e-03  -1.9080037e-03   1.5583848e-03
  -2.0490033e-01   2.1764973e-02  -3.9148761e-01  -4.5840277e-03  -1.9051717e-03   1.3491491e-03
  -1.9689293e-01   2.0221019e-02  -3.3700194e-01  -5.3440859e-03  -1.2031154e-03   1.7725594e-03
  -2.0289076e-01  -3.5095557e-02  -4.2566271e-01  -6.5918865e-03  -1.5255970e-03   2.1246076e-03
  -1.8877707e-01  -4.3454888e-03  -3.9985231e-01  -4.9939328e-03  -1.1798136e-03   2.0336572e-03
  -1.8407617e-01   7.1120395e-02  -3.2195118e-01  -4.6800294e-03  -1.1934534e-03   2.2380999e-03
  -2.0869478e-01  -1.5699698e-02  -3.7155715e-01  -6.4055208e-03  -1.2705602e-03   2.8101644e-03
  -1.9624980e-01  -2.8820559e-04  -4.3030791e-01  -5.3537912e-03  -1.4198349e-03   1.4869485e-03
  -1.7586196e-01   4.8026414e-02  -3.2956053e-01  -5.0977301e-03  -1.1601706e-03   2.0494666e-03
  -2.0474767e-01   1.4068863e-02  -3.8957405e-01  -6.3871962e-03  -1.4173655e-03   2.4803979e-03
  -1.9225732e-01   2.4636989e-02  -3.7129245e-01  -4.9144612e-03  -1.2781923e-03   2.0017008e-03
  -1.8979350e-01   4.2599393e-02  -3.4126909e-01  -5.8565499e-03  -2.0074390e-03   2.5228667e-03
  -9.9707308e-02  -7.3788637e-03  -3.4805916e-01  -7.9851277e-03  -2.7749074e-04   3.9074202e-03
  -1.1210633e-01  -9.1888004e-02  -4.8606001e-01  -2.6429776e-03  -2.1315526e-04   1.5344671e-03
  -9.0290161e-02   5.8695475e-02  -3.9562752e-01  -6.2295445e-03  -3.8867007e-04   2.0939020e-03
  -1.2216614e-01  -7.2218631e-02  -5.5960312e-01  -2.1321165e-03  -8.2376379e-04   8.9488734e-04
  -1.3260509e-01   8.6016566e-02  -4.4818022e-01  -2.6744850e-03  -1.0627525e-03   1.0802361e-03
  -1.3516612e-01   3.3872314e-02  -3.9135481e-01  -4.0407024e-03  -1.2156401e-03   1.2689576e-03
  -1.3232786e-01  -1.0545431e-03  -4.2451058e-01  -4.4027018e-03  -1.3089653e-03   8.4637786e-04
  -1.2488585e-01   3.4927822e-02  -3.5534335e-01  -3.7872077e-03  -1.7919416e-03   9.3351241e-04
  -1.1346350e-01   1.1632904e-02  -3.6442729e-01  -5.4053627e-03  -8.7696478e-04   1.1779056e-03
  -5.6628186e-02   1.4464720e-01  -1.6990473e-01  -2.9610370e-03  -2.3153854e-04  -3.5179407e-04
  -9.3087320e-02  -9.3091667e-02  -4.0806451e-01  -3.0185573e-03  -7.2396895e-04  -2.9592414e-04
  -8.2390346e-02   8.1262707e-02  -3.0085538e-01  -2.8944658e-03  -8.6390695e-04  -9.8077122e-05
  -9.5115687e-02   8.5408812e-03  -3.6587051e-01  -3.2693969e-03  -1.0713881e-03   3.6725610e-04
  -8.6066709e-02   6.5763031e-02  -3.0412923e-01  -3.3387108e-03  -6.2534353e-04   9.6406500e-05
  -9.7387395e-02  -1.0661733e-02  -3.4643793e-01  -4.6599040e-03  -8.2695371e-04   5.7818125e-04
  -8.4063167e-02   7.0213201e-03  -3.1517496e-01  -3.5072716e-03  -5.0407616e-05   2.1536117e-04
  -1.1342424e-01   1.4658270e-02  -3.3894641e-01  -4.6023219e-03  -4.0113741e-04   5.3418666e-04
  -1.4141877e-01   9.7020257e-03  -3.8507478e-01  -2.8642343e-03  -9.7154137e-05   3.2506404e-04
  -1.3114231e-01   8.4076919e-02  -3.0553812e-01  -3.1495729e-03   4.0489176e-04   5.3722142e-04
  -1.6867536e-01   4.9696585e-03  -4.1583455e-01  -4.3441283e-03  -1.6677642e-04   7.2784877e-04
  -1.6705995e-01   2.7362121e-02  -3.8058558e-01  -3.3075632e-03  -2.3842151e-04   5.6084731e-04
  -1.3822134e-01   9.6554614e-02  -2.7788643e-01  -2.9887239e-03   4.7412345e-04   5.0613990e-04
  -1.5817218e-01  -9.3596825e-03  -4.0738485e-01  -4.1684964e-03  -7.5599130e-06   7.4928145e-04
  -1.3624713e-01   6.7989395e-02  -3.1616711e-01  -2.8436375e-03   7.6796910e-04   8.0917303e-04
  -1.3226421e-01   5.0199366e-02  -3.2763750e-01  -3.9150238e-03   3.7638457e-04   1.0553750e-03
  -1.4814287e-01  -2.4429026e-03  -3.7437656e-01  -3.9094713e-03   2.7003109e-04   1.0910412e-03
  -1.2895420e-01   9.8672890e-02  -2.6788051e-01  -2.8818926e-03   9.5643304e-04   1.5334580e-03
  -1.4916938e-01   2.6977864e-02  -3.4702299e-01  -4.4046470e-03   6.8689414e-04   2.0436626e-03
  -1.2780062e-01   6.3753074e-02  -3.4673801e-01  -3.7214666e-03   8.0636451e-04   1.8556638e-03
  -1.2857039e-01   8.8873052e-02  -1.8464823e-01  -3.3730965e-03   7.8905726e-04   2.2336618e-03
  -1.1648879e-01  -1.5501890e-02  -2.7032558e-01  -4.9772023e-03   1.4398665e-03   2.4262326e-03
  -1.3272497e-01   1.0867899e-01  -2.9779009e-01  -2.7226659e-03   1.2042457e-03   2.1326500e-03
  -1.1301262e-01   7.9203926e-02  -3.0427688e-01  -4.1168180e-03   1.4669261e-03   1.8728718e-03
  -9.4492938e-02   8.3227824e-02  -2.7508738e-01  -2.8552297e-03   1.2198586e-03   2.4381856e-03
  -5.6505139e-02   9.7697759e-02  -2.1554383e-01  -4.0729881e-03   1.9387673e-03   3.1625895e-03
  -7.2513370e-02   2.7004650e-02  -2.8726992e-01  -3.6104797e-03   1.3423125e-03   2.5333535e-03
  -6.5158504e-02   5.8665143e-02  -1.9646004e-01  -4.2663490e-03   1.9421935e-03   2.9936021e-03
  -9.2643415e-02   1.7354961e-02  -3.3377063e-01  -3.8777753e-03   1.6259263e-03   2.5499988e-03
  -7.2857223e-02   9.4838455e-02  -2.0056916e-01  -3.6112799e-03   1.9608559e-03   2.8795940e-03
  -9.3714093e-02  -2.5575482e-02  -3.3999446e-01  -5.1316474e-03   1.4917049e-03   2.6142776e-03
  -8.0038945e-02   6.5342377e-02  -2.8117370e-01  -3.3740138e-03   2.0612601e-03   2.3011767e-03
  -8.0002614e-02   4.9730585e-02  -3.0896663e-01  -5.2692252e-03   2.2009730e-03   2.6100756e-03
  -8.6304155e-02   5.3904061e-02  -2.9067098e-01  -3.3153019e-03   2.4372803e-03   2.5425989e-03
  -8.8318393e-02   6.2465249e-02  -2.8773518e-01  -4.9018319e-03   2.4696162e-03   2.9091631e-03
  -1.0279149e-01   6.8032012e-03  -3.6137698e-01  -4.0592738e-03   2.2448626e-03   2.6925385e-03
  -7.5203074e-02   1.1161300e-01  -2.9982431e-01  -3.5472281e-03   2.5131842e-03   2.6879647e-03
  -8.7124261e-02   4.5139019e-02  -3.3351737e-01  -5.0712810e-03   1.8746259e-03   2.8032201e-03
  -7.4026487e-02   6.5875010e-02  -3.0545078e-01  -4.5703941e-03   1.7399300e-03   2.3438271e-03
  -6.1678384e-02   8.6645228e-02  -2.9384260e-01  -3.4509154e-03   1.5673011e-03   2.4325639e-03
  -4.7550613e-02   1.0046844e-01  -2.5411748e-01  -3.7977997e-03   2.0729536e-03   2.9907824e-03
  -7.1032363e-02   4.3524723e-02  -3.6552949e-01  -4.4893278e-03   1.6141407e-03   2.7649953e-03
  -6.4839692e-02   9.7759539e-02  -2.6837102e-01  -3.4436024e-03   1.6950178e-03   2.5325428e-03
  -6.6189186e-02   9.8473114e-02  -2.8373899e-01  -4.3174597e-03   1.8379096e-03   2.6756485e-03
  -8.9951060e-02   3.6604626e-02  -3.3031952e-01  -4.8971805e-03   1.6433697e-03   2.9197306e-03
  -4.8443654e-02   1.0828746e-01  -2.7489795e-01  -4.0680140e-03   2.6093797e-03   2.8859949e-03
  -3.4553395e-02   7.6237280e-02  -2.5233588e-01  -5.1727116e-03   2.6186985e-03   3.0690907e-03
  -5.9975501e-02   6.9148076e-03  -3.1753790e-01  -5.6471377e-03   2.6541189e-03   3.3040587e-03
  -4.8282102e-02   7.6621853e-02  -2.2379909e-01  -4.3812266e-03   2.8270790e-03   3.5076094e-03
  -5.4188046e-02   4.4717087e-02  -2.4400884e-01  -5.9708852e-03   2.9377959e-03   3.8954377e-03
  -6.2111396e-02   4.7303875e-02  -2.7468959e-01  -4.7796585e-03   2.9431504e-03   3.9332801e-03
  -6.1901120e-02   1.1158540e-01  -2.0853056e-01  -4.4486287e-03   3.5123795e-03   4.2549418e-03
  -7.8861763e-02   2.0179464e-02  -3.2023135e-01  -5.9429324e-03   3.1530197e-03   4.3598654e-03
  -8.5766878e-02   2.9339655e-02  -3.4770917e-01  -4.9582304e-03   3.0364653e-03   4.0674443e-03
  -4.9001766e-02   1.0766891e-01  -2.3591610e-01  -4.0319412e-03   3.7191693e-03   3.9158769e-03
  -9.8416478e-02   1.9223997e-01  -2.3129371e-01  -4.6975561e-03   2.8490867e-03   3.8067938e-03
  -1.0403780e-01   2.3235699e-02  -3.4005647e-01  -4.4874087e-03   2.5807550e-03   3.4999668e-03
  -9.7911835e-02   7.1402296e-02  -3.1707185e-01  -3.3906989e-03   2.8709031e-03   3.8653574e-03
  -8.1232142e-02   8.9275671e-02  -2.9159580e-01  -4.5825871e-03   2.9634852e-03   4.0965232e-03
  -9.4689386e-02   4.0560088e-02  -3.3928551e-01  -4.4464272e-03   2.9450004e-03   3.7215225e-03
  -8.0312132e-02   9.1759529e-02  -2.9098284e-01  -3.9071824e-03   2.9843813e-03   3.3677376e-03
  -8.2843070e-02   5.5834025e-02  -2.8840536e-01  -5.1593250e-03   3.1629550e-03   4.0457674e-03
  -1.0291633e-01   5.0058298e-02  -3.2728984e-01  -4.5479639e-03   2.6348431e-03   3.9928923e-03
  -5.9947898e-02   1.1627511e-01  -2.5302309e-01  -4.0393886e-03   3.2238844e-03   4.0021445e-03
  -8.6553100e-02   1.0169762e-01  -2.7587763e-01  -4.9180953e-03   3.3171562e-03   4.1810124e-03
  -7.6272798e-02   7.1558196e-02  -2.9085073e-01  -4.0012862e-03   3.5180000e-03   4.1150756e-03
  -6.8725010e-02   9.1273246e-02  -2.4527282e-01  -4.1092917e-03   3.9985321e-03   4.4927471e-03
  -8.5738181e-02   3.8775136e-02  -3.1842366e-01  -5.4431850e-03   3.5664876e-03   4.1030026e-03
  -8.7593709e-02   9.0088196e-02  -2.8680725e-01  -3.4882527e-03   3.8602023e-03   3.4643790e-03
  -8.4564420e-02   1.0943345e-01  -2.8083246e-01  -4.3571010e-03   3.4762819e-03   3.7757094e-03
  -8.4627164e-02   4.5575945e-02  -3.4140604e-01  -5.4260651e-03   3.1634445e-03   3.6688166e-03
  -8.9963704e-02   5.6878915e-02  -3.7429548e-01  -4.6692430e-03   2.8508011e-03   3.0709537e-03
  -6.5249827e-02   1.1984898e-01  -2.5524336e-01  -3.5690668e-03   3.1754020e-03   3.1247276e-03
  -7.2913895e-02   1.1567536e-01  -2.5340040e-01  -4.6573673e-03   3.0740300e-03   3.3573688e-03
  -8.3212670e-02   5.0065249e-02  -3.2682266e-01  -4.3036756e-03   2.5267004e-03   3.5417352e-03
  -5.1350788e-02   1.2874635e-01  -2.3496270e-01  -3.6849936e-03   2.9916106e-03   3.4173823e-03
  -6.9877762e-02   7.9384383e-02  -2.4870373e-01  -4.9401021e-03   3.2034540e-03   3.5689930e-03
  -6.4515447e-02   6.4361379e-02  -3.0498959e-01  -4.3540773e-03   3.3246193e-03   2.8572439e-03
  -6.4833262e-02   1.0481911e-01  -2.5855514e-01  -4.2007676e-03   3.0933380e-03   3.2931220e-03
  -7.4507390e-02   4.6406871e-02  -3.1289304e-01  -4.9902247e-03   3.1636534e-03   3.4748486e-03
  -7.2996314e-02   3.7939026e-02  -3.4459465e-01  -4.8741985e-03   3.0279867e-03   3.4604525e-03
  -5.0239579e-02   7.9334121e-02  -3.0913854e-01  -3.8006257e-03   3.1820820e-03   3.1209718e-03
  -5.7952917e-02   7.5046984e-02  -3.2997089e-01  -4.2598010e-03   2.8636179e-03   3.3162516e-03
  -6.6214316e-02   4.7944677e-02  -3.3586780e-01  -5.0118112e-03   3.1440529e-03   3.2923144e-03
  -6.3234280e-02   7.2039560e-02  -3.3640721e-01  -3.9416269e-03   3.0547236e-03   3.1911846e-03
  -5.5143130e-02   6.7315064e-02  -3.0142089e-01  -3.7810441e-03   2.8937994e-03   3.1228423e-03
  -6.7643695e-02   6.1800618e-02  -3.0973534e-01  -4.6701910e-03   2.9408765e-03   3.0940834e-03
  -6.4562849e-02   8.3478887e-03  -3.9803790e-01  -4.8816296e-03   2.4814306e-03   2.6932704e-03
  -5.6794441e-02   6.4336296e-02  -3.2496109e-01  -3.5512128e-03   2.7107832e-03   2.5999934e-03
  -4.9422533e-02   8.0872515e-02  -3.2312547e-01  -4.2095238e-03   2.7704342e-03   2.4057950e-03
  -6.5257880e-02   3.5178454e-02  -3.6922818e-01  -4.9362272e-03   2.2960910e-03   2.4788677e-03
  -3.7132062e-02   4.5472319e-02  -3.4553745e-01  -3.2148302e-03   2.5339795e-03   2.0007554e-03
  -2.4009064e-02   4.9496837e-02  -3.7103859e-01  -3.3299350e-03   2.1807946e-03   1.6505766e-03
  -4.8106073e-02   3.8458405e-02  -3.7885391e-01  -4.5739630e-03   1.8250942e-03   1.4698545e-03
  -5.4773701e-02  -9.1992248e-03  -4.0525024e-01  -4.0853533e-03   1.6915436e-03   1.3905129e-03
  -4.2123452e-02   7.4099538e-02  -3.2345354e-01  -3.5279815e-03   1.9871687e-03   1.2492819e-03
  -6.1795420e-02   5.3339306e-03  -3.8329714e-01  -4.5552143e-03   1.2084181e-03   1.4317616e-03
  -8.9854089e-02   8.2027747e-03  -3.7953507e-01  -4.0759744e-03   3.7957652e-04   1.9765719e-03
  -8.9638309e-02   1.7587329e-02  -3.7226823e-01  -3.6250074e-03   7.9696745e-04   1.9968725e-03
  -6.8193209e-02   2.3716136e-02  -3.7770212e-01  -3.5024296e-03   1.2657867e-03   1.3061078e-03
  -5.2690614e-02   2.5467608e-03  -3.8176964e-01  -4.6577478e-03   2.0023526e-03   1.2353161e-03
  -4.9600808e-02  -3.0355114e-02  -4.1854005e-01  -4.2975869e-03   1.8425540e-03   1.3383477e-03
  -2.1031849e-02   4.1548279e-02  -3.8029451e-01  -2.6689519e-03   2.2905529e-03   1.0552686e-03
  -5.3872378e-03   3.1873862e-02  -3.8112171e-01  -3.9571353e-03   2.2096744e-03   1.3791361e-03
  -9.1376146e-03   4.6107328e-04  -3.8437614e-01  -4.6709557e-03   2.3031704e-03   1.4641566e-03
  -5.8261406e-03   3.3933597e-02  -3.6317212e-01  -3.4050334e-03   2.4722706e-03   9.9658374e-04
  -4.5581518e-03   4.5895616e-02  -3.5288023e-01  -3.8295210e-03   2.7557500e-03   1.2011288e-03
  -3.8524209e-02  -1.8107371e-03  -4.1098491e-01  -4.6687993e-03   2.3544562e-03   1.3043880e-03
  -3.2999955e-02   2.7548305e-02  -3.9110980e-01  -3.2519849e-03   2.4637309e-03   1.1188937e-03
  -1.6319952e-02   9.4570460e-02  -2.8508524e-01  -3.2799645e-03   2.6458638e-03   1.6632112e-03
  -3.1868770e-02  -2.9719759e-04  -3.9744553e-01  -4.3647552e-03   2.3454153e-03   1.5644520e-03
  -2.9876259e-02   4.5776235e-02  -3.8703174e-01  -3.1397036e-03   2.5130889e-03   1.2863051e-03
  -2.0077365e-02   7.9462328e-02  -3.1801598e-01  -3.2411455e-03   2.5913376e-03   1.6363164e-03
  -3.8348248e-02   2.3182358e-03  -3.7680283e-01  -4.3248260e-03   2.6936202e-03   1.5201136e-03
  -3.9586256e-02   4.7860779e-02  -3.6723028e-01  -2.8277402e-03   2.4525168e-03   9.8801414e-04
  -2.6110834e-02   5.8950809e-02  -3.4224883e-01  -4.0943354e-03   2.6140548e-03   1.4694598e-03
  -3.3066028e-02  -9.6717439e-03  -4.2845681e-01  -3.9293670e-03   2.5161442e-03   1.0682681e-03
  -5.3154751e-03   3.8605325e-02  -4.0542605e-01  -3.0811872e-03   2.4580569e-03   1.1347661e-03
   1.1431813e-02   3.2719589e-02  -3.6870714e-01  -3.4129497e-03   2.7068683e-03   1.3687185e-03
   9.9134851e-03  -1.3335132e-02  -4.3090341e-01  -4.5762363e-03   2.9541432e-03   1.3224360e-03
  -4.0916929e-04   1.2223608e-02  -4.3791118e-01  -3.3443250e-03   2.5452785e-03   1.1678880e-03
   6.5365984e-03   5.2046292e-02  -3.4918078e-01  -3.4000883e-03   2.8516246e-03   7.7848496e-04
   6.8160154e-04  -6.1420431e-03  -4.1782328e-01  -4.8444123e-03   2.8675469e-03   9.5539503e-04
   1.0767339e-02   5.5751005e-03  -4.1879608e-01  -3.2305026e-03   2.7009460e-03   7.0335421e-04
   2.8685058e-02   3.5831242e-02  -3.9479245e-01  -3.5920818e-03   2.6154707e-03   7.6041921e-04
   1.7523844e-02   1.6583066e-02  -4.5150671e-01  -4.6185646e-03   2.5552409e-03   6.4895695e-04
  -4.3227442e-03  -9.4179549e-03  -4.5639793e-01  -3.0553400e-03   2.1011349e-03   3.5309521e-04
   1.4309456e-02   3.9111506e-02  -3.8401957e-01  -3.0093766e-03   2.5335622e-03   5.0648065e-04
   6.7563929e-03  -1.1874740e-02  -4.5614242e-01  -4.3252095e-03   2.3195623e-03   4.9474878e-04
  -7.6894587e-03   7.6548767e-03  -4.4131440e-01  -2.9121934e-03   2.0200651e-03   2.2730555e-05
   2.3698399e-02   6.6567083e-02  -3.5913971e-01  -2.9915369e-03   2.4777705e-03   2.4067375e-04
   4.5961842e-03  -1.6368765e-02  -4.4236786e-01  -4.3421705e-03   2.3959870e-03   5.8060502e-04
   1.8828724e-02   2.9658359e-02  -4.1557283e-01  -2.3876922e-03   2.3202657e-03   4.6050284e-04
   3.7227009e-02   5.0796211e-02  -4.1609031e-01  -3.1544533e-03   2.7208426e-03   7.3747982e-04
   2.4217166e-02  -9.4727372e-03  -4.5467839e-01  -3.8662944e-03   2.6319265e-03   1.1357702e-03
   3.0198158e-02   5.3911225e-02  -4.4056053e-01  -2.6972828e-03   2.9178101e-03   6.6582470e-04
   3.3214952e-02   5.7181457e-02  -4.0751143e-01  -3.0184001e-03   2.7624385e-03   7.4522839e-04
   1.6517170e-02  -1.6424710e-03  -4.3470214e-01  -3.9263221e-03   2.9929050e-03   1.3392220e-03
   1.5714267e-02   9.7649128e-03  -4.6923457e-01  -2.9673650e-03   2.7886433e-03   1.4641019e-03
   5.2819797e-02   8.7934941e-02  -3.6572397e-01  -2.1437736e-03   3.1473480e-03   1.2959716e-03
   4.5144311e-02   5.1138364e-02  -4.1154104e-01  -3.3988270e-03   3.0103767e-03   1.4036928e-03
   2.7734256e-02   1.2279075e-02  -4.6147576e-01  -2.9262294e-03   2.5939934e-03   1.0453859e-03
   4.6714635e-02   7.1518652e-02  -3.5800836e-01  -2.5443824e-03   3.2748937e-03   8.7365090e-04
   2.6201926e-02   2.3723473e-02  -4.0939132e-01  -3.7160213e-03   2.9927123e-03   8.9096600e-04
   4.0964275e-02   4.1495668e-02  -4.1389429e-01  -2.7120441e-03   2.7106636e-03   4.5118068e-04
   5.3086911e-02   1.0695254e-01  -3.9242985e-01  -2.0246751e-03   2.9301745e-03   9.1145026e-04
   4.0824945e-02   2.9407179e-02  -4.2765523e-01  -3.8987748e-03   3.0714158e-03   1.6113722e-03
   4.9666189e-02   1.9925792e-02  -4.3689443e-01  -2.5907945e-03   2.9240549e-03   5.4660882e-04
   5.6680877e-02   5.1861350e-02  -3.9684997e-01  -2.3844147e-03   2.7963854e-03   5.1610968e-04
   5.4717432e-02  -9.9967641e-03  -4.2011247e-01  -3.3896689e-03   3.1136468e-03   7.8412733e-04
   5.7321212e-02   1.3293252e-02  -4.5038955e-01  -2.7627411e-03   3.0789781e-03   5.2467440e-04
   6.7448923e-02   4.1641589e-02  -4.1266709e-01  -2.6273809e-03   2.9631686e-03   6.0705189e-04
   6.9608785e-02   4.2882002e-03  -4.0439656e-01  -3.4019153e-03   3.1168664e-03   7.3939062e-04
   5.8010517e-02   3.3564789e-02  -4.2156623e-01  -2.9148126e-03   3.0308815e-03   4.2526783e-04
   7.9314771e-02   6.0035315e-02  -3.9981006e-01  -2.2700822e-03   2.9067839e-03   1.7333091e-04
   7.4102363e-02   5.6855932e-02  -4.0135544e-01  -3.2688911e-03   2.9151212e-03   9.1599237e-05
   6.3747195e-02  -1.2801945e-03  -4.6267531e-01  -3.6307737e-03   2.8268557e-03  -8.6563688e-05
   5.7670733e-02   7.6254816e-02  -4.3414619e-01  -2.0744753e-03   2.6137685e-03   1.8418569e-04
   6.1726224e-02   7.1814419e-02  -3.8840530e-01  -3.0936678e-03   2.6177006e-03   8.0455964e-05
