   0.0000000e+00   0.0000000e+00   0.0000000e+00   0.0000000e+00   0.0000000e+00   0.0000000e+00
   2.2092168e-02   1.9663741e-01  -2.9405651e-02   3.4324347e-03   7.6036096e-04  -3.3431481e-04
  -6.9865872e-02  -1.7994975e-01   1.3991366e-01  -5.4776900e-03  -1.5825790e-03   2.4504753e-04
  -9.0972690e-03  -3.7887182e-02   1.4973212e-01  -1.9599113e-03  -3.9426483e-04   2.9360474e-04
   1.6285727e-02  -1.5491289e-02   1.4732274e-01  -2.1896200e-03  -1.8460742e-05   2.7083572e-04
   6.3773502e-02  -4.6754034e-02   1.7600954e-01  -2.7710578e-03   2.3849975e-04   1.0442183e-03
   8.2362153e-02  -3.4972052e-01   2.4004282e-01  -9.7793544e-03  -8.6237440e-05   2.1343861e-03
   4.8815482e-02  -1.7759951e-01   2.1354167e-01  -5.5939836e-03  -2.6048757e-04   7.6815395e-04
   5.8031113e-02  -8.6291978e-02   2.5771146e-01  -3.3945470e-03  -2.1005025e-04   2.0858588e-05
   1.0810465e-01  -2.3401053e-01   3.2698973e-01  -8.0303272e-03  -5.0369702e-05   7.7967403e-04
   1.0494595e-01  -1.4307882e-01   4.0631019e-01  -7.3037234e-03  -2.7373045e-04   5.6658759e-04
   1.1135722e-01  -2.0474313e-01   3.3047296e-01  -6.5443126e-03   3.8840950e-04   7.3225954e-04
   1.0529897e-01  -1.4626548e-01   3.7600135e-01  -6.6792703e-03   5.5301630e-04   8.1665541e-04
   8.4004086e-02  -8.2890511e-02   3.4384120e-01  -3.2069416e-03   3.5661706e-04   1.0203021e-03
   1.2357456e-01  -8.8006123e-02   2.1028812e-01  -3.2681064e-03   1.2487987e-03   7.0842224e-04
   1.4689558e-01  -1.4641911e-01   2.2832083e-01  -5.0856451e-03   1.6446813e-03   1.0643092e-03
   1.3586970e-01  -2.4351288e-01   2.8070842e-01  -7.5240920e-03   1.0751385e-03   1.2231740e-03
   1.5838218e-01  -2.2891319e-01   3.2399402e-01  -7.7936568e-03   1.1114834e-03   1.2465169e-03
   1.5325580e-01  -2.5907585e-01   2.8399559e-01  -8.0260805e-03   1.1439367e-03   1.5089427e-03
   1.5431328e-01  -2.3074098e-01   2.8095312e-01  -7.7054002e-03   1.2618577e-03   1.5605697e-03
   1.3813430e-01  -1.6468437e-01   3.4863201e-01  -7.0654897e-03   4.7076613e-04   1.9555966e-03
   1.5007289e-01  -2.7840647e-01   3.0453381e-01  -8.1703335e-03   8.6501658e-04   1.9784798e-03
   1.5782367e-01  -2.2327180e-01   3.2750482e-01  -7.8004502e-03   9.9250838e-04   1.9614946e-03
   1.1159909e-01  -5.7029019e-01   4.0532706e-01  -1.4607264e-02  -2.4587096e-04   2.9085095e-03
   2.7585154e-02  -5.0959225e-01   4.1699048e-01  -1.2475496e-02  -5.7533306e-04   2.2128004e-03
   3.5326122e-02  -4.4627770e-01   4.1102098e-01  -1.2169583e-02  -6.5480954e-04   2.1666754e-03
   3.7902696e-02  -5.0584733e-01   3.8106233e-01  -1.2377524e-02  -4.0879142e-04   1.8473786e-03
   5.8354382e-02  -4.1400120e-01   3.7201160e-01  -1.1214710e-02  -4.2737396e-05   1.8148037e-03
   3.6718736e-02  -4.4018087e-01   4.1824045e-01  -1.2154980e-02  -3.8956529e-04   1.8266102e-03
   2.4160452e-02  -4.4079697e-01   3.3787064e-01  -1.1649038e-02  -3.7049985e-04   1.8981989e-03
   2.9961051e-02  -3.5959185e-01   3.7359432e-01  -1.1013811e-02  -4.7370523e-04   1.7395191e-03
   3.8024724e-02  -4.3366035e-01   3.8619511e-01  -1.1886183e-02  -5.0068631e-04   1.9327137e-03
   5.8000216e-02  -4.0239653e-01   3.4844455e-01  -1.1204090e-02  -5.9812484e-06   1.5890484e-03
   4.8412607e-02  -3.8881717e-01   4.2460757e-01  -1.1763340e-02  -2.5775020e-04   1.6133293e-03
   5.2567487e-02  -4.0167966e-01   3.3339110e-01  -1.0939844e-02  -1.0736336e-04   1.7824398e-03
   4.9694109e-02  -3.6062165e-01   3.8500751e-01  -1.0610670e-02  -2.8558511e-04   1.9535123e-03
   4.6017170e-02  -3.6186400e-01   3.9233617e-01  -1.0510937e-02  -3.1138605e-04   1.8879670e-03
   3.6840660e-02  -3.9779413e-01   3.2427293e-01  -1.0693932e-02  -1.6432742e-04   1.6959371e-03
   5.9645064e-02  -3.5037020e-01   3.3426268e-01  -1.0488779e-02  -1.6815926e-04   1.7821184e-03
   2.7001422e-02  -3.9994992e-01   2.9385139e-01  -1.0247579e-02  -3.7094554e-04   1.8959584e-03
   3.9680113e-02  -3.2363340e-01   3.6462542e-01  -1.0124148e-02  -3.4853813e-04   1.5874011e-03
   3.3800422e-02  -4.1647425e-01   3.5083737e-01  -1.0758919e-02  -4.0888910e-04   1.8070131e-03
   6.2337398e-02  -3.2663080e-01   3.4944828e-01  -9.5989017e-03   6.6750022e-05   1.6132775e-03
   5.1929335e-02  -3.5027494e-01   3.7823848e-01  -1.0468468e-02  -1.2751992e-04   1.6427372e-03
   4.7042941e-02  -3.9023918e-01   3.1408354e-01  -1.0275408e-02  -4.0743617e-04   1.7908484e-03
   5.0928230e-02  -2.4617634e-01   2.8407365e-01  -7.3716321e-03  -2.4079126e-04   1.3249535e-03
   2.8782703e-02  -2.6295696e-01   2.3736035e-01  -9.0177300e-03  -3.8607802e-04   1.8019899e-03
   4.7437748e-02  -2.5759815e-01   3.1996835e-01  -8.9809367e-03  -9.5484412e-05   1.9118270e-03
   5.9632177e-02  -2.9775292e-01   3.2841605e-01  -9.2579412e-03   1.2389019e-04   1.7523513e-03
   4.4962473e-02  -3.3736454e-01   3.0720613e-01  -9.2000431e-03  -2.7255283e-04   1.5354346e-03
   4.8485521e-02  -3.0522632e-01   2.9389855e-01  -9.1605187e-03  -7.6715874e-05   1.4779821e-03
   5.6207994e-02  -3.1508028e-01   3.2977605e-01  -9.6931597e-03  -9.0317676e-05   1.8193518e-03
   4.1689793e-02  -2.8500508e-01   2.9690246e-01  -8.5603209e-03  -4.4434535e-05   1.8908276e-03
   6.2797332e-02  -1.9898312e-01   3.1097565e-01  -7.9829984e-03   1.4758797e-04   1.5147294e-03
   4.8028193e-02  -3.5630867e-01   2.6260561e-01  -9.6679519e-03   8.7929607e-05   1.8649856e-03
   6.9895177e-02  -2.8140539e-01   2.6965315e-01  -8.8971179e-03   4.3520370e-04   1.6213322e-03
   4.2551213e-02  -2.9467198e-01   3.1334116e-01  -9.2178009e-03  -2.1514805e-04   1.9612232e-03
   4.2374731e-02  -3.5104885e-01   2.4859592e-01  -9.3113364e-03   1.2079847e-04   1.7476427e-03
   4.1424059e-02  -2.4337237e-01   3.1649037e-01  -8.2091362e-03   2.7874903e-05   1.8253678e-03
   2.6893652e-02  -3.0154578e-01   3.0861266e-01  -9.3311360e-03  -8.2543049e-05   1.3269543e-03
   2.4457587e-02  -2.8331639e-01   2.8860507e-01  -8.7833057e-03   6.7992767e-05   1.4866822e-03
   4.6210152e-02  -2.4131870e-01   3.4276160e-01  -8.5227087e-03   6.7189362e-05   1.4832106e-03
   5.0785247e-02  -3.4728124e-01   3.0342600e-01  -9.7494135e-03   1.8419469e-04   1.8261282e-03
   5.1356151e-02  -2.8229791e-01   3.1184029e-01  -9.2775343e-03   1.2145619e-04   1.5945282e-03
   3.2525376e-02  -3.1925783e-01   3.3715142e-01  -9.7800951e-03  -1.3414986e-04   1.6048928e-03
   3.6431387e-02  -3.2320821e-01   3.2377591e-01  -9.8439346e-03   1.9350032e-04   1.4685853e-03
   3.9133579e-02  -2.5315127e-01   3.3434463e-01  -8.6874471e-03  -9.4461730e-06   1.3374092e-03
  -5.5192859e-03  -3.0795768e-01   2.3849193e-01  -8.0236377e-03   1.5490116e-04   1.2126635e-03
   1.0622282e-01  -2.7032054e-01   4.1016731e-01  -1.0079192e-02   1.5128059e-03   2.1217946e-03
   9.0423753e-02  -3.6057185e-01   2.7246774e-01  -1.0922697e-02   1.5252310e-03   1.6452705e-03
   9.6684501e-02  -2.6291823e-01   3.3953321e-01  -9.7246845e-03   1.3414836e-03   1.4180719e-03
   8.0395596e-02  -3.4811124e-01   3.4272407e-01  -1.1041193e-02   1.0356884e-03   1.5473620e-03
   1.0209827e-01  -3.4754504e-01   2.6297858e-01  -1.0415273e-02   1.2823318e-03   1.7637970e-03
   1.0124286e-01  -3.1078862e-01   3.2602707e-01  -1.0334187e-02   1.1141305e-03   1.6692820e-03
   8.7071446e-02  -4.0503135e-01   2.6459963e-01  -1.1104970e-02   1.0194689e-03   1.4937069e-03
   1.0368157e-01  -2.8593659e-01   3.3555801e-01  -1.0073345e-02   9.3186033e-04   1.7567833e-03
   1.1884507e-01  -3.9225403e-01   3.4565567e-01  -1.1459331e-02   1.5517619e-03   2.0877160e-03
   1.1645163e-01  -3.0593816e-01   4.1861506e-01  -1.0126027e-02   1.8337012e-03   1.7528326e-03
   1.0023233e-01  -2.5706470e-01   3.3004665e-01  -8.7199161e-03   1.4739477e-03   1.9781750e-03
   7.2044279e-02  -3.6045856e-01   2.0211690e-01  -1.0086272e-02   1.4145832e-03   1.2488349e-03
   5.2785900e-02  -2.8003451e-01   3.9659307e-01  -9.9531706e-03   8.7913530e-04   1.2191057e-03
   5.8423940e-02  -3.5500213e-01   3.2041459e-01  -1.0068996e-02   1.0660620e-03   1.3298552e-03
   6.7388151e-02  -2.4715798e-01   3.7185316e-01  -9.2938878e-03   9.9346431e-04   1.3832503e-03
   5.1077708e-02  -3.7942819e-01   2.3113441e-01  -1.0778427e-02   9.5670192e-04   1.3410337e-03
   2.5046298e-02  -2.9617690e-01   2.6033985e-01  -9.6157666e-03   5.3579328e-04   1.6045093e-03
   3.9757394e-02  -3.1454585e-01   3.0547823e-01  -1.0206658e-02   6.4474549e-04   1.7907876e-03
   3.4640818e-02  -3.6316786e-01   2.3855511e-01  -1.0065490e-02   5.4883098e-04   1.4989927e-03
   4.3405506e-02  -3.0663536e-01   2.7417671e-01  -1.0074867e-02   7.1710793e-04   1.3383871e-03
   3.9995546e-02  -3.1878662e-01   2.6168174e-01  -1.0160477e-02   5.2930210e-04   8.0049815e-04
   2.1126178e-02  -3.5340263e-01   3.6942953e-01  -1.0333617e-02   4.3394208e-04   9.7890360e-04
   2.1410465e-03  -3.0463697e-01   4.0557808e-01  -9.7149536e-03  -2.1807887e-04   1.2053680e-03
   5.2848924e-02  -2.1466972e-01   6.8919093e-01  -9.0303521e-03   3.0234982e-03   7.2548790e-04
  -1.5192468e-02  -4.9980583e-01   2.7291502e-01  -8.4170627e-03   2.8812439e-03   1.1223943e-03
   5.6693899e-03  -3.9914787e-01   3.9072765e-01  -8.4355875e-03   3.4833998e-03   7.8602995e-04
   3.2125747e-02  -6.3282201e-01   4.0199844e-01  -1.4924781e-02   2.8182393e-03   1.7141372e-03
   8.7029746e-02  -5.5927993e-01   6.0423991e-01  -1.3650339e-02   2.9072901e-03   1.4435125e-03
   2.2610568e-02  -3.2604141e-01   4.1268881e-01  -6.1355287e-03   2.2021616e-03   1.5578474e-03
   7.1198022e-02  -2.6197850e-01   6.0271893e-01  -7.4562178e-03   2.7533257e-03   1.5326649e-03
   5.5560295e-02  -3.7002495e-01   4.8944365e-01  -8.0099502e-03   2.6192081e-03   1.1206866e-03
   7.1204547e-02  -3.1973606e-01   5.5223371e-01  -8.1424640e-03   2.5778092e-03   1.1205489e-03
   5.6842787e-02  -3.9586993e-01   5.0555977e-01  -8.8200339e-03   2.6983213e-03   1.5260298e-03
   7.1659069e-02  -3.8078513e-01   5.0055803e-01  -8.4286375e-03   3.2675286e-03   1.4717546e-03
   8.2274076e-02  -3.3748914e-01   5.1872084e-01  -8.1898426e-03   2.9460981e-03   1.9561123e-03
   5.1105813e-02  -3.8853349e-01   4.1455619e-01  -8.5792053e-03   2.9799965e-03   1.6663554e-03
   9.5438840e-02  -4.4405138e-01   7.4684614e-01  -1.1511829e-02   2.5943900e-03   2.4896729e-03
   4.9335026e-02  -4.6327527e-01   6.9560327e-01  -9.1620519e-03   1.7147336e-03   2.3732671e-03
   9.3557300e-02  -4.0368222e-01   8.0412309e-01  -9.7009132e-03   2.3467761e-03   2.6553791e-03
   4.7573824e-02  -4.4526396e-01   7.8015395e-01  -9.9157295e-03   2.2402981e-03   2.6322093e-03
   7.0711343e-02  -4.3100084e-01   7.1355321e-01  -9.4732400e-03   2.7756541e-03   2.8107652e-03
   5.6890878e-02  -3.7415744e-01   7.7828532e-01  -9.0016810e-03   2.4097923e-03   3.3455046e-03
   5.7158361e-02  -4.2328230e-01   6.2015698e-01  -9.1567673e-03   2.5820112e-03   3.0151656e-03
   5.1150951e-02  -3.1299291e-01   6.1322284e-01  -7.6767179e-03   2.7473478e-03   1.8867705e-03
   5.1033930e-02  -3.5197698e-01   6.3295778e-01  -8.5342736e-03   2.7115381e-03   2.5056319e-03
   4.1599575e-02  -3.8713170e-01   5.6204676e-01  -8.1635961e-03   2.9371728e-03   2.2591555e-03
   4.4101541e-02  -2.9653525e-01   5.9078115e-01  -7.6698874e-03   2.6904841e-03   2.2164178e-03
  -2.4031204e-03  -4.0619474e-01   4.5557599e-01  -8.4202680e-03   2.4804983e-03   1.8489018e-03
   5.5057291e-03  -2.6591505e-01   5.6683282e-01  -7.0609868e-03   2.3351046e-03   1.6409854e-03
  -3.6062513e-03  -5.8511751e-01   5.7038655e-01  -1.2575246e-02   2.4221260e-03   2.6617858e-03
   4.8404493e-03  -3.5763161e-01   6.7780951e-01  -8.9499376e-03   2.1890475e-03   2.0989322e-03
   1.8712681e-02  -4.3533906e-01   4.8555598e-01  -9.4673192e-03   2.5216475e-03   2.3312668e-03
   2.6045824e-02  -3.4794485e-01   5.1933014e-01  -7.8699566e-03   3.0123109e-03   2.5995840e-03
   4.5206490e-02  -3.6197430e-01   5.4580303e-01  -8.5089110e-03   3.2055183e-03   2.6390064e-03
   5.8690459e-02  -3.9137426e-01   5.3374767e-01  -8.7489394e-03   3.5424599e-03   2.6537164e-03
   6.2741629e-02  -3.3314091e-01   5.0672555e-01  -8.0313682e-03   3.9368777e-03   2.2273963e-03
   3.7900761e-02  -3.7632976e-01   5.2879277e-01  -8.8366938e-03   3.0787346e-03   2.6318833e-03
   5.4455303e-02  -3.7591823e-01   4.8329143e-01  -8.4179915e-03   3.5176453e-03   2.3996866e-03
   9.6283089e-02  -4.0826254e-01   5.8515287e-01  -1.0137674e-02   3.6233040e-03   3.5799724e-03
   3.8036990e-02  -3.5366190e-01   5.7825162e-01  -8.7780741e-03   2.8593816e-03   2.8195925e-03
   1.5012091e-02  -3.7211152e-01   5.2867689e-01  -8.8728819e-03   2.8578792e-03   2.2196598e-03
   1.4762496e-02  -3.1785302e-01   5.8984396e-01  -8.6081222e-03   2.1182830e-03   2.2842944e-03
  -2.6306378e-02  -3.9348886e-01   4.7970032e-01  -8.9705443e-03   2.2536160e-03   2.0704170e-03
  -5.0023882e-03  -3.0016148e-01   5.4564289e-01  -7.9807783e-03   2.4717465e-03   2.1725990e-03
  -3.5534727e-03  -3.9298055e-01   5.0176250e-01  -9.4723296e-03   2.3754016e-03   2.3902719e-03
  -9.0156864e-03  -3.2764044e-01   4.8625929e-01  -8.3444657e-03   2.7338249e-03   2.0499953e-03
  -2.4036772e-02  -3.6071418e-01   5.1992844e-01  -9.1337857e-03   2.3871122e-03   2.0381009e-03
  -3.4987393e-02  -4.2579493e-01   5.2693587e-01  -1.0027167e-02   2.4282487e-03   2.3029076e-03
  -3.3063016e-02  -3.3245833e-01   5.0123472e-01  -7.9773567e-03   2.9742345e-03   2.2206065e-03
  -4.1588409e-02  -3.2951279e-01   5.4982846e-01  -7.9340575e-03   3.0104506e-03   2.0303341e-03
  -8.4175403e-02  -3.7178762e-01   4.2462757e-01  -8.2321302e-03   3.0098430e-03   1.9973223e-03
  -4.3598762e-02  -2.9751008e-01   5.8622862e-01  -8.3270020e-03   2.7673220e-03   1.9656264e-03
  -8.1100189e-02  -3.6213031e-01   5.7312445e-01  -8.4598733e-03   2.1979315e-03   2.2146271e-03
  -5.1935176e-02  -3.3411739e-01   4.6476590e-01  -8.1832528e-03   2.6285993e-03   1.9045717e-03
  -5.3206568e-02  -3.5465059e-01   4.8127799e-01  -8.9424149e-03   2.2606145e-03   2.0221414e-03
  -6.9339487e-02  -3.9272579e-01   4.8554119e-01  -9.0409000e-03   2.2468909e-03   1.5211070e-03
  -6.1958605e-02  -3.4354038e-01   5.1958458e-01  -8.9109929e-03   2.1227790e-03   1.6898699e-03
  -4.6792864e-02  -3.6065852e-01   3.8468644e-01  -9.5015477e-03   2.7214128e-03   2.2188697e-03
  -1.9890852e-02  -3.7773189e-01   7.1118886e-01  -9.9202820e-03   3.1611339e-03   1.8398724e-03
  -9.2318018e-02  -2.3361831e-01   5.6681080e-01  -2.8587493e-03   2.4518545e-03   2.1362893e-03
   5.2400304e-02  -1.0388825e-01   4.3342129e-01  -4.7012425e-03   3.7839396e-03   2.1213159e-03
   4.0672164e-02  -2.4140962e-01   3.8277076e-01  -6.0172967e-03   4.1484992e-03   1.9808475e-03
   4.9296303e-02  -1.4499364e-01   5.4301873e-01  -5.8186503e-03   4.1970214e-03   1.7145859e-03
   1.2348001e-02  -2.1651051e-01   5.0528783e-01  -6.3472859e-03   3.5595972e-03   1.7824218e-03
   3.1682094e-02  -3.2779735e-01   5.0779174e-01  -9.2580030e-03   3.2819382e-03   2.4434138e-03
   3.4554744e-02  -2.8551242e-01   5.1521970e-01  -8.4001370e-03   3.3529933e-03   2.1479994e-03
  -1.3043952e-02  -3.3037186e-01   5.2567534e-01  -8.4479956e-03   2.8807457e-03   1.9507899e-03
  -1.0234266e-02  -3.0226372e-01   5.0372766e-01  -7.4595285e-03   3.5204967e-03   1.5015012e-03
   3.6667403e-03  -2.9954394e-01   5.7864709e-01  -8.0776407e-03   3.1824563e-03   1.7534232e-03
  -2.3044329e-02  -5.9456219e-01   4.5819268e-01  -1.3894713e-02   2.8959103e-03   1.6107797e-03
  -7.4785734e-03  -4.1604921e-01   6.2831718e-01  -1.0864097e-02   2.4000449e-03   1.5997252e-03
  -6.6226942e-02  -4.6243038e-01   5.6729474e-01  -1.0260375e-02   2.1629368e-03   1.4957371e-03
  -3.2688309e-02  -3.8798984e-01   5.8299738e-01  -9.7307521e-03   2.7626618e-03   1.0969145e-03
  -2.8530157e-02  -4.0924132e-01   6.0797440e-01  -1.0246748e-02   2.4048862e-03   1.5079803e-03
  -3.7085327e-02  -3.8520599e-01   5.9405727e-01  -9.8433251e-03   2.5760858e-03   9.7814025e-04
  -6.2063210e-02  -3.6752656e-01   6.2671439e-01  -9.8172075e-03   2.1480705e-03   8.8592616e-04
  -6.3328693e-02  -4.2371036e-01   5.9749290e-01  -1.0941130e-02   1.7777659e-03   2.6961079e-04
  -3.2879214e-02  -3.9026399e-01   3.0395163e-01  -7.8308991e-03   2.7468370e-03   7.8943237e-04
  -5.2884589e-02  -2.8422172e-01   5.6961695e-01  -7.5327522e-03   2.4377475e-03   3.5214128e-05
  -1.3658026e-01  -3.5473651e-01   5.4428919e-01  -8.2227170e-03   1.2308843e-03   5.5268747e-04
  -1.1808626e-01  -2.8307900e-01   5.7415651e-01  -7.2141559e-03   1.7494300e-03   3.1081791e-04
  -1.2585641e-01  -3.4527907e-01   4.0734085e-01  -7.4064384e-03   1.5958016e-03   6.4106152e-04
  -1.1485576e-01  -3.6248078e-01   3.7917618e-01  -8.3954911e-03   2.0368418e-03   8.2445982e-04
  -3.9434559e-02  -4.9468383e-01   2.5712583e-01  -1.2725935e-02   2.9092319e-03   4.6553064e-03
   1.3468559e-01  -9.6253405e-01   6.7888243e-01  -2.3698668e-02   4.3967801e-03   1.6154925e-03
   8.9899517e-02  -7.4060862e-01   5.3764713e-01  -1.5223740e-02   4.3822292e-03   8.7493558e-04
   8.3899789e-03  -5.4647939e-01   5.6534032e-01  -1.3091196e-02   3.4726595e-03   2.5955957e-04
   1.3487116e-02  -5.8515726e-01   8.0193895e-01  -1.4764928e-02   3.2805447e-03   5.5668947e-04
   3.0995782e-02  -6.9606644e-01   5.9637734e-01  -1.6365462e-02   3.6747673e-03   6.3695642e-04
   2.9813061e-02  -6.2958622e-01   5.1731248e-01  -1.4551217e-02   3.2975486e-03   6.2772842e-04
   4.9340682e-02  -5.9659730e-01   5.6209834e-01  -1.4508968e-02   3.3590434e-03   8.3946007e-04
   1.2894070e-02  -6.4988827e-01   5.1314349e-01  -1.4669100e-02   3.3897149e-03   3.9402196e-04
   1.6839044e-02  -5.9436169e-01   5.0889718e-01  -1.4265206e-02   3.3806960e-03   3.9233848e-04
   2.2199059e-03  -5.6602278e-01   5.4459498e-01  -1.3851242e-02   2.9417760e-03   7.6080711e-04
  -4.0311443e-02  -6.5472298e-01   4.8275926e-01  -1.5324518e-02   2.3365008e-03   4.9541160e-04
  -2.9172303e-02  -5.6562080e-01   5.2305829e-01  -1.4009735e-02   2.7290439e-03  -1.0255338e-04
  -7.1904903e-02  -5.9874996e-01   5.3841026e-01  -1.3873155e-02   1.8338556e-03   3.6291165e-04
  -5.5395614e-02  -5.7563734e-01   5.5359705e-01  -1.3675559e-02   1.2690736e-03   6.4740266e-04
  -1.6501619e-02  -6.0082658e-01   7.4535251e-01  -1.4763890e-02   1.5585055e-03   3.8075854e-04
  -1.9104335e-02  -6.6684555e-01   5.8309421e-01  -1.4892114e-02   1.5737605e-03   5.4664344e-04
   2.8027758e-03  -6.1035950e-01   5.7414059e-01  -1.4166194e-02   2.1302870e-03   3.4406820e-04
  -9.2935957e-03  -5.6094052e-01   6.4519970e-01  -1.3850060e-02   1.7395474e-03   4.3413416e-04
  -4.6253667e-02  -5.5642130e-01   5.4008089e-01  -1.3083779e-02   1.7742949e-03  -1.4040010e-04
  -3.7331834e-02  -5.4045193e-01   6.3618185e-01  -1.3758966e-02   1.7502927e-03   3.7808229e-04
  -3.6729415e-02  -6.6371744e-01   5.1504892e-01  -1.4479835e-02   2.1296894e-03   2.6854840e-04
  -3.0331838e-02  -5.5908900e-01   6.0087422e-01  -1.4096271e-02   1.8811328e-03   4.4764568e-04
  -6.3073851e-02  -6.6281689e-01   5.2228866e-01  -1.4668990e-02   1.9992058e-03  -1.1493092e-04
  -4.2974359e-02  -5.2064308e-01   6.2499358e-01  -1.3233944e-02   1.9027629e-03   6.2306697e-05
  -4.2914249e-02  -6.6147382e-01   5.5978881e-01  -1.4813694e-02   2.1551556e-03   4.2908096e-04
  -5.0968019e-02  -5.7412652e-01   5.5979941e-01  -1.3714514e-02   2.1726965e-03   1.1523147e-04
  -5.4592423e-02  -6.0175953e-01   6.1811963e-01  -1.4198713e-02   2.0621932e-03  -3.9013647e-05
  -2.6370736e-02  -6.0840712e-01   5.4552590e-01  -1.3596221e-02   2.9287130e-03   1.8224612e-04
  -3.2811233e-02  -4.0438546e-01   4.7031423e-01  -1.1289095e-02   2.5641511e-03  -5.2097039e-04
  -9.2449218e-02  -5.7732177e-01   5.2524363e-01  -1.2367663e-02   2.4757742e-03  -8.6790557e-04
  -3.5593956e-02  -5.5586063e-01   6.1461248e-01  -1.3492559e-02   3.0910645e-03  -4.0128990e-04
  -4.7811070e-02  -5.8356210e-01   4.0770558e-01  -1.2974792e-02   2.7922000e-03  -3.7342882e-04
  -3.8209389e-02  -5.6222928e-01   4.1062846e-01  -1.3395868e-02   2.8786660e-03  -4.5754979e-04
  -4.8548005e-02  -5.4599613e-01   4.6357116e-01  -1.3138255e-02   2.6549308e-03  -4.9323662e-04
  -4.7107694e-02  -4.8634623e-01   4.2531609e-01  -1.1828822e-02   3.0106204e-03  -6.7285388e-04
  -2.5138178e-02  -5.2285625e-01   4.7626107e-01  -1.2998472e-02   3.3273901e-03  -1.0853613e-03
  -4.6201698e-02  -6.3455170e-01   4.3258570e-01  -1.4184411e-02   3.0977929e-03  -6.1993671e-04
  -4.7776756e-02  -5.5418716e-01   4.9865406e-01  -1.2917514e-02   2.9556571e-03  -5.9954517e-04
  -4.0461729e-02  -5.9046924e-01   4.3773719e-01  -1.3793145e-02   2.9201917e-03  -4.1014813e-04
  -5.8961737e-02  -6.1399528e-01   4.1609462e-01  -1.4285624e-02   3.1014962e-03  -4.4820525e-04
  -6.9475886e-02  -5.6577090e-01   4.8809362e-01  -1.4858970e-02   2.1876976e-03  -5.6282302e-04
  -9.5483221e-02  -6.8881353e-01   1.0460820e-01  -1.6276792e-02   3.3428047e-03  -5.8315040e-04
  -9.3681976e-02  -5.3419111e-01   3.7912288e-01  -1.4188099e-02   2.9024155e-03  -2.4389247e-05
  -7.4233067e-02  -6.7705928e-01   1.0054134e-01  -1.5137512e-02   3.4932652e-03  -4.9096628e-04
  -9.7110488e-02  -5.9381279e-01   2.6594925e-01  -1.4884528e-02   3.2427098e-03  -9.5121952e-04
  -9.3876598e-02  -6.0957039e-01   1.7571249e-01  -1.4519283e-02   3.2899537e-03  -9.1754025e-04
  -9.8025846e-02  -4.9540408e-01   1.1326577e-01  -1.2420505e-02   3.4337329e-03  -1.4416204e-03
  -9.1650348e-02  -5.9820524e-01   1.0038029e-01  -1.4887902e-02   3.4716578e-03  -1.0349708e-03
  -1.3219630e-01  -6.2775840e-01   1.5818063e-01  -1.4376762e-02   3.5043064e-03  -1.3616371e-03
  -1.4359570e-01  -6.1399945e-01   2.2647513e-01  -1.4853771e-02   3.1964120e-03  -1.4715208e-03
  -1.2043261e-01  -6.8208356e-01   2.2408925e-01  -1.6412685e-02   3.9072221e-03  -1.4394801e-03
  -4.8636568e-02  -3.9439902e-01   6.1742859e-01  -1.3226568e-02   5.5355389e-03  -1.0616854e-03
  -1.1611961e-01  -5.0420976e-01   8.5475715e-02  -1.1480222e-02   3.6452981e-03  -9.4551839e-04
  -1.6074768e-01  -4.5155491e-01  -1.1547527e-01  -1.0072509e-02   2.6110208e-03  -6.6915705e-04
  -1.2213210e-01  -3.5059834e-01  -5.7245072e-02  -1.0837126e-02   2.2739042e-03  -1.4617240e-03
  -1.2933999e-01  -4.6492829e-01   2.9900316e-02  -1.1527727e-02   2.5507250e-03  -1.4454535e-03
  -1.4577277e-01  -4.8000936e-01   8.5937019e-02  -1.2395904e-02   2.5063320e-03  -1.7669929e-03
  -1.4114891e-01  -5.0500458e-01  -2.4011435e-02  -1.2258975e-02   2.1232106e-03  -1.1907347e-03
  -1.3270281e-01  -4.5130013e-01  -4.6674822e-02  -1.1075043e-02   2.4661108e-03  -1.6989129e-03
  -1.6313970e-01  -4.6211921e-01  -2.0377576e-02  -1.1508383e-02   2.1196800e-03  -1.6244146e-03
  -1.1624913e-01  -4.3591760e-01  -5.3861916e-02  -1.0843463e-02   2.8692056e-03  -1.4444009e-03
  -1.1504838e-01  -4.4140825e-01   2.9765911e-02  -1.1113782e-02   2.8224832e-03  -1.2163720e-03
  -1.8419199e-01  -4.6926945e-01   1.2547572e-02  -1.1247457e-02   2.1356310e-03  -1.8812568e-03
  -1.8443319e-01  -4.5417391e-01  -2.7470067e-02  -1.1030883e-02   2.2730098e-03  -1.6338572e-03
  -1.8667400e-01  -4.3718989e-01   2.0258549e-03  -1.0683549e-02   2.6269548e-03  -2.0059585e-03
  -2.1199201e-01  -4.3256408e-01  -1.2020068e-02  -1.0787663e-02   2.1041010e-03  -1.8926320e-03
  -2.0164222e-01  -4.0182128e-01  -3.6056570e-02  -1.0077868e-02   2.0365922e-03  -2.0784420e-03
  -2.3551821e-01  -4.9151032e-01  -2.9508769e-02  -1.1157404e-02   1.5237350e-03  -1.5824827e-03
  -2.6598332e-01  -4.4777521e-01  -6.3712305e-02  -9.4051259e-03   1.6313454e-03  -2.1487970e-03
  -2.3327650e-01  -4.3490062e-01  -8.2090429e-03  -1.0207360e-02   1.7007710e-03  -1.6665952e-03
  -2.6652186e-01  -4.1890274e-01  -2.4279440e-01  -8.6329431e-03   1.7480496e-03  -3.9971393e-04
  -2.3530207e-01  -2.5428962e-01  -2.7742756e-01  -6.0929611e-03   1.2600132e-03   5.3213247e-04
  -1.8015834e-01  -1.2727891e-01  -1.4067603e-01  -6.3538627e-03   1.6875776e-03   3.5824342e-04
  -1.9669673e-01  -2.1840612e-01  -3.1138607e-01  -6.2381409e-03   1.8760855e-03   6.6600536e-05
  -1.7612651e-01  -1.3805724e-01  -1.0340333e-01  -5.7364087e-03   1.8175130e-03   6.1974556e-04
  -1.3920175e-01  -3.1560870e-01  -2.0085775e-01  -7.2599694e-03   1.6225230e-03   3.0068375e-03
  -1.1385884e-01  -2.0109438e-01  -1.1822336e-01  -6.9182548e-03   1.7906753e-03   2.6144925e-03
  -1.2882606e-01  -3.3236635e-01  -1.9454179e-01  -7.3671289e-03   2.4823527e-03   1.7164441e-03
  -1.1338735e-01  -2.1397437e-01  -1.9175692e-01  -5.3236311e-03   3.5882684e-03   4.5343381e-04
  -1.6269023e-01  -3.3559601e-01  -1.5329706e-01  -8.5036859e-03   2.6637098e-03   4.6865176e-04
  -1.5488277e-01  -2.5232314e-01  -2.1040370e-01  -7.5327800e-03   2.6119428e-03   1.3826292e-03
  -1.4164619e-01  -1.9382791e-01  -1.8735365e-01  -5.6920648e-03   3.4071783e-03   4.8637731e-04
  -1.4722705e-01  -2.8256599e-01  -2.7254826e-01  -6.8956376e-03   3.4142494e-03   9.9714500e-04
  -1.5106710e-01  -1.4658554e-01  -2.1526337e-01  -5.1668882e-03   3.3599816e-03   7.4679216e-04
  -1.7185849e-01  -3.0181187e-01  -2.4275176e-01  -7.5975034e-03   3.8295741e-03  -1.0865031e-03
  -9.9718003e-02   8.9133637e-03  -1.7360200e-01  -2.4735724e-03   4.8779149e-03   6.8247480e-04
  -8.4514845e-02  -2.6554329e-01  -2.2210827e-01  -8.3452699e-03   4.0008128e-03   4.1127188e-04
  -8.7994027e-02  -1.5725690e-01  -1.7244400e-01  -6.9348410e-03   4.0843989e-03   5.7990699e-04
  -1.0475476e-01  -2.7050185e-01  -1.7389273e-01  -7.9478170e-03   3.8914406e-03   9.2591872e-04
  -1.0886921e-01  -2.4892539e-01  -1.1843020e-01  -8.0569636e-03   4.2502206e-03   4.5165722e-04
  -1.1109018e-01  -2.2068564e-01   8.6060302e-03  -8.2550508e-03   3.8397396e-03   5.0975971e-04
  -1.3211513e-01  -2.2823682e-01  -2.2537868e-01  -6.1881953e-03   3.8434329e-03   3.1404268e-04
  -1.4060206e-01  -2.5507582e-01  -1.3528152e-01  -8.8643373e-03   3.3417567e-03  -5.9178799e-06
  -1.3746781e-01  -2.8020649e-01  -2.1546160e-01  -7.8525555e-03   3.3813721e-03  -1.8812948e-04
  -1.5751742e-01  -3.1005048e-01  -5.7895778e-02  -8.9617085e-03   3.0330482e-03   6.8554876e-05
  -1.9017903e-01  -2.6031006e-01  -1.9167011e-02  -7.8389546e-03   3.0267181e-03  -2.7790390e-04
  -1.4867722e-01  -3.2323432e-01   3.9446068e-02  -9.6543527e-03   3.3849740e-03  -4.8147071e-05
  -1.5675635e-01  -2.9763888e-01  -1.0468406e-01  -8.1426436e-03   3.4211764e-03   1.2137056e-04
  -1.6236081e-01  -3.2172144e-01  -1.1345628e-01  -9.2367668e-03   3.3555774e-03   2.2021496e-04
  -1.9399536e-01  -3.4384218e-01  -1.6024944e-01  -8.5927905e-03   3.5624862e-03  -1.0674656e-04
  -1.9522512e-01  -2.5349082e-01  -4.7017496e-02  -8.1020059e-03   3.0624275e-03  -4.8575784e-04
  -2.2609441e-01  -3.0912494e-01  -8.4611718e-03  -8.5186595e-03   3.2695640e-03  -1.6281327e-03
  -1.4487293e-01  -1.6755347e-01   2.7396383e-01  -7.6992685e-03   4.7699615e-03  -1.2086696e-03
  -1.5277132e-01  -1.9473863e-01   4.1158207e-02  -5.6397783e-03   4.6848445e-03  -1.1743542e-03
  -1.9790838e-01  -3.6879294e-01  -1.4646720e-01  -6.8636196e-03   4.1486725e-03  -1.1323346e-03
  -2.1499486e-01  -2.8348842e-01  -4.0695278e-02  -7.1950568e-03   4.2641584e-03  -1.2467210e-03
  -2.4626019e-01  -3.3889436e-01   6.4627948e-02  -8.5678062e-03   2.9004636e-03  -2.8776345e-04
  -2.5486577e-01  -3.0519716e-01   1.6851774e-01  -6.7393538e-03   3.8309574e-03  -3.7319629e-04
  -2.0953010e-01  -2.3374169e-01   1.3605245e-01  -5.8584751e-03   4.4235494e-03  -7.0100066e-04
  -2.2217763e-01  -3.3344258e-01   1.0093512e-01  -7.7023481e-03   4.1044019e-03  -7.1487666e-04
  -2.4813652e-01  -2.9564448e-01   1.0723227e-01  -6.6499601e-03   3.8470145e-03  -6.9410788e-04
  -1.8122718e-01  -3.2872494e-01   1.1194760e-01  -7.5638328e-03   4.2675349e-03  -6.6714847e-04
  -2.2628278e-01  -3.4163816e-01   6.4849682e-02  -7.1494514e-03   4.4132089e-03  -5.8820364e-04
  -2.4352326e-01  -2.8333910e-01   1.4447865e-01  -6.3956369e-03   5.0921149e-03  -1.0850588e-03
  -2.6223555e-01  -3.5281985e-01   1.1079958e-01  -6.9261681e-03   4.9132968e-03  -8.0943908e-04
  -2.4272201e-01  -2.9463122e-01   1.2777938e-01  -6.4596373e-03   4.9249254e-03  -1.0421731e-03
  -2.6031243e-01  -3.4817104e-01   9.9123190e-02  -6.7309619e-03   5.2662254e-03  -1.0845673e-03
  -2.7591705e-01  -2.9932565e-01   8.5619008e-02  -6.2268372e-03   4.9957916e-03  -1.1601604e-03
  -2.0853678e-01  -3.6981794e-01   8.3549670e-02  -7.5978467e-03   4.8682161e-03  -1.0268485e-03
  -1.9939514e-01  -2.7749647e-01   2.3587551e-02  -6.4172234e-03   4.3477594e-03  -1.1457929e-03
  -1.9602185e-01  -2.9289573e-01   1.4182595e-01  -7.4186820e-03   4.6053369e-03  -7.7173927e-04
  -2.3184675e-01  -3.4273433e-01  -6.1246479e-02  -6.9630511e-03   4.5388402e-03  -1.0139761e-03
  -2.2354411e-01  -2.5400350e-01   5.7972476e-02  -6.3850303e-03   4.7582971e-03  -1.3444795e-03
  -2.7156152e-01  -3.1588525e-01   4.8325782e-02  -6.8536692e-03   4.2466040e-03  -1.3588365e-03
  -2.2529083e-01  -3.3712279e-01   1.8301493e-01  -8.7707393e-03   4.4788894e-03  -1.2348389e-03
  -1.1687564e-01  -4.8556165e-01   3.0461702e-01  -1.0676955e-02   4.6863485e-03   1.3755120e-03
  -1.4732101e-01  -7.1327581e-01   3.8147923e-01  -1.5132809e-02   4.0918884e-03   1.0011620e-03
  -1.0706253e-01  -6.6268156e-01   5.5139784e-01  -1.5149195e-02   4.2509749e-03   5.0259261e-04
  -1.3912657e-01  -6.4202657e-01   3.4038439e-01  -1.3756048e-02   3.9213324e-03   4.5015018e-04
  -1.0207626e-01  -7.5489887e-01   5.0937123e-01  -1.8380234e-02   3.9035566e-03   1.4206093e-03
  -2.2720636e-01  -2.0735826e-01   2.7220715e-01  -4.2699254e-04   1.9963838e-03   1.7559610e-03
  -2.1572625e-01   1.1373308e-02   2.7030985e-01  -1.1360618e-03   2.3905261e-03   9.4934835e-04
  -2.4584429e-01  -1.1425346e-01   2.8214828e-01  -2.6694321e-03   2.1366917e-03   1.1331820e-03
  -2.8776502e-01  -5.6372517e-02   2.7887451e-01  -1.4273509e-03   2.2183292e-03   4.2165926e-04
  -2.9748368e-01  -1.4759221e-01   2.5255876e-01  -3.2034908e-03   2.2037505e-03   3.0846462e-04
  -3.0174668e-01  -1.4317537e-01   1.4293470e-01  -3.0219906e-03   2.7113940e-03  -2.3713230e-04
  -3.2821582e-01  -1.2104025e-01   2.2578855e-01  -2.9154442e-03   2.9055739e-03  -4.4915388e-04
  -3.2552822e-01  -2.7787681e-01   1.5918781e-01  -5.3088998e-03   2.2249557e-03   1.2163559e-03
  -4.4591773e-02  -4.2062450e-01   6.7982950e-01  -1.3663089e-02   5.1288472e-03  -3.4546982e-04
  -1.7671054e-01  -2.6689400e-01   7.1699386e-01  -7.9975811e-03   4.5065676e-03   6.4341524e-04
  -3.2913880e-02  -5.6848245e-01   7.0185385e-01  -1.5027959e-02   6.5531439e-03   1.5224884e-03
  -9.5148420e-02  -5.1716329e-01   6.3595821e-01  -1.3584860e-02   5.8338090e-03   8.9311327e-04
  -9.8493210e-02  -4.6966009e-01   6.9333228e-01  -1.3021391e-02   6.0376082e-03   9.8049038e-04
  -1.2134697e-01  -4.7409528e-01   6.9026116e-01  -1.2866023e-02   5.4706335e-03   7.6279228e-04
  -1.3597205e-01  -4.2177807e-01   5.6642693e-01  -1.1203421e-02   5.5623374e-03   5.4219386e-04
  -1.3916424e-01  -4.2028841e-01   5.5767683e-01  -1.1466091e-02   5.8474231e-03   4.0781967e-04
  -2.0488878e-01  -4.3829723e-01   4.7681008e-01  -1.0773282e-02   5.3090667e-03   7.1594449e-05
  -2.4490933e-01  -4.3452502e-01   4.7373663e-01  -1.1011245e-02   4.8228397e-03  -2.5248152e-04
  -2.6086041e-01  -4.9743312e-01   5.4596516e-01  -1.2378076e-02   4.3691668e-03  -1.3758107e-04
  -2.6008630e-01  -6.7711779e-01   6.9874213e-01  -1.6327745e-02   4.2680562e-03   5.5149176e-05
  -3.4667654e-01  -5.2341201e-01   7.0622425e-01  -1.1688567e-02   2.7444625e-03  -3.1580141e-04
  -3.3179597e-01  -5.8679803e-01   6.0145415e-01  -1.3419955e-02   2.9488479e-03  -3.3485968e-04
  -3.4864020e-01  -4.8790302e-01   5.8719322e-01  -1.1301496e-02   3.0025433e-03  -9.0951277e-04
  -3.8133087e-01  -5.3958867e-01   6.4653426e-01  -1.2534553e-02   2.5525221e-03  -6.1817365e-04
  -4.4048161e-01  -5.7154016e-01   5.7638475e-01  -1.2136444e-02   2.3021712e-03  -1.3641482e-03
  -4.7706239e-01  -4.9770741e-01   6.3254637e-01  -1.0797069e-02   1.5405490e-03  -2.1634680e-03
  -4.8339072e-01  -5.5194052e-01   5.6643795e-01  -1.1213242e-02   1.5824120e-03  -1.9361811e-03
  -4.8583010e-01  -4.6640587e-01   6.4235801e-01  -1.0843576e-02   1.5624531e-03  -1.8118911e-03
  -5.2260320e-01  -5.2207806e-01   5.2659119e-01  -1.0773632e-02   1.4475732e-03  -1.5513174e-03
  -5.3173422e-01  -4.6483384e-01   5.4866614e-01  -1.0324694e-02   1.6487083e-03  -2.0652804e-03
  -5.4525360e-01  -4.6433831e-01   5.3515659e-01  -1.0190272e-02   1.6441571e-03  -1.9888280e-03
  -5.8963766e-01  -5.0361765e-01   4.8339970e-01  -1.0348499e-02   1.8714033e-03  -1.4788998e-03
  -5.2633602e-01  -5.0139029e-01   5.5048465e-01  -1.1191595e-02   2.0192381e-03  -1.3491076e-03
  -5.3222368e-01  -5.2701469e-01   4.5263981e-01  -1.1001378e-02   2.1939221e-03  -1.2422730e-03
  -4.5104517e-01  -4.0386232e-01   5.2299854e-01  -1.0183303e-02   2.5588267e-03  -1.5147536e-03
  -3.4505595e-01  -9.5604028e-01   2.5911750e-01  -2.2614258e-02   2.1534833e-03   1.8067222e-03
  -3.0522374e-01  -6.8372105e-01   5.4039238e-01  -1.5232145e-02   2.9115882e-03   2.4552827e-05
  -3.7064344e-01  -7.2431349e-01   4.9944197e-01  -1.5931537e-02   2.1842835e-03   2.8324043e-04
  -3.8872727e-01  -7.1818057e-01   4.7445909e-01  -1.5969429e-02   2.3107257e-03  -2.5833710e-05
  -3.9882308e-01  -6.2651654e-01   4.8835202e-01  -1.4391642e-02   2.3538155e-03  -3.9341875e-04
  -4.3126170e-01  -5.9876399e-01   4.6091581e-01  -1.3715105e-02   2.4755747e-03  -1.4640829e-03
  -4.3852635e-01  -5.8921200e-01   4.6640986e-01  -1.3294531e-02   2.5760667e-03  -1.6957687e-03
  -4.7009953e-01  -5.3793323e-01   4.7310080e-01  -1.2463023e-02   1.9325236e-03  -1.9208255e-03
  -5.0696549e-01  -5.1206457e-01   3.7642998e-01  -1.1331755e-02   1.6449893e-03  -2.3235862e-03
  -5.2361608e-01  -5.7278812e-01   3.7975705e-01  -1.2437464e-02   7.9988501e-04  -1.6105440e-03
  -4.7641659e-01  -5.7183474e-01   2.9485161e-01  -1.3217489e-02   1.3368932e-03  -1.6689943e-03
  -4.6838205e-01  -5.6404760e-01   2.9685684e-01  -1.3069012e-02   1.3340629e-03  -1.7517022e-03
  -4.9794808e-01  -6.2198485e-01   2.1287872e-01  -1.3665921e-02   1.0372441e-03  -1.9645183e-03
  -4.7929765e-01  -3.3696578e-01   4.7149118e-01  -9.8909910e-03   1.4292196e-04  -4.0234865e-04
  -5.1059898e-01  -6.3207009e-01   3.1146985e-01  -1.2256038e-02  -1.3311322e-03   4.3369285e-04
  -3.1553968e-01  -9.4252817e-01   4.8457485e-01  -1.9004981e-02   1.1607198e-04  -6.5565343e-04
  -3.7005401e-01  -9.1475286e-01   4.8018233e-01  -2.0912621e-02   1.1208755e-03  -4.5294301e-04
  -3.8606730e-01  -7.8511194e-01   4.4921101e-01  -1.9104123e-02   1.2518252e-03  -6.8971456e-04
  -4.5266821e-01  -8.6010331e-01   3.9519289e-01  -2.0633500e-02   6.8944977e-04  -9.5681735e-04
  -4.7401465e-01  -9.2786153e-01   3.9118504e-01  -2.1266315e-02   9.6437473e-04  -1.1778498e-03
  -4.6884938e-01  -7.0770376e-01   1.2699659e-01  -1.4501921e-02   5.9484799e-04  -2.8776628e-03
  -3.8284756e-01  -8.1074832e-01   2.7960515e-01  -1.7104879e-02   4.3228247e-04  -2.7844803e-03
  -3.3458347e-01  -7.4072789e-01   3.4958601e-01  -1.6419720e-02   1.3126304e-03  -2.8182977e-03
  -3.7304893e-01  -8.2188496e-01   2.2554122e-01  -1.6037650e-02   8.9911836e-04  -3.1671757e-03
  -4.1468347e-01  -7.9322550e-01   2.0511322e-01  -1.6294595e-02   3.1421339e-04  -3.6444864e-03
  -4.6493436e-01  -8.0785392e-01   1.6924281e-01  -1.5588283e-02  -9.6353441e-05  -3.9341935e-03
  -4.6699503e-01  -7.2592638e-01   9.9309445e-02  -1.4026787e-02   2.5920777e-04  -3.7353007e-03
  -5.1086219e-01  -2.3807389e-01   3.8800172e-01  -6.3284792e-03   4.4943648e-04  -3.9141847e-03
  -2.9254451e-01  -9.1589611e-01   3.6550500e-01  -1.8118211e-02   2.3182954e-03   3.0690929e-03
  -2.1994363e-01  -6.6170001e-01   5.3479635e-01  -1.5053089e-02   2.5103548e-03  -1.6855313e-03
  -3.7692217e-01  -7.9846418e-01   3.9850850e-01  -1.5172272e-02   7.7733783e-04  -1.9909543e-03
  -4.3418946e-01  -8.3723027e-01   4.2510918e-01  -1.6843732e-02   3.6338644e-05  -2.7127526e-03
  -5.1669577e-01  -7.4369876e-01   5.3592276e-01  -1.5036406e-02  -1.0608156e-03  -3.8965448e-03
  -5.4296526e-01  -7.6477021e-01   5.1711388e-01  -1.5426882e-02  -1.1314549e-03  -3.5108997e-03
  -5.6329844e-01  -8.1029288e-01   3.8236119e-01  -1.4872604e-02  -1.4897222e-03  -4.0614569e-03
  -4.9078104e-01  -7.8705122e-01   2.1793670e-01  -2.1052248e-02  -1.3109891e-03  -3.6862316e-03
  -6.6634602e-01  -1.4251072e+00   3.5620937e-01  -3.0153981e-02  -6.3353221e-03  -3.5943936e-03
  -5.2839524e-01  -1.6442847e+00   7.6859594e-01  -3.8999065e-02  -1.0172941e-02  -1.9352728e-03
  -1.0651840e-01  -1.1914987e+00   4.2420286e-01  -2.0058437e-02  -6.6109145e-04  -4.8181129e-03
  -1.3289715e-01  -8.5335365e-01   2.8298350e-01  -1.7635173e-02   2.2115387e-04  -8.9074709e-04
  -3.4255325e-01  -8.6320312e-01   6.4671040e-01  -1.9142105e-02  -2.0292016e-04   1.3578089e-04
  -2.7463156e-01  -9.4962792e-01   4.1728528e-01  -1.9474303e-02   1.0334433e-03  -3.1108463e-04
  -2.6691214e-01  -9.5081229e-01   5.0292261e-01  -1.9315974e-02   5.2897311e-04  -1.2178666e-03
  -2.9009015e-01  -9.7986116e-01   4.0577835e-01  -1.9307958e-02   5.8822555e-04  -2.2048727e-03
