   0.0000000e+00   0.0000000e+00   0.0000000e+00   0.0000000e+00   0.0000000e+00   0.0000000e+00
  -2.7448323e-02  -4.9407363e-02   5.2628836e-02  -8.3122309e-04  -1.2759563e-04  -3.7797176e-04
   1.3318601e-02   1.5982460e-01   1.3352092e-01  -3.0935744e-04   4.1502197e-04   4.5956551e-04
   2.3269944e-02   1.7466100e-01   1.7092280e-01  -1.6817127e-04   4.0787446e-04  -1.5240949e-04
  -1.8708077e-02   7.6019087e-02   1.0243687e-01  -1.0685166e-04   2.7652802e-05  -1.4015421e-04
   1.0594211e-02   5.2300805e-02   8.5665179e-02  -3.1154922e-04   3.5398220e-04   3.3041628e-04
   1.8484437e-02   7.3129708e-02   8.6905046e-02   2.9260514e-04   6.5484096e-04  -1.3752013e-04
  -5.3215543e-03   6.6046800e-02   1.4871690e-01  -4.1856636e-04   4.5729472e-04  -1.7133223e-04
   1.6703095e-02   6.5618502e-02   9.2874668e-02  -8.4684335e-04   7.0675116e-04  -3.3748309e-04
  -1.8364251e-02   1.2429943e-01   1.2774439e-01  -1.1618883e-03   3.8045429e-04  -7.1411880e-04
  -4.3140669e-02   7.4131015e-02   1.2709640e-01  -1.6995865e-03   1.8273812e-04  -8.6128583e-04
  -6.8839758e-02   7.3626667e-02   1.1567382e-01  -2.3811882e-03  -2.8553539e-04  -1.3889634e-03
  -8.0053056e-02   8.3213078e-02   1.0495427e-01  -2.3965283e-03  -7.4383765e-04  -1.6482576e-03
  -1.0067629e-01   1.0693790e-01   1.4769941e-01  -1.9472136e-03  -7.8284821e-04  -1.6695383e-03
  -9.1361412e-02   4.6728311e-02   1.0551161e-01  -2.5115170e-03  -5.9669784e-04  -1.5126928e-03
  -1.0703778e-01   9.9449758e-02   1.3649692e-01  -2.2668502e-03  -8.2226274e-04  -1.4482203e-03
  -1.1378013e-01   1.2530378e-01   1.4859909e-01  -1.6823019e-03  -7.0198242e-04  -1.6083648e-03
  -1.1820389e-01   4.2955465e-02   9.7402541e-02  -2.4510881e-03  -9.2668217e-04  -1.6310927e-03
  -1.2621711e-01   1.3235779e-01   1.3361486e-01  -1.8079793e-03  -9.6868320e-04  -1.4053368e-03
  -9.3064190e-02   9.9443700e-02   1.5773053e-01  -2.2333975e-03  -5.9003593e-04  -1.5028506e-03
  -6.6585390e-02   6.5505950e-02   8.5239261e-02  -2.1969127e-03  -4.6533159e-04  -1.5436950e-03
  -6.7748142e-02   1.0960181e-01   1.5628162e-01  -2.4235305e-03  -4.4210913e-04  -1.7617129e-03
  -6.1065769e-02   4.8171850e-02   1.0501378e-01  -3.0540249e-03  -5.4086893e-04  -1.7984382e-03
  -5.6182629e-02   1.1540522e-01   1.4224787e-01  -2.4438807e-03  -6.1818046e-04  -1.5915474e-03
  -7.5159555e-02   1.1737693e-01   1.8369961e-01  -2.6053609e-03  -5.1139328e-04  -1.9232407e-03
  -7.1776371e-02   4.6713932e-02   1.1835351e-01  -2.7380312e-03  -4.8476359e-04  -1.7227098e-03
  -7.7028663e-02   1.2239465e-01   1.9288305e-01  -2.7043013e-03  -6.0097504e-04  -1.6746473e-03
  -8.0435091e-02   4.9653295e-02   1.4780243e-01  -3.5058364e-03  -6.3504506e-04  -1.9554223e-03
  -8.5759189e-02   1.0747797e-01   1.8913389e-01  -3.0536539e-03  -7.3370913e-04  -1.7570050e-03
  -8.9725723e-02   8.9450889e-02   2.0895385e-01  -3.6412281e-03  -6.7967249e-04  -2.0348559e-03
  -1.0217173e-01   5.8823489e-02   1.4713054e-01  -3.3797457e-03  -9.9419373e-04  -1.8242075e-03
  -9.6951698e-02   1.2729446e-01   2.2688023e-01  -3.1389486e-03  -6.5362747e-04  -1.9130432e-03
  -9.8897144e-02   5.3495084e-02   1.9173129e-01  -3.6594683e-03  -6.7158051e-04  -1.9296434e-03
  -1.1496589e-01   7.1186767e-02   1.6318950e-01  -3.3075974e-03  -1.0114114e-03  -1.7238381e-03
  -1.1603001e-01   1.0482115e-01   2.2559018e-01  -3.5393956e-03  -7.8466294e-04  -1.9136621e-03
  -1.2533722e-01   3.9444395e-02   1.9020779e-01  -3.9500436e-03  -1.0649227e-03  -2.0004149e-03
  -1.5177025e-01   7.3835291e-02   2.0478694e-01  -3.5789974e-03  -1.5009327e-03  -1.6112177e-03
  -1.4046532e-01   9.2379965e-02   2.6071885e-01  -3.5105503e-03  -1.1441113e-03  -1.7938926e-03
  -1.4998068e-01   2.5083556e-02   2.2030960e-01  -4.3801666e-03  -1.2853862e-03  -1.9262579e-03
  -1.3383214e-01   6.9432924e-02   2.1182386e-01  -4.0525874e-03  -8.8585935e-04  -1.8787179e-03
  -1.2085777e-01   1.1421630e-01   2.4798995e-01  -4.1655144e-03  -6.2544602e-04  -1.8934717e-03
  -1.1854275e-01   1.3825180e-02   1.9359909e-01  -4.7241110e-03  -6.5377025e-04  -1.9048445e-03
  -1.2488418e-01   7.3779183e-02   2.2884133e-01  -4.2657345e-03  -7.7254490e-04  -2.0341650e-03
  -1.5269740e-01   5.1143648e-02   2.3446362e-01  -4.7650911e-03  -8.8240150e-04  -2.1586892e-03
  -1.5176217e-01   7.0464157e-03   1.8092310e-01  -4.5256315e-03  -1.0007663e-03  -1.8709026e-03
  -1.4641510e-01   9.4169826e-02   2.4650498e-01  -4.2946868e-03  -8.7162825e-04  -2.0065141e-03
  -1.4188071e-01   6.2812396e-02   2.2915705e-01  -4.2861833e-03  -7.4645043e-04  -2.0345818e-03
  -1.5477253e-01   6.3051820e-02   1.9696304e-01  -4.0324327e-03  -1.0477747e-03  -2.0223067e-03
  -1.6174282e-01   1.0534503e-01   2.3570877e-01  -3.6549433e-03  -9.7542312e-04  -2.0138004e-03
  -1.5769711e-01   4.2537946e-02   2.1871124e-01  -4.6083573e-03  -8.4007022e-04  -2.1154761e-03
  -1.4998895e-01   1.8873470e-02   1.7087300e-01  -4.7280829e-03  -7.1083670e-04  -2.1180477e-03
  -1.4120754e-01   9.5286964e-02   2.3092115e-01  -4.2045316e-03  -6.3500292e-04  -2.1145226e-03
  -1.4554833e-01   6.5826481e-02   2.3395268e-01  -4.3910838e-03  -5.0061062e-04  -2.2351216e-03
  -1.5462755e-01   3.3508769e-02   1.7942072e-01  -4.2105471e-03  -7.4298544e-04  -1.9692826e-03
  -1.6022953e-01   1.1614234e-01   2.4934305e-01  -3.9081600e-03  -8.6005345e-04  -2.1222623e-03
  -1.6730196e-01   2.6211795e-02   2.1004009e-01  -4.5279332e-03  -9.2332179e-04  -2.0626551e-03
  -1.6351497e-01   7.7904980e-02   2.1026535e-01  -3.9458588e-03  -1.1765285e-03  -1.7329626e-03
  -1.5554992e-01   1.2217675e-01   2.7572410e-01  -3.7936456e-03  -1.0980687e-03  -2.0091061e-03
  -1.5668042e-01   5.9759699e-02   1.9992174e-01  -4.3473815e-03  -1.1167306e-03  -2.0482394e-03
  -1.5024928e-01   1.1951051e-01   2.4514949e-01  -3.8100922e-03  -1.1209416e-03  -1.8775701e-03
  -1.2983081e-01   1.6310501e-01   2.8245643e-01  -4.5439408e-03  -9.8874371e-04  -2.2077219e-03
  -9.6111381e-02   4.0004708e-02   2.3358176e-01  -5.0581837e-03  -4.7884827e-04  -2.1406310e-03
  -1.1403870e-01   1.4236864e-01   2.7481377e-01  -4.6995674e-03  -5.2751676e-04  -2.0795301e-03
  -1.0874087e-01   6.5772317e-02   2.4314483e-01  -5.3808299e-03  -5.3877679e-04  -2.4544669e-03
  -1.2838053e-01   3.4356548e-02   2.1468953e-01  -5.0860595e-03  -7.7434303e-04  -2.1837445e-03
  -1.4917174e-01   1.6932930e-01   3.3676189e-01  -5.2082963e-03  -8.3728608e-04  -2.2512861e-03
  -1.5437492e-01  -1.1676266e-02   2.1916358e-01  -5.8712038e-03  -1.0122062e-03  -2.5341401e-03
  -1.4329759e-01   1.7135195e-02   2.1522628e-01  -4.9724020e-03  -1.0167492e-03  -2.2311319e-03
  -1.4267901e-01   1.7949868e-02   2.4644582e-01  -5.6290662e-03  -9.5219188e-04  -2.4003921e-03
  -1.4069733e-01  -1.9382177e-02   1.8713239e-01  -5.4356174e-03  -1.0798760e-03  -2.3317117e-03
  -1.3737315e-01   7.9483590e-02   2.5152812e-01  -4.4597676e-03  -1.0600363e-03  -2.1813664e-03
  -1.4480466e-01   6.7376597e-02   2.6248781e-01  -4.6397285e-03  -1.1087606e-03  -2.2615547e-03
  -1.5238799e-01  -8.5164833e-03   1.8709591e-01  -5.1062857e-03  -1.0812014e-03  -2.1975880e-03
  -1.4812605e-01   1.0797281e-01   2.6113241e-01  -3.8413682e-03  -1.0404876e-03  -2.1254146e-03
  -1.5974189e-01   7.8649277e-03   2.1580096e-01  -5.3258603e-03  -1.2065934e-03  -2.3347057e-03
  -1.4635145e-01   3.1157774e-02   1.9425572e-01  -5.0000124e-03  -1.2102427e-03  -2.2332606e-03
  -1.5247609e-01   1.1988599e-01   2.6783456e-01  -4.4239855e-03  -1.1425456e-03  -2.3368342e-03
  -1.3666809e-01   5.7306512e-02   2.4045088e-01  -5.1602056e-03  -8.9899774e-04  -2.5299392e-03
  -1.5851018e-01   9.8657809e-02   2.2063736e-01  -4.6604215e-03  -1.3661377e-03  -2.2669020e-03
  -1.5056279e-01   1.3668984e-01   2.7310273e-01  -4.8537484e-03  -1.1236396e-03  -2.5732848e-03
  -1.5151831e-01   1.0883246e-01   2.5989092e-01  -4.2167206e-03  -1.0847142e-03  -2.1440250e-03
  -1.5132552e-01   1.6760068e-01   3.0452306e-01  -4.4021019e-03  -9.4197519e-04  -2.3719984e-03
  -1.5073626e-01   7.7123568e-02   2.5558555e-01  -5.0382876e-03  -9.7537640e-04  -2.4902520e-03
  -1.7207018e-01   1.4286118e-01   3.0268724e-01  -4.3336567e-03  -1.4253120e-03  -2.2100494e-03
  -1.6828691e-01   1.1680599e-01   3.0024364e-01  -4.8191665e-03  -1.2330936e-03  -2.5574983e-03
  -1.7122984e-01   8.9638668e-02   2.6418529e-01  -4.4154548e-03  -1.4788746e-03  -2.0961969e-03
  -1.7107795e-01   1.4302360e-01   3.4087888e-01  -4.3703072e-03  -1.3172348e-03  -2.2788879e-03
  -1.8309042e-01   6.8562474e-02   2.5929612e-01  -4.8005219e-03  -1.5282077e-03  -2.3087989e-03
  -1.8746132e-01   1.7550096e-01   3.2658543e-01  -4.2720256e-03  -1.4449586e-03  -2.2982350e-03
  -1.9922892e-01   6.3511820e-02   2.5718304e-01  -4.6573781e-03  -1.5995874e-03  -2.2929003e-03
  -2.0060059e-01   1.4213053e-01   3.0576343e-01  -3.9996759e-03  -1.6500524e-03  -2.1938919e-03
  -2.0052995e-01   1.1810128e-01   3.3048574e-01  -4.3326564e-03  -1.3791931e-03  -2.4418229e-03
  -2.2083100e-01   1.0994305e-01   2.8972468e-01  -3.4832697e-03  -1.9722220e-03  -2.0374603e-03
  -2.3040418e-01   1.7766878e-01   3.5721367e-01  -3.5935192e-03  -1.8356418e-03  -2.2025187e-03
  -2.1035987e-01   1.3466028e-01   3.3672193e-01  -4.0543565e-03  -1.5580759e-03  -2.2657750e-03
  -2.1189320e-01   1.8452729e-01   3.3302692e-01  -3.4643795e-03  -1.5270456e-03  -2.1221742e-03
  -2.1168436e-01   1.8963093e-01   3.6370929e-01  -4.1848093e-03  -1.3142049e-03  -2.3524983e-03
  -1.9971555e-01   1.1776651e-01   2.7629290e-01  -4.2346256e-03  -1.4442398e-03  -2.1727070e-03
  -2.0993873e-01   1.9355384e-01   3.3739883e-01  -3.9378978e-03  -1.5457293e-03  -2.1121120e-03
  -1.9470657e-01   1.5006698e-01   3.1796067e-01  -4.4041863e-03  -1.2833787e-03  -2.4423424e-03
  -1.9865410e-01   1.3620658e-01   2.7122084e-01  -4.5043243e-03  -1.4629309e-03  -2.1014615e-03
  -2.0123263e-01   1.9592195e-01   3.4306159e-01  -3.7846108e-03  -1.5222707e-03  -2.1657475e-03
  -2.0699745e-01   1.6703523e-01   3.2192543e-01  -4.1012939e-03  -1.4984012e-03  -2.3505825e-03
  -2.0659993e-01   1.9304223e-01   3.0325377e-01  -3.9056821e-03  -1.4263293e-03  -2.0087779e-03
  -2.1041374e-01   2.5444229e-01   3.6076972e-01  -3.8367456e-03  -1.4694692e-03  -2.0665459e-03
  -2.2158692e-01   1.8385245e-01   2.6821792e-01  -4.2279944e-03  -1.6376844e-03  -2.2889141e-03
  -2.4974700e-01   2.5038592e-01   3.0420049e-01  -4.2075614e-03  -1.8927237e-03  -2.0828514e-03
  -2.4364234e-01   2.6180297e-01   3.5074238e-01  -3.8945932e-03  -1.5821605e-03  -2.3430571e-03
  -2.2815431e-01   2.0820786e-01   2.7374744e-01  -4.4439969e-03  -1.4327045e-03  -2.3303762e-03
  -2.4478188e-01   2.5383707e-01   3.3381734e-01  -3.8608813e-03  -1.5823062e-03  -2.1330025e-03
  -2.4937372e-01   2.5218207e-01   3.9236297e-01  -4.1331046e-03  -1.4607783e-03  -2.4135673e-03
  -2.3959565e-01   1.9288664e-01   3.1005025e-01  -3.6378394e-03  -1.6376556e-03  -2.0687015e-03
  -2.1592298e-01   2.6055336e-01   3.7995648e-01  -3.7910233e-03  -1.1571968e-03  -2.1909605e-03
  -2.1414995e-01   1.4839800e-01   3.1075602e-01  -4.7065716e-03  -1.1492254e-03  -2.1312819e-03
  -2.2381190e-01   2.2942964e-01   3.6450469e-01  -3.8855787e-03  -1.2261743e-03  -2.1353885e-03
  -2.3649485e-01   2.1769604e-01   3.7340175e-01  -4.1122623e-03  -1.1408317e-03  -2.3064444e-03
  -2.4389948e-01   1.7686072e-01   3.0475957e-01  -4.0199685e-03  -1.2364977e-03  -1.9463970e-03
  -2.3181054e-01   2.4937242e-01   4.0334607e-01  -3.8804051e-03  -1.2096789e-03  -1.9407725e-03
  -2.3202731e-01   1.8544650e-01   3.5581709e-01  -4.7669464e-03  -1.1302301e-03  -2.2304462e-03
  -2.2987839e-01   1.9786286e-01   3.5330921e-01  -4.2412089e-03  -1.1490958e-03  -1.9447700e-03
  -2.3630508e-01   2.4021512e-01   4.1029053e-01  -4.3138198e-03  -9.9970098e-04  -2.0677631e-03
  -2.4148187e-01   1.7255596e-01   3.5897458e-01  -4.4968202e-03  -1.1709612e-03  -1.9661840e-03
  -2.4029137e-01   2.3753819e-01   3.7886217e-01  -4.0165166e-03  -1.1731657e-03  -2.0491981e-03
  -2.3873558e-01   2.7951677e-01   4.2785647e-01  -3.9440788e-03  -1.2285415e-03  -2.0516678e-03
  -2.1564109e-01   2.5386926e-01   3.6654588e-01  -3.6817987e-03  -1.0696313e-03  -2.0198753e-03
  -2.2774903e-01   2.9520006e-01   4.1013785e-01  -3.8619800e-03  -1.1245401e-03  -2.1449505e-03
  -2.1844213e-01   2.2091368e-01   3.6546008e-01  -4.3736129e-03  -1.0412428e-03  -2.2492882e-03
  -2.1465270e-01   2.9154178e-01   3.8762390e-01  -3.7133324e-03  -9.9638492e-04  -2.1137906e-03
  -2.0684101e-01   2.8134512e-01   4.2846039e-01  -3.9591148e-03  -6.8293121e-04  -2.2794277e-03
  -2.1089196e-01   1.7860477e-01   3.4525797e-01  -4.4149938e-03  -8.3242850e-04  -2.1369012e-03
  -2.0976292e-01   2.5677597e-01   3.6574520e-01  -3.4442674e-03  -7.9164198e-04  -1.9364314e-03
  -1.9436259e-01   2.0928505e-01   3.6468667e-01  -4.2525704e-03  -4.5925168e-04  -2.2958188e-03
  -2.0548871e-01   1.4429925e-01   3.1959572e-01  -4.1658156e-03  -8.0971386e-04  -2.1094539e-03
  -2.2724977e-01   2.3887588e-01   3.9699436e-01  -3.4653596e-03  -9.9150226e-04  -2.1557898e-03
  -2.0566036e-01   1.9298906e-01   3.6110541e-01  -4.0605286e-03  -9.0335377e-04  -2.3314813e-03
  -1.9818461e-01   2.0723884e-01   3.2838666e-01  -3.6344500e-03  -9.0070410e-04  -2.1196010e-03
  -2.0302161e-01   2.5414611e-01   4.1319463e-01  -3.8534501e-03  -9.0902704e-04  -2.2032497e-03
  -1.9949521e-01   2.0838413e-01   3.7291103e-01  -4.0712660e-03  -1.0007139e-03  -2.3113583e-03
  -2.1167684e-01   2.8412392e-01   4.0031005e-01  -3.4159346e-03  -1.0147011e-03  -2.2584464e-03
  -2.0544698e-01   2.3395621e-01   4.0843313e-01  -4.3504542e-03  -8.3752370e-04  -2.3720467e-03
  -1.9804540e-01   2.0700128e-01   3.5771231e-01  -3.8855759e-03  -1.0960053e-03  -2.1334163e-03
  -1.9367711e-01   2.7348277e-01   4.3548153e-01  -3.8818322e-03  -8.5339831e-04  -2.2710282e-03
  -1.9905400e-01   2.1712358e-01   4.0768281e-01  -4.6334183e-03  -9.2161611e-04  -2.4389834e-03
  -1.9743585e-01   2.5933804e-01   3.9186137e-01  -3.6323514e-03  -1.1505617e-03  -2.0463168e-03
  -2.0657588e-01   3.0623686e-01   4.2671062e-01  -3.6516620e-03  -1.1874942e-03  -2.3240432e-03
  -1.9454549e-01   1.9641007e-01   3.6542088e-01  -4.3797183e-03  -9.0134086e-04  -2.2554078e-03
  -2.0388191e-01   2.9315400e-01   4.4582629e-01  -3.8980429e-03  -9.3405929e-04  -2.3120634e-03
  -2.0131381e-01   2.5236136e-01   4.2286342e-01  -4.3771208e-03  -8.5450641e-04  -2.3402213e-03
  -2.0488414e-01   3.0135574e-01   4.4360947e-01  -4.0208729e-03  -9.9166165e-04  -2.1360870e-03
  -1.9573359e-01   3.1721662e-01   4.7471022e-01  -4.6153308e-03  -8.5253754e-04  -2.5361137e-03
  -1.9961422e-01   2.0036731e-01   3.5925101e-01  -4.9259156e-03  -9.1767039e-04  -2.3434733e-03
  -2.0574927e-01   3.2668523e-01   4.3226845e-01  -4.0536592e-03  -9.1444737e-04  -2.1961841e-03
  -1.9644951e-01   2.6197827e-01   4.2337308e-01  -4.9805555e-03  -7.6188391e-04  -2.5487023e-03
  -1.8902846e-01   2.3680806e-01   3.7009742e-01  -4.5272688e-03  -8.0202433e-04  -2.3277399e-03
  -1.8032560e-01   2.9256912e-01   4.3285236e-01  -4.4982051e-03  -6.4207213e-04  -2.4027670e-03
  -1.7235055e-01   2.4847253e-01   4.2592156e-01  -5.1345484e-03  -4.1319660e-04  -2.7084409e-03
  -1.7249398e-01   2.0417719e-01   3.6344141e-01  -5.2677934e-03  -6.7142575e-04  -2.3811036e-03
  -1.5171909e-01   3.2412558e-01   4.2285652e-01  -4.1426750e-03  -4.0458686e-04  -2.3953701e-03
  -1.5505211e-01   2.7983797e-01   4.0067906e-01  -4.7862798e-03  -3.1698989e-04  -2.6721643e-03
  -1.6026504e-01   2.4491927e-01   3.6935148e-01  -4.6299684e-03  -4.3718827e-04  -2.4370764e-03
  -1.7408937e-01   3.2630819e-01   4.3336635e-01  -3.7788629e-03  -5.0964569e-04  -2.4323857e-03
  -1.8294765e-01   2.6354281e-01   4.0071605e-01  -4.6791733e-03  -7.0534026e-04  -2.6197337e-03
  -1.9582329e-01   2.1614980e-01   3.5626174e-01  -4.6688846e-03  -1.0481209e-03  -2.3138778e-03
  -1.9353195e-01   2.9865338e-01   4.1646872e-01  -4.1785772e-03  -9.8528379e-04  -2.3544889e-03
  -2.0022425e-01   2.7556476e-01   4.1053392e-01  -4.8489514e-03  -1.0005563e-03  -2.7472306e-03
  -2.0537016e-01   2.2962685e-01   3.2666405e-01  -5.2367642e-03  -1.0431591e-03  -2.5692408e-03
  -2.0432650e-01   3.0458213e-01   3.6529129e-01  -4.5503695e-03  -8.5186570e-04  -2.3657914e-03
  -1.9881949e-01   3.2068224e-01   4.0460777e-01  -4.6962384e-03  -7.4843474e-04  -2.7876708e-03
  -1.9988260e-01   2.6616402e-01   3.5683551e-01  -5.2567384e-03  -8.9742014e-04  -2.7296406e-03
  -1.5441314e-01   3.5320795e-01   4.1384232e-01  -5.1767925e-03  -5.3449680e-04  -2.4466674e-03
  -1.4095695e-01   3.2324430e-01   4.1880076e-01  -4.9723590e-03  -4.2841832e-04  -3.1312379e-03
  -1.5208067e-01   2.8187829e-01   3.5692743e-01  -5.0625603e-03  -6.2823484e-04  -3.2219752e-03
  -1.6066428e-01   2.6975131e-01   3.6186882e-01  -4.9087056e-03  -7.8990871e-04  -3.1075973e-03
  -1.5361796e-01   2.6945637e-01   3.9754196e-01  -4.8125023e-03  -5.6126680e-04  -3.5380942e-03
  -1.4658391e-01   1.9533480e-01   3.2230881e-01  -5.1593692e-03  -6.4523503e-04  -3.5295772e-03
  -1.4738074e-01   2.6883224e-01   3.5430967e-01  -4.5116808e-03  -5.9434673e-04  -3.2415938e-03
  -1.5137440e-01   2.6523912e-01   3.9183223e-01  -5.0539787e-03  -6.1991061e-04  -3.4664080e-03
  -1.5361362e-01   1.9138858e-01   3.3163460e-01  -5.0724294e-03  -8.2073301e-04  -3.3354113e-03
  -1.6558055e-01   2.7199825e-01   4.0259458e-01  -4.7178650e-03  -8.4671937e-04  -3.4896317e-03
  -1.6479308e-01   2.6599982e-01   3.7965276e-01  -4.3618172e-03  -7.8639262e-04  -3.4628799e-03
  -1.4396679e-01   2.1244088e-01   3.1694329e-01  -4.7614207e-03  -6.7296784e-04  -3.3967016e-03
  -1.5868947e-01   2.8329491e-01   3.8657229e-01  -4.2801872e-03  -7.3163899e-04  -3.4238233e-03
  -1.5930206e-01   2.2374218e-01   3.4445633e-01  -4.8090200e-03  -7.8952363e-04  -3.5174333e-03
  -1.6923092e-01   2.8408759e-01   4.0591925e-01  -3.8946303e-03  -6.9342288e-04  -3.2677408e-03
  -1.7396715e-01   2.5170375e-01   4.0877381e-01  -4.6489799e-03  -5.3445679e-04  -3.5788784e-03
  -1.8222939e-01   2.1383852e-01   3.4206646e-01  -4.5986598e-03  -7.2947495e-04  -3.1771138e-03
  -1.8940032e-01   2.9264919e-01   4.0544093e-01  -4.5234625e-03  -7.4147511e-04  -3.5930046e-03
  -1.8075534e-01   2.0031832e-01   3.2959296e-01  -5.4287095e-03  -4.6005789e-04  -3.7193884e-03
  -1.8994839e-01   2.6435409e-01   3.8156559e-01  -4.5375879e-03  -6.0039244e-04  -3.4834424e-03
  -2.0856553e-01   2.5719687e-01   4.0833021e-01  -4.9728981e-03  -7.3244387e-04  -3.6318676e-03
  -1.9938665e-01   1.6333304e-01   3.2524225e-01  -4.8411250e-03  -6.4467193e-04  -3.5430428e-03
  -2.1919386e-01   2.8002905e-01   4.0906391e-01  -4.7573562e-03  -8.0990358e-04  -3.7892379e-03
  -2.2103825e-01   1.9718935e-01   3.6135593e-01  -5.1968615e-03  -8.3419725e-04  -3.7187071e-03
  -2.2132990e-01   2.4464779e-01   3.8877211e-01  -4.8619077e-03  -8.9905911e-04  -3.5738532e-03
  -2.2106042e-01   2.8193589e-01   4.1088096e-01  -4.9524813e-03  -8.6091561e-04  -3.7301562e-03
  -2.1042693e-01   2.1024981e-01   3.6374794e-01  -5.3764010e-03  -8.1826764e-04  -3.8306225e-03
  -2.1911098e-01   2.4379340e-01   3.6928363e-01  -5.1490440e-03  -9.4406127e-04  -3.7318799e-03
  -2.3304524e-01   2.9993054e-01   4.2972902e-01  -4.8205948e-03  -1.0480697e-03  -3.7993292e-03
  -2.3025619e-01   2.1951384e-01   3.4649471e-01  -5.2366804e-03  -1.0493916e-03  -3.7994620e-03
  -2.3533531e-01   2.8684832e-01   4.0362543e-01  -5.0159538e-03  -1.0947705e-03  -3.7927390e-03
  -2.2425229e-01   3.1080108e-01   4.5657461e-01  -4.8313885e-03  -7.9321053e-04  -3.8545778e-03
  -2.4370589e-01   2.4569539e-01   3.8965879e-01  -4.9405231e-03  -1.0243544e-03  -3.7723013e-03
  -2.4804111e-01   3.4199219e-01   4.5228782e-01  -4.4859685e-03  -9.7815806e-04  -3.6672687e-03
  -2.3277623e-01   2.5202053e-01   4.0377483e-01  -5.1282257e-03  -7.5293270e-04  -3.7630194e-03
  -2.4952794e-01   2.6894323e-01   3.8473312e-01  -4.6879327e-03  -9.3164316e-04  -3.4760564e-03
  -2.5060735e-01   3.5995670e-01   4.7293729e-01  -4.3118199e-03  -9.6754140e-04  -3.6008254e-03
  -2.5132124e-01   3.0269563e-01   4.1987706e-01  -4.7200564e-03  -9.9319322e-04  -3.6783690e-03
  -2.5209090e-01   3.5440585e-01   4.4873630e-01  -4.3041203e-03  -8.5692090e-04  -3.6516257e-03
  -2.5610762e-01   2.8626632e-01   4.1779868e-01  -5.3255279e-03  -7.2733687e-04  -3.8178851e-03
  -2.5094788e-01   2.8223136e-01   3.8914081e-01  -5.1367968e-03  -8.4058138e-04  -3.6560732e-03
  -2.4576207e-01   3.6000900e-01   4.4128713e-01  -4.7842451e-03  -4.8411156e-04  -3.6343777e-03
  -2.4789641e-01   2.8323063e-01   4.0104423e-01  -5.2862523e-03  -4.9203280e-04  -3.7716779e-03
  -2.5217596e-01   2.6308026e-01   3.5264153e-01  -4.9513091e-03  -7.2705422e-04  -3.6295366e-03
  -2.5835339e-01   3.3817708e-01   4.2490037e-01  -4.8477204e-03  -5.5839071e-04  -3.7342949e-03
  -2.5980265e-01   2.6427068e-01   3.6019614e-01  -4.9545733e-03  -8.0420466e-04  -3.6250448e-03
  -2.7436174e-01   3.3433109e-01   3.9343504e-01  -4.6382916e-03  -1.2112881e-03  -3.5770606e-03
  -2.9159880e-01   3.5473648e-01   4.9251305e-01  -4.8037423e-03  -1.3098260e-03  -3.7348651e-03
  -2.9657867e-01   2.4882166e-01   3.8758334e-01  -5.0479174e-03  -1.3057531e-03  -3.5890515e-03
  -3.1970745e-01   3.5758134e-01   4.3565768e-01  -4.4301267e-03  -1.4930007e-03  -3.5620950e-03
  -3.0587870e-01   2.9057172e-01   4.0532483e-01  -5.2676423e-03  -1.1631262e-03  -3.7657646e-03
  -3.2876487e-01   3.2478211e-01   4.1656420e-01  -4.8334824e-03  -1.3682810e-03  -3.5128406e-03
  -3.2305685e-01   3.9075894e-01   4.5013214e-01  -4.8473133e-03  -1.3396123e-03  -3.7464283e-03
  -3.5433393e-01   2.5254416e-01   3.9576022e-01  -5.6491482e-03  -1.7050366e-03  -3.6361968e-03
  -3.4381762e-01   3.3417994e-01   4.2763287e-01  -5.3545924e-03  -1.5352414e-03  -3.5659472e-03
  -3.2762061e-01   2.9434202e-01   4.4628973e-01  -5.6233346e-03  -1.2548250e-03  -3.7459776e-03
  -3.1923890e-01   3.1246489e-01   4.2825655e-01  -4.9924062e-03  -1.4447338e-03  -3.6296076e-03
  -3.1088277e-01   3.4428241e-01   4.4828381e-01  -5.2696230e-03  -1.2507049e-03  -3.7175832e-03
  -3.1153289e-01   2.7778229e-01   3.9576396e-01  -5.3986715e-03  -1.3505072e-03  -3.6902709e-03
  -3.1579979e-01   3.5373330e-01   4.4141998e-01  -5.0081648e-03  -1.4148847e-03  -3.6635837e-03
  -3.1598475e-01   2.8283948e-01   4.1848771e-01  -5.5304584e-03  -1.4738287e-03  -3.7553484e-03
  -3.0435910e-01   2.6166381e-01   3.6303130e-01  -4.8933388e-03  -1.3981514e-03  -3.5541525e-03
  -3.0931457e-01   3.4647931e-01   4.1497610e-01  -4.6894106e-03  -1.3657153e-03  -3.5866872e-03
  -3.1576159e-01   2.3519482e-01   3.4056777e-01  -5.3223417e-03  -1.6019934e-03  -3.6162105e-03
  -3.2119695e-01   3.3865493e-01   3.9164593e-01  -4.9364845e-03  -1.5866988e-03  -3.5555480e-03
  -3.2174757e-01   3.2665665e-01   4.0814595e-01  -5.2392013e-03  -1.6554340e-03  -3.7487438e-03
  -3.2021363e-01   2.9590153e-01   3.4923567e-01  -4.9655134e-03  -1.7485493e-03  -3.6439944e-03
  -3.2122008e-01   3.8967378e-01   4.0477454e-01  -4.5967457e-03  -1.6982915e-03  -3.6853383e-03
  -3.1650443e-01   3.3042458e-01   3.6983117e-01  -5.0428694e-03  -1.5751260e-03  -3.8894085e-03
  -3.3082758e-01   2.9963163e-01   3.4158905e-01  -5.1367447e-03  -1.8916690e-03  -3.6942016e-03
  -3.3399627e-01   3.9466253e-01   4.2203366e-01  -4.7274090e-03  -1.9340839e-03  -3.7089494e-03
  -3.1941058e-01   2.7615149e-01   3.6335306e-01  -5.3726440e-03  -1.7988884e-03  -3.8608317e-03
  -3.3892682e-01   3.6652809e-01   4.1804602e-01  -4.9478350e-03  -2.1851100e-03  -3.8376690e-03
  -3.4984164e-01   3.0823880e-01   4.1561187e-01  -5.7211480e-03  -2.3364877e-03  -3.9700968e-03
  -3.6326629e-01   2.8139557e-01   3.7268356e-01  -5.0809099e-03  -2.4622028e-03  -3.6852093e-03
  -3.7598790e-01   3.3009873e-01   4.0514396e-01  -4.7166812e-03  -2.6154031e-03  -3.6522109e-03
  -3.8635610e-01   2.9500031e-01   4.0107501e-01  -4.9661969e-03  -2.7517836e-03  -3.7007052e-03
  -3.9545063e-01   2.7938846e-01   3.5994652e-01  -4.7703134e-03  -2.8611687e-03  -3.4593824e-03
  -3.9333664e-01   3.5487488e-01   4.1631372e-01  -4.3040418e-03  -2.8852141e-03  -3.4574058e-03
  -3.9997465e-01   2.5778631e-01   3.6959218e-01  -5.3104480e-03  -2.9622453e-03  -3.6062432e-03
  -4.1732450e-01   2.9212893e-01   3.8041288e-01  -4.6817202e-03  -3.1929032e-03  -3.2954590e-03
  -4.0676090e-01   3.1438246e-01   4.1423745e-01  -5.3098655e-03  -3.0737241e-03  -3.6181925e-03
  -4.1573083e-01   2.7428281e-01   3.6281656e-01  -4.9648068e-03  -3.3406181e-03  -3.4311669e-03
  -4.0922007e-01   3.5877556e-01   4.1972106e-01  -4.7052524e-03  -3.0846711e-03  -3.6276577e-03
  -4.0945477e-01   2.6717437e-01   3.7917115e-01  -5.1089109e-03  -3.1125237e-03  -3.7049623e-03
  -4.0076861e-01   2.7194359e-01   3.5928189e-01  -4.4084632e-03  -3.0635678e-03  -3.4276951e-03
  -3.8995612e-01   3.3141104e-01   4.3736571e-01  -4.6295377e-03  -2.8850883e-03  -3.5475823e-03
  -3.8883978e-01   2.3204052e-01   3.3957167e-01  -5.0360115e-03  -2.9750568e-03  -3.5980030e-03
  -3.7023327e-01   3.1231141e-01   3.9663398e-01  -4.5939341e-03  -2.7020505e-03  -3.4576789e-03
  -3.6903669e-01   2.6550615e-01   3.7065788e-01  -4.9118462e-03  -2.5988095e-03  -3.5896637e-03
  -3.6865953e-01   2.5795637e-01   3.6343660e-01  -4.8886428e-03  -2.8787185e-03  -3.3546346e-03
  -3.7332352e-01   3.0518588e-01   4.1208391e-01  -5.1704571e-03  -2.7115762e-03  -3.6158561e-03
  -3.7903641e-01   2.3723038e-01   3.3535164e-01  -5.0242459e-03  -2.8032796e-03  -3.4845870e-03
  -3.8811502e-01   3.4211833e-01   4.1879300e-01  -4.9960849e-03  -2.7620811e-03  -3.4935180e-03
  -3.8517189e-01   2.3792617e-01   3.6722897e-01  -5.3319042e-03  -2.6959297e-03  -3.5644787e-03
  -3.9117137e-01   3.4614187e-01   4.1787821e-01  -4.6654525e-03  -2.6538057e-03  -3.4290493e-03
  -3.8594152e-01   2.4381449e-01   3.7848027e-01  -5.5110649e-03  -2.4533638e-03  -3.5624870e-03
  -3.9616807e-01   2.6271969e-01   3.6120380e-01  -4.8432877e-03  -2.6378559e-03  -3.3051356e-03
  -4.0010495e-01   3.5037584e-01   4.0361699e-01  -3.9845005e-03  -2.4874298e-03  -3.3423747e-03
  -4.0516848e-01   2.8037149e-01   3.4021047e-01  -4.7099155e-03  -2.6075067e-03  -3.4512421e-03
  -4.0317772e-01   2.9811647e-01   3.5175632e-01  -4.3169800e-03  -2.7453535e-03  -3.3381147e-03
  -4.0430020e-01   3.4579470e-01   4.1539067e-01  -4.3740627e-03  -2.6765526e-03  -3.4961855e-03
  -4.0185722e-01   2.8232312e-01   3.5540223e-01  -4.9370742e-03  -2.6098711e-03  -3.5190639e-03
  -4.0405098e-01   3.4588131e-01   3.7909121e-01  -4.0363946e-03  -2.6436755e-03  -3.3238154e-03
  -3.9988956e-01   3.5433067e-01   4.1752469e-01  -5.2848253e-03  -2.5679880e-03  -3.5888287e-03
  -3.7432257e-01   3.0798724e-01   3.5193991e-01  -4.9412319e-03  -2.4511496e-03  -3.4784671e-03
  -3.9842195e-01   3.3714657e-01   4.1740485e-01  -5.1513649e-03  -3.0105697e-03  -3.5692952e-03
  -4.0539137e-01   3.1274544e-01   3.7678605e-01  -4.5406578e-03  -2.7400983e-03  -3.5564912e-03
  -4.1709281e-01   2.7706753e-01   3.2296882e-01  -4.7233452e-03  -2.8020533e-03  -3.4005988e-03
  -4.1383115e-01   3.4574218e-01   3.8763772e-01  -4.3899039e-03  -2.6080789e-03  -3.3949693e-03
  -4.0241546e-01   3.0757669e-01   3.9219866e-01  -3.9597723e-03  -2.2937096e-03  -3.3896096e-03
  -4.1527101e-01   2.5275990e-01   3.6739762e-01  -4.1984542e-03  -2.7577053e-03  -3.2409640e-03
  -4.1814570e-01   3.9195888e-01   4.4927492e-01  -4.0291626e-03  -2.8038729e-03  -3.4739186e-03
  -4.1709837e-01   2.9774164e-01   3.7651761e-01  -3.8616080e-03  -2.8075230e-03  -3.4125831e-03
  -4.0891286e-01   3.7867846e-01   4.2790131e-01  -3.9000139e-03  -2.7501562e-03  -3.5057558e-03
  -4.0235698e-01   3.2242322e-01   3.8979161e-01  -4.6613576e-03  -2.4941328e-03  -3.6566198e-03
  -4.1032448e-01   3.7364922e-01   4.0633212e-01  -3.9019549e-03  -2.7621637e-03  -3.4241630e-03
  -4.0042572e-01   3.5708612e-01   4.2863323e-01  -4.5492312e-03  -2.4969716e-03  -3.6392370e-03
  -3.9210121e-01   2.8410742e-01   3.4399187e-01  -4.7314333e-03  -2.5429383e-03  -3.6187301e-03
  -3.9982095e-01   3.7517123e-01   4.0888903e-01  -4.6989357e-03  -2.6724465e-03  -3.7242537e-03
  -4.0908524e-01   2.7415979e-01   3.6652968e-01  -5.1278825e-03  -2.6480399e-03  -3.6651490e-03
  -4.1887900e-01   3.2990413e-01   3.4959591e-01  -4.4752682e-03  -2.9630775e-03  -3.5877721e-03
  -4.1840284e-01   3.6398366e-01   4.1119354e-01  -4.3670561e-03  -2.8885648e-03  -3.6788344e-03
  -4.1091317e-01   2.9854134e-01   3.5519046e-01  -4.8040493e-03  -2.8862640e-03  -3.5544490e-03
  -4.2305744e-01   3.3223364e-01   3.7142889e-01  -4.2684921e-03  -3.2261661e-03  -3.4502126e-03
  -4.2062507e-01   3.7399882e-01   4.2011129e-01  -4.2968901e-03  -2.9953187e-03  -3.6365697e-03
  -4.1334049e-01   2.9418898e-01   3.5489162e-01  -4.7521599e-03  -2.9383482e-03  -3.6665384e-03
  -4.1728500e-01   3.5789066e-01   3.6630248e-01  -4.4041961e-03  -3.0320523e-03  -3.5545817e-03
  -4.0950924e-01   3.3160247e-01   3.8757983e-01  -4.8772086e-03  -2.7377323e-03  -3.5966084e-03
  -4.0483703e-01   2.9188268e-01   3.0484893e-01  -4.3836022e-03  -2.9294495e-03  -3.4895871e-03
  -3.9693515e-01   3.7128196e-01   3.2601555e-01  -3.9797684e-03  -2.9319327e-03  -3.6101273e-03
  -3.9518824e-01   3.3951519e-01   3.0807461e-01  -4.4499921e-03  -2.8045950e-03  -3.6897060e-03
  -4.0526654e-01   2.8794667e-01   2.6837827e-01  -4.3845107e-03  -3.1475042e-03  -3.5396935e-03
  -4.1120748e-01   3.7352645e-01   3.1519413e-01  -3.9904713e-03  -3.0254039e-03  -3.5440863e-03
  -4.1626704e-01   3.5600465e-01   3.2916226e-01  -4.4518526e-03  -2.9744452e-03  -3.7225216e-03
  -4.2121257e-01   3.1435537e-01   2.3296291e-01  -4.3608195e-03  -3.1068587e-03  -3.5959518e-03
  -4.3028272e-01   3.7130208e-01   2.8974534e-01  -3.9855142e-03  -3.0369267e-03  -3.5723665e-03
  -4.2734225e-01   3.6340237e-01   3.1510867e-01  -4.3555439e-03  -2.9144862e-03  -3.7586628e-03
  -4.2395453e-01   3.0827803e-01   2.5285386e-01  -4.5035356e-03  -3.1189935e-03  -3.7689932e-03
  -4.3072451e-01   3.9852740e-01   2.9045610e-01  -3.6907928e-03  -3.1228691e-03  -3.6451355e-03
  -4.2185640e-01   3.3339883e-01   2.6606840e-01  -4.6337839e-03  -3.0051490e-03  -3.7409803e-03
  -4.1766856e-01   3.3274165e-01   2.5229342e-01  -4.2807276e-03  -3.0320539e-03  -3.6179350e-03
  -4.2819078e-01   3.8866127e-01   3.1235294e-01  -4.1492442e-03  -3.0363754e-03  -3.6520265e-03
  -4.3492740e-01   3.5227291e-01   3.3335496e-01  -4.7976736e-03  -3.0856521e-03  -3.6849642e-03
  -4.4447268e-01   3.1610731e-01   2.8466449e-01  -4.7197098e-03  -3.4115613e-03  -3.5563617e-03
  -4.3744917e-01   3.7264492e-01   2.7817679e-01  -4.1112863e-03  -3.2166076e-03  -3.5325263e-03
  -4.3155136e-01   3.4490060e-01   3.0467079e-01  -5.0970213e-03  -3.0973268e-03  -3.7845387e-03
  -4.3903326e-01   3.1932015e-01   2.7497518e-01  -4.8598284e-03  -3.0824114e-03  -3.5712550e-03
  -4.3837212e-01   3.8642371e-01   2.6045890e-01  -4.4759195e-03  -3.1899199e-03  -3.5658664e-03
  -4.3741955e-01   3.6710428e-01   2.9281767e-01  -5.1385107e-03  -3.0977336e-03  -3.6398182e-03
  -4.3582774e-01   3.2730942e-01   3.0189483e-01  -5.4867081e-03  -3.1524485e-03  -3.6303321e-03
  -4.4116485e-01   3.7421661e-01   2.7465601e-01  -4.8965035e-03  -3.2393074e-03  -3.6805527e-03
  -4.4967386e-01   3.2753300e-01   3.3139605e-01  -5.6577840e-03  -3.3274399e-03  -3.6808475e-03
  -4.4660625e-01   2.6775750e-01   2.5972736e-01  -5.2573859e-03  -3.6176906e-03  -3.6120448e-03
  -4.7666651e-01   3.9957750e-01   4.1282526e-01  -4.6313905e-03  -3.9091315e-03  -3.7138372e-03
  -4.8148259e-01   3.7993587e-01   3.7896855e-01  -4.5163659e-03  -3.7608076e-03  -3.8349238e-03
  -4.9669780e-01   3.3888783e-01   3.0767741e-01  -4.6719578e-03  -4.0423680e-03  -3.6974192e-03
  -4.9944046e-01   4.0155027e-01   3.5928083e-01  -4.4445476e-03  -4.0233323e-03  -3.5580860e-03
  -4.8960726e-01   3.4599915e-01   3.4892766e-01  -4.9042736e-03  -3.8791229e-03  -3.7069327e-03
  -4.8459794e-01   3.4593605e-01   3.1808124e-01  -4.3194905e-03  -3.9679680e-03  -3.5692712e-03
  -4.8506033e-01   4.0550183e-01   3.6105226e-01  -4.0714800e-03  -3.8402758e-03  -3.6649775e-03
  -4.9397234e-01   3.3035322e-01   2.5917723e-01  -4.5574715e-03  -3.8324310e-03  -3.5211050e-03
  -5.1042634e-01   3.9728706e-01   3.3308936e-01  -4.0835228e-03  -4.0831980e-03  -3.5693286e-03
  -5.0058334e-01   3.9244566e-01   3.5779411e-01  -4.4369391e-03  -3.9080739e-03  -3.7451616e-03
  -5.1021326e-01   3.2467067e-01   2.9548117e-01  -4.8114014e-03  -4.0699921e-03  -3.5773320e-03
  -5.0736122e-01   3.8991369e-01   2.9871805e-01  -4.4235611e-03  -3.9531498e-03  -3.6224275e-03
  -5.2282990e-01   3.4311277e-01   3.0821169e-01  -4.8733603e-03  -4.1067471e-03  -3.7236981e-03
  -5.3495862e-01   3.7343186e-01   2.9496719e-01  -4.0021658e-03  -4.1941970e-03  -3.5114549e-03
  -5.3356510e-01   3.7589583e-01   3.2199905e-01  -4.7019758e-03  -4.0461973e-03  -3.6935965e-03
  -5.3858365e-01   3.1305201e-01   2.7394865e-01  -4.6968201e-03  -4.0873597e-03  -3.5431631e-03
  -5.5756029e-01   3.9080180e-01   3.5669151e-01  -4.4567280e-03  -4.2906073e-03  -3.4487337e-03
  -5.8416405e-01   3.8237647e-01   3.9185418e-01  -4.3609215e-03  -4.3736189e-03  -3.3205635e-03
  -6.0506761e-01   3.1461771e-01   2.8577003e-01  -4.4386980e-03  -4.5129520e-03  -3.1414274e-03
  -5.9831517e-01   3.8778512e-01   3.0802713e-01  -3.4740026e-03  -4.5060748e-03  -3.0611511e-03
  -6.2770365e-01   4.2578093e-01   3.4984768e-01  -2.9698606e-03  -4.7922461e-03  -2.8477416e-03
  -6.2277867e-01   3.3772108e-01   2.9749340e-01  -3.9405511e-03  -4.9810324e-03  -2.8003269e-03
  -6.1212114e-01   4.1463646e-01   3.6084310e-01  -3.7434450e-03  -4.7582751e-03  -2.9147040e-03
  -6.1176459e-01   3.5786156e-01   3.2461497e-01  -4.2719775e-03  -4.7638722e-03  -3.0064096e-03
  -6.2585748e-01   3.6325623e-01   3.2275732e-01  -3.9105557e-03  -5.0658701e-03  -2.9414197e-03
  -6.2282417e-01   4.0071488e-01   3.4756216e-01  -4.0033238e-03  -4.9011584e-03  -3.1370645e-03
  -6.1672896e-01   3.5682938e-01   2.9995735e-01  -4.0958312e-03  -4.8581005e-03  -3.0385372e-03
  -6.2106488e-01   3.8493356e-01   2.8862536e-01  -3.9257035e-03  -5.0003184e-03  -2.9251598e-03
  -6.1790416e-01   4.1240811e-01   3.3031886e-01  -3.7239197e-03  -4.7142448e-03  -3.0071165e-03
  -6.2351420e-01   3.2177529e-01   2.6097063e-01  -4.1853403e-03  -4.8600294e-03  -2.9465824e-03
  -6.2476498e-01   3.9366622e-01   2.9552595e-01  -4.2643447e-03  -4.8234688e-03  -2.9959725e-03
  -6.1862795e-01   3.7455151e-01   2.9072891e-01  -4.4851910e-03  -4.5714252e-03  -3.1521269e-03
  -6.1781110e-01   3.7847944e-01   2.7824822e-01  -4.4108738e-03  -4.5682583e-03  -3.0858741e-03
  -6.1064970e-01   4.4730152e-01   3.2889020e-01  -4.1490099e-03  -4.4678866e-03  -3.1271816e-03
  -6.0796137e-01   3.7034791e-01   2.7333391e-01  -4.2875664e-03  -4.5212623e-03  -3.1314901e-03
  -6.2186881e-01   4.0098867e-01   2.5672619e-01  -4.1345291e-03  -4.7447684e-03  -2.9854330e-03
  -6.1279144e-01   3.9073718e-01   2.4459731e-01  -4.2312606e-03  -4.5312592e-03  -3.1927826e-03
  -6.1923019e-01   3.2956100e-01   1.5595457e-01  -4.4964776e-03  -4.8190345e-03  -2.9513375e-03
  -6.2394094e-01   4.2482253e-01   2.7366829e-01  -4.0260500e-03  -4.7200679e-03  -2.9378645e-03
  -6.2131855e-01   3.7951765e-01   1.8431782e-01  -4.8037270e-03  -4.7344197e-03  -3.0729845e-03
  -6.2741133e-01   3.4554136e-01   1.4401706e-01  -4.6803163e-03  -4.8584078e-03  -3.0317823e-03
  -6.4589969e-01   4.2621630e-01   2.1372865e-01  -4.4307795e-03  -4.9189396e-03  -3.0105881e-03
  -6.4327216e-01   4.1715592e-01   2.0654302e-01  -5.0580573e-03  -4.8167290e-03  -3.3029446e-03
  -6.2647501e-01   3.8005849e-01   2.1458367e-01  -4.9401611e-03  -4.6729341e-03  -3.2247278e-03
  -6.3304688e-01   4.1886330e-01   2.4216428e-01  -5.2472686e-03  -4.6448531e-03  -3.3140502e-03
  -6.4148734e-01   3.7737290e-01   2.4453897e-01  -5.1324996e-03  -4.7409542e-03  -3.3525589e-03
  -6.4431260e-01   3.7532514e-01   2.4972696e-01  -5.0357619e-03  -4.8302722e-03  -3.0588575e-03
  -6.3949594e-01   4.3907835e-01   2.7620203e-01  -4.7878534e-03  -4.7377556e-03  -3.1441704e-03
  -6.3944257e-01   3.7134666e-01   2.0941368e-01  -4.9028665e-03  -4.7149388e-03  -3.2887740e-03
  -6.4082752e-01   4.0123775e-01   2.1252629e-01  -4.4116000e-03  -4.7706995e-03  -3.2529430e-03
  -6.5000970e-01   4.2696219e-01   2.3206058e-01  -4.9848658e-03  -5.0302440e-03  -3.2812441e-03
  -6.5066147e-01   3.5876501e-01   1.8243951e-01  -5.2969328e-03  -4.8657309e-03  -3.2600771e-03
  -6.4581738e-01   3.6296010e-01   1.2704777e-01  -5.0629305e-03  -4.7250782e-03  -3.0966418e-03
  -6.4613795e-01   4.4260597e-01   1.9324335e-01  -4.8302683e-03  -4.5009880e-03  -3.2419280e-03
  -6.3773512e-01   3.4214427e-01   1.4116247e-01  -5.7497668e-03  -4.3658407e-03  -3.3091369e-03
  -6.4444867e-01   3.4239897e-01   1.1726061e-01  -5.4706317e-03  -4.4296493e-03  -3.0042922e-03
  -6.5540613e-01   4.3814929e-01   2.1310745e-01  -5.0947898e-03  -4.4983250e-03  -3.1955883e-03
  -6.5808759e-01   3.6833019e-01   1.6541133e-01  -5.6712638e-03  -4.6120122e-03  -3.2889730e-03
