   0.0000000e+00   7.1054274e-15  -1.4210855e-14   0.0000000e+00   0.0000000e+00   0.0000000e+00
   5.1801766e-02   4.4354589e-02   4.0442659e-01  -1.4495184e-02   4.7786947e-03   8.9116300e-04
   2.6861324e-02  -2.1389400e-02   5.3121396e-01  -5.7974861e-03   3.7216556e-03   8.5026172e-04
   9.4285791e-03  -6.7562170e-03   6.0512629e-01  -5.9731934e-03   3.4937504e-03   4.5737121e-04
   2.1844284e-02   4.5939297e-02   6.2960356e-01  -6.0648588e-03   3.5698340e-03   4.4791688e-04
   1.0369280e-02  -4.5108924e-03   6.5552973e-01  -8.3828692e-03   3.7119645e-03   3.0398753e-04
   5.7034283e-03   3.0945415e-02   6.1436541e-01  -7.5575656e-03   3.6587455e-03   1.7071883e-04
  -2.8361858e-02   4.6487826e-02   7.0832147e-01  -7.5947540e-03   4.6637056e-03  -1.1394524e-03
  -6.0215549e-03   3.1713085e-02   6.3032201e-01  -7.9784551e-03   1.8943022e-03  -2.5357276e-03
  -4.9160032e-02   7.4845810e-02   7.5074982e-01  -8.1435000e-03   3.3673380e-03  -7.2348509e-04
  -5.9704690e-02   3.8748776e-03   6.4449604e-01  -8.8302496e-03   3.1254177e-03  -7.2267126e-04
  -2.1281527e-02   8.0091576e-02   7.1391694e-01  -8.5369932e-03   3.6840839e-03  -7.9446491e-04
  -5.0555098e-02  -4.7826676e-03   6.3756224e-01  -9.6769615e-03   3.2886341e-03  -1.0046441e-03
  -2.4802101e-02   5.5895549e-02   6.2861618e-01  -7.4811415e-03   3.4448715e-03  -1.8720444e-03
   7.2361421e-02   7.3051568e-02   5.8102313e-01  -8.2002399e-03   3.6084017e-03  -1.3360421e-03
   1.0423270e-01  -5.5452948e-03   4.0993269e-01  -8.8184892e-03   2.3902612e-03  -1.4540721e-03
   1.0022772e-01   1.1310876e-01   5.6166836e-01  -7.2813077e-03   2.5531099e-03  -1.4568038e-03
   9.6841340e-02   1.8055415e-03   4.5183853e-01  -8.6392055e-03   2.4394269e-03  -1.5544227e-03
   1.1622322e-01   7.4135402e-02   5.5406097e-01  -7.8763767e-03   2.4815112e-03  -1.5724876e-03
   9.7463180e-02   2.9958695e-02   5.2664812e-01  -9.7701055e-03   2.6191090e-03  -1.7057298e-03
   1.0354324e-01   6.2209217e-02   6.0372634e-01  -9.1279930e-03   2.2792983e-03  -1.9533360e-03
   1.1476835e-01   8.9649495e-02   6.0550760e-01  -8.9326770e-03   3.0070442e-03  -2.0111870e-03
   9.4927484e-02   2.7039824e-04   5.5350448e-01  -1.1229199e-02   1.9455092e-03  -1.7558082e-03
   1.0762618e-01   1.1158946e-01   7.4812168e-01  -9.3351882e-03  -2.6251993e-03  -1.6222745e-03
   4.1478750e-01  -1.3646360e-01  -3.9777383e-01  -2.1560326e-02  -4.2156673e-03  -5.8497034e-03
   3.7082991e-01  -4.5642608e-01  -1.7994535e+00  -3.1128781e-02  -1.2013675e-03  -2.8139120e-03
   3.0056857e-01  -3.4988685e-01  -1.5307769e+00  -3.1805614e-02  -8.3697295e-04  -2.9276235e-03
   2.9846503e-01  -4.0182025e-01  -1.4790741e+00  -2.9487489e-02  -1.0542667e-03  -2.9209981e-03
   3.1059426e-01  -3.2374800e-01  -1.2962847e+00  -3.0097882e-02  -3.5122429e-04  -3.0995271e-03
   2.8168049e-01  -3.7691638e-01  -1.3376606e+00  -2.9243660e-02  -5.7936231e-04  -2.7343357e-03
   2.9626311e-01  -2.7856331e-01  -1.2091650e+00  -2.8315882e-02  -1.3448356e-04  -2.6430206e-03
   2.8299383e-01  -3.7799888e-01  -1.2637083e+00  -3.0114182e-02  -1.7810027e-05  -3.3430511e-03
   3.4908820e-01  -3.2284848e-01  -1.1819950e+00  -2.7176330e-02  -3.0877878e-04  -2.3563888e-03
   3.4289202e-01  -3.9433878e-01  -1.2321734e+00  -2.8212851e-02  -2.7208607e-04  -2.3501508e-03
   3.2722702e-01  -2.5818425e-01  -1.0989104e+00  -2.7596982e-02   1.5116764e-04  -3.3559108e-03
   2.8716233e-01  -3.4899665e-01  -1.1854551e+00  -2.7847499e-02  -4.6465230e-05  -2.6293907e-03
   3.0978819e-01  -2.5416436e-01  -1.0483609e+00  -2.8624556e-02   4.6174905e-04  -3.0939660e-03
   2.4159530e-01  -3.0685978e-01  -1.1176383e+00  -2.8193761e-02  -8.6270769e-05  -3.5338985e-03
   2.6781736e-01  -2.3991036e-01  -9.7743133e-01  -2.6800875e-02   4.2321481e-04  -2.1236049e-03
   2.7720249e-01  -3.5019180e-01  -1.1120110e+00  -2.1249303e-02  -5.3166625e-04  -1.6966923e-03
   2.4904738e-01  -3.1587870e-01  -1.1471012e+00  -2.4293489e-02  -1.3382111e-04  -1.9270087e-03
   2.6491495e-01  -2.6881239e-01  -1.1094359e+00  -2.4235945e-02  -2.8478294e-05  -2.2492848e-03
   2.5233708e-01  -3.2005004e-01  -1.0380048e+00  -2.6817095e-02  -7.2636638e-04  -1.3635203e-03
   2.5902389e-01  -3.3724890e-01  -1.0998504e+00  -2.7557801e-02  -2.9338245e-05  -2.9731958e-03
   2.6345171e-01  -2.6125915e-01  -1.0217260e+00  -2.9052984e-02  -8.9207284e-05  -3.7797647e-03
   2.4039369e-01  -2.0474604e-01  -8.9649783e-01  -2.2897122e-02  -1.5640453e-03  -2.7094849e-03
   2.5818964e-01  -9.1073339e-02  -6.2785380e-01  -1.9512005e-02  -5.6026227e-04  -2.5798240e-03
   2.2584386e-01  -2.0644045e-01  -6.2515985e-01  -2.2199720e-02   3.6400000e-04  -2.6484274e-03
   2.2572974e-01  -2.1411895e-01  -9.5432699e-01  -2.4263223e-02   1.4915775e-03  -3.0347301e-03
   2.9017292e-01  -2.7286459e-01  -1.7507757e+00  -3.6413671e-02   1.2985141e-03  -3.3766239e-03
   2.7647470e-01  -3.7675804e-01  -1.7251859e+00  -3.4430634e-02   9.4079187e-04  -3.3502904e-03
   2.8749761e-01  -3.2435623e-01  -1.5930628e+00  -3.3913813e-02   1.7368382e-03  -4.3511419e-03
   3.0036019e-01  -4.2234018e-01  -1.7145687e+00  -3.4703828e-02   1.0633039e-03  -5.2263010e-03
   2.7956652e-01  -2.6501895e-01  -1.5721755e+00  -3.6257304e-02   1.2178493e-03  -5.4152792e-03
   2.5868197e-01  -3.3278993e-01  -1.6018024e+00  -3.6133792e-02   5.7248463e-04  -4.0280043e-03
   2.7784053e-01  -1.8322372e-01  -1.3073019e+00  -3.5286294e-02   9.4890219e-04  -3.9323984e-03
   3.1730665e-01  -3.6530098e-01  -1.5786262e+00  -3.1693861e-02   5.5508855e-04  -3.0977534e-03
   3.2420040e-01  -4.6144215e-01  -1.6970075e+00  -3.1854939e-02   1.8498022e-04  -2.5355397e-03
   3.1108474e-01  -3.6752759e-01  -1.6888758e+00  -3.1999222e-02   1.7131986e-04  -2.5241242e-03
   2.9165612e-01  -3.1658460e-01  -1.5568214e+00  -3.2505725e-02   6.9949334e-04  -2.0645815e-03
   2.4984288e-01  -4.2644598e-01  -1.6818980e+00  -2.4595472e-02  -6.5980734e-04   1.1730593e-04
   2.5872168e-01  -3.4316615e-01  -1.6671781e+00  -2.7094895e-02  -5.7484222e-04  -5.3868441e-04
   2.5248336e-01  -2.9402242e-01  -1.5892150e+00  -2.8299882e-02  -2.9593146e-04  -5.4068279e-04
   2.4613299e-01  -3.0820138e-01  -1.5345669e+00  -2.8424950e-02  -2.7665860e-04  -4.0763100e-04
   2.6241491e-01  -3.2075352e-01  -1.5560189e+00  -2.9226015e-02  -8.1051557e-04  -2.5956608e-04
   2.7414889e-01  -3.5697705e-01  -1.5731305e+00  -3.4733162e-02  -1.2413646e-03  -1.1590302e-03
   3.1057345e-01  -3.2126106e-01  -1.4535994e+00  -3.0662309e-02   5.9705839e-05  -9.7097879e-04
   2.9013841e-01  -3.9259955e-01  -1.5372063e+00  -3.1537282e-02  -1.8022224e-04  -7.1109152e-04
   2.9724043e-01  -2.9263523e-01  -1.4356117e+00  -3.0978800e-02   3.2427385e-04  -9.4165186e-04
   2.9228957e-01  -3.8272610e-01  -1.5540677e+00  -3.4304245e-02   4.3910556e-04  -1.0809863e-03
   2.9202725e-01  -3.2867473e-01  -1.5482405e+00  -3.2139555e-02   4.1141793e-04  -8.3353631e-04
   3.3264526e-01  -3.0467463e-01  -1.5621664e+00  -3.2780658e-02  -1.1996513e-04  -1.4572576e-03
   3.1723279e-01  -3.7792536e-01  -1.6895056e+00  -3.3575859e-02   8.1176856e-04  -1.2961054e-03
   3.2482330e-01  -2.5199622e-01  -1.5988197e+00  -3.1667103e-02   7.6610398e-04  -1.2421315e-03
   3.0943047e-01  -3.3515371e-01  -1.5973017e+00  -3.5457803e-02   6.7716345e-04  -1.8047841e-03
   3.1923156e-01  -3.9432112e-01  -1.6303205e+00  -3.7676608e-02   4.4788993e-04  -1.5279959e-03
   3.1438854e-01  -2.7906791e-01  -1.4821543e+00  -3.9152713e-02   1.2882554e-03  -1.2557752e-03
   3.0276139e-01  -3.2508810e-01  -1.5188995e+00  -3.5764608e-02   7.1979608e-04  -8.7095853e-05
   2.6320474e-01  -2.9360221e-01  -1.3010170e+00  -3.5601234e-02   6.8827626e-04   1.2589695e-04
   2.3744241e-01  -2.7569872e-01  -1.0717838e+00  -3.2600287e-02   6.2173993e-04   5.2752845e-04
   2.1445316e-01  -1.9276917e-01  -9.9627494e-01  -3.3571407e-02   1.0158514e-03   8.7765422e-04
   2.0605824e-01  -2.8343998e-01  -1.0691654e+00  -3.3984447e-02   9.7494340e-04   1.3574747e-03
   2.1911231e-01  -2.4651483e-01  -9.8414878e-01  -3.5485876e-02   1.2439242e-03   1.4891983e-03
   2.4802069e-01  -3.1490131e-01  -1.1920005e+00  -4.0096096e-02   6.2230826e-04   8.4802468e-04
   2.7808912e-01  -2.0289256e-01  -9.5137581e-01  -3.5040593e-02  -4.1565124e-04   1.1732890e-03
   2.6975904e-01  -2.2890218e-01  -8.9327886e-01  -3.6156789e-02   9.0042429e-05   1.1584025e-03
   2.6365049e-01  -2.0250295e-01  -7.4087924e-01  -2.7514580e-02  -8.4042556e-04   1.0571800e-03
   3.6521089e-01  -5.2250218e-01  -1.8259153e+00  -4.1301084e-02  -1.2922574e-03   1.7935249e-04
   4.5188921e-01  -3.4900812e-01  -2.0626236e+00  -4.6110587e-02  -2.2306415e-03  -3.1306444e-03
   3.3364477e-01  -3.7282225e-01  -1.8483401e+00  -4.4627569e-02  -2.1257093e-03  -3.5640023e-03
   3.2176490e-01  -4.3782046e-01  -1.8940741e+00  -4.5167848e-02  -1.5013420e-03  -2.8888821e-03
   3.5111924e-01  -3.5646188e-01  -1.7817481e+00  -4.4224285e-02  -1.2597446e-03  -2.5940266e-03
   3.2239843e-01  -4.1530853e-01  -1.7899064e+00  -4.5055133e-02  -1.1530246e-03  -2.6463834e-03
   3.3631588e-01  -3.0481272e-01  -1.6490911e+00  -4.2929528e-02  -8.1505647e-04  -2.6619430e-03
   3.0678078e-01  -4.3890826e-01  -1.7743545e+00  -4.3985266e-02  -9.6222717e-04  -2.4657541e-03
   3.1458160e-01  -3.6848934e-01  -1.6949597e+00  -4.4484039e-02  -5.7979937e-04  -2.4949782e-03
   2.9744695e-01  -4.0167963e-01  -1.6490715e+00  -4.5857037e-02  -4.8124648e-04  -2.3989741e-03
   2.9947906e-01  -3.6217218e-01  -1.6881894e+00  -4.4409060e-02  -7.0094126e-04  -2.6194276e-03
   2.8664122e-01  -3.6332228e-01  -1.6149302e+00  -4.6174620e-02  -3.4851056e-05  -2.2097299e-03
   2.9590085e-01  -3.7292324e-01  -1.6794638e+00  -4.6754065e-02   1.9795590e-05  -2.5471776e-03
   2.7531835e-01  -3.2934143e-01  -1.5704146e+00  -4.7038422e-02  -1.8999295e-04  -2.3943327e-03
   2.6265105e-01  -3.9678254e-01  -1.6898474e+00  -4.7628022e-02   3.9123398e-05  -2.4692053e-03
   2.8896440e-01  -3.0201753e-01  -1.5076042e+00  -4.3295408e-02  -6.9766522e-04  -2.4298926e-03
   1.4411127e-01   2.1964176e-02  -5.5412285e-01  -3.0796562e-02   1.4010487e-03   5.0967386e-04
   1.7326420e-01   2.4611214e-02  -5.1438778e-01  -2.5319459e-02  -2.3910152e-05   2.2019983e-03
   1.6341295e-01  -1.1951669e-01  -6.2447623e-01  -2.5025831e-02   2.1309315e-04   2.0330898e-03
   1.2872410e-01   1.3893697e-02  -5.4442770e-01  -2.3290935e-02   2.9312405e-04   1.1407614e-03
   1.2888487e-01  -2.3831914e-01  -1.5123003e+00  -2.2543391e-03  -1.6480324e-03   3.5399922e-03
   2.2412499e-01  -2.8187151e-01  -1.6674646e+00  -2.5762144e-02   1.6274121e-03   2.5203910e-03
   2.1586097e-01  -8.8719151e-02  -1.1198700e+00  -1.7274777e-02   1.3343933e-03   2.3310790e-03
   2.3646846e-01  -3.5885501e-02  -1.0118665e+00  -2.0568755e-02   1.5725491e-03   2.2194609e-03
   2.2836835e-01   5.2457908e-03  -9.8236547e-01  -2.1890516e-02   1.6292686e-03   2.8896159e-03
   2.2635872e-01   3.3556852e-02  -9.5673030e-01  -2.2815198e-02   1.2700824e-03   2.9473955e-03
   2.2463989e-01  -1.4161382e-02  -9.0400052e-01  -2.3258232e-02   1.8201890e-03   3.0597710e-03
   1.9942384e-01  -1.9454845e-02  -8.6937932e-01  -2.3279725e-02   1.9783384e-03   3.2836167e-03
   1.9400837e-01  -2.1385426e-02  -8.3547421e-01  -2.4843779e-02   2.2563348e-03   3.0302805e-03
   1.9829228e-01  -9.1827451e-03  -7.6461999e-01  -2.6215675e-02   2.5781675e-03   2.9572398e-03
   2.0710340e-01  -7.8367021e-02  -8.0138524e-01  -2.5402220e-02   1.9911441e-03   2.9281636e-03
   2.1470953e-01  -5.1245805e-02  -8.1265709e-01  -2.5888562e-02   2.4896627e-03   2.8353416e-03
   2.1972298e-01  -1.0106292e-01  -7.3077185e-01  -2.9188940e-02   2.4484431e-03   2.4012443e-03
   1.9256440e-01   3.7487547e-02  -4.5218215e-01  -2.4511709e-02   3.1270911e-03   2.5331649e-03
   1.6252356e-01  -4.9743538e-02  -7.8854120e-01  -2.4691879e-02   3.5749991e-03   2.8595696e-03
  -7.7691105e-02  -1.8176839e-02  -3.0232724e-01  -7.8284591e-03  -2.4058250e-03  -2.8891273e-04
   3.9683386e-02   1.0950373e-01   4.1139503e-02  -1.3954272e-02  -3.2104523e-03  -5.1164653e-03
   5.2479968e-03   1.5265074e-02  -9.8803246e-01  -2.5731965e-02  -1.4674647e-03  -1.2485951e-03
   1.2891321e-01   1.2368136e-01  -6.6641779e-01  -2.1238056e-02  -1.6202578e-04  -1.4160200e-03
   1.1510253e-01   2.3464218e-02  -4.2658247e-01  -2.2006344e-02   9.9400353e-04  -8.9091127e-04
   1.3901107e-01   7.7839777e-02  -3.3984924e-01  -2.0449169e-02   1.4921577e-03  -6.2619470e-04
   1.1736480e-01   5.8278161e-02  -3.2852516e-01  -2.2342036e-02   1.5244719e-03  -1.3954726e-04
   1.1796610e-01   5.9606171e-02  -4.1796179e-01  -2.1386199e-02   1.7302637e-03   2.1989878e-05
   9.0988920e-02   9.7828343e-02  -2.1570603e-01  -2.3788295e-02   2.1537401e-03  -2.2984171e-04
   9.0070353e-02   6.6586431e-02  -2.9759151e-01  -2.4345125e-02   2.1567109e-03  -3.5497144e-04
   9.2010379e-02   1.1454790e-01  -2.2523226e-01  -2.3830141e-02   2.3499086e-03  -2.1708837e-04
   4.9031158e-02   5.1332753e-02  -2.9779480e-01  -2.5610916e-02   2.3935186e-03   1.0156335e-04
   2.4510834e-02   1.1933658e-01  -2.2116331e-01  -1.5984528e-02   5.1027617e-04   1.7942240e-03
   4.0229170e-02   1.7892126e-02  -3.9008890e-01  -1.5544982e-02   1.2149098e-03   7.6369753e-04
   5.3687152e-02   1.1681237e-01  -3.9439136e-01  -1.8875415e-02   1.3429876e-03   8.1367490e-04
   6.9351006e-02   1.7772784e-01  -2.8237745e-01  -1.8804810e-02   1.8232624e-03   9.0175299e-04
   6.2725175e-02   3.6393741e-02  -3.5384749e-01  -1.9895012e-02   2.0553185e-03   1.0894998e-03
   6.6266084e-02   1.4854920e-01  -2.2853569e-01  -2.0268216e-02   2.6341659e-03   9.8783493e-04
   5.3663457e-02   4.9136485e-02  -3.2144283e-01  -2.1792594e-02   2.3882571e-03   1.1729574e-03
   7.0912362e-02   1.2333755e-01  -2.3412688e-01  -2.0404943e-02   2.8011363e-03   1.0028158e-03
   5.7387237e-02   7.4499620e-02  -3.4626316e-01  -2.2741411e-02   2.5305088e-03   1.1004884e-03
   6.8637212e-02   1.1462521e-01  -3.7059917e-01  -2.1570724e-02   2.4942133e-03   1.2359515e-03
   7.2911302e-02   2.0592409e-01  -2.6113031e-01  -2.1599842e-02   2.7158282e-03   1.0685111e-03
   4.3970787e-02   8.6076242e-02  -3.5795426e-01  -2.2555785e-02   2.5662574e-03   1.0645350e-03
   5.2108347e-02   1.1294894e-01  -3.6293765e-01  -2.2654429e-02   2.6738154e-03   1.1488403e-03
   5.6926411e-02   8.1344518e-02  -5.5696377e-02  -2.6621772e-02   1.5196763e-03   4.4041775e-04
   6.0922591e-02   1.9331948e-01   9.1420686e-02  -2.2071012e-02   2.9733046e-03   5.6328298e-04
   7.1437487e-02   8.4883868e-02  -2.3575535e-01  -2.4362787e-02   2.9497039e-03  -1.0159222e-04
   3.2137988e-02   9.6008901e-02  -1.8885370e-01  -2.3010832e-02   3.3883897e-03   5.3815487e-04
  -4.4316598e-02   2.8036494e-01   2.2396712e-01  -9.9606866e-03   1.3630717e-03   3.0376026e-03
  -3.4829473e-02   1.2307168e-01   1.1335496e-01  -1.6084362e-02   3.4838006e-03   2.5754506e-03
  -1.9626952e-02   2.0069464e-01   2.4748654e-01  -1.8007304e-02   4.5206585e-03   6.2835767e-04
  -6.2031673e-02   1.0995407e-01   2.6062678e-01  -2.0110670e-02   4.1908583e-03   1.2266061e-03
   2.3751341e-02   1.5722635e-01   2.1705608e-01  -2.0344672e-02   4.4185736e-03   1.1211631e-03
  -1.1326169e-02   8.9919256e-02   1.6288041e-01  -2.2401395e-02   4.2480591e-03   1.1448782e-03
   9.0119078e-03   1.7018137e-01   2.9159311e-01  -2.2318642e-02   4.8203395e-03   4.2940849e-04
   4.7313670e-02   1.3064081e-01   9.3382436e-02  -2.1710963e-02   3.6380648e-03  -7.1524528e-05
   4.4336900e-02   1.2202005e-01   9.5657035e-02  -2.2563101e-02   3.8168645e-03  -3.2893604e-04
   2.9112420e-02   1.7519957e-01   1.8664017e-01  -2.3292745e-02   3.6725118e-03  -4.2646935e-04
   1.6665864e-02   2.0289918e-01   1.9613733e-01  -2.2222823e-02   3.9166899e-03  -1.3122019e-05
  -1.5485118e-02   2.2442009e-01   2.2960960e-01  -1.2227673e-02   2.5320751e-03   1.2007035e-03
   7.6068121e-03   3.1993096e-01   8.5415741e-02  -9.3716489e-03   2.7257058e-03   2.3380298e-03
   1.0046151e-02   7.6650329e-02   7.2869786e-03  -1.1759638e-02   2.9117223e-03   2.2085244e-03
  -1.2343849e-04   1.4306045e-01   2.6870307e-02  -1.4361708e-02   2.4048174e-03   1.7384058e-03
   3.9911947e-02   2.0340869e-01   2.5294277e-01  -1.4740135e-02   4.6782877e-03   2.3395915e-03
   4.7077260e-02   6.2615633e-02   6.7555843e-02  -9.4508402e-03   2.8551765e-03   2.5392315e-03
   5.3923244e-02   1.6864734e-01   8.9042097e-02  -1.2245208e-02   2.9049649e-03   2.1519183e-03
   5.1880849e-02   1.7898059e-01   8.8304999e-02  -1.2460440e-02   2.8071603e-03   2.3219143e-03
   5.5680477e-02   1.7948257e-01   1.8029158e-01  -1.5369657e-02   2.9953858e-03   2.0454602e-03
   6.8327014e-02   1.4080984e-01   7.6145430e-02  -1.4526180e-02   2.9575145e-03   2.1043492e-03
   6.6256945e-02   2.2236977e-01   2.5811907e-01  -1.2468338e-02   2.7257468e-03   2.3060197e-03
   9.4847178e-02  -7.8162196e-02  -7.2481301e-01  -2.0163301e-02   1.5256181e-03   1.8414675e-03
  -6.4662395e-02  -1.5674579e-01  -1.1588760e+00  -2.8771035e-02   1.5573791e-03   2.7534387e-03
   3.9617524e-02  -8.7165004e-02  -1.1025131e+00  -2.2956358e-02   3.2993428e-03   1.7011403e-03
   1.3075063e-01  -2.7998394e-02  -1.3351576e+00  -2.4802315e-02   1.6470968e-03   6.4914959e-04
   9.0297416e-02  -1.6290104e-01  -1.3033283e+00  -2.6428189e-02   1.9287666e-03   3.1826455e-04
   5.5187845e-02  -1.4373606e-01  -1.1726389e+00  -2.6886523e-02   1.7633121e-03  -1.7366801e-04
   1.8661082e-01  -1.1172284e-01  -1.1916926e+00  -3.1244276e-02   8.5371114e-04  -1.6877917e-03
   1.6998194e-01  -3.7107360e-02  -1.1428962e+00  -2.7863329e-02   1.3791611e-03  -2.7138705e-03
   2.9099101e-01  -4.5155074e-02  -1.4619655e+00   4.7423739e-04   6.5681762e-04   4.7948695e-04
   3.1925823e-01  -4.3756350e-01  -2.8138388e+00   3.9226703e-03  -5.9487300e-04   2.9725215e-03
   1.2032405e-01  -2.3313149e-01  -2.4122065e+00  -2.5332422e-02   5.5524051e-04   3.8127715e-03
   2.5158559e-01  -2.3066100e-01  -2.2002270e+00  -1.8214901e-02   4.1223158e-03   1.1694922e-03
   2.9511485e-01  -2.7865320e-01  -2.1726527e+00  -2.2056503e-02   3.9520486e-03   1.7355239e-03
   3.3330494e-01  -1.7293744e-01  -2.0500481e+00  -2.2250755e-02   3.5663261e-03   2.7977962e-03
   3.3267041e-01  -1.7291285e-01  -1.9798239e+00  -2.4082417e-02   3.3987695e-03   2.9052753e-03
   3.4197958e-01  -2.3362727e-01  -1.9666912e+00  -2.6040806e-02   3.2839547e-03   2.9818174e-03
   3.7116042e-01  -2.4352721e-01  -1.8809545e+00  -2.9567504e-02   3.0451609e-03   2.3658433e-03
   3.7985930e-01  -2.3772111e-01  -1.8019244e+00  -3.0337150e-02   4.6664683e-03   1.8799925e-03
   2.8343637e-01   1.3013755e-01  -1.0659472e+00  -2.2774510e-02   4.0654839e-03   2.0734135e-03
   3.5311955e-01  -9.8765342e-02  -1.3630825e+00  -2.9092835e-02   3.5888625e-03   1.5751104e-03
   3.4227952e-01  -9.7902141e-02  -1.2749009e+00  -2.9954643e-02   3.6255983e-03   1.2343968e-03
   3.4011483e-01  -7.9744675e-02  -1.2814505e+00  -2.9604554e-02   3.8156663e-03   8.9657831e-04
   3.4676455e-01  -1.1311308e-01  -1.2966113e+00  -3.3579019e-02   4.5376574e-03   8.0645984e-05
   3.1301036e-01  -1.1045803e-01  -1.3406830e+00  -3.4526068e-02   5.3373105e-03  -3.1445753e-03
   2.9240192e-01  -5.1284527e-02  -1.2380334e+00  -2.7660713e-02   2.9542241e-03   1.9769055e-03
   2.8706073e-01   7.9112048e-02  -1.1190804e+00  -2.4686543e-02   1.1787546e-03   4.9301695e-03
   2.3404716e-01   1.5751083e-01  -7.7187443e-01  -4.3633105e-03   3.0204950e-03   4.9892095e-03
   2.7661223e-01   1.2128213e-01  -7.2338329e-01  -6.1847217e-03   3.4459529e-03   3.3377049e-03
   2.6546702e-01   1.0443986e-01  -5.8901250e-01  -9.8084967e-03   3.4637764e-03   3.8559985e-03
   2.7274061e-01   1.3127874e-01  -5.5040168e-01  -9.0939501e-03   3.7995757e-03   4.2094438e-03
   2.4646247e-01   1.4371951e-01  -4.6405012e-01  -1.0696643e-02   4.2432172e-03   4.2269784e-03
   2.4044545e-01   8.3981028e-02  -5.5135893e-01  -1.2213286e-02   5.3095060e-03   4.4994460e-03
   2.6648344e-01   1.9954521e-01  -2.7300754e-01  -1.2082939e-02   4.3880301e-03   4.6460590e-03
   2.7115699e-01   1.0176487e-01  -3.7611641e-01  -1.1652692e-02   3.4365281e-03   4.2506159e-03
   2.7086890e-01   1.6493776e-01  -1.9608681e-01  -1.2467157e-02   4.8339011e-03   3.9140148e-03
   2.6622590e-01   8.1162901e-02  -1.4662423e-01  -1.5193088e-02   5.1293827e-03   3.3988620e-03
   2.9070779e-01   1.5689979e-01  -1.1968393e-01  -1.4130598e-02   4.5183992e-03   3.2186347e-03
   2.6493675e-01   1.4214484e-01  -9.3871950e-02  -1.5522865e-02   5.2176706e-03   3.0316550e-03
   2.4817841e-01   1.8883652e-01  -1.3098807e-02  -1.5828180e-02   5.2712560e-03   3.0687665e-03
   2.3715176e-01   1.6295192e-01  -1.0576255e-02  -1.6106305e-02   5.3173461e-03   2.9396873e-03
   2.4917183e-01   1.8615848e-01  -2.1391214e-02  -1.4486275e-02   5.4932147e-03   3.3066945e-03
   2.0802541e-01   1.5324207e-01  -2.5259027e-03  -1.6244196e-02   5.1597366e-03   3.0048635e-03
   2.3839118e-01   1.4129236e-01   4.6347485e-02  -1.7323698e-02   5.3932769e-03   2.6692198e-03
   2.3359116e-01   2.8399802e-01   3.7628790e-01  -1.4527284e-02   6.3000910e-03   2.3155249e-03
   2.1308569e-01   3.6726741e-01   1.0802752e+00  -1.4097567e-02   5.5095059e-03   3.3032405e-03
   1.6365387e-01  -1.1715586e-02   3.8394967e-01   3.6261037e-02  -3.0856470e-03   6.1288709e-03
  -3.2412180e-02  -9.9425489e-02  -1.2645897e+00   1.7038817e-02  -2.4976249e-03   6.5711776e-03
  -2.6916060e-02   2.1499155e-01  -2.7792807e-01   8.4672629e-05   5.5738730e-04   7.1382962e-03
   6.1338812e-02   2.5214742e-01  -2.8425730e-01  -1.5756738e-03   2.0218241e-03   7.5756780e-03
   9.8663363e-02   2.8143378e-01  -1.8316963e-01  -4.9631517e-03   2.2133046e-03   7.3810837e-03
   1.0604540e-01   2.5742631e-01  -1.7036220e-01  -4.7070355e-03   2.3586865e-03   7.8162024e-03
   1.1525754e-01   2.9932045e-01  -6.9765503e-02  -3.3952583e-03   2.0841515e-03   7.6673530e-03
   1.0505180e-01   2.1452460e-01  -1.1477942e-01  -6.3254604e-03   2.8821086e-03   7.2387525e-03
   1.0946629e-01   3.1565773e-01  -1.6778176e-02  -5.2280523e-03   2.3285702e-03   7.2450019e-03
   9.8453270e-02   2.2730038e-01  -4.7182308e-02  -6.2775854e-03   2.7306568e-03   7.2035980e-03
   1.1007607e-01   2.6701847e-01   5.8599018e-02  -7.3962425e-03   3.1684476e-03   6.8817306e-03
   1.0420405e-01   1.9116278e-01  -6.0093597e-02  -9.9947186e-03   3.3036283e-03   6.6938154e-03
   1.1469057e-01   2.2736305e-01   1.3772781e-01  -1.1147742e-02   3.2159398e-03   6.2672492e-03
   9.3956597e-02   1.9831487e-01   1.0658335e-01  -1.2090857e-02   3.5138055e-03   6.4633489e-03
   1.0911121e-01   2.6665505e-01   1.8580480e-01  -1.2972541e-02   4.0264843e-03   5.8790106e-03
   8.8026539e-02   1.7998651e-01   1.0437843e-01  -1.5017190e-02   3.9865512e-03   5.5405701e-03
   1.3481271e-01   2.0061208e-01   1.0277339e-01  -1.2705657e-02   4.2010744e-03   6.6062311e-03
   9.9490568e-02   2.5144909e-01   1.4309364e-01  -1.6073049e-02   4.5695795e-03   5.4986538e-03
   8.3618160e-02   2.6954557e-01   1.8629920e-01  -1.5682533e-02   5.0015547e-03   5.3808492e-03
   6.6914563e-02   2.7806412e-01   1.9038576e-01  -1.5439378e-02   4.6915498e-03   6.0209412e-03
   8.0802801e-02   2.3258939e-01   1.1450809e-01  -1.5997689e-02   4.7466693e-03   6.6843153e-03
   9.8770467e-02   2.9424148e-01   2.2886554e-01  -1.3611472e-02   4.3796175e-03   7.3492124e-03
   7.3599608e-02   2.0107766e-01   1.4638470e-01  -1.3799763e-02   4.6415096e-03   7.1608152e-03
   1.0182549e-01   2.2036143e-01   6.3826116e-02  -9.7347785e-03   4.2609214e-03   6.7515962e-03
   7.5220944e-02   2.1141660e-01   7.1236432e-02  -1.2692018e-02   4.3823205e-03   6.9055307e-03
   7.8330104e-02   2.7859367e-01   1.3323548e-01  -1.1515824e-02   4.3741021e-03   7.2312684e-03
   8.7845226e-02   2.7384244e-01   1.6513029e-01  -1.3563736e-02   4.7928916e-03   6.9499135e-03
   6.1980790e-02   2.0860295e-01   1.4175297e-01  -1.4538135e-02   5.1961768e-03   7.1828398e-03
   6.3152454e-02   2.6136390e-01   3.4647630e-01  -1.6220412e-02   5.5321373e-03   6.8372102e-03
   1.2783655e-02   2.9097899e-01   9.6651008e-01  -1.9132664e-02   4.8073095e-03   7.5539754e-03
   4.7772043e-02   2.8247484e-01   8.6551446e-01  -1.6622731e-02   5.2256166e-03   6.9763042e-03
   5.9724156e-02   2.8614275e-01   6.3269870e-01  -1.6944342e-02   5.8502945e-03   6.9799756e-03
   6.6875154e-02   2.3338848e-01   6.1060552e-01  -1.8428545e-02   6.0021817e-03   6.6839695e-03
   8.5200067e-02   3.1588306e-01   6.6365982e-01  -1.6730748e-02   6.3370869e-03   6.2383378e-03
   7.5886299e-02   2.2156710e-01   5.9095776e-01  -1.9537631e-02   6.4890360e-03   6.0098962e-03
   4.7639153e-02   3.0135845e-01   8.1455204e-01  -1.6165747e-02   5.3356938e-03   6.7207401e-03
   5.4306606e-02   3.4426215e-01   1.1653428e+00  -1.6954991e-02   4.1822573e-03   6.5521469e-03
   1.0739206e-01   3.0856005e-01   8.9907372e-01  -1.3157512e-02   4.1522318e-03   7.2515796e-03
   7.6822026e-02   2.0971564e-01   7.9351590e-01  -1.5780996e-02   4.8874041e-03   7.3074344e-03
   6.5295888e-02   2.9655203e-01   8.4773449e-01  -1.4518270e-02   5.0335313e-03   7.3511973e-03
   7.8054767e-02   3.0112717e-01   8.8134476e-01  -1.5861101e-02   5.2426717e-03   7.2751493e-03
   6.9373080e-02   2.4270382e-01   8.5429213e-01  -1.7353371e-02   5.8522228e-03   7.1138724e-03
   7.2593693e-02   3.3594460e-01   1.0183339e+00  -1.6431444e-02   5.6888712e-03   7.1256299e-03
   7.0380070e-02   2.6518328e-01   8.8738690e-01  -1.7862798e-02   6.0928578e-03   6.9947982e-03
   8.0813093e-02   2.9010699e-01   8.6044388e-01  -1.6864272e-02   5.9092066e-03   6.7057488e-03
   4.5270573e-02   3.2352110e-01   1.0078128e+00  -8.3914273e-03   4.6661303e-03   7.1801316e-03
   3.2102738e-02   3.8750155e-01   9.5237786e-01  -7.8665902e-03   4.8522505e-03   7.0574762e-03
  -6.7823705e-03   2.9934817e-01   8.7327980e-01  -1.1036683e-02   4.6481617e-03   7.7732265e-03
   3.7344065e-03   3.9794783e-01   1.0154309e+00  -9.5631683e-03   4.9151593e-03   7.5488336e-03
   2.1932436e-03   2.9457110e-01   8.5928729e-01  -4.6958406e-03   4.4548748e-03   8.2312654e-03
  -1.3408338e-01   2.5349379e-01   7.7063685e-01  -9.6761884e-03  -7.0603355e-03   2.5313315e-03
  -4.5190358e-02   9.1039927e-02  -3.1753229e-01  -1.7108773e-02  -8.5166941e-03   1.9942678e-03
   1.9166266e-01  -2.7859176e-01  -2.0722013e+00  -3.5359582e-02  -7.7718540e-03   6.7061419e-04
   2.3771882e-01   1.1982999e-01  -1.9313369e+00  -2.9653741e-02  -8.5011564e-03   1.8674112e-03
   1.8016197e-01  -5.3924852e-02  -1.7014398e+00  -2.8421245e-02  -8.2950170e-03   1.7099825e-03
   6.7570345e-02   4.0786086e-02  -1.5202533e+00  -2.7860381e-02  -6.9735832e-03  -1.3830908e-04
  -6.3584441e-02  -5.8546751e-02  -1.4163145e+00  -3.0320272e-02  -7.0497515e-03  -2.2835522e-04
  -2.0437388e-01   1.8016064e-02  -1.3174648e+00  -3.0884497e-02  -9.6609671e-03  -2.4057827e-03
  -1.2776188e-01   1.7552805e-01  -7.3044516e-01  -3.0337113e-02  -6.5899687e-03  -9.4141341e-05
  -1.4406117e-01   3.5260992e-02  -7.3745302e-01  -3.3487355e-02  -3.9731662e-03   1.0597113e-03
  -1.1096049e-01   1.6631583e-01  -4.5008263e-01  -3.2144722e-02  -2.5928239e-03   1.2155603e-03
   4.9917316e-02   9.1691301e-02  -6.6474959e-01  -2.9749941e-02  -3.6690072e-04   2.2990306e-03
   9.4390418e-02   1.2763524e-01  -5.7680225e-01  -3.1785573e-02   1.2737508e-04   2.0815485e-03
   1.1046351e-01   6.7566323e-02  -6.1174426e-01  -3.3795432e-02   1.3763545e-05   2.5867250e-03
   1.2193236e-01   7.8343970e-02  -6.0657576e-01  -3.3752741e-02  -2.6334353e-04   2.3213163e-03
   1.2663694e-01   4.7552040e-02  -5.6769172e-01  -3.5441820e-02   3.7942474e-04   1.9913402e-03
   1.2818487e-01   5.9666728e-02  -5.9894977e-01  -3.4759243e-02  -8.0570191e-05   2.0508159e-03
   1.2923951e-01   1.0037430e-01  -4.5360196e-01  -3.5594125e-02   3.2690840e-04   1.7320960e-03
   1.0815742e-01   5.7605541e-02  -4.8465265e-01  -3.5042689e-02   9.5140935e-05   1.9055382e-03
   1.2620107e-01   1.5350287e-01  -2.5577983e-01  -3.6248406e-02   1.5124679e-03   1.6137389e-03
   4.9121250e-02   3.0235200e-01  -7.1004295e-02  -7.1106823e-03  -3.4613696e-03   7.3431526e-03
   9.3458218e-02   3.2781669e-01  -1.5365369e-01  -8.9223157e-03  -2.3640268e-04   6.7546001e-03
   6.4912331e-02   2.3119872e-01   2.0483092e-02  -1.3804603e-02   1.1942738e-03   6.4183747e-03
   6.5061205e-02   2.9308766e-01   2.0296586e-02  -1.4187087e-02   1.1642096e-03   5.7764665e-03
   5.1779726e-02   2.9607394e-01   7.2815736e-02  -1.5933674e-02   5.9061457e-04   6.2815324e-03
   2.5368455e-02   2.7721282e-01   7.8924340e-02  -1.8037316e-02   1.5740876e-03   6.4452485e-03
   4.6409569e-02   3.2580367e-01   1.3339029e-01  -1.8123825e-02   1.7120091e-03   6.5293757e-03
   2.7243041e-02   2.7420978e-01   5.4065645e-02  -1.5006941e-02   1.3921923e-03   6.5909033e-03
   1.0541949e-02   2.8951515e-01   4.7613049e-02  -1.8137563e-02   1.2959715e-03   6.6930381e-03
   2.7058571e-02   3.1893216e-01   2.4660961e-01  -1.8684756e-02   1.3047295e-03   6.5062344e-03
   3.4313238e-02   3.1692525e-01   2.4825705e-01  -1.9429055e-02   1.2702890e-03   6.1334469e-03
   4.6010229e-02   2.4945983e-01   1.4971969e-01  -1.9611886e-02   2.3015751e-03   6.0792020e-03
   3.9259513e-02   2.3646297e-01   1.3359388e-01  -2.1723180e-02   2.7109345e-03   5.9730120e-03
   6.9154302e-02   2.6501910e-01   2.2046830e-01  -2.1624074e-02   3.0775706e-03   5.8128748e-03
   2.7302977e-02   2.0882905e-01   2.3843625e-01  -2.4216705e-02   2.8266851e-03   4.7649630e-03
   1.9689685e-02   3.7504592e-01   3.1599495e-01  -2.1109242e-02   2.3591371e-03   5.7586971e-03
   6.0441761e-02   1.9043809e-01   1.4419014e-01  -2.2950380e-02   2.6261959e-03   5.3075818e-03
   7.2650985e-02   3.1507342e-01   2.6846913e-01  -2.1696763e-02   3.0799629e-03   5.2127856e-03
   5.2291125e-02   2.6858723e-01   2.6996645e-01  -2.3634054e-02   2.4804776e-03   5.5165778e-03
   7.6266191e-02   3.7703268e-01   3.0100190e-01  -2.1328964e-02   2.4346797e-03   5.3757540e-03
   5.9028177e-02   2.7267829e-01   2.9550035e-01  -2.3526747e-02   2.3968120e-03   5.6991299e-03
   7.2708187e-02   2.5283307e-01   1.7318685e-01  -2.0858730e-02   2.4642467e-03   5.9022988e-03
   7.4846957e-02   2.8838787e-01   2.7610711e-01  -2.1562065e-02   2.5517856e-03   6.0023114e-03
   7.8707238e-02   2.2350336e-01   1.6613134e-01  -2.1670634e-02   2.4258931e-03   5.6286078e-03
   6.3361460e-02   3.6043167e-01   3.9164983e-01  -1.1048064e-02   1.5143848e-03   5.7611672e-03
   1.1064073e-01   3.0226612e-01   2.9201403e-01  -4.2172597e-03   1.2319252e-03   6.3416891e-03
   2.7551475e-02   5.0678754e-01   9.5377080e-01  -5.9777579e-03   3.4795651e-03   6.5359974e-03
   2.2138051e-02   2.9125100e-01   8.7326787e-01  -8.5354339e-03   5.1915761e-03   6.9642902e-03
   3.1046169e-02   3.8928751e-01   8.4911449e-01  -8.5711283e-03   3.8674016e-03   7.2246386e-03
   2.3271898e-02   3.9222210e-01   7.6920252e-01  -9.8113449e-03   4.8195453e-03   7.0278634e-03
   8.7421255e-02   1.7806497e-01   6.2675662e-01  -1.7077474e-02   5.9168829e-03   7.3192443e-03
   1.2533797e-01   3.2014034e-01   9.1628663e-01  -1.2867791e-02   6.1043569e-03   6.6803861e-03
   1.0932662e-01   3.8729883e-01   9.4954562e-01  -1.1874032e-02   5.5653385e-03   6.7193821e-03
   9.2637808e-02   2.6839411e-01   8.8763790e-01  -1.3854733e-02   5.3598080e-03   6.7776929e-03
   1.0736905e-01   3.6150464e-01   9.5817075e-01  -1.0259463e-02   5.2811683e-03   7.0595495e-03
   7.4287852e-02   2.4796429e-01   7.2895813e-01  -7.7760648e-03   4.5774575e-03   6.6187003e-03
   7.9264274e-02   4.1505095e-01   8.9798729e-01  -9.2727098e-03   5.0607709e-03   6.2139330e-03
   6.8704028e-02   3.0768756e-01   7.9044289e-01  -1.0885705e-02   4.7009212e-03   6.5323151e-03
   1.5747774e-01   3.5159478e-01   1.3342754e-01  -2.0071148e-02   5.3737731e-03   5.8464336e-03
   2.9386423e-01   3.2216525e-01  -3.6450289e-01  -1.7867074e-02   2.0201272e-03   4.8627168e-03
   2.6904658e-01   3.1788472e-01  -1.2375382e-01  -1.5692296e-02   1.8709958e-03   5.0122884e-03
   2.5340793e-01   2.8910929e-01  -7.7948348e-02  -1.8080070e-02   1.9696977e-03   4.9555457e-03
   2.5257229e-01   3.3522078e-01   1.0084157e-01  -1.9056490e-02   2.6256766e-03   5.0640856e-03
   2.1785684e-01   3.2969513e-01   1.2937454e-01  -1.9019316e-02   3.1634030e-03   5.8595148e-03
   2.3585228e-01   3.3811200e-01   1.6140138e-01  -2.0290520e-02   3.0641585e-03   5.3539326e-03
   2.4926479e-01   3.1739800e-01   1.8877986e-01  -2.0602750e-02   2.4686292e-03   5.1232788e-03
   2.5735935e-01   2.9091096e-01   1.0729565e-01  -2.0274919e-02   1.7399674e-03   5.2534911e-03
   2.7381897e-01   3.4293648e-01   1.4411734e-01  -2.0881470e-02   1.9306903e-03   4.7836088e-03
   2.6410175e-01   3.8507405e-01   2.4229043e-01  -1.8596965e-02   2.3828977e-03   5.0408325e-03
   2.4629554e-01   2.7140162e-01   1.5004731e-01  -2.0748302e-02   2.5382148e-03   4.9822301e-03
   2.5600715e-01   3.7103370e-01   2.8123185e-01  -1.6744284e-02   2.9237682e-03   4.7975061e-03
   2.4388506e-01   3.2880230e-01  -9.0545924e-03  -1.7007529e-02   2.7738065e-03   4.1302270e-03
   2.5879592e-01   3.8020842e-01   1.6536960e-01  -1.6646901e-02   3.4010076e-03   4.6128730e-03
   2.3997361e-01   3.0763277e-01   1.4489123e-01  -1.9551566e-02   3.6750197e-03   4.5488457e-03
   2.5106185e-01   3.4587800e-01   1.4312844e-01  -1.9391603e-02   3.5000214e-03   4.4723531e-03
   2.7406396e-01   3.8730206e-01   3.4486749e-01  -2.0754569e-02   4.2186040e-03   3.8640804e-03
   2.7346790e-01   3.7337982e-01   3.1262615e-01  -1.9295941e-02   3.8376742e-03   4.0796649e-03
   2.5290081e-01   3.0464927e-01   1.7617954e-01  -2.1040246e-02   3.9663276e-03   4.1286165e-03
   2.6243373e-01   4.5418986e-01   3.6129068e-01  -1.9570205e-02   4.0227447e-03   4.1764763e-03
   2.4478609e-01   3.8875050e-01   5.3238250e-01  -2.3762003e-02   4.2543084e-03   3.9819816e-03
   2.6216771e-01   4.6958217e-01   5.4618494e-01  -2.0131126e-02   4.1508020e-03   4.0089286e-03
   2.2553677e-01   3.5266481e-01   4.0073665e-01  -2.1507055e-02   4.1816016e-03   4.2875689e-03
   2.4433449e-01   4.2887980e-01   4.7000001e-01  -2.1846609e-02   4.7009610e-03   3.9783615e-03
   1.6608908e-01   3.2466964e-01   3.8110874e-01  -2.2714837e-02   3.8945340e-03   3.6435300e-03
   1.5818598e-01   3.9133852e-01   4.1024230e-01  -2.1773085e-02   3.5421450e-03   3.2586845e-03
   1.5996886e-01   3.6106594e-01   4.5147104e-01  -2.3522782e-02   3.6532365e-03   3.1924237e-03
   1.5445601e-01   3.2270790e-01   3.7142976e-01  -2.2507516e-02   3.4040349e-03   3.3963748e-03
   1.6597774e-01   3.7677162e-01   4.7875106e-01  -2.2784133e-02   3.5803068e-03   3.1082864e-03
   1.6386166e-01   3.5163504e-01   5.9123773e-01  -2.4281288e-02   3.6934806e-03   3.2528824e-03
   1.2477481e-01   4.1234384e-01   9.1980814e-01  -2.1050515e-02   2.8935844e-03   4.0001145e-03
   1.4877178e-01   2.9168645e-01   3.5794119e-01  -1.7697371e-02   1.9661993e-03   3.6309937e-03
   1.7450840e-01   4.7220574e-01   2.3643083e-01  -1.4666174e-02   8.5398726e-04   3.5596525e-03
   1.9997505e-01   4.8962797e-01   6.7942966e-01  -1.5725864e-02   1.7591880e-03   3.7872042e-03
   1.4735537e-01   3.2529450e-01   6.6959905e-01  -1.4660358e-02   9.7535133e-04   3.4580958e-03
   1.3962015e-01   2.8236134e-01   3.1210310e-01  -3.6483260e-04  -1.4387865e-03   4.2579914e-03
   2.0484323e-01   3.7159370e-01  -1.3147832e-01  -3.0155925e-03  -1.1515648e-03   4.0106850e-03
   2.1789078e-01   4.6048187e-01   4.6739023e-02  -5.6915533e-03  -5.7677563e-04   3.6915269e-03
   2.0354781e-01   5.1262898e-01   2.1730827e-01  -8.1634896e-03  -3.2202022e-05   3.6836326e-03
   1.6523787e-01   4.4832632e-01   3.7927399e-01  -7.6572196e-03  -8.6560160e-04   3.6605003e-03
   3.8992740e-02   5.2313533e-01   1.0473373e+00  -9.4066772e-03  -1.4142758e-03   3.6613377e-03
   1.0435203e-01   4.2718262e-01   6.7481037e-01  -8.5654831e-03   3.5227510e-04   1.8298270e-03
   4.5145805e-01   4.3088041e-01   1.5119762e-01  -1.2243231e-02   1.1786574e-02  -1.9983999e-03
   3.9775627e-01   3.9872363e-01  -1.0196098e+00  -2.6675945e-02  -2.3190701e-03   3.1302432e-03
   5.4187069e-01  -2.7705061e-01  -2.3791752e+00  -4.3813358e-02  -2.1808200e-03   2.0313441e-03
   4.3686800e-01  -3.3141375e-01  -2.0955727e+00  -4.1361388e-02  -2.6188712e-04   3.1239934e-03
   4.3480550e-01   9.8883769e-02  -1.1363284e+00  -2.8660062e-02   1.6526912e-03   1.7057495e-03
   4.2842274e-01   7.1329747e-02  -9.5248132e-01  -1.1938208e-02   1.3214066e-03   8.8672530e-04
   2.2700596e-01  -2.6449415e-01  -2.1916959e+00   1.4319548e-02  -6.8610567e-03   3.8656556e-03
   2.1662898e-01   3.0617582e-01  -2.5501453e+00  -1.3718818e-02  -1.1313333e-03   4.7681868e-03
   3.6614227e-01  -3.3432717e-02  -2.4605092e+00  -2.4968166e-02   9.8642526e-04   3.8643548e-03
   4.3815440e-01   1.0507822e-02  -2.2101236e+00  -2.9452312e-02   1.1810698e-03   3.1779241e-03
   4.7027993e-01   7.5792732e-03  -1.9449535e+00  -3.0038311e-02   1.3260220e-03   3.6889229e-03
   4.8461276e-01  -3.8895433e-02  -1.8010838e+00  -3.0454337e-02   2.3191114e-03   3.8638669e-03
