   0.0000000e+00  -1.4210855e-14  -1.4210855e-14  -5.5511151e-17   3.8518599e-34  -6.9388939e-18
   1.3083914e-02   1.4396901e-02   3.3373733e-02  -8.3386793e-04  -2.6089560e-04  -4.7580130e-04
   3.7496258e-02   8.7102721e-02  -5.9532736e-03   1.0551501e-03   6.7995412e-04  -4.3660331e-04
   3.0999046e-02   9.7270940e-02  -2.1625240e-02   9.6782920e-04   6.5556032e-04  -5.1700539e-04
   2.7936023e-02   8.6097053e-02   2.6599118e-03   5.4149825e-04   6.5627776e-04  -9.5756580e-04
   2.9624114e-03   5.8380795e-02   2.4745470e-02  -2.9099392e-04  -5.6990402e-04  -6.6375032e-04
   1.1086665e-01   5.3658566e-02   1.7519699e-01   3.3083092e-04   1.5918970e-03  -1.6853435e-03
   5.8027073e-02   1.7935322e-03   5.1347032e-02  -3.9308346e-04   8.5266201e-04  -1.5598161e-03
   2.2135059e-02   1.2139226e-01   2.4119093e-02   1.5490851e-03   2.3779795e-04  -4.5991199e-04
   4.4644420e-02   1.1024944e-01   1.0110844e-01   1.3113629e-03   8.2950681e-04  -3.6553840e-04
   6.3624861e-02   8.0869322e-02   8.4115852e-02   6.3679631e-04   1.0491627e-03  -6.6808688e-04
   6.0389306e-02   4.4594970e-02   9.0239914e-02   3.9005187e-04   9.2520968e-04  -4.9421219e-04
   5.0196629e-02   6.2287456e-02   8.5523626e-02   5.2226440e-04   5.7706168e-04  -1.2929259e-04
   7.0524410e-02   5.6236182e-02   7.8854094e-02  -3.1915748e-04   8.4722569e-04  -1.4893165e-04
   5.3077236e-02   4.8054500e-02   9.4430638e-02  -1.5053004e-04   9.7221803e-04  -2.4343961e-05
   6.4184055e-02   5.8547858e-02   1.2591410e-01   3.3146641e-05   9.2615196e-04  -1.2336713e-04
   5.2654942e-02   5.6285400e-02   1.2273972e-01   2.1665794e-04   9.6807374e-04   3.6640499e-04
   5.8535780e-02   3.1794546e-02   1.3572244e-01  -5.1522368e-04   1.3268275e-03   1.5471937e-04
   6.7847368e-02   3.0138918e-02   9.1273023e-02  -9.9896746e-04   1.2808663e-03  -1.7840402e-05
   6.6691591e-02   7.5041465e-02   1.1242153e-01  -6.8993246e-04   1.1954287e-03  -3.6356952e-04
   6.3285013e-02   3.9822209e-02   9.7691720e-02  -1.3172305e-03   7.4772993e-04  -2.1822693e-04
   8.1424429e-02   2.3227567e-02   4.0477865e-02  -1.8907495e-03   1.7315281e-03   3.9445698e-04
   8.0354324e-02   3.2706012e-02   1.1541730e-01  -2.6147075e-03   1.1607494e-03  -2.7380340e-04
   8.4205743e-02  -6.0460936e-03   1.0913536e-01  -2.8132224e-03   1.8414244e-03   3.4683454e-04
   6.7544175e-02  -1.1739847e-02   1.1422321e-01  -3.1914442e-03   2.1874301e-03   3.8524647e-04
   6.1568114e-02  -4.5665762e-02   1.3880976e-01  -3.3683638e-03   2.0130732e-03   6.9853581e-04
   8.1883191e-02  -4.1479622e-02   1.0367218e-01  -2.8027367e-03   2.5251712e-03   2.7826397e-04
   6.4789337e-02  -2.7789905e-02   5.4110255e-02  -3.1250759e-03   2.0137533e-03   2.6268948e-04
   6.9476537e-02  -1.9035939e-02   3.1813325e-02  -3.4220724e-03   2.3521090e-03   3.0911189e-04
   5.4716071e-02   2.3847654e-02   5.5808117e-02  -3.2956633e-03   2.0652839e-03  -1.7719320e-04
   4.6259350e-02   3.7054528e-02   4.0847920e-02  -2.6015094e-03   1.9600410e-03   5.6635872e-05
   5.4800036e-02   4.2994535e-02   1.0148508e-01  -3.0679653e-03   1.8274573e-03  -4.9886401e-04
   4.9681113e-02   3.9043345e-02   7.4874226e-02  -3.1347373e-03   1.9501368e-03  -3.7404879e-04
   4.4994654e-02   3.0454691e-02   7.3552982e-02  -2.2343044e-03   1.7476550e-03   2.0821853e-04
   7.0589604e-02  -2.7988972e-02   1.5841816e-01  -3.5709805e-03   2.5532130e-03   7.1512934e-05
   6.8160456e-02  -2.0803388e-02   1.2593236e-01  -3.7714266e-03   2.3837550e-03   1.9682677e-05
   5.2735005e-02   4.4399476e-02   6.1463380e-02  -2.7103258e-03   2.3731641e-03  -1.6072978e-04
   3.4467358e-02  -3.9136718e-02   6.8016507e-02  -5.2416022e-03   2.7072798e-03  -7.7542287e-04
   2.9288927e-02  -1.5828126e-02   2.3930817e-02  -4.3603014e-03   2.7360153e-03  -5.2815673e-04
   3.2974631e-02  -4.2708832e-02   5.0763799e-02  -4.5569187e-03   2.9055717e-03  -3.0784351e-04
   4.0515998e-02   2.4460479e-02   7.4515168e-02  -3.0689607e-03   2.4883209e-03   3.8591373e-04
   4.7225635e-02   2.3148221e-02   1.5486088e-01  -3.5143567e-03   2.6894878e-03   1.7045307e-06
   2.3768290e-02  -1.8930860e-02   4.7877134e-02  -4.2429451e-03   2.9172325e-03  -4.1826573e-04
   1.4219307e-02  -1.3391706e-02   4.6699781e-02  -3.7440336e-03   2.8355112e-03  -7.7447527e-04
   2.0638527e-02  -1.6007143e-02   3.8144931e-02  -3.4934224e-03   3.3479514e-03  -6.5469534e-04
   2.3775659e-02   1.5609032e-02   6.1309695e-02  -3.3182573e-03   3.4824909e-03  -6.6989121e-04
   2.4689911e-02   1.3792188e-02  -1.2045868e-02  -4.5108886e-03   3.6559404e-03  -1.4610318e-03
   1.2976356e-02  -5.9902116e-02  -2.9925469e-02  -4.5690852e-03   3.5674794e-03  -1.3187206e-03
   4.9198366e-02  -4.9644012e-03  -4.0418217e-03  -2.9440615e-03   1.0236055e-03   2.0491118e-04
   5.3991926e-02   1.6630256e-01   1.0602034e-01   3.3158519e-04   1.3762739e-03  -4.9026959e-04
   1.0318621e-01   3.1685104e-02  -9.8646415e-02  -2.2332977e-03   3.3337083e-03  -7.7860031e-04
   1.0407084e-01   5.0055506e-02  -1.0816271e-01  -2.4662294e-03   3.3257035e-03  -5.0816054e-04
   9.9428277e-02   2.6716335e-02  -6.5418033e-02  -3.0085389e-03   2.9726815e-03  -4.5033629e-04
   9.6747719e-02   9.7444536e-03  -1.0510719e-01  -2.2336804e-03   3.3958421e-03  -4.9211011e-04
   9.5456132e-02   9.3097637e-02  -2.3541912e-02  -1.0659089e-03   3.0998853e-03  -5.3891155e-04
   1.4702964e-02   4.5154387e-02  -1.3304642e-01   9.4499958e-04   1.1572727e-03   1.1341879e-03
   9.8689192e-02  -1.9216212e-02  -1.8712288e-01  -1.6414622e-03   2.8630840e-03   3.9568096e-04
   9.6744284e-02   1.9752873e-02  -1.8082365e-01  -2.4573330e-03   2.8245146e-03   8.4152348e-04
   1.1686725e-01   4.2608219e-02  -1.8185604e-01  -2.9534764e-03   2.4878766e-03   1.1692965e-03
   1.4033861e-01   9.7464666e-02  -1.0668934e-01  -1.1328517e-03   2.9662164e-03   1.0668169e-03
   1.3941019e-01   1.4302681e-01  -1.4045672e-02  -3.0796784e-04   2.7238535e-03   1.2611349e-03
   8.1509997e-01  -1.3572742e-01  -7.5018413e-01  -1.1779248e-03   5.8616912e-03   4.2171068e-03
   2.4610895e-01   8.3687748e-02  -4.7121406e-01   2.6892871e-03   4.5868325e-03   2.9503441e-03
   2.4212573e-01   4.7238406e-02  -4.7242096e-01  -1.2121318e-03   5.0785634e-03   2.3865719e-03
   2.3955577e-01  -3.5439208e-02  -5.0434645e-01  -1.4239115e-03   5.1586885e-03   3.0102908e-03
   2.2515771e-01  -5.9033668e-03  -4.8380104e-01  -4.6839888e-04   5.4196688e-03   2.8061867e-03
   2.9975426e-01   1.1803106e-01  -5.9071765e-01   2.2846397e-03   6.4911040e-03   2.5512477e-03
   2.3064783e-01   2.7386380e-02  -5.9956426e-01  -6.9641233e-05   5.2592623e-03   2.1398011e-03
   2.3007444e-01  -2.5691185e-02  -6.3121893e-01  -6.8064563e-04   5.6175229e-03   2.4043582e-03
   2.2419314e-01  -1.1011192e-02  -6.2878369e-01  -9.8407849e-04   5.6878168e-03   2.5993247e-03
   2.3465711e-01  -1.7754483e-02  -6.0075813e-01  -1.4179369e-03   5.8300318e-03   3.0198499e-03
   2.4856132e-01   1.8938065e-02  -5.7493055e-01  -1.0399274e-03   6.5720463e-03   2.4890582e-03
   2.5876101e-01  -4.3072023e-02  -5.8406804e-01  -1.3959820e-03   5.7533690e-03   3.3830896e-03
   2.4067550e-01   1.2258607e-02  -5.1313926e-01  -1.6965069e-03   5.8700570e-03   3.1141292e-03
   2.7774484e-01  -7.3010445e-02  -5.5452760e-01  -2.5750047e-03   6.4890402e-03   3.5935613e-03
   2.9824623e-01   8.8513754e-03  -4.8668023e-01  -2.1984335e-03   6.4777539e-03   3.8081780e-03
   2.5626295e-01  -5.3024158e-02  -5.4608167e-01  -2.7744612e-03   5.9684394e-03   3.5008990e-03
   3.0406516e-01  -5.2202403e-02  -5.0268171e-01  -2.8873165e-03   6.7882803e-03   3.4063822e-03
   2.9930487e-01  -1.5979866e-02  -5.0232933e-01  -3.2093231e-03   6.3470903e-03   3.5090009e-03
   3.3388311e-01  -1.1260861e-01  -4.2605847e-01  -5.6385146e-03   6.5287178e-03   5.5335949e-03
   3.5787385e-01  -1.1338915e-01  -3.6093823e-01  -6.8980269e-03   7.0076652e-03   6.2935459e-03
   3.4971916e-01  -1.1811311e-01  -3.5599215e-01  -6.7631807e-03   6.6748580e-03   5.6940347e-03
   3.0081879e-01  -1.1766867e-01  -3.9995739e-01  -6.4966364e-03   6.2422376e-03   5.5272023e-03
   3.1309478e-01  -1.2780979e-01  -3.6597527e-01  -6.2144781e-03   6.0028413e-03   5.8497672e-03
   3.3529284e-01   6.6118975e-02  -4.3424440e-01  -1.1852504e-03   6.3168836e-03   3.5488650e-03
   2.5927316e-01  -8.8163948e-02  -5.2155233e-01  -4.9296706e-03   5.3839962e-03   3.9369502e-03
   2.3148798e-01  -3.4703135e-02  -4.7498234e-01  -4.7442967e-03   5.0941749e-03   4.1445936e-03
   2.3236247e-01   5.9697421e-02  -4.5959672e-01  -1.7795939e-03   5.5475595e-03   4.1088830e-03
   2.1053869e-01  -6.8623380e-02  -5.5950113e-01  -2.5148801e-03   4.2623939e-03   1.8720023e-03
   1.2408961e-01  -1.0229210e-01  -4.7691685e-01  -2.9129226e-03   3.3228652e-03   2.5201486e-03
   1.5723409e-01  -3.6411249e-02  -5.4194323e-01  -4.5943687e-03   3.9662563e-03   3.5620217e-03
   1.6812527e-01  -6.7038971e-02  -5.8150313e-01  -4.6086735e-03   4.3678559e-03   3.6517269e-03
   2.1402238e-01  -5.9472139e-02  -5.6167730e-01  -4.1691181e-03   4.5028036e-03   3.7916224e-03
   2.2585046e-01  -4.9335535e-02  -5.0953626e-01  -4.3732283e-03   4.4965699e-03   4.0014163e-03
   2.4874174e-01  -4.9807794e-02  -4.9965566e-01  -4.7600426e-03   4.9097028e-03   3.9665780e-03
   2.1370836e-01  -9.1395768e-02  -5.2804847e-01  -4.7365594e-03   5.1925264e-03   4.1547346e-03
   2.2991098e-01  -1.1592850e-01  -5.1148759e-01  -7.9770964e-03   5.5126113e-03   4.9429709e-03
   2.6423802e-01  -9.6472093e-02  -4.0393048e-01  -8.2186761e-03   6.2026583e-03   5.1424650e-03
   3.0185404e-01  -1.4173144e-01  -3.7960899e-01  -8.3933840e-03   5.3803904e-03   5.8333209e-03
   3.4366592e-01  -3.8723369e-02  -3.7213986e-01  -5.5506296e-03   5.3301468e-03   4.2454902e-03
   2.4328716e-01  -1.7180571e-01  -5.8650799e-01  -6.8709959e-03   4.3226426e-03   4.7451729e-03
   2.6959772e-01  -1.1574580e-01  -5.6675497e-01  -7.6937118e-03   5.0553816e-03   5.2894168e-03
   3.0576816e-01  -1.0038408e-01  -5.3313432e-01  -7.5648394e-03   5.6320463e-03   5.5793728e-03
   3.0304510e-01  -4.4535529e-02  -4.6692680e-01  -6.6898960e-03   5.3381423e-03   5.5841228e-03
   2.9301761e-01  -6.6802151e-02  -5.0113225e-01  -7.3746603e-03   5.3747818e-03   4.8030955e-03
   2.5478315e-01  -8.7849166e-02  -5.0348230e-01  -7.6240036e-03   4.9680925e-03   5.2459150e-03
   2.8321139e-01  -1.0832359e-01  -4.6887060e-01  -8.3650800e-03   4.6601807e-03   5.4531735e-03
   1.7671665e-01  -7.5215594e-02  -6.3085226e-01  -9.3601441e-03   3.2512671e-03   3.8415237e-03
   2.8462994e-01  -1.7593755e-01  -4.9435300e-01  -1.2782306e-02   1.9061159e-03   4.7423935e-03
   3.2442257e-01  -1.6359846e-01  -5.5456558e-01  -6.6527704e-03   3.7829549e-03   4.5684418e-03
   3.0631322e-01  -1.1630104e-01  -5.3487045e-01  -5.2230892e-03   3.9788920e-03   4.8817793e-03
   3.0500926e-01  -6.0623076e-02  -5.7558122e-01  -4.9451002e-03   4.4268166e-03   5.2536215e-03
   2.9834180e-01  -1.4747439e-01  -5.0611935e-01  -7.1170985e-03   4.5409334e-03   5.5169096e-03
   3.2054121e-01  -1.9724790e-01  -5.0258218e-01  -7.8285819e-03   5.0842115e-03   5.8521635e-03
   3.4311876e-01  -2.1117629e-01  -4.7248656e-01  -8.6360568e-03   4.6995745e-03   7.1416350e-03
   3.7334902e-01  -1.8797967e-01  -3.8072158e-01  -8.9800612e-03   5.4872601e-03   6.3936990e-03
   3.2094925e-01  -1.8558022e-01  -3.9473304e-01  -9.2534880e-03   4.7898534e-03   5.9630541e-03
   2.6826118e-01  -1.7214484e-01  -5.3434075e-01  -9.7798517e-03   3.6154312e-03   5.4398703e-03
   3.4032329e-01  -1.6359625e-01  -6.0489272e-01  -5.0535733e-03   5.7145291e-03   4.2399859e-03
   2.9707118e-01  -1.4715457e-01  -6.1249781e-01  -7.6329051e-03   6.7905460e-03   4.7196470e-03
   3.0994442e-01  -1.5688678e-01  -6.2526097e-01  -7.1763851e-03   6.6193783e-03   5.5796187e-03
   3.4836922e-01  -1.7112215e-01  -6.0712337e-01  -7.3531342e-03   6.8446223e-03   6.0670972e-03
   3.5432275e-01  -1.6294748e-01  -5.0647560e-01  -7.9537331e-03   6.6508210e-03   5.6430323e-03
   3.2009180e-01  -1.5685627e-01  -5.4346328e-01  -6.5365565e-03   6.5942898e-03   5.1396764e-03
   3.2049156e-01  -1.5478382e-01  -5.0742260e-01  -6.8944737e-03   6.5911937e-03   5.1511762e-03
   2.8901953e-01  -9.9021285e-02  -5.3694144e-01  -4.1575297e-03   5.4786432e-03   4.2828334e-03
   3.1220447e-01  -6.4110986e-02  -5.0592725e-01  -5.5006839e-03   5.9114257e-03   5.1752714e-03
   3.1202003e-01  -1.1333082e-01  -5.2705634e-01  -5.6727046e-03   6.6031243e-03   4.7670746e-03
   3.3101510e-01  -1.2737845e-01  -6.0069730e-01  -5.9629552e-03   6.0865237e-03   4.9975151e-03
   3.3172446e-01  -1.8522306e-01  -5.2776094e-01  -7.1076945e-03   5.6199022e-03   5.5015437e-03
   3.2998418e-01  -1.4875179e-01  -5.5283308e-01  -6.2018446e-03   5.7233174e-03   5.1488948e-03
   3.7654394e-01  -1.5914999e-01  -5.5683309e-01  -7.0781323e-03   6.0410919e-03   5.5668895e-03
   3.5375010e-01  -1.7056759e-01  -5.4600298e-01  -7.3456147e-03   6.1802845e-03   5.9905201e-03
   4.1004661e-01  -1.8845522e-01  -4.9530693e-01  -8.5958129e-03   7.0997684e-03   6.6306891e-03
   4.4998948e-01  -1.6949559e-01  -4.7671493e-01  -8.0666274e-03   7.7635361e-03   6.8719472e-03
   4.7031857e-01  -1.9071671e-01  -4.4451606e-01  -9.5843811e-03   7.9785379e-03   6.1007684e-03
   4.5211606e-01  -2.2226899e-01  -4.3728662e-01  -9.9807384e-03   8.0868902e-03   6.0728798e-03
   4.3186151e-01  -2.6598716e-01  -4.6221892e-01  -1.0544508e-02   7.5947713e-03   6.3208561e-03
   5.2904831e-01  -2.6480555e-01  -1.3289169e-01  -1.0840459e-02   6.6766383e-03   6.5001764e-03
   6.5913353e-01  -1.2316546e-01  -8.6379811e-02  -9.5106141e-03   9.7901049e-03   3.7205610e-03
   6.3945188e-01  -2.3674391e-01  -2.4118206e-01  -1.0294567e-02   7.9987728e-03   5.0509513e-03
   4.8462784e-01  -2.3182995e-01  -4.2959041e-01  -9.6944538e-03   7.7542754e-03   4.1518013e-03
   4.8982264e-01  -1.5472519e-01  -3.6187784e-01  -9.8548150e-03   8.3782471e-03   4.9824305e-03
   4.9425351e-01  -1.5637551e-01  -3.6334634e-01  -8.0482516e-03   8.2696021e-03   5.5685374e-03
   4.9516176e-01  -2.1415728e-01  -3.5144717e-01  -1.0267636e-02   7.4800990e-03   5.7384622e-03
   5.1881722e-01  -2.1304920e-01  -3.5440203e-01  -1.0081048e-02   8.2939108e-03   6.2524427e-03
   6.6201461e-01  -2.2663889e-01  -2.2568647e-01  -9.0717255e-03   8.0762704e-03   7.4078305e-03
   5.5080209e-01  -1.5956664e-01  -4.0956628e-01  -9.5403015e-03   8.2777136e-03   6.4709762e-03
   4.7046006e-01  -1.3695486e-01  -3.2433791e-01  -9.3789871e-03   7.7433405e-03   5.9486691e-03
   4.8644109e-01  -1.2425468e-01  -2.8500716e-01  -9.5041452e-03   7.5023889e-03   5.7723342e-03
   4.8128368e-01  -1.9307485e-01  -3.6151776e-01  -1.0170410e-02   7.5324030e-03   6.1301862e-03
   5.1887490e-01  -9.0578611e-02  -2.5458853e-01  -8.5301787e-03   8.7386938e-03   6.1414195e-03
   5.4700860e-01  -1.6798825e-01  -2.9756415e-01  -9.4495113e-03   8.3922674e-03   7.0686290e-03
   5.0615411e-01  -1.1885378e-01  -3.1451571e-01  -9.9063193e-03   8.2664214e-03   7.1460890e-03
   5.1748253e-01  -2.1897895e-01  -2.5308065e-01  -1.2725807e-02   8.5952436e-03   7.8356250e-03
   4.9870258e-01  -2.1912002e-01  -2.3569245e-01  -1.2580588e-02   8.1176700e-03   6.9118776e-03
   5.2979853e-01  -2.2037814e-01  -1.4382206e-01  -1.2995326e-02   8.8032588e-03   7.4773336e-03
   5.4452085e-01  -3.0635927e-01  -1.6656022e-01  -1.5097086e-02   9.0337158e-03   7.8531262e-03
   5.3375082e-01  -2.7204497e-01  -1.6761252e-01  -1.4060805e-02   8.5015828e-03   7.9560377e-03
   6.6746620e-01  -5.2938657e-01  -1.6985601e-01  -1.9182533e-02   9.0107343e-03   7.1873879e-03
   6.0178490e-01  -2.3329901e-01  -5.2420806e-01  -1.0523286e-02   9.1055225e-03   8.8529475e-03
   5.8377630e-01  -2.5079863e-01  -5.6000083e-01  -1.4063834e-02   9.3172932e-03   8.2623063e-03
   5.8952012e-01  -2.8153987e-01  -5.2340781e-01  -1.4366498e-02   9.3212946e-03   8.8573158e-03
   6.8688219e-01  -1.9490775e-01  -4.5257385e-01  -1.0032135e-02   1.2363576e-02   8.4659809e-03
   4.0262382e-01   1.0722200e+00  -1.9298571e+00   2.7256700e-02  -6.0731764e-05   1.1700240e-02
   6.3168070e-01   9.4069812e-01  -1.6720649e+00   2.0158490e-02   4.7196648e-03   9.1596403e-03
   5.2618622e-01   5.2173146e-01  -1.7607470e+00   1.0751738e-02   5.4047675e-03   1.0364083e-02
   4.7555058e-01   4.8076651e-01  -1.6505811e+00   9.1907818e-03   5.3995174e-03   9.3491933e-03
   4.8581563e-01   3.7232430e-01  -1.6370093e+00   7.1524270e-03   6.3129291e-03   9.7502863e-03
   4.9760354e-01   3.2587486e-01  -1.6214615e+00   4.9691167e-03   6.5655601e-03   1.0409762e-02
   5.3214207e-01   2.6879273e-01  -1.5781179e+00   3.2047846e-03   6.1772037e-03   1.1230265e-02
   5.4940476e-01   2.6978769e-01  -1.5537977e+00   2.3659744e-03   6.3886872e-03   1.0602823e-02
   5.4765101e-01   2.4785111e-01  -1.6310478e+00   2.9306695e-03   6.7695732e-03   1.0912339e-02
   5.4872882e-01   2.2295132e-01  -1.5673323e+00   2.0646264e-03   7.0058843e-03   1.1049078e-02
   5.4088679e-01   1.9821996e-01  -1.6118323e+00   1.9565643e-03   6.6065070e-03   1.1178441e-02
   5.7740523e-01   2.4760243e-01  -1.5365544e+00   1.9699495e-03   7.3429130e-03   1.1187795e-02
   3.2683770e-01   2.2990002e-01  -8.1365703e-01  -1.1886740e-03   4.6113244e-03   6.1451976e-03
   3.2090432e-01   1.6224037e-01  -6.7368771e-01  -8.7534493e-04   4.5350572e-03   5.8618693e-03
   3.0927882e-01   5.5580298e-02  -6.8857252e-01  -3.8422386e-03   4.9278189e-03   5.6313367e-03
   2.8239817e-01   9.7384906e-02  -7.7219100e-01  -2.1249165e-03   4.3987836e-03   4.9491066e-03
   2.7664726e-01   1.4475143e-01  -7.6885520e-01  -2.0217848e-03   4.8188256e-03   4.5404378e-03
   3.4791238e-01   8.0748802e-02  -7.1351088e-01  -2.9997242e-03   5.0619727e-03   5.0312700e-03
   4.5150683e-01   8.3114280e-02  -6.7032287e-01  -3.3520837e-03   5.2986830e-03   6.7036829e-03
   4.5336089e-01   4.1668581e-02  -6.4338764e-01  -4.5845742e-03   4.8163856e-03   6.2915127e-03
   4.3080413e-01   4.5219161e-02  -5.7705609e-01  -4.9694273e-03   5.6479302e-03   6.0693378e-03
   3.6342789e-01  -8.8820689e-02  -6.1502269e-01  -1.0009817e-02   6.1408344e-03   6.2510002e-03
   3.9992014e-01  -7.9044154e-02  -5.1383104e-01  -1.0602219e-02   6.7055534e-03   7.1265014e-03
   3.9498860e-01  -1.9539188e-02  -5.2339350e-01  -7.6360597e-03   6.1747060e-03   6.4026323e-03
   4.0256249e-01  -2.7536779e-02  -6.1238694e-01  -6.2708853e-03   6.2870659e-03   6.2656512e-03
   3.9253772e-01  -2.6798032e-02  -6.3634571e-01  -6.3885463e-03   6.1859098e-03   6.2959294e-03
   4.3067840e-01   3.8264260e-02  -6.4508886e-01  -5.6416790e-03   6.4179305e-03   6.3596801e-03
   3.3018616e-01  -1.5205528e-01  -7.0445817e-01  -1.2807034e-02   8.9128398e-03   7.7615323e-03
   3.1903880e-01  -1.4460050e-01  -6.6520867e-01  -1.2804814e-02   7.3157280e-03   9.3394300e-03
   3.7364172e-01  -2.0898101e-01  -5.4226653e-01  -1.4201327e-02   7.2017778e-03   9.7328560e-03
   4.1955184e-01   4.2010504e-01  -3.9274970e-01   1.2006423e-02   4.1859587e-03   5.6911872e-03
   3.7272855e-01   2.5180298e-01  -4.9169612e-01   4.3565675e-03   3.3938685e-03   5.1905149e-03
   4.3489696e-01   1.8135356e-01  -4.3562718e-01   1.1728414e-03   4.8634853e-03   6.0432890e-03
   4.0306035e-01   1.1498655e-01  -4.9698887e-01  -1.4636863e-04   3.7255618e-03   7.0665696e-03
   4.4361793e-01   1.4178979e-01  -5.6791406e-01  -3.0514772e-04   4.7084254e-03   7.9246724e-03
   4.1375877e-01   1.1526024e-01  -5.4538999e-01  -1.1022802e-03   4.4147485e-03   8.1627532e-03
   4.2407498e-01   8.1431411e-02  -5.5031097e-01  -1.3230075e-03   4.3636715e-03   8.3187793e-03
   4.3212565e-01   8.4551870e-02  -6.1212563e-01  -1.3228544e-03   4.3490909e-03   8.0400433e-03
   4.1931544e-01   6.1298466e-02  -6.5667794e-01  -2.4496879e-03   4.7984787e-03   8.0263020e-03
   4.6512835e-01   1.4094522e-01  -6.0766577e-01  -5.2379436e-04   5.4163348e-03   7.6644781e-03
   4.3227611e-01   9.8263767e-02  -6.1781527e-01  -1.2576261e-03   4.9404568e-03   8.0124742e-03
   4.5742456e-01   6.3229428e-02  -6.0456559e-01  -2.2627508e-03   4.5637972e-03   8.8736694e-03
   4.6696175e-01   1.1220808e-01  -5.8775525e-01  -1.2607400e-03   5.0067137e-03   8.4370073e-03
   4.4889544e-01   1.1931954e-01  -8.2060817e-01   2.0600888e-03   4.7930596e-03   9.0639500e-03
   4.7756612e-01   1.0655185e-01  -9.4916966e-01  -7.8772662e-04   5.9780563e-03   9.8863367e-03
   5.2423479e-01   1.9137522e-01  -8.9426443e-01   1.7932745e-03   5.6517156e-03   1.0039670e-02
   4.3932038e-01   4.5139590e-02  -1.0239475e+00  -3.6198803e-04   5.7176172e-03   9.1982977e-03
   4.5488837e-01  -1.2093769e-01  -9.4370298e-01  -3.5397644e-03   4.8485873e-03   7.7017264e-03
   5.8474679e-01  -6.9402601e-02  -7.7246817e-01  -3.2298645e-03   6.9690347e-03   7.3947452e-03
   5.7201237e-01  -4.0723184e-02  -8.4113382e-01  -3.9710580e-03   6.8264356e-03   8.8150102e-03
   5.8348702e-01  -3.9312194e-02  -8.8947042e-01  -3.9625774e-03   7.0339102e-03   9.2637405e-03
   5.8764827e-01  -2.5701221e-02  -9.0571060e-01  -4.6774249e-03   7.0949452e-03   1.0149178e-02
   6.0743836e-01  -4.4680564e-02  -9.1623628e-01  -5.6221691e-03   6.9261033e-03   1.0660543e-02
   6.4103347e-01  -1.1788377e-01  -8.9807460e-01  -6.9958745e-03   7.1765009e-03   1.1343887e-02
   6.3773361e-01  -9.3238994e-02  -8.2794098e-01  -7.8783773e-03   6.9079235e-03   1.2321266e-02
   7.0930631e-01  -8.0140186e-02  -7.7766154e-01  -7.4364031e-03   6.7972909e-03   1.2556302e-02
   6.2125579e-01  -1.3515380e-01  -8.0159829e-01  -8.2229083e-03   6.6827420e-03   1.2171391e-02
   6.8892425e-01  -9.2629235e-02  -7.8033536e-01  -8.3696169e-03   7.3089116e-03   1.2175035e-02
   6.6465558e-01  -1.2406063e-01  -8.0418148e-01  -8.4650127e-03   6.8948708e-03   1.2459990e-02
   6.7850148e-01  -1.0530548e-01  -7.7391263e-01  -8.2586286e-03   7.2218025e-03   1.2582023e-02
   6.1870601e-01  -4.0205644e-02  -6.1404646e-01  -7.8954937e-03   6.4926255e-03   1.2352403e-02
   6.8413204e-01  -1.4861967e-01  -7.3800810e-01  -9.1079707e-03   7.3221354e-03   1.2005059e-02
   6.9022484e-01  -9.1568017e-02  -8.0095233e-01  -9.1612519e-03   7.1936047e-03   1.2357419e-02
   7.0571327e-01  -1.2043196e-01  -7.7847715e-01  -9.5754777e-03   7.3202193e-03   1.2258499e-02
   6.9027295e-01  -1.2997814e-01  -7.7927858e-01  -9.3224323e-03   7.3942046e-03   1.2420620e-02
   7.3382366e-01  -1.1036214e-01  -7.5320186e-01  -1.0109051e-02   6.9087112e-03   1.3022648e-02
   7.4278089e-01  -5.8229822e-02  -7.5034971e-01  -6.4464022e-03   8.5901382e-03   1.2044088e-02
   6.5467948e-01  -8.2949547e-02  -7.2715689e-01  -1.0131316e-02   6.7006119e-03   1.2434630e-02
   7.1028597e-01  -1.0208310e-01  -7.7899808e-01  -9.4223326e-03   7.1545589e-03   1.2030016e-02
   7.1687249e-01  -1.3101849e-01  -7.9055217e-01  -9.8046961e-03   8.1077127e-03   1.2245988e-02
   7.7964226e-01  -8.5432934e-02  -7.6868532e-01  -9.4586688e-03   8.1980926e-03   1.3193488e-02
   7.4856925e-01  -1.4464101e-01  -7.2829767e-01  -1.0312476e-02   7.8135670e-03   1.3611027e-02
   7.3808380e-01  -1.2557643e-01  -7.1432347e-01  -1.0207864e-02   7.1078894e-03   1.4287616e-02
   7.4452741e-01  -2.3982494e-01  -6.0549129e-01  -1.3511783e-02   6.9755078e-03   1.4108232e-02
   7.4832480e-01  -1.8975556e-01  -6.7354419e-01  -1.1762811e-02   7.5881847e-03   1.3564195e-02
   6.5655954e-01  -1.7236874e-01  -6.8185657e-01  -1.1717825e-02   6.4524982e-03   1.2871370e-02
   6.3524739e-01  -1.4582309e-01  -7.3145763e-01  -1.1903589e-02   6.7280552e-03   1.2929510e-02
   7.3660839e-01  -1.1093633e-01  -7.0598629e-01  -1.1378617e-02   7.6636731e-03   1.3010058e-02
   7.2742011e-01  -1.1683512e-01  -6.9854379e-01  -1.1208054e-02   7.0680580e-03   1.3649407e-02
   7.6762602e-01  -1.6342812e-01  -6.9332685e-01  -1.2085447e-02   7.3409182e-03   1.4129126e-02
   8.0329784e-01  -1.4596416e-01  -6.4165792e-01  -1.2130716e-02   6.5824881e-03   1.4733039e-02
   7.7615551e-01  -2.0812238e-01  -6.3454567e-01  -1.3317051e-02   6.6501759e-03   1.4553507e-02
   6.8602343e-01  -2.2238898e-01  -6.1388234e-01  -1.4578396e-02   6.3556468e-03   1.4323235e-02
   7.2704758e-01  -2.0026134e-01  -6.6762718e-01  -1.3010200e-02   7.2295048e-03   1.3719631e-02
   7.3464238e-01  -2.2714255e-01  -6.4233955e-01  -1.3036516e-02   7.5109508e-03   1.3658707e-02
   6.9845525e-01  -2.1473436e-01  -6.6009360e-01  -1.3108433e-02   7.2084719e-03   1.3612024e-02
   7.0548696e-01  -1.6869091e-01  -6.8501221e-01  -1.2988167e-02   7.4929197e-03   1.3417730e-02
   7.2565371e-01  -1.7828573e-01  -6.6162517e-01  -1.2995318e-02   8.6801399e-03   1.2777309e-02
   7.4748015e-01  -1.5580062e-01  -6.0949568e-01  -1.2559331e-02   7.6165026e-03   1.3846827e-02
   7.1171392e-01  -1.6561497e-01  -6.1267786e-01  -1.2745060e-02   8.0933784e-03   1.1597798e-02
   4.2977458e-01  -1.9045037e-01  -5.9201559e-01  -1.4962827e-02   5.0655842e-03   9.8624210e-03
   7.4979408e-01  -1.8381461e-01  -4.3213130e-01  -1.5171937e-02   4.3204077e-03   1.3390364e-02
   7.0457664e-01  -2.3786888e-01  -5.0458564e-01  -1.4512118e-02   4.3664637e-03   1.3508731e-02
   6.8227852e-01  -2.2641483e-01  -5.6720223e-01  -1.4670192e-02   5.1863095e-03   1.3071772e-02
   7.2314868e-01  -1.6808002e-01  -5.8790190e-01  -1.4278900e-02   5.7781046e-03   1.3658905e-02
   7.1540346e-01  -1.6242243e-01  -6.1985439e-01  -1.3411928e-02   5.6088397e-03   1.4541730e-02
   7.4230353e-01  -1.4590332e-01  -5.6414364e-01  -1.4242250e-02   5.7843813e-03   1.4586895e-02
   5.5727330e-01   5.1352460e-02  -1.0248356e+00  -2.9314259e-03   9.0457422e-03   8.9970172e-03
   6.1377956e-01   8.6464651e-02  -1.2846371e+00  -7.5984092e-03   9.7705656e-03   1.0767648e-02
   6.4683156e-01   5.0026129e-02  -1.0358968e+00  -8.2672858e-03   9.5660271e-03   1.1013147e-02
   6.6940126e-01   2.2511763e-02  -9.9508388e-01  -8.8139130e-03   9.8946177e-03   1.0873715e-02
   6.8360461e-01   3.5788041e-02  -1.0064013e+00  -8.3131862e-03   1.0011836e-02   1.0797194e-02
   6.7269278e-01   7.3753306e-03  -9.4476921e-01  -8.7987318e-03   9.6494399e-03   1.0880475e-02
   6.8014287e-01   6.6818142e-02  -9.6179757e-01  -7.1071431e-03   9.8359665e-03   1.1036538e-02
   6.9315007e-01  -1.5066790e-02  -9.6176768e-01  -9.0627277e-03   9.7744167e-03   1.1064365e-02
   7.1438662e-01   2.7128645e-03  -9.2849767e-01  -8.7893334e-03   9.0323378e-03   1.1295038e-02
   6.4476596e-01  -2.4016629e-02  -9.9138855e-01  -8.1260961e-03   7.4829708e-03   1.0539035e-02
   6.8047487e-01   1.7685777e-03  -1.0330945e+00  -7.8282411e-03   8.2415828e-03   1.0920434e-02
   6.8966298e-01  -2.8840018e-02  -1.0596459e+00  -7.8358258e-03   8.5999322e-03   1.1267249e-02
   7.5554472e-01   2.9071072e-02  -1.0343365e+00  -7.6137255e-03   8.3912917e-03   1.2642610e-02
   7.6602354e-01  -1.4575174e-02  -9.9378200e-01  -7.3019536e-03   8.5600773e-03   1.2874383e-02
   9.9834928e-01  -1.4424248e-02  -9.5409747e-01  -8.0908139e-03   6.6138046e-03   1.6731682e-02
   9.0964983e-01  -8.0328775e-02  -9.6860584e-01  -8.3183397e-03   7.1436500e-03   1.5066657e-02
   7.7102752e-01   1.0917077e-01  -1.0344674e+00   1.0967403e-03   3.4914716e-03   1.5458375e-02
   7.0657771e-01  -2.7801007e-02  -1.1876498e+00  -4.1785643e-03   2.3780137e-03   1.7682133e-02
   8.4829346e-01   6.8513250e-02  -1.0378221e+00  -3.9616574e-03   3.5831807e-03   1.7001042e-02
   8.3454181e-01   2.2689828e-02  -9.6833053e-01  -5.7061762e-03   4.0047172e-03   1.5805199e-02
   8.4088804e-01  -1.2962547e-02  -9.9337960e-01  -6.4317381e-03   3.9412115e-03   1.6030385e-02
   7.6994382e-01  -3.6600244e-02  -1.0203790e+00  -8.3179055e-03   5.2549913e-03   1.5655358e-02
   8.1811686e-01  -5.2243937e-02  -9.1394552e-01  -9.6855605e-03   6.0403091e-03   1.6821263e-02
   8.2434276e-01  -3.8741588e-02  -9.0791483e-01  -9.9027732e-03   6.1526786e-03   1.5818813e-02
   8.1694549e-01  -1.0675398e-01  -9.4416259e-01  -1.0253594e-02   6.4956297e-03   1.5585878e-02
   8.3594967e-01  -7.5306264e-02  -9.3236458e-01  -1.0653096e-02   7.0982215e-03   1.5419030e-02
   8.1266269e-01  -9.3857562e-02  -9.2056382e-01  -1.1946911e-02   7.3894882e-03   1.4937714e-02
   7.1877736e-01  -5.6731658e-02  -9.7827730e-01  -1.1014441e-02   6.9525901e-03   1.3564875e-02
   7.7357871e-01   3.8441714e-02  -9.5294908e-01  -9.8445955e-03   7.8322973e-03   1.3744813e-02
   8.0518908e-01  -2.4390532e-02  -9.2596946e-01  -1.0903232e-02   7.7198701e-03   1.4543432e-02
   8.5129847e-01  -2.2370826e-02  -9.3543314e-01  -1.0440307e-02   8.1362678e-03   1.5983065e-02
   8.3321694e-01  -3.2202346e-02  -9.4586587e-01  -1.1756075e-02   7.6127691e-03   1.5928754e-02
   8.4795499e-01  -5.5889573e-02  -9.7281095e-01  -1.1473917e-02   7.8504006e-03   1.5457547e-02
   8.3841287e-01  -3.9404836e-02  -9.1371352e-01  -1.1482538e-02   8.0450839e-03   1.5272910e-02
   8.2478570e-01  -4.5562841e-02  -9.5279766e-01  -1.0882159e-02   7.8589867e-03   1.6419413e-02
   8.4509836e-01   1.8038345e-03  -9.5932979e-01  -1.0270524e-02   7.8637140e-03   1.6478761e-02
   8.2798245e-01   2.1334371e-02  -9.0630530e-01  -1.0358631e-02   7.8255418e-03   1.6113509e-02
   8.3326915e-01  -4.4229349e-02  -8.5573467e-01  -1.1804573e-02   7.7490975e-03   1.5209718e-02
   8.8314084e-01   8.7954838e-03  -7.2938968e-01  -1.3055016e-02   6.2343287e-03   1.5874227e-02
   8.5482393e-01  -9.7455896e-02  -7.8877023e-01  -1.2771087e-02   6.6929354e-03   1.7377376e-02
   9.2825444e-01  -1.0415848e-01  -7.6662134e-01  -1.4148686e-02   7.0781935e-03   1.7049542e-02
   8.7647131e-01  -1.7054798e-01  -8.3455224e-01  -1.3261951e-02   7.3003246e-03   1.6381018e-02
   8.7687704e-01  -1.2031552e-01  -8.9576465e-01  -1.2928546e-02   7.6701857e-03   1.6187715e-02
   8.6337832e-01  -6.9551102e-02  -9.1966600e-01  -1.2560448e-02   8.0794444e-03   1.5776389e-02
   8.5514538e-01  -3.6935910e-02  -8.8958443e-01  -1.2090530e-02   8.2109087e-03   1.5344168e-02
   8.6683648e-01  -4.6499286e-02  -8.3857743e-01  -1.2067655e-02   8.1981773e-03   1.4906863e-02
   8.7960226e-01  -5.6170156e-03  -8.3225900e-01  -1.1245651e-02   8.4197611e-03   1.5294438e-02
   8.0166600e-01  -4.2762073e-02  -8.6064822e-01  -1.1823282e-02   8.2665269e-03   1.5434629e-02
   8.3713460e-01  -8.6137858e-02  -7.6325843e-01  -1.3488905e-02   7.6605174e-03   1.6620267e-02
   9.0596143e-01  -9.3569453e-02  -7.5124526e-01  -1.2837613e-02   8.2611815e-03   1.6467529e-02
   8.8230397e-01  -1.1390430e-01  -7.7689419e-01  -1.2653854e-02   8.4017534e-03   1.6384780e-02
   8.8197212e-01  -7.8548987e-02  -8.2548635e-01  -1.2297909e-02   8.3937344e-03   1.6364985e-02
   9.0958587e-01  -4.3505503e-02  -8.1731396e-01  -1.2212443e-02   8.0797559e-03   1.6889670e-02
   9.2912738e-01  -1.0098712e-01  -7.7650844e-01  -1.3869097e-02   7.5572582e-03   1.7599172e-02
   9.5269608e-01  -6.2665762e-02  -7.0530149e-01  -1.3031177e-02   9.4803536e-03   1.5932824e-02
   7.6109178e-01  -1.4672366e-01  -6.8152451e-01  -1.5094009e-02   6.8821028e-03   1.5611232e-02
   8.0406387e-01  -1.1998203e-01  -7.3752005e-01  -1.4516523e-02   8.0806681e-03   1.5266424e-02
   8.2900188e-01  -9.6129060e-02  -7.1369723e-01  -1.3642338e-02   8.2393794e-03   1.6080907e-02
   8.1725603e-01  -1.8722298e-02  -7.1861591e-01  -1.1178919e-02   8.8621602e-03   1.4971509e-02
   8.4658756e-01   3.7020955e-04  -7.3966296e-01  -1.1268229e-02   9.6122193e-03   1.5354331e-02
   8.9564067e-01  -3.4713516e-02  -6.8772877e-01  -1.2480159e-02   1.0045559e-02   1.5125366e-02
   8.5072993e-01  -1.9653863e-02  -7.4287352e-01  -1.1164414e-02   9.7443813e-03   1.4855162e-02
   9.2890066e-01  -1.7193932e-02  -6.6166440e-01  -1.1073018e-02   1.0369486e-02   1.6230424e-02
   9.1786035e-01  -1.1188087e-01  -6.1859091e-01  -1.4212386e-02   8.5140056e-03   1.7617885e-02
   9.1188585e-01  -5.0298275e-02  -6.4326455e-01  -1.4204784e-02   8.5649787e-03   1.6758086e-02
   8.7624801e-01  -1.0399623e-01  -7.4180674e-01  -1.3805642e-02   8.8188236e-03   1.5675203e-02
   8.7029090e-01  -7.5977734e-02  -7.6092878e-01  -1.4205985e-02   8.9521929e-03   1.5830390e-02
   8.4666918e-01  -1.0483928e-01  -7.9544755e-01  -1.4395888e-02   8.6826346e-03   1.5771632e-02
   8.3755419e-01  -6.2971969e-02  -8.0079196e-01  -1.3961669e-02   8.5942719e-03   1.5925509e-02
   8.5761333e-01  -6.0009359e-02  -8.1795964e-01  -1.3746983e-02   9.3475010e-03   1.5879973e-02
   8.5043040e-01  -3.3672833e-02  -7.4864716e-01  -1.3629919e-02   9.2570104e-03   1.5578518e-02
   8.1080561e-01  -8.9489925e-02  -7.5284355e-01  -1.3404542e-02   8.9256822e-03   1.5222582e-02
   8.3153194e-01  -2.9461276e-02  -7.9387309e-01  -1.2895465e-02   9.5806166e-03   1.4848866e-02
   8.4508828e-01   3.2829240e-02  -8.3935783e-01  -9.2738944e-03   1.0561922e-02   1.4231751e-02
   7.3996275e-01  -4.3345897e-02  -6.8867949e-01  -9.8898031e-03   9.8194304e-03   1.2532180e-02
   7.0169970e-01  -7.2274319e-02  -8.8449259e-01  -9.5595079e-03   1.0500917e-02   1.2009540e-02
   7.3894614e-01  -5.5647720e-02  -8.1217973e-01  -1.0611112e-02   9.7344940e-03   1.2481840e-02
   7.0609723e-01  -9.0290195e-02  -8.5412729e-01  -9.8351989e-03   9.3170054e-03   1.2585535e-02
   7.2782436e-01   6.2198219e-03  -9.3424183e-01  -1.0556286e-02   9.8607131e-03   1.3493032e-02
   7.1524343e-01  -1.8991693e-02  -9.1098967e-01  -1.0006318e-02   9.3077607e-03   1.4092004e-02
   7.7456341e-01  -1.6719503e-01  -7.8328439e-01  -1.5419457e-02   9.5311941e-03   1.3287295e-02
   7.3394586e-01   3.1643042e-03  -8.7380549e-01  -1.2060650e-02   8.5528247e-03   1.3149050e-02
   7.2764670e-01  -2.2040242e-02  -8.2554314e-01  -1.0674731e-02   1.0287746e-02   1.2548349e-02
   7.1921915e-01  -1.5730372e-02  -7.7700474e-01  -1.1279031e-02   1.0210679e-02   1.3004902e-02
   6.6470278e-01  -8.0777116e-02  -7.6148311e-01  -1.2524239e-02   1.0015353e-02   1.2344754e-02
   6.8611430e-01  -3.9678221e-02  -6.7252718e-01  -1.3491544e-02   9.4910372e-03   1.2472139e-02
   6.8220533e-01  -8.2059006e-02  -7.2139985e-01  -1.3337081e-02   9.8006238e-03   1.2441115e-02
   6.4946677e-01  -8.0437359e-02  -7.9652840e-01  -1.3104089e-02   1.0057691e-02   1.1824255e-02
   6.3663752e-01  -2.6015283e-02  -7.7854381e-01  -1.2775861e-02   9.9944432e-03   1.1184752e-02
   5.0092756e-01   2.3246451e-03  -5.9402357e-01  -1.1424815e-02   5.7771061e-03   1.1445963e-02
   6.0109515e-01  -9.9141164e-03  -5.1042059e-01  -1.1560464e-02   7.7657213e-03   1.2780109e-02
   4.5515710e-01   1.0409401e-01  -3.0663083e-01  -9.1850523e-03   5.4488268e-03   1.0844929e-02
   5.2133313e-01   1.2974242e-02  -2.8439109e-01  -1.2832395e-02   5.3895796e-03   1.1767687e-02
   5.2380015e-01  -5.0839738e-02  -3.2324095e-01  -1.3936673e-02   6.2262718e-03   1.1274604e-02
   5.7034819e-01  -4.6689089e-02  -4.5994288e-01  -1.2891593e-02   7.7714123e-03   1.0487611e-02
   5.6726208e-01  -7.0993166e-02  -5.0072150e-01  -1.3117635e-02   8.4104356e-03   1.0175475e-02
   5.9799897e-01  -4.9693810e-02  -4.9971652e-01  -1.2979239e-02   9.0277212e-03   1.0086523e-02
   6.1559770e-01  -1.4917858e-02  -5.0547372e-01  -1.2661230e-02   8.8658430e-03   1.0308812e-02
   6.0619176e-01  -1.8412525e-02  -4.9117780e-01  -1.2924214e-02   8.5360962e-03   1.0515496e-02
   5.8978904e-01  -3.1502705e-02  -4.6924879e-01  -1.2846717e-02   8.2420768e-03   1.0210128e-02
   6.0173825e-01  -1.5095577e-02  -4.4910823e-01  -1.2045914e-02   8.7409636e-03   9.9243281e-03
   5.0798863e-01  -1.6554859e-01  -4.7216306e-01  -1.7341191e-02   5.6700896e-03   1.1798408e-02
   4.8364034e-01  -1.5266230e-01  -4.2545059e-01  -1.8387267e-02   4.0611343e-03   1.2717743e-02
   5.1270262e-01  -2.0762263e-01  -3.9332648e-01  -1.9082533e-02   5.1580674e-03   1.1691295e-02
   5.5204634e-01  -1.9745312e-01  -4.4585408e-01  -1.7761125e-02   6.5561604e-03   1.1227901e-02
   5.5456881e-01  -2.0601944e-01  -5.3594627e-01  -1.6595328e-02   7.0255994e-03   1.1272593e-02
   5.7278625e-01  -1.4405715e-01  -5.7788851e-01  -1.6726098e-02   7.3936312e-03   1.1480453e-02
   5.4421023e-01  -3.1473631e-02  -5.7421065e-01  -1.3640399e-02   6.8194293e-03   9.5369476e-03
   2.3130692e-01  -1.5404098e-01  -7.0583808e-01  -1.6203515e-02   2.1534142e-03   1.0609388e-02
   3.4276741e-01  -1.6624006e-01  -5.9989012e-01  -1.6621446e-02   4.3275135e-03   1.0447890e-02
   3.2736988e-01  -1.6940264e-01  -5.9691243e-01  -1.6540957e-02   4.1926144e-03   1.0125352e-02
   3.7818707e-01  -2.0243458e-01  -4.8236157e-01  -1.7914509e-02   4.3187781e-03   1.0440879e-02
   3.7878875e-01  -2.2284165e-01  -4.8941402e-01  -1.7716899e-02   4.3599907e-03   1.0988469e-02
   3.6902707e-01  -2.4272370e-01  -4.9066248e-01  -1.8127849e-02   4.2546615e-03   1.0856409e-02
   3.6275184e-01  -1.9576109e-01  -4.7146308e-01  -1.8935134e-02   3.3068467e-03   1.1044337e-02
   3.4444984e-01  -1.5982242e-01  -4.7528304e-01  -1.7394412e-02   4.3460461e-03   1.0944252e-02
   4.2233203e-01  -1.9333387e-01  -4.0983358e-01  -1.8524868e-02   5.7344136e-03   1.1609768e-02
   4.2556911e-01  -2.6805157e-01  -3.0412793e-01  -1.9978085e-02   5.0344707e-03   1.3125771e-02
   4.9576197e-01  -3.0097252e-01  -2.7165600e-01  -2.1595920e-02   5.2298240e-03   1.4209267e-02
   4.7354388e-01  -3.1174356e-01  -2.2852219e-01  -2.0944625e-02   5.4914391e-03   1.4246843e-02
