   0.0000000e+00   0.0000000e+00   0.0000000e+00   0.0000000e+00   0.0000000e+00   0.0000000e+00
   3.9709801e-02   1.5128041e-03  -4.2017298e-02  -3.3159052e-04  -2.8990313e-04  -1.1469266e-04
   5.6894068e-02  -3.5988870e-02  -9.5954438e-02  -1.1708473e-03   8.7178757e-04   1.6902175e-04
   5.9881393e-02  -8.0314050e-02   1.1893736e-01  -3.1416460e-03   7.3687374e-04   2.8649803e-04
   4.1375850e-02  -8.7847604e-02   6.8225100e-02  -1.7179655e-03   6.2455620e-05   5.8431590e-04
   1.5693869e-02  -7.0088425e-02  -4.0966312e-03  -1.7208752e-03  -3.9077985e-04   9.5594549e-04
  -3.9174041e-03  -7.5086223e-02  -4.1560537e-02  -2.7581632e-03  -6.0540534e-04   8.3514221e-04
  -5.5180781e-03   2.0329415e-02   3.5203449e-02  -1.6823419e-03  -1.0388760e-03   5.9425314e-04
   1.6932275e-03   1.6966928e-01  -5.9177841e-02   4.7137494e-03  -1.2983769e-03   6.1336386e-04
  -3.8798968e-02   2.5119189e-01  -3.7877761e-02   9.6988821e-04  -1.7980213e-03   1.5268630e-03
   1.2545939e-02   6.2737402e-02   2.9475500e-02  -1.5127933e-03  -9.5960466e-04   8.6071508e-04
   4.5753630e-04   1.6493217e-02  -1.3205588e-01  -1.6020899e-03  -4.6718725e-04   9.1775995e-04
   1.8949925e-02   3.3445264e-02  -1.3730874e-01  -2.4384006e-03   5.0616501e-04   1.1672280e-03
   1.7309819e-02   1.1319945e-01  -7.5936903e-02  -8.9083605e-04  -2.0241447e-04   1.4046108e-03
   6.7267824e-02   1.2532242e-02  -3.4398081e-01   8.9977752e-05  -3.0304294e-04   8.1006882e-04
   6.0843149e-02   8.8785845e-02  -3.3571226e-01  -1.1237547e-03  -1.1438767e-04   1.1506281e-03
   2.8206259e-02   1.4410595e-01  -1.1732090e-01  -1.1634618e-03   4.0748352e-05   8.3348585e-04
   6.1220211e-02  -5.4657503e-03  -2.6083822e-01  -2.7379266e-03   6.6501277e-04   9.2544853e-04
   3.0463389e-02   1.2268306e-01  -1.6546119e-01  -1.7612046e-03   1.2933248e-04   8.0636195e-04
   4.5871280e-02   2.3511497e-02  -2.3980981e-01  -2.0183177e-03   1.7283284e-04   1.2700607e-03
   4.2469341e-02   1.2207962e-01  -1.6163170e-01  -2.0235616e-03   7.4922313e-04   8.4477349e-04
   4.8799498e-02   5.3418539e-02  -2.6608751e-01  -1.8139233e-03   1.6812425e-03   8.5639894e-04
   3.4901979e-02   3.8568140e-02  -2.4467425e-01  -2.9291026e-03   1.6985841e-03   8.2605202e-04
   3.5440184e-02   1.1377791e-01  -2.3943995e-01  -1.5599134e-03   1.5848305e-03   7.6186536e-04
   5.3092166e-02   5.9393506e-02  -3.7540354e-01  -1.7966652e-03   1.9373267e-03   1.1636570e-03
   3.3153762e-02   9.3436536e-02  -2.1370010e-01  -2.4669641e-03   1.8089018e-03   5.4291564e-04
   3.3866212e-02   5.9387196e-02  -3.9032990e-01  -1.4864918e-03   1.6720390e-03   5.5131289e-04
   1.4481696e-02   4.4227710e-02  -3.3946944e-01  -2.9936488e-03   1.6038241e-03   8.8725943e-04
   3.5903787e-02   9.3793748e-02  -2.5144677e-01  -1.6046047e-03   1.6958616e-03   9.2439618e-06
   2.4925026e-02   2.0965411e-02  -2.9864204e-01  -1.8130619e-03   1.7761022e-03   1.1220059e-04
   1.8452834e-02   1.2206918e-01  -2.2483614e-01  -1.8958349e-03   1.6068726e-03   6.6620094e-05
   3.8719087e-02   5.2844539e-02  -3.6250105e-01  -1.5731642e-03   1.6159191e-03   1.8451095e-04
   3.7703386e-02   1.0774091e-01  -2.5560548e-01  -2.2840657e-03   1.2963010e-03   1.6153565e-04
   4.6689873e-02   8.2538521e-02  -4.0063626e-01  -1.7015226e-03   9.5919036e-04   8.8781936e-04
   3.9845004e-02   2.4699326e-02  -3.9971142e-01  -2.3996827e-03   1.5112403e-03   6.6963589e-04
   3.2285015e-02   1.4382468e-01  -2.5522684e-01  -1.1100891e-03   1.2071703e-03   4.1730503e-04
   1.1270852e-02   7.1110399e-02  -3.8504042e-01  -1.0057276e-03   1.1082554e-03   6.1866830e-04
  -8.8412219e-03   4.9883445e-02  -2.9305662e-01  -2.5032901e-03   1.0328828e-03  -6.0320190e-05
  -2.4857864e-02  -9.2255977e-03  -1.4012299e-01  -4.5740246e-03   7.9891184e-04  -1.4685582e-04
  -1.0843357e-02  -2.4058899e-02  -7.5349293e-02  -3.7569934e-03   1.2036538e-03  -2.2012201e-04
  -4.9653651e-02   1.1285547e-01  -5.1788789e-02  -2.0731285e-03   3.9243850e-04  -1.9450933e-04
  -5.6225011e-03  -2.0579852e-02  -1.6111093e-01  -3.3188893e-03   3.6961351e-04  -1.8291628e-04
  -2.1940527e-02   3.3891275e-02  -3.9614760e-02  -4.1694698e-03   5.7429950e-04  -3.2829974e-04
  -9.6631730e-03   2.3343611e-02  -7.5496647e-02  -3.5946320e-03  -3.0961323e-04  -2.2141088e-04
  -3.0813807e-02  -4.5464404e-02  -1.4475529e-01  -4.1561733e-03   4.1632862e-05  -3.8883921e-04
  -5.9942831e-02   7.4493310e-03  -7.0989577e-02  -4.5804244e-03   3.2989296e-06  -1.1327503e-03
  -5.6744182e-02   6.4055023e-02  -1.3069171e-01  -2.7245851e-03  -3.0485686e-04  -8.2725569e-04
  -5.2543086e-02   1.0623402e-02  -1.9159690e-01  -3.5015892e-03   1.3983511e-04  -5.7450583e-04
  -7.1350885e-02   1.4827157e-01  -7.3514064e-02  -1.6310741e-03   6.0094664e-04  -1.2580083e-03
  -7.1320540e-02   2.8795263e-02  -1.9218407e-01  -3.3198464e-03  -3.9162223e-04  -4.1092548e-04
  -5.1527904e-02   5.0300219e-03  -1.8296523e-01  -4.1011703e-03   6.0605775e-04  -3.3244635e-04
  -5.2942643e-02   4.3449466e-02  -1.7266316e-01  -3.4040087e-03   7.4472739e-04  -6.6505659e-04
  -7.3737164e-02   9.4298527e-02  -2.5012913e-01  -2.0118821e-03  -9.7605682e-04   5.6745656e-04
  -1.1381725e-02   6.5147654e-02  -5.1245833e-01   1.8918689e-03   8.1966972e-04  -3.8616613e-04
  -1.9804344e-02   1.6408077e-01  -5.6146322e-01  -1.6135571e-04   5.0840292e-04  -2.0983839e-05
  -3.0663815e-02   1.6176782e-01  -4.0920272e-01  -1.5278047e-03   2.2973234e-03  -4.0096897e-04
  -1.7616833e-02   9.3851961e-02  -3.2961212e-01  -2.7971291e-03   1.5612997e-03  -3.6898173e-04
  -1.9070823e-01  -4.7135886e-02  -1.0491891e-01  -3.2166530e-03  -5.0180663e-04  -1.0321555e-03
  -1.6910687e-01  -1.5827410e-03   1.8498233e-01  -4.0499460e-03  -3.7225862e-03  -6.9877132e-05
  -9.1427838e-02  -2.0290445e-02  -1.5166042e-01  -4.5456354e-03  -1.0794416e-03   2.9575949e-04
  -6.0371877e-02   8.1982765e-02  -1.6068612e-01  -4.0816365e-03  -1.5550812e-04   6.5972364e-05
  -4.9289693e-02   2.0292040e-02  -2.2739257e-01  -3.6512422e-03  -7.6212783e-04  -2.3841776e-05
  -2.7337454e-02   1.6728660e-02  -2.7450476e-01  -3.7944851e-03  -1.9109003e-04   1.9366428e-04
  -3.7190915e-02   1.1112866e-01  -2.2803018e-01  -3.4456782e-03  -2.3724350e-04   9.5654504e-05
  -4.5007911e-02  -4.3813269e-02  -2.8671839e-01  -4.4145563e-03   5.9951933e-04  -8.7332104e-04
  -8.8402331e-02  -2.0280632e-02  -2.9675069e-01  -5.1259397e-03   3.2847580e-04  -9.3487665e-04
  -5.6176649e-02   7.6549555e-02  -1.6879622e-01  -4.1881094e-03   8.7061435e-04  -1.0104438e-03
  -4.4977854e-02  -3.0917924e-02  -3.4105209e-01  -4.5371762e-03   5.4668475e-04  -2.7687875e-04
  -6.4908853e-02   1.3190161e-02  -2.5137372e-01  -4.6979073e-03   4.9898217e-04  -9.4938698e-04
  -6.8205832e-02   2.7982847e-02  -2.7792568e-01  -4.6235057e-03   3.1955482e-04  -9.8974157e-04
  -6.7791939e-02   1.8121464e-02  -2.1792290e-01  -4.8742910e-03   4.7597758e-04  -1.2716628e-03
  -6.5325049e-02   3.3022539e-02  -3.7171360e-01  -4.0755111e-03   5.2678838e-04  -1.4051155e-03
  -7.6281714e-02   4.9120487e-02  -2.4249954e-01  -4.5375276e-03   9.5904269e-04  -1.5852745e-03
  -7.8010862e-02  -2.2790781e-02  -2.4056764e-01  -5.4310465e-03   4.0871119e-04  -1.4347457e-03
  -8.6520079e-02  -1.9074962e-02  -2.0700996e-01  -5.6936805e-03   9.0374195e-04  -1.4705482e-03
  -7.8500789e-02   5.4100943e-02  -2.7506315e-01  -4.4905406e-03   7.6280624e-04  -1.1824138e-03
  -7.9890536e-02  -4.4451566e-03  -2.6487670e-01  -5.8325971e-03   9.6589738e-04  -1.4016592e-03
  -8.2520430e-02  -1.5032780e-03  -3.2265461e-01  -5.1777584e-03   4.8994737e-04  -1.2579585e-03
  -1.0604173e-01  -3.7172135e-01  -3.0417560e-01  -1.5987215e-02  -4.3739108e-04  -1.4153253e-04
  -1.7159033e-01  -2.5865185e-01  -1.5311322e-01  -1.1277326e-02  -6.1169677e-04  -1.6680594e-03
  -1.6810940e-01  -1.4076001e-01  -1.4577940e-01  -8.3357213e-03  -1.1867527e-03  -1.3500308e-03
  -3.7273212e-01   4.3227999e-02   1.1179248e+00  -4.8619455e-03  -3.5409598e-03  -3.4437231e-03
  -2.2045300e-01  -2.4977534e-01   6.0859224e-01  -7.0399270e-03  -3.5588829e-03  -2.6419819e-03
  -2.1409716e-01  -1.1028437e-01  -6.4507583e-02  -4.7313308e-03  -2.6980385e-03  -2.5901279e-03
  -1.9165169e-01  -6.5536503e-02  -1.9090528e-01  -5.5169639e-03  -2.7621175e-03  -2.6149934e-03
  -2.1327438e-01  -5.8391016e-02  -4.0080580e-02  -7.0403154e-03  -2.1787448e-03  -2.7930283e-03
  -2.1137898e-01  -4.5641183e-02  -7.2171726e-02  -6.8424704e-03  -2.7220176e-03  -2.9114811e-03
  -2.0119563e-01  -5.9530194e-02  -2.6147923e-02  -7.1809083e-03  -1.0737347e-03  -3.3491465e-03
  -2.1508311e-01  -6.6447295e-02  -9.4332483e-02  -6.9042208e-03  -2.2743727e-03  -2.7704212e-03
  -1.8630018e-01  -9.4776771e-02  -2.0028431e-01  -6.7274907e-03  -2.1590716e-03  -2.7873942e-03
  -2.3620205e-01  -1.4843290e-02  -1.6306015e-01  -6.7574402e-03  -1.8705375e-03  -2.8391693e-03
  -1.9799491e-01  -1.0487344e-01  -2.7864149e-01  -7.7155594e-03  -1.6621562e-03  -2.7428885e-03
  -2.2407371e-01   1.3431430e-02  -1.7168137e-01  -6.9890191e-03  -1.3924263e-03  -2.8663730e-03
  -2.3740766e-01  -5.0838185e-02  -2.5379295e-01  -7.3860143e-03  -1.1522944e-03  -3.5134686e-03
  -2.5932871e-01  -4.3654578e-02  -2.6534482e-01  -7.5306222e-03  -1.0139778e-03  -3.4245753e-03
  -2.6463460e-01   3.8463034e-02  -9.6109356e-02  -6.3937967e-03  -1.3485164e-03  -3.5782164e-03
  -2.4962364e-01  -5.7426340e-02  -2.6272013e-01  -6.5907487e-03  -1.9954392e-03  -3.6223421e-03
  -2.6538359e-01  -1.3643848e-02  -1.4755463e-01  -7.4410412e-03  -2.1783598e-03  -3.6480976e-03
  -2.6669555e-01  -4.6996682e-02  -2.5861008e-01  -6.9874644e-03  -2.4573275e-03  -2.7993205e-03
  -2.6586544e-01  -1.1654876e-02  -3.5248472e-01  -6.6254710e-03  -2.3030935e-03  -2.6185511e-03
  -2.4675689e-01  -1.6687802e-02  -2.3140892e-01  -7.7096509e-03  -2.0816455e-03  -3.0220569e-03
  -2.5194873e-01  -1.6685229e-03  -2.4715401e-01  -6.1370754e-03  -2.1933659e-03  -3.2255350e-03
  -2.5393124e-01  -1.6953231e-02  -2.6412638e-01  -7.2518350e-03  -1.8887572e-03  -3.5312996e-03
  -2.5733980e-01   4.2921383e-02  -3.3569940e-01  -6.4329335e-03  -1.9812438e-03  -3.5669377e-03
  -2.9238170e-01  -4.8010213e-03  -3.7179031e-01  -7.0712912e-03  -1.8449329e-03  -3.6146326e-03
  -2.8553188e-01   6.1521341e-02  -2.2921163e-01  -5.9035686e-03  -1.4680112e-03  -3.6162695e-03
  -2.7810529e-01  -6.0005469e-02  -3.2016302e-01  -7.2738972e-03  -1.3173246e-03  -3.5297956e-03
  -2.8419373e-01   6.2576490e-03  -3.6541487e-01  -7.0439547e-03  -1.2917474e-03  -2.9831778e-03
  -2.8314863e-01   4.5246337e-02  -2.8804236e-01  -7.1739779e-03  -1.6425370e-03  -3.4020885e-03
  -2.8598705e-01  -1.7781889e-02  -3.8056165e-01  -7.1581357e-03  -2.1556753e-03  -3.3586181e-03
  -3.1381302e-01  -3.3829466e-03  -3.8038526e-01  -7.1007727e-03  -2.1808026e-03  -3.4861162e-03
  -3.2971785e-01   4.1420907e-02  -5.2007519e-01  -6.4004758e-03  -1.9660225e-03  -3.5904386e-03
  -3.1162464e-01   1.2308011e-01  -2.6013470e-01  -4.8295067e-03  -2.5037387e-03  -3.3158392e-03
  -3.0623759e-01  -8.0790873e-02  -3.8186322e-01  -7.8853537e-03  -1.9315108e-03  -3.4367092e-03
  -2.9498372e-01  -1.1883858e-02  -2.2901112e-01  -7.5413282e-03  -1.4753336e-03  -3.7756570e-03
  -2.9667539e-01   3.5656249e-02  -4.2568471e-01  -6.1496729e-03  -2.2009111e-03  -3.6979716e-03
  -3.1139319e-01  -9.6839704e-03  -6.2157479e-01  -4.2723178e-03  -2.4267611e-03  -3.6734917e-03
  -3.0203860e-01   4.0114129e-02  -5.2725786e-01  -6.5360298e-03  -2.3669666e-03  -3.7466350e-03
  -2.9571347e-01   8.6775567e-02  -3.6810191e-01  -6.0975243e-03  -2.9009154e-03  -3.5830440e-03
  -2.7380523e-01  -1.9105095e-02  -5.3492093e-01  -6.5028543e-03  -2.7875095e-03  -3.7169291e-03
  -2.9674706e-01   3.5725445e-02  -4.9585390e-01  -6.5702694e-03  -2.8792421e-03  -3.7206149e-03
  -2.8271959e-01   5.2086363e-02  -4.0847727e-01  -6.0302908e-03  -2.5902094e-03  -4.0796049e-03
  -3.1289003e-01   1.4243139e-02  -4.4738683e-01  -6.1523968e-03  -2.6309239e-03  -3.8297187e-03
  -3.1040378e-01   1.0363515e-01  -5.3952877e-01  -5.0327087e-03  -3.7548237e-03  -3.2719026e-03
  -3.0844801e-01   3.8505627e-02  -6.4692704e-01  -5.7359995e-03  -2.8069060e-03  -4.0413445e-03
  -3.1199315e-01   1.5552327e-01  -5.6028076e-01  -4.4195613e-03  -2.6472755e-03  -4.3272541e-03
  -2.9698563e-01   4.2554061e-02  -6.2925059e-01  -5.1018241e-03  -2.2919836e-03  -4.2988572e-03
  -2.9295622e-01   4.1332478e-02  -5.2426778e-01  -5.3531099e-03  -1.8079910e-03  -4.6808891e-03
  -2.5686332e-01  -7.9399109e-02  -2.8165333e-01  -9.0172984e-03  -1.5684252e-03  -4.5142068e-03
  -2.5926732e-01  -7.3159264e-02  -1.6635058e-01  -7.4761107e-03  -1.2925806e-03  -4.7207415e-03
  -4.1511596e-01   5.9025539e-02   7.0956425e-01  -2.8491120e-03  -4.0590922e-03  -6.6923019e-03
  -2.5601492e-01  -1.1186389e-02   2.4867078e-01   6.0570391e-04  -4.4835323e-03  -1.1464046e-03
  -1.0506650e-01   9.4009063e-03  -2.4953929e-01  -3.5856138e-03  -3.2382375e-03  -1.7399662e-03
  -1.3304441e-01   1.3582452e-02  -3.7262074e-01  -3.7365756e-03  -2.8841485e-03  -2.6389714e-03
  -1.4855376e-01   2.4363795e-02  -3.4228534e-01  -6.5557958e-03  -3.0945213e-03  -2.5636626e-03
  -8.0111286e-02   1.0091009e-02   1.0707891e-01  -6.5842938e-03  -7.9646059e-04  -2.3070531e-03
  -5.8015988e-02  -2.4248951e-02   7.5051804e-02  -6.3508060e-03  -3.4952505e-04  -2.8227457e-03
  -8.4163324e-02   2.4993799e-02  -4.5953235e-02  -6.2761415e-03  -7.3667104e-04  -2.4376094e-03
  -5.4247051e-02  -7.0132540e-02  -8.1323322e-02  -7.6999624e-03  -6.7575288e-04  -2.3160011e-03
  -5.9913673e-02  -8.1030829e-03  -3.4580828e-02  -7.4802522e-03  -7.7861700e-04  -1.9338217e-03
  -4.6532721e-02   2.3578805e-03  -1.0400471e-01  -7.2157496e-03  -9.1757800e-04  -1.5079909e-03
  -6.4716637e-02   2.5049330e-02  -4.1782664e-02  -8.1024141e-03  -8.7021933e-04  -1.5281418e-03
  -5.2377604e-02  -7.5815929e-02  -9.8615751e-02  -9.2227353e-03  -5.8860173e-04  -1.4441846e-03
  -2.5436470e-02  -6.2407806e-02  -1.1984698e-01  -9.2078404e-03  -2.2050570e-04  -9.0781995e-04
  -5.3217329e-02   6.7552477e-02  -1.1292683e-01  -7.8820003e-03  -1.1291860e-03  -1.7255345e-03
  -1.8050504e-02  -7.4949167e-02  -2.5454674e-01  -9.2337663e-03  -2.6173736e-04  -1.0687637e-03
  -6.1078772e-02   5.2865953e-02  -2.1744868e-01  -7.6425897e-03  -6.3781247e-04  -1.7517897e-03
  -8.7458646e-02  -4.9720798e-02  -2.3563969e-01  -1.0197308e-02  -1.8204900e-03  -2.0447425e-03
  -8.1915490e-02  -7.2176880e-02  -1.8559907e-01  -1.0401743e-02  -1.7725353e-03  -1.9638075e-03
  -6.9275404e-02  -6.8464991e-02  -4.0797737e-01  -9.7973151e-03  -1.3855121e-03  -2.1856661e-03
  -3.5601329e-02  -2.1675381e-01  -4.9751804e-02  -1.3997797e-02   9.3465623e-04  -2.2153387e-03
   2.5187346e-01  -4.1977206e-01   1.4800364e+00  -1.8734430e-02   5.6905670e-03  -2.4383737e-03
   1.7376758e-01  -4.8744740e-01   9.4607866e-01  -1.9334809e-02   3.7390019e-03  -2.2357731e-03
   1.0334442e-01  -3.5120133e-01   8.8404649e-01  -1.8739090e-02   9.6725602e-04  -2.0320805e-03
   7.7991678e-02  -4.3188315e-01   8.0891061e-01  -1.9566810e-02   6.6798270e-04  -1.7595025e-03
   1.7749819e-02  -3.4420874e-01   8.0689637e-01  -1.9292091e-02  -2.4129684e-04  -1.7532894e-03
   8.2190018e-02  -3.3569591e-01   7.3134134e-01  -1.6460700e-02   1.6216153e-03  -1.0060238e-03
   5.5556141e-02  -2.9744558e-01   8.8486575e-01  -1.7398872e-02   1.1301618e-03  -1.5933229e-03
   7.2942829e-02  -4.5088838e-01   8.4953070e-01  -1.9668557e-02  -1.6334607e-04  -1.8112057e-03
   6.8566169e-02  -3.6537502e-01   9.1705174e-01  -1.9343610e-02   3.7897342e-04  -1.7355606e-03
   8.2999890e-02  -3.4509435e-01   8.3048127e-01  -1.8413906e-02   1.0762423e-04  -1.3629327e-03
   8.1008376e-02  -4.1965246e-01   8.0041385e-01  -1.9959174e-02   7.8896362e-04  -1.4816069e-03
   8.1143665e-02  -3.7669313e-01   7.6417219e-01  -1.9768784e-02   1.0377195e-03  -1.2676394e-03
   8.2227845e-02  -3.6690295e-01   7.9036692e-01  -1.9753247e-02   8.6314596e-04  -1.0538283e-03
   8.8276234e-02  -3.4758850e-01   7.7785312e-01  -1.9166099e-02   6.3142421e-04  -1.3540706e-03
   1.0225676e-01  -3.9472310e-01   7.1919263e-01  -1.9223364e-02   1.2580332e-03  -1.2594000e-03
   7.9391005e-02  -3.0274020e-01   7.4959942e-01  -1.8602696e-02   6.3511468e-04  -1.0768362e-03
   9.6329611e-02  -3.3287293e-01   6.6905010e-01  -1.8562951e-02   1.2408531e-03  -9.6943808e-04
   8.5921428e-02  -3.3234715e-01   8.0346845e-01  -1.9712040e-02   9.2102786e-04  -1.2989584e-03
   1.0222035e-01  -3.7223765e-01   7.2865324e-01  -1.9348035e-02   8.3697590e-04  -1.2467961e-03
   9.5555394e-02  -3.4596279e-01   7.0020424e-01  -1.9392817e-02   1.6475928e-03  -1.3160856e-03
   7.6762119e-02  -2.8301294e-01   7.5079317e-01  -1.8939148e-02   1.1270320e-03  -5.7930817e-04
   1.0755400e-01  -3.6123441e-01   6.8012142e-01  -1.8917314e-02   1.3410227e-03  -4.4499424e-04
   8.5441402e-02  -3.1135338e-01   7.5722069e-01  -1.9317125e-02   1.0484739e-03  -1.0299396e-03
   1.0195596e-01  -3.3993738e-01   6.7199738e-01  -1.8757417e-02   1.1138330e-03  -5.3635257e-04
   8.4270762e-02  -3.0802800e-01   7.6399759e-01  -1.8787031e-02   9.5294774e-04  -5.1773255e-04
   9.6277510e-02  -3.5082279e-01   6.3524870e-01  -1.8310564e-02   8.2347827e-04  -8.5095958e-05
   8.9688836e-02  -3.4393131e-01   6.5671195e-01  -1.9504487e-02   1.0514458e-03  -5.2012404e-04
   1.0436611e-01  -3.0425935e-01   7.2366441e-01  -1.8449004e-02   9.6169882e-04  -1.0201250e-03
   1.0415513e-01  -3.0319023e-01   6.0849736e-01  -1.7288925e-02   1.0976723e-03  -7.6358259e-04
   8.3636895e-02  -2.7328619e-01   7.7593248e-01  -1.8012159e-02   4.6361626e-04  -1.0179082e-03
   1.1017574e-01  -3.2777275e-01   6.7275087e-01  -1.7691722e-02   9.6454061e-04  -1.4786791e-03
   4.8908240e-02  -2.6585329e-01   7.5370689e-01  -1.7727634e-02   4.3201115e-04  -9.8182953e-04
   8.6864703e-02  -2.7694642e-01   6.4841444e-01  -1.7289196e-02   4.3744150e-04  -6.6339662e-04
   9.9676037e-02  -2.8591988e-01   6.1286505e-01  -1.7765599e-02   1.0296072e-03  -5.2990485e-04
   6.7750343e-02  -2.1518733e-01   6.7614528e-01  -1.7187549e-02   3.0202750e-04  -4.5310578e-04
   1.1937546e-01  -2.8029882e-01   6.1766130e-01  -1.7391134e-02   2.0216971e-04  -1.1939413e-04
   1.0648699e-01  -3.0135438e-01   6.1636801e-01  -1.8108123e-02   3.8406539e-04  -2.2146715e-04
   5.5286634e-02  -2.2090796e-01   6.3443866e-01  -1.6777243e-02  -2.6971423e-04  -5.9539965e-04
   8.2493737e-02  -2.6103803e-01   6.7125736e-01  -1.6575282e-02  -4.8962342e-04  -6.3285162e-04
   9.8524796e-02  -3.4390565e-01   5.2691954e-01  -1.8865039e-02   4.8768055e-05  -7.6845843e-04
   9.7991753e-02  -2.6588654e-01   9.0355115e-01  -1.8205618e-02   2.4882989e-04  -7.4438213e-04
   1.1416710e-01  -3.6698457e-01   7.4825714e-01  -1.8861210e-02   7.7151939e-05  -5.7944652e-04
   1.1741926e-01  -3.2861343e-01   7.4798072e-01  -1.9058266e-02   5.1334055e-04  -5.0765784e-04
   9.7131577e-02  -2.5565349e-01   7.8853199e-01  -1.8217111e-02  -1.4085136e-05  -4.5648655e-04
   1.2930820e-01  -3.1857220e-01   7.0418399e-01  -1.7545722e-02   2.3612214e-04   8.6380585e-05
   9.7255906e-02  -2.5096105e-01   7.3308914e-01  -1.7790138e-02   7.2564772e-04  -2.8832661e-04
   1.1776055e-01  -2.9467293e-01   6.6321501e-01  -1.8436310e-02   5.3098111e-04   2.4459638e-04
   1.2717469e-01  -2.7606556e-01   6.0022756e-01  -1.7763420e-02   7.7130653e-04   5.2254588e-04
   9.7530641e-02  -1.6587139e-01   7.1379255e-01  -1.6245349e-02   5.1376017e-04  -8.6967571e-04
   2.8901769e-02  -2.2000977e-01   6.9841761e-01  -1.6487731e-02  -1.9181265e-03  -1.1344924e-04
   8.9582796e-02  -2.7199761e-01   6.0968711e-01  -1.7443050e-02   8.2441111e-04  -8.2088754e-04
   7.6230186e-02  -2.4749146e-01   6.3012652e-01  -1.8183035e-02   8.3886794e-04  -7.9290941e-04
   9.0963915e-02  -2.6097423e-01   6.6655890e-01  -1.7649699e-02  -6.3003810e-05  -4.9556256e-04
   1.0760708e-01  -2.9178338e-01   6.4580814e-01  -1.7904234e-02   5.7210148e-04  -8.0395448e-04
   7.8243226e-02  -2.2279735e-01   6.7744281e-01  -1.7570983e-02   2.4287300e-04  -1.1066745e-03
   1.0869687e-01  -2.7320574e-01   5.2744523e-01  -1.7036500e-02   1.0168739e-03  -1.1871029e-03
   1.1074316e-01  -2.5381566e-01   5.0299379e-01  -1.7198329e-02   1.0481942e-03  -9.1187366e-04
   9.3561671e-02  -2.6437687e-01   6.7443955e-01  -1.8114863e-02   9.8485600e-04  -1.0297881e-03
   1.2112787e-01  -3.0362458e-01   5.1992326e-01  -1.7239339e-02   1.2904756e-03  -6.9597719e-04
   1.0622735e-01  -3.2401243e-01   5.8946881e-01  -1.9081860e-02   1.4051056e-03  -1.1165918e-03
   7.1134887e-02  -2.3317735e-01   7.8025617e-01  -1.8586267e-02  -1.0395235e-04  -8.2016908e-04
   1.2333324e-01  -1.9504175e-01   4.7580679e-01  -1.0333810e-02   1.2749285e-03  -1.2206088e-03
   1.2834548e-01  -2.1506454e-01   5.2492893e-01  -1.6574197e-02   8.9932170e-04  -7.9416861e-04
   1.0989005e-01  -2.7197649e-01   7.3118505e-01  -1.8960699e-02   2.4282588e-03  -1.3985874e-03
   1.2630794e-01  -2.7750417e-01   8.1029695e-01  -1.8585027e-02   1.7727237e-03  -1.2864444e-03
   1.2108145e-01  -3.4809461e-01   8.0061472e-01  -1.9527247e-02   2.0339677e-03  -1.4473991e-03
   9.1541090e-02  -2.8133728e-01   8.2217448e-01  -1.8331950e-02   8.6923046e-04  -7.8949775e-04
   9.3669475e-02  -2.9913945e-01   7.6580830e-01  -1.7710569e-02   1.4270520e-03  -1.0756825e-03
   9.9847290e-02  -1.9485140e-01   7.3078503e-01  -1.5506414e-02   2.3267944e-04  -5.9749426e-04
   1.1477104e-01  -2.8154101e-01   7.3379972e-01  -1.7481077e-02   6.6842893e-04  -1.1154782e-03
   1.1428626e-01  -2.1515010e-01   7.1855890e-01  -1.7554987e-02   3.4198815e-04  -4.7331335e-04
   1.3629916e-01  -2.7186793e-01   6.0009682e-01  -1.7096680e-02   8.9979175e-04  -9.0876985e-04
   9.1967970e-02  -2.3473650e-01   8.4543407e-01  -1.7040655e-02   1.6034666e-04  -1.2826448e-03
   9.5562293e-02  -3.1229360e-01   7.6905133e-01  -1.8486414e-02   1.7251815e-05  -1.3992114e-03
   1.0198143e-01  -3.0845700e-01   7.3610778e-01  -1.8867321e-02   1.0160401e-03  -1.1611479e-03
   7.8731526e-02  -2.3977070e-01   7.7571281e-01  -1.8162504e-02   2.7322974e-04  -4.2215130e-04
   1.2325438e-01  -2.8252886e-01   6.6975732e-01  -1.7444377e-02   9.8367241e-04  -5.4427592e-04
   1.0865903e-01  -2.6731492e-01   6.9023794e-01  -1.8132196e-02   1.3420946e-03  -1.1131376e-03
   1.0451563e-01  -2.7030998e-01   6.3608762e-01  -1.8079550e-02   7.0641050e-04  -8.5178802e-04
   1.1152702e-01  -2.9519530e-01   6.3396358e-01  -1.8114314e-02   1.4101200e-03  -7.2682001e-04
   7.9213904e-02  -2.1450225e-01   7.4722127e-01  -1.7757191e-02   7.1179763e-04  -7.3027713e-04
   1.2228202e-01  -2.9960657e-01   6.5425000e-01  -1.8243406e-02   4.5546233e-04  -7.7385595e-04
   8.9308050e-02  -2.4893459e-01   7.0727291e-01  -1.8395579e-02   6.0014799e-04  -1.0574893e-03
   8.3312575e-02  -2.4988385e-01   6.4821549e-01  -1.7687885e-02   4.3461805e-04  -8.5634616e-04
   9.8118941e-02  -2.5774994e-01   6.5675711e-01  -1.7842394e-02   1.1888275e-03  -7.2380545e-04
   7.1708594e-02  -2.4648024e-01   6.4588382e-01  -1.8162495e-02   1.3777792e-04  -1.2227225e-03
  -5.7766714e-02  -1.5884383e-01   6.0663474e-01  -1.5989529e-02  -2.5937318e-03  -1.3230506e-03
  -5.0338298e-02  -1.5174231e-01   5.8310400e-01  -1.4147413e-02  -1.6190307e-03  -1.6613648e-03
  -2.3238371e-01  -2.0158219e-01   1.3022588e+00  -1.3267188e-02  -4.6930627e-03  -2.2309691e-03
  -9.5383439e-02  -2.6150949e-01   8.1430872e-01  -1.5661153e-02  -3.6577177e-03  -1.7514997e-03
  -8.2819203e-02  -2.1535153e-01   6.9863552e-01  -1.7137135e-02  -2.0511576e-03  -1.7677638e-03
  -3.0104446e-02  -1.5792365e-01   6.8994375e-01  -1.4920242e-02  -1.8215518e-03  -1.1391423e-03
  -6.3973011e-03  -1.7631791e-01   4.1374767e-01  -1.1204764e-02  -4.7832569e-04  -9.4260817e-04
   2.2347436e-02  -2.0803236e-01   4.7466843e-01  -1.6330567e-02  -4.0660432e-04  -1.3098498e-03
  -6.4644638e-03  -1.2405783e-01   5.6525224e-01  -1.3895930e-02  -1.3198254e-03  -1.1486544e-03
   7.2561668e-02  -2.2417571e-01   4.0333925e-01  -1.4852696e-02  -1.9119939e-03  -1.2023063e-03
   4.3726234e-02  -1.3065299e-01   4.8769547e-01  -1.4470131e-02  -2.7661422e-03  -8.5911688e-04
   9.1185784e-02  -2.1704221e-01   3.9874789e-01  -1.4754061e-02  -2.4746208e-03  -1.0280017e-03
   1.0281241e-01  -1.7216508e-01   4.3255444e-01  -1.3991640e-02  -2.0802857e-03  -1.0832467e-03
   1.3977935e-01  -2.4069843e-01  -6.4485449e-02  -1.3383131e-02  -1.1555244e-03  -3.9617823e-04
   1.9308937e-01  -2.7424675e-01   3.2942413e-01  -1.7009834e-02   4.5239766e-04  -6.5385216e-04
   1.6520810e-01  -3.5946305e-01   5.4132642e-01  -1.9463730e-02   1.9264213e-04  -5.0109594e-04
   1.0724688e-01  -2.2178373e-01   6.0296925e-01  -1.7206508e-02  -1.3674574e-03  -6.2535967e-04
   1.0883272e-01  -3.3022032e-01   5.7444173e-01  -1.7871115e-02  -9.8618151e-04  -7.0181428e-04
   8.9466784e-02  -2.4033074e-01   6.1491868e-01  -1.7868075e-02  -9.1525044e-04  -1.0193337e-03
   1.1175293e-01  -2.9135042e-01   5.0000281e-01  -1.7852684e-02  -1.0260201e-03  -9.9696938e-04
   5.3859236e-02  -2.1867275e-01   4.9815173e-01  -1.6513200e-02  -1.9993361e-03  -1.0733299e-03
   6.8289423e-02  -2.7845843e-01   4.5583351e-01  -1.7025635e-02  -1.2129034e-03  -1.1537734e-03
   4.5756387e-02  -1.9903663e-01   5.0779850e-01  -1.6334652e-02  -9.4049207e-04  -1.6535851e-03
   6.5648258e-02  -2.1260662e-01   4.7815304e-01  -1.6769667e-02  -7.9853492e-05  -1.0891374e-03
   6.0791137e-02  -2.8052621e-01   5.0662891e-01  -1.7734387e-02   7.5791622e-05  -1.0796873e-03
   2.5316402e-02  -1.9765911e-01   5.7754048e-01  -1.7254903e-02  -7.0282329e-04  -1.2372773e-03
   5.4540978e-02  -2.8724323e-01   5.0553132e-01  -1.6894580e-02  -7.2947480e-04  -4.6996208e-04
   4.2601652e-02  -1.9044425e-01   5.7261405e-01  -1.6626915e-02  -6.8975763e-04  -1.2995039e-03
   9.0046691e-02  -2.8529882e-01   5.0399238e-01  -1.7304644e-02  -9.0848121e-04  -7.9182354e-04
   5.7829714e-02  -2.4343043e-01   5.4716265e-01  -1.6661541e-02  -7.1661148e-04  -1.4100641e-03
   1.7085564e-02  -8.7120110e-02   4.6143375e-01  -1.3945879e-02  -1.8123858e-03  -8.5083028e-04
   5.3296613e-02  -2.4384773e-01   4.7032614e-01  -1.5933596e-02  -1.1788088e-03  -1.3672141e-03
   4.1553195e-02  -2.4093298e-01   5.1269222e-01  -1.7463732e-02  -1.2247329e-03  -1.3774504e-03
   4.3270716e-02  -2.2093636e-01   4.9913912e-01  -1.7006033e-02  -1.5169992e-03  -1.5573304e-03
   4.1945612e-02  -2.5379888e-01   5.0342594e-01  -1.6065108e-02  -1.3344541e-03  -1.8058098e-03
  -4.4592984e-03  -1.5421931e-01   5.8951707e-01  -1.5326069e-02  -1.9106468e-03  -2.6529456e-03
   2.4601576e-03  -2.7186160e-01   4.9500063e-01  -1.6103617e-02  -1.6340615e-03  -2.1437584e-03
  -3.0121499e-02  -2.1049088e-01   5.7830999e-01  -1.6828645e-02  -2.3590154e-03  -2.8595648e-03
  -2.7556462e-02  -2.2385282e-01   4.8081432e-01  -1.5970818e-02  -2.4558611e-03  -2.5336144e-03
  -4.5381017e-02  -2.3083520e-01   5.4907332e-01  -1.6925525e-02  -2.5756366e-03  -3.1794232e-03
  -2.2106492e-02  -1.4406300e-01   4.3122631e-01  -1.4912213e-02  -3.4474800e-03  -1.4807077e-03
  -5.2521755e-02  -1.4734932e-01   1.8328454e-01  -9.3016446e-03  -3.0382400e-03  -1.4620420e-03
   4.1407531e-02  -1.4839350e-01   2.5586555e-01  -1.4601716e-02  -2.0703577e-03  -9.6750143e-04
   4.6340518e-03  -8.1477291e-02   4.0167561e-01  -1.2932339e-02  -2.6060783e-03  -1.1808905e-03
   6.6229314e-03  -1.5557123e-01   3.3877612e-01  -1.2553963e-02  -2.8126865e-03  -9.4558946e-04
   2.0041648e-02  -1.6702544e-01   3.9343444e-01  -1.3587854e-02  -2.2014097e-03  -1.2020225e-03
   2.1539227e-02  -1.5095836e-01   5.4195532e-01  -1.3204758e-02  -2.1434975e-03  -1.3415990e-03
   2.9873679e-02  -1.9324490e-01   4.1799532e-01  -1.3770956e-02  -1.9789090e-03  -1.0168931e-03
  -2.4124011e-02  -1.8066931e-01   6.5495360e-01  -1.4019450e-02  -2.4375111e-03  -2.0429887e-03
  -2.4169939e-01  -1.4323206e-01   2.3451506e+00  -9.9019973e-03  -4.2792400e-03  -2.0222083e-03
  -2.2422957e-01  -3.7327665e-01   1.6033468e+00  -1.1641822e-02  -4.4483156e-03  -3.4122403e-03
  -2.0956640e-01  -3.3682251e-01   1.0980204e+00  -1.5541839e-02  -4.5518629e-03  -4.4168476e-03
  -2.0101308e-01  -2.9693874e-01   9.5452937e-01  -1.5780623e-02  -4.7267732e-03  -4.5232744e-03
  -1.9867101e-01  -2.2729555e-01   8.0061188e-01  -1.5198717e-02  -5.4826038e-03  -3.8334039e-03
  -1.8587658e-01  -2.6556718e-01   7.7538292e-01  -1.5760501e-02  -4.5590629e-03  -4.3486475e-03
  -1.7877779e-01  -2.4660045e-01   8.0126797e-01  -1.5814095e-02  -4.9775542e-03  -4.2348098e-03
  -1.4515851e-01  -2.5833530e-01   8.4670178e-01  -1.6177051e-02  -5.2868175e-03  -3.7184451e-03
  -1.4161687e-01  -2.8253323e-01   7.9116205e-01  -1.6458296e-02  -4.6856198e-03  -3.6415253e-03
  -1.4870987e-01  -1.8438847e-01   7.8284306e-01  -1.5002260e-02  -4.7478663e-03  -3.4016744e-03
  -8.1952247e-02  -1.7653703e-01   5.1134788e-01  -1.0017328e-02  -3.5167095e-03  -2.8135557e-03
  -2.8717042e-03  -1.7161410e-01   4.1046882e-01  -1.3283145e-02  -3.1780823e-03  -7.3124070e-04
  -3.4811047e-02  -5.9815069e-02   3.9858450e-01  -1.2564128e-02  -4.2541151e-03  -1.3751662e-03
  -5.2867684e-02  -1.3049117e-01   3.5018295e-01  -1.2906507e-02  -4.1578977e-03  -1.8508857e-03
  -3.4378989e-01  -8.4856512e-01   1.9008854e+00  -3.6656015e-02  -3.1327889e-03  -3.0185742e-03
  -3.8088237e-01  -8.2957121e-01   2.4504705e+00  -3.2029102e-02  -4.0693907e-03  -3.8835691e-03
  -2.5065053e-01  -6.9537064e-01   1.0142499e+00  -2.2845504e-02  -4.1999672e-03  -4.6142270e-03
  -2.4469199e-01  -3.8141794e-01   1.0225443e+00  -2.0864342e-02  -5.0650054e-03  -4.1889622e-03
  -1.9691754e-01  -3.9286615e-01   9.9749714e-01  -2.1727135e-02  -3.6462151e-03  -3.6276429e-03
  -2.3800037e-01  -2.9208896e-01   9.9909185e-01  -2.0348663e-02  -4.4546038e-03  -4.5266032e-03
  -2.3754350e-01  -3.9177807e-01   9.1119767e-01  -2.1428490e-02  -3.9532568e-03  -4.8160990e-03
  -2.4870240e-01  -3.5654060e-01   9.8111679e-01  -2.1431673e-02  -4.4661422e-03  -4.7807052e-03
  -2.1789512e-01  -3.1605956e-01   9.7852318e-01  -1.9969322e-02  -4.6435216e-03  -5.0280725e-03
  -2.1140444e-01  -3.5097118e-01   9.5097675e-01  -1.9581864e-02  -4.1022058e-03  -4.9723978e-03
  -2.3646866e-01  -3.5980536e-01   8.5100760e-01  -2.1039329e-02  -4.2298786e-03  -4.8713801e-03
  -2.6345300e-01  -3.3410632e-01   8.5053336e-01  -2.1078552e-02  -4.1297695e-03  -4.7912673e-03
  -2.6253230e-01  -2.0028155e-01   7.8454321e-01  -1.8688263e-02  -4.4455014e-03  -4.6094385e-03
  -2.4837734e-01  -3.1943429e-01   7.3165991e-01  -2.0224284e-02  -4.5986337e-03  -4.3290468e-03
  -2.5617446e-01  -2.4711003e-01   7.9277133e-01  -1.9339971e-02  -4.1264934e-03  -4.6383858e-03
  -2.7966333e-01  -2.7831278e-01   6.6297493e-01  -2.0175973e-02  -5.0054283e-03  -5.0728917e-03
  -2.9075990e-01  -2.3022840e-01   7.0419204e-01  -1.8910490e-02  -4.8558633e-03  -4.7757855e-03
  -1.5373152e-01  -1.6797460e-01   5.1779766e-01  -1.6964678e-02  -3.4922117e-03  -3.0771880e-03
  -1.6861285e-01  -2.2457053e-01   5.8817670e-01  -1.7947499e-02  -3.4835366e-03  -2.9384334e-03
  -1.8427644e-01  -1.8009437e-01   5.9580602e-01  -1.7231677e-02  -3.6637696e-03  -3.7675701e-03
  -2.2496012e-01  -1.8598138e-01   5.5860438e-01  -1.7631552e-02  -4.9197574e-03  -3.4243178e-03
  -2.3868540e-01  -2.2868010e-01   5.0484889e-01  -1.6839526e-02  -5.2658156e-03  -3.3606316e-03
  -2.3195749e-01  -2.5297387e-01   5.8294766e-01  -1.8518306e-02  -4.8067320e-03  -4.0311636e-03
  -2.6860077e-01  -1.0290281e-01   6.1072555e-01  -1.6171140e-02  -5.5462197e-03  -4.3438440e-03
  -2.4263932e-01  -2.6541013e-01   5.6402381e-01  -1.7994957e-02  -4.9860303e-03  -4.9633484e-03
  -2.5361284e-01  -2.2517085e-01   5.7088420e-01  -1.8049638e-02  -5.3931656e-03  -4.4293103e-03
  -2.5018648e-01  -1.6062307e-01   5.1948548e-01  -1.7030733e-02  -5.3729717e-03  -4.6259164e-03
  -2.6144878e-01  -2.2278015e-01   5.6192374e-01  -1.7348875e-02  -4.4848867e-03  -5.1407589e-03
  -2.2876605e-01  -1.1435551e-01   4.7462055e-01  -1.2561708e-02  -4.7749629e-03  -4.4191148e-03
  -1.7646422e-01  -2.3791585e-01   4.2049637e-01  -1.5988467e-02  -3.7910909e-03  -4.6144823e-03
  -2.0975970e-01  -1.0909218e-01   5.6800341e-01  -1.4662423e-02  -4.7220428e-03  -4.3374724e-03
  -2.2289208e-01  -2.2579846e-01   5.0048479e-01  -1.5687080e-02  -4.9045111e-03  -4.6321185e-03
  -2.2803400e-01  -1.6470303e-01   5.9350182e-01  -1.6083064e-02  -5.1250562e-03  -4.7293608e-03
  -1.8967228e-01  -2.1862465e-01   7.1107483e-01  -1.6016580e-02  -4.5674734e-03  -4.4433993e-03
  -2.2339058e-01  -2.4433782e-01   6.5857688e-01  -1.3381693e-02  -4.8960609e-03  -4.4288703e-03
  -1.6291076e-01  -4.1634580e-01   2.8780789e-01  -1.3614131e-02  -3.8256570e-03  -3.4343940e-03
  -2.0131090e-01  -2.2480945e-01   2.9714977e-01  -1.1014830e-02  -4.0625908e-03  -3.7822025e-03
  -2.2436099e-01  -2.0474699e-01   5.9703015e-01  -1.6467881e-02  -5.6738642e-03  -3.9033486e-03
  -2.1921360e-01  -1.9236919e-01   5.2986309e-01  -1.5386714e-02  -5.9462536e-03  -3.6658431e-03
  -1.8674457e-01  -3.0117742e-01   6.4514920e-01  -1.7095550e-02  -5.2417424e-03  -4.4369963e-03
  -2.3199423e-01  -2.3930158e-01   5.6419375e-01  -1.6701415e-02  -5.8691230e-03  -4.1169317e-03
  -2.3645169e-01  -2.9701719e-01   5.9634380e-01  -1.7276036e-02  -6.0160851e-03  -3.9056086e-03
  -2.1223022e-01  -2.4142723e-01   5.5178624e-01  -1.6976394e-02  -6.6910662e-03  -3.0766476e-03
  -1.8788686e-01  -2.1655167e-01   5.1784793e-01  -1.6797434e-02  -6.3328820e-03  -3.5287038e-03
  -1.6910622e-01  -2.6852700e-01   5.9139084e-01  -1.6001828e-02  -5.1804603e-03  -3.9644319e-03
  -1.7622573e-01  -2.1684472e-01   6.1866282e-01  -1.6458971e-02  -5.0127957e-03  -3.6212950e-03
  -1.7058430e-01  -2.9958997e-01   5.8355203e-01  -1.6732296e-02  -5.2680338e-03  -3.4367074e-03
  -1.8697869e-01  -2.4661864e-01   6.1007503e-01  -1.6846069e-02  -5.5190659e-03  -4.0574755e-03
  -2.2168466e-01  -2.4440875e-01   5.2227481e-01  -1.6672761e-02  -5.3291190e-03  -3.9693772e-03
  -2.2585080e-01  -2.4040032e-01   5.1561602e-01  -1.6500453e-02  -5.6257053e-03  -3.7309473e-03
  -2.2515601e-01  -2.1107254e-01   5.1000098e-01  -1.6610160e-02  -5.4877117e-03  -4.4001775e-03
  -2.2419104e-01  -2.2256592e-01   4.8897540e-01  -1.6859986e-02  -5.7924306e-03  -4.3197645e-03
  -2.3318000e-01  -2.6262481e-01   5.3032103e-01  -1.6934421e-02  -5.5480557e-03  -4.9967357e-03
  -3.0544242e-01  -1.6922583e-01   5.7942685e-01  -1.5861101e-02  -6.2412604e-03  -5.4067660e-03
  -2.5797496e-01  -2.3847196e-01   4.8861187e-01  -1.6045527e-02  -6.6320901e-03  -4.9244059e-03
  -2.6825059e-01  -2.1827272e-01   5.0285720e-01  -1.6385597e-02  -6.5017082e-03  -5.2521527e-03
  -2.7738935e-01  -1.3296484e-01   6.0709985e-01  -1.5135230e-02  -7.0296669e-03  -4.9160512e-03
  -2.0980733e-01  -2.4058736e-01   5.9475263e-01  -1.6278709e-02  -7.5780435e-03  -4.7105601e-03
  -1.9969503e-01  -2.3273522e-01   6.1620369e-01  -1.7070834e-02  -7.5152012e-03  -4.6338184e-03
  -1.8675478e-01  -1.9528374e-01   6.0444991e-01  -1.6692651e-02  -7.6739949e-03  -4.4762453e-03
  -1.7790141e-01  -1.6996432e-01   5.4713225e-01  -1.4431028e-02  -7.9744962e-03  -4.0086046e-03
  -1.4081630e-01  -1.8309559e-01   6.2283841e-01  -1.6503225e-02  -7.8002425e-03  -4.0512497e-03
  -1.7587576e-01  -2.4251140e-01   5.4719065e-01  -1.6225991e-02  -7.8125582e-03  -4.0017289e-03
  -2.0994349e-01  -1.7039016e-01   6.4042167e-01  -1.6077069e-02  -7.7717781e-03  -4.4784530e-03
  -2.0005664e-01  -2.4569610e-01   5.6214928e-01  -1.6173015e-02  -7.8439583e-03  -5.0475130e-03
  -1.8304819e-01  -2.3388949e-01   6.5581981e-01  -1.6702891e-02  -6.1530559e-03  -5.4462783e-03
  -2.0129739e-01  -1.5997336e-01   6.2570312e-01  -1.5251433e-02  -5.9464267e-03  -5.3989670e-03
  -2.4738780e-01  -2.9013474e-01   6.8167235e-01  -1.6732562e-02  -6.3845459e-03  -5.5777446e-03
  -2.5755992e-01  -2.2854387e-01   7.5165231e-01  -1.6481633e-02  -7.3800238e-03  -5.1009849e-03
  -2.5659764e-01  -2.2994011e-01   7.2623432e-01  -1.5124517e-02  -7.2904973e-03  -5.0489460e-03
  -2.7004521e-01  -1.8399889e-01   6.9387456e-01  -1.4565954e-02  -6.6112297e-03  -5.5751796e-03
  -2.7926894e-01  -2.7039372e-01   6.8413908e-01  -1.7335122e-02  -7.1368335e-03  -4.5890743e-03
  -2.2829235e-01  -2.6687061e-01   6.4025748e-01  -1.7409554e-02  -5.9370124e-03  -4.3507741e-03
  -2.6482870e-01  -2.9787633e-01   6.6360367e-01  -1.7603717e-02  -5.1110339e-03  -4.8920091e-03
  -2.8452207e-01  -2.6105133e-01   8.1384191e-01  -1.7395360e-02  -5.6235016e-03  -5.2467080e-03
  -2.7547902e-01  -3.0911869e-01   9.2259494e-01  -1.7852203e-02  -7.0840418e-03  -4.9602785e-03
  -2.8283971e-01  -2.7329163e-01   8.0818877e-01  -1.7691590e-02  -6.6601040e-03  -5.2855239e-03
  -3.2739038e-01  -3.6062437e-01   9.1926105e-01  -2.0537758e-02  -8.0008412e-03  -5.8694944e-03
  -2.7979497e-01  -2.2841111e-01   8.1751538e-01  -1.3104019e-02  -7.2684919e-03  -5.1053171e-03
  -2.0884058e-01  -2.7433997e-01   8.4609007e-01  -1.7334770e-02  -5.7400142e-03  -4.3241204e-03
  -2.1261040e-01  -2.1566906e-01   8.1363807e-01  -1.7214852e-02  -5.5769557e-03  -4.6288091e-03
