   0.0000000e+00   0.0000000e+00   1.4210855e-14   0.0000000e+00   0.0000000e+00   0.0000000e+00
  -2.1117294e-02   1.2565497e-02  -4.0867270e-02  -4.3124576e-04   1.9644224e-04   3.0860093e-04
  -5.4263400e-02   1.5741374e-01   2.2489290e-01   1.2369306e-03  -3.1645648e-04  -4.8387775e-04
  -2.8553376e-02   2.2502040e-02   6.6913171e-02   3.6444150e-04   4.6484838e-05   9.4023514e-05
  -1.5663340e-02   1.2282864e-01   2.2632082e-01   9.1766613e-04   3.9893953e-04   2.8363317e-04
  -1.6442515e-02   9.3592100e-02   2.2646051e-01  -3.9560393e-04   2.6175797e-04   4.0852837e-04
   1.9853266e-02   4.2067465e-02   1.3164728e-01  -7.4097258e-04   6.5954122e-04   6.3866818e-04
   2.8404860e-03   1.4033009e-01   2.6278888e-01   1.0105664e-03   9.1863744e-04   4.6584302e-04
   1.2330812e-02   4.9654587e-02   1.3904687e-01  -8.8786770e-04   7.2011169e-04   7.8676947e-04
   2.3955029e-02   7.7931327e-02   1.6298472e-01   5.0181022e-04   1.2487630e-03   1.1457197e-03
   4.2163622e-02   8.5082902e-02   1.9527671e-01   1.7947005e-04   1.1849159e-03   1.3260004e-03
   5.6455412e-02   4.8575499e-02   1.7595808e-01  -1.1223100e-03   1.2889558e-03   1.3496481e-03
   5.1388909e-02   6.6249256e-02   1.4483208e-01  -3.0131559e-05   1.4828858e-03   1.5912711e-03
   7.4041872e-02   7.9065811e-02   1.8344228e-01   3.1943214e-04   1.6259380e-03   2.0973652e-03
   8.4958331e-02   9.0084643e-02   2.5060715e-01   1.2279549e-05   2.3448412e-03   2.1033492e-03
   1.0834254e-01   3.4155482e-02   1.7819856e-01  -6.2360362e-04   2.9177905e-03   2.4824885e-03
   1.1859623e-01   1.1986948e-01   2.5957453e-01   1.3274039e-03   3.2668995e-03   3.0202716e-03
   1.3730124e-01   8.6998299e-02   2.1324723e-01  -9.5267134e-05   3.6931241e-03   2.9182615e-03
   1.1641215e-01   9.0985556e-02   2.5219010e-01  -1.7314076e-04   3.1583070e-03   3.1426685e-03
   1.0657117e-01   5.8695361e-02   2.2388708e-01  -1.1997983e-04   3.1399899e-03   2.7462794e-03
   1.2154957e-01   5.7685399e-02   1.9325239e-01  -4.2034671e-04   3.4799254e-03   3.0020622e-03
   1.0333790e-01   1.0203759e-01   2.9323743e-01   5.6782024e-04   3.7124817e-03   2.9686564e-03
   1.1639920e-01   6.8366460e-02   2.7007414e-01  -6.8615237e-04   3.8439103e-03   3.1784429e-03
   1.1346074e-01   3.0445817e-02   2.3812473e-01  -6.5103950e-04   3.8930028e-03   3.4632692e-03
   1.0832942e-01   1.0834527e-01   3.5744501e-01   4.7722702e-04   4.0665624e-03   3.2920806e-03
   6.7411421e-02   3.3447561e-02   2.4380447e-01   7.4681644e-04   3.3633286e-03   2.1460824e-03
   4.2801827e-02   5.4038004e-02   2.1795499e-01  -1.1638353e-03   3.3837333e-03   2.1745511e-03
   7.8273309e-02   7.2089591e-02   2.4746989e-01  -4.1697329e-04   3.8936218e-03   3.0261653e-03
   9.3176416e-02   1.0416083e-01   3.0159438e-01   8.4747136e-05   4.3787309e-03   3.3330990e-03
   1.1584903e-01   4.6320076e-02   2.6452616e-01  -1.2783621e-03   4.4388847e-03   3.4926402e-03
   1.1760508e-01   6.8234645e-02   2.5074528e-01  -7.5592386e-04   4.3061774e-03   3.7490733e-03
   1.2501192e-01   7.9715984e-02   2.9087886e-01  -7.5641755e-04   4.3236966e-03   3.8506842e-03
   9.2842630e-02   9.1921680e-02   3.0462186e-01  -6.4561348e-04   4.3157261e-03   3.2091247e-03
   1.2126179e-01   4.3517579e-02   2.7969102e-01  -1.0553058e-03   4.6098349e-03   3.6683878e-03
   1.3619949e-01   9.8137470e-02   3.3269630e-01  -2.3775508e-04   4.8161425e-03   3.9145587e-03
   1.3464264e-01   1.1014191e-01   3.4882670e-01  -4.2670033e-04   4.3049927e-03   4.1241045e-03
   1.3777499e-01   7.6253971e-02   3.1220140e-01  -4.4061209e-04   4.2559559e-03   4.1209774e-03
   1.4211788e-01   1.1551920e-01   2.8397650e-01   8.2321119e-04   4.3034923e-03   4.2400400e-03
   1.5072726e-01   1.6537383e-01   4.4280367e-01   1.1998636e-03   4.6189970e-03   3.8289158e-03
   1.5693899e-01   7.9828544e-02   2.6964459e-01  -6.0325927e-04   4.4795745e-03   4.4410864e-03
   1.6303239e-01   1.5095334e-01   4.4344959e-01   7.0623946e-04   4.5933787e-03   4.2616538e-03
   1.6842504e-01   5.5601243e-02   3.6122108e-01  -1.0863870e-03   4.0913910e-03   4.5497330e-03
   1.5624675e-01   1.1396167e-01   3.7430593e-01  -8.5076559e-05   4.5552616e-03   4.3813946e-03
   1.4446823e-01   1.3723941e-01   4.1113600e-01   3.6128741e-04   4.0179362e-03   4.5159010e-03
   1.6075421e-01   8.5095278e-02   3.3866908e-01  -3.4199360e-04   4.8717993e-03   4.7926708e-03
   1.4425000e-01   1.6213708e-01   4.9708657e-01   1.0186929e-03   4.6215701e-03   4.7338903e-03
   1.5385947e-01   7.2712176e-02   3.4600884e-01  -2.3037031e-04   4.2938216e-03   5.2340046e-03
   1.7370972e-01   1.0243625e-01   3.2442839e-01   2.8605301e-05   4.8442632e-03   5.4890536e-03
   1.5873729e-01   1.7168617e-01   4.7302150e-01   1.1966274e-03   4.8753328e-03   5.1779369e-03
   1.5670302e-01   9.8374300e-02   3.2370872e-01   8.7458073e-04   4.6801202e-03   5.3571851e-03
   1.6002393e-01   1.8526515e-01   4.5579254e-01   1.9692055e-03   4.7120762e-03   5.3942423e-03
   1.6359888e-01   1.1093719e-01   3.3008102e-01   4.5041158e-04   4.5662871e-03   5.6966334e-03
   1.6949510e-01   1.4790148e-01   3.7051759e-01   1.4865854e-03   5.0854999e-03   5.6853985e-03
   1.7895504e-01   1.0156778e-01   3.3621840e-01   7.5485136e-05   4.6481431e-03   5.5795126e-03
   1.5851759e-01   1.6262014e-01   4.1183032e-01   1.5109604e-03   4.8527382e-03   5.2380733e-03
   1.5063083e-01   1.3791482e-01   3.8947590e-01   6.6158355e-04   4.7420155e-03   5.4099637e-03
   1.6415418e-01   1.2283527e-01   3.6593600e-01   1.3840190e-03   5.2760537e-03   5.5383743e-03
   1.5646101e-01   1.8089081e-01   4.4897343e-01   1.8052190e-03   5.1202227e-03   5.6404790e-03
   1.6078381e-01   1.3658699e-01   3.9423207e-01   6.2572683e-04   5.0539054e-03   5.3934675e-03
   1.7118741e-01   1.4690946e-01   3.7159252e-01   1.6218194e-03   5.4790297e-03   5.5417186e-03
   1.6902550e-01   1.6042857e-01   4.2403605e-01   1.2881161e-03   4.8645207e-03   5.6009180e-03
   1.7736620e-01   1.0219233e-01   3.7676053e-01  -1.7588603e-05   5.0795617e-03   5.5912639e-03
   1.6961805e-01   1.4791647e-01   3.9777568e-01   1.4410821e-03   5.1777467e-03   5.6898275e-03
   1.6672895e-01   1.4274666e-01   3.8604487e-01   9.4193855e-04   5.1553900e-03   5.4138009e-03
   1.7605920e-01   1.1266752e-01   3.2922604e-01   5.4803140e-04   5.5534008e-03   5.6367537e-03
   1.8106586e-01   1.7682205e-01   4.0659543e-01   1.5084917e-03   5.6065658e-03   5.5134288e-03
   1.8969725e-01   1.1468436e-01   3.6059849e-01   4.0908299e-05   5.4986692e-03   5.5058198e-03
   2.0432317e-01   1.4216430e-01   3.1683760e-01   1.4260040e-03   5.5700110e-03   5.9743514e-03
   2.1860593e-01   1.2851515e-01   3.7529444e-01   2.2803064e-04   6.1148536e-03   5.6452335e-03
   1.8054454e-01   8.0282811e-02   2.1296444e-01   1.2101432e-03   4.7965376e-03   4.7445889e-03
   1.7326526e-01   1.9644532e-01   3.1611073e-01   1.6535734e-03   5.6965508e-03   4.6058573e-03
   1.6642488e-01   1.1200493e-01   2.9159159e-01   4.5163573e-04   5.4404658e-03   4.9906061e-03
   1.9383184e-01   1.5042849e-01   3.4990150e-01   2.6199075e-04   6.2744599e-03   5.3348202e-03
   2.0573108e-01   1.3913039e-01   4.0345990e-01  -3.8765582e-04   6.0873319e-03   5.2209112e-03
   2.0328691e-01   8.4733567e-02   3.5819647e-01  -1.3493266e-03   6.3113977e-03   5.1455752e-03
   2.0428527e-01   1.1283684e-01   3.4859362e-01  -1.9768859e-04   6.7182959e-03   5.0022866e-03
   1.9547816e-01   1.8057690e-01   4.6784745e-01   4.8518040e-04   6.7777573e-03   4.6165637e-03
   1.9490546e-01   9.9517208e-02   3.1947420e-01  -7.9890718e-04   6.7215623e-03   5.0498622e-03
   2.1741712e-01   1.1736081e-01   3.4699306e-01  -3.8301785e-04   6.8421027e-03   5.4936746e-03
   2.1963281e-01   1.8877292e-01   4.6779196e-01   1.7321821e-03   6.9372952e-03   5.0731598e-03
   2.2084732e-01   1.2117037e-01   3.3749293e-01   5.4108768e-04   6.6650414e-03   5.5033208e-03
   2.4178181e-01   1.9308509e-01   4.3895074e-01   1.4752290e-03   6.9590678e-03   5.4830503e-03
   2.4173654e-01   1.7093840e-01   4.5481326e-01   1.1500610e-03   6.8357025e-03   5.2424368e-03
   2.4889429e-01   1.4248281e-01   3.6699813e-01   1.4178453e-03   7.5214460e-03   5.4590358e-03
   2.3514007e-01   2.0255562e-01   4.2009302e-01   1.7076666e-03   7.1475251e-03   5.7674240e-03
   2.2755050e-01   1.6946213e-01   4.0067897e-01   3.3311028e-04   6.6951623e-03   5.8701249e-03
   2.2239816e-01   1.1281836e-01   3.3283741e-01  -2.8124661e-04   7.0512455e-03   5.8715964e-03
   2.2607762e-01   1.9175954e-01   4.5981658e-01   4.9339360e-04   7.1558247e-03   6.0108032e-03
   2.4605992e-01   9.5224628e-02   3.9239129e-01  -1.0427780e-03   7.5095139e-03   6.1175213e-03
   2.3848746e-01   1.5809696e-01   4.6910627e-01   9.2554098e-04   7.6991835e-03   6.0166473e-03
   2.4447068e-01   1.2473766e-01   4.1350884e-01  -1.0418222e-04   7.7477997e-03   5.9433020e-03
   2.4261075e-01   1.0731854e-01   3.9133248e-01  -5.5993400e-04   7.9629644e-03   6.2886084e-03
   2.4168111e-01   1.4769268e-01   4.2241658e-01  -3.5825493e-04   7.8174027e-03   6.2531556e-03
   2.2897314e-01   1.6273978e-01   4.5478051e-01  -3.2116320e-05   7.6384346e-03   6.3159480e-03
   2.4280313e-01   1.4776838e-01   4.5966586e-01  -3.9323884e-04   7.5416740e-03   6.4808047e-03
   2.4077479e-01   1.2167180e-01   4.4572972e-01  -1.9297271e-04   7.7873190e-03   6.4973928e-03
   2.4185828e-01   1.4422381e-01   4.6672313e-01   5.4559526e-04   7.5809436e-03   6.6289515e-03
   2.3907586e-01   1.8380681e-01   4.8784423e-01   6.7302231e-04   7.8870262e-03   6.0448080e-03
   2.3643458e-01   1.6425440e-01   4.3138616e-01   6.9540814e-04   7.6627071e-03   6.0108953e-03
   2.5676687e-01   1.4925243e-01   4.2320586e-01   1.1144862e-03   8.5134871e-03   6.2484705e-03
   2.3711293e-01   1.9272490e-01   5.1795359e-01   1.2415857e-03   7.4314567e-03   6.2496409e-03
   2.0584973e-01   1.0189634e-01   3.3931631e-01   8.0533503e-04   6.2680081e-03   5.8276187e-03
   1.9197657e-01   2.1877329e-01   4.6207439e-01   7.4989768e-04   6.0085217e-03   5.6925919e-03
   2.0272678e-01   1.4832567e-01   4.0041380e-01   1.0308159e-03   6.5314379e-03   5.9865587e-03
   1.9620561e-01   1.9857880e-01   4.8096618e-01   1.3359521e-03   6.3622709e-03   5.7193657e-03
   1.8859617e-01   1.4718711e-01   4.6116126e-01   1.0772819e-04   6.3974702e-03   5.7062308e-03
   2.0098702e-01   1.5844314e-01   4.7080966e-01   7.6148041e-04   7.2074025e-03   5.5647046e-03
   2.0256678e-01   1.9698449e-01   4.7853501e-01   1.6036965e-03   7.1752447e-03   5.5887312e-03
   1.9795943e-01   1.0302038e-01   4.4767553e-01  -6.8540660e-04   6.6852899e-03   5.8614029e-03
   1.9511543e-01   1.6558152e-01   4.6570540e-01   7.1266338e-04   6.9022297e-03   5.9918933e-03
   1.6935038e-01   1.8038150e-01   5.5942186e-01   2.0902995e-04   6.7529241e-03   5.3637606e-03
   1.9047345e-01   1.4759293e-01   5.0040837e-01   9.6434373e-04   7.5265819e-03   5.2915535e-03
   1.9638972e-01   1.9932015e-01   5.9669607e-01   3.0150593e-04   7.6332267e-03   4.8314664e-03
   1.8303783e-01   1.7047276e-01   5.6427515e-01  -7.5709239e-04   7.4936184e-03   5.0284520e-03
   1.5681647e-01   1.1693379e-01   5.2288841e-01  -6.8766618e-04   7.4357053e-03   4.7283155e-03
   1.7418261e-01   2.1165823e-01   6.0587732e-01   6.3149520e-04   7.8557670e-03   4.8651486e-03
   1.9130799e-01   1.6539808e-01   5.6788508e-01  -1.0162873e-03   8.4713527e-03   4.6439010e-03
   1.9709638e-01   1.4759390e-01   5.2131997e-01   2.1252641e-04   8.3120571e-03   4.9063637e-03
   1.9131330e-01   2.0247685e-01   6.2238691e-01  -2.0271251e-04   8.3157568e-03   4.9346319e-03
   1.9586687e-01   1.0701574e-01   4.5964324e-01   3.5513438e-04   8.0130708e-03   4.0407718e-03
   1.6910649e-01   1.8000610e-01   5.1756170e-01  -1.9849470e-03   7.7304384e-03   4.3174566e-03
   1.7817581e-01   1.6719840e-01   4.6758002e-01   3.3577940e-04   7.9784286e-03   4.7600033e-03
   1.7058501e-01   2.1214033e-01   5.2645876e-01   1.1435630e-03   7.7656414e-03   4.4353536e-03
   1.7085951e-01   1.2844574e-01   4.8169666e-01  -1.0019296e-04   7.8021006e-03   4.5130880e-03
   1.7624532e-01   1.8729889e-01   5.1982998e-01   8.0143256e-04   7.9217133e-03   4.5401331e-03
   1.7939149e-01   1.7068455e-01   5.2940239e-01  -1.1734074e-04   7.5753672e-03   4.6662524e-03
   1.9500170e-01   1.6157172e-01   4.8409429e-01   9.2412018e-04   8.1169615e-03   5.2268438e-03
   2.0062963e-01   2.3583036e-01   5.8276072e-01   1.2323353e-03   8.2239863e-03   4.9158514e-03
   2.0941045e-01   1.3863015e-01   4.3329938e-01   3.1853817e-04   8.3768982e-03   5.2948733e-03
   2.0854357e-01   2.6135623e-01   6.0893285e-01   2.1350527e-03   8.6533131e-03   5.1202972e-03
   2.0729963e-01   1.5563223e-01   4.6920172e-01   7.9495306e-04   8.3712004e-03   5.3293273e-03
   2.2384088e-01   2.4454436e-01   5.8781725e-01   1.4850705e-03   8.5376014e-03   5.1431495e-03
   2.1611875e-01   1.7239588e-01   5.1477682e-01  -3.5409642e-04   8.1207793e-03   5.3609898e-03
   2.0241069e-01   1.9677471e-01   5.2184706e-01   5.4758726e-04   8.7192912e-03   5.3225997e-03
   2.0789366e-01   2.0468114e-01   5.7378906e-01   1.1037241e-03   8.7131945e-03   5.3858617e-03
   1.9049518e-01   1.7522004e-01   5.8574271e-01  -1.9149727e-04   8.3739606e-03   5.2745838e-03
   1.9409691e-01   1.5416167e-01   5.2492664e-01   2.3555445e-04   8.5943793e-03   5.4841655e-03
   2.0126925e-01   2.1496099e-01   5.9864868e-01   1.0006889e-03   8.7215707e-03   5.3919244e-03
   2.0052356e-01   1.8088451e-01   5.7612402e-01   4.6281427e-04   8.2958197e-03   5.2495586e-03
   1.8323845e-01   2.5809624e-01   6.2991631e-01   1.8051086e-03   9.0511721e-03   5.2221068e-03
   1.7939700e-01   1.2301142e-01   2.0639803e-01   9.4964021e-04   7.8516539e-03   5.2534129e-03
   1.7894336e-01   2.6090597e-01   5.1919061e-01   2.2401130e-03   8.6522047e-03   5.3244508e-03
   1.9670833e-01   2.2275663e-01   5.0458938e-01   1.3206614e-03   8.7634098e-03   5.5858137e-03
   2.1889103e-01   2.3021901e-01   4.5866992e-01   2.4691189e-03   9.3529752e-03   5.1191391e-03
   2.1204125e-01   2.4678377e-01   5.1573015e-01   1.9735953e-03   8.7731358e-03   5.0216069e-03
   2.0116690e-01   2.1628744e-01   4.5720715e-01   2.1022124e-03   8.3207850e-03   4.9495632e-03
   2.1081297e-01   3.0725618e-01   6.5341515e-01   2.0019693e-03   8.3930635e-03   4.6386974e-03
   2.1457128e-01   1.6685829e-01   5.1449671e-01   1.6598802e-03   9.1693751e-03   4.4301590e-03
   2.1551689e-01   2.1709282e-01   5.0340257e-01   1.2632387e-03   9.1796327e-03   4.5940682e-03
   2.1451143e-01   1.7431730e-01   4.7033411e-01   1.7460887e-03   8.7500065e-03   5.0260023e-03
   2.0008281e-01   2.1862691e-01   3.9565976e-01   2.0319189e-03   8.9840929e-03   4.6104337e-03
   1.9695159e-01   2.6458911e-01   4.0854747e-01   2.1942765e-03   8.5583143e-03   5.2679772e-03
   2.0193269e-01   2.2437484e-01   4.7679486e-01   8.4137813e-04   8.8087802e-03   5.3483193e-03
   1.9198643e-01   2.1249962e-01   4.6891637e-01   9.6249532e-04   9.0279734e-03   5.3248368e-03
   2.0983903e-01   2.6707768e-01   4.9790364e-01   1.5025991e-03   8.7877510e-03   5.1997074e-03
   1.9080956e-01   1.7290026e-01   4.4740257e-01   1.1542380e-04   8.4816154e-03   5.2936365e-03
   2.1339972e-01   2.3856907e-01   4.8953340e-01   1.5013892e-03   9.1297016e-03   5.4835248e-03
   2.2916011e-01   2.6235824e-01   4.8239115e-01   1.7879095e-03   9.2427775e-03   5.7545079e-03
   2.3779013e-01   2.1112775e-01   5.0806310e-01   7.1942281e-04   9.3284817e-03   5.6808479e-03
   2.3828941e-01   2.1573384e-01   4.4850937e-01   1.4703395e-03   9.5792463e-03   5.7301938e-03
   2.4463276e-01   2.5854345e-01   4.9937436e-01   1.3900750e-03   9.8718010e-03   5.6201556e-03
   2.3915997e-01   2.1715898e-01   4.7403175e-01   1.5868272e-04   1.0075138e-02   5.7489535e-03
   2.0391516e-01   2.3050740e-01   4.4401160e-01   1.1942336e-03   9.6937629e-03   5.3382492e-03
   2.0533017e-01   2.8218655e-01   5.7007155e-01   1.6461140e-03   1.0191176e-02   5.0569111e-03
   2.1102215e-01   2.0772229e-01   5.2545547e-01   6.5153910e-04   1.0389478e-02   5.6160164e-03
   2.1058399e-01   1.8973886e-01   5.7295565e-01  -1.0034526e-03   1.0726129e-02   5.9376904e-03
   1.5400285e-01   2.2275960e-01   5.0206177e-01   1.0092852e-03   8.9704492e-03   4.4978148e-03
   2.0782416e-01   2.4659293e-01   5.2875401e-01   3.3580500e-03   9.6328501e-03   5.3029795e-03
   1.8389944e-01   2.1748420e-01   3.3902262e-01   1.5867494e-03   8.8167328e-03   5.2911329e-03
   2.0987903e-01   2.8359494e-01   4.9764194e-01   3.0189422e-03   9.7447401e-03   5.5340433e-03
   1.9698384e-01   2.8061105e-01   5.2861430e-01   2.1676893e-03   9.6615594e-03   5.2769787e-03
   1.8675109e-01   2.4106184e-01   4.4217186e-01   1.8141869e-03   9.4643329e-03   5.5255017e-03
   1.9129115e-01   2.6762038e-01   4.8578396e-01   2.6353877e-03   9.7478122e-03   5.5785816e-03
   1.9996567e-01   2.7311477e-01   5.3849505e-01   2.1605083e-03   9.6221273e-03   5.5047704e-03
   1.9149312e-01   2.4407785e-01   4.6423206e-01   1.6043997e-03   9.6819498e-03   5.5357523e-03
   2.0633867e-01   2.2404340e-01   4.3274461e-01   1.4082213e-03   9.9559492e-03   5.9340366e-03
   2.1291277e-01   2.7294067e-01   5.3115160e-01   2.1549986e-03   1.0335194e-02   5.9749803e-03
   2.2013855e-01   2.1531153e-01   5.2551512e-01   1.1073580e-03   1.0402644e-02   5.8035216e-03
   2.3168543e-01   2.5805312e-01   5.7180719e-01   3.4270633e-03   1.0320033e-02   5.8888761e-03
   2.2918564e-01   2.6407349e-01   4.8278542e-01   2.5378252e-03   9.7546011e-03   5.8549510e-03
   1.9784640e-01   2.1072118e-01   4.9088399e-01   4.9172976e-04   9.5864750e-03   5.2182948e-03
   1.5871171e-01   1.8430665e-01   4.2893911e-01   9.1399229e-04   8.4821512e-03   5.2188183e-03
   1.5875621e-01   2.4057830e-01   5.2577519e-01   1.1263073e-03   8.8862822e-03   5.5278782e-03
   1.6780898e-01   2.2109505e-01   5.1378268e-01   1.8793687e-03   8.7149058e-03   5.8252493e-03
   1.7966533e-01   2.5377246e-01   5.0831535e-01   1.8862353e-03   9.0545734e-03   5.7756197e-03
   1.7218783e-01   2.8574663e-01   5.9024599e-01   2.1082468e-03   9.1251625e-03   5.6893151e-03
   1.8367879e-01   2.2548278e-01   5.3856426e-01   1.7432299e-03   8.9928148e-03   5.7020587e-03
   1.7312992e-01   2.6345470e-01   5.5946932e-01   2.2122212e-03   9.4737309e-03   5.3286132e-03
   1.6748249e-01   2.6943697e-01   5.9919342e-01   2.2847661e-03   8.9541605e-03   5.4967424e-03
   1.8242746e-01   2.5077405e-01   6.1263523e-01   1.6579687e-03   9.1718534e-03   5.2209788e-03
   1.9251685e-01   2.3653422e-01   5.5897637e-01   1.8409019e-03   9.2748999e-03   5.4244521e-03
   1.9393930e-01   2.9432997e-01   6.2691091e-01   2.9367933e-03   9.1965108e-03   5.5370324e-03
   2.1140441e-01   2.4324400e-01   6.3704691e-01   1.4306510e-03   9.5261330e-03   5.0628377e-03
   2.1677208e-01   2.8189111e-01   6.4037698e-01   3.1281960e-03   1.0239843e-02   4.8138874e-03
   1.8422224e-01   2.3751106e-01   6.2807356e-01   1.7278898e-03   9.0571040e-03   5.1477695e-03
   2.1560540e-01   2.5970278e-01   6.3102567e-01   2.5596760e-03   9.6885355e-03   5.5343154e-03
   2.0543989e-01   2.9477901e-01   6.9620632e-01   2.8167628e-03   9.2720048e-03   5.6397215e-03
   2.2104873e-01   2.2759292e-01   6.2696329e-01   7.4292138e-04   1.0023878e-02   5.3753506e-03
   2.1255523e-01   2.5813033e-01   6.0857770e-01   1.4537861e-03   9.9868265e-03   5.4133315e-03
   1.9194472e-01   2.8561944e-01   7.5538610e-01   9.2971381e-04   9.2266587e-03   4.6991810e-03
   2.1015301e-01   2.1218693e-01   6.0188598e-01   1.6622899e-03   1.0052958e-02   5.1588787e-03
   1.9871669e-01   2.7454437e-01   7.0865305e-01   1.3323059e-03   9.7380483e-03   5.0973065e-03
   2.1438146e-01   1.8653530e-01   6.0871245e-01   1.2625049e-03   1.0139709e-02   5.4816161e-03
   2.3300881e-01   2.7963710e-01   7.0684163e-01   2.4297340e-03   1.0662016e-02   5.3797937e-03
   2.1451782e-01   2.3839289e-01   7.1535817e-01   1.0650140e-03   1.0367712e-02   4.9999673e-03
   1.7039357e-01   1.5855512e-01   5.5806391e-01   1.5469257e-03   9.1755626e-03   4.1575516e-03
   1.6276877e-01   2.9634287e-01   6.6292375e-01   1.1224101e-03   9.6007801e-03   4.4064707e-03
   1.7579207e-01   2.4687924e-01   5.4315864e-01   1.9518546e-03   9.5349634e-03   4.4965490e-03
   1.8980195e-01   3.0368178e-01   6.6617882e-01   2.7501866e-03   1.0254240e-02   4.8208124e-03
   1.8584498e-01   2.3688740e-01   6.0917448e-01   1.2270871e-03   1.0036678e-02   5.1086481e-03
   1.8829414e-01   2.7761744e-01   6.5281358e-01   3.0671565e-03   1.0433414e-02   5.1932672e-03
   1.8478296e-01   2.9847303e-01   7.3057846e-01   2.1792022e-03   1.0613534e-02   5.0276971e-03
   1.9835770e-01   2.3369980e-01   6.4082617e-01   1.5430535e-03   1.0811613e-02   5.3379594e-03
   1.9478162e-01   2.7370030e-01   6.7137577e-01   2.2972748e-03   1.0696863e-02   5.4163320e-03
   1.8626515e-01   3.2619520e-01   7.0895606e-01   3.2160313e-03   1.0262444e-02   5.1315457e-03
   1.7262265e-01   2.5091506e-01   6.2128407e-01   1.6349849e-03   1.0217079e-02   4.9920275e-03
   1.7286248e-01   3.1704549e-01   6.9841253e-01   3.0396842e-03   1.0468084e-02   5.1719040e-03
   1.4711635e-01   2.8235664e-01   6.6258673e-01   1.6247115e-03   1.0283424e-02   4.7665032e-03
   1.3329282e-01   2.3586412e-01   6.1325003e-01   1.4740722e-03   1.0025790e-02   4.9881801e-03
   1.4441185e-01   3.2483504e-01   7.6863522e-01   2.5808350e-03   1.0445277e-02   4.5164656e-03
   1.4485127e-01   2.1998019e-01   6.3667828e-01   1.8262127e-03   1.0130810e-02   4.8610783e-03
   1.6018821e-01   3.4845868e-01   7.5067555e-01   2.8331635e-03   1.0267856e-02   4.6853121e-03
   1.3797701e-01   1.4824825e-01   6.2178905e-01  -1.5333507e-03   9.2532269e-03   4.2493997e-03
   1.1071709e-01   3.4368513e-01   8.6215123e-01   6.3682809e-04   9.4471260e-03   3.3054719e-03
   9.5203788e-02   1.5721403e-01   6.4778164e-01  -2.5542096e-03   8.6592826e-03   3.0415098e-03
   9.7838834e-02   2.7224730e-01   7.2423634e-01  -3.1296064e-04   8.6966659e-03   3.1850915e-03
   9.5645990e-02   2.0579846e-01   6.6131485e-01  -2.3450744e-04   8.8299143e-03   3.4032220e-03
   9.5577889e-02   2.7612413e-01   7.3354470e-01   1.0114249e-03   9.0861978e-03   3.0908836e-03
   1.0363782e-01   2.5256289e-01   6.8197752e-01   1.1512597e-03   9.2939887e-03   3.0055504e-03
   1.0573178e-01   3.0470249e-01   7.7283752e-01   2.1128229e-03   9.8848652e-03   3.1726717e-03
   1.0409339e-01   2.4785644e-01   6.8925255e-01   1.1417525e-03   9.8493730e-03   3.1301563e-03
   1.1452367e-01   2.6048512e-01   6.6961172e-01   2.0958594e-03   1.0016828e-02   3.5687485e-03
   1.0878030e-01   3.2810333e-01   7.2784987e-01   2.6633813e-03   1.0221911e-02   3.1288094e-03
   1.1552726e-01   2.6773592e-01   6.7020898e-01   1.2203624e-03   1.0425585e-02   3.1954809e-03
   1.2110259e-01   2.9516549e-01   6.8662428e-01   1.7085624e-03   1.0481843e-02   3.2600830e-03
   1.0895650e-01   3.0494215e-01   7.8708691e-01   6.8613981e-04   1.0253176e-02   3.0360991e-03
   1.2014105e-01   2.2707491e-01   6.7454048e-01   7.6760392e-04   1.0240762e-02   3.1370395e-03
   1.1797972e-01   3.0540418e-01   7.8019219e-01   1.9251420e-03   1.0162958e-02   3.2757091e-03
   1.1847734e-01   2.8090231e-01   7.4842519e-01   2.8219182e-03   9.2698145e-03   3.2147215e-03
   1.1739173e-01   2.8180213e-01   6.5688710e-01   9.4093893e-04   9.0490351e-03   2.7733162e-03
   1.0345752e-01   2.8927895e-01   7.2533876e-01   1.5079498e-03   9.3145474e-03   2.9254679e-03
   1.1616518e-01   2.8345862e-01   6.8525864e-01   2.5117774e-03   9.8478503e-03   2.9885187e-03
   1.1711671e-01   3.1511291e-01   7.9559864e-01   1.4007933e-03   1.0360447e-02   2.7630613e-03
   1.0138008e-01   2.7643549e-01   7.0239836e-01   2.1663722e-03   9.6024945e-03   3.1871875e-03
   1.0537809e-01   3.1978677e-01   7.9768535e-01   1.7779027e-03   9.4827952e-03   3.0803163e-03
   1.1945582e-01   2.3454524e-01   6.9382332e-01   8.8799086e-04   9.6954331e-03   3.1971189e-03
   1.1710705e-01   3.3659610e-01   8.3656934e-01   2.3798807e-03   9.8256037e-03   2.8510910e-03
   1.1292577e-01   2.7669212e-01   7.4698437e-01   9.2563141e-04   9.6034002e-03   2.9733436e-03
   1.2219756e-01   3.0192653e-01   7.7986644e-01   7.5054107e-04   1.0000098e-02   2.9133973e-03
   1.2598236e-01   3.1077584e-01   8.2468809e-01   6.6291025e-04   1.0176545e-02   2.8147387e-03
   1.1087145e-01   2.2977823e-01   6.9531539e-01   5.7968420e-04   9.7924930e-03   2.9782725e-03
   1.0768601e-01   3.1021852e-01   7.5153334e-01   1.5980375e-03   9.5758616e-03   3.0362715e-03
   1.1101588e-01   2.7324370e-01   7.0536233e-01   4.8487965e-04   9.5492992e-03   2.8395326e-03
   1.1094289e-01   2.3784707e-01   6.4319117e-01   6.8371047e-04   1.0132742e-02   3.1943647e-03
   1.2721113e-01   2.9734643e-01   6.8097465e-01   1.3863255e-03   1.0399515e-02   3.1900855e-03
   1.3921685e-01   2.8587418e-01   6.5709675e-01   1.7694552e-04   1.0220482e-02   3.2334511e-03
   1.2903296e-01   2.9083372e-01   7.2469590e-01  -1.5137387e-04   1.0117581e-02   3.0256408e-03
   1.3447655e-01   2.8540543e-01   6.5078297e-01   1.4656831e-03   1.0724607e-02   3.2063816e-03
   1.2304827e-01   3.3078460e-01   6.9716492e-01   1.6497679e-03   1.0256069e-02   3.4246357e-03
   1.4917018e-01   2.4692901e-01   6.0283604e-01  -1.0242139e-03   1.0350187e-02   3.5727360e-03
   1.4893011e-01   2.5034920e-01   6.0361468e-01  -1.1751513e-04   1.0726829e-02   3.5285682e-03
   1.2925093e-01   3.5094557e-01   7.8564836e-01   8.2104328e-04   1.0450940e-02   2.7323308e-03
   1.1715230e-01   2.5374891e-01   6.0272416e-01   8.3270940e-04   1.0803888e-02   3.1519174e-03
   1.2283504e-01   3.1631279e-01   7.0679879e-01   6.6495318e-04   1.0955532e-02   3.0510275e-03
   1.1012591e-01   2.4897839e-01   6.2403085e-01  -1.6452195e-04   1.0549223e-02   3.1627088e-03
   1.1855119e-01   2.8167847e-01   6.8139518e-01   1.1000339e-03   1.0880318e-02   3.1162237e-03
   1.1041554e-01   3.2113769e-01   7.2135802e-01   1.2834492e-03   1.0714150e-02   3.1645418e-03
   1.2188735e-01   3.1943529e-01   7.5917184e-01   1.4336525e-03   1.0482699e-02   3.1916628e-03
   1.4303519e-01   3.0479685e-01   7.0452774e-01   2.3618881e-03   1.1261221e-02   3.1778295e-03
   1.3132423e-01   2.9415822e-01   6.7007774e-01   8.4526608e-04   1.0703400e-02   3.2794525e-03
   1.3928430e-01   2.8032468e-01   6.4785624e-01   1.7842646e-03   1.1048138e-02   3.7567870e-03
   1.6145816e-01   3.0895363e-01   7.1915826e-01   1.1780978e-03   1.1546297e-02   3.7860459e-03
   1.3903705e-01   3.0572628e-01   7.1315332e-01   1.3985640e-03   1.1169315e-02   3.6607479e-03
   1.4648886e-01   2.6059706e-01   6.2812362e-01   1.0057680e-03   1.1462056e-02   3.8052285e-03
   1.4574673e-01   3.0660662e-01   7.1570644e-01   1.7304597e-03   1.1442588e-02   3.6161658e-03
   1.3385470e-01   3.0017094e-01   6.9713299e-01   9.1799686e-04   1.1318700e-02   3.7446150e-03
   1.2349043e-01   2.6360916e-01   6.5587023e-01   2.5406716e-04   1.1149834e-02   3.7817518e-03
   1.2688703e-01   3.2658665e-01   6.7944181e-01   1.9581610e-03   1.0872370e-02   3.8366124e-03
   1.4158633e-01   2.9241428e-01   6.6496115e-01   5.1005193e-04   1.1628124e-02   3.6752648e-03
   1.2437746e-01   2.5771615e-01   6.2923768e-01   3.3066706e-04   1.2042440e-02   3.8915716e-03
   1.2497621e-01   2.8997554e-01   6.5446959e-01   7.5370792e-04   1.1739997e-02   4.2229085e-03
   1.3764919e-01   2.9757545e-01   6.5954209e-01   3.0285980e-04   1.1672547e-02   4.0530756e-03
   1.4656356e-01   2.4928200e-01   6.4050907e-01  -5.5878581e-04   1.1914177e-02   4.3356086e-03
   1.3955488e-01   3.1592311e-01   6.3158886e-01   6.8083608e-04   1.1662128e-02   4.4234111e-03
   1.4850572e-01   3.5867445e-01   7.4779721e-01   1.7267202e-03   1.2111336e-02   3.6300836e-03
   1.2155470e-01   2.9005398e-01   7.2609348e-01   9.1149700e-06   1.1109422e-02   3.2510778e-03
   1.2812835e-01   3.2973261e-01   7.0076051e-01   2.3686973e-03   1.1420036e-02   3.2919692e-03
   1.1385879e-01   3.0071936e-01   6.3079041e-01   6.7082572e-04   1.1359784e-02   2.9926533e-03
   1.2395234e-01   3.0245324e-01   6.3193022e-01   1.6319591e-03   1.1662056e-02   3.2628233e-03
   1.2724954e-01   3.0096931e-01   6.7582233e-01   2.7569717e-04   1.1353537e-02   3.6293943e-03
   1.4324268e-01   2.7735012e-01   6.3925781e-01   8.6444287e-04   1.2029168e-02   4.0379796e-03
   1.3896380e-01   3.4404890e-01   7.8187280e-01   9.8093993e-04   1.1969668e-02   3.7865374e-03
   1.2610909e-01   2.5627041e-01   6.9806584e-01  -1.6557933e-04   1.1551133e-02   4.1411790e-03
   1.1497108e-01   3.1655714e-01   6.9184819e-01   8.6699065e-04   1.1620060e-02   4.0489275e-03
   8.4842652e-02   2.9141178e-01   7.1736999e-01   2.3763628e-03   1.0173248e-02   2.9410124e-03
   6.7166818e-02   2.8620638e-01   6.5431701e-01  -2.0279161e-04   1.0350987e-02   3.3708661e-03
   9.7608330e-02   3.2546680e-01   6.8207069e-01   6.1063801e-04   1.1095940e-02   4.1716511e-03
   1.2210578e-01   3.0888512e-01   6.9012856e-01   1.1650801e-04   1.1400299e-02   4.2808931e-03
   1.3825122e-01   2.7091910e-01   6.6309107e-01   9.8624857e-06   1.1754358e-02   4.1863268e-03
   1.3791414e-01   3.1681847e-01   6.6932871e-01   3.7441228e-04   1.2314984e-02   3.9708376e-03
   1.4444788e-01   3.2698032e-01   7.7611634e-01   7.8310625e-04   1.2214773e-02   4.0631549e-03
   1.4509516e-01   3.0652892e-01   7.9659735e-01  -5.0196486e-04   1.1831130e-02   3.4483280e-03
   1.7293215e-01   4.3922488e-01   9.6210103e-01   1.8909500e-03   1.1290710e-02   2.2276238e-03
   1.2877292e-01   2.1676070e-01   7.1411133e-01   9.7962573e-04   1.1729625e-02   3.0340089e-03
   1.1098001e-01   2.6901508e-01   6.3649088e-01  -5.1069723e-04   1.1586717e-02   3.3704646e-03
   1.0222868e-01   2.8059439e-01   6.8360241e-01  -1.2473401e-03   1.1605800e-02   3.2930361e-03
   8.8158894e-02   3.3831771e-01   7.3513807e-01   1.7429335e-04   1.1400785e-02   3.4279382e-03
   7.1426537e-02   2.8880136e-01   6.5915377e-01  -2.2933368e-03   1.1156774e-02   3.0376385e-03
   5.3898406e-02   2.4792469e-01   6.6627115e-01  -2.2291368e-03   1.1240740e-02   3.2968067e-03
   7.0047751e-02   2.8163199e-01   7.0646049e-01  -1.9282692e-03   1.1558512e-02   3.5206519e-03
   5.0838714e-02   2.7373840e-01   6.7304946e-01  -2.5795131e-03   1.1647483e-02   3.0756308e-03
   4.9935348e-02   2.4008555e-01   6.5445826e-01  -3.1487211e-03   1.1415969e-02   3.2284623e-03
   4.8821070e-02   2.6141378e-01   6.3692608e-01  -2.6666822e-03   1.1349749e-02   3.3130914e-03
   4.5252785e-02   3.0263401e-01   6.4069920e-01  -1.9325537e-03   1.1083996e-02   3.1920326e-03
   3.6734388e-02   2.7641948e-01   6.4505019e-01  -2.6377347e-03   1.1150502e-02   2.7660998e-03
   2.5228701e-02   2.3885134e-01   6.0893557e-01  -2.7426629e-03   1.1252472e-02   2.9450605e-03
   6.2841881e-02   3.3278681e-01   7.7949095e-01  -1.5984405e-03   1.1795438e-02   2.5775240e-03
   1.7024211e-02   2.2913154e-01   6.2285214e-01  -3.2181222e-03   1.0573120e-02   2.6582761e-03
   1.8544185e-02   2.9368892e-01   6.1938262e-01  -2.5848696e-03   1.0595994e-02   2.4711185e-03
   1.5907848e-02   3.0546058e-01   6.6977512e-01  -2.6361046e-03   1.0740852e-02   2.3207661e-03
   1.4469657e-02   2.4371342e-01   6.2090176e-01  -2.5644294e-03   1.1003450e-02   2.5653651e-03
   2.9636047e-02   2.7228902e-01   7.0356582e-01  -2.2757552e-03   1.1447694e-02   2.8071748e-03
   3.7307303e-02   2.8597053e-01   6.7850430e-01  -9.9271109e-04   1.1403963e-02   2.6390512e-03
   4.7961336e-02   3.2774644e-01   7.0038994e-01   4.8790750e-04   1.0361385e-02   1.7418964e-03
   1.6842776e-02   3.0234475e-01   6.4401089e-01  -1.4288850e-03   1.0483817e-02   2.2944856e-03
   9.2573578e-03   3.2032943e-01   6.6787862e-01  -1.0293848e-03   1.0565170e-02   2.1935488e-03
   1.7815082e-02   3.2159143e-01   6.9018576e-01  -9.9205206e-04   1.0700929e-02   2.0965856e-03
   9.7578997e-03   2.7891150e-01   6.4382446e-01  -1.0912327e-03   1.0702254e-02   2.4039469e-03
   1.8672859e-02   3.5633564e-01   7.7082772e-01   3.7930295e-04   1.0615844e-02   2.1559748e-03
   1.9083313e-02   3.0789560e-01   6.9610786e-01  -3.9752552e-04   1.0538159e-02   2.3336321e-03
   3.2359942e-02   3.1031459e-01   7.5010004e-01  -2.1064975e-04   1.0938335e-02   2.1629157e-03
   2.7099788e-02   3.2368172e-01   6.9586172e-01   5.5182136e-04   1.0787352e-02   1.9692372e-03
   3.0555547e-02   3.5823479e-01   7.1659958e-01   5.8547802e-04   1.0705071e-02   2.0760504e-03
   2.1501733e-02   2.8170288e-01   6.9389793e-01  -3.1171131e-04   1.0576788e-02   2.3288672e-03
   1.4051910e-02   3.3894142e-01   7.2833600e-01   1.0503073e-03   1.0516993e-02   1.9539364e-03
   2.0523174e-02   3.0395328e-01   6.6251722e-01   2.0415943e-04   1.0810200e-02   2.1403768e-03
   2.4016802e-02   3.3411118e-01   6.7429314e-01   7.2493874e-04   1.1052239e-02   2.3086986e-03
   3.6285723e-02   3.4730199e-01   7.2572424e-01   6.0928853e-04   1.1191329e-02   2.1654163e-03
   2.2676536e-02   2.7794350e-01   6.8127027e-01  -2.4885191e-04   1.1490278e-02   2.2646446e-03
   2.6626208e-02   3.2378310e-01   6.9382654e-01   9.9780364e-05   1.1375723e-02   2.2148103e-03
   3.3889008e-02   3.4097670e-01   7.4221439e-01   3.9390916e-04   1.1470418e-02   2.0744616e-03
   3.4478194e-02   3.1970667e-01   6.9062956e-01   3.1700565e-06   1.1803329e-02   2.1860409e-03
   3.8273682e-02   3.0806005e-01   6.7399376e-01   2.1633536e-04   1.1884819e-02   2.0860565e-03
   4.7603491e-02   3.3214213e-01   7.2191362e-01   1.9812940e-04   1.1373407e-02   1.8921300e-03
   3.7629145e-02   2.7729791e-01   6.8894965e-01  -7.2528505e-04   1.1126045e-02   2.2184211e-03
   3.9861081e-02   3.2722951e-01   7.2825530e-01   1.2372361e-04   1.1842783e-02   2.3711200e-03
   4.5132888e-02   3.2357687e-01   6.8162379e-01   1.4952561e-03   1.1325355e-02   1.7645915e-03
   2.1694257e-02   2.6739919e-01   7.2024067e-01  -6.2133477e-04   1.1548558e-02   1.8960487e-03
   2.2767131e-02   2.6881100e-01   6.8519813e-01  -1.5685447e-03   1.1227035e-02   1.6625116e-03
   3.8729512e-02   2.8542228e-01   7.0931561e-01  -1.9236701e-03   1.1265294e-02   2.1286940e-03
   3.5891612e-02   3.0193148e-01   7.7111261e-01  -1.3371376e-03   1.1662582e-02   1.7338142e-03
   3.1497890e-02   2.6298901e-01   6.9507195e-01  -1.0440590e-03   1.1682784e-02   2.1436437e-03
   3.3247181e-02   3.0896835e-01   7.4869356e-01  -3.3940080e-04   1.1809126e-02   1.7885110e-03
   3.2779803e-02   3.0414431e-01   7.7358750e-01  -7.6265922e-04   1.1572235e-02   1.8536173e-03
   7.2334325e-02   2.7384507e-01   7.2417093e-01  -3.3421063e-04   1.1825182e-02   2.5423443e-03
   7.3036442e-02   3.6643431e-01   8.7121440e-01   1.5591482e-03   1.2186998e-02   1.8089914e-03
   5.8231526e-02   3.0680279e-01   7.5359876e-01   1.6212672e-05   1.1803633e-02   2.0653449e-03
   6.7230390e-02   3.0988490e-01   7.0761227e-01   3.3416673e-04   1.2045824e-02   2.4570673e-03
   7.3969243e-02   3.3518496e-01   7.6479749e-01  -4.4937669e-05   1.2117608e-02   2.3869917e-03
   7.5192664e-02   3.0275143e-01   7.6192017e-01  -1.0878554e-03   1.1543676e-02   2.3915473e-03
   6.1607437e-02   2.8600855e-01   7.4601233e-01  -5.6165641e-04   1.1179581e-02   2.3345910e-03
   5.9787970e-02   3.0617878e-01   7.0970009e-01   2.5791955e-03   9.8953035e-03   2.5034829e-03
   4.7966082e-02   2.9433865e-01   6.1902426e-01  -1.0244042e-03   9.4087269e-03   2.0172163e-03
   4.8838619e-02   2.9190434e-01   7.0509442e-01  -1.0991356e-03   1.0523916e-02   1.5389116e-03
   3.0455633e-02   3.0515762e-01   7.9126230e-01  -5.7320708e-04   1.0521728e-02   1.9134435e-03
   2.2073455e-02   2.8638221e-01   7.6003624e-01  -5.0382705e-04   1.0296926e-02   1.6881196e-03
   2.2952751e-02   2.9177997e-01   7.5837603e-01  -2.6676939e-03   1.0480019e-02   1.9507222e-03
   4.0071592e-02   3.0141381e-01   7.9597440e-01  -2.6019926e-03   1.0761449e-02   1.9125490e-03
   5.4447736e-02   2.4643344e-01   7.7441632e-01  -3.3148957e-03   1.1186232e-02   2.2890454e-03
   8.8718262e-02   3.0082562e-01   7.7269483e-01  -1.4100025e-03   1.2015652e-02   2.2766505e-03
   7.6711586e-02   3.5456142e-01   8.3872630e-01  -3.3572700e-04   1.1398309e-02   1.7728430e-03
   8.7560474e-02   2.5451849e-01   7.4906905e-01  -1.2240339e-03   1.1362643e-02   1.5300185e-03
   9.1792418e-02   3.1352182e-01   8.1629375e-01  -1.3481935e-03   1.1643440e-02   1.4149128e-03
   9.9963540e-02   3.0153017e-01   8.6561305e-01  -1.8166610e-03   1.2102166e-02   1.2077999e-03
   9.1843593e-02   2.4531215e-01   7.3847020e-01  -4.1360989e-03   1.2741218e-02   1.2922532e-03
   1.0844628e-01   3.4950025e-01   8.8626801e-01  -2.0218114e-03   1.2581662e-02   9.0228066e-04
   1.1147323e-01   2.6231419e-01   8.1062727e-01  -2.7151369e-03   1.2520564e-02   7.5003816e-04
   1.2514861e-01   3.2277653e-01   8.9672003e-01  -2.2245944e-03   1.2734197e-02   8.8380287e-04
   1.0769017e-01   2.4175288e-01   8.2141870e-01  -3.9660439e-03   1.2468920e-02   1.1771581e-03
   1.1661317e-01   2.8222141e-01   8.7966524e-01  -3.5407608e-03   1.2815899e-02   9.5042673e-04
   1.0211956e-01   2.4674918e-01   8.2460901e-01  -3.7029113e-03   1.3053753e-02   1.0564019e-03
