   0.0000000e+00   0.0000000e+00   0.0000000e+00   0.0000000e+00   0.0000000e+00   0.0000000e+00
  -5.3388981e-03  -6.0291910e-02  -4.8945393e-01   2.8220435e-04   1.0636733e-03   8.4398094e-04
  -3.6350547e-02  -3.3165131e-01  -1.8828620e+00  -2.4399291e-03   1.9988781e-03   1.6339188e-03
  -4.7510000e-03  -4.8423192e-02  -9.1482737e-01  -1.1865934e-03   1.3676461e-03   2.0473804e-03
  -9.2902161e-03  -5.3198190e-02  -8.2274690e-01  -1.6207991e-03   1.0148858e-03   2.0400036e-03
  -7.1031495e-03  -4.8368288e-02  -7.5306375e-01  -2.6611781e-03   6.6360385e-04   1.9871824e-03
  -6.1109852e-03  -6.2567330e-02  -7.2453985e-01  -2.5989997e-03   3.5820277e-04   2.2515239e-03
   3.0248027e-03  -5.5578350e-02  -7.1180065e-01  -3.0408610e-03   3.5737642e-04   2.2753237e-03
  -7.2113950e-03  -6.6158140e-02  -7.0394470e-01  -3.4250423e-03   2.0422711e-04   2.3816292e-03
  -1.1050924e-03  -5.4891754e-02  -7.3006232e-01  -4.0062980e-03   3.6808692e-04   2.3148274e-03
  -1.1766845e-02  -9.8919621e-02  -7.0534374e-01  -3.9540747e-03  -1.0812936e-04   2.7974119e-03
  -8.9281679e-04  -5.5392943e-02  -7.0425509e-01  -3.6308509e-03  -4.0636413e-04   2.6088360e-03
  -4.6115693e-03  -7.0387769e-02  -6.9446267e-01  -3.9652728e-03  -3.7056653e-04   2.5752476e-03
  -7.2743656e-03  -6.2043027e-02  -6.9489507e-01  -3.6338823e-03  -4.6825024e-04   2.8500093e-03
   9.8627964e-03  -6.5278422e-02  -7.0530934e-01  -4.0345286e-03  -1.5008171e-06   2.4900131e-03
   5.9033027e-04  -9.0102028e-02  -7.1315408e-01  -3.6290299e-03  -4.9201879e-04   2.9382401e-03
   1.0396824e-02  -2.5498704e-02  -7.2907521e-01  -3.1478550e-03  -3.6779841e-04   2.6788461e-03
   3.1036966e-04  -6.9617486e-02  -7.0983584e-01  -4.0327133e-03  -7.1703722e-04   2.9265666e-03
   3.3835094e-03  -3.7376024e-02  -7.0583795e-01  -3.5386657e-03  -9.6748015e-04   3.0971735e-03
   8.5816803e-04  -4.7989660e-02  -6.7068525e-01  -4.2252949e-03  -7.4354474e-04   2.7981700e-03
  -4.2968427e-03  -5.8687907e-02  -6.7870904e-01  -3.5564315e-03  -9.9885903e-04   3.3028430e-03
   5.2372359e-04  -4.0620016e-02  -6.9552490e-01  -3.6457400e-03  -1.0652472e-03   3.0960852e-03
  -5.4370138e-03  -6.6583973e-02  -7.1077531e-01  -3.9114635e-03  -9.2005573e-04   3.0940883e-03
  -1.4983307e-02  -5.8409117e-02  -7.1825837e-01  -3.7691502e-03  -1.2919487e-03   3.2137411e-03
  -7.7652142e-04  -5.8535756e-02  -7.2611892e-01  -3.7510964e-03  -9.6331265e-04   2.7132202e-03
  -8.2643746e-03  -7.4678920e-02  -7.8472907e-01  -3.3803901e-03  -7.1603449e-04   3.1535718e-03
  -3.6637632e-03  -5.9454453e-02  -6.5208987e-01  -5.1867066e-03  -7.9108809e-04   3.2668399e-03
  -8.3103485e-03  -7.3104764e-02  -5.4202243e-01  -5.0780813e-03  -9.8448666e-04   3.3256369e-03
   8.0887126e-04  -5.9201536e-02  -6.6674309e-01  -3.3972675e-03  -9.1663486e-04   3.4252944e-03
   1.0539319e-02  -5.8116992e-02  -7.0874929e-01  -4.1823090e-03  -1.2707665e-03   3.2749576e-03
  -1.6579150e-03  -5.1337356e-02  -6.7368215e-01  -3.8412881e-03  -1.5056512e-03   3.4937968e-03
   1.0364418e-03  -3.4520207e-02  -6.8883542e-01  -4.8660665e-03  -1.1002209e-03   3.0570412e-03
  -1.3063409e-03  -5.6653940e-02  -6.7847464e-01  -4.1512683e-03  -1.0308324e-03   3.2080836e-03
  -4.7694737e-03  -2.9215151e-02  -6.9650197e-01  -4.1383442e-03  -1.4877557e-03   3.2598986e-03
   1.5504872e-03  -4.9253913e-02  -7.0079727e-01  -4.3275358e-03  -1.4808441e-03   3.1489049e-03
  -9.7927335e-03  -4.8492885e-02  -6.8968304e-01  -3.8745757e-03  -1.8447155e-03   3.6359502e-03
   2.3839412e-03  -2.5283292e-02  -7.1486553e-01  -3.8720857e-03  -1.5488935e-03   3.2155584e-03
  -1.7987386e-02  -4.7141207e-02  -7.1705403e-01  -4.1623863e-03  -1.2902800e-03   3.2650826e-03
  -1.3816237e-02  -3.0661446e-02  -6.3536936e-01  -5.1155176e-03  -1.4146385e-03   3.6115879e-03
  -1.4164161e-02  -2.5003152e-03  -5.1443033e-01  -4.1932367e-03  -1.7813361e-03   3.6535015e-03
  -1.4161583e-02  -5.0488317e-02  -5.6709921e-01  -3.9292996e-03  -1.6622805e-03   3.5783236e-03
  -9.3009336e-03  -1.7410458e-02  -6.9126851e-01  -3.8405077e-03  -1.7085016e-03   3.4654061e-03
  -5.5974404e-03  -1.4022578e-02  -6.5311280e-01  -4.1812606e-03  -1.8988958e-03   3.5924774e-03
  -2.3533631e-03  -2.4527262e-02  -6.3020176e-01  -4.2774100e-03  -2.1528870e-03   3.8422676e-03
   4.6321344e-03  -3.2205909e-02  -6.4857741e-01  -4.8106255e-03  -2.0321573e-03   3.8107848e-03
   3.7326880e-04  -5.6642712e-02  -6.4906268e-01  -5.3188959e-03  -1.9806669e-03   3.8632041e-03
   1.9332881e-03  -3.0001954e-02  -6.5947860e-01  -3.9217671e-03  -2.2350865e-03   4.0991318e-03
   1.5338498e-02  -4.4507637e-02  -6.6866153e-01  -4.9390009e-03  -2.3327587e-03   4.0208039e-03
  -6.7556718e-03  -3.7032960e-02  -6.4784076e-01  -4.3795891e-03  -2.3841467e-03   4.0534915e-03
  -9.1223851e-03  -1.6754906e-02  -6.3840161e-01  -5.0335808e-03  -1.6869002e-03   3.7327935e-03
  -6.4462107e-03  -2.6867218e-02  -5.8138679e-01  -4.4436798e-03  -1.5380480e-03   3.7798598e-03
   3.2146988e-03  -2.7778864e-02  -6.9331625e-01  -3.9604409e-03  -2.0473981e-03   4.1172545e-03
   1.6441415e-02  -2.2689416e-02  -6.7914365e-01  -4.4473021e-03  -2.2968302e-03   4.0895028e-03
   1.6110494e-03  -3.2428322e-02  -6.4874835e-01  -4.3946834e-03  -2.5713022e-03   4.3636213e-03
   1.8336950e-02  -2.6651161e-02  -6.5542684e-01  -4.9507132e-03  -2.2365588e-03   3.9853998e-03
  -2.5569669e-03  -5.2689229e-02  -6.3124032e-01  -4.4100391e-03  -2.4219508e-03   4.0081862e-03
   5.8102119e-03  -2.3650653e-02  -6.8393160e-01  -5.2986008e-03  -2.2034349e-03   3.8908184e-03
  -7.1476538e-03  -6.3927258e-02  -6.3065145e-01  -5.4634688e-03  -2.5915413e-03   4.2226716e-03
   1.1173103e-02  -2.9178580e-02  -6.3964274e-01  -5.1170062e-03  -2.5500318e-03   4.3365267e-03
   1.3889872e-02  -2.6454738e-02  -6.4987806e-01  -4.5435263e-03  -2.4056868e-03   3.8588635e-03
  -4.3046420e-03  -1.3414881e-02  -6.3606909e-01  -4.5505176e-03  -2.6587992e-03   4.3446382e-03
   8.0921084e-03  -1.2927013e-02  -6.9376668e-01  -5.5442243e-03  -2.4133946e-03   4.1917196e-03
   7.3609932e-03  -5.2151948e-02  -6.2981996e-01  -5.3929602e-03  -2.6013495e-03   4.4992537e-03
   1.0343865e-02  -3.0443671e-02  -6.5640873e-01  -6.0437578e-03  -2.5657454e-03   4.2952384e-03
   6.3086735e-03  -5.1907945e-02  -6.1096378e-01  -6.2847355e-03  -2.6944168e-03   4.2461486e-03
   5.6665075e-03  -3.7602218e-02  -6.1733896e-01  -5.6867275e-03  -2.8427882e-03   4.6719601e-03
   2.3887471e-02  -3.3244705e-02  -6.3861798e-01  -6.0557914e-03  -2.6908513e-03   4.3466182e-03
   9.3301436e-03  -4.5104706e-02  -5.6057482e-01  -6.7026929e-03  -2.2300090e-03   4.1572847e-03
  -4.0927380e-03  -1.6536118e-02  -4.1467584e-01  -6.7837589e-03  -2.5121378e-03   4.6436808e-03
   1.5480426e-02  -3.6878898e-02  -5.1925485e-01  -6.3741199e-03  -2.6813865e-03   4.4972461e-03
   6.2114612e-03  -3.9048901e-02  -5.9293539e-01  -5.6681069e-03  -2.9478597e-03   4.5826891e-03
   4.9350222e-04  -1.1910773e-02  -6.4296450e-01  -5.7342937e-03  -2.8588428e-03   4.4022776e-03
   1.5908995e-02  -3.6490255e-02  -6.1594879e-01  -6.2150925e-03  -2.7497050e-03   4.3142050e-03
   1.9951678e-02  -4.2023934e-02  -6.0822080e-01  -6.0395444e-03  -2.9437916e-03   4.4600800e-03
   2.9697157e-02  -4.9281055e-02  -6.0360845e-01  -6.8748953e-03  -2.8033441e-03   4.3538173e-03
   9.3870974e-03  -5.5965825e-02  -5.9338704e-01  -6.3972691e-03  -3.1391605e-03   4.6543237e-03
   1.6725100e-02  -3.7762562e-02  -6.3608345e-01  -6.7861919e-03  -3.0233802e-03   4.4474274e-03
   1.2941521e-02  -8.1611104e-02  -7.4656967e-01  -6.0432499e-03  -2.9541523e-03   4.3784970e-03
   6.9938175e-03  -2.3866209e-02  -7.6929319e-01  -5.5937771e-03  -2.9271863e-03   4.6046035e-03
   1.6906622e-02  -1.6070147e-02  -7.2175795e-01  -5.7871844e-03  -2.9586031e-03   4.4980184e-03
   1.2402416e-02  -2.2991261e-02  -7.0599394e-01  -5.7679710e-03  -3.2681755e-03   4.6117699e-03
   1.7006758e-02  -2.1707843e-01  -2.2080153e+00   4.5024001e-03  -7.1734322e-04   4.5012021e-03
   2.3781091e-02   1.0713688e-01  -1.6657052e+00   5.8286430e-03  -1.4863779e-03   4.4843548e-03
  -5.6481986e-03   1.0113454e-01  -1.0499334e+00   2.9905659e-03  -2.2294744e-03   4.5998987e-03
   1.8482322e-02   2.5543003e-02  -4.2870318e-01  -2.5113165e-03   1.4421866e-03   2.6931928e-03
   2.5228129e-02   1.6415587e-01  -1.0242144e-01  -1.9239158e-03   1.0689165e-03   3.3226226e-03
   6.3669865e-02   4.0777656e-02  -5.0218272e-01  -9.8108078e-03   1.3607578e-03   2.8810249e-03
   8.1752534e-02  -2.3321124e-01  -1.1105036e+00  -3.7295921e-03   1.3585972e-03   3.8142310e-03
   1.6920706e-01  -3.0536050e-01  -1.6916341e+00   6.0711417e-03   3.3686078e-03   3.9976750e-03
   8.9369772e-02   7.2446271e-02  -1.1220075e+00   7.4762225e-03   4.5989642e-03   3.3217593e-03
   1.1830154e-01   2.2135194e-02  -1.2152704e+00   3.2175502e-03   5.4077341e-03   4.4959832e-03
   1.3361774e-01   3.0716974e-02  -8.9748047e-01   4.6315533e-04   4.4021769e-03   5.6201442e-03
   1.4187899e-01   4.6765343e-02  -8.5195399e-01  -2.1320617e-03   3.9701835e-03   5.9587755e-03
   1.4770179e-01   3.4830055e-02  -7.9597416e-01  -3.7977759e-03   3.9293715e-03   5.8714552e-03
   1.4469856e-01  -7.1865208e-03  -7.8862098e-01  -5.4114593e-03   3.7774958e-03   6.1010242e-03
   1.4119905e-01  -2.5935007e-02  -7.4573594e-01  -6.6012702e-03   3.4689637e-03   6.4129745e-03
   1.3430805e-01  -3.7218382e-02  -7.3411796e-01  -7.1366401e-03   3.2460769e-03   6.3603195e-03
   1.3167667e-01  -5.3249743e-02  -7.4965513e-01  -7.0779263e-03   3.0304446e-03   6.1807008e-03
   1.5511715e-01  -8.6404176e-02  -6.1532459e-01  -5.3460459e-03   3.0231529e-03   4.1915367e-03
   1.5568493e-01  -3.8638485e-02  -1.9720072e-02  -5.0606855e-03   2.6640234e-03   3.9315826e-03
   6.3956251e-02  -3.5763983e-02   2.5427983e-01  -5.8710872e-03  -5.6535726e-04   4.4190099e-03
   1.0758097e-01   1.5708635e-01  -1.3158322e-01  -8.1789346e-04  -7.3516644e-04   4.5003485e-03
   7.4403135e-02  -7.5420140e-01  -3.3882077e+00  -2.5621331e-02   1.0210775e-04   4.5018574e-03
   8.3346986e-02  -3.6142482e-01  -2.6712889e+00  -2.0629204e-02   5.1457921e-04   6.1967380e-03
   1.1268520e-01  -2.5399846e-01  -2.1074923e+00  -1.7363989e-02   4.7738914e-04   6.7911855e-03
   1.2430574e-01  -2.5783444e-01  -1.8874408e+00  -1.5817949e-02   1.1008246e-03   7.2756170e-03
   1.2419672e-01  -2.9030435e-01  -1.7777159e+00  -1.5707187e-02   9.6237184e-04   7.9536220e-03
   1.2189371e-01  -3.2256886e-01  -1.6763146e+00  -1.6599131e-02   3.6724623e-04   8.1396742e-03
   1.1112431e-01  -2.8489760e-01  -1.4037041e+00  -1.6548289e-02   6.8802652e-04   7.9612138e-03
   1.1681344e-01  -2.9364866e-01  -1.5078064e+00  -1.5291015e-02   9.1607730e-04   7.7266957e-03
   1.0559978e-01  -2.9611477e-01  -1.6033904e+00  -1.6009624e-02   1.0232098e-03   7.7489589e-03
   1.0851233e-01  -2.5172860e-01  -1.3525144e+00  -1.6163130e-02   1.7184194e-03   7.7525583e-03
   1.1142721e-01  -2.3787267e-01  -1.3105635e+00  -1.5974167e-02   2.1265689e-03   7.7210733e-03
   1.0907529e-01  -2.4879728e-01  -1.3310337e+00  -1.6812096e-02   1.9047115e-03   7.9818388e-03
   1.1008415e-01  -2.5574050e-01  -1.3026649e+00  -1.6520291e-02   1.6414147e-03   7.9664424e-03
   1.1512342e-01  -2.1029769e-01  -1.2400945e+00  -1.4901469e-02   2.1007188e-03   7.9865984e-03
   1.3262218e-01  -2.1340056e-01  -1.2295286e+00  -1.4388076e-02   1.5885883e-03   8.1861030e-03
   1.2448504e-01  -2.1592960e-01  -1.1422985e+00  -1.4012586e-02   2.2420059e-03   8.3346373e-03
   1.3777917e-01  -1.5175688e-01  -1.1606734e+00  -1.2144787e-02   2.8056980e-03   7.3656747e-03
   1.1959801e-01  -1.9989091e-01  -1.1071830e+00  -1.2941245e-02   2.6143024e-03   8.2711203e-03
   1.2928765e-01  -1.6094585e-01  -1.0757025e+00  -1.2432295e-02   2.0766792e-03   8.1560267e-03
   1.2929806e-01  -1.6128562e-01  -1.0528959e+00  -1.2430190e-02   2.3427986e-03   8.2606456e-03
   1.2829411e-01  -1.1616974e-01  -1.0262969e+00  -1.2306565e-02   2.1467875e-03   8.2516906e-03
   1.3662722e-01  -1.4785756e-01  -9.8151633e-01  -1.3009683e-02   2.1527673e-03   8.7042153e-03
   1.3970997e-01  -1.4877490e-01  -9.5698804e-01  -1.3756139e-02   2.4402661e-03   8.2162141e-03
   1.4189603e-01  -1.8488918e-01  -9.1605232e-01  -1.3910500e-02   1.6074100e-03   8.6327264e-03
   1.4648331e-01  -1.6836703e-01  -9.2383869e-01  -1.4251193e-02   1.5837173e-03   8.3519010e-03
   1.3869259e-01  -1.8132170e-01  -9.1594595e-01  -1.3481278e-02   2.0348036e-03   8.3734995e-03
   1.4164961e-01  -1.5151421e-01  -9.0875074e-01  -1.3742907e-02   1.3094452e-03   8.3799840e-03
   1.4040189e-01  -1.6913423e-01  -8.8206692e-01  -1.3989633e-02   1.2496277e-03   8.4755308e-03
   1.4202796e-01  -1.6616064e-01  -8.7482103e-01  -1.3843500e-02   1.3663411e-03   8.8878288e-03
   1.5192377e-01  -1.6546722e-01  -8.5629832e-01  -1.4005589e-02   1.3396881e-03   8.7306048e-03
   1.4776131e-01  -1.7101940e-01  -8.1632016e-01  -1.4610935e-02   1.2676546e-03   8.7611325e-03
   1.4144410e-01  -1.3503429e-01  -6.7363069e-01  -1.4980561e-02   2.2430767e-03   8.3426006e-03
   1.2749302e-01  -1.5572170e-01  -6.2444521e-01  -1.4073957e-02   2.1318744e-03   8.8505022e-03
   1.4519064e-01  -1.2276832e-01  -7.8354370e-01  -1.3458679e-02   1.9152783e-03   8.5045569e-03
   1.4879547e-01  -1.2758601e-01  -7.9938970e-01  -1.3897939e-02   1.7527375e-03   8.2294436e-03
   1.4376874e-01  -1.1969313e-01  -7.8874336e-01  -1.3651267e-02   1.1383395e-03   8.8749219e-03
   1.4498674e-01  -1.1930439e-01  -7.8880114e-01  -1.4095830e-02   1.6246675e-03   8.2515867e-03
   1.4053716e-01  -1.4281958e-01  -7.7652681e-01  -1.3199018e-02   1.5723359e-03   8.8004285e-03
   1.5618981e-01  -1.3212549e-01  -7.9191334e-01  -1.3349530e-02   1.3091383e-03   8.9659483e-03
   1.6083486e-01  -1.6182050e-01  -7.9232072e-01  -1.4417947e-02   9.8755456e-04   8.6534780e-03
   1.5387456e-01  -1.4811984e-01  -7.6324937e-01  -1.3691290e-02   4.7739759e-04   9.1060427e-03
   1.4569296e-01  -1.2247641e-01  -7.6565560e-01  -1.4326452e-02   9.3447819e-04   8.3767994e-03
   1.4406420e-01  -1.4398855e-01  -7.2639230e-01  -1.4348401e-02   1.1647096e-03   8.1713135e-03
   1.4140469e-01  -1.3536079e-01  -6.9659626e-01  -1.4321748e-02   1.0305864e-03   8.7764527e-03
   1.5321026e-01  -1.1025638e-01  -8.4400449e-01  -1.3563651e-02   1.2647647e-03   8.2859086e-03
   1.3829718e-01  -1.0059532e-01  -8.4997702e-01  -1.3205125e-02   1.1697958e-03   8.7373100e-03
   1.4560072e-01  -1.0463376e-01  -8.3270387e-01  -1.3732800e-02   1.3620332e-03   8.2944978e-03
   1.4386276e-01  -1.4021478e-01  -8.0849646e-01  -1.3628304e-02   1.2000121e-03   8.5831126e-03
   1.5016566e-01  -1.1052890e-01  -8.5359874e-01  -1.3540095e-02   1.1794569e-03   8.6312410e-03
   1.5592951e-01  -1.2143114e-01  -8.4714492e-01  -1.4024568e-02   1.3722525e-03   8.2867684e-03
   1.4776634e-01  -1.2748800e-01  -8.5457753e-01  -1.3426789e-02   1.6972568e-03   8.8568328e-03
   1.6167003e-01  -1.0180748e-01  -8.7137048e-01  -1.3028773e-02   1.6778921e-03   8.6434537e-03
   1.6408857e-01  -1.3395582e-01  -8.3052279e-01  -1.3974901e-02   1.0388505e-03   8.3508594e-03
   1.5604214e-01  -1.3070753e-01  -8.1757543e-01  -1.3803810e-02   1.1120996e-03   8.6324506e-03
   1.5303140e-01  -1.1910212e-01  -8.3420964e-01  -1.3798697e-02   1.2868868e-03   8.7561246e-03
   1.7911676e-01  -1.3841758e-01  -8.3233598e-01  -1.4330885e-02   1.1396958e-03   8.6040135e-03
   1.7494331e-01  -1.3703761e-01  -8.3248508e-01  -1.3854170e-02   1.3170324e-03   8.9551504e-03
   1.7433328e-01  -1.1606319e-01  -8.2310330e-01  -1.4155000e-02   1.1618308e-03   8.6142878e-03
   1.6855875e-01  -1.4491536e-01  -7.9129343e-01  -1.4192170e-02   1.2049566e-03   8.7606528e-03
   1.7807314e-01  -9.6160878e-02  -8.2422236e-01  -1.3095776e-02   1.3292255e-03   8.8295007e-03
   1.8253712e-01  -1.1871542e-01  -7.9892834e-01  -1.4385856e-02   1.2062317e-03   8.3129462e-03
   1.6521676e-01  -1.2043654e-01  -7.5743289e-01  -1.4212059e-02   7.6737638e-04   8.7840227e-03
   1.6324063e-01  -1.0772900e-01  -7.6296872e-01  -1.4064201e-02   5.5491504e-04   8.7159730e-03
   1.6840220e-01  -1.4704840e-01  -7.4347802e-01  -1.4953818e-02   6.8245071e-04   8.6802730e-03
   1.6046331e-01  -1.0350329e-01  -6.3401066e-01  -1.4950845e-02   1.1862898e-03   8.6923605e-03
   1.5323470e-01  -1.3419930e-01  -7.3572765e-01  -1.4817662e-02   1.1698266e-03   8.4860532e-03
   1.4268454e-01  -1.1851432e-01  -7.7495241e-01  -1.3819642e-02   1.2736258e-03   8.8578443e-03
   1.5645929e-01  -9.1538252e-02  -7.5663425e-01  -1.3961122e-02   5.9857779e-04   8.5194828e-03
   1.5336994e-01  -1.3699715e-01  -6.9317301e-01  -1.4799091e-02   5.5194312e-04   8.5782464e-03
   1.4310226e-01  -1.6053826e-02  -8.1575918e-01  -8.6451494e-03   1.5041841e-03   8.6016307e-03
   1.0564636e-01  -4.6331343e-01  -2.8056963e+00  -9.7009550e-03   5.6842654e-04   7.4755673e-03
   8.7549374e-02  -2.4007928e-01  -1.8434580e+00  -9.6443063e-03  -6.8625305e-04   6.1578038e-03
  -5.5929239e-02  -1.2960379e-01  -3.4954804e-01  -1.3956315e-02  -2.0061372e-03   5.3802061e-03
  -8.0830631e-03  -6.1456792e-01  -4.4964417e-01  -2.0277505e-02   1.5943041e-04   4.5173161e-03
   4.4823623e-02  -6.9632616e-01  -1.0721867e+00  -7.9338625e-03   1.1231598e-03   7.3432754e-03
   6.1074540e-02  -1.9731567e-01  -2.2032808e+00  -1.4451466e-02   1.0978926e-04   6.4238627e-03
   2.6394653e-02  -8.3987973e-02  -7.8333498e-01  -9.4176692e-03  -3.0657684e-03   6.2266259e-03
   3.3399881e-02  -9.9259315e-02  -7.4333795e-01  -8.3087307e-03  -3.6703322e-03   6.7884026e-03
   4.6449453e-02   7.2879179e-02  -8.2633828e-01  -3.0458023e-03  -1.9257074e-03   6.2105932e-03
   4.5926924e-02   6.9031512e-02  -8.2390292e-01   7.7173938e-04  -1.0308961e-03   6.2125805e-03
   7.1496061e-02  -4.5195201e-02  -7.2005069e-01  -5.9680735e-03  -1.5394190e-03   6.8760566e-03
   7.3970601e-02  -4.1554831e-02  -6.4344364e-01  -6.4960793e-03  -1.6323464e-03   6.5200391e-03
   6.2325029e-02  -3.7282248e-02  -6.1531321e-01  -7.4329027e-03  -1.5993758e-03   6.5239400e-03
   6.0921903e-02  -6.3719149e-02  -5.8060121e-01  -8.1371562e-03  -1.7179761e-03   6.5782360e-03
   3.4085526e-02  -2.3074755e-02  -3.4628272e-01  -7.2135530e-03  -1.4019535e-03   6.8976026e-03
   6.4190757e-02  -5.4727993e-02  -3.0674293e-01  -4.8748611e-03   1.4294271e-03   5.6152115e-03
   6.3022147e-02  -4.4589407e-02  -6.5333806e-01  -5.7420673e-03   8.5593379e-04   5.9138512e-03
   8.0201136e-02   4.1531402e-02  -5.1473080e-01  -7.0229570e-03  -1.4056263e-04   6.0366493e-03
   9.3809292e-02   6.5005783e-02  -4.1788353e-01  -6.3954106e-03  -3.9471183e-04   6.1005666e-03
   1.0909824e-01   3.0629278e-02  -3.6134310e-01  -7.5451596e-03  -8.2137510e-04   6.2319455e-03
   1.2151448e-01   4.1782146e-02  -3.2439103e-01  -7.7145551e-03  -8.3069645e-04   6.3307045e-03
   1.3165510e-01   1.0895409e-01  -4.2950755e-01  -7.1263506e-03  -2.5229011e-04   6.3966573e-03
   3.5100268e-01  -2.0812445e-01  -1.8406289e+00  -5.1079271e-04   1.5443625e-03   5.2959171e-03
   2.9720294e-01   8.2921533e-03  -1.6219752e+00  -9.0936264e-04   1.6346923e-03   4.2312600e-03
   2.3569278e-01   2.7858895e-02  -1.2274580e+00  -2.4018702e-03   3.2035215e-04   4.7711576e-03
   2.3761052e-01   8.4569148e-03  -1.0417158e+00  -4.0239215e-03  -1.9273448e-04   5.1947389e-03
   2.4655022e-01   8.5439850e-03  -1.0366155e+00  -4.5298466e-03  -5.2739111e-04   5.5944673e-03
   2.4246241e-01  -1.0157910e-02  -1.0133656e+00  -5.5460865e-03  -6.1350704e-04   5.7797466e-03
   2.3347834e-01  -2.0367778e-02  -9.7024133e-01  -5.9487478e-03  -8.9335343e-05   5.6929441e-03
   2.2138629e-01  -3.9633608e-03  -8.6393540e-01  -5.6990888e-03   1.0594701e-03   5.5968069e-03
   2.1264167e-01   1.4968196e-02  -7.5807951e-01  -5.0661807e-03   1.1012664e-03   5.5557372e-03
   2.2363814e-01  -3.1532738e-02  -8.1359367e-01  -4.9915266e-03   1.1219589e-03   6.1759197e-03
   2.3906754e-01   2.9459803e-03  -8.1471536e-01  -5.0437593e-03   1.0052389e-03   6.1707681e-03
   2.3609258e-01  -1.0397361e-02  -8.2465083e-01  -5.3323707e-03   1.2712850e-03   5.8289076e-03
   2.2529166e-01   3.5403652e-02  -8.6595703e-01  -4.1723408e-03   1.3747621e-03   6.3585723e-03
   2.0997764e-01   3.8688713e-02  -8.6796536e-01  -4.5565351e-03   9.9565655e-04   5.8957728e-03
   2.1752786e-01   1.2750428e-02  -8.4006920e-01  -4.6377564e-03   6.4067793e-04   6.6836410e-03
   2.2353398e-01   3.8332823e-02  -8.2920880e-01  -4.7254726e-03   4.5629720e-04   6.2309152e-03
   2.2742032e-01   3.6347313e-02  -8.1724747e-01  -4.7663801e-03   5.8850417e-04   6.2278942e-03
   2.2541626e-01   7.6984770e-02  -7.8714413e-01  -4.2798022e-03   3.6049932e-04   6.3268992e-03
   2.3611261e-01   7.2860098e-02  -7.8551574e-01  -4.6418526e-03   2.2509490e-04   6.3022811e-03
   2.3410430e-01   5.9283437e-02  -7.9689581e-01  -4.6996289e-03  -2.2265877e-05   6.9351686e-03
   2.3370719e-01   6.4691465e-02  -7.7992746e-01  -5.3778067e-03  -2.4972937e-04   6.6338102e-03
   2.3425167e-01   1.7204770e-02  -7.7448804e-01  -5.6758974e-03  -5.4593237e-04   7.1727312e-03
   2.4765263e-01   5.6762810e-03  -6.5307835e-01  -5.0674021e-03  -1.1149670e-03   7.8744555e-03
   1.8258531e-01   7.5574354e-03  -4.8998244e-01  -6.5937098e-03  -1.6036934e-03   6.5372165e-03
   1.7416685e-01   1.9018224e-02  -4.7365538e-01  -5.9856908e-03  -1.7655261e-03   6.8419799e-03
   1.9045050e-01   2.8852841e-02  -5.8450637e-01  -6.1189621e-03  -2.0009401e-03   6.7225802e-03
   1.9114302e-01   7.7286364e-03  -5.5556182e-01  -6.4357710e-03  -1.8522055e-03   6.7576781e-03
   1.8435276e-01   2.4190362e-02  -5.5819580e-01  -6.2750431e-03  -2.0247703e-03   6.7942389e-03
   1.9573702e-01   2.0800895e-02  -5.3433897e-01  -6.6635109e-03  -1.5219434e-03   6.6877632e-03
   2.0057491e-01   1.2591060e-02  -5.4358991e-01  -6.7355371e-03  -1.5372254e-03   6.7579981e-03
   1.9567479e-01   8.9080026e-03  -5.2476523e-01  -7.1955129e-03  -1.7867004e-03   6.7147438e-03
   1.9603630e-01   2.0705734e-02  -5.2396676e-01  -6.9006841e-03  -1.7957814e-03   6.8585968e-03
   1.9608277e-01   1.4590436e-02  -5.0673176e-01  -7.8803806e-03  -2.0277323e-03   7.0856183e-03
   2.1741510e-01   5.4790646e-02  -4.8510634e-01  -7.0647998e-03  -2.3999825e-03   6.6784914e-03
   2.2389150e-01  -1.2487380e-02  -4.7582563e-01  -7.7629284e-03  -2.1099703e-03   7.1576916e-03
   2.2302949e-01   4.5440633e-03  -5.0293713e-01  -8.0846819e-03  -2.3981314e-03   7.2366979e-03
   2.2180430e-01  -1.1916003e-02  -4.7580267e-01  -8.4082428e-03  -2.7307126e-03   7.2198378e-03
   2.0913055e-01  -6.6600001e-04  -4.8352798e-01  -8.2927899e-03  -2.5012582e-03   7.1549603e-03
   2.0916971e-01   1.3966597e-02  -3.5792916e-01  -9.7958906e-03  -2.1747306e-03   6.9936527e-03
   2.0075545e-01  -8.9405964e-03  -4.1003189e-01  -8.2705693e-03  -2.4409330e-03   7.3812977e-03
   2.0462443e-01   1.8115874e-03  -4.8863077e-01  -8.0471262e-03  -2.5192190e-03   7.4109720e-03
   2.1297034e-01   1.5384882e-02  -4.6286122e-01  -8.4761431e-03  -2.5291990e-03   7.1085082e-03
   1.9669569e-01   7.0151556e-04  -4.6224550e-01  -8.4215170e-03  -2.6685600e-03   7.2773414e-03
   2.0345789e-01   1.8983418e-02  -4.6665070e-01  -8.7351408e-03  -2.5579504e-03   6.9879835e-03
   1.9726723e-01  -3.4457596e-02  -4.4240987e-01  -9.4912132e-03  -2.5065346e-03   7.2879606e-03
   2.0031179e-01  -1.1496445e-02  -4.3900319e-01  -8.8528609e-03  -2.3659063e-03   7.1730212e-03
   2.0925070e-01  -8.5440297e-03  -4.3217223e-01  -8.7950263e-03  -2.0671682e-03   7.0131032e-03
   2.1190458e-01  -1.5029523e-02  -4.2245723e-01  -8.5154846e-03  -2.0830848e-03   7.2601425e-03
   2.0866459e-01   1.3490033e-02  -4.6670572e-01  -8.3630444e-03  -1.8872923e-03   7.2367359e-03
   2.0983319e-01  -1.0498371e-02  -4.7993806e-01  -8.8446373e-03  -1.9963336e-03   6.9203854e-03
   2.0572386e-01  -1.2864270e-02  -4.7343251e-01  -8.8460167e-03  -1.9884451e-03   7.2712824e-03
   2.1041202e-01   1.1364398e-02  -4.6838407e-01  -8.6621730e-03  -2.0379969e-03   7.2394317e-03
   2.1915423e-01  -6.6158776e-03  -4.3463497e-01  -9.3732175e-03  -2.2185111e-03   6.9615308e-03
   2.1233148e-01   1.1966881e-02  -4.3826092e-01  -8.4768946e-03  -2.0704631e-03   7.2054614e-03
   2.1823911e-01   1.5408723e-02  -4.3061641e-01  -8.9391204e-03  -2.0267339e-03   6.9822451e-03
   1.7218565e-01   4.0756703e-02  -4.4052355e-01  -9.1891061e-03  -2.0461448e-03   7.1509358e-03
   2.0350006e-01  -1.0729308e-02  -4.5600784e-01  -9.9467468e-03  -1.7656364e-03   6.7417936e-03
   1.8276603e-01   2.5302326e-02  -3.1427693e-01  -1.0059557e-02  -1.8736846e-03   6.7968372e-03
   1.8484603e-01  -3.9383513e-03  -4.0110165e-01  -9.4024367e-03  -1.9139276e-03   6.8932133e-03
   1.9411564e-01   1.9526724e-02  -4.5306358e-01  -9.1469525e-03  -1.9395900e-03   6.6296468e-03
   1.7452980e-01   4.0072016e-03  -4.0817068e-01  -9.7620590e-03  -2.6040005e-03   6.9192629e-03
   1.9011052e-01   3.0694565e-02  -3.6203065e-01  -9.7892778e-03  -2.5111735e-03   7.0313240e-03
   2.0400871e-01   1.1169143e-02  -3.8234457e-01  -9.8127861e-03  -2.3610333e-03   6.8708259e-03
   1.9466186e-01  -2.5392165e-02  -3.6632191e-01  -1.0682164e-02  -2.5215247e-03   6.7501707e-03
   1.6766617e-01  -1.4447592e-02  -3.7020289e-01  -1.0171764e-02  -2.0339487e-03   6.9195124e-03
   1.8879881e-01  -2.0955126e-02  -4.0617624e-01  -1.0688077e-02  -1.9387489e-03   6.8547246e-03
   1.8537421e-01  -3.3039705e-02  -3.8631209e-01  -1.1101556e-02  -2.1177215e-03   7.0320602e-03
   1.8064275e-01   1.2418008e-02  -3.9642082e-01  -1.0045019e-02  -2.3931548e-03   7.1173032e-03
   2.0513175e-01   3.8574981e-02  -4.0791046e-01  -1.0352874e-02  -2.1508831e-03   6.4764731e-03
   1.7532613e-01  -2.7570325e-02  -4.1266147e-01  -1.1039549e-02  -2.2731119e-03   6.7877819e-03
   1.6791591e-01  -7.0411329e-03  -4.0433550e-01  -1.0736247e-02  -2.2276178e-03   6.8333841e-03
   1.8762461e-01  -1.5673598e-02  -4.0182191e-01  -1.1168366e-02  -1.8305096e-03   6.6848815e-03
   1.9095346e-01  -1.5819608e-02  -3.7948144e-01  -1.0362400e-02  -2.0579139e-03   6.9149731e-03
   2.0751810e-01   2.6323372e-02  -3.8279103e-01  -1.0782693e-02  -2.3406079e-03   6.9623757e-03
   2.0877792e-01  -1.7734971e-02  -3.8927300e-01  -1.1466782e-02  -2.2416912e-03   6.9673128e-03
   1.9683962e-01  -1.2043054e-02  -3.7512311e-01  -1.0742974e-02  -2.2962834e-03   7.0990489e-03
   1.9569707e-01   9.8019110e-03  -3.8292464e-01  -1.1336997e-02  -2.1629050e-03   6.7791337e-03
   2.0198775e-01  -1.3089667e-02  -3.8066037e-01  -1.1775191e-02  -2.3573718e-03   6.7711686e-03
   1.7587121e-01  -3.6130923e-02  -3.6070341e-01  -1.1835444e-02  -2.6863953e-03   7.1006566e-03
   1.8878325e-01  -9.6029520e-03  -4.2598574e-01  -1.1372824e-02  -2.1747081e-03   6.8327229e-03
   1.9798505e-01  -5.0453517e-02  -3.8962689e-01  -1.2432353e-02  -2.0317003e-03   6.7546037e-03
   1.7546041e-01  -4.7896022e-02  -4.5475827e-01  -1.0646809e-02  -2.6340908e-03   7.1317937e-03
   2.0251929e-01   6.5001053e-03  -4.5442625e-01  -1.1171155e-02  -2.4634169e-03   6.7285073e-03
   1.9493625e-01  -4.0875068e-03  -4.3995923e-01  -1.1478577e-02  -2.2007795e-03   6.9004408e-03
   1.8062720e-01  -1.6891436e-02  -4.3782734e-01  -1.1621091e-02  -2.2799582e-03   7.2030000e-03
   1.9275310e-01   7.7096522e-03  -4.2760046e-01  -1.1060600e-02  -2.1080188e-03   7.1447206e-03
   2.0211041e-01  -1.9852994e-02  -4.1774622e-01  -1.1685959e-02  -2.1797616e-03   7.1307854e-03
   1.8965045e-01  -1.6495575e-02  -4.2548117e-01  -1.1015310e-02  -2.2275280e-03   7.2325483e-03
   2.0024419e-01   1.9609021e-02  -4.4406408e-01  -1.0906305e-02  -2.3944866e-03   7.1803440e-03
   2.0920196e-01  -9.8745879e-03  -4.2753535e-01  -1.1576633e-02  -2.1995451e-03   7.0273596e-03
   1.9835295e-01  -2.1813955e-02  -4.1421259e-01  -1.1516951e-02  -2.1894300e-03   7.2154359e-03
   1.9118741e-01   1.7415614e-02  -4.2395826e-01  -1.1354432e-02  -2.2648831e-03   7.0775895e-03
   1.9769658e-01   7.1484869e-02  -3.9512109e-01  -1.1605385e-02  -2.6642895e-03   6.5823864e-03
   1.8280672e-01  -1.3871731e-02  -3.9596983e-01  -1.1751167e-02  -2.4147135e-03   7.0049355e-03
   1.7615991e-01   2.0602996e-02  -4.5801846e-01  -1.0796510e-02  -2.0206982e-03   6.9927340e-03
   1.7159214e-01   1.5215551e-02  -4.4653544e-01  -1.0114405e-02  -1.0781877e-03   7.3200159e-03
   2.2398775e-01  -8.7622526e-01  -3.5298550e+00  -3.7084396e-02  -1.2319133e-03   4.0989769e-03
   1.9603309e-01  -5.1476253e-01  -2.7205746e+00  -3.0563217e-02  -2.2486279e-03   5.9290772e-03
   2.6460963e-01  -5.1852597e-01  -1.6892409e+00  -2.7382549e-02  -1.7044926e-03   5.4252272e-03
   2.6141308e-01  -5.1272072e-01  -1.4324312e+00  -2.6341843e-02  -2.3051713e-03   5.0765836e-03
   2.4060910e-01  -5.1805182e-01  -1.8381113e+00  -2.2809214e-02  -2.2180280e-03   4.5632075e-03
   1.5306547e-01  -4.8237146e-01  -1.6519916e+00  -1.8314052e-02  -1.4626231e-03   5.9122648e-03
   1.3715631e-01   2.4857948e-02  -1.0689028e+00  -1.5819301e-03   9.4301639e-04   6.1156292e-03
   9.1111364e-02   1.6841782e-02  -5.0876321e-01  -8.6046837e-03  -1.7879950e-03   6.4214585e-03
   1.1174815e-01  -1.7351008e-02  -6.0427202e-01  -8.3152770e-03  -1.2857191e-03   6.6252706e-03
   8.2450465e-02  -3.1158526e-02  -5.6415550e-01  -8.8882715e-03  -1.7285114e-03   6.5901338e-03
   1.5654644e-01  -9.7035287e-02  -1.0992368e-01  -9.9552090e-03  -6.1740941e-04   5.6271654e-03
   1.3663618e-01  -2.4754616e-02  -8.7310560e-02  -8.8135866e-03  -7.9971186e-04   5.2824986e-03
  -6.7622826e-02  -1.5353401e-01   4.9541646e-01  -8.7300562e-03  -3.7908602e-03   6.7173796e-03
  -4.5821918e-02  -9.5632594e-02   3.0088041e-01  -1.1848818e-02  -4.6599585e-03   6.0815082e-03
  -3.9057283e-02  -8.7289898e-02   3.1795763e-01  -1.3480769e-02  -3.3106260e-03   6.5598238e-03
  -4.2916363e-02  -6.5827525e-02   3.8113696e-01  -1.3706216e-02  -2.4745025e-03   6.2301710e-03
  -4.8592860e-02  -5.5693555e-02   4.4557251e-01  -1.3786967e-02  -2.1313415e-03   5.8780421e-03
  -2.3247737e-02  -1.9804744e-03   2.8615965e-01  -1.1298686e-02  -1.7509908e-03   5.9967502e-03
   4.8718445e-04  -2.3987085e-01  -1.1356090e+00  -1.2631065e-02  -6.0657653e-04   6.5134270e-03
   3.7766470e-02  -1.8581927e-02  -4.2254970e-01  -8.7818701e-03  -1.2746161e-03   5.8607245e-03
   1.5448715e-02  -7.5236096e-02  -2.0960002e-01  -1.1083158e-02  -2.3886450e-03   6.1139692e-03
   1.7831945e-02  -9.3194756e-02  -9.0711279e-02  -1.2730489e-02  -2.8969387e-03   6.3107092e-03
   1.7408050e-02  -6.1370035e-02  -5.3651895e-02  -1.1879924e-02  -2.7583814e-03   6.0221606e-03
   2.1455911e-03  -1.0429084e-01  -2.9110421e-02  -1.2564879e-02  -3.1669024e-03   6.2335768e-03
   1.0250719e-02  -6.3313396e-02  -2.0879903e-02  -1.2471374e-02  -2.9000450e-03   5.7534434e-03
   1.0004449e-04  -9.7015773e-02   8.4829332e-03  -1.3834004e-02  -2.8278269e-03   5.5324150e-03
  -1.0019630e-02  -6.8006787e-02   2.8084393e-02  -1.2837619e-02  -2.5979285e-03   5.6699819e-03
  -1.7782393e-02  -7.7840456e-02   5.4032845e-02  -1.2519089e-02  -2.9681824e-03   5.5574839e-03
  -1.1895682e-02  -6.0228262e-02  -2.0289374e-02  -1.1477295e-02  -2.7457405e-03   5.4750038e-03
  -2.9816018e-02  -7.8677616e-02   2.0942030e-01  -1.3080536e-02  -2.7639107e-03   5.2029528e-03
  -3.4819777e-02  -5.0478883e-02   2.0390552e-01  -1.0842661e-02  -2.4410084e-03   5.8510122e-03
  -3.7051630e-02  -2.3512093e-02   1.9441401e-01  -9.4919405e-03  -2.7469547e-03   5.8735575e-03
  -1.4300666e-02  -4.8150000e-02  -9.3185122e-02  -9.5305043e-03  -2.2912759e-03   5.8685608e-03
  -7.8427128e-03  -1.9437505e-02  -5.1343769e-02  -1.1099871e-02  -2.7822834e-03   5.4038287e-03
  -1.5409716e-02   1.8438913e-02  -5.1407719e-02  -1.0009273e-02  -3.6931897e-03   5.4583408e-03
  -1.3483213e-02  -1.1990593e-02  -1.7765916e-02  -1.0561485e-02  -3.4209337e-03   5.0663489e-03
  -1.2451658e-02  -1.4045282e-02  -2.9584160e-02  -1.0752110e-02  -3.7125768e-03   5.3339810e-03
  -7.0969308e-03   1.6582498e-03  -3.5503032e-02  -1.1052153e-02  -4.4302811e-03   4.2449130e-03
  -2.7998076e-02  -1.9467655e-02   2.3025805e-02  -1.0899958e-02  -4.9204762e-03   4.9790499e-03
  -1.9416148e-02   7.3413550e-03   1.2749656e-02  -1.1146357e-02  -4.7301825e-03   4.5792972e-03
  -1.6224789e-02  -3.0101777e-03   8.3628638e-02  -1.1129020e-02  -5.1561271e-03   4.8454555e-03
  -8.9438427e-03   4.7529561e-03   1.0367140e-01  -1.0879829e-02  -5.1904615e-03   4.9112235e-03
  -2.3585286e-02  -5.3197636e-03   1.0098032e-01  -1.1542116e-02  -5.0561680e-03   4.6998102e-03
  -2.1125517e-02  -5.7128209e-03   1.2275047e-01  -1.1401072e-02  -5.1500492e-03   4.9573295e-03
  -2.2824767e-02   1.0369915e-02   1.8014805e-01  -1.2201825e-02  -5.1711454e-03   4.6316065e-03
  -2.4163159e-02  -7.8215210e-03   1.7195429e-01  -1.2076543e-02  -4.7511083e-03   4.7817675e-03
  -1.9150174e-02   1.5817791e-02   1.0405634e-01  -1.1550731e-02  -5.3748645e-03   4.8618251e-03
  -2.7829067e-02  -5.3628894e-02   9.5544482e-02  -1.2578950e-02  -5.5430529e-03   4.9660560e-03
  -6.8378171e-03  -1.7799726e-02   8.9717102e-02  -1.1186872e-02  -5.7723348e-03   5.1467397e-03
  -5.9921222e-03  -1.1107025e-02   8.3491066e-02  -1.1910857e-02  -5.6844475e-03   4.5725336e-03
  -4.1364434e-04  -6.4716392e-03   5.7536184e-02  -1.1362675e-02  -5.5725801e-03   5.3443503e-03
   9.5557817e-03   1.8776777e-02   8.1067281e-02  -1.2130185e-02  -5.5305202e-03   5.2369375e-03
   1.2183311e-02  -8.3103650e-03   9.7582234e-02  -1.2500736e-02  -5.3131046e-03   4.9009548e-03
  -1.4980165e-03  -1.5467349e-02   2.0846621e-01  -1.3111601e-02  -4.9261355e-03   5.7431311e-03
  -5.7050333e-04  -3.3128168e-02   2.7588840e-01  -1.3192451e-02  -5.0090458e-03   6.3073110e-03
  -1.0160090e-02  -1.7842790e-02   1.0052536e-01  -1.0264829e-02  -5.1445186e-03   5.5352872e-03
  -4.4677810e-04  -1.6256285e-02   1.4927945e-01  -1.1370969e-02  -5.1847913e-03   5.5211821e-03
  -5.1497500e-03  -7.4884653e-03   1.6925003e-01  -1.1846766e-02  -5.0092312e-03   5.8946094e-03
   4.2080221e-03   1.3145095e-03   5.6382814e-02  -1.3278931e-02  -4.1733398e-03   3.8586055e-03
   2.4996188e-02  -1.8878827e-01  -3.2200328e-01  -8.5069250e-03  -5.2128348e-03   4.6345078e-03
   4.4657587e-02  -1.3893651e-01  -6.1581343e-01   1.0987161e-02  -5.0353238e-03   5.5132785e-03
  -1.3672635e-01  -5.1962813e-01  -9.6310639e-01   8.8434846e-03  -5.9721421e-03   5.7479636e-03
   4.4765005e-02   6.0316017e-02  -4.9082868e-01   8.4496933e-03  -5.1762219e-04   6.6861102e-03
   7.3221969e-02   1.1979501e-01  -8.1887109e-01   3.1191436e-03  -1.0963785e-04   5.6324141e-03
   1.7566917e-02   4.5049874e-02  -1.1318854e+00  -5.4071928e-03   1.8873323e-04   6.7330489e-03
   4.5991392e-02   6.3024267e-02  -7.5158080e-01  -5.4793120e-03  -2.6786985e-04   6.1393990e-03
   5.0799538e-02   3.0038065e-02  -5.9907573e-01  -5.5573582e-03  -1.0921046e-04   5.9870190e-03
   3.2307688e-02   2.2894866e-02  -4.4675172e-01  -5.8749343e-03  -4.4695733e-04   5.8635158e-03
   2.9202649e-02   1.2282730e-02  -4.3133509e-01  -5.0206413e-03  -6.7542378e-04   5.8275674e-03
   1.9922995e-02   1.6819543e-02  -3.9691295e-01  -4.3235728e-03  -1.0787237e-03   5.4824071e-03
   7.6081212e-03   7.0508193e-03  -3.7547662e-01  -3.0413123e-03  -1.3221726e-03   5.7063754e-03
   6.1800709e-03   2.6164268e-02  -3.8926674e-01  -3.8462268e-03  -7.2643624e-04   5.3340006e-03
  -3.6409698e-03   7.3213811e-02  -4.0979790e-01  -4.7627716e-03   2.0220501e-04   4.2381637e-03
   4.9763738e-02  -1.0579770e-01  -9.1667805e-01  -5.3623811e-03  -9.6989921e-04   3.7933882e-03
   1.6415331e-02  -9.3495700e-03  -5.8658629e-01  -6.1081272e-03  -1.1736444e-03   5.3824507e-03
   1.1851530e-02   5.7528920e-02  -3.7258068e-01  -5.5195615e-03  -1.4020198e-03   5.0039891e-03
   1.0605156e-02   4.8010583e-02  -3.2086704e-01  -5.8171508e-03  -1.5572650e-03   5.4659347e-03
   5.4345718e-03   4.3037798e-02  -2.9738999e-01  -6.6566188e-03  -1.5853501e-03   5.4816438e-03
   7.3165212e-03   7.1152793e-02  -2.4228879e-01  -4.9494800e-03  -1.6030651e-03   5.1617600e-03
  -1.1913678e-03   6.5192169e-02  -5.5096456e-02  -4.7366794e-03  -1.2350715e-03   5.3256164e-03
  -1.0891025e-03   5.8636510e-02  -4.6364072e-02  -4.5621168e-03  -1.5027609e-03   5.5109628e-03
  -1.3583921e-04   7.5336513e-02  -1.9394504e-02  -3.6449820e-03  -1.2463155e-03   5.0451722e-03
  -1.5199263e-02   2.6986101e-02  -1.7743756e-01  -4.2968593e-03  -1.4878959e-03   4.5000556e-03
   6.6531989e-02  -5.8520355e-02  -1.8726113e-01  -4.5954828e-03  -1.7215054e-04   3.2618840e-03
   6.1259241e-02  -5.4437504e-02  -4.4703741e-01   1.7647149e-02  -2.0405422e-03   6.7202457e-03
  -5.5696818e-02  -6.4254974e-02  -9.6461389e-01   3.2975069e-02  -5.3556044e-03   6.3491429e-03
   3.3306302e-02   4.4273890e-01  -3.4820297e-01   1.9235685e-02  -4.5278933e-04   4.7918480e-03
   1.2947109e-01   2.9115035e-01  -3.8394506e-01   1.0638814e-02  -4.4795666e-04   5.8339799e-03
   1.5188928e-01   3.1158679e-01  -2.1035874e-01   7.5413271e-03  -8.1618003e-04   6.6961615e-03
   1.6030840e-01   2.5935352e-01  -1.0054087e-01   3.5183023e-03  -3.6182860e-04   6.5776738e-03
   1.6319947e-01   2.3648551e-01  -6.5529077e-02   1.2672896e-03  -4.2856543e-04   6.3570645e-03
