   0.0000000e+00   0.0000000e+00   0.0000000e+00   0.0000000e+00   0.0000000e+00   0.0000000e+00
   3.6646060e-03   5.2887221e-02   7.1038864e-03   1.4669973e-03   2.1240995e-04  -9.9540188e-05
   1.5065546e-02   1.0500486e-01   1.2981936e-01   9.1517572e-04   1.8734402e-04  -1.1378908e-04
   8.7013825e-03  -3.5176999e-02  -3.8728534e-02  -3.1836241e-04   2.7780475e-04   4.5330449e-05
   2.6531927e-02   7.6260666e-02  -5.3145982e-02   6.3359572e-04   5.2687537e-04  -4.2842752e-04
   3.2387538e-02   1.0860352e-01   1.7561970e-02   4.1642913e-04   5.2490482e-04  -7.8256333e-04
   1.2808627e-02   4.2326418e-02   2.4699222e-03  -7.0352615e-04   2.9217765e-04  -5.5728725e-04
  -8.6406141e-04   3.0393126e-02  -5.6442464e-02   8.2139196e-04   5.4406517e-04  -5.7654902e-05
   3.0503918e-02   7.4456369e-02  -1.1744789e-02   4.7099289e-04   1.2725871e-03  -2.7210989e-04
   1.0440675e-01   1.7712199e-02  -5.0209453e-02  -1.3789443e-03   2.4370115e-03  -6.8814118e-04
   5.4673538e-02  -1.3170239e-02  -6.3431766e-02  -1.2945054e-03   1.4253846e-03  -7.5124479e-04
   2.8587788e-02  -8.7467172e-03  -5.3303740e-02  -5.5526695e-04   1.0758686e-03  -4.3307824e-04
   4.0088342e-02   6.6193678e-02  -3.0951890e-02   5.9355754e-04   1.5389256e-03  -5.1539348e-04
   6.4048736e-02   6.0130289e-02  -5.8829550e-03  -4.8231146e-04   1.7351290e-03  -8.0518518e-04
   2.6544803e-02  -4.2812021e-02  -6.8658611e-02  -9.3312842e-04   1.5135525e-03  -6.1790035e-04
   3.1261923e-02   3.8110653e-03  -9.6015032e-02  -1.0556402e-03   1.3994976e-03  -3.3965811e-04
   6.1439532e-02   7.5795380e-02  -7.5581594e-02   8.5107775e-04   2.0408842e-03  -5.6757140e-04
   8.1296903e-02   6.5304439e-02  -8.2930499e-02   6.1154000e-05   1.6920778e-03  -6.5005225e-04
   8.2919807e-02   3.3760908e-02  -1.2731724e-01  -8.0349640e-04   1.8111767e-03  -7.1890745e-04
   6.4146325e-02   2.0850590e-02  -7.1768082e-02  -1.1404553e-03   1.7840436e-03  -4.6719281e-04
   5.8365159e-02   2.3759168e-03  -1.0867548e-01  -3.9796368e-05   1.7352185e-03  -1.6640154e-04
   7.8894225e-02   7.5930979e-02  -7.1079827e-02   3.3931864e-04   2.1810136e-03  -5.3140007e-04
   1.1977217e-01   6.0409964e-02  -6.1757770e-02  -5.9708184e-04   2.2671113e-03  -6.4834714e-04
   9.2377142e-02  -1.1515973e-02  -1.5325873e-01  -1.1590888e-03   2.0073113e-03  -3.3786783e-04
   6.5429773e-02   4.1531898e-02  -2.2015428e-01  -2.5599929e-04   1.0818485e-03  -2.1750044e-04
   6.8585815e-02   1.2235473e-01  -9.4910319e-02  -2.3501826e-04   4.6784255e-04  -7.0265375e-04
   4.2719756e-02  -3.8726803e-02  -2.0635585e-01  -2.5167772e-03   3.2310236e-04  -2.3856624e-04
   4.7871226e-02   6.8606851e-02  -1.9539555e-01  -9.0095418e-04   8.0445141e-04  -2.1281091e-05
   5.1902939e-02   7.0795079e-02  -8.7246843e-02  -1.6614158e-03   1.4281158e-03   1.2857293e-04
   1.1447792e-02  -2.7318519e-02  -1.9577222e-01  -1.8989602e-03   6.7365535e-04   2.4225622e-04
   2.7425065e-03   2.5177825e-02  -2.1125669e-01  -8.3154748e-04   8.2997682e-04   6.6179483e-05
   4.1466089e-02   6.1369646e-02  -9.1977976e-02  -1.5229635e-03   1.1702608e-03  -3.3516060e-04
   2.9085600e-02  -4.0164016e-02  -1.3193824e-01  -2.0056885e-03   9.7689779e-04  -4.9925840e-04
  -1.9190244e-02  -3.0174067e-02  -1.6436093e-01  -8.9042474e-04   7.2352695e-04  -3.9952146e-04
   2.0240179e-02   7.1144179e-02  -1.3980027e-01   5.2355004e-04   1.4019170e-03  -3.2398171e-04
   1.8965556e-02   4.9304477e-02  -9.0589722e-02  -2.0985568e-04   1.5148519e-03  -1.9622614e-04
  -1.2826434e-02   3.4738783e-03  -5.7364082e-02  -1.2682233e-03   9.3857659e-04   1.2876385e-04
  -2.0393066e-02  -1.8228379e-02  -1.4787456e-01  -4.8795787e-04   8.9167946e-04   4.1877457e-04
   1.1184181e-02   7.1175846e-02  -5.9798673e-02  -7.9288485e-04   1.2718219e-03  -1.1225501e-04
   2.9531062e-02   1.9524985e-02  -9.0418716e-02  -1.4105142e-03   1.6626113e-03  -4.6085896e-04
  -2.8894716e-02  -3.9626885e-03  -1.1933247e-01  -1.7109466e-03   1.6362816e-03  -9.4981389e-04
  -8.6162990e-02  -2.5771543e-02  -1.4410246e-01  -1.3001136e-03   1.1537811e-03   1.1502959e-04
  -6.0725973e-02   4.1259005e-02  -1.2953691e-01   3.5055021e-04   1.2700843e-03   3.3313684e-04
   1.3470632e-02   9.6522861e-02  -2.2815812e-02  -4.4703801e-04   1.9506470e-03  -1.9211315e-05
   2.5897629e-02  -3.9731851e-03  -8.9073764e-02  -1.7345916e-03   2.0423456e-03  -3.5488474e-04
  -6.9021848e-03  -3.1960037e-02  -9.9562448e-02  -1.9393569e-03   2.1781079e-03  -9.5940677e-04
  -4.3669826e-02   1.2051909e-03  -1.1753352e-01  -1.0270751e-03   1.9278901e-03  -9.5838868e-04
  -7.4653727e-02   4.0900520e-02  -8.8775994e-02  -1.8426785e-04   1.5105962e-03  -9.6860246e-04
  -1.0095460e-01   1.4780870e-02  -7.4136969e-02  -9.6614893e-04   1.3695909e-03  -1.3063291e-03
  -1.7262393e-01  -6.4796962e-02  -1.4232025e-01  -1.1841478e-03   7.9716641e-04  -9.4955006e-04
  -1.5964933e-01   1.4891323e-03  -1.6713907e-01  -6.5201254e-04   9.0312356e-04  -1.4084852e-03
  -1.4357153e-01   2.1532100e-02  -1.5705694e-01  -9.1760981e-05   1.3206864e-03  -1.4016645e-03
  -1.2814510e-01   4.3747248e-02  -1.3862633e-01  -8.0594973e-04   1.3566984e-03  -1.4608035e-03
  -1.3614304e-01  -1.8320449e-02  -1.6701673e-01  -2.1324459e-03   2.0358734e-03  -1.7903989e-03
  -1.3826568e-01  -2.8709180e-02  -1.7539673e-01  -2.0442313e-03   9.5225166e-04  -1.3021202e-03
  -8.9578691e-02   1.1940643e-02  -1.4690445e-01  -6.1880791e-04   1.4828514e-03  -1.2996064e-03
  -7.8867366e-02   4.3432019e-02  -1.2919100e-01  -5.0483275e-04   1.7392121e-03  -1.2022260e-03
  -9.5419924e-02   1.2186465e-02  -1.2357584e-01  -1.1603895e-03   2.0264447e-03  -1.3575367e-03
  -1.5939108e-01  -4.7031053e-02  -1.6811934e-01  -1.6234960e-03   1.5982807e-03  -1.0247295e-03
  -1.7663754e-01   1.2606032e-03  -1.5351759e-01  -3.9028442e-04   1.5361766e-03  -1.0297983e-03
  -1.2375102e-01   5.4607898e-02  -1.0779369e-01  -7.7039385e-04   2.1218030e-03  -1.2622214e-03
  -1.4797679e-01  -3.6641020e-02  -1.2150424e-01  -1.7991800e-03   1.5887010e-03  -1.1332969e-03
  -1.5868528e-01  -6.2945335e-02  -1.4447865e-01  -1.2194515e-03   1.2907316e-03  -1.2248011e-03
  -1.6486116e-01   1.4514376e-02  -1.3391710e-01   7.1134674e-05   1.2340403e-03  -1.6007638e-03
  -1.7635428e-01  -8.5136190e-03  -1.9055238e-01  -3.6769514e-04   1.1905944e-03  -1.3731005e-03
  -6.8925435e-02   3.4860673e-02  -1.6424848e-01  -1.7415521e-03   1.5993980e-03  -1.1370361e-03
  -5.2173711e-02  -4.4418056e-02  -2.1376812e-01  -2.6072671e-03   1.6861579e-03  -1.0260853e-03
  -4.7937494e-02   4.6513430e-02  -2.1837937e-01  -8.3012046e-04   1.7159442e-03  -1.0719638e-03
  -7.8847777e-02   6.1178325e-02  -1.6511405e-01  -1.0975395e-03   1.6576630e-03  -1.5717336e-03
  -7.8298150e-02  -9.8869315e-04  -2.0969867e-01  -2.1012897e-03   1.9539421e-03  -1.4273954e-03
  -9.6146297e-02  -4.0101303e-02  -2.1242543e-01  -1.8439110e-03   1.9851213e-03  -1.4432684e-03
  -1.3116563e-01   3.0192952e-02  -1.7562549e-01  -5.2222484e-04   1.6088224e-03  -1.3865461e-03
  -1.0904330e-01   3.2164231e-02  -1.2821262e-01  -1.0025513e-03   1.8044651e-03  -1.4507551e-03
  -1.1113511e-01  -4.6325355e-02  -2.0085956e-01  -1.6731023e-03   1.9145992e-03  -1.3829985e-03
  -1.3785774e-01  -1.3695479e-02  -2.1609104e-01  -1.3454873e-03   1.6405550e-03  -1.3841007e-03
  -5.5860593e-02   6.2089922e-02  -1.6715781e-01  -4.6423871e-04   2.5224742e-03  -2.2622242e-03
  -5.8412410e-02   2.1843035e-02  -1.4628836e-01  -2.0996836e-03   2.0413105e-03  -2.0372647e-03
  -7.3132444e-02  -3.2405218e-02  -2.2205667e-01  -1.9638721e-03   1.7037147e-03  -1.7318858e-03
  -9.4182192e-02   1.6008331e-02  -2.4014605e-01  -1.2260575e-03   1.8794603e-03  -1.2679416e-03
  -4.9084807e-02   3.9711070e-02  -1.5786941e-01  -1.9788754e-03   2.6713590e-03  -1.2751189e-03
  -5.4165671e-02  -3.4670371e-02  -1.8119336e-01  -2.4364241e-03   2.4847142e-03  -1.4333253e-03
  -6.2194376e-02  -4.2582606e-02  -2.4269920e-01  -2.3866347e-03   2.1910013e-03  -1.3789036e-03
  -5.3101267e-02  -1.2704025e-02  -2.5415658e-01  -1.5089153e-03   2.1028058e-03  -6.2334417e-04
   7.0978531e-03   9.4732978e-02  -1.9571740e-01   1.4884229e-04   2.5620394e-03  -7.4808190e-04
  -8.0060649e-03   4.1269152e-02  -1.9476183e-01  -1.1294213e-03   2.4516446e-03  -8.8659982e-04
  -3.1009773e-02   1.3602455e-02  -2.2449206e-01  -1.4281429e-03   2.0016529e-03  -1.0506141e-03
  -5.1321882e-02   2.8165842e-02  -2.3312367e-01  -4.7669421e-04   2.0533933e-03  -6.3911163e-04
  -3.1631815e-02   9.6962165e-02  -1.3505976e-01  -8.2978533e-04   2.3594906e-03  -7.5812581e-04
  -3.3019367e-02  -1.6511923e-02  -1.9409424e-01  -1.2436856e-03   1.9100728e-03  -6.4753671e-04
  -8.4625740e-02   3.3590388e-02  -2.2250417e-01   1.3627578e-04   1.5707608e-03  -1.2826786e-03
  -5.2986549e-02   1.1911097e-01  -2.0633083e-01   7.8091344e-04   1.6564989e-03  -8.8723831e-04
  -5.7784446e-02   7.1662935e-02  -2.2682958e-01  -1.0140871e-04   1.6069930e-03  -9.9583413e-04
  -9.8693814e-02   2.2676191e-02  -2.4479972e-01  -6.0665680e-04   1.5934426e-03  -4.4903023e-04
  -1.1702400e-01   7.0245959e-02  -2.4345174e-01   5.1627102e-04   1.7640666e-03  -2.0136472e-04
  -1.1178338e-01   1.0938742e-01  -2.0073450e-01   8.5992680e-04   1.9395690e-03  -3.3632673e-04
  -9.0328488e-02   8.3321818e-02  -1.7024118e-01   2.4454040e-04   1.9897935e-03  -3.6607930e-04
  -8.7355656e-02   3.5987621e-02  -2.2938409e-01  -9.6907107e-04   2.5848526e-03  -3.4333432e-04
  -1.0318702e-01   2.2356079e-02  -2.3145811e-01  -1.1316322e-03   2.4783294e-03  -2.9668340e-04
  -1.3434164e-01   8.2019612e-03  -2.8285816e-01   3.5726009e-04   1.9626332e-03   2.0514232e-04
  -8.7439298e-02   9.8365295e-02  -1.9576738e-01   1.9825451e-04   2.5610408e-03   2.4716212e-04
  -1.0107107e-01   1.9243816e-02  -2.6937922e-01  -4.3991192e-04   2.7354206e-03   2.0383063e-04
  -1.1582481e-01   3.2681353e-02  -3.2043375e-01  -1.5609491e-05   2.8753506e-03   9.4550365e-05
  -1.0485991e-01   3.8806253e-02  -3.6117493e-01  -2.0370283e-04   2.5303781e-03  -1.0865464e-05
  -3.4187420e-02   1.4505813e-01  -2.8700808e-01   1.3774333e-03   3.4425450e-03  -5.3142225e-04
  -5.9143833e-02   1.3386091e-01  -2.4808529e-01   1.3914562e-03   2.9609296e-03  -1.0719298e-04
  -1.0564649e-01   1.1314547e-01  -2.6918213e-01   1.4676809e-03   2.5687836e-03  -3.1218374e-05
  -1.0899117e-01   6.0350653e-02  -2.7933641e-01   2.9607235e-04   2.4001862e-03   6.7677796e-06
  -1.0306810e-01   8.7770210e-02  -2.8112844e-01   7.7127427e-04   2.7246646e-03  -2.4698992e-04
  -1.1007962e-01   9.3628489e-02  -2.3615143e-01   5.3116527e-04   2.9597436e-03   3.5735413e-04
  -9.4180729e-02   4.8270269e-02  -2.3902759e-01  -9.7228155e-04   3.5766040e-03  -3.5488047e-04
  -1.1160353e-01  -1.6992584e-02  -2.7108427e-01  -1.6801242e-03   3.3763248e-03  -1.4282041e-04
  -1.2044919e-01   4.3431814e-02  -2.9390472e-01   2.7046424e-04   3.2860988e-03  -2.3908617e-05
  -6.0328030e-02   1.2808786e-01  -2.1378852e-01  -2.8026664e-04   3.9145560e-03  -4.2595610e-04
  -7.8194264e-02  -1.5360544e-02  -2.7134728e-01  -1.1481815e-03   3.7817398e-03  -2.4420820e-04
  -8.4027685e-02   2.6748150e-03  -3.0941170e-01  -3.2222023e-04   3.5340414e-03  -4.7865662e-05
  -8.5715521e-02   5.6995961e-02  -2.7945423e-01   7.3174937e-04   3.3972628e-03   3.8727329e-05
  -4.6269363e-02   9.5842702e-02  -2.4830823e-01  -2.7652251e-04   3.7174182e-03  -2.3322191e-04
  -8.6510039e-02   2.6424370e-02  -2.5057100e-01  -1.3247775e-04   3.0044373e-03  -3.4366778e-04
  -9.3472056e-02   4.0510026e-02  -3.0643044e-01   5.6413555e-04   3.0653777e-03  -1.0632141e-05
  -1.1373138e-01   1.0299075e-01  -3.0609932e-01   1.6884103e-03   2.6295656e-03   2.9937795e-04
  -7.7940947e-02   7.5235778e-02  -3.0893125e-01   3.8431968e-04   3.0257257e-03   1.4916994e-04
  -1.0324439e-01   1.0426076e-01  -3.0471857e-01   6.9157298e-04   2.9587497e-03  -2.1301507e-04
  -1.3015698e-01   9.2626809e-03  -3.1221458e-01  -4.3195616e-04   3.2412795e-03   1.2944029e-04
  -1.4874475e-01   8.2161667e-02  -2.9073379e-01   1.0286971e-03   2.9627780e-03   3.8109820e-04
  -1.3225715e-01   1.0130860e-01  -2.4243907e-01   5.9959112e-04   3.1907138e-03   3.3399643e-04
  -1.0662058e-01   5.1408624e-03  -3.0953472e-01  -1.2655560e-03   3.9743593e-03   3.5108477e-04
  -9.7655569e-02   6.9656799e-04  -3.4339089e-01  -1.4116456e-03   3.9375869e-03   3.2729969e-04
  -9.7229959e-02   4.8586452e-02  -3.3902388e-01   5.8684928e-04   3.6788329e-03   5.0350486e-04
  -5.6335928e-02   1.0650136e-01  -2.7538491e-01   6.1140969e-04   4.1842380e-03   3.1110589e-04
  -6.2069610e-02   7.1855042e-02  -3.1374924e-01   3.6580419e-04   3.8386902e-03   1.3042013e-04
  -7.6866775e-02   5.8354141e-02  -3.3660540e-01   1.2874309e-04   3.2947470e-03   2.2155387e-05
  -8.1077454e-02   7.5199881e-02  -3.5983485e-01   7.6392205e-04   3.4794265e-03  -1.0034191e-04
  -1.0618572e-01   1.1721060e-01  -3.6485786e-01   1.9839488e-03   3.3185240e-03   2.7161709e-04
  -1.0541132e-01   1.3247513e-01  -3.3529024e-01   1.6122573e-03   3.1071582e-03   3.2141920e-04
  -5.6599059e-02   9.7058543e-02  -3.6019102e-01   5.5456877e-04   3.7139030e-03   6.2083640e-05
  -7.1841756e-02   1.0215684e-01  -3.7894041e-01   1.6539778e-04   3.5939643e-03  -5.0361195e-05
  -9.5972725e-02   8.1351647e-02  -4.3830710e-01   9.1478044e-04   3.6424841e-03   1.6560277e-04
  -2.2090476e-02   1.4026444e-01  -4.0787129e-01   8.1951979e-04   4.5404936e-03   3.2642343e-04
   1.1011961e-02   1.1045469e-01  -3.8049754e-01  -2.8752843e-04   5.1903613e-03   4.5882278e-05
   2.2558111e-03   5.9102999e-02  -4.2056630e-01  -4.7966412e-04   4.9116279e-03  -1.3519621e-04
  -2.4416634e-02   8.1315961e-02  -4.3145976e-01   6.7265279e-04   4.6328526e-03   4.2169312e-05
  -1.1291746e-02   1.4173228e-01  -4.2698817e-01   1.3517401e-03   4.7626417e-03   5.7916447e-05
   1.3958926e-02   1.5022383e-01  -3.8181716e-01   6.9340672e-04   5.0659754e-03  -3.8387504e-04
  -9.2213293e-03   4.6847187e-02  -4.2857456e-01   2.3269866e-04   4.4498685e-03   7.2413853e-05
  -1.0531779e-02   8.2252114e-02  -4.5439767e-01   7.4489572e-04   4.6631438e-03   5.4675198e-04
  -1.4180751e-03   1.2164629e-01  -4.0442956e-01   2.4706672e-04   4.6991139e-03   9.6497164e-05
  -2.7463578e-02   7.3731640e-02  -4.6593549e-01   8.8065574e-05   3.9097247e-03   1.1168974e-05
  -6.3190093e-02   6.4739596e-02  -4.4831260e-01   1.5711967e-04   3.5504067e-03  -5.1925044e-06
  -5.1701782e-02   8.6936990e-02  -4.5933421e-01   9.2450889e-04   3.6644993e-03   2.2701744e-04
  -2.3413072e-02   1.3067585e-01  -3.8732712e-01   6.7984817e-04   4.0052087e-03  -2.7406621e-04
  -1.6210926e-02   1.1925949e-01  -4.4847159e-01   9.0031989e-04   4.1998454e-03  -2.5073385e-04
  -1.3292682e-02   5.0498384e-02  -4.7869816e-01   6.2870936e-05   4.1620952e-03   7.7686443e-05
  -8.6767249e-03   9.7099145e-02  -4.9502523e-01   5.4416501e-04   4.1017210e-03   1.6148887e-04
  -4.7953122e-03   1.2116438e-01  -4.6873720e-01   9.0416128e-04   4.0280407e-03   3.3571356e-04
  -7.8988286e-03   1.0099835e-01  -4.2026322e-01   2.9630424e-04   4.4686403e-03   1.3681274e-04
  -4.7494052e-02   1.5388011e-02  -4.4408682e-01  -8.3185645e-04   3.8390730e-03   3.8302167e-04
  -2.2971847e-02   6.5046541e-02  -5.0422735e-01   9.5757925e-05   3.7687008e-03   4.6214410e-04
  -2.9400116e-02   1.4633989e-01  -4.1576757e-01   6.2037325e-04   3.5069538e-03   3.1953237e-04
  -6.7722136e-03   4.6032324e-02  -4.4863922e-01  -1.0933659e-03   4.0376337e-03   5.1487465e-04
   1.4996796e-02   3.4335833e-02  -5.2744184e-01  -2.6123792e-04   4.1787367e-03   3.6811138e-04
   2.5277551e-02   1.1031599e-01  -4.6374922e-01   2.3043159e-04   4.0701418e-03   7.5688316e-04
   4.5441947e-02   1.1626615e-01  -4.5717201e-01  -5.0161400e-05   4.0745181e-03   7.2928031e-04
   2.8463909e-02   8.9755277e-02  -4.6125535e-01   1.8265174e-04   3.5436971e-03   8.6388068e-04
   1.4437491e-02   4.8184053e-02  -4.5795963e-01  -1.1324277e-04   3.5296315e-03   1.1093813e-03
   1.4058641e-02   1.0550696e-01  -4.5840983e-01   1.0524184e-03   3.8484410e-03   1.2766680e-03
   2.8049474e-02   1.1506497e-01  -4.0748355e-01   3.6563305e-04   3.9834679e-03   1.4319163e-03
   8.9324339e-03   3.3843290e-02  -4.1218944e-01   8.0865550e-05   3.9728482e-03   1.1065957e-03
  -4.0974083e-01   6.6719304e-01  -2.1021023e-01   2.0151776e-02   1.7968128e-03   1.3189676e-02
  -1.6057914e-01   9.0102183e-01   2.2303684e-02   1.6690509e-02   3.2369389e-03   1.3308698e-02
  -1.1095656e-01   2.7203411e-01  -5.0719188e-01   1.1097983e-02   3.3169397e-03   1.1133725e-02
  -1.2308226e-01   3.4232645e-01  -5.3340807e-01   1.1142917e-02   3.3515245e-03   1.1307899e-02
  -9.9345367e-02   4.4033889e-01  -5.1085663e-01   1.0969064e-02   3.8620165e-03   1.2531999e-02
  -9.5078281e-02   3.0266558e-01  -4.7128702e-01   9.1403276e-03   4.0955339e-03   1.2510844e-02
  -1.4800897e-01   2.9060539e-01  -4.9204976e-01   9.8479174e-03   2.9297407e-03   1.2705027e-02
  -1.5977305e-01   2.9078097e-01  -4.0111450e-01   8.1001990e-03   3.3500061e-03   1.2159980e-02
  -1.3704175e-01   3.3037732e-01  -3.9542196e-01   8.9883451e-03   3.8108319e-03   1.1915272e-02
  -1.8057047e-01   2.0487773e-01  -4.5542910e-01   8.2631771e-03   3.5751485e-03   1.1938965e-02
  -1.7093592e-01   3.6689862e-01  -4.4976163e-01   9.6032882e-03   3.7918207e-03   1.1721271e-02
  -2.1827728e-01   1.6706695e-01  -5.3378289e-01   8.8457888e-03   3.4477499e-03   1.2061738e-02
  -2.1340148e-01   3.2655185e-01  -4.1339171e-01   8.6484044e-03   3.2847250e-03   1.1727984e-02
  -2.4527250e-01   2.4034444e-01  -5.4672528e-01   8.9674973e-03   3.2889392e-03   1.1189042e-02
  -1.8911726e-01   3.5773925e-01  -5.1844031e-01   8.7558014e-03   3.9785886e-03   1.1635408e-02
  -2.2186571e-01   2.2978055e-01  -6.7826839e-01   9.0267499e-03   3.7660774e-03   1.2083331e-02
  -2.6259430e-01   2.3911197e-01  -5.9303985e-01   7.8130932e-03   3.1733312e-03   1.1679424e-02
  -2.4344549e-01   3.0324330e-01  -5.8336323e-01   8.4602291e-03   3.4589332e-03   1.1449894e-02
  -2.6612097e-01   2.5688370e-01  -4.8296707e-01   8.4010565e-03   2.8541687e-03   1.1100827e-02
  -2.4236244e-01   2.9028428e-01  -5.1685523e-01   1.0034529e-02   3.7472942e-03   1.1827667e-02
  -2.2006568e-01   3.4520308e-01  -4.9733986e-01   9.0755456e-03   4.0990527e-03   1.2274030e-02
  -2.2712556e-01   9.6692954e-02  -5.8852972e-01   5.6520950e-03   4.8198977e-03   1.1026381e-02
  -2.0495649e-01   2.5114631e-01  -4.9625726e-01   7.0229245e-03   4.9342972e-03   1.1049293e-02
  -2.4506376e-01   2.1441340e-01  -6.1181488e-01   7.5607389e-03   3.7027738e-03   1.1174288e-02
  -2.6479359e-01   2.0791019e-01  -6.5525597e-01   6.8114797e-03   3.4731230e-03   1.1234901e-02
  -2.6121141e-01   2.3132320e-01  -6.7888130e-01   7.6256193e-03   3.3182262e-03   1.1377525e-02
  -2.5815479e-01   2.5169937e-01  -6.1548543e-01   7.9301035e-03   3.7253359e-03   1.1458611e-02
  -2.3810440e-01   2.6775472e-01  -5.6939296e-01   7.5730853e-03   4.6122491e-03   1.1587250e-02
  -2.1935747e-01   1.9494201e-01  -6.3746433e-01   6.7679233e-03   4.3181440e-03   1.2145791e-02
  -1.8525483e-01   2.4291079e-01  -6.3787471e-01   7.2337794e-03   4.2896768e-03   1.2229287e-02
  -1.4910443e-01   3.2724857e-01  -5.5053802e-01   7.8209646e-03   4.7481340e-03   1.2622392e-02
  -1.4008555e-01   2.3248750e-01  -5.7067438e-01   6.2550590e-03   4.3080257e-03   1.2044666e-02
  -1.0387571e-01   1.8703632e-01  -7.1550786e-01   6.1465959e-03   4.9127257e-03   1.2067024e-02
  -4.9573286e-02   2.5482012e-01  -6.9169544e-01   5.6985113e-03   5.5802864e-03   1.2468626e-02
  -7.8366911e-02   2.7012700e-01  -6.4097581e-01   6.9386361e-03   4.6782558e-03   1.2178044e-02
  -9.4838380e-02   2.1734033e-01  -6.8306802e-01   6.5313998e-03   4.8704975e-03   1.1748807e-02
  -1.1062275e-01   1.9175055e-01  -7.3750550e-01   6.1537459e-03   4.8096766e-03   1.2233863e-02
  -6.6330364e-02   2.6803274e-01  -6.6420911e-01   6.7168291e-03   5.3027109e-03   1.1912523e-02
  -5.3934604e-02   2.6500697e-01  -5.9454862e-01   5.9568887e-03   5.3940458e-03   1.1691318e-02
  -7.2022329e-02   1.8667569e-01  -7.1842814e-01   7.1648130e-03   5.2558518e-03   1.1998167e-02
  -5.9548459e-02   2.9992142e-01  -5.6847444e-01   7.2091712e-03   5.3661070e-03   1.2394884e-02
  -1.0991217e-01   1.9397320e-01  -6.2581058e-01   6.4588758e-03   5.3396963e-03   1.2494624e-02
  -1.1511943e-01   1.7692627e-01  -6.5386353e-01   6.3728768e-03   5.5005254e-03   1.2547892e-02
  -1.1478804e-01   2.4146772e-01  -6.3956980e-01   7.1724466e-03   5.3666644e-03   1.1874613e-02
  -7.8463699e-02   2.9529355e-01  -5.6052108e-01   6.3744325e-03   6.0116057e-03   1.1813528e-02
  -9.8822548e-02   1.4854341e-01  -7.0697415e-01   5.5349896e-03   5.7417612e-03   1.2296054e-02
  -1.0977696e-01   3.8013938e-01  -8.2619694e-01   1.1593623e-02   4.7452448e-03   1.2009501e-02
  -9.2684297e-03   5.0879155e-01  -9.6914168e-01   6.9590143e-03   6.8085888e-03   1.0104102e-02
  -2.9531229e-02   2.6216495e-01  -1.5690983e+00   4.9198991e-03   4.4696066e-03   1.0033600e-02
  -3.3685931e-02   4.3211598e-01  -1.0214367e+00   7.8104653e-03   4.7647829e-03   1.0555752e-02
  -4.4910070e-02   3.9315094e-01  -9.8376514e-01   7.1406946e-03   5.1728037e-03   1.1506436e-02
  -5.9972369e-02   3.1770422e-01  -1.0192675e+00   7.4016838e-03   4.7468963e-03   1.2005277e-02
  -5.7653325e-02   3.1853568e-01  -1.0339627e+00   7.2220398e-03   4.4301610e-03   1.2173418e-02
  -1.7291409e-02   3.6258695e-01  -9.6773922e-01   7.2289968e-03   4.9274321e-03   1.1938463e-02
   1.2357311e-02   3.0461776e-01  -9.7076383e-01   5.3653729e-03   5.7975564e-03   1.1786763e-02
  -1.8228835e-02   2.4213149e-01  -1.0654000e+00   4.9415288e-03   4.9945331e-03   1.1886555e-02
  -1.5649281e-02   2.7722510e-01  -1.1058149e+00   5.8339652e-03   4.5466959e-03   1.1710347e-02
  -3.3674348e-02   3.6376928e-01  -1.0228482e+00   7.7549695e-03   3.8640221e-03   1.1906594e-02
  -3.0073032e-02   3.5703573e-01  -9.4701964e-01   6.9587374e-03   4.3063140e-03   1.2116059e-02
  -4.4928500e-02   3.2860866e-01  -9.8884946e-01   6.7223466e-03   4.7516322e-03   1.1918788e-02
  -6.0310695e-02   2.6928415e-01  -9.6887684e-01   5.8683095e-03   4.6547446e-03   1.2496334e-02
  -6.2276352e-02   2.9186408e-01  -9.6185517e-01   7.0327293e-03   4.7016010e-03   1.3056154e-02
  -5.4351050e-02   3.2337315e-01  -9.7991180e-01   7.0568347e-03   4.3174470e-03   1.2804783e-02
  -5.3138318e-02   3.3148528e-01  -9.5977933e-01   8.2173243e-03   4.1025460e-03   1.3048301e-02
  -6.2536213e-02   3.4238008e-01  -8.7695656e-01   7.5058794e-03   4.1721789e-03   1.3162081e-02
  -6.5578561e-02   2.9540876e-01  -9.6288699e-01   7.1511234e-03   4.0858354e-03   1.3196743e-02
  -8.6217703e-02   2.7648607e-01  -9.9278380e-01   6.3424371e-03   4.1201966e-03   1.3313146e-02
  -1.0040238e-01   3.7426466e-01  -9.5787689e-01   9.1204667e-03   4.0632940e-03   1.3508659e-02
  -6.3092313e-02   4.3031950e-01  -9.2925119e-01   9.4736993e-03   4.2950027e-03   1.3508761e-02
  -6.7077273e-02   4.0245169e-01  -8.7638888e-01   9.4410571e-03   5.0874286e-03   1.2851365e-02
  -2.6362439e-02   3.6737963e-01  -9.3914944e-01   7.9541701e-03   5.7153192e-03   1.3065118e-02
   5.3753087e-04   2.8824784e-01  -1.0559735e+00   6.5020646e-03   6.2261803e-03   1.3571586e-02
   2.0789319e-02   3.5478179e-01  -1.0020890e+00   7.6590636e-03   5.9892079e-03   1.3537127e-02
   7.0695131e-02   3.6446301e-01  -9.3566785e-01   7.0474264e-03   6.3151947e-03   1.3372669e-02
   2.6551321e-02   2.5390922e-01  -9.9894041e-01   5.8596268e-03   5.9775174e-03   1.3606795e-02
  -8.7131972e-03   2.7456458e-01  -1.0322404e+00   6.6175889e-03   5.4122048e-03   1.3553355e-02
   8.1345335e-03   3.3664514e-01  -9.6350175e-01   7.0531770e-03   5.6131669e-03   1.3317782e-02
   3.5825841e-02   3.1563959e-01  -9.9359948e-01   6.7612408e-03   5.8398602e-03   1.3415609e-02
   5.9258723e-03   3.0079371e-01  -1.0141321e+00   6.5050978e-03   5.2351723e-03   1.3364367e-02
  -2.2038814e-02   2.9446677e-01  -9.7525730e-01   6.2212121e-03   4.8405332e-03   1.3599210e-02
  -6.0328848e-02   2.7915390e-01  -9.7892021e-01   7.0852678e-03   3.9537475e-03   1.3820405e-02
  -8.0709045e-02   3.4261089e-01  -9.4927995e-01   7.9904500e-03   3.7609536e-03   1.3945972e-02
  -5.0471537e-02   3.5121483e-01  -9.3492141e-01   7.9478390e-03   4.0905996e-03   1.4305317e-02
  -3.2535945e-02   3.0804119e-01  -9.6469642e-01   6.8263014e-03   4.4360688e-03   1.4616987e-02
  -4.4724982e-02   2.7071986e-01  -1.0185965e+00   6.7637671e-03   4.6759525e-03   1.4457951e-02
  -7.5833646e-02   3.2523000e-01  -1.0175979e+00   7.7784537e-03   4.5233473e-03   1.4475493e-02
  -7.4064794e-02   3.5602192e-01  -9.5725976e-01   7.3178430e-03   4.5455481e-03   1.4504651e-02
  -7.9503729e-02   2.9376564e-01  -1.0257985e+00   6.6920445e-03   4.6109625e-03   1.4299931e-02
  -1.0093832e-01   2.7679357e-01  -1.0116603e+00   6.6877674e-03   4.6011963e-03   1.4696676e-02
  -8.9659435e-02   3.0503568e-01  -1.0330304e+00   7.5046908e-03   4.4861276e-03   1.4858014e-02
  -8.0047888e-02   3.4764528e-01  -9.8236352e-01   7.8324679e-03   5.1193294e-03   1.4557676e-02
   9.2869589e-02  -4.7822562e-01  -1.4037455e+00  -1.6024041e-02   1.5999516e-02   2.4232481e-02
   2.6342339e-01  -8.0673493e-01  -1.8133493e+00  -2.1352248e-02   1.8423452e-02   2.3554092e-02
   2.6500139e-01  -5.6118652e-01  -1.5994535e+00  -1.5332311e-02   1.7892707e-02   2.2895914e-02
   2.4118713e-01  -3.5323983e-01  -1.4432034e+00  -1.1923249e-02   1.7306526e-02   2.3245494e-02
   1.6658855e-01  -4.6445827e-01  -1.4630415e+00  -1.1426746e-02   1.6143110e-02   2.2977563e-02
   1.2424322e-01  -3.8258700e-01  -1.4315878e+00  -9.4043859e-03   1.5551792e-02   2.2623242e-02
   8.5736848e-02  -3.6660334e-01  -1.3937829e+00  -8.8626967e-03   1.5079115e-02   2.1947808e-02
   9.4638191e-02  -2.1849146e-01  -1.3075584e+00  -5.6583236e-03   1.4763364e-02   2.1230675e-02
   5.8293504e-02  -2.9550807e-01  -1.3335943e+00  -7.1964430e-03   1.4097955e-02   2.1409871e-02
   3.8471903e-02  -2.9775370e-01  -1.3498600e+00  -6.4592543e-03   1.3710239e-02   2.1467218e-02
   4.4831914e-02  -1.5092959e-01  -1.2679109e+00  -4.2385383e-03   1.3154574e-02   2.1549891e-02
   1.3013056e-01  -1.4521989e-01  -1.2300977e+00  -4.1166308e-03   1.3822530e-02   2.1970198e-02
   7.5932994e-02  -1.0466204e-01  -1.2411984e+00  -3.1878126e-03   1.2957116e-02   2.1882552e-02
   6.8556616e-02  -1.2068395e-01  -1.2739466e+00  -1.9510249e-03   1.2210167e-02   2.1907606e-02
   1.0368853e-01  -7.9281821e-02  -1.2712992e+00  -2.1038641e-03   1.2993693e-02   2.2594287e-02
   1.4723804e-01  -1.0485041e-01  -1.2520461e+00  -3.4898262e-03   1.3768839e-02   2.1991981e-02
   1.1061617e-01  -1.1328093e-01  -1.2963648e+00  -3.2504820e-03   1.2966297e-02   2.2259669e-02
   8.0383600e-02  -8.0216383e-02  -1.3032692e+00  -2.0433125e-03   1.2424557e-02   2.2389598e-02
   1.0335787e-01  -2.7934587e-01  -1.4476927e+00  -8.5502832e-03   1.4513526e-02   2.4032413e-02
   5.4307514e-01  -2.4294008e+00  -2.6044342e+00  -5.3962008e-02   2.6139458e-02   1.6816140e-02
   4.7910128e-01  -1.3185525e+00  -2.4982952e+00  -4.1388674e-02   2.4403231e-02   1.8638870e-02
   4.2756858e-01  -1.4635400e+00  -2.4342923e+00  -4.1397695e-02   2.3492653e-02   1.9986562e-02
   4.2352953e-01  -1.4333458e+00  -2.4358974e+00  -4.0559987e-02   2.3238217e-02   2.0408945e-02
   4.1808118e-01  -1.4026412e+00  -2.4382946e+00  -4.0270664e-02   2.2848815e-02   2.0971494e-02
   4.4661917e-01  -1.3730410e+00  -2.3859679e+00  -4.0337867e-02   2.3110857e-02   2.1410814e-02
   4.2165375e-01  -1.4315024e+00  -2.4313501e+00  -4.0610717e-02   2.2400672e-02   2.1291418e-02
   4.1136793e-01  -1.4568849e+00  -2.4282805e+00  -4.1652879e-02   2.2387693e-02   2.1631809e-02
   3.9262390e-01  -1.4248574e+00  -2.4640327e+00  -4.0916609e-02   2.1827496e-02   2.1085586e-02
   4.1104481e-01  -1.3801843e+00  -2.4133042e+00  -4.0897010e-02   2.2084205e-02   2.0760679e-02
   3.8134652e-01  -1.4464874e+00  -2.4455672e+00  -4.2634126e-02   2.1679202e-02   2.1203575e-02
   3.9207202e-01  -1.4873841e+00  -2.4616679e+00  -4.2622463e-02   2.1436451e-02   2.1183658e-02
   3.6438396e-01  -1.4158177e+00  -2.5018565e+00  -4.0494866e-02   2.1146367e-02   2.1378309e-02
   3.8276723e-01  -1.3848660e+00  -2.4833998e+00  -4.0232758e-02   2.1077909e-02   2.1482972e-02
   4.1108570e-01  -1.3134439e+00  -2.4677279e+00  -4.0075734e-02   2.1595712e-02   2.1453875e-02
   3.7422710e-01  -1.4043991e+00  -2.5552611e+00  -4.0748894e-02   2.0989842e-02   2.1801498e-02
   3.4354780e-01  -1.3839604e+00  -2.5086054e+00  -4.0692139e-02   2.0420213e-02   2.1586979e-02
   3.7349305e-01  -1.2288346e+00  -2.4331497e+00  -3.5855787e-02   2.0597236e-02   2.2583712e-02
   3.8477208e-01  -1.2748067e+00  -2.4511425e+00  -3.8216596e-02   2.0471320e-02   2.2797736e-02
   2.9818692e-01  -1.1103567e+00  -2.7270238e+00  -3.6787695e-02   1.9919544e-02   2.1654421e-02
   2.3746211e-01  -7.2921867e-01  -2.1743944e+00  -3.2061212e-02   1.7197413e-02   2.0992871e-02
   1.7233441e-01  -1.2767376e+00  -2.7677203e+00  -2.9245217e-02   1.6020702e-02   1.9922633e-02
   1.5570782e-01  -9.1162343e-01  -2.5175034e+00  -3.0989614e-02   1.5171330e-02   2.0325580e-02
   1.7138632e-01  -9.0718160e-01  -2.6364331e+00  -2.8174184e-02   1.5084075e-02   2.2099936e-02
   1.4540036e-01  -9.7145923e-01  -2.7053942e+00  -2.8373967e-02   1.4992373e-02   2.2303082e-02
   1.4257427e-01  -9.1588391e-01  -2.5975067e+00  -2.9084067e-02   1.5361272e-02   2.2170591e-02
   1.5928408e-01  -9.5965570e-01  -2.6677044e+00  -2.9071252e-02   1.5933712e-02   2.2298482e-02
   1.8487593e-01  -9.1244963e-01  -2.6235203e+00  -2.9592127e-02   1.6349197e-02   2.1920556e-02
   1.7519769e-01  -9.4600216e-01  -2.5771191e+00  -3.0192512e-02   1.6025310e-02   2.1312441e-02
   1.5546516e-01  -9.0986677e-01  -2.5487949e+00  -2.9013832e-02   1.5925291e-02   2.1907889e-02
   1.1391434e-01  -1.0457902e+00  -2.6765112e+00  -2.9099391e-02   1.5419936e-02   2.2258305e-02
   8.5423646e-02  -8.8987022e-01  -2.5813249e+00  -2.9074802e-02   1.5488461e-02   2.1984699e-02
   4.2430746e-02  -1.0705119e+00  -2.7046829e+00  -2.9431368e-02   1.4511503e-02   2.2673248e-02
   3.8093770e-02  -8.6817805e-01  -2.5453355e+00  -2.7275573e-02   1.4121677e-02   2.2734437e-02
   1.0001450e-02  -9.6355070e-01  -2.6049830e+00  -2.8323468e-02   1.3714817e-02   2.3298496e-02
   6.0896094e-02  -8.6270391e-01  -2.5907907e+00  -2.7309277e-02   1.3846043e-02   2.3167769e-02
   1.0475707e-01  -9.1367652e-01  -2.5678756e+00  -2.8928357e-02   1.4175467e-02   2.2846153e-02
   1.1172692e-01  -8.6544231e-01  -2.6408493e+00  -2.7660814e-02   1.4229605e-02   2.3583647e-02
   1.1681333e-01  -8.5522660e-01  -2.5592511e+00  -2.8728608e-02   1.4399901e-02   2.3133601e-02
   8.4783805e-02  -9.1972352e-01  -2.6468228e+00  -2.7551689e-02   1.4147107e-02   2.3074243e-02
   1.4153069e-01  -8.0670954e-01  -2.5466785e+00  -2.7171913e-02   1.5211293e-02   2.3422737e-02
   1.2329883e-01  -9.7179398e-01  -2.6505724e+00  -2.9647808e-02   1.5316913e-02   2.4468170e-02
   1.6288391e-01  -8.9520472e-01  -2.6531384e+00  -2.8801449e-02   1.5638887e-02   2.4673847e-02
   1.8522135e-01  -8.8449346e-01  -2.5946193e+00  -2.9572448e-02   1.5960770e-02   2.4425756e-02
   1.4036405e-01  -9.7382269e-01  -2.7110356e+00  -2.9427270e-02   1.5370590e-02   2.4685327e-02
   1.6792454e-01  -8.5608923e-01  -2.6325064e+00  -2.8482740e-02   1.5600667e-02   2.4040844e-02
   1.1082453e-01  -8.5804729e-01  -2.6216928e+00  -2.8645851e-02   1.5066196e-02   2.3125641e-02
   9.9751216e-02  -9.6713344e-01  -2.6251499e+00  -2.8957514e-02   1.4545124e-02   2.3473329e-02
   6.6687837e-02  -9.1102324e-01  -2.5772681e+00  -2.7964602e-02   1.3982926e-02   2.3971513e-02
   7.8367786e-02  -8.8026963e-01  -2.5481477e+00  -2.7612721e-02   1.4218346e-02   2.4135982e-02
   9.3229721e-02  -9.2355043e-01  -2.5887784e+00  -2.8443190e-02   1.4461531e-02   2.4274449e-02
   4.9798306e-02  -9.5787500e-01  -2.6352640e+00  -2.8567397e-02   1.3863639e-02   2.4032774e-02
   3.3066989e-02  -8.8133825e-01  -2.6066370e+00  -2.7191977e-02   1.3684190e-02   2.3994395e-02
   8.1082537e-02  -8.3329991e-01  -2.5751685e+00  -2.7492856e-02   1.4034329e-02   2.3739111e-02
   4.9063858e-02  -8.5808771e-01  -2.5411517e+00  -2.7937474e-02   1.3935773e-02   2.3269490e-02
   1.1822004e-02  -8.8437240e-01  -2.6268225e+00  -2.6648698e-02   1.3166634e-02   2.3992668e-02
   3.4158412e-02  -8.7217018e-01  -2.6857983e+00  -2.7597073e-02   1.3939045e-02   2.3781950e-02
   2.8774863e-02  -8.0526381e-01  -2.6081474e+00  -2.8108586e-02   1.3713996e-02   2.1461125e-02
   6.2579086e-02  -9.2104568e-01  -2.6525894e+00  -2.9620452e-02   1.3865404e-02   2.2015060e-02
   6.4006796e-02  -8.7117863e-01  -2.7150793e+00  -2.7640298e-02   1.3858467e-02   2.2330556e-02
   7.0624480e-02  -8.4522557e-01  -2.6480043e+00  -2.7502425e-02   1.3956077e-02   2.2993573e-02
   1.0093342e-01  -8.3903390e-01  -2.6233632e+00  -2.7871868e-02   1.4252833e-02   2.2445018e-02
   9.4401309e-02  -8.6254680e-01  -2.6660761e+00  -2.8980229e-02   1.4394464e-02   2.2458217e-02
   6.2303412e-02  -9.0987733e-01  -2.7217304e+00  -2.8987883e-02   1.3671725e-02   2.2122973e-02
   6.2458784e-02  -8.2786332e-01  -2.6783885e+00  -2.7756662e-02   1.3697387e-02   2.2430205e-02
   7.7649621e-02  -8.1461030e-01  -2.6209664e+00  -2.8647864e-02   1.4046960e-02   2.2009241e-02
   6.9336736e-02  -8.5955139e-01  -2.6822317e+00  -2.9104989e-02   1.3526570e-02   2.2197614e-02
   5.7417682e-02  -8.7233616e-01  -2.7094745e+00  -2.7942258e-02   1.3575544e-02   2.2398697e-02
   7.5811854e-02  -7.6391786e-01  -2.6359730e+00  -2.5057237e-02   1.3391556e-02   2.3428332e-02
   4.1894943e-02  -7.5808479e-01  -2.5606873e+00  -2.5093395e-02   1.3645932e-02   2.4573670e-02
   2.6102893e-02  -5.5583364e-01  -2.6024957e+00  -2.0616253e-02   1.3242031e-02   2.4456966e-02
   4.7671228e-02  -6.4265773e-01  -2.6742572e+00  -2.0893996e-02   1.3285051e-02   2.5271322e-02
   1.1904304e-02  -6.8369691e-01  -2.5870112e+00  -2.3426863e-02   1.2531145e-02   2.4450599e-02
   2.5636107e-02  -6.8798343e-01  -2.6605136e+00  -2.2151699e-02   1.2588750e-02   2.5007735e-02
   1.6430517e-02  -6.3536206e-01  -2.5526601e+00  -2.2057258e-02   1.2664984e-02   2.5234350e-02
   2.1393394e-02  -5.2382733e-01  -2.4979841e+00  -1.9503719e-02   1.2622161e-02   2.5054942e-02
   4.9887471e-02  -7.5967740e-01  -2.6857289e+00  -2.3333095e-02   1.3225884e-02   2.5245170e-02
   8.2043987e-02  -6.5313962e-01  -2.6120954e+00  -2.3417171e-02   1.3897617e-02   2.4868684e-02
   3.5873789e-02  -6.9590194e-01  -2.6355397e+00  -2.3255192e-02   1.3512660e-02   2.4745390e-02
   3.8471114e-02  -7.7547396e-01  -2.7226358e+00  -2.3816369e-02   1.3571748e-02   2.5815762e-02
   9.4603289e-02  -6.6060264e-01  -2.6249027e+00  -2.3947303e-02   1.4265334e-02   2.5454163e-02
   8.5782156e-02  -7.6582724e-01  -2.7154273e+00  -2.5271764e-02   1.4074903e-02   2.5516105e-02
   8.5235406e-02  -7.7319778e-01  -2.7627450e+00  -2.4678750e-02   1.4320979e-02   2.5508391e-02
   9.2930397e-02  -7.0652485e-01  -2.6913395e+00  -2.3945618e-02   1.4262449e-02   2.5063856e-02
   1.3011262e-01  -6.7573176e-01  -2.6336583e+00  -2.3713346e-02   1.4561417e-02   2.5126410e-02
   8.4832478e-02  -6.9431273e-01  -2.6635278e+00  -2.3687792e-02   1.4014764e-02   2.5151174e-02
   5.8345464e-02  -7.2483586e-01  -2.7890278e+00  -2.3695418e-02   1.3573667e-02   2.5127038e-02
   5.4153051e-02  -5.7031431e-01  -2.7182158e+00  -2.0116732e-02   1.3426896e-02   2.5203822e-02
   4.4203137e-02  -5.3284458e-01  -2.6955663e+00  -2.0529022e-02   1.3175854e-02   2.4929319e-02
   2.3074210e-02  -6.4190816e-01  -2.7401801e+00  -2.2229083e-02   1.3226999e-02   2.5412683e-02
   3.0500772e-03  -6.4980919e-01  -2.7518105e+00  -2.2115675e-02   1.2800493e-02   2.5357302e-02
   3.1318506e-02  -5.8232662e-01  -2.7145972e+00  -2.1097026e-02   1.3113929e-02   2.5137673e-02
   1.7196316e-01   1.1793380e-01  -2.5022652e+00  -5.0085624e-04   1.6283788e-02   2.6022743e-02
   1.7263250e-01   4.3944256e-02  -2.8669334e+00  -6.8922031e-03   1.7075417e-02   2.6583801e-02
   1.3196704e-01  -9.5518123e-02  -2.8382002e+00  -7.6368333e-03   1.5843356e-02   2.7203309e-02
   1.6195560e-01  -6.0416597e-02  -2.7397760e+00  -9.1100993e-03   1.6447738e-02   2.7051687e-02
   1.2934214e-01  -1.1804102e-01  -2.7929747e+00  -9.6859645e-03   1.6028445e-02   2.7485269e-02
   1.3486216e-01  -2.2106131e-01  -2.8300824e+00  -1.2393308e-02   1.6560183e-02   2.7043650e-02
   1.0314464e-01  -5.8781435e-01  -2.9311963e+00  -2.2752146e-02   1.6130741e-02   2.5043101e-02
  -3.4406825e-01  -1.8443083e+00  -2.6016198e+00  -4.2048075e-02   1.5794846e-02   2.2804203e-02
  -2.2342219e-01  -1.3399353e+00  -2.8848804e+00  -3.1753010e-02   1.5670664e-02   2.1287985e-02
  -2.6998038e-01  -1.0192074e+00  -2.8032949e+00  -2.5598025e-02   1.4257312e-02   2.4393490e-02
  -2.5498060e-01  -7.8478774e-01  -2.6732921e+00  -2.2186303e-02   1.4694997e-02   2.6071787e-02
  -2.7158401e-01  -8.9219692e-01  -2.7500520e+00  -2.3072280e-02   1.4750884e-02   2.6945189e-02
