   0.0000000e+00   0.0000000e+00   0.0000000e+00   0.0000000e+00   0.0000000e+00   0.0000000e+00
   1.2754691e-02  -1.1934365e-02   1.5352970e-02  -7.9411608e-04  -6.1855688e-05  -6.9512563e-04
   1.0776206e-02  -1.2469947e-02   1.1845786e-01   4.1379271e-04   2.0196463e-05  -6.9542799e-05
   2.0436131e-02   6.1061430e-02   1.2816464e-01   1.1323451e-03   1.0886686e-04  -3.7395509e-04
   2.9092234e-02   9.1729255e-02   1.7176850e-01   1.3230538e-03   2.4260356e-04  -7.3385984e-04
   1.7565195e-02   6.1456297e-02   1.5513140e-01   1.2565348e-03   1.3508983e-04  -4.1437521e-04
   1.6598877e-02   1.0011620e-01   1.2124183e-01   1.3660785e-03   1.3249256e-04  -4.3484082e-04
   3.9279534e-02   9.4190314e-02   1.1399573e-01   8.9774691e-04   2.5143995e-04  -7.8455606e-04
   5.7320065e-02   6.0184724e-02   1.4492585e-01   1.4384707e-04   2.0662323e-04  -9.3015245e-04
   4.1132758e-02   5.2974925e-02   1.3700767e-01   8.2430006e-04   2.3433932e-04  -7.8444698e-04
   5.8860001e-02   7.2172162e-02   1.3727977e-01   7.8941464e-04   2.7413637e-04  -9.3465906e-04
   6.3036781e-02   4.0776394e-02   1.3098729e-01   4.4922855e-04   3.8640788e-04  -6.1863416e-04
   5.4750104e-02   6.7348302e-02   1.1406219e-01   8.4213367e-04   4.9359852e-04  -3.6270280e-04
   8.9068481e-02   8.3720128e-02   1.4488482e-01   6.5280550e-04   5.1436499e-04  -7.5440865e-04
   8.7866055e-02   3.5166893e-02   1.2153238e-01   6.0044362e-04   5.3733011e-04  -4.3996450e-04
   8.5233994e-02   6.3611285e-02   1.4909832e-01   1.2694267e-03   6.4715879e-04  -1.7614530e-04
   9.9758529e-02   8.4106311e-02   1.3967023e-01   1.2931561e-03   7.4864096e-04  -3.7075862e-04
   1.1977383e-01   7.8428066e-02   1.4299358e-01   1.1890609e-03   7.9868808e-04  -5.4151727e-04
   9.4140952e-02   5.3242065e-02   1.7384408e-01   1.2811322e-03   7.3408094e-04  -1.8290833e-04
   1.0590250e-01   6.8919842e-02   1.6161060e-01   9.6734808e-04   9.5932236e-04  -4.6356207e-04
   1.0726340e-01   4.0266090e-02   2.0950857e-01   1.0027267e-03   9.5036427e-04  -2.0166626e-04
   8.8075494e-02   7.1546293e-02   1.4882196e-01  -7.8515185e-04   5.0125171e-04  -5.8680694e-04
   8.1858087e-02   3.6208205e-03   1.5389226e-01   5.7080008e-04   5.2327427e-04   2.7704131e-04
   9.6269159e-02   6.0942119e-02   1.7018797e-01   7.3393740e-04   7.4904485e-04   2.3296582e-05
   1.1884728e-01   6.3823561e-02   1.7587254e-01   1.2869114e-04   8.9961670e-04  -2.6037660e-04
   1.2145598e-01   2.2133856e-02   1.8382587e-01   4.1724059e-04   1.2551379e-03   5.7387205e-06
   1.5960042e-01   5.1231344e-02   1.9431865e-01  -2.0944300e-05   1.6275291e-03  -4.0697187e-04
   1.5154702e-01   4.7575997e-03   2.3788476e-01  -1.1336651e-04   1.3374844e-03  -1.1693662e-04
   1.7407969e-01   1.7292558e-02   2.2724529e-01  -5.6082949e-06   1.6693360e-03  -2.4146749e-04
   1.9146933e-01   3.5653677e-03   2.4490012e-01  -5.7733526e-04   1.6442689e-03  -3.8029589e-04
   1.9373222e-01  -1.5534278e-02   2.4263262e-01   1.3272547e-04   1.9724825e-03   3.3060031e-05
   2.0467216e-01   3.5980210e-02   2.4938397e-01  -1.1801354e-04   1.7532767e-03  -4.9990278e-04
   2.0436914e-01  -3.1895489e-03   2.7337241e-01  -1.4921041e-05   1.9218711e-03  -4.6774978e-04
   1.9206801e-01   1.7529561e-02   2.6850412e-01   5.1655468e-04   1.9970710e-03  -3.2535098e-04
   2.1593883e-01   5.2427585e-02   2.7964221e-01   1.4891713e-04   2.0926605e-03  -8.0878649e-04
   2.0868643e-01   1.7422600e-02   2.9351492e-01   6.3095316e-06   1.8527699e-03  -7.9780381e-04
   1.9922180e-01   3.9703804e-02   2.7491140e-01   8.2171517e-04   1.9076964e-03  -4.9432045e-04
   2.1516979e-01   7.0542865e-02   2.7926830e-01   3.1236894e-05   1.8401615e-03  -1.0435384e-03
   2.0831581e-01   1.6088150e-03   2.7271542e-01  -7.8677552e-05   1.8754951e-03  -6.4881837e-04
   2.0855837e-01   4.2408842e-02   2.7746108e-01   2.8921445e-04   2.0741733e-03  -5.5528879e-04
   2.3387859e-01   4.8598569e-02   2.8056596e-01   7.5637770e-05   2.1550614e-03  -9.4899463e-04
   2.2484191e-01   1.6251109e-02   2.9207297e-01   4.7098216e-05   1.9553102e-03  -6.3657802e-04
   2.3252461e-01   5.2911452e-02   3.0118982e-01   4.9260483e-04   2.2357461e-03  -7.8163997e-04
   2.4096544e-01   4.5845940e-02   3.3082384e-01  -4.4848376e-04   2.0523427e-03  -1.3266953e-03
   2.4592101e-01  -9.6883493e-03   3.0256680e-01   4.2819002e-04   2.4048681e-03  -7.7129675e-04
   2.5444325e-01   4.1542022e-02   2.9709747e-01   2.4682694e-04   2.6199101e-03  -1.0417679e-03
   2.6036723e-01   5.1758013e-02   3.1001469e-01   1.3836451e-04   2.5701000e-03  -1.2126414e-03
   2.5211420e-01   2.1103676e-02   3.2824034e-01   4.8798889e-04   2.4334396e-03  -9.6142663e-04
   2.5241420e-01   5.6648105e-02   3.1269734e-01   4.4235322e-04   2.4891377e-03  -1.1627192e-03
   2.3951677e-01   9.9367268e-03   3.3669237e-01  -1.0021602e-03   2.0811485e-03  -1.3471375e-03
   2.0773313e-01   9.9856119e-02   3.2112786e-01  -1.9204516e-03   1.4490182e-03  -2.1928988e-03
   2.6181070e-01  -6.0063811e-02   1.8970727e-01   1.2856594e-03   2.1051825e-03  -7.3388039e-04
   2.7438132e-01   6.1131468e-02   3.2881512e-01   9.4409790e-04   2.3633023e-03  -1.1012861e-03
   2.6719197e-01   5.0551306e-02   3.5318497e-01   1.0860910e-03   2.4155609e-03  -8.4608921e-04
   2.8829213e-01   8.6480378e-02   3.5916633e-01   8.2096998e-04   2.8032668e-03  -1.4006716e-03
   2.6581795e-01   4.6862509e-02   3.6900288e-01   6.4174044e-04   2.5896922e-03  -1.1536081e-03
   2.5995539e-01   6.1155741e-02   3.7162653e-01   8.0243119e-04   2.7669388e-03  -9.9396372e-04
   2.7991978e-01   6.1444140e-02   3.7429282e-01   7.5446600e-04   2.7268462e-03  -1.1147677e-03
   2.7724475e-01   3.7760722e-02   3.9571462e-01   4.7047206e-04   2.7144861e-03  -8.9713277e-04
   2.5381510e-01   2.8302338e-02   3.6325576e-01   6.4117190e-04   2.7626769e-03  -4.5283747e-04
   2.6761623e-01   4.3196439e-02   3.6966674e-01   3.9413783e-04   2.7534080e-03  -1.0091163e-03
   2.6506935e-01  -7.3012346e-04   3.6558446e-01   5.2767259e-05   2.8875855e-03  -8.8906452e-04
   2.7163814e-01   2.9813202e-02   3.2416772e-01   4.0937305e-04   3.1498589e-03  -6.8202298e-04
   2.9766786e-01   3.2038415e-02   3.5149529e-01  -1.1774129e-04   3.1409096e-03  -1.0302342e-03
   2.9106449e-01  -1.2150649e-02   4.0447422e-01   3.6128005e-05   3.0941220e-03  -7.4952405e-04
   2.8105750e-01   3.3189111e-02   3.8122614e-01   5.3750003e-04   3.2299485e-03  -9.2808058e-04
   2.5949709e-01   2.1886473e-02   3.4552295e-01  -4.9151813e-04   2.9025625e-03  -1.1515797e-03
   2.4327533e-01   4.9257112e-02   2.6828301e-01   3.2927267e-04   2.7998545e-03  -4.6872492e-04
   2.8401864e-01   5.5857664e-02   3.3365598e-01   1.0034917e-03   3.0881172e-03  -9.9000483e-04
   2.7712376e-01  -6.0159383e-03   2.8403961e-01   1.2833600e-03   2.8797101e-03  -3.0006157e-04
   2.5908496e-01   9.0497662e-02   3.3334627e-01   3.6191437e-04   2.7297914e-03  -9.7754129e-04
   2.3369627e-01   8.3379152e-02   2.7055170e-01   1.4474677e-03   2.7239273e-03  -4.1298846e-04
   2.8334490e-01   7.6156241e-02   3.2997517e-01   9.4163464e-04   2.9684676e-03  -8.0719452e-04
   2.9797174e-01   7.4409094e-02   2.9718065e-01   1.7457657e-03   3.3207887e-03  -6.8336888e-04
   3.0821685e-01   9.2274703e-02   3.2061633e-01   9.4326121e-04   3.2051316e-03  -1.2893097e-03
   3.0023164e-01   3.9328938e-02   3.2761500e-01   1.4514846e-03   3.2589016e-03  -7.3221785e-04
   3.1573572e-01   1.0521217e-01   3.1712860e-01   1.4206948e-03   3.4730974e-03  -1.1794592e-03
   3.0641958e-01   6.7023505e-02   3.2594554e-01   9.1739229e-04   3.1734405e-03  -1.1457486e-03
   2.9901332e-01   6.2487495e-02   3.0658154e-01   1.5335954e-03   3.2826821e-03  -8.9211336e-04
   3.0296591e-01   9.7542272e-02   3.1816573e-01   1.0189331e-03   3.2342018e-03  -1.1504975e-03
   2.9602159e-01   3.8182246e-02   3.3793798e-01   6.9868784e-04   3.0156421e-03  -1.1096621e-03
   3.1342170e-01   8.4123711e-02   2.9004735e-01   1.5719426e-03   3.4039221e-03  -1.1282645e-03
   3.1462224e-01   9.0134873e-02   2.9448802e-01   1.3746720e-03   3.1734988e-03  -1.4415759e-03
   3.0801711e-01   6.9212883e-02   2.9921731e-01   9.1419815e-04   3.1023433e-03  -1.5263158e-03
   2.9952410e-01   6.4292412e-02   3.0263386e-01   1.2842754e-03   3.3169366e-03  -1.1952807e-03
   3.0382651e-01   9.0438365e-02   2.9899812e-01   1.1807501e-03   3.4178611e-03  -1.4454756e-03
   3.0833667e-01   8.9552927e-02   2.9994074e-01   8.8060143e-04   3.3342864e-03  -1.6919174e-03
   2.9902364e-01   4.4620222e-02   2.9973495e-01   8.8859299e-04   3.3366201e-03  -1.1713447e-03
   2.7307268e-01   9.1349963e-02   2.9852312e-01   1.0627367e-03   2.7879724e-03  -1.3131894e-03
   2.9493155e-01   6.0156082e-02   3.1507534e-01   3.5644915e-04   2.9458454e-03  -1.5884658e-03
   3.0177889e-01   4.1199872e-02   3.0800100e-01   1.1245260e-03   3.2481420e-03  -1.2405873e-03
   3.2159857e-01   6.7048419e-02   3.2604886e-01   1.1307608e-03   3.5510297e-03  -1.5373791e-03
   3.1366870e-01   4.2816376e-02   3.3040107e-01   8.2066033e-04   3.5091002e-03  -1.4432955e-03
   3.0425943e-01   7.9085020e-02   3.0513236e-01   1.7128305e-03   3.3538058e-03  -1.3316724e-03
   3.1520344e-01   8.7611785e-02   3.2917600e-01   1.0802155e-03   3.1623101e-03  -1.5575951e-03
   2.8927341e-01   5.8391854e-02   3.0480811e-01   1.4023849e-03   3.1626038e-03  -1.3157308e-03
   3.0101700e-01   1.1051038e-01   2.7895576e-01   1.2705113e-03   3.1565164e-03  -1.4456084e-03
   3.2440633e-01   8.5142726e-02   2.9220139e-01   1.1508166e-03   3.4586662e-03  -1.6448414e-03
   3.1739429e-01   4.9773715e-02   3.0167963e-01   1.0256193e-03   3.5197295e-03  -1.3226208e-03
   3.2081357e-01   9.2140318e-02   3.0239663e-01   1.7485332e-03   3.6968311e-03  -1.2831066e-03
   3.3641075e-01   7.6072481e-02   3.3287402e-01   4.5805967e-04   3.4142149e-03  -1.6050038e-03
   3.3477066e-01   8.0301008e-02   3.1019636e-01   1.8051305e-03   3.3896435e-03  -1.1960063e-03
   3.4179180e-01   1.0203087e-01   3.1985640e-01   1.6163949e-03   3.4417985e-03  -1.6225001e-03
   3.2483457e-01   5.7594008e-02   3.3297213e-01   5.5510529e-04   3.1156141e-03  -1.5208539e-03
   3.3110166e-01   1.0371053e-01   3.0251156e-01   1.3391593e-03   3.1030182e-03  -1.3720434e-03
   3.5644652e-01   8.2769904e-02   3.2909849e-01   1.3154513e-03   3.3361931e-03  -1.5433893e-03
   3.3337598e-01   8.4376254e-02   3.5370073e-01   1.9323638e-03   3.1694022e-03  -1.1399709e-03
   3.3687968e-01   1.0561918e-01   3.6010003e-01   1.6032528e-03   3.3117401e-03  -1.3278048e-03
   3.3736050e-01   7.1583901e-02   3.5402862e-01   1.5077427e-03   3.2197565e-03  -1.2699931e-03
   3.2755932e-01   9.3724502e-02   3.2235485e-01   2.2191436e-03   3.3406433e-03  -1.1702048e-03
   3.4571757e-01   1.1703437e-01   3.4023318e-01   1.8901959e-03   3.3650147e-03  -1.5202108e-03
   3.3088089e-01   6.5940643e-02   3.6549174e-01   1.4181212e-03   3.0567100e-03  -1.1749951e-03
   3.2093774e-01   1.5035107e-01   3.5860002e-01   4.0370488e-04   2.3688427e-03  -1.3716662e-03
   3.7308822e-01   1.9228109e-02   3.6865175e-01   2.7653309e-03   3.3153926e-03  -3.1364424e-05
   3.9317315e-01   1.1600418e-01   4.0276511e-01   3.0172910e-03   3.5801564e-03  -5.1137463e-04
   3.9471936e-01   1.2619782e-01   4.2812086e-01   2.8488434e-03   3.4591283e-03  -5.7987115e-04
   3.7715189e-01   1.1946061e-01   4.0933978e-01   3.1913117e-03   3.5094360e-03  -3.0811283e-04
   3.9928324e-01   1.4137420e-01   4.1951819e-01   2.8404575e-03   3.6923811e-03  -6.5674371e-04
   3.9041992e-01   1.0481981e-01   4.2576961e-01   2.1073340e-03   3.5194939e-03  -4.3105255e-04
   3.8645571e-01   1.0373828e-01   4.1651663e-01   2.5387619e-03   3.6953388e-03  -4.0377209e-04
   3.9790010e-01   1.0829403e-01   4.3692365e-01   2.5366306e-03   3.8334472e-03  -6.6289046e-04
   3.7938352e-01   8.1080565e-02   4.4112619e-01   1.9573048e-03   3.6448476e-03  -3.3773359e-04
   3.6807330e-01   8.7680723e-02   4.2971014e-01   2.6102249e-03   3.4327949e-03  -1.1103041e-04
   3.7005456e-01   1.0376427e-01   4.2051442e-01   6.2890555e-05   2.9132529e-03  -6.9860719e-04
   3.7842443e-01   6.8964929e-02   3.9870450e-01   2.5237435e-03   3.2407346e-03   2.3575814e-04
   3.7448542e-01   1.2697954e-01   3.9843378e-01   2.3232856e-03   3.0797531e-03  -4.3557835e-04
   3.2644602e-01   4.2115924e-02   4.1850788e-01  -5.8094266e-04   2.2679767e-03  -4.7045433e-04
   3.5904686e-01   5.1692623e-02   3.4465825e-01   1.3757270e-03   2.5433911e-03   3.3146354e-04
   3.6309014e-01   8.8835879e-02   4.3389844e-01   1.2518089e-03   2.6188508e-03   2.0484213e-05
   3.6119876e-01   6.5087021e-02   4.6068599e-01   1.2803001e-03   2.7720622e-03   1.3993091e-04
   3.7684140e-01   9.4078570e-02   4.3342573e-01   1.5572456e-03   2.9736603e-03   4.4118442e-05
   3.7232815e-01   9.8174238e-02   4.4824632e-01   1.6771409e-03   2.6566948e-03  -1.1351804e-04
   3.7790080e-01   9.0756207e-02   4.6065845e-01   2.3625125e-03   3.0800667e-03   7.7741008e-05
   4.0316787e-01   1.0582978e-01   4.4394461e-01   1.5909109e-03   3.4267092e-03  -3.7439732e-04
   3.8351541e-01   5.9220565e-02   4.7539936e-01   1.7066830e-03   3.2427834e-03   5.4413653e-05
   3.9101823e-01   9.2583120e-02   4.5037305e-01   2.0636868e-03   3.4019463e-03  -1.7016654e-04
   3.9379141e-01   6.3189131e-02   4.5789541e-01   1.6014746e-04   3.3422437e-03  -5.6421890e-04
   3.7342589e-01   8.1509932e-02   3.7859443e-01   2.4059577e-03   3.1014277e-03  -6.0373504e-05
   3.8724700e-01   9.3424871e-02   3.0465745e-01   1.9008276e-03   3.0578775e-03  -1.4434402e-04
   3.6995367e-01   6.0460361e-02   4.3384299e-01   2.0755807e-03   3.2332219e-03  -2.0328005e-04
   3.8923812e-01   8.3885644e-02   4.2862929e-01   1.9071586e-03   3.6092771e-03  -5.9017102e-04
   3.9267291e-01   9.3628265e-02   4.4604144e-01   1.7025665e-03   3.4609980e-03  -8.5627651e-04
   3.6938574e-01   5.1809155e-02   4.4911228e-01   1.9820995e-03   3.5802875e-03  -7.2002767e-04
   3.5765061e-01   1.0370789e-01   4.5951159e-01   2.0494216e-03   3.3570071e-03  -8.9761055e-04
   3.6660804e-01   3.8386572e-02   4.7218497e-01   6.0462964e-04   3.4012838e-03  -8.8664760e-04
   3.7036897e-01   9.3666520e-02   4.0729472e-01   1.9450021e-03   3.3826989e-03  -8.7287309e-04
   3.8758251e-01   6.0052727e-02   4.5329747e-01   1.7616923e-03   3.4122961e-03  -1.0844702e-03
   3.5619770e-01   5.5153300e-02   4.5997338e-01   2.3131308e-03   3.3944496e-03  -8.5210650e-04
   3.4954411e-01   8.0069093e-02   4.5419304e-01  -1.0612208e-03   2.9794521e-03  -1.7952400e-03
   3.4250188e-01   4.1389951e-02   3.6067885e-01   1.6450489e-03   2.8248377e-03  -8.7969250e-04
   3.6804472e-01   7.0196258e-02   3.8147057e-01   2.1535541e-03   3.1499422e-03  -1.2343354e-03
   3.4052796e-01   7.3252488e-02   4.2756321e-01   2.2218067e-03   2.9316398e-03  -6.0233182e-04
   3.6172495e-01   1.2549062e-01   4.3647312e-01   3.0066175e-03   3.1315530e-03  -1.0209522e-03
   3.7906302e-01   1.1332203e-01   4.4893386e-01   2.9655524e-03   3.4936601e-03  -1.4342302e-03
   3.2653859e-01   9.0080025e-02   4.4884506e-01   2.9646624e-03   3.2043304e-03  -1.1093193e-03
   3.4425925e-01   1.0891797e-01   4.3378216e-01   2.6008815e-03   3.3042625e-03  -1.3566349e-03
   3.3579907e-01   8.6171228e-02   4.5874926e-01   2.7424701e-03   3.1983687e-03  -1.1974801e-03
   3.4966672e-01   1.1816487e-01   4.2467559e-01   3.3439783e-03   3.6027223e-03  -1.5290345e-03
   3.4473393e-01   7.3532578e-02   4.4918545e-01   1.7191894e-03   3.1872405e-03  -1.4936188e-03
   2.9778783e-01   1.5330706e-01   3.7539265e-01   1.6519157e-03   2.4135687e-03  -2.1896200e-03
   3.0832052e-01   5.0479058e-02   3.9864800e-01   4.3304335e-03   2.7839375e-03  -1.3178338e-03
   3.1789121e-01   1.4331865e-01   4.0504449e-01   4.3283242e-03   2.9000204e-03  -1.5998230e-03
   2.8606766e-01   1.3339717e-01   4.0060141e-01   3.9109287e-03   2.4119650e-03  -1.7458395e-03
   2.5837342e-01   1.6132125e-01   3.0941778e-01   5.2603133e-03   2.5140435e-03  -7.1579314e-04
   2.5756868e-01   2.9385381e-01   1.9645040e-01   4.1992577e-03   2.3308273e-03  -1.4659723e-03
   2.3155595e-01   1.5628049e-01  -1.6079926e-01   1.7761722e-03   1.7875202e-03  -1.9991214e-03
   2.7652072e-01  -2.1053497e-02  -3.1623007e-01   3.5001746e-03   2.4800868e-03  -2.1087992e-03
   3.0421969e-01   4.3995103e-02  -2.7350130e-01   3.6738801e-03   3.0073406e-03  -2.2696437e-03
   3.2084382e-01   1.0137369e-01  -1.6653887e-01   3.9060676e-03   3.2588333e-03  -2.9349011e-03
   3.1340491e-01   9.8881950e-02  -1.3006762e-01   4.8515828e-03   3.6025051e-03  -2.8596007e-03
   3.1972331e-01   1.1925160e-01  -1.1401280e-01   4.3912903e-03   3.6776415e-03  -3.0193169e-03
   2.9361166e-01   1.1953625e-01  -8.5890765e-02   4.9168196e-03   3.8398137e-03  -4.0390670e-03
   2.5172309e-01   1.1822715e-01  -2.5916036e-02   3.9346322e-03   3.3047934e-03  -3.9139540e-03
   2.3340473e-01   1.2233820e-01  -3.6869823e-02   4.4331953e-03   3.1225757e-03  -3.8399495e-03
   2.7232041e-01   1.4377047e-01  -3.3743471e-02   4.9697161e-03   3.2466994e-03  -3.7303776e-03
   2.6448411e-01   1.0335604e-01  -3.7958053e-02   4.9616412e-03   3.3194533e-03  -3.2429722e-03
   2.9612989e-01   1.3998985e-01  -3.4442916e-02   4.4513500e-03   3.6252295e-03  -3.6755743e-03
   2.7944107e-01   9.2840834e-02  -1.5864241e-02   5.3205428e-03   3.5213602e-03  -3.2860049e-03
   3.0016411e-01   1.3814720e-01  -1.9987185e-03   5.4093160e-03   3.7070571e-03  -3.6587013e-03
   2.6560030e-01   1.0932138e-01   1.4395583e-02   5.4401285e-03   3.1603204e-03  -3.3403203e-03
   2.7766358e-01   1.5706696e-01  -2.0678150e-03   5.5949525e-03   3.6759807e-03  -3.8885756e-03
   2.9085967e-01   1.2711121e-01   4.9407267e-03   4.9372340e-03   3.3363511e-03  -3.6504638e-03
   2.7347673e-01   1.4960846e-01  -3.1620553e-02   5.8822695e-03   3.2447881e-03  -3.3462198e-03
   3.2446292e-01   1.7804733e-01  -8.4863431e-03   5.5218737e-03   3.6654190e-03  -3.6670022e-03
   3.1015258e-01   1.3753661e-01  -3.0350283e-02   5.9430125e-03   3.4074830e-03  -3.1796581e-03
   3.5109747e-01   1.8630634e-01  -4.2614090e-02   6.2042286e-03   3.7627987e-03  -3.4720322e-03
   3.4054009e-01   1.5312919e-01  -1.5749940e-02   4.8572850e-03   3.5007804e-03  -3.4938325e-03
   3.1283492e-01   2.0704207e-01  -5.6745736e-02   5.6245078e-03   3.3623758e-03  -3.1676195e-03
   3.1719094e-01   1.2809932e-01  -5.0811425e-02   5.5270777e-03   3.5216369e-03  -3.6844215e-03
   3.2049197e-01   1.8765463e-01  -4.1167153e-02   6.4506770e-03   3.9299423e-03  -3.7309594e-03
   3.4038294e-01   1.9634463e-01  -8.8761322e-05   5.7070475e-03   3.6891116e-03  -3.7082695e-03
   2.9126627e-01   1.1817143e-01  -4.8397861e-02   4.7104429e-03   3.1263862e-03  -3.3964737e-03
   2.9288284e-01   1.4675145e-01   4.8213394e-02   2.9644824e-03   3.0331484e-03  -3.7368709e-03
   3.3238319e-01   7.5798830e-02   5.1534838e-02   4.6475119e-03   3.8660795e-03  -3.4321279e-03
   3.6459985e-01   1.5664696e-01   7.1588666e-02   5.8622805e-03   5.1018137e-03  -4.1136473e-03
   3.5224559e-01   1.3496028e-01   1.1909381e-01   5.1195470e-03   4.7303983e-03  -4.5736099e-03
   3.4313613e-01   1.0582436e-01   1.8496596e-01   5.6228409e-03   4.5185428e-03  -3.9218023e-03
   3.7078147e-01   1.5077812e-01   2.0332197e-01   5.6507092e-03   4.7501394e-03  -4.6438467e-03
   3.4154535e-01   1.1081485e-01   2.1568131e-01   4.6957020e-03   3.2578571e-03  -2.9712126e-03
   4.1225109e-01   1.5080748e-01   1.7261596e-01   5.5602229e-03   4.0528892e-03  -2.7825816e-03
   4.0501150e-01   1.5051658e-01   1.9693556e-01   5.2955725e-03   4.1077078e-03  -3.8997462e-03
   3.6493521e-01   1.3265894e-01   1.8544886e-01   6.1882221e-03   3.9102225e-03  -3.6609799e-03
   3.8498013e-01   1.3826746e-01   2.0104392e-01   3.2722664e-03   3.7310984e-03  -4.2154340e-03
   3.5875841e-01   1.9144263e-01   1.3702972e-01   4.2535784e-03   3.4862021e-03  -4.2297590e-03
   3.7210841e-01   7.6382268e-02   1.5873312e-01   6.6590597e-03   3.9856829e-03  -3.8751391e-03
   3.8695868e-01   1.9644938e-01   1.9158685e-01   6.6779861e-03   4.2602245e-03  -4.2033152e-03
   3.7345499e-01   1.6198779e-01   2.0934555e-01   6.4064350e-03   4.1554185e-03  -3.8234729e-03
   3.5127784e-01   1.8904869e-01   1.8400640e-01   6.6522371e-03   3.9958137e-03  -3.9729901e-03
   3.6361453e-01   1.6730002e-01   1.9103748e-01   6.2174011e-03   4.1079942e-03  -3.9678028e-03
   3.4101135e-01   1.6973804e-01   1.8000123e-01   6.2032331e-03   4.0659016e-03  -3.8594859e-03
   3.5512385e-01   1.6660802e-01   1.9566832e-01   5.2999233e-03   4.0422715e-03  -4.1896831e-03
   3.5743182e-01   1.3599203e-01   2.0371630e-01   6.2909321e-03   4.2790310e-03  -3.7304024e-03
   3.9537008e-01   1.8061103e-01   2.2612794e-01   5.2430393e-03   4.2460991e-03  -4.2541126e-03
   3.6494574e-01   1.0970307e-01   2.0549788e-01   6.3517591e-03   3.9484087e-03  -3.6720994e-03
   3.7967294e-01   1.7349459e-01   2.2075301e-01   5.9513840e-03   3.9181868e-03  -4.0823053e-03
   3.7545779e-01   1.3425193e-01   2.1808431e-01   5.6097351e-03   3.9443249e-03  -4.0307872e-03
   3.6272478e-01   1.8019407e-01   2.2100237e-01   6.3508037e-03   3.8988085e-03  -3.8729861e-03
   3.8957950e-01   1.8925995e-01   2.6511066e-01   5.8757057e-03   4.2269656e-03  -4.2294302e-03
   3.5435670e-01   1.6437190e-01   2.2366431e-01   6.8365124e-03   3.8357257e-03  -3.7413856e-03
   3.6526229e-01   2.2197919e-01   2.5740953e-01   6.1352838e-03   3.7512908e-03  -4.2676409e-03
   3.3347489e-01   1.6704256e-01   2.1501915e-01   7.1940502e-03   2.9658100e-03  -2.8658814e-03
   3.4937654e-01   2.4228649e-01   2.2647618e-01   7.2697633e-03   2.5688488e-03  -2.5217282e-03
   3.1576472e-01   1.7807121e-01   3.0800210e-01   7.8536443e-03   3.0609393e-03  -3.4274542e-03
   3.4898512e-01   2.4637803e-01   3.9841241e-01   7.8899673e-03   3.6619179e-03  -4.2792289e-03
   3.1400227e-01   2.0288684e-01   3.5878566e-01   7.5100979e-03   3.4325198e-03  -4.4306031e-03
   3.1026194e-01   2.4892024e-01   3.3336993e-01   8.2122899e-03   3.3623282e-03  -4.5439165e-03
   3.4102317e-01   2.4520240e-01   3.8256045e-01   7.4439427e-03   3.9381126e-03  -5.4415296e-03
   2.9171838e-01   1.3748678e-01   3.3781561e-01   5.6515822e-03   3.3294097e-03  -4.5578874e-03
   3.3562158e-01   2.6784750e-01   2.2740778e-01   5.3398484e-03   3.3534282e-03  -4.0602646e-03
   3.2387925e-01   1.0139677e-01   1.9023239e-01   7.4435142e-03   3.3246179e-03  -3.4412858e-03
   3.3482343e-01   2.1041818e-01   2.7234732e-01   7.5660696e-03   3.2123358e-03  -4.1023601e-03
   3.3334968e-01   1.8270069e-01   3.1050473e-01   7.1091662e-03   3.1009668e-03  -3.9914825e-03
   3.4247317e-01   2.0384299e-01   3.1204530e-01   7.5600676e-03   3.6060358e-03  -4.1646695e-03
   3.6181646e-01   2.1595504e-01   3.1711639e-01   7.4723948e-03   3.7502848e-03  -4.5684768e-03
   3.3081171e-01   1.8552281e-01   3.1287158e-01   7.0519040e-03   3.5181921e-03  -4.5350541e-03
   3.2192212e-01   2.2327819e-01   3.0132714e-01   7.7421997e-03   3.7100170e-03  -4.4801305e-03
   3.5289732e-01   2.2109457e-01   3.3831774e-01   7.3171035e-03   3.8705135e-03  -4.7155163e-03
   3.2223618e-01   1.8856098e-01   3.2376064e-01   7.6785657e-03   3.4092747e-03  -4.4075125e-03
   3.2459257e-01   2.3588560e-01   3.2088962e-01   7.4153732e-03   3.4869404e-03  -4.8732726e-03
   3.2284617e-01   1.6665334e-01   3.2811524e-01   6.8947098e-03   3.6587224e-03  -4.8149285e-03
   3.1686505e-01   1.9998454e-01   3.1105028e-01   7.8731023e-03   3.7482973e-03  -4.5693906e-03
   3.2538068e-01   2.1204570e-01   3.3437360e-01   5.9262928e-03   3.6255082e-03  -5.2005489e-03
   3.0251894e-01   2.2468519e-01   2.4558466e-01   8.3083431e-03   3.5810653e-03  -4.6915475e-03
   3.3034256e-01   2.4603830e-01   2.8440046e-01   7.7886055e-03   3.7359538e-03  -5.0415849e-03
   3.1604602e-01   2.2505732e-01   3.2073599e-01   8.2690095e-03   3.6705404e-03  -4.8651702e-03
   3.3456438e-01   2.7055698e-01   2.8796139e-01   8.9825042e-03   4.0709547e-03  -4.9106784e-03
   3.3799398e-01   2.8640882e-01   3.1919977e-01   8.4525581e-03   3.7368249e-03  -5.0439443e-03
   3.0830927e-01   2.4304065e-01   3.1123920e-01   8.6696795e-03   3.5010181e-03  -4.5541741e-03
   3.6003524e-01   3.1039792e-01   3.9109784e-01   6.0670506e-03   3.5136141e-03  -5.1835757e-03
   2.9265278e-01   3.9953961e-01   4.9902240e-01   8.0243680e-03   2.9371820e-03  -4.7260134e-03
   3.3796951e-01   1.6816298e-01   4.3885493e-01   9.7152642e-03   2.8817246e-03  -3.9194283e-03
   2.4968340e-01   1.9001681e-01   3.6679241e-01   7.3085444e-03   1.2148713e-03  -1.5375869e-03
   3.1725860e-01   2.5443862e-01   4.1393980e-01   8.7602781e-03   1.9322453e-03  -1.6716208e-03
   3.3569313e-01   2.4779326e-01   4.0481791e-01   8.4318108e-03   2.2286467e-03  -1.7537421e-03
   3.4558700e-01   2.5530627e-01   3.9808777e-01   8.9704698e-03   2.4632536e-03  -1.8849371e-03
   3.9546513e-01   2.7778758e-01   4.6992084e-01   8.6501180e-03   3.2835023e-03  -2.5365948e-03
   3.7976045e-01   2.3935824e-01   4.5456759e-01   8.7264789e-03   3.0590170e-03  -1.9884707e-03
   4.1989346e-01   2.7169751e-01   4.8044468e-01   8.9768841e-03   3.8354076e-03  -2.5032861e-03
   3.8261431e-01   2.4454547e-01   4.7394676e-01   9.0999080e-03   3.4523568e-03  -2.0246034e-03
   4.2668914e-01   2.7483759e-01   4.9394443e-01   9.2318492e-03   4.1041814e-03  -2.4074617e-03
   4.3455557e-01   2.3907005e-01   5.2205231e-01   8.1551568e-03   4.2692816e-03  -2.5239287e-03
   4.1028489e-01   2.4766441e-01   4.4525808e-01   9.8451309e-03   4.1316513e-03  -2.2718351e-03
   4.3378667e-01   2.8471342e-01   4.4831855e-01   9.3879117e-03   4.1531873e-03  -2.6316595e-03
   3.5239322e-01   2.4015086e-01   4.0634720e-01   9.1466271e-03   3.1608863e-03  -2.1713727e-03
   3.6587713e-01   3.0333263e-01   3.9725351e-01   9.1481117e-03   3.3155513e-03  -2.4907996e-03
   3.8352336e-01   2.8218726e-01   4.2843928e-01   9.0951945e-03   3.3038894e-03  -2.4375459e-03
   3.6729373e-01   2.9532420e-01   4.0029716e-01   9.7597725e-03   3.5631030e-03  -2.3163522e-03
   3.9882896e-01   3.1179616e-01   4.4458723e-01   9.4464556e-03   3.8616180e-03  -2.5748563e-03
   4.0050133e-01   2.6696541e-01   4.1366486e-01   8.9476760e-03   3.7862979e-03  -2.1458218e-03
   3.9350113e-01   2.9747069e-01   4.1683726e-01   9.8461045e-03   3.6971399e-03  -2.1176045e-03
   3.9151643e-01   3.1930369e-01   4.3354832e-01   9.4301864e-03   3.6085292e-03  -2.5360820e-03
   3.4769089e-01   2.7227008e-01   3.9754049e-01   9.0771386e-03   2.8464689e-03  -2.5963074e-03
   3.1729277e-01   1.8023652e-01   2.6821186e-01   7.4801926e-03   2.1057372e-03  -9.0421464e-04
   2.3883846e-01   2.6411579e-01   1.5450441e-01   3.6640855e-03   1.0806538e-03  -4.7387721e-04
   2.8291775e-01   2.4999324e-01   2.3810689e-01   7.1808349e-03   1.9882623e-03   1.3928287e-04
   3.4513031e-01   2.3687065e-01   2.8230639e-01   7.9388850e-03   2.5220536e-03  -1.0759427e-03
   3.1896965e-01   1.9735946e-01   3.1089294e-01   7.6172802e-03   2.2316684e-03  -7.5975568e-04
   3.3476574e-01   2.2288678e-01   3.1539101e-01   7.3049513e-03   2.3077728e-03  -1.0750058e-03
   3.6044998e-01   2.1334221e-01   3.4721175e-01   7.5517436e-03   2.6638957e-03  -1.3568053e-03
   3.2633680e-01   2.1926084e-01   2.9868824e-01   7.9016656e-03   2.3848350e-03  -1.1571690e-03
   3.3184321e-01   2.7797024e-01   3.6454161e-01   7.8522223e-03   2.3226193e-03  -1.6479728e-03
   3.0099713e-01   2.0065151e-01   3.1388513e-01   7.5243543e-03   2.3030018e-03  -1.2119622e-03
   3.1612154e-01   2.4709141e-01   3.3586492e-01   8.5008791e-03   2.8286197e-03  -1.1721051e-03
   3.3935390e-01   2.7886051e-01   3.6183301e-01   8.1696761e-03   2.8348689e-03  -1.4631524e-03
   3.2815417e-01   2.0996865e-01   3.2745106e-01   8.3483994e-03   2.7515380e-03  -1.1656837e-03
   3.4837922e-01   2.9486803e-01   3.8898750e-01   6.2042969e-03   3.2135960e-03  -1.4864142e-03
   3.2252929e-01   2.4268231e-01   3.2032991e-01   9.1888631e-03   2.5436077e-03  -8.0012843e-04
   3.2530187e-01   2.8044577e-01   3.9807776e-01   8.4530808e-03   2.6882240e-03  -2.0949429e-03
   2.7199672e-01   2.4190705e-01   3.6701784e-01   8.5188827e-03   2.3368355e-03  -1.6396426e-03
   3.0108375e-01   3.1648317e-01   3.9901033e-01   7.3702454e-03   2.6968208e-03  -2.0005806e-03
   2.8315904e-01   1.9752451e-01   2.2484704e-01   7.8435918e-03   2.8186637e-03  -1.0518214e-03
   3.1521866e-01   2.5716480e-01   2.3328877e-01   8.3912906e-03   2.9286891e-03  -1.3651301e-03
   3.4095107e-01   2.3922858e-01   3.2839076e-01   7.6266096e-03   3.3482738e-03  -1.8283496e-03
   3.3197367e-01   2.2331967e-01   3.7343726e-01   7.9046568e-03   3.4358098e-03  -1.9273144e-03
   3.3740167e-01   2.7862619e-01   3.4836292e-01   8.4459391e-03   3.4007765e-03  -2.3353558e-03
   3.2355154e-01   2.1722582e-01   2.7420339e-01   7.9070679e-03   3.2486396e-03  -2.0883842e-03
   3.3553558e-01   2.5681177e-01   2.7657285e-01   8.4301826e-03   3.5574038e-03  -2.2147198e-03
   3.4475410e-01   2.5171737e-01   3.0986931e-01   7.9686845e-03   3.7974538e-03  -2.4423937e-03
   3.2271673e-01   1.9443027e-01   3.2019034e-01   7.3690506e-03   3.4189922e-03  -2.3383368e-03
   2.8750349e-01   3.1841802e-01   3.2784281e-01   6.4619409e-03   2.5769568e-03  -2.2008033e-03
   2.9193239e-01   1.8122471e-01   3.2453176e-01   8.4129307e-03   2.7625384e-03  -1.8479992e-03
   3.2186191e-01   2.5114808e-01   3.2037522e-01   8.0845151e-03   3.2005807e-03  -2.4180234e-03
   3.2183921e-01   2.2911350e-01   3.6622190e-01   7.3658627e-03   3.2186020e-03  -2.4514109e-03
   3.1675178e-01   2.2659210e-01   3.5108534e-01   8.3326610e-03   3.0492789e-03  -2.0671524e-03
   3.3572126e-01   2.5833674e-01   3.5894247e-01   8.0490500e-03   3.3675003e-03  -2.3753935e-03
   3.2853932e-01   2.1138780e-01   3.5716997e-01   7.4488652e-03   3.4342680e-03  -2.3916245e-03
   3.1869380e-01   2.5299749e-01   3.3992277e-01   8.3500307e-03   3.2373845e-03  -2.3620359e-03
   3.1279474e-01   2.5393412e-01   3.8965032e-01   7.4802268e-03   2.9679987e-03  -2.6754651e-03
   3.2314910e-01   2.4052404e-01   3.5370324e-01   8.2122684e-03   3.2453753e-03  -2.3860711e-03
   3.3254989e-01   2.4348264e-01   4.4138084e-01   6.1744420e-03   3.3419388e-03  -2.8488780e-03
   2.9989322e-01   2.3335373e-01   3.6348120e-01   8.4143312e-03   3.2180713e-03  -2.4859132e-03
   2.9921156e-01   2.4959396e-01   4.2249504e-01   5.6698325e-03   3.1755163e-03  -2.6065846e-03
   2.7727554e-01   2.6422746e-01   3.3842828e-01   8.6161230e-03   2.8079437e-03  -2.0458860e-03
   3.0285453e-01   2.0854118e-01   3.5390168e-01   7.9179661e-03   3.2530063e-03  -2.4127068e-03
   3.0703923e-01   2.3991344e-01   3.2274275e-01   8.5165034e-03   3.5692883e-03  -2.3682021e-03
   3.0818130e-01   2.5969494e-01   3.7585810e-01   7.8894986e-03   3.5603903e-03  -2.7268320e-03
   3.1355536e-01   2.2840724e-01   3.6664291e-01   7.6208028e-03   3.6556486e-03  -2.6316298e-03
   3.1848833e-01   2.3452953e-01   3.7167843e-01   7.8035744e-03   3.8262669e-03  -2.5916433e-03
   3.2235295e-01   2.3496554e-01   4.0834038e-01   6.5767929e-03   3.7581514e-03  -2.4536433e-03
   3.0905532e-01   2.0720027e-01   3.8779500e-01   7.9294061e-03   3.6558804e-03  -2.1871865e-03
   2.9458097e-01   2.4185865e-01   5.4206624e-01   5.8153832e-03   3.9305770e-03  -3.0626544e-03
   3.4234323e-01   1.5368511e-01   4.2570019e-01   3.3705301e-03   5.8694289e-03  -1.8876616e-03
   2.0343611e-01  -1.1226731e-02   4.4061534e-01   2.8012927e-03   4.1041077e-03  -7.0686672e-04
   1.9546561e-01   9.6854293e-02   5.3228500e-01   4.3937052e-03   4.3668874e-03  -9.4704966e-04
   1.8422967e-01   1.8947698e-01   5.6324551e-01   5.5782399e-03   3.8773788e-03  -1.6432891e-03
   1.7837078e-01   1.6455143e-01   5.2232018e-01   5.3306087e-03   3.7507251e-03  -1.6647930e-03
   1.8385997e-01   2.0588829e-01   5.3341885e-01   5.1922266e-03   3.9127941e-03  -1.8473572e-03
   1.8082285e-01   1.9218092e-01   5.7263525e-01   4.8229449e-03   3.6253621e-03  -1.9139386e-03
   1.8050464e-01   1.7627444e-01   5.6715621e-01   5.5410524e-03   3.4623698e-03  -1.5795902e-03
   1.7293642e-01   1.8573549e-01   5.9570515e-01   5.4467811e-03   3.3390888e-03  -2.1074735e-03
   1.5558622e-01   1.4457768e-01   5.6928195e-01   4.9388142e-03   3.0493609e-03  -1.7986060e-03
   1.5549521e-01   2.7226248e-01   5.6555959e-01   2.9680162e-03   2.6196121e-03  -2.2706678e-03
   1.8638413e-01   1.6147564e-01   5.1160159e-01   5.5168901e-03   2.6827797e-03  -1.5071455e-03
   1.8348873e-01   1.6727126e-01   6.1624741e-01   5.2329949e-03   2.7382095e-03  -1.6414509e-03
   1.8551658e-01   1.8743456e-01   6.3256639e-01   5.3254903e-03   2.8745952e-03  -1.7034598e-03
   1.8194147e-01   1.7070209e-01   6.4355280e-01   5.4733680e-03   2.8017276e-03  -1.6258134e-03
   1.8926608e-01   2.1870207e-01   6.0673082e-01   6.0032569e-03   2.6114565e-03  -1.5091798e-03
   2.1194060e-01   1.9226557e-01   6.3273709e-01   5.1272520e-03   2.9680983e-03  -1.8196015e-03
   1.9905849e-01   2.1032374e-01   6.1626668e-01   5.7264051e-03   3.4881523e-03  -2.0810587e-03
   2.1603117e-01   2.0747707e-01   6.7437277e-01   5.2231530e-03   3.6336164e-03  -2.4086442e-03
   2.1112027e-01   1.6064957e-01   6.6314517e-01   5.7009327e-03   3.8283235e-03  -2.1715616e-03
   2.2308270e-01   2.1179400e-01   6.7412364e-01   6.1259622e-03   4.0294759e-03  -2.3336546e-03
   2.2442648e-01   1.8650011e-01   6.8028720e-01   4.1837269e-03   3.8222763e-03  -2.2804408e-03
   2.2081294e-01   1.6893635e-01   6.3693512e-01   2.6980312e-03   2.8189477e-03  -1.2165304e-03
   1.7874817e-01   1.0663432e-01   5.5311595e-01   3.6178562e-03   2.2808823e-03  -1.1370478e-04
   2.0671402e-01   1.2097895e-01   3.6515167e-01   3.6679064e-03   2.0640763e-03   1.4891358e-03
   1.8021532e-01   2.0135318e-01   4.7551956e-01   3.6934069e-03   1.3613016e-03  -3.6404017e-04
   1.9994348e-01   1.8165829e-01   5.2606881e-01   4.8103508e-03   1.3327434e-03   4.3498485e-04
   9.5372108e-02   2.0164962e-01   4.2811957e-01   2.7636730e-03  -6.0201320e-04  -8.4190694e-04
  -1.4847435e-02   1.0482801e-01   3.4326856e-01  -1.4678861e-03  -2.3517841e-03  -1.1611946e-06
  -2.8537121e-02   2.1991663e-01   3.9555125e-01   1.0333256e-03  -2.7065149e-03  -4.9381567e-04
   3.8449822e-02   8.1300543e-02   3.1616014e-01   2.4324798e-03  -1.7841306e-03   4.4543844e-04
   5.1614679e-02   1.7767864e-01   4.2182742e-01   2.3738857e-03  -1.5974902e-03  -4.3269848e-04
   4.2874946e-02   1.5107840e-01   4.4248436e-01   2.1936835e-03  -1.3346633e-03  -4.7039435e-05
   3.9930383e-03   1.9285918e-01   4.2725068e-01   1.6654668e-03  -1.2834287e-03  -7.2411749e-04
  -4.3067636e-02   1.5090983e-01   3.7119343e-01   1.0873672e-03  -2.0485681e-03  -3.7432463e-04
  -9.7493550e-03   1.6823247e-01   3.8337715e-01   1.6055991e-03  -1.5619024e-03  -2.7067250e-04
   6.5398067e-03   1.8085669e-01   4.3240661e-01   1.3195811e-03  -1.6545917e-03  -6.9623318e-04
   2.7305176e-02   1.2925181e-01   4.5101525e-01   1.1905648e-03  -1.4477838e-03  -6.8797627e-04
   1.7472212e-02   1.6121469e-01   4.6428812e-01   2.1195861e-03  -1.6396506e-03  -5.9105013e-04
   3.6681043e-02   1.7112236e-01   4.7627565e-01   1.5073006e-03  -1.4339367e-03  -9.8224171e-04
   2.7010520e-02   1.2840710e-01   4.7659932e-01   1.7363816e-03  -1.4279159e-03  -4.5060007e-04
   4.3712057e-02   9.3974559e-02   4.7309570e-01  -1.8173509e-04  -1.4243185e-03  -1.1888642e-03
   2.3865270e-02   1.1165112e-01   5.0333914e-01   3.2588548e-05  -1.2901683e-03  -8.5625543e-04
   2.7583686e-02   1.4389794e-01   4.7624176e-01   1.1512441e-03  -1.4506607e-03  -4.8838406e-04
   5.4988032e-02   1.6579046e-01   5.0470400e-01   3.3847592e-06  -1.1381416e-03  -1.1678141e-03
   2.9904100e-02   1.1569935e-01   3.4817353e-01   1.5154954e-03  -1.4173014e-03  -4.0479908e-04
   3.2423746e-02   2.0078748e-01   4.5959023e-01   1.3853652e-04  -1.3629386e-03  -1.5311875e-03
   3.8308386e-02   1.4102375e-01   4.4289644e-01   2.7885135e-03  -1.3856318e-03  -7.2467497e-04
   3.4529913e-02   1.8490716e-01   4.6433143e-01   1.9808480e-03  -1.5388269e-03  -1.3154841e-03
   3.0127397e-02   3.2565345e-01   3.5045035e-01   7.9277461e-03  -1.6643570e-03   1.8100434e-04
   1.4865619e-02   3.8957107e-01   2.1282170e-01   5.5360580e-03  -1.6401838e-03   6.1484218e-05
   1.5195249e-02   2.5092777e-01   3.0238583e-01   4.1651191e-03  -1.6289084e-03  -4.5836745e-05
   3.3227093e-02   3.3184328e-01   2.9050160e-01   5.4391088e-03  -1.3812597e-03  -1.5321067e-04
   2.2866708e-02   3.2177911e-01   2.8457407e-01   5.0468081e-03  -1.7402747e-03  -6.6472109e-04
   1.1385557e-02   2.9801783e-01   2.9474194e-01   5.3345279e-03  -1.6093107e-03  -3.3260029e-04
   1.5879198e-04   3.0042190e-01   3.2294993e-01   4.5017940e-03  -1.8829990e-03  -4.9764809e-04
   9.3658856e-03   2.4027408e-01   3.3350423e-01   3.7010817e-03  -1.9916532e-03  -2.3505963e-04
   1.0018802e-03   2.9428608e-01   4.6196143e-01   1.3475026e-03  -2.7324363e-03  -1.6306919e-03
  -1.3477664e-02   2.7404075e-01   3.3857053e-01   2.9782929e-03  -2.9115891e-03  -1.1082576e-03
   2.0359086e-02   1.7709593e-01   2.5029894e-01   6.3134405e-03  -2.2995228e-03   5.9357595e-04
