   0.0000000e+00   0.0000000e+00   0.0000000e+00   0.0000000e+00   0.0000000e+00   0.0000000e+00
  -1.1240693e-03  -6.3907869e-03  -5.7959633e-02  -5.7796764e-04  -1.3564513e-04   2.4360045e-04
   3.5726861e-02   7.7683827e-02  -2.8644156e-02   5.7902040e-05   1.1765608e-05   1.0287723e-04
   1.3419122e-02   6.1668559e-02  -9.1832316e-03  -1.2322119e-05  -1.2347808e-04   3.0138637e-04
   1.0381271e-02   8.8768306e-02  -4.1015697e-02   7.4679666e-04  -3.3898129e-04   1.7301096e-04
   3.3732322e-02   1.6225278e-01   1.4966992e-01   1.3622927e-03  -1.6185431e-04  -4.2678772e-05
   1.3489077e-02   8.1155267e-02  -5.7953615e-02   1.0666037e-03  -5.3609336e-04   1.4843310e-04
   2.1242676e-02   1.7130005e-01   1.1739391e-01   1.8490917e-03  -5.3165901e-04   5.0594554e-05
   2.4357023e-02   8.7238714e-02   1.7042969e-02   2.0345166e-03  -1.7729771e-04   1.9695730e-04
   5.2509773e-02   1.9554932e-01   1.2516460e-01   2.8554513e-03  -9.3132061e-05  -2.1287021e-04
   3.7673827e-02   6.9253137e-02   7.1783896e-02   8.1583381e-04  -1.1552147e-04   2.1103232e-04
   1.1005887e-02   9.4353449e-02   6.0836225e-02   1.6753920e-03  -3.6979959e-04   3.7246740e-04
   3.6874593e-02   1.4384089e-01   1.8079474e-01   2.0358786e-03   1.2169086e-04   1.6420322e-04
   3.0073474e-02   1.1580390e-01  -4.7908696e-03   3.0350897e-03  -1.9830583e-04   3.1826236e-04
   2.2750698e-02   1.8456592e-01   1.5961504e-01   2.6656327e-03  -1.8782660e-04   4.7126280e-04
   7.3563367e-03   1.0104105e-01   1.0248919e-02   2.2985666e-03  -3.6763033e-04   7.4572435e-04
   4.1593486e-02   1.7952128e-01   1.1480636e-01   3.0669411e-03  -1.7784343e-04   4.6855267e-06
   4.0724158e-02   1.2445320e-01   7.3848014e-02   2.5239083e-03  -7.5921263e-05   2.4179995e-04
   4.5162700e-02   1.4855372e-01   3.2761309e-02   3.6146172e-03  -1.6463363e-04   3.4004902e-04
   4.8695661e-02   1.7666547e-01   1.7835327e-01   2.7434137e-03  -5.8419562e-05   4.5946725e-04
   2.6583564e-02   1.7003332e-01   3.3295750e-02   3.8828028e-03  -3.6308618e-04   4.6878217e-04
   8.6700206e-03   2.2377096e-01   1.8010484e-01   3.5213971e-03  -6.5161633e-04   5.7962190e-05
   1.2259322e-02   1.4244901e-01   6.7713922e-03   3.6644813e-03  -2.6570423e-04   5.0839826e-04
   1.9483582e-02   2.5957647e-01   1.8868284e-01   4.9260938e-03  -2.1873029e-04   4.8565711e-04
   1.5835103e-02   8.7812033e-02   2.8553499e-02   3.2348708e-03  -4.1439595e-04   2.9716789e-04
   2.4697754e-02   2.2600917e-01   1.9068602e-01   3.7381450e-03  -2.5786633e-04   5.1380460e-04
   2.7026476e-02   1.0815867e-01   7.5326869e-02   2.6493414e-03  -1.3993117e-04   9.1640775e-04
   2.5660216e-02   1.9922060e-01   1.1086035e-01   4.1516189e-03  -3.9815254e-04   7.3817576e-04
   2.6020961e-02   1.4246760e-01   1.4041389e-01   3.1288873e-03  -1.6901671e-04   5.7221824e-04
  -8.2651998e-04   1.6895064e-01   4.3404583e-02   4.0035094e-03  -5.8210786e-04   7.9108978e-04
   3.8183390e-02   2.2488206e-01   1.9795863e-01   3.6524473e-03  -1.4975909e-04   3.6856708e-05
   8.5809811e-03   1.2662931e-01   5.0133681e-02   2.7435755e-03  -4.3665191e-04   5.5309378e-04
   2.0187857e-02   2.2796947e-01   1.6381629e-01   4.0030903e-03  -5.1008127e-04   7.3689578e-04
   3.1245302e-02   1.6897331e-01   1.4217036e-01   3.4855515e-03   5.1164909e-05   4.9418770e-04
   1.8030155e-02   1.9194249e-01   4.6144533e-02   3.8483484e-03  -2.7247892e-04   7.3738382e-04
   1.1912251e-02   2.2426620e-01   1.5053053e-01   3.5781860e-03  -3.2869084e-04   8.3195488e-04
  -4.1360728e-03   1.4801172e-01   8.0644550e-02   3.4221539e-03  -6.0227884e-04   1.0238219e-03
  -3.2413721e-04   2.3674902e-01   2.0256015e-01   4.1093802e-03  -5.2833733e-04   5.0650827e-04
  -1.0725793e-02   1.3305588e-01   1.0268286e-01   2.8417420e-03  -1.8993396e-04   1.0101140e-03
   7.4232647e-03   1.9028956e-01   6.7944150e-02   4.3399406e-03  -2.9047749e-04   7.7777263e-04
   1.5232135e-02   1.9630924e-01   2.0751700e-01   3.0553554e-03  -8.0411502e-05   9.0575055e-04
   7.1729852e-03   1.6696384e-01   4.1321783e-02   4.0574821e-03  -2.5086723e-04   8.7739302e-04
   6.3109506e-03   2.4720424e-01   2.1326436e-01   4.4042502e-03  -2.4169366e-04   1.0581163e-03
   2.2823035e-03   1.6504924e-01   8.6368653e-02   4.1666563e-03  -2.6792469e-04   9.6148700e-04
   1.5493896e-02   2.5685664e-01   1.9843779e-01   4.7098752e-03  -6.1864020e-06   8.2573159e-04
   2.4159167e-03   1.3481931e-01   1.2490989e-01   2.8693231e-03  -8.3846887e-05   9.8238469e-04
   9.6891891e-03   2.5331356e-01   1.1425008e-01   5.2748931e-03  -4.2768977e-04   1.0324957e-03
   2.3093734e-02   2.2835699e-01   1.6524958e-01   4.0708330e-03  -1.1142945e-04   7.7786117e-04
   3.7291756e-03   1.6336111e-01   1.3211503e-01   3.3122532e-03  -3.3369537e-04   1.1793293e-03
   1.1873692e-02   2.3431263e-01   1.7733752e-01   4.8502353e-03  -3.6219045e-04   1.1218157e-03
   1.8509357e-02   1.7649335e-01   1.2871751e-01   3.6091903e-03   1.6980540e-04   9.8282099e-04
   1.6652548e-02   2.0668389e-01   1.0140454e-01   4.4427859e-03  -7.6081028e-05   9.8407460e-04
   1.0028726e-02   2.0428492e-01   1.8355228e-01   3.2435693e-03  -1.5530234e-04   1.3585190e-03
   5.0426345e-03   2.3755297e-01   1.0074047e-01   5.5162003e-03  -4.2026274e-04   9.3263575e-04
   2.0157605e-02   2.2882616e-01   1.7762960e-01   3.8760965e-03  -6.9625239e-06   1.1149147e-03
   7.2176629e-03   2.4541199e-01   1.1000555e-01   5.4872450e-03  -4.2100750e-04   1.1968780e-03
   4.6635719e-03   2.5675322e-01   2.0638560e-01   4.3122781e-03  -3.6589166e-04   9.6315275e-04
  -4.9405500e-03   1.8140499e-01   6.2599594e-02   4.5359895e-03  -2.4295027e-04   1.2042888e-03
   7.2380939e-03   2.7827479e-01   2.0674700e-01   5.6272114e-03  -2.0731515e-04   1.2042995e-03
   4.5946686e-05   1.8537590e-01   1.3297182e-01   4.1745415e-03  -3.4803949e-04   1.4104778e-03
   1.6136393e-02   2.7395617e-01   1.5016070e-01   6.1497530e-03  -4.1680148e-04   7.0081001e-04
   4.7593454e-03   2.3716664e-01   1.6227261e-01   4.5378576e-03  -4.3949400e-04   1.0045230e-03
  -7.0179930e-04   2.1558991e-01   8.5194806e-02   5.4894854e-03  -4.2492970e-04   1.0610639e-03
   1.9229551e-02   2.7259843e-01   2.1769477e-01   5.3150521e-03   1.9131022e-05   1.0861072e-03
   1.5046887e-02   1.8921943e-01   7.9412177e-02   4.7502999e-03  -6.9804229e-05   1.1461604e-03
   1.8256169e-03   2.8595935e-01   2.1152551e-01   5.9685756e-03  -4.0741726e-04   1.3423778e-03
   1.9815426e-03   1.8684484e-01   1.5011745e-01   4.1790907e-03  -7.0157913e-05   1.5398534e-03
  -9.5340262e-03   2.7914104e-01   1.2036363e-01   6.0977117e-03  -6.6660657e-04   1.6320525e-03
  -8.7095760e-04   2.6116643e-01   1.8289324e-01   4.9074713e-03  -4.6934320e-04   1.3800640e-03
  -1.1777294e-02   2.1039478e-01   5.8492210e-02   5.0529318e-03  -3.8024524e-04   1.6342929e-03
   1.0298930e-02   3.2772406e-01   2.3497083e-01   6.8353137e-03  -6.9861856e-05   1.3085603e-03
   7.8598257e-03   2.1019669e-01   1.3052389e-01   5.4954629e-03   8.4361448e-05   1.2075923e-03
   1.0080857e-03   2.6501942e-01   1.3577272e-01   5.9938137e-03  -2.7536178e-04   1.0890476e-03
   2.1808261e-02   2.6538047e-01   1.9680488e-01   5.2504408e-03  -7.8703504e-05   1.0290333e-03
   1.5289556e-02   2.3144825e-01   8.9525647e-02   5.4175192e-03  -8.3364264e-05   1.2622583e-03
   2.7080987e-02   3.0458959e-01   2.3873640e-01   6.0308158e-03  -2.8233640e-04   6.2869980e-04
   1.4789085e-02   2.2871825e-01   1.7190747e-01   5.2374410e-03  -2.4597118e-05   1.0860811e-03
   1.9346734e-02   2.9093764e-01   2.0339679e-01   6.6864178e-03   9.0275508e-05   1.2028013e-03
   3.1077098e-02   2.4138624e-01   1.7515798e-01   5.1534620e-03   4.4987698e-04   1.0030266e-03
   2.3679460e-02   2.8572447e-01   1.6928329e-01   6.4721982e-03   1.6472854e-04   9.3297998e-04
   2.2146026e-02   2.6207217e-01   2.2041176e-01   4.9387950e-03   3.7045074e-04   8.9844523e-04
   1.9512205e-02   2.4339165e-01   1.3583572e-01   5.1647201e-03   3.1885241e-04   1.2192768e-03
   1.0263000e-02   3.4710695e-01   3.1347726e-01   6.6897686e-03  -9.8816636e-05   1.3081394e-03
   2.1716501e-02   2.2054635e-01   2.0014771e-01   4.8918854e-03   5.9988683e-04   1.6033346e-03
   2.5983683e-02   2.8591039e-01   2.3070479e-01   6.4642814e-03   4.5108574e-04   1.3976512e-03
   3.7197737e-02   2.6396229e-01   2.7222471e-01   5.7796110e-03   7.2470249e-04   9.5606627e-04
   2.1885342e-02   2.4091388e-01   1.8311177e-01   6.2519269e-03   4.0197241e-04   1.3037241e-03
   3.8115043e-02   3.5103914e-01   3.2291517e-01   6.4970035e-03   5.9854581e-04   9.8691256e-04
   2.2242955e-02   2.7365189e-01   2.0562073e-01   6.1036034e-03   3.8464215e-04   1.3758157e-03
   2.3339166e-02   2.9645802e-01   2.7705739e-01   6.1953473e-03   2.0717044e-04   1.4251022e-03
   2.6928907e-02   2.2218993e-01   2.0297585e-01   5.2948224e-03   5.8014771e-04   1.4573196e-03
   1.9187089e-02   2.6363524e-01   1.3713950e-01   6.7632323e-03   2.9501189e-04   1.3144919e-03
   2.0918369e-02   2.7868379e-01   2.5168564e-01   6.0794042e-03   4.7374229e-04   9.6560680e-04
   6.4116048e-03   2.5183822e-01   1.5345917e-01   6.2900529e-03   4.0028248e-04   1.4048644e-03
   2.0249995e-02   3.4550391e-01   2.5948186e-01   6.9859660e-03   4.3845077e-04   1.1668403e-03
   4.5070984e-03   2.4510665e-01   1.4827197e-01   5.5834900e-03   4.5580408e-04   1.4919654e-03
   6.4774718e-03   3.2986918e-01   1.8689560e-01   7.3182396e-03   3.1477053e-04   1.0269849e-03
   9.4639261e-03   2.7120786e-01   2.5262123e-01   5.6877896e-03   4.6123247e-04   1.0481875e-03
   1.6257128e-02   2.9069565e-01   1.4346743e-01   6.9269947e-03   6.9143641e-04   1.4428610e-03
   2.5800334e-02   3.1148164e-01   2.7442812e-01   6.2436667e-03   7.2111648e-04   1.3049228e-03
   1.3372321e-02   2.4989962e-01   8.2314523e-02   5.9863389e-03   5.3310562e-04   1.5277183e-03
   1.3333230e-02   3.2251368e-01   2.2433273e-01   6.7841470e-03   4.1564278e-04   1.2813534e-03
   3.6763840e-03   2.7001042e-01   1.3415913e-01   5.9715931e-03   5.2686509e-04   1.6157752e-03
   1.6857343e-02   3.4904782e-01   1.9821942e-01   7.5682837e-03   3.5100524e-04   1.3406636e-03
   1.2744598e-02   3.4172094e-01   2.1127370e-01   7.3173800e-03   3.3568316e-04   1.3469883e-03
   1.1772317e-02   2.9447493e-01   8.2215058e-02   6.8684923e-03   4.8030786e-04   1.4295355e-03
   1.9782579e-02   3.2786673e-01   2.2175268e-01   6.9585930e-03   6.0598935e-04   1.3316565e-03
   2.9087247e-02   2.5197192e-01   1.5846371e-01   5.8055839e-03   7.2151772e-04   1.3012709e-03
   1.6789968e-02   3.0252928e-01   1.4211657e-01   6.6450096e-03   2.3980932e-04   1.3581143e-03
   4.8226939e-02   3.1358664e-01   2.3820283e-01   6.4030183e-03   8.0052834e-04   1.0168989e-03
   1.9550034e-02   3.1681634e-01   7.0288338e-02   7.3212297e-03   1.9888850e-04   1.3296743e-03
   2.7094895e-02   3.7429109e-01   2.4977211e-01   7.4300862e-03   3.7294162e-04   1.5023713e-03
   2.8458465e-02   2.6438098e-01   1.8121787e-01   5.8605499e-03   7.1492894e-04   1.2316601e-03
   2.7797678e-02   3.5816283e-01   2.0257894e-01   7.3106434e-03   4.0218956e-04   1.0486822e-03
   3.9352756e-02   2.8707611e-01   2.2928176e-01   5.8011090e-03   7.7582050e-04   1.1716482e-03
   4.9401237e-02   2.7828046e-01   1.5528835e-01   6.5680737e-03   1.0112016e-03   1.0262614e-03
   4.8468457e-02   3.5943727e-01   2.7556096e-01   7.2999042e-03   7.0881644e-04   9.3997082e-04
   3.0065625e-02   2.6007976e-01   1.4820519e-01   5.9951658e-03   7.6660680e-04   1.2215198e-03
   2.8811030e-02   3.8843329e-01   2.2638367e-01   7.9613469e-03   2.7722875e-04   9.7823033e-04
   2.5594934e-02   2.9071794e-01   1.9177309e-01   6.3030024e-03   9.0678897e-04   8.6855957e-04
   2.2903962e-02   3.1051189e-01   1.4916416e-01   7.3146815e-03   7.2260756e-04   9.9998272e-04
   3.1124054e-02   3.8492538e-01   2.8578046e-01   7.8169589e-03   6.0060158e-04   8.2616254e-04
   3.5266046e-02   2.8464733e-01   1.1870759e-01   6.4186431e-03   7.5051378e-04   1.0805768e-03
   3.7475796e-02   3.8476529e-01   2.1505122e-01   8.1731900e-03   6.3846794e-04   1.2368664e-03
   5.7838220e-02   3.0452539e-01   2.5312374e-01   6.3509426e-03   1.0090254e-03   8.1864487e-04
   3.8357782e-02   3.5430680e-01   1.3030108e-01   8.3252555e-03   4.9156806e-04   1.3552819e-03
   3.9480390e-02   3.3781225e-01   2.2187671e-01   6.4927484e-03   7.7163665e-04   1.0492604e-03
   5.1137614e-02   2.8326200e-01   1.2035355e-01   6.4446377e-03   8.8693389e-04   1.4200847e-03
   6.1231832e-02   3.7620324e-01   2.7253320e-01   7.3707786e-03   1.1644386e-03   1.0655055e-03
   4.2328425e-02   2.9442165e-01   1.3512323e-01   6.6994070e-03   7.6525975e-04   1.3878094e-03
   5.9837710e-02   3.4554858e-01   2.3693827e-01   7.1614634e-03   9.2320169e-04   7.9324308e-04
   4.9870869e-02   2.5581604e-01   1.1033029e-01   5.4458453e-03   1.0540167e-03   5.3935004e-04
   4.9108849e-02   3.2191645e-01   1.5221419e-01   6.9939135e-03   8.7367552e-04   7.0180454e-04
   4.8321868e-02   3.2674872e-01   2.2667758e-01   6.2908529e-03   1.0274137e-03   1.0123999e-03
   4.7917554e-02   3.5552821e-01   1.0623678e-01   7.8432773e-03   9.2299274e-04   1.1414943e-03
   5.5070073e-02   3.9641623e-01   2.1127558e-01   7.9037849e-03   8.9324234e-04   8.1746827e-04
   5.1480921e-02   3.0311385e-01   1.9236710e-01   6.0600106e-03   1.1011428e-03   9.1757015e-04
   5.8129650e-02   3.6324572e-01   1.7794833e-01   7.1915584e-03   1.0163821e-03   1.2343208e-03
   6.9291790e-02   3.4951616e-01   2.4746533e-01   6.6380919e-03   9.4661728e-04   5.0323809e-04
   5.2921675e-02   2.5807077e-01   1.5535880e-01   5.0243426e-03   1.1453743e-03   1.0992024e-03
   3.6650818e-02   3.7236765e-01   1.2667252e-01   7.6479063e-03   5.7017200e-04   1.6168128e-03
   5.2512557e-02   3.6328220e-01   2.1621306e-01   6.7372707e-03   1.0525710e-03   8.7882900e-04
   3.9337774e-02   2.8051395e-01   1.0698609e-01   5.9190931e-03   7.7659747e-04   1.3170140e-03
   7.0756466e-02   3.4103220e-01   2.5754424e-01   6.6227897e-03   1.1235605e-03   8.1666796e-04
   5.9126091e-02   2.8024859e-01   1.7757379e-01   5.7588773e-03   1.0423163e-03   1.1487621e-03
   3.4248762e-02   3.2167179e-01   7.7956693e-02   6.8053326e-03   3.1971939e-04   1.2653716e-03
   5.5104019e-02   3.5721696e-01   2.1226271e-01   6.3695725e-03   7.9758219e-04   1.4226453e-03
   4.4304625e-02   3.1075069e-01   7.7753208e-02   6.9521454e-03   4.8898310e-04   1.5467174e-03
   7.2626582e-02   3.7113863e-01   2.4842016e-01   6.8745629e-03   1.1666540e-03   1.2758411e-03
   6.2987950e-02   2.9460822e-01   4.5298780e-02   6.3673760e-03   1.0098636e-03   1.3251066e-03
   6.8623975e-02   3.7848286e-01   1.0384985e-01   7.5042167e-03   1.0286849e-03   1.1553796e-03
   6.2498014e-02   3.2752426e-01   1.7798669e-01   6.1779518e-03   9.6650134e-04   1.3120485e-03
   2.9163964e-02   3.3511014e-01   8.1075688e-02   6.8435147e-03   5.6978620e-04   1.5179137e-03
   5.8834046e-02   4.0356056e-01   2.4485800e-01   7.1841114e-03   1.1363497e-03   1.3126598e-03
   4.5766328e-02   2.9756530e-01   1.4051263e-01   6.5114033e-03   9.9867906e-04   1.5080408e-03
   5.3422497e-02   4.0346101e-01   2.0203685e-01   7.9988664e-03   7.1383272e-04   1.6097113e-03
   6.7392385e-02   3.1387615e-01   1.2918341e-01   6.7151936e-03   1.4830927e-03   1.1465026e-03
   5.4221473e-02   3.4815238e-01   1.6173632e-01   7.7337345e-03   1.0422467e-03   1.5132633e-03
   5.0199398e-02   3.2345752e-01   1.3531665e-01   6.5227182e-03   1.3151272e-03   1.4148097e-03
   4.2689677e-02   3.7736463e-01   1.4472942e-01   7.9695437e-03   9.4143071e-04   1.3511449e-03
   5.1901294e-02   4.1757232e-01   1.9225694e-01   8.1739724e-03   1.1828945e-03   1.3160424e-03
   6.2257272e-02   3.6122952e-01   9.2017952e-02   7.8075457e-03   1.3416440e-03   1.4789446e-03
   6.9885703e-02   4.1267226e-01   2.7726310e-01   7.5140742e-03   1.5334862e-03   1.0926835e-03
   6.8731301e-02   3.1174003e-01   1.5867996e-01   6.9541326e-03   1.4739224e-03   1.4094733e-03
   7.0568231e-02   3.9945408e-01   2.0292747e-01   7.9271267e-03   1.2542719e-03   1.3847582e-03
   6.4482783e-02   3.1831607e-01   1.0279013e-01   6.6102010e-03   1.4191942e-03   1.5785214e-03
   7.8846578e-02   3.7100465e-01   1.5823845e-01   7.8939214e-03   1.4339559e-03   1.4601683e-03
   9.2697115e-02   3.8351469e-01   1.9648603e-01   7.6567954e-03   1.7358468e-03   9.9624398e-04
   5.8005122e-02   3.4300843e-01   5.7939284e-02   7.7383136e-03   1.1348280e-03   1.3865591e-03
   7.7702703e-02   4.1067283e-01   2.0485290e-01   7.7607769e-03   1.3360685e-03   1.1419086e-03
   6.2829797e-02   3.3149549e-01   1.2372947e-01   6.7959631e-03   1.4920683e-03   1.3247658e-03
   4.6459262e-02   3.9178501e-01   1.3156183e-01   7.9437863e-03   9.8104341e-04   1.2324475e-03
   5.1938568e-02   3.8455749e-01   1.4496482e-01   7.4009451e-03   1.1900203e-03   1.5989408e-03
   6.2416364e-02   3.6389139e-01   9.1507828e-02   7.7936124e-03   1.0672378e-03   1.4119789e-03
   7.1318633e-02   3.8036896e-01   1.6385938e-01   7.6740368e-03   1.4248700e-03   1.2738134e-03
   6.4145765e-02   3.6163167e-01   1.6381002e-02   7.8803829e-03   1.1497698e-03   1.4603430e-03
   9.0582918e-02   4.2743714e-01   1.9447343e-01   7.9576516e-03   1.5723927e-03   1.3214710e-03
   6.4259421e-02   3.7638741e-01   8.9712927e-03   8.2799708e-03   1.0791206e-03   1.6873287e-03
   7.5389676e-02   4.3516652e-01   1.9485782e-01   8.4149741e-03   1.4826294e-03   1.3545808e-03
   7.3649062e-02   3.2920634e-01   1.7202454e-01   7.0999608e-03   1.5698716e-03   1.3109428e-03
   7.5065754e-02   3.8859112e-01   1.2297293e-01   7.7527402e-03   1.1032438e-03   1.2132061e-03
   7.9165279e-02   3.7727440e-01   2.0954556e-01   7.2778495e-03   1.7851526e-03   1.1531672e-03
   6.4014295e-02   3.6669675e-01   6.9773869e-02   8.3419559e-03   1.3846582e-03   1.4989842e-03
   9.8054935e-02   4.7532642e-01   2.3605856e-01   9.0942295e-03   1.6951392e-03   1.5727993e-03
   7.6954969e-02   3.6251403e-01   7.0638449e-02   7.7107410e-03   1.4819222e-03   1.3562587e-03
   8.3727765e-02   4.4979899e-01   2.3278343e-01   8.0614408e-03   1.6233663e-03   1.0633367e-03
   9.0081639e-02   3.7522741e-01   1.7510635e-01   7.3943848e-03   1.8973961e-03   1.1680696e-03
   7.6728673e-02   3.9665188e-01   1.1624502e-01   8.1415496e-03   1.1875756e-03   1.0054712e-03
   1.0256049e-01   3.9353936e-01   2.3092053e-01   7.2983741e-03   1.9670699e-03   1.0168789e-03
   7.7214927e-02   3.5073133e-01   1.0289348e-01   7.2522163e-03   1.7532875e-03   1.6167410e-03
   8.4902697e-02   4.3654036e-01   1.8952641e-01   7.9817004e-03   1.5316395e-03   1.0377290e-03
   6.9834675e-02   3.3254375e-01   1.3421370e-01   6.8555300e-03   1.5196171e-03   1.6055153e-03
   7.4026550e-02   4.1218631e-01   1.5483448e-01   8.1450879e-03   1.4419539e-03   1.3927115e-03
   7.6134647e-02   3.4777362e-01   1.0481291e-01   7.0180488e-03   1.7875313e-03   1.4335349e-03
   1.0041425e-01   4.5360146e-01   2.5674227e-01   7.8033338e-03   2.0535677e-03   7.6911754e-04
   8.9284379e-02   3.3035423e-01   9.8142714e-02   7.1263869e-03   1.9271544e-03   1.1669607e-03
   9.2850525e-02   4.4364889e-01   1.8205423e-01   8.5005222e-03   1.9432787e-03   1.0940098e-03
   7.2686767e-02   3.6239601e-01   1.6655158e-01   6.9961536e-03   1.9401869e-03   1.1551131e-03
   6.1672382e-02   4.1506368e-01   1.4927908e-01   8.5355947e-03   1.6516712e-03   1.4390224e-03
   7.1551780e-02   4.4408189e-01   1.8301129e-01   7.9974283e-03   1.8027676e-03   1.1733760e-03
   8.5508851e-02   3.7894943e-01   9.6129399e-02   7.6745659e-03   1.8947186e-03   1.5044336e-03
   8.4680614e-02   4.6378704e-01   2.0696208e-01   8.2999103e-03   1.6366434e-03   1.5973652e-03
   8.9854043e-02   3.1739846e-01   1.2849123e-01   6.1826513e-03   2.0897441e-03   1.2045091e-03
   8.7608361e-02   4.1528341e-01   1.7153912e-01   8.1304071e-03   2.0979387e-03   1.1354279e-03
   1.0045340e-01   4.0308367e-01   1.7608600e-01   7.2334980e-03   2.6374830e-03   1.0587345e-03
   8.0527375e-02   4.1301237e-01   1.3082677e-01   8.6032813e-03   2.0779912e-03   1.2995455e-03
   9.2137242e-02   4.9976796e-01   2.9424685e-01   8.8966251e-03   2.2574325e-03   8.6105343e-04
   9.8371475e-02   4.0173682e-01   1.3066703e-01   7.6516183e-03   2.3023787e-03   1.1131231e-03
   1.1264099e-01   4.0821631e-01   1.8021813e-01   7.9091796e-03   2.5107126e-03   6.1298980e-04
   1.1668556e-01   3.8002374e-01   1.4334230e-01   7.9392658e-03   2.9037209e-03   8.8652836e-04
   1.2299698e-01   4.6973408e-01   1.5841615e-01   1.0249208e-02   2.9038569e-03   9.9723231e-04
   1.3877507e-01   4.5873283e-01   2.6573638e-01   8.6276504e-03   3.1005659e-03   7.5681958e-04
   1.2912294e-01   4.3156696e-01   1.3041933e-01   9.2682321e-03   2.8539483e-03   6.9416130e-04
   1.4154120e-01   4.5354675e-01   2.3534183e-01   8.8066074e-03   3.1553572e-03   4.3158615e-04
   1.3241784e-01   4.1223981e-01   1.0267861e-01   8.8941963e-03   3.0641909e-03   6.6108210e-04
   1.3876474e-01   5.1731850e-01   2.3740485e-01   1.0377164e-02   2.8067564e-03   5.3426640e-04
   1.4243411e-01   4.3756871e-01   1.7218844e-01   9.1396400e-03   2.9025003e-03   3.0028057e-04
   1.4268034e-01   4.9788174e-01   1.2497177e-01   1.1378031e-02   2.8606404e-03   8.1462913e-04
   1.6829874e-01   5.1469415e-01   2.2809395e-01   1.0377857e-02   3.2043541e-03   2.6696240e-04
   1.6039029e-01   4.4355014e-01   1.4731739e-01   1.0201863e-02   3.1008266e-03   4.2308572e-04
   1.9206676e-01   5.4285477e-01   2.7535796e-01   1.1260953e-02   3.5341992e-03  -1.6798922e-04
   1.6459594e-01   4.0460244e-01   1.5498832e-01   8.7133443e-03   3.3182779e-03   3.5717414e-04
   1.5030973e-01   4.7941786e-01   1.4356961e-01   1.0416008e-02   2.6991334e-03   3.8749366e-04
   1.6167602e-01   4.5474779e-01   1.5705420e-01   9.0885302e-03   3.2824888e-03   5.0094374e-04
   1.5637712e-01   4.8246723e-01   1.4077202e-01   1.0663398e-02   3.0184467e-03   3.7876438e-04
   1.8470305e-01   5.1780916e-01   2.2262292e-01   1.0819315e-02   3.6456395e-03  -2.1133399e-05
   1.6358288e-01   4.7043629e-01   1.0190479e-01   1.0421107e-02   3.7692808e-03   6.9497344e-04
   1.6782267e-01   5.4165494e-01   2.3447707e-01   1.1199040e-02   3.6414636e-03   5.1169278e-04
   1.5793351e-01   4.6725343e-01   1.7976567e-01   1.0084558e-02   3.4701327e-03   5.2210875e-04
   1.4264370e-01   4.9258027e-01   9.3255043e-02   1.0932052e-02   2.8663721e-03   5.3670145e-04
   1.8158746e-01   4.9445425e-01   1.6360256e-01   9.8876480e-03   4.0737475e-03   5.5887727e-04
   1.5800103e-01   5.1524123e-01   6.4637206e-02   1.2084090e-02   3.2827901e-03   2.9648537e-04
   1.7663789e-01   5.1821393e-01   1.6942201e-01   1.0493386e-02   3.7991187e-03   1.6745357e-04
   1.6108957e-01   4.6339149e-01   4.0758278e-02   1.0352348e-02   3.8166318e-03   3.5944934e-04
   1.7374313e-01   5.5733047e-01   1.7583379e-01   1.1325759e-02   3.9674280e-03   3.1620945e-04
   1.5072697e-01   5.2156351e-01   4.4225068e-03   1.1357914e-02   3.2792481e-03   9.0589335e-04
   1.6466211e-01   5.7226696e-01   1.8206090e-01   1.1929376e-02   3.9609992e-03   5.1683728e-04
   1.8046658e-01   4.8975729e-01   1.2529007e-01   1.1092941e-02   4.1988727e-03   4.8911098e-04
   1.9017433e-01   5.1272149e-01   1.1426364e-01   1.1455618e-02   4.2384111e-03  -3.1666639e-05
   1.8422609e-01   4.9405594e-01   2.6009445e-01   1.0835517e-02   4.9017336e-03  -2.3528732e-04
   1.8935872e-01   7.3000594e-01   3.5843914e-01   1.3291343e-02   4.8087497e-03  -1.4232878e-03
   1.7043789e-01   4.0999403e-01  -6.0691566e-02   1.2985902e-02   4.6122093e-03   3.6796825e-04
   1.8459059e-01   6.0504479e-01   1.4300795e-01   1.3405719e-02   4.8199358e-03  -1.4035691e-06
   1.9127554e-01   5.4338971e-01   6.0444003e-02   1.3291230e-02   4.5289062e-03  -2.4577393e-04
   1.7173769e-01   5.6723954e-01   7.0017054e-02   1.2912929e-02   4.7944508e-03   5.0076375e-05
   1.7619866e-01   5.8391391e-01   4.4657329e-02   1.4237064e-02   4.5965731e-03  -2.2752696e-04
   1.8775724e-01   5.7790105e-01   1.7055064e-01   1.3116906e-02   5.0328486e-03  -2.2320582e-04
   1.6477114e-01   5.6957369e-01   8.6018038e-02   1.3904700e-02   4.6969942e-03   1.6810596e-04
   1.8184054e-01   6.3293453e-01   1.7925132e-01   1.3879179e-02   4.8647922e-03  -2.3435494e-05
   1.7848453e-01   5.4038077e-01   3.6245812e-02   1.3546488e-02   4.8569820e-03   1.3934237e-04
   2.0981468e-01   6.0960142e-01   1.2454294e-01   1.3579526e-02   4.9369369e-03  -5.8383526e-04
   1.9943380e-01   5.3525837e-01   3.3195699e-02   1.3089712e-02   5.0549635e-03  -1.1744500e-04
   1.9773716e-01   6.2497704e-01   1.0244620e-01   1.5198844e-02   5.0876092e-03  -2.0550210e-04
   1.9747124e-01   6.4990999e-01   1.1244968e-01   1.4390541e-02   4.7504833e-03   1.9748908e-04
   1.9670593e-01   6.3081080e-01   7.3339438e-02   1.5843622e-02   4.8952894e-03   8.9917882e-06
   2.0502225e-01   6.5959392e-01   2.1824032e-01   1.4772236e-02   4.5156067e-03  -4.3523029e-04
   1.9973888e-01   5.7105329e-01   2.8133287e-02   1.4513388e-02   4.4972671e-03   3.0261258e-05
   2.1157625e-01   6.7771180e-01   1.8871625e-01   1.5685992e-02   4.8427727e-03  -2.4316695e-04
   2.0481427e-01   5.9358735e-01   7.9907171e-02   1.5495810e-02   4.7353985e-03   7.4056044e-05
   1.8697152e-01   6.6287524e-01   1.2868730e-01   1.6285869e-02   4.4828124e-03   1.5712169e-05
   1.9237456e-01   6.0865898e-01   1.0981468e-01   1.5067403e-02   4.5439604e-03   2.8840940e-04
   1.9864480e-01   6.2929139e-01   7.6638961e-02   1.5372821e-02   4.5479633e-03  -6.2748497e-04
   2.0011239e-01   6.3160642e-01   1.4501556e-01   1.5156069e-02   4.8928622e-03  -7.1600862e-05
   2.0169396e-01   6.6049918e-01   1.2776394e-01   1.6415893e-02   4.5803757e-03  -3.4053933e-04
   2.1540678e-01   6.5470234e-01   2.3499721e-01   1.4879643e-02   4.6663536e-03  -8.8749190e-04
   1.8677641e-01   5.9979869e-01   5.3631984e-02   1.5467520e-02   4.1533868e-03  -3.6854667e-04
   1.8653819e-01   6.5010798e-01   1.1070631e-01   1.5609536e-02   4.3337575e-03   1.2556979e-04
   1.8266073e-01   6.5857349e-01   1.4445565e-01   1.6283580e-02   4.2609306e-03  -9.5876340e-05
   1.8062660e-01   6.4025516e-01   1.8987778e-01   1.5632095e-02   4.3518670e-03  -1.3789632e-04
   1.7600614e-01   5.9627873e-01   8.5916060e-02   1.5068460e-02   4.8201758e-03  -3.4985692e-04
   2.0243588e-01   6.9509002e-01   2.3034302e-01   1.6271108e-02   4.7505795e-03  -5.4911831e-04
   1.8648902e-01   5.6572416e-01   4.2136076e-02   1.5082579e-02   4.5865893e-03  -2.2728548e-04
   2.0263575e-01   6.6408217e-01   2.0394317e-01   1.5857292e-02   4.8777107e-03  -8.5242333e-04
   1.8499315e-01   5.4739245e-01   1.3399185e-01   1.4432961e-02   4.7657048e-03  -4.9989115e-04
   1.8001299e-01   7.0148086e-01   1.6620547e-01   1.6917397e-02   4.7000655e-03  -1.8254525e-04
   1.7963747e-01   6.3134080e-01   1.7398556e-01   1.5376418e-02   4.7481707e-03  -3.6178825e-04
   1.7463704e-01   6.6183345e-01   1.1038467e-01   1.6584480e-02   4.6440978e-03  -9.8355179e-05
   1.9176046e-01   7.1874208e-01   2.8286068e-01   1.6292326e-02   4.6273434e-03  -4.0530178e-04
   1.5475115e-01   6.2835658e-01   7.5196983e-02   1.6250449e-02   4.1759949e-03   2.5695990e-04
   1.7915260e-01   7.0151375e-01   2.1616940e-01   1.6855520e-02   4.6692284e-03  -2.4229308e-04
   1.7859620e-01   5.7727688e-01   6.9567393e-02   1.5373774e-02   4.8476784e-03  -4.6620025e-04
   1.8686136e-01   6.7197250e-01   1.5413471e-01   1.6947652e-02   4.8672877e-03  -3.5660576e-04
   1.8790670e-01   6.4538549e-01   1.5471865e-01   1.5880913e-02   4.7672033e-03  -4.2480341e-04
   1.6336612e-01   6.9892887e-01   8.9825717e-02   1.7515109e-02   4.3964598e-03  -5.1051332e-05
   1.9647963e-01   7.2421868e-01   2.1337241e-01   1.6954508e-02   5.0618940e-03  -3.5118105e-04
   1.9715173e-01   6.2607122e-01   1.3630101e-01   1.5799452e-02   5.2616982e-03  -2.0819374e-04
   1.8191881e-01   7.5728133e-01   1.9978132e-01   1.8005234e-02   4.8140890e-03  -1.1121041e-04
   1.7817839e-01   6.5194233e-01   1.7104452e-01   1.5757608e-02   4.7177307e-03   3.2890799e-04
   1.7441751e-01   6.8390190e-01   1.6387531e-01   1.7222673e-02   4.7552398e-03   1.8209207e-04
   1.9496734e-01   6.6651747e-01   2.3564341e-01   1.6597528e-02   5.1182040e-03  -2.8271500e-04
   1.8430966e-01   6.3766339e-01   1.4582590e-01   1.7056637e-02   5.2205950e-03  -1.5680861e-04
   2.0091215e-01   7.5637044e-01   3.5409213e-01   1.7400484e-02   5.5061076e-03  -1.0519852e-03
   1.7702557e-01   6.0545483e-01   7.1885581e-02   1.6632171e-02   5.5304115e-03  -6.6717232e-04
   1.9684471e-01   6.4251464e-01   1.1982993e-01   1.6041810e-02   5.4940093e-03  -1.2394147e-03
   1.9315457e-01   5.9776900e-01   1.0488591e-01   1.5753942e-02   5.2518068e-03  -8.2911671e-04
   1.9641308e-01   6.3493290e-01   6.2835881e-02   1.6627790e-02   5.2066139e-03  -1.1407572e-03
   2.0246958e-01   6.8893253e-01   1.8212159e-01   1.6448268e-02   5.2354762e-03  -1.2902969e-03
   1.8996370e-01   6.1514594e-01   1.5002106e-01   1.6171336e-02   5.3033324e-03  -8.4869170e-04
   2.0818782e-01   7.4886921e-01   2.7509213e-01   1.7828800e-02   5.5780411e-03  -9.1238758e-04
   2.0063890e-01   6.0087126e-01   2.0240262e-01   1.5749417e-02   5.4098554e-03  -9.4415441e-04
   2.0819549e-01   6.2384809e-01   1.2598800e-01   1.6438360e-02   5.6964035e-03  -9.1449938e-04
   2.1621701e-01   6.2913449e-01   2.2584553e-01   1.5327101e-02   5.8536200e-03  -7.4105286e-04
   2.1031340e-01   6.7106580e-01   1.5306534e-01   1.7431918e-02   5.3943592e-03  -8.1321053e-04
   2.0244669e-01   6.8035741e-01   2.0822775e-01   1.6720082e-02   5.3307324e-03  -7.0335281e-04
   2.1191252e-01   6.5407750e-01   1.3151234e-01   1.6844616e-02   5.8659329e-03  -8.4986850e-04
   2.3314591e-01   6.8652809e-01   2.8683921e-01   1.6707573e-02   6.0987979e-03  -1.2143983e-03
   2.1015796e-01   6.3611390e-01   1.3807138e-01   1.6799756e-02   5.7060107e-03  -5.3368427e-04
   2.1590995e-01   7.4428673e-01   2.5726047e-01   1.7588203e-02   5.6387297e-03  -8.1770279e-04
   2.1507045e-01   6.9376047e-01   2.0855642e-01   1.7893749e-02   5.4826429e-03  -6.2200471e-04
   2.0011391e-01   7.1753692e-01   1.7215052e-01   1.7451688e-02   5.2844768e-03  -9.3948743e-04
   2.1868006e-01   6.9885466e-01   2.5011085e-01   1.7407406e-02   6.0188188e-03  -5.7372064e-04
   2.0903929e-01   6.8277455e-01   1.0610622e-01   1.7974779e-02   5.5211623e-03  -8.3051069e-04
   2.2266298e-01   7.5877120e-01   2.6280433e-01   1.9257181e-02   6.1540415e-03  -1.1958003e-03
   4.6986884e-01   1.5688906e+00   8.1724242e-01   6.1190921e-02   1.3299964e-02  -7.0722971e-03
   4.0219135e-01   1.1896296e+00   3.2592125e-01   4.1067596e-02   9.2490772e-03  -6.5988341e-03
   3.8347600e-01   1.0832931e+00   1.9718272e-01   3.2835377e-02   9.0629254e-03  -5.4159248e-03
   3.7552229e-01   9.9682592e-01   2.3004181e-01   3.3229396e-02   9.3479097e-03  -5.1582294e-03
   3.9233357e-01   1.0858811e+00   4.2661336e-01   3.2827088e-02   9.4137380e-03  -4.8554359e-03
   3.8389149e-01   9.9820090e-01   2.4865035e-01   3.1871920e-02   9.0967407e-03  -5.2343848e-03
   3.9058854e-01   1.1075550e+00   4.2056131e-01   3.3209113e-02   9.3519644e-03  -5.0419519e-03
   3.9183518e-01   1.0030428e+00   2.8711277e-01   3.2114427e-02   9.3887071e-03  -5.2991143e-03
   3.9929030e-01   1.0486011e+00   3.5079345e-01   3.2308097e-02   9.5823943e-03  -5.5094097e-03
   3.8608191e-01   9.6354727e-01   2.6472480e-01   3.0998650e-02   9.3561761e-03  -5.3413865e-03
   3.7702927e-01   1.1134495e+00   3.0200004e-01   3.3496619e-02   9.2442849e-03  -4.9258606e-03
   3.7687992e-01   1.1232772e+00   3.2507997e-01   3.3579661e-02   8.8424894e-03  -4.8962218e-03
   3.7419816e-01   1.0573244e+00   3.0249675e-01   3.2173111e-02   8.6977128e-03  -5.3762332e-03
   3.8065983e-01   1.1168449e+00   3.8253216e-01   3.3924719e-02   9.3726432e-03  -5.2798076e-03
   3.6838493e-01   1.0005044e+00   2.1567578e-01   3.2479081e-02   9.3610791e-03  -5.0262334e-03
   3.7394873e-01   1.0783047e+00   3.4812044e-01   3.2936061e-02   9.3275273e-03  -5.2155138e-03
   3.7471150e-01   1.0001371e+00   2.4786001e-01   3.1064892e-02   9.2595711e-03  -4.8529158e-03
   3.7102435e-01   1.0982903e+00   3.0113126e-01   3.3108810e-02   9.2401690e-03  -4.9299894e-03
   3.9475289e-01   1.1096230e+00   4.1612262e-01   3.2107031e-02   9.6556758e-03  -5.0211618e-03
   3.6167822e-01   1.0621883e+00   2.2429072e-01   3.1827402e-02   8.5391589e-03  -4.6142565e-03
   3.6724635e-01   1.1353882e+00   3.3657569e-01   3.2062870e-02   8.7086622e-03  -4.2600611e-03
   3.6217574e-01   1.0243434e+00   2.5960026e-01   3.2208618e-02   8.9114986e-03  -4.4583365e-03
   3.7472234e-01   1.1553766e+00   4.1912135e-01   3.3923462e-02   9.1174962e-03  -4.8641671e-03
   3.7474606e-01   1.0316868e+00   2.8943364e-01   3.2794005e-02   1.0222003e-02  -4.7353630e-03
   3.5763962e-01   1.1000277e+00   2.6882845e-01   3.2773391e-02   9.3281004e-03  -2.5583122e-03
   3.5902289e-01   9.8009331e-01   2.1739062e-01   2.9504570e-02   9.4963113e-03  -2.2222641e-03
   3.0881109e-01   1.0070298e+00   1.8787395e-01   2.9532037e-02   8.7517616e-03  -2.0558156e-03
   3.2174464e-01   1.0352343e+00   3.0826230e-01   2.9348716e-02   8.6394995e-03  -2.4949087e-03
   3.1399912e-01   8.7630555e-01   9.3463035e-02   2.8202300e-02   8.6547434e-03  -2.3879911e-03
   3.3398224e-01   1.0428562e+00   3.0607343e-01   2.9981350e-02   8.8019818e-03  -2.9810480e-03
   3.2758763e-01   1.0069673e+00   1.6946441e-01   3.0838780e-02   8.4760836e-03  -3.0733032e-03
   3.3982071e-01   1.0495253e+00   2.7149681e-01   3.0474313e-02   8.6427888e-03  -3.0410576e-03
   3.5102916e-01   9.4322914e-01   2.1052570e-01   2.8903015e-02   8.7682424e-03  -2.9368122e-03
   3.3837145e-01   1.0084471e+00   2.2552565e-01   3.0068325e-02   8.5217467e-03  -2.7899619e-03
   3.5559396e-01   9.5237472e-01   2.5949398e-01   2.8354511e-02   9.0021038e-03  -2.8280856e-03
   3.3268819e-01   9.8869553e-01   2.4348429e-01   3.0214674e-02   8.7128858e-03  -2.9526250e-03
   3.4215302e-01   9.8723712e-01   2.9058387e-01   2.8885886e-02   8.7361154e-03  -3.0093629e-03
   3.2051283e-01   9.6202444e-01   1.6438714e-01   2.9388853e-02   8.4878545e-03  -2.7260502e-03
   3.4683131e-01   9.7707212e-01   2.7454930e-01   2.8580538e-02   8.8856333e-03  -3.0919307e-03
   3.2139964e-01   9.3511531e-01   1.4501031e-01   2.9041864e-02   8.8563176e-03  -2.5944605e-03
   3.4792083e-01   1.0296320e+00   2.8191669e-01   2.9921235e-02   9.1121886e-03  -3.1092610e-03
   3.2655324e-01   9.1986243e-01   1.2174706e-01   2.8752379e-02   8.7966689e-03  -2.9011019e-03
   3.2769832e-01   9.8731820e-01   2.0465799e-01   2.8912830e-02   8.8548395e-03  -2.8643181e-03
   3.3257692e-01   9.5156534e-01   2.3524415e-01   2.8271313e-02   8.8124945e-03  -2.9303679e-03
   3.1112631e-01   1.0076806e+00   1.6154605e-01   2.9826763e-02   8.5366204e-03  -2.9809397e-03
   3.2410295e-01   1.0321619e+00   2.1851463e-01   2.9547047e-02   8.6532478e-03  -2.9183744e-03
   3.0939298e-01   9.8000043e-01   1.3022912e-01   2.9522170e-02   8.8216941e-03  -2.7588840e-03
   3.1819620e-01   1.0496300e+00   2.6479648e-01   2.9717340e-02   8.8545711e-03  -2.8111174e-03
   3.0340352e-01   9.3436103e-01   1.7091922e-01   2.8347883e-02   8.5589313e-03  -2.4742639e-03
   3.2268854e-01   1.0272490e+00   2.2417432e-01   2.9852061e-02   8.8409410e-03  -2.9319377e-03
   3.1377167e-01   9.0385245e-01   1.2868570e-01   2.7251177e-02   8.4991109e-03  -2.6246615e-03
   3.3692315e-01   1.2116842e+00   5.2867522e-01   2.9024543e-02   8.9612525e-03  -3.1369109e-03
   3.4616284e-01   9.4003875e-01   8.2193514e-02   3.0129301e-02   8.7490865e-03  -2.4999579e-03
   3.3047374e-01   9.9034817e-01   1.8186453e-01   2.9617151e-02   8.5078646e-03  -2.7148749e-03
   3.1088489e-01   1.0128160e+00   1.8277785e-01   3.0564219e-02   8.6940366e-03  -2.9072929e-03
   3.2756382e-01   9.4945473e-01   1.2670224e-01   2.9040286e-02   9.2331764e-03  -3.1238888e-03
   3.3645361e-01   1.0549920e+00   2.7749490e-01   3.0305569e-02   9.3918721e-03  -2.9370697e-03
   3.2281664e-01   9.6839587e-01   1.2880045e-01   2.9177410e-02   9.1740586e-03  -2.9620365e-03
   3.3362706e-01   1.0398632e+00   2.7463133e-01   2.9839272e-02   9.4243326e-03  -3.0960787e-03
   3.2553011e-01   8.9958735e-01   1.2708149e-01   2.7577871e-02   9.0270013e-03  -3.0106704e-03
   3.1764747e-01   1.0705875e+00   1.7012969e-01   3.0068790e-02   8.7899933e-03  -2.7860546e-03
   3.0832898e-01   9.1211586e-01   5.6216326e-02   2.7886098e-02   8.7205013e-03  -2.8516162e-03
   3.2183532e-01   1.0740678e+00   2.0150080e-01   3.0453528e-02   8.9191888e-03  -2.7703761e-03
   3.3544444e-01   9.6520969e-01   2.1852527e-01   2.8817978e-02   9.2275904e-03  -2.9168345e-03
   3.1421262e-01   9.9232698e-01   1.2756446e-01   2.9883296e-02   9.1810557e-03  -2.9605880e-03
   3.4809543e-01   1.0326886e+00   2.2291513e-01   2.9103346e-02   9.3474917e-03  -3.0742109e-03
   3.3131646e-01   9.5119285e-01   1.2418252e-01   2.9665082e-02   9.1271029e-03  -3.0083952e-03
   3.4301227e-01   1.0062256e+00   1.4285066e-01   2.8361306e-02   9.1316958e-03  -3.0072429e-03
