   0.0000000e+00   0.0000000e+00   0.0000000e+00   0.0000000e+00   0.0000000e+00   0.0000000e+00
   5.6543874e-03   6.6621875e-03   5.5833815e-02   1.5090558e-05   3.0560214e-04   1.0001900e-04
   2.3958060e-02   2.7854424e-02   5.2078202e-02   4.7826229e-04   2.1580037e-04   2.2838957e-04
   3.2024211e-02   7.4536389e-02   4.0834695e-02   9.7822058e-04   1.0037858e-03   1.5379291e-04
   4.6775657e-02   2.6907668e-02   6.5814259e-04   1.7350076e-03   1.5306547e-03   2.7360100e-04
   5.6150673e-02   3.8002466e-02   3.4156314e-02   1.0601577e-04   1.9174844e-03   4.3023054e-04
   2.2850465e-02  -4.5677080e-03   3.5380422e-02   9.6004465e-05   1.7104664e-03   2.9824312e-04
   2.2638661e-02   2.7394487e-02   8.1097568e-02   1.9355154e-04   1.9311965e-03   4.6613982e-04
   5.0845684e-03   1.0964220e-02   1.1894060e-01   2.7675807e-04   1.6898417e-03   2.8417199e-05
  -4.7879865e-03   4.4977517e-02   2.3517406e-02   1.1422274e-03   1.6026041e-03   3.8247919e-04
   5.7467159e-04   1.0224720e-02   8.3137358e-02   4.5512154e-04   1.7544560e-03   5.8870135e-04
   1.1880507e-02   3.3800457e-02   1.0945845e-01   3.0706401e-04   2.1252119e-03   5.6353979e-04
   4.3240285e-03   2.8532683e-02   4.7995851e-02   4.2221965e-04   2.0307087e-03   6.1866128e-04
   2.2622959e-03  -3.3161597e-02   8.2410279e-02  -4.5183078e-04   2.4223387e-03   6.9242464e-04
   1.5004637e-04   1.5663520e-02   1.0168060e-01  -5.8834001e-05   2.2402149e-03   8.1427111e-04
   4.7296499e-02  -2.0835715e-02   6.9960420e-02  -3.6158229e-04   2.6896435e-03   9.7393810e-04
   3.8058759e-02   3.7966352e-02   6.1304561e-02   6.8185026e-04   2.9080696e-03   8.0380813e-04
   5.6432940e-02  -3.5515256e-03   3.8644982e-02   1.8700231e-04   3.2798880e-03   6.3202911e-04
   7.5564074e-02   2.6693061e-02   7.8124494e-02   9.7522097e-04   4.0086856e-03   8.0355678e-04
   7.9097615e-02  -5.5635066e-03   5.0245211e-02   7.9305981e-04   4.1376384e-03   8.0584393e-04
   6.7374864e-02  -1.0569059e-02   7.1911001e-02  -9.9739229e-05   3.4382131e-03   7.5627262e-04
   1.3782996e-02   1.4941087e-02   1.1845433e-01   1.8456322e-04   2.2911158e-03   8.0574439e-04
   8.6862794e-03  -4.9252024e-02   1.3520398e-01  -9.2019654e-04   1.9222539e-03   8.9442887e-04
  -2.3778406e-02   2.2646246e-02   2.3376823e-01  -6.5324188e-04   1.6717993e-03   5.0794247e-04
  -8.0331658e-02   4.5128246e-02   2.2617624e-01   2.1013910e-04  -5.1901150e-04   4.9031335e-04
  -8.3816277e-02  -3.1982016e-02   1.4199690e-01  -1.8677809e-03  -4.3617233e-03  -2.8877619e-04
   9.0864145e-02   9.2223295e-02   2.8738180e-02   4.0720260e-03   2.6544557e-03  -1.5724359e-03
   4.9113055e-02   7.8894835e-02   9.0929573e-02   2.8680421e-03   2.2647831e-03   3.3958244e-04
   5.8786596e-02   4.9798577e-02   8.8631903e-02   2.6849364e-03   2.5666265e-03   5.1006751e-04
   7.3438593e-02   5.9368942e-02   5.2725501e-02   2.5191797e-03   2.8353610e-03   4.6390326e-04
   6.9372513e-02   1.0480554e-01   1.9878162e-02   3.6014728e-03   2.9746556e-03   6.2314117e-04
   7.5983720e-02   5.8218745e-02   1.4300654e-02   2.6909577e-03   2.9540946e-03   6.8506044e-04
   9.0642185e-02   2.6585308e-02   1.2288151e-02   2.6604386e-03   3.2712922e-03   7.1085697e-04
   4.8615862e-02   5.6745640e-02  -7.5306352e-02   3.2141212e-03   3.6607817e-03   8.3044827e-04
   5.8495535e-02   8.7416657e-02  -5.4396023e-02   3.3615233e-03   3.9745273e-03   6.9384919e-04
   5.4903392e-02   5.0346636e-02  -2.4066795e-02   3.0687916e-03   4.3224531e-03   8.2838784e-04
   4.6446930e-02   4.1426305e-02   8.2451111e-03   2.3373781e-03   3.9608320e-03   7.6389719e-04
   4.0445338e-02   5.0921070e-02   3.4470231e-03   2.5714532e-03   3.1134988e-03   5.8153127e-04
   6.5952390e-02   7.2831919e-02   1.2478873e-02   2.9618592e-03   3.9239717e-03   4.0467697e-04
   6.1883410e-02   4.4343441e-02   4.8648176e-04   2.6561724e-03   3.9013890e-03   3.9313390e-04
   6.5781588e-02   3.9992386e-02   6.6470688e-02   2.3838268e-03   3.7768884e-03   4.3205059e-04
   6.5735951e-02   4.1359803e-02   3.5899974e-02   2.4706616e-03   3.8001415e-03   5.9303222e-04
   7.6277675e-02   2.1297142e-02   1.8091593e-02   2.2485155e-03   3.9068291e-03   3.9525007e-04
   5.5662601e-02   4.6928077e-02   2.4506525e-02   2.4993793e-03   3.5951795e-03   4.2644861e-04
   5.5696294e-02   7.9428957e-02   1.0096973e-01   5.1141877e-03   4.4462528e-03   7.2197325e-04
   6.3813378e-02   6.2972069e-02   2.8316060e-01   3.3719299e-03   4.8561691e-03   2.9246037e-04
   4.1308918e-02   1.3847794e-01   1.1008601e-01   3.9187743e-03   4.8531576e-03  -7.5863588e-04
   6.0459102e-02   7.3804231e-02   1.1426603e-01   3.2934967e-03   5.4165689e-03  -3.3707432e-04
   5.6568433e-02   1.2932864e-01   2.0605670e-01   3.3151640e-03   5.1879539e-03  -5.1530520e-04
   1.9167507e-02   7.1267526e-02   2.0935465e-01   2.0721548e-03   4.5619502e-03  -4.6864833e-04
   6.7072173e-02   6.8978650e-02   9.9358979e-02   3.0220141e-03   5.2387004e-03  -1.9136814e-04
   7.3416575e-02   8.7118640e-02   1.0847251e-01   2.6109229e-03   5.5357994e-03  -1.7415430e-04
   4.9881015e-02   7.5564222e-02   1.1120132e-01   1.6326556e-03   4.9799289e-03   1.4523360e-05
   3.6246877e-02   8.4175872e-02   1.1456715e-01   3.0060619e-03   4.8435013e-03   1.3299598e-04
   5.2481353e-02   1.0787823e-01   9.5424525e-02   2.6327434e-03   5.2101177e-03  -7.9882464e-05
   5.0056995e-02   8.6387741e-02   9.9893816e-02   2.6216309e-03   5.1560601e-03  -7.9536247e-05
   5.3880020e-02   4.4080641e-02   4.2035324e-02   1.3332747e-03   5.0691154e-03   1.6392451e-04
   8.0496720e-02   8.5792373e-02   1.7629130e-02   2.4846776e-03   5.5169258e-03  -8.1157325e-05
   8.5074619e-02   8.4312706e-02   1.6261006e-02   2.6233945e-03   5.5667698e-03  -1.8560237e-05
   8.3619663e-02   1.3470846e-01  -2.1106444e-03   1.4771575e-03   5.4063198e-03  -1.1614831e-05
   5.9135084e-02   1.2443462e-01  -1.3118853e-01   3.1675038e-03   4.8550014e-03  -6.5649256e-05
   1.0889096e-01   7.7859377e-02   3.6288965e-02   1.5932568e-03   6.0631825e-03  -5.9660636e-05
   9.9601201e-02   1.2679051e-01  -6.7628063e-02   2.3414141e-03   5.9412406e-03  -1.4462378e-04
   1.0538489e-01   1.2291172e-01  -2.2782157e-02   2.5148597e-03   5.8437118e-03  -2.3524792e-04
   1.1048312e-01   1.2178639e-01  -1.3387848e-02   2.2271119e-03   5.7355443e-03  -2.1864511e-04
   1.0363658e-01   1.1808211e-01  -2.5744849e-02   2.2633387e-03   5.7501826e-03  -5.1805297e-04
   1.1413997e-01   1.5105675e-01   1.2298594e-03   2.3799852e-03   5.9459311e-03  -4.1219104e-04
   1.1323402e-01   1.4226559e-01  -3.0619142e-02   2.8387766e-03   5.6025147e-03  -4.0296740e-04
   1.1477943e-01   1.0691630e-01  -7.9896781e-02   1.1446826e-03   4.7689904e-03  -4.9931146e-04
   3.4472076e-02   4.1101417e-02  -8.5608760e-02  -1.6532879e-03   2.9220015e-03  -2.0259975e-03
   7.0525087e-02   7.9032511e-02  -2.5652748e-02  -3.1933457e-04   4.2616890e-03  -1.7880281e-03
   7.3790457e-02   7.7529599e-02  -6.3726871e-02   6.5715342e-04   4.4327207e-03  -2.0275931e-03
   8.5133701e-02   9.1032904e-02  -8.5649732e-02   1.0633791e-03   4.5911427e-03  -1.9216734e-03
   1.0551733e-01   9.0974107e-02  -9.0151459e-02   6.6447401e-04   5.0998869e-03  -1.9166194e-03
   1.0111452e-01   7.2274083e-02  -1.2726991e-01   3.4884119e-04   4.6636765e-03  -1.8516618e-03
   1.0164513e-01   9.8382281e-02  -1.5873445e-01   1.8116797e-03   4.8222551e-03  -1.8738503e-03
   1.0813946e-01   1.2177801e-01  -1.4614915e-01   1.0728549e-03   5.0273319e-03  -1.8318603e-03
   1.0508253e-01   7.5086282e-02  -1.7519901e-01   9.4278300e-04   5.1544276e-03  -2.0471866e-03
   1.1163928e-01   9.2567807e-02  -2.0128378e-01   9.9223691e-04   4.8424143e-03  -1.9540754e-03
   1.2286806e-01   1.2401343e-01  -1.8286595e-01   1.3538022e-03   5.3060229e-03  -1.9133889e-03
   1.2404592e-01   1.3889460e-01  -1.6302716e-01   1.0709895e-03   5.5689522e-03  -1.8343907e-03
   1.2362109e-01   6.7002788e-02  -1.9959988e-01   1.2580106e-03   5.7043495e-03  -1.7343801e-03
   1.2804389e-01   1.2396799e-01  -1.9627398e-01   2.3909817e-03   5.6815521e-03  -1.9461214e-03
   1.2688620e-01   1.2439800e-01  -1.5906620e-01   2.6511974e-03   5.7114350e-03  -2.1314526e-03
   1.2598285e-01   1.3322805e-01  -1.7222696e-01   2.6704395e-03   5.5757931e-03  -2.1855723e-03
   1.2966252e-01   1.2070266e-01  -2.0463720e-01   3.2215718e-03   5.7538082e-03  -2.4277315e-03
   1.3400346e-01   1.7757934e-01  -1.3031735e-01   3.6892569e-03   5.8028587e-03  -2.9698312e-03
   1.3398148e-01   1.5633371e-01  -1.0822640e-01   2.9313581e-03   5.8970167e-03  -2.7562397e-03
   1.2811614e-01   1.2324185e-01  -9.1698865e-02   2.7097905e-03   5.5227297e-03  -2.5560017e-03
   1.2906002e-01   1.5439500e-01  -1.1684054e-01   2.8969081e-03   5.7834450e-03  -2.9407741e-03
   1.5250917e-01   2.1836592e-01  -1.6176367e-01   2.7364133e-03   6.3240464e-03  -2.8965155e-03
   1.5675257e-01   1.1385928e-01  -1.0843183e-01   3.2384985e-03   6.1325222e-03  -2.9130664e-03
   1.4324177e-01   1.4776458e-01  -1.0383060e-01   3.2625760e-03   5.7192191e-03  -2.8522552e-03
   1.5543268e-01   1.8911475e-01  -7.2948881e-02   3.9213527e-03   6.0593498e-03  -3.0318317e-03
   1.7241196e-01   1.6041122e-01  -8.9944340e-02   3.6410649e-03   6.0364475e-03  -2.8729800e-03
   1.6627001e-01   1.5484119e-01  -1.1707356e-01   3.9369695e-03   5.6374880e-03  -2.9140242e-03
   1.6455883e-01   1.9230399e-01  -1.0034862e-01   4.7028906e-03   5.7213202e-03  -2.8964253e-03
   1.7573397e-01   1.6881924e-01  -1.2405771e-01   4.4563275e-03   6.0706130e-03  -3.0739400e-03
   1.3385749e-01   1.3989689e-01  -8.1124585e-02   2.9632640e-03   4.7488582e-03  -2.6044460e-03
   1.5821371e-01   1.3602269e-01  -1.1429673e-01   2.7826981e-03   5.3150677e-03  -2.7685935e-03
   1.6112889e-01   1.5787768e-01  -1.5375721e-01   4.0385697e-03   5.1922811e-03  -2.6617443e-03
   1.7858389e-01   1.6073061e-01  -1.0617663e-01   4.3358999e-03   5.8938404e-03  -2.7655837e-03
   1.8029818e-01   1.4988176e-01  -1.3239646e-01   3.7558542e-03   5.7748940e-03  -2.6307103e-03
   1.6370023e-01   1.8704362e-01  -1.2823682e-01   4.8214123e-03   5.5439436e-03  -2.7369335e-03
   1.7175108e-01   2.0833923e-01  -1.0619964e-01   3.7693447e-03   6.3213406e-03  -2.5922033e-03
   1.6592760e-01   1.6878249e-01  -1.6543274e-01   4.1577157e-03   5.4554152e-03  -2.5336015e-03
   1.5793907e-01   1.5831103e-01  -1.5871989e-01   3.9591066e-03   5.5227890e-03  -2.6701653e-03
   1.8410396e-01   1.9168106e-01  -1.5712560e-01   4.6231010e-03   6.3325914e-03  -2.9957135e-03
   1.9344333e-01   1.7116734e-01  -1.6534182e-01   4.4319094e-03   5.9822104e-03  -2.9469980e-03
   1.7628484e-01   1.3801151e-01  -1.4980980e-01   4.0625513e-03   5.6889175e-03  -2.8602809e-03
   1.7185652e-01   1.6238581e-01  -1.4778337e-01   4.3503776e-03   5.3006701e-03  -2.7800736e-03
   1.8028338e-01   1.9077452e-01  -1.4840690e-01   4.9746793e-03   4.9501336e-03  -3.0685436e-03
   2.0002045e-01   2.1007778e-01  -1.1068032e-01   4.1966441e-03   4.9416135e-03  -3.2362103e-03
   1.8105362e-01   1.5103885e-01  -1.8250956e-01   5.1804215e-03   4.5331718e-03  -2.9268279e-03
   2.0334846e-01   1.5917288e-01  -1.8157542e-01   5.1357406e-03   4.9843776e-03  -2.7795348e-03
   2.0109059e-01   1.7082114e-01  -1.5139261e-01   4.7236323e-03   4.9891967e-03  -2.6167963e-03
   1.9843043e-01   1.5728526e-01  -1.6626112e-01   4.5758030e-03   5.0484913e-03  -2.3641037e-03
   2.0129351e-01   1.9457362e-01  -1.8085606e-01   5.4417548e-03   5.5028901e-03  -2.3858710e-03
   1.3348322e-01   2.0455628e-01  -1.6947767e-02   4.6208691e-03   6.8168517e-03  -1.7358149e-03
   8.2117157e-02   2.2970744e-01   2.4814230e-01   4.8932559e-03   5.9624621e-03  -1.3993364e-03
   2.7776882e-02   1.6882677e-01   2.1148265e-01   4.5079517e-03   4.3320498e-03  -1.7668380e-03
   1.7526696e-02   2.0580776e-01   1.5652577e-01   5.5240183e-03   3.8477024e-03  -2.1172559e-03
   5.8718516e-02   2.3023094e-01   1.0987698e-01   5.8738553e-03   4.4212424e-03  -2.3043960e-03
   9.3219264e-02   2.1659093e-01   1.0553747e-01   6.2269151e-03   4.2306893e-03  -2.6685332e-03
   9.7822694e-02   2.0903886e-01   1.0950848e-01   6.0994704e-03   3.8567691e-03  -2.6440012e-03
   9.4630403e-02   2.3367382e-01   5.0567942e-02   7.0054233e-03   3.4084505e-03  -2.6598532e-03
   1.1096531e-01   2.2282796e-01  -5.4455264e-03   6.3681483e-03   3.3913534e-03  -2.7172919e-03
   1.3418269e-01   2.3666903e-01   2.0196055e-02   7.0641645e-03   3.3829682e-03  -3.2371729e-03
   1.4227166e-01   2.3814081e-01  -1.4777419e-02   6.2905122e-03   3.3290281e-03  -3.4383832e-03
   1.1677251e-01   2.0327312e-01  -7.7027243e-02   6.9103598e-03   2.6494889e-03  -3.1618883e-03
   1.2571815e-01   2.6600798e-01  -1.1077872e-01   8.1291892e-03   2.8500101e-03  -3.2132812e-03
   1.1963879e-01   2.7177144e-01  -1.0595842e-01   7.6442159e-03   3.1243301e-03  -3.0313498e-03
   1.0509583e-01   2.4495666e-01  -1.3336751e-01   7.7308451e-03   2.8624117e-03  -2.9996192e-03
   9.9073682e-02   2.4924046e-01  -1.1459983e-01   7.1374383e-03   2.6050043e-03  -2.7347235e-03
   9.2590611e-02   2.9933419e-01  -1.6080138e-01   8.4419935e-03   2.8126804e-03  -2.9540370e-03
   9.6890211e-02   2.9053147e-01  -1.3635408e-01   8.4281641e-03   2.6213733e-03  -2.9013438e-03
   1.0611708e-01   2.7439933e-01  -1.3506061e-01   8.4723979e-03   2.4217786e-03  -3.1488479e-03
   9.2111360e-02   2.6624937e-01  -9.9001079e-02   8.9266192e-03   2.0990817e-03  -2.9523846e-03
   1.0293195e-01   2.6596954e-01  -6.6863790e-02   9.0552146e-03   2.2982149e-03  -2.9690325e-03
   1.0343744e-01   2.6610487e-01  -6.6766344e-02   8.1146346e-03   2.2280828e-03  -2.8882972e-03
   9.4079771e-02   2.4945398e-01  -1.0425295e-01   8.5091073e-03   1.9331565e-03  -2.7363687e-03
   9.7307181e-02   2.7737462e-01  -1.1550698e-01   9.0523737e-03   1.9823019e-03  -2.8050482e-03
   1.0355270e-01   2.9120130e-01  -1.1483830e-01   8.6649119e-03   2.1156272e-03  -2.8974321e-03
   1.0219538e-01   2.6403672e-01  -9.2155710e-02   8.4481442e-03   1.7812057e-03  -2.8202041e-03
   1.0289491e-01   2.5768356e-01  -7.1202497e-02   9.0889090e-03   1.7193955e-03  -2.8868096e-03
   1.0713353e-01   2.6662249e-01  -7.6410933e-02   8.9117235e-03   1.9933969e-03  -3.0529838e-03
   1.1103385e-01   2.6574563e-01  -6.7929875e-02   9.0221093e-03   1.8247377e-03  -3.0030543e-03
   9.1674429e-02   2.8426982e-01  -6.4345892e-02   8.8986194e-03   2.5388998e-03  -2.4528470e-03
   5.9821406e-02   3.0557773e-01  -7.4457350e-02   1.0166158e-02   2.0602579e-03  -2.5937463e-03
   7.8754482e-02   2.8541708e-01  -8.7034454e-02   9.8721823e-03   2.1981344e-03  -2.7840605e-03
   9.4924486e-02   2.9175812e-01  -8.6701428e-02   1.0091532e-02   1.8584766e-03  -2.8384457e-03
   8.4644514e-02   2.8590832e-01  -1.2473449e-01   9.7150081e-03   1.4698600e-03  -2.2858691e-03
   6.2344757e-02   3.0826635e-01  -1.5008320e-01   1.0182451e-02   1.1538279e-03  -2.3234779e-03
   8.5752338e-02   3.3423143e-01  -1.7072575e-01   1.0714308e-02   1.7695462e-03  -2.5196819e-03
   9.2480516e-02   3.9389891e-01  -1.2505291e-01   1.0422943e-02   1.8293758e-03  -2.3912728e-03
   4.3224333e-02   3.3536648e-01  -1.1699203e-01   1.1334455e-02   1.1701089e-03  -2.7537154e-03
   4.9648924e-02   3.7033763e-01  -1.3258554e-01   1.1043218e-02   1.3380923e-03  -2.4505821e-03
   1.8430084e-02   3.5801745e-01  -1.2909528e-01   8.0851555e-03   4.0413579e-04  -1.8850666e-03
   3.3086683e-02   3.3120454e-01  -1.9812057e-01   9.4174690e-03   3.7873277e-04  -1.5921876e-03
   3.3496706e-02   3.7100061e-01  -7.6399416e-02   9.9051523e-03   5.2780459e-04  -1.6534407e-03
   4.0217660e-02   3.1344213e-01  -9.1848702e-02   9.6168946e-03   5.2119810e-04  -1.4220994e-03
   4.6988482e-02   3.5078145e-01  -1.5264963e-01   1.1070851e-02   5.3781193e-04  -1.6555969e-03
   6.8401269e-02   4.0255848e-01  -1.4815928e-01   1.1785090e-02   9.8978225e-04  -1.8920135e-03
   7.1843503e-02   3.9340475e-01  -1.0293134e-01   1.1950299e-02   5.9780918e-04  -2.1258963e-03
   5.9987589e-02   3.6209652e-01  -1.0959375e-01   1.1769125e-02  -9.0149616e-05  -1.9822712e-03
   6.0365122e-02   3.6240905e-01  -1.6197639e-01   1.2262468e-02   2.0188222e-04  -1.9825577e-03
   5.5471400e-02   3.9092909e-01  -6.8728175e-02   1.2074444e-02   2.6008441e-05  -2.0237390e-03
   4.4237245e-02   3.8211489e-01  -7.0417897e-02   1.1925173e-02  -6.5215035e-04  -1.9215704e-03
   4.0653610e-02   3.7424286e-01  -1.3462031e-01   1.1753200e-02  -7.1428370e-04  -1.8887322e-03
   4.3373175e-02   3.8862936e-01  -1.2594700e-01   1.2558833e-02  -3.1936617e-05  -1.9907164e-03
   6.3291429e-02   4.3555232e-01  -7.7909361e-02   1.2740700e-02   1.5766435e-05  -2.2090641e-03
   5.3732744e-02   4.0685657e-01  -9.4241359e-02   1.1762403e-02  -2.1205303e-04  -1.8433721e-03
   4.4015449e-02   4.1977035e-01  -1.1154186e-01   1.2710538e-02  -2.3730657e-04  -1.9970754e-03
   8.0153699e-02   4.5116287e-01  -9.3204250e-02   1.3324703e-02   2.5619273e-04  -2.2459309e-03
   8.7770495e-02   4.3753766e-01  -1.6557145e-01   1.2079806e-02   2.1900849e-04  -1.8938052e-03
   7.4317620e-02   4.4894099e-01  -1.3363546e-01   1.3372268e-02  -2.1979650e-04  -1.8734675e-03
   8.9002519e-02   4.5950404e-01  -2.0146909e-01   1.3292726e-02   1.4402718e-04  -2.0866031e-03
   9.5705717e-02   4.4047866e-01  -1.7363922e-01   1.2946483e-02  -1.8489075e-04  -1.9201330e-03
   8.6493890e-02   3.7156845e-01  -1.4426751e-01   1.0635471e-02   2.1415592e-03  -1.0960459e-03
  -4.7007718e-02   4.3519391e-01   1.1913427e-01   1.1394008e-02   1.5603991e-03   1.2224297e-04
  -1.0069015e-02   4.2048103e-01   2.2042473e-02   1.3254791e-02   1.3583442e-03  -6.6245592e-04
   9.4704465e-03   4.4194397e-01   8.7874564e-03   1.3777722e-02   1.0936039e-03  -9.2580446e-04
  -8.0893868e-03   4.1336143e-01   3.4159460e-03   1.2642880e-02   1.2265996e-04  -8.9310755e-04
  -5.4603359e-03   4.3826698e-01  -4.6713276e-02   1.4054628e-02  -4.6534440e-05  -1.1773536e-03
   1.5990010e-02   4.8510181e-01  -4.6395975e-02   1.3931787e-02   3.6882335e-05  -1.6460183e-03
   2.3501601e-02   4.5585773e-01  -2.0449741e-02   1.3266871e-02  -3.3242413e-04  -1.6162818e-03
   2.0478978e-02   4.3031652e-01  -4.4416677e-02   1.3296409e-02  -7.3509829e-04  -1.5488954e-03
   3.2064072e-02   4.2646875e-01  -9.2294115e-02   1.3731775e-02  -4.1132828e-04  -1.7531062e-03
   3.5550032e-02   4.6782140e-01  -9.3109503e-02   1.3065828e-02  -5.1285776e-04  -1.7110421e-03
   3.8455120e-02   4.3794844e-01  -1.3442865e-01   1.3173794e-02  -9.2510126e-04  -1.7060066e-03
   6.2912332e-02   4.8622675e-01  -1.6930860e-01   1.3817820e-02  -1.0312974e-03  -1.9566085e-03
   5.8423990e-02   4.5902045e-01  -1.4114436e-01   1.3238093e-02  -9.0808935e-04  -1.8984421e-03
   3.7490428e-02   4.4249420e-01  -1.3284717e-01   1.4241855e-02  -1.0789911e-03  -1.9628668e-03
   5.7005933e-02   4.5282229e-01  -1.4232572e-01   1.4252205e-02  -7.9218906e-04  -2.2037694e-03
   6.4195204e-02   4.7270892e-01  -1.6046508e-01   1.3223808e-02  -1.1499880e-03  -2.1323433e-03
   3.9463772e-02   4.4258012e-01  -1.9211492e-01   1.4244924e-02  -1.3975585e-03  -1.9475541e-03
   5.2603746e-02   4.7669035e-01  -1.7009316e-01   1.4494456e-02  -1.0086016e-03  -2.2547180e-03
   7.0759098e-02   4.8246164e-01  -1.1879739e-01   1.4241134e-02  -1.1310336e-03  -2.3366171e-03
   6.3661168e-02   4.6221354e-01  -8.4195908e-02   1.4285248e-02  -1.5007426e-03  -2.4915162e-03
   2.6723241e-02   3.9147254e-01  -1.2371747e-01   1.1493403e-02  -2.0682228e-03  -2.1463537e-03
   4.4352428e-02   4.6990665e-01  -1.8322123e-01   1.2966463e-02  -2.2424312e-03  -2.2879448e-03
   4.2143942e-02   4.7994227e-01  -1.5235051e-01   1.3458408e-02  -2.3984860e-03  -2.5826811e-03
   2.5928478e-02   4.6751477e-01  -8.7626024e-02   1.4052939e-02  -2.3246851e-03  -2.2816405e-03
   1.0637756e-02   4.5599346e-01  -1.4707633e-01   1.7339487e-02   2.0628990e-05  -2.4550559e-03
  -1.5063758e-02   4.4383264e-01  -1.5152986e-01   1.5134048e-02  -9.3211437e-04  -2.3448633e-03
  -3.0489360e-02   5.0549134e-01  -1.7330547e-01   1.5889526e-02  -2.3417222e-03  -2.4729091e-03
  -2.8058305e-02   4.9865187e-01  -1.0621780e-01   1.5532482e-02  -3.0935956e-03  -2.8423128e-03
  -2.8342744e-02   4.9507412e-01  -6.1127312e-02   1.4966885e-02  -3.2785420e-03  -2.7080237e-03
  -2.9436469e-02   4.5815331e-01  -8.7963729e-02   1.4832359e-02  -3.1125985e-03  -2.6352053e-03
  -4.0161722e-02   4.9794579e-01  -1.2398137e-01   1.6245488e-02  -3.2932208e-03  -2.6857914e-03
  -2.2161629e-02   5.3069802e-01  -9.9693307e-02   1.6319140e-02  -3.7183838e-03  -3.0903986e-03
  -3.6001711e-02   5.0077121e-01  -1.3053610e-01   1.5463358e-02  -4.0432058e-03  -2.8211487e-03
  -4.4801111e-02   4.7450496e-01  -1.3641623e-01   1.5369299e-02  -3.6283690e-03  -2.6506729e-03
  -3.1117239e-02   4.9006945e-01  -1.9812790e-01   1.4069586e-02  -2.2619082e-03  -2.5275972e-03
  -3.4732903e-02   5.0117769e-01  -1.8399275e-01   1.4730358e-02  -3.1248295e-03  -2.5785002e-03
  -3.8896663e-02   4.9371187e-01  -1.5226509e-01   1.5157815e-02  -3.6149326e-03  -2.5184134e-03
  -2.4431171e-02   5.2882863e-01  -1.5227406e-01   1.6316939e-02  -3.4711133e-03  -2.7900825e-03
   1.2112885e-03   5.2787504e-01  -1.4670015e-01   1.5769588e-02  -2.8826206e-03  -2.7048066e-03
  -1.8122129e-02   5.4545458e-01  -1.1795731e-01   1.6215635e-02  -2.9510963e-03  -2.3485168e-03
  -2.1320787e-02   5.0508315e-01  -1.6083607e-01   1.6192983e-02  -3.3610025e-03  -2.5355484e-03
  -1.7795356e-02   5.4407718e-01  -1.5412918e-01   1.6974113e-02  -3.2993030e-03  -2.8528967e-03
   1.1150342e-02   5.6542899e-01  -1.3959467e-01   1.6189436e-02  -2.7387837e-03  -2.8275422e-03
   6.1178451e-03   5.0351510e-01  -1.7495837e-01   1.5686406e-02  -3.2551367e-03  -2.5916312e-03
  -1.9324380e-02   4.9699920e-01  -2.1845811e-01   1.6643674e-02  -3.5702811e-03  -2.4662152e-03
  -6.8657248e-03   5.4794194e-01  -1.4608133e-01   1.7017842e-02  -2.9809206e-03  -2.8248094e-03
   6.5035541e-03   5.5163596e-01  -1.7111578e-01   1.6722484e-02  -2.8189866e-03  -2.8032629e-03
  -6.4406657e-02   5.7703977e-01   7.6466030e-02   1.4098204e-02  -1.9538719e-03  -1.3057981e-03
  -9.0422034e-02   5.6914897e-01  -7.8526050e-03   1.6818155e-02  -1.8835475e-03  -1.8854196e-03
  -4.1277806e-02   6.0169030e-01  -7.8099450e-02   1.6783901e-02  -2.5068773e-03  -2.3342965e-03
  -6.2477963e-02   5.1116044e-01  -1.3945977e-01   1.4084204e-02  -4.0980135e-03  -2.2232636e-03
  -8.4258603e-02   5.5610669e-01  -2.1445384e-01   1.6271067e-02  -4.3522124e-03  -2.3781835e-03
  -6.9771243e-02   5.9854150e-01  -1.9847637e-01   1.7064281e-02  -4.0043208e-03  -2.4892000e-03
  -4.8818090e-02   5.9065146e-01  -2.3442162e-01   1.6717967e-02  -3.9987854e-03  -2.6339818e-03
  -6.6974073e-02   5.8788254e-01  -2.5644392e-01   1.6806904e-02  -4.5814627e-03  -2.5756100e-03
  -6.2114696e-02   5.9513432e-01  -2.7241494e-01   1.7597399e-02  -4.5772651e-03  -2.8469876e-03
  -6.7411798e-02   6.0920172e-01  -2.5192872e-01   1.7577325e-02  -4.2937882e-03  -2.9418906e-03
  -5.3757878e-02   5.9366654e-01  -2.9516153e-01   1.7175300e-02  -4.2206529e-03  -2.9535087e-03
  -7.5344384e-02   5.5757808e-01  -3.5923730e-01   1.5513084e-02  -4.7537279e-03  -2.4095371e-03
  -7.9794410e-02   5.5918544e-01  -3.6942115e-01   1.6412662e-02  -4.5633910e-03  -2.4173121e-03
  -5.9922164e-02   5.8494079e-01  -3.9411728e-01   1.6703602e-02  -4.5143949e-03  -2.5693779e-03
  -6.6793155e-02   5.8225128e-01  -3.9282322e-01   1.6314881e-02  -4.9901706e-03  -2.4058915e-03
  -8.0451490e-02   6.0781159e-01  -3.6753886e-01   1.7789540e-02  -4.9295052e-03  -2.1591889e-03
  -7.6400680e-02   6.5258022e-01  -3.3172861e-01   1.8535034e-02  -4.3960161e-03  -2.3335708e-03
  -7.0715487e-02   6.5808181e-01  -3.9577616e-01   1.6877262e-02  -5.0706317e-03  -1.9850683e-03
  -9.4277309e-02   6.0795725e-01  -4.0874347e-01   1.8164469e-02  -4.8945734e-03  -1.7476922e-03
  -8.1633772e-02   6.7047939e-01  -3.8929525e-01   1.8806034e-02  -4.1253778e-03  -2.0265223e-03
  -7.7650978e-02   6.6719382e-01  -3.5500889e-01   1.8587279e-02  -4.4580878e-03  -1.9944889e-03
  -9.5635770e-02   6.5514439e-01  -3.3412686e-01   1.8494306e-02  -4.9310669e-03  -1.8948865e-03
  -1.1473838e-01   6.7273799e-01  -3.7767365e-01   1.9164333e-02  -4.7670462e-03  -1.9208636e-03
  -1.1145191e-01   6.8021546e-01  -3.8623044e-01   1.8262519e-02  -4.1307633e-03  -1.7178132e-03
  -1.4752712e-01   6.8008456e-01  -4.0055159e-01   1.8932859e-02  -4.7120804e-03  -1.6782909e-03
  -2.2290187e-01   6.6568285e-01  -7.3128995e-02   1.6179745e-02  -5.2697892e-03  -3.4074397e-04
  -1.9930867e-01   6.1365865e-01  -3.6612401e-01   1.7120707e-02  -6.3076443e-03  -9.7704264e-04
  -1.7825133e-01   6.7809668e-01  -4.2249558e-01   1.9738822e-02  -6.0135112e-03  -1.4661824e-03
  -1.4966883e-01   6.9606411e-01  -3.9742508e-01   1.8971881e-02  -5.4995423e-03  -1.6310653e-03
  -1.7587424e-01   6.4832184e-01  -3.9788255e-01   1.8306952e-02  -6.0605422e-03  -1.2643391e-03
  -1.7637506e-01   6.0639833e-01  -4.7420420e-01   1.5802944e-02  -5.7115999e-03  -1.4099962e-03
  -1.6577711e-01   6.3214441e-01  -4.3275271e-01   1.5512355e-02  -5.0206136e-03  -8.5696914e-04
  -1.5129938e-01   5.8709052e-01  -4.1224461e-01   1.3733971e-02  -6.4601233e-03  -1.7134277e-03
  -1.6058204e-01   6.0680373e-01  -5.3907188e-01   1.5829797e-02  -7.0041437e-03  -1.7993960e-03
  -1.8667460e-01   6.4449054e-01  -4.3443812e-01   1.7637549e-02  -7.3551073e-03  -1.8700090e-03
  -1.6447531e-01   6.5575075e-01  -4.5388114e-01   1.6952000e-02  -7.3002861e-03  -2.1228065e-03
  -1.9184098e-01   6.3431635e-01  -4.2895437e-01   1.8254568e-02  -8.5655476e-03  -2.3581003e-03
  -2.1061524e-01   6.4634182e-01  -3.8191055e-01   1.8500631e-02  -8.7539918e-03  -2.2119318e-03
  -1.8862880e-01   6.7624800e-01  -3.9436631e-01   1.8325946e-02  -8.0430782e-03  -2.4730688e-03
  -1.6995724e-01   6.0799842e-01  -4.5837646e-01   1.6111416e-02  -8.0663742e-03  -2.0705270e-03
  -2.0244895e-01   6.1184156e-01  -4.2730289e-01   1.6399551e-02  -7.9904588e-03  -1.7824917e-03
  -1.9933359e-01   6.8672781e-01  -4.0809577e-01   1.8857160e-02  -8.7585020e-03  -2.3764132e-03
  -1.9044013e-01   6.6197849e-01  -4.1408896e-01   1.7272536e-02  -8.6574014e-03  -2.3325331e-03
  -2.1124647e-01   6.4956337e-01  -4.2956700e-01   1.8576872e-02  -9.0615948e-03  -2.4604723e-03
  -1.8839927e-01   6.7779430e-01  -4.5117598e-01   1.8816658e-02  -8.9164248e-03  -2.7038313e-03
  -1.9599364e-01   6.5947951e-01  -4.8162926e-01   1.7685086e-02  -9.1672505e-03  -2.5907653e-03
  -2.0186793e-01   6.4142424e-01  -4.6399384e-01   1.8208715e-02  -8.9734571e-03  -2.4772879e-03
  -1.5973661e-01   7.6574544e-01  -2.1940948e-01   2.0594728e-02  -6.1909089e-03  -2.1595382e-03
  -1.8394581e-01   7.1774086e-01  -2.6921286e-01   2.0537666e-02  -7.7626614e-03  -2.3769213e-03
  -2.2618730e-01   6.9857571e-01  -2.9861502e-01   2.0137893e-02  -8.4114152e-03  -2.3001807e-03
  -2.3986307e-01   7.0476940e-01  -3.8098546e-01   2.0818070e-02  -8.6202438e-03  -2.5142253e-03
  -2.3136646e-01   7.5013363e-01  -4.5202433e-01   1.9633222e-02  -9.0003972e-03  -2.3269201e-03
  -2.3663679e-01   7.0205392e-01  -5.0639105e-01   2.0285858e-02  -8.9667741e-03  -2.4471605e-03
  -2.1301261e-01   7.3489312e-01  -4.5470361e-01   2.0499403e-02  -9.0493898e-03  -2.7550066e-03
  -2.4154950e-01   6.9123031e-01  -4.7616803e-01   2.0271420e-02  -9.5669576e-03  -2.4535477e-03
  -2.4992533e-01   7.0310011e-01  -5.2893521e-01   2.0923929e-02  -9.2775422e-03  -2.4562095e-03
  -2.2928323e-01   7.8531251e-01  -4.9549809e-01   2.1348336e-02  -9.4380003e-03  -2.6585797e-03
  -2.4312616e-01   7.6051011e-01  -5.0444237e-01   2.1927194e-02  -9.7350193e-03  -2.4902086e-03
  -2.4113671e-01   7.3814424e-01  -4.4781976e-01   2.1102343e-02  -9.4460177e-03  -2.7751048e-03
  -2.3097394e-01   7.5728187e-01  -4.9934491e-01   2.1388796e-02  -8.8370058e-03  -2.8869206e-03
  -2.1098154e-01   6.1105237e-01  -5.1047316e-01   1.7706292e-02  -7.1544796e-03  -2.2928118e-03
  -2.6355042e-01   7.3019981e-01  -3.7966525e-01   2.0497176e-02  -8.8392139e-03  -2.2568370e-03
  -2.4029933e-01   7.1952438e-01  -4.6846873e-01   1.8507912e-02  -8.4011586e-03  -1.8422003e-03
  -2.3922307e-01   7.2448356e-01  -4.4181975e-01   1.9682478e-02  -8.8657339e-03  -2.2100507e-03
  -2.7231625e-01   7.1384798e-01  -5.0615210e-01   2.0755188e-02  -9.2666053e-03  -2.3608749e-03
  -2.7234459e-01   7.5870594e-01  -5.5417602e-01   2.1762807e-02  -9.2377364e-03  -2.6762776e-03
  -2.7623427e-01   7.5371307e-01  -5.4170120e-01   2.1296578e-02  -9.4068678e-03  -2.5151131e-03
  -2.9426071e-01   7.5288254e-01  -5.4750742e-01   2.0898106e-02  -9.7605121e-03  -2.2844493e-03
  -2.7597725e-01   7.9210235e-01  -5.6251651e-01   2.1945024e-02  -9.1881625e-03  -2.5653690e-03
  -2.7191811e-01   7.6636664e-01  -5.1790387e-01   2.2038187e-02  -9.2221990e-03  -2.4158772e-03
  -2.9134290e-01   7.5785407e-01  -5.6576785e-01   2.1605269e-02  -9.2214336e-03  -2.2950956e-03
  -3.3472057e-01   8.0022672e-01  -3.7859047e-01   1.9606771e-02  -9.1440748e-03  -1.1984449e-03
  -3.0606278e-01   8.3669274e-01  -3.5060069e-01   2.2048526e-02  -9.5701238e-03  -2.0858368e-03
  -2.5610158e-01   8.2780763e-01  -3.2722642e-01   2.1396282e-02  -9.1050336e-03  -2.1702156e-03
  -2.8760481e-01   7.5816904e-01  -4.4303319e-01   2.2497915e-02  -1.0260990e-02  -2.4205713e-03
  -2.9171436e-01   8.1438671e-01  -5.0279436e-01   2.2958777e-02  -1.0116480e-02  -2.5215038e-03
  -2.9320592e-01   8.4103171e-01  -4.8198338e-01   2.2760028e-02  -1.0148888e-02  -2.5973773e-03
  -2.9784665e-01   8.1580074e-01  -5.4197980e-01   2.3538102e-02  -1.0544003e-02  -2.7506102e-03
  -2.9409410e-01   8.4759692e-01  -5.0044363e-01   2.3280245e-02  -1.0404981e-02  -2.7819450e-03
  -3.0830174e-01   8.2733726e-01  -4.9072005e-01   2.3735546e-02  -1.0440111e-02  -2.5421254e-03
  -2.7016826e-01   8.4057009e-01  -5.3523119e-01   2.3909872e-02  -1.0038065e-02  -2.7060047e-03
  -2.5678978e-01   8.5517572e-01  -5.4129576e-01   2.3907803e-02  -9.5403632e-03  -2.9798974e-03
  -2.5967919e-01   8.4460273e-01  -5.2520502e-01   2.3996230e-02  -1.0397487e-02  -2.9250749e-03
  -2.7554741e-01   8.2206563e-01  -5.9147828e-01   2.4263032e-02  -1.0366792e-02  -2.8956437e-03
  -2.7208107e-01   8.4417808e-01  -6.0433230e-01   2.4514038e-02  -1.0115558e-02  -3.0165134e-03
  -2.4498756e-01   8.4600919e-01  -6.1713729e-01   2.2804331e-02  -9.7621988e-03  -2.9481109e-03
  -2.6357983e-01   8.3501365e-01  -6.6936554e-01   2.4102106e-02  -1.0746103e-02  -3.1345683e-03
  -2.5653246e-01   8.2660129e-01  -6.5999282e-01   2.3694855e-02  -1.0294058e-02  -3.0948708e-03
  -2.4861670e-01   8.6347406e-01  -6.8621145e-01   2.4829525e-02  -1.0443631e-02  -3.5867238e-03
  -2.3709549e-01   8.4483216e-01  -6.4662208e-01   2.4610230e-02  -1.0797271e-02  -3.6473758e-03
  -2.5945248e-01   8.2546490e-01  -7.1082785e-01   2.4609830e-02  -1.0948145e-02  -3.4870210e-03
  -2.6235168e-01   9.0290497e-01  -6.5889863e-01   2.3765754e-02  -1.0783221e-02  -3.4110393e-03
  -2.5681914e-01   8.8343100e-01  -5.7295820e-01   2.5177486e-02  -1.1418386e-02  -3.5872166e-03
  -2.7287456e-01   8.2260269e-01  -6.2295774e-01   2.5291723e-02  -1.1519341e-02  -3.6351605e-03
  -2.5906044e-01   8.5421905e-01  -6.5062728e-01   2.5576453e-02  -1.1098839e-02  -3.9438607e-03
  -2.5901402e-01   7.7788314e-01  -6.3963617e-01   2.1966229e-02  -1.0990022e-02  -3.8097604e-03
  -2.3730703e-01   7.4463777e-01  -6.5556670e-01   2.1898830e-02  -1.0387252e-02  -3.0807762e-03
  -2.2927537e-01   7.5936507e-01  -7.2131385e-01   2.2640208e-02  -1.0341516e-02  -3.4537620e-03
  -2.5436703e-01   8.3957309e-01  -6.9441164e-01   2.5289786e-02  -1.1532703e-02  -3.9553825e-03
  -2.6934899e-01   8.0367399e-01  -7.0606494e-01   2.4430900e-02  -1.2003224e-02  -3.7771834e-03
  -2.6909453e-01   8.0520790e-01  -7.0956877e-01   2.5122641e-02  -1.1834908e-02  -3.9212061e-03
  -2.7542973e-01   8.1735438e-01  -7.7898175e-01   2.5001348e-02  -1.1683336e-02  -4.0830723e-03
  -2.6149464e-01   8.3464578e-01  -7.5920778e-01   2.5685862e-02  -1.1814201e-02  -4.2020357e-03
  -2.8723208e-01   8.1134142e-01  -7.4502563e-01   2.5221022e-02  -1.2361626e-02  -3.9075542e-03
  -2.8769859e-01   8.1828658e-01  -7.6323160e-01   2.5152604e-02  -1.2111012e-02  -3.9656948e-03
  -2.8842794e-01   8.6225204e-01  -7.6377073e-01   2.6582025e-02  -1.2080572e-02  -4.2257629e-03
  -2.6816773e-01   8.4993379e-01  -7.5473994e-01   2.5161408e-02  -1.1860206e-02  -3.8858343e-03
  -2.9109285e-01   8.0309032e-01  -7.5962195e-01   2.4037509e-02  -1.2483117e-02  -3.8930085e-03
  -2.9635805e-01   8.4313686e-01  -8.2134464e-01   2.5465943e-02  -1.2568639e-02  -4.2338542e-03
  -2.6754474e-01   8.4028624e-01  -7.9206627e-01   2.5268465e-02  -1.2336970e-02  -4.0487587e-03
  -3.2603551e-01   8.4839714e-01  -7.6078847e-01   2.7267485e-02  -1.3764556e-02  -5.0444726e-03
  -2.5290462e-01   7.1014419e-01  -7.2538183e-01   2.0994227e-02  -1.1121366e-02  -3.4784968e-03
  -2.5060149e-01   8.0141311e-01  -7.7036519e-01   2.4995059e-02  -1.2294628e-02  -4.2085195e-03
  -2.6444006e-01   8.1580105e-01  -8.2038885e-01   2.5418722e-02  -1.2544133e-02  -4.3351170e-03
  -2.7580913e-01   8.1821539e-01  -8.2257051e-01   2.5629996e-02  -1.2698992e-02  -4.3611307e-03
  -2.7582370e-01   8.4676634e-01  -8.1247832e-01   2.5851817e-02  -1.2667615e-02  -4.2745595e-03
  -2.4647414e-01   8.6831118e-01  -8.0533513e-01   2.6176067e-02  -1.2220982e-02  -4.4836696e-03
  -2.7127959e-01   9.0019892e-01  -6.5759492e-01   2.5224111e-02  -1.1303255e-02  -3.6688144e-03
  -1.4331181e-01   7.8063391e-01  -4.5791729e-01   2.0648653e-02  -9.1812606e-03  -3.9162755e-03
  -1.1358994e-01   8.2314859e-01  -8.4967897e-01   2.2682963e-02  -1.0070418e-02  -3.9206557e-03
  -8.8375132e-02   8.4218615e-01  -8.8112701e-01   2.2753410e-02  -9.3076661e-03  -4.2584507e-03
  -1.0313838e-01   8.2754804e-01  -9.2041827e-01   2.3683163e-02  -1.0651285e-02  -4.5373075e-03
  -1.0754051e-01   8.5783519e-01  -1.0322386e+00   2.4469115e-02  -1.1314408e-02  -4.8847337e-03
  -1.0607407e-01   8.5813846e-01  -1.0147706e+00   2.4974210e-02  -1.1550517e-02  -5.2234537e-03
  -1.0502899e-01   7.5537610e-01  -9.3880031e-01   1.9125550e-02  -1.0096597e-02  -4.1766099e-03
  -9.7024362e-02   7.6537535e-01  -9.4022779e-01   2.2972908e-02  -1.0198522e-02  -4.4896046e-03
  -1.0986700e-01   8.2836131e-01  -1.0152032e+00   2.4713445e-02  -1.0991741e-02  -4.8481074e-03
  -8.8655162e-02   8.8559564e-01  -9.6365469e-01   2.4838081e-02  -1.0938045e-02  -5.1108270e-03
  -1.0320593e-01   8.1136848e-01  -1.0379201e+00   2.4286328e-02  -1.1009325e-02  -4.8432988e-03
  -9.6470549e-02   8.7975574e-01  -1.0998212e+00   2.4829342e-02  -1.0950607e-02  -5.1261145e-03
  -7.6858902e-02   8.5361854e-01  -1.1261214e+00   2.6012799e-02  -1.1202610e-02  -5.2617782e-03
  -5.6217477e-02   8.8729801e-01  -1.0499856e+00   2.5309169e-02  -1.0092076e-02  -4.8664233e-03
  -1.0994867e-01   8.3079379e-01  -9.3366583e-01   2.2569651e-02  -1.0866032e-02  -4.4805576e-03
  -9.1510536e-02   8.6740680e-01  -1.0911637e+00   2.6057896e-02  -1.1121595e-02  -5.2676390e-03
  -9.9276145e-02   8.6899547e-01  -1.1288344e+00   2.5266051e-02  -1.1218809e-02  -5.2357796e-03
  -1.0516828e-01   8.8353672e-01  -1.1142146e+00   2.6024734e-02  -1.1392202e-02  -5.3252563e-03
  -8.0210772e-02   9.0325028e-01  -1.1141619e+00   2.6174436e-02  -1.1336383e-02  -5.7123858e-03
  -7.2137579e-02   8.5417723e-01  -1.2580886e+00   2.5856287e-02  -1.1586645e-02  -5.8019175e-03
  -7.3577893e-02   9.0291675e-01  -1.2024814e+00   2.6469504e-02  -1.1266446e-02  -5.8075412e-03
  -7.5540494e-02   8.6756778e-01  -1.2135005e+00   2.6057257e-02  -1.1418680e-02  -5.6272450e-03
  -9.4106090e-02   8.9005170e-01  -1.2830518e+00   2.7655405e-02  -1.2074807e-02  -5.8175381e-03
  -9.3859771e-02   9.1265967e-01  -1.2905298e+00   2.7407649e-02  -1.1708492e-02  -6.0494779e-03
  -8.0204704e-02   9.1400267e-01  -1.2881567e+00   2.7111133e-02  -1.1893102e-02  -5.9123838e-03
  -2.6467665e-02   8.2645760e-01  -1.2603735e+00   2.3779248e-02  -1.1082232e-02  -5.6412036e-03
  -7.4340110e-02   8.0381053e-01  -1.3273794e+00   2.2783965e-02  -1.1806437e-02  -5.6014594e-03
  -7.6387634e-02   9.0508422e-01  -1.2750651e+00   2.5843175e-02  -1.2134593e-02  -5.9568697e-03
  -6.2967866e-02   8.8367409e-01  -1.3044400e+00   2.7057695e-02  -1.2457455e-02  -6.3155857e-03
  -6.0441022e-02   8.6484851e-01  -1.3349183e+00   2.6068481e-02  -1.1868734e-02  -6.1204416e-03
  -5.8327780e-02   9.0298141e-01  -1.3421779e+00   2.6910488e-02  -1.2114460e-02  -6.4469779e-03
  -6.5487643e-02   9.0737419e-01  -1.3472966e+00   2.6801692e-02  -1.2270256e-02  -6.2455075e-03
  -7.0183080e-02   9.0422557e-01  -1.3536998e+00   2.7717024e-02  -1.2235954e-02  -6.1636335e-03
  -7.1711222e-02   8.9874912e-01  -1.2753903e+00   2.6025668e-02  -1.1145665e-02  -5.7647081e-03
  -9.6438239e-02   1.0518959e+00  -1.2123953e+00   2.4894098e-02  -1.1244875e-02  -5.3431787e-03
  -8.5106440e-02   9.0187006e-01  -1.4345038e+00   2.7359569e-02  -1.0810300e-02  -5.6964210e-03
  -6.5343191e-02   9.1644661e-01  -1.4122045e+00   2.7956820e-02  -1.0573443e-02  -5.9671102e-03
