   0.0000000e+00   0.0000000e+00   0.0000000e+00   0.0000000e+00   0.0000000e+00   0.0000000e+00
  -8.6696702e-03   5.5137425e-03   1.4617879e-01  -2.0362586e-03  -4.8579237e-04  -8.0237809e-05
  -4.5419061e-03  -4.0026101e-02   5.0008296e-02  -3.4286182e-03   2.2185681e-04   1.5937161e-04
   1.5523564e-02  -6.7343872e-02   1.6823195e-01  -1.8012491e-03  -1.3483622e-04   1.2768103e-04
  -1.7268984e-03  -5.4418945e-02   1.4417772e-01  -3.3272569e-03  -6.6213517e-05   2.5501115e-04
   3.3199207e-02  -7.0676317e-02   1.2826086e-01  -2.6268376e-03  -1.0043168e-04   6.8490893e-04
   2.6479151e-02  -5.6567279e-02   1.7006309e-01  -2.5029272e-03   1.2545305e-04   5.5491382e-04
   3.1188669e-02  -4.8291248e-02   4.8311328e-02  -2.8293522e-03   2.4068169e-04   7.2392297e-04
   3.7462053e-02  -4.6462427e-02   1.5379598e-01  -1.4410325e-03  -1.0881617e-04   6.9453286e-04
   1.3600367e-03  -1.6913493e-02   5.6923653e-02  -3.1772168e-03  -6.3221541e-05   6.1824488e-04
   2.6048227e-02  -5.8138418e-02   1.0497046e-01  -2.0784197e-03  -1.4235436e-04   6.8006923e-04
   1.3967426e-02  -4.2353677e-02   1.3270523e-01  -2.7522257e-03   1.1025024e-05   5.3595673e-04
   2.8275382e-02  -2.6375765e-02   3.0754985e-02  -2.1472920e-03  -9.7192226e-05   7.0153875e-04
   1.1125005e-02  -3.3501683e-02   1.4269087e-01  -1.9683284e-03  -5.1514708e-04   5.5210989e-04
   2.0499413e-03  -9.2672943e-03  -9.7897008e-03  -3.0980593e-03  -1.6400608e-04   4.9556217e-04
   2.3623164e-02  -6.8065860e-02   1.3199022e-01  -1.5497992e-03  -5.8100226e-05   5.5938615e-04
   1.8420741e-02  -2.2527100e-02   4.5700095e-02  -2.5919033e-03   1.9421345e-04   8.0488684e-04
   1.8631234e-02  -4.0481895e-02   1.1197106e-01  -1.0726566e-03  -1.7819437e-04   6.5312493e-04
  -8.6452424e-03   2.6625906e-04   1.0703425e-01  -1.9651995e-03  -2.0406931e-04   5.7695213e-04
   2.4465703e-02  -8.1429628e-03   7.4798827e-02  -1.2513653e-03  -1.5388921e-04   1.0134088e-03
   1.9795738e-02   1.4157940e-03   1.5886070e-01  -1.3585281e-03  -7.1386634e-05   7.5023657e-04
   1.3701860e-02   8.8130627e-03   4.3241722e-02  -2.1973708e-03  -6.9999627e-06   8.9531126e-04
   1.5188339e-02  -3.2367445e-02   1.3842275e-01  -1.0749423e-03  -3.1848508e-04   7.8113079e-04
  -1.9356945e-02   5.8014854e-03   5.3875717e-02  -2.3491930e-03  -3.6074343e-04   6.8584484e-04
  -5.1808399e-04   8.7029221e-03   1.1809400e-01  -9.1384654e-05  -6.5689344e-04   8.5643783e-04
  -1.3536083e-02   4.8819425e-03   1.2181383e-01  -1.9978120e-03  -5.2482270e-04   3.2013418e-04
   3.1790052e-03  -9.8618077e-03   1.3106967e-01  -2.1591945e-03  -3.7308127e-04   3.0474776e-04
   8.4792795e-03  -1.9414268e-02   1.9505300e-01  -1.1131110e-03  -5.2996367e-04   3.9161135e-04
   1.0338844e-02  -2.7108076e-03   2.1533458e-02  -2.2604894e-03  -1.2410980e-05   7.6870759e-04
   3.4259373e-02  -3.1088665e-02   1.4386590e-01  -7.5380891e-04  -1.5377459e-04   8.0393525e-04
   1.2743099e-03   9.7866584e-03   5.9957120e-02  -2.0697920e-03  -1.6158544e-04   8.8675545e-04
   3.0280638e-02   2.5640110e-03   1.0921761e-01  -9.5064449e-04  -2.7762466e-04   1.1247172e-03
   6.4095760e-03   2.2152917e-02   1.0150510e-01  -2.1024737e-03  -2.0208657e-04   9.3037050e-04
   3.2384700e-02   8.6773160e-03   5.9413688e-02  -1.2782429e-03  -2.5245806e-04   1.3144184e-03
   5.3608608e-02   1.1150790e-02   1.3818324e-01  -1.0408214e-03   1.8610814e-04   1.3712826e-03
   4.8014112e-02   2.9010383e-02   3.9021038e-03  -1.7193233e-03   4.0288315e-04   1.6748482e-03
   5.2593049e-02   3.3644040e-02   1.4301182e-01  -9.7863256e-05   1.6438625e-04   1.3190481e-03
   3.6702509e-02   2.9454751e-02   7.4786046e-03  -2.4649329e-03   2.1821976e-04   1.5279416e-03
   5.4449678e-02  -2.3236429e-02   8.6927016e-02  -1.0514526e-03   2.2222544e-04   1.5518515e-03
   4.0698098e-02   1.9335269e-02   3.1921020e-02  -1.7615321e-03   2.6322851e-04   1.5111392e-03
   6.6346425e-02  -1.3486690e-02   7.9462469e-02  -9.4725798e-04   3.8196058e-04   1.6808397e-03
   3.5120587e-02   4.9790994e-03   8.6133840e-02  -2.3360698e-03   1.0105316e-04   1.4535915e-03
   7.0622451e-02  -5.0755297e-03   4.5288436e-03  -1.7625315e-03   3.7594367e-04   1.8038033e-03
   5.5849420e-02  -1.7032178e-02   1.0648501e-01  -1.6214825e-03   1.1558259e-04   1.4005296e-03
   4.4271688e-02   3.4992390e-03  -5.3613466e-03  -2.1444190e-03   1.4898635e-04   1.4655411e-03
   4.4351329e-02  -5.3311824e-02   8.6098000e-02  -1.6467896e-03   8.1038673e-05   1.3103744e-03
   4.2994302e-02   1.1081906e-03  -2.7072962e-02  -2.7564976e-03   2.9701034e-04   1.4160849e-03
   5.1140030e-02  -4.4821798e-02   4.2263526e-02  -1.1313022e-03   6.0786621e-05   1.6442704e-03
   2.4648437e-02  -3.4871242e-03   3.9534605e-02  -2.2706841e-03  -9.1112235e-05   1.3000934e-03
   3.7677759e-02  -1.6674564e-02  -5.7559961e-03  -1.5042245e-03  -1.0942632e-04   1.2380946e-03
   4.4946040e-02  -2.7035291e-02   8.0329139e-02  -1.5390897e-03   2.7233444e-04   1.2294519e-03
   6.1065025e-02  -1.7486276e-02  -3.2962243e-02  -2.2356718e-03   7.6258050e-04   1.5566387e-03
   6.7653487e-02  -5.6249462e-02   7.7277113e-02  -8.9574948e-04   6.7540432e-04   1.3995069e-03
   5.2102105e-02   5.3458945e-03  -3.4885615e-02  -2.3763443e-03   6.8986393e-04   1.4306988e-03
   6.4636008e-02  -4.3436055e-02   1.0589154e-02  -1.1764157e-03   6.7525311e-04   1.5392091e-03
   3.4418806e-02  -6.3357267e-03   4.4359636e-02  -1.6839721e-03   3.5966005e-04   9.9285586e-04
   5.6361047e-02  -3.4486566e-02  -8.7212023e-03  -1.1112625e-03   7.0118200e-04   1.2450153e-03
   5.2839282e-02  -4.0409388e-02   7.9899144e-02  -1.4859093e-03   8.5876554e-04   1.2846366e-03
   5.2485584e-02  -3.1757472e-02  -6.2896000e-02  -2.0200944e-03   9.9689744e-04   1.5154246e-03
   5.0552084e-02  -8.9838561e-02   4.7235495e-02  -1.4535429e-03   7.2149969e-04   1.3128798e-03
   3.9690171e-02  -2.5697085e-02  -3.7230367e-02  -2.3487402e-03   1.1549564e-03   1.2933049e-03
   6.1174394e-02  -7.7066105e-02   4.4328423e-02  -1.0337389e-03   1.1363540e-03   1.3918900e-03
   5.1361760e-02  -6.0339236e-02   4.9617056e-02  -2.3169808e-03   1.4041420e-03   1.4163629e-03
   7.9987882e-02  -7.8009170e-02   2.3476451e-02  -9.4016181e-04   1.4910133e-03   1.7336948e-03
   6.1288514e-02  -5.8169828e-02   5.7993353e-02  -2.3626530e-03   1.5162741e-03   1.6560917e-03
   7.5773229e-02  -4.8889185e-02   8.4334887e-03  -1.0104141e-03   1.7847098e-03   1.7458302e-03
   6.2884451e-02  -7.8393461e-02   1.0480557e-01  -1.1849963e-03   1.4794446e-03   1.4576179e-03
   6.5610680e-02  -2.0588330e-02   3.2820977e-02  -1.8033543e-03   1.7133732e-03   1.6775580e-03
   7.2740176e-02  -6.7347684e-02   9.4921516e-02  -6.7576209e-04   1.3176447e-03   1.6895601e-03
   4.7209219e-02  -3.9772768e-02   7.8638277e-02  -1.9346172e-03   1.5139882e-03   1.4682974e-03
   8.2849791e-02  -5.4178480e-02   5.8960627e-02  -4.8150482e-04   1.7252334e-03   2.0245791e-03
   8.5509856e-02  -5.5932285e-03   1.1341088e-01  -1.4543689e-03   1.7092005e-03   1.8055708e-03
   8.3827037e-02  -4.0254615e-03   1.1431011e-02  -1.0972559e-03   1.7195483e-03   2.0206973e-03
   8.3832984e-02  -3.2845752e-02   1.0194036e-01  -3.9619254e-04   1.6530930e-03   1.7800281e-03
   5.9695631e-02   2.2133645e-03   1.0519997e-02  -1.4581938e-03   1.2015706e-03   1.8469001e-03
   7.1162475e-02  -5.5575428e-03   7.3753534e-02   5.6440278e-04   9.6329656e-04   1.7110564e-03
   6.1371901e-02  -7.4976979e-03   6.3575053e-02  -1.9856084e-03   1.2317857e-03   1.6185500e-03
   8.2047552e-02  -1.5264456e-02   3.3338923e-02   1.9882661e-05   1.1640394e-03   1.6532043e-03
   5.2180526e-02  -1.1301865e-02   7.7790023e-02  -1.0883804e-03   1.0142682e-03   1.2955316e-03
   7.7406882e-02   4.3177193e-04   1.3189410e-02  -1.1694990e-03   1.4877020e-03   1.6275502e-03
   7.3912541e-02  -3.6075423e-02   9.7765535e-02  -3.3550669e-04   1.2385512e-03   1.3000815e-03
   5.7094757e-02   2.6744597e-03  -9.9390187e-03  -1.4012969e-03   1.4317975e-03   1.4717438e-03
   6.0891704e-02  -3.9435150e-02   6.4556549e-02  -2.2793622e-04   1.3040408e-03   1.3015295e-03
   4.1064052e-02  -1.7029842e-02   5.2252565e-02  -1.4928353e-03   1.2990596e-03   1.1936874e-03
   5.5653087e-02  -3.6042125e-02   2.8028946e-02  -4.0637350e-05   1.2510472e-03   1.3640687e-03
   3.7001902e-02  -1.0195673e-02   7.9837674e-02  -9.6443866e-04   1.2607412e-03   1.1045036e-03
   5.7423658e-02  -4.8523062e-03   9.7001445e-03  -8.0027717e-04   1.4096831e-03   1.2714285e-03
   6.1489342e-02  -1.7573857e-02   1.1931112e-01  -1.6696069e-04   1.5673758e-03   9.9196379e-04
   4.9197052e-02  -6.9326665e-04   2.7346060e-02  -1.1720211e-03   1.4705148e-03   1.0922584e-03
   6.9766034e-02  -2.4627968e-02   8.7736433e-02   1.7204015e-04   1.4079609e-03   1.1107717e-03
   6.6204877e-02   1.3699654e-02   9.1460181e-02  -8.7091343e-04   1.8127103e-03   1.3391527e-03
   7.9634411e-02  -3.4149117e-02   4.8703536e-02  -1.0155508e-04   1.5539999e-03   1.4093271e-03
   5.3187454e-02   7.3793397e-04   5.7609523e-02  -1.2273882e-03   1.4991398e-03   1.2076562e-03
   7.7789650e-02   5.4404603e-03  -7.2069479e-03  -2.8905414e-04   1.6189943e-03   1.5665066e-03
   6.1549139e-02  -1.0735756e-02   5.2617964e-02  -3.6865747e-04   1.4642267e-03   1.4090136e-03
   6.2821720e-02   2.0634983e-02  -5.5112959e-02  -8.1091433e-04   1.5111737e-03   1.4275426e-03
   7.4258319e-02   6.0891695e-04   2.4711078e-02   4.5486177e-04   1.4986968e-03   1.4591805e-03
   4.7421519e-02   1.1230726e-02   1.2490489e-02  -1.1667182e-03   1.4850272e-03   1.3783920e-03
   6.4691976e-02   5.1106726e-03   3.5850149e-03   6.0105508e-04   1.4112890e-03   1.2560896e-03
   3.8296447e-02   2.2539475e-02   2.5017721e-02  -4.0798537e-04   1.1781068e-03   9.4983273e-04
   4.1580646e-02   4.4838723e-03  -6.7286699e-02  -8.3929522e-04   1.5549880e-03   1.2293912e-03
   5.1512034e-02  -3.3248191e-02   6.0906940e-02   9.6212200e-06   1.6276942e-03   1.0959904e-03
   4.3019539e-02   3.3459928e-02  -5.0418178e-02  -2.7668615e-04   1.6195637e-03   1.4542341e-03
   5.5455651e-02   7.2345230e-03   3.0301898e-02   2.9638430e-04   1.6831361e-03   1.2201534e-03
   4.7055486e-02   5.0734934e-02  -4.3142908e-02  -6.2717742e-04   1.6805930e-03   1.5349372e-03
   8.8326518e-02   7.2381213e-03   2.6632626e-02   1.1926185e-03   1.6237873e-03   1.7851569e-03
   6.7205903e-02   2.9508960e-02   1.8900814e-02  -3.9515775e-04   1.8099212e-03   1.5291909e-03
   8.8533736e-02   1.0348242e-02  -5.2327866e-02  -2.1511764e-04   2.0812798e-03   1.7065525e-03
   7.5358904e-02  -1.3644875e-02   4.1960961e-02   2.8380537e-04   1.7874980e-03   1.4287764e-03
   6.8752733e-02   1.2111303e-02  -6.6892242e-02  -2.6826014e-04   1.8013854e-03   1.5248831e-03
   7.9748933e-02  -2.6072624e-02   2.2656721e-02   5.5493846e-04   1.7570661e-03   1.4568108e-03
   7.5837698e-02   3.2707348e-02  -5.8700046e-02   1.4688645e-04   1.5984654e-03   1.8047215e-03
   9.0936797e-02   6.0931704e-03  -2.1534587e-03   1.0616068e-03   1.5354428e-03   1.5498851e-03
   6.1231857e-02   3.7269998e-02  -3.3511293e-02  -2.7125297e-04   1.6744605e-03   1.5099819e-03
   8.8806146e-02  -4.2547350e-03  -1.6831742e-02   1.1631944e-03   1.7128581e-03   1.6071225e-03
   6.5555575e-02   3.7142553e-02   1.7213904e-03  -2.3007205e-04   1.7564056e-03   1.3930829e-03
   7.7791693e-02   2.2225550e-02  -8.2176304e-02   3.5964594e-04   1.6804820e-03   1.5132960e-03
   6.7227284e-02   1.3954451e-02   2.9635341e-02   4.6781196e-05   1.7020876e-03   1.4078191e-03
   7.8924526e-02   4.4037799e-02  -3.5734666e-02   4.6533371e-04   1.7323861e-03   1.6799808e-03
   7.0240589e-02  -8.7258853e-03   8.0538715e-03   8.9168482e-04   1.4056769e-03   1.3437952e-03
   4.6935593e-02   3.6275795e-02  -8.0495788e-02  -2.4998446e-04   1.2673366e-03   1.3667914e-03
   6.2181941e-02  -1.4139304e-02  -3.2810265e-02   8.3229787e-04   1.1039397e-03   1.2742996e-03
   2.3703672e-02   2.8834482e-02  -4.5892115e-02  -1.0286919e-04   7.4945835e-04   9.7616956e-04
   5.8616974e-02   1.9086086e-02  -6.5311711e-02   1.2514189e-03   9.2007578e-04   1.3343262e-03
   4.0812826e-02   3.5061318e-02  -2.5308218e-02   2.6098821e-05   9.4907229e-04   9.1541740e-04
   4.9347901e-02   3.1420512e-02  -1.2731132e-01   1.3667372e-04   1.1279378e-03   1.3549990e-03
   4.0955970e-02  -1.5006119e-03  -2.5938615e-02   6.4533835e-04   1.0841476e-03   9.3463139e-04
   4.4983338e-02   4.4556205e-02  -1.0904573e-01   4.5604769e-04   1.3143744e-03   1.2349074e-03
   6.4299887e-02   3.2976337e-02  -4.0789208e-02   1.3432058e-03   1.2411739e-03   1.3342263e-03
   3.9635237e-02   6.7824936e-02  -8.4810784e-02   1.7203091e-04   1.3150534e-03   1.1199527e-03
   6.1084500e-02   1.5721844e-02  -7.7731663e-02   1.7674988e-03   1.0840193e-03   1.2895752e-03
   4.2227886e-02   4.0082454e-02  -3.4545459e-02   5.8103982e-04   9.8788741e-04   9.8758738e-04
   4.4698518e-02   4.2156344e-02  -1.2485518e-01   5.1405239e-04   1.3336557e-03   1.2585222e-03
   3.8988890e-02   5.5680197e-04  -1.4819841e-02   6.9439661e-04   1.2179639e-03   1.0968360e-03
   5.4245370e-02   4.6562140e-02  -1.0852886e-01   6.0946119e-04   1.5300296e-03   1.2423632e-03
   4.3584171e-02   1.2184454e-02  -3.4705011e-02   1.4888852e-03   1.4132038e-03   9.8014513e-04
   2.4950371e-02   6.9227785e-02  -7.7803356e-02   2.7992804e-04   1.5817020e-03   1.0687991e-03
   3.6810892e-02   1.0121378e-02  -5.3579950e-02   1.5879008e-03   1.4183168e-03   1.2042971e-03
   2.8407094e-02   3.8539918e-02  -1.9888707e-02   3.6370441e-04   1.4958614e-03   1.0323487e-03
   4.5310267e-02   1.5943590e-02  -8.8906914e-02   1.2840801e-03   1.8569843e-03   1.1684657e-03
   2.1878884e-02   5.5269046e-02  -3.9522113e-02   1.2532792e-03   1.5375529e-03   9.6594876e-04
   3.2385932e-02   3.3453023e-02  -1.2074180e-01   4.3563101e-04   1.8065816e-03   1.2684190e-03
   4.1159826e-02  -2.5707188e-02  -5.0826406e-02   2.3531242e-04   2.1222096e-03   1.3007592e-03
   7.3464484e-02   3.7494585e-02  -9.3276280e-02   3.6846755e-04   2.8769519e-03   1.7291313e-03
   7.4768620e-02  -1.2215330e-02  -3.6349805e-02   1.3065493e-03   2.6159792e-03   1.6054368e-03
   3.5876130e-02  -5.1274817e-03  -1.1848800e-01  -4.0739792e-04   2.2136835e-03   1.3086538e-03
   7.4441242e-02  -3.9976072e-02  -1.4587069e-01   9.2993436e-04   2.4277677e-03   1.5273767e-03
   5.4806533e-02   5.8410542e-03  -1.0145408e-01  -1.2046609e-04   2.0841197e-03   1.1548459e-03
   8.1429246e-02   9.9872767e-03  -1.2219324e-01   1.0971397e-03   2.6541944e-03   1.9946666e-03
   8.8313558e-02   3.9848503e-03  -3.1202708e-02   1.4388322e-03   2.5887589e-03   1.3747336e-03
   7.4267471e-02   7.7426862e-03  -1.2139558e-01   2.7132883e-04   2.7025943e-03   1.5040789e-03
   8.0779755e-02  -4.5591909e-02  -7.4676862e-02   8.2128795e-04   2.4460084e-03   1.0988976e-03
   4.5052921e-02   8.5953179e-03  -1.1590953e-01  -2.2618649e-04   2.5028748e-03   1.2194558e-03
   7.4827823e-02  -4.6858761e-02  -1.0267937e-01   1.2825915e-03   2.6363768e-03   1.5217430e-03
   5.5811814e-02  -3.1650507e-04  -5.6849363e-02   5.2385023e-04   2.4919625e-03   1.1078388e-03
   5.9501202e-02  -3.1459223e-03  -1.1649175e-01   9.0569693e-04   2.5543934e-03   1.3863250e-03
   5.4992191e-02  -2.4723300e-02  -2.8754039e-02   6.9442647e-04   2.7882435e-03   1.0190332e-03
   6.6062389e-02  -1.9903866e-02  -1.0137358e-01   6.9482995e-04   3.1035273e-03   9.4320730e-04
   7.0009610e-02  -5.5256794e-02  -2.4885121e-03   1.5550474e-03   2.8867586e-03   9.7615963e-04
   7.6795125e-02   1.4100966e-02  -8.9101696e-02   1.0981926e-03   2.9850545e-03   1.0866460e-03
   7.8043598e-02  -4.7733142e-02  -6.6096312e-02   1.8971196e-03   2.7873627e-03   1.2099070e-03
   5.6964876e-02  -1.1216634e-02  -2.5422061e-02   8.5849666e-04   3.0112114e-03   1.1643943e-03
   7.3997187e-02  -6.8849418e-03  -7.1304433e-02   2.2424947e-03   3.2561079e-03   1.5130915e-03
   7.9478102e-02  -7.0883159e-03   1.8807939e-02   1.6168806e-03   3.1605074e-03   1.2312628e-03
   9.9356708e-02   3.2709054e-02  -5.9908459e-02   1.3553675e-03   3.7472737e-03   1.7791641e-03
   1.1956688e-01  -4.4085089e-02   3.0468602e-02   1.8044953e-03   3.5733944e-03   1.7709009e-03
   1.1872147e-01   2.0972468e-03  -3.1876224e-02   1.0859783e-03   4.0023801e-03   2.0439451e-03
   1.4116012e-01  -1.3406101e-02   2.4150784e-02   2.8596848e-03   3.6904011e-03   2.2160679e-03
   9.8496393e-02  -2.4373081e-03  -5.1891160e-03   1.0170779e-03   3.4835654e-03   1.6646080e-03
   1.0912634e-01  -6.9005938e-04  -8.3427558e-02   1.6563778e-03   3.9064130e-03   2.1863956e-03
   1.0758432e-01  -7.4936728e-03   1.7073530e-02   1.6346540e-03   3.8478959e-03   2.0240856e-03
   1.1027812e-01   3.7408392e-02  -7.3773606e-02   1.8287285e-03   4.0235890e-03   2.1083573e-03
   1.0224858e-01  -9.2085331e-03   1.9652369e-02   2.2451905e-03   3.6555527e-03   1.6326132e-03
   9.0239389e-02   4.1002983e-02  -6.7784499e-02   1.1152716e-03   3.5665766e-03   1.5643047e-03
   1.0052130e-01  -3.3147061e-02   1.3616464e-02   2.1700698e-03   3.5702745e-03   1.6916428e-03
   7.5855679e-02   4.6192766e-02  -4.2311820e-02   1.9558974e-03   3.1561628e-03   1.5405738e-03
   9.3417844e-02  -2.3776515e-02  -4.1887854e-02   2.1772521e-03   3.3296908e-03   1.5535523e-03
   6.0044986e-02   1.6996165e-02  -1.3640806e-02   1.5181414e-03   2.8469892e-03   1.5517717e-03
   8.9520099e-02  -1.9600918e-02  -2.6709360e-02   1.8923540e-03   3.3388951e-03   1.8737345e-03
   1.0812710e-01  -7.7616925e-03   6.1029820e-02   1.9729878e-03   3.2179723e-03   1.6347581e-03
   9.2532175e-02   2.2102334e-02  -4.0428780e-02   1.5828765e-03   3.2624488e-03   1.6533442e-03
   1.0150202e-01  -2.7372829e-02   2.4309339e-02   1.9143748e-03   3.3769519e-03   1.6163046e-03
   8.6523691e-02   1.6605229e-02  -4.9715477e-02   8.3765430e-04   3.3750479e-03   1.4866747e-03
   1.0428858e-01  -4.6191271e-02   4.2437533e-04   2.3346016e-03   3.5905390e-03   1.4769152e-03
   8.4819518e-02   9.6103894e-03   1.5056103e-02   1.5377018e-03   3.3002733e-03   1.1086491e-03
   8.9217806e-02  -2.9808774e-02  -1.4209808e-02   2.0785844e-03   3.5531711e-03   1.1246973e-03
   8.3813799e-02   7.4430944e-03   4.0296002e-02   1.2144242e-03   3.4140919e-03   1.0372912e-03
   9.3580034e-02  -2.5486685e-02  -3.1420616e-02   1.7615463e-03   3.8112038e-03   1.3281808e-03
   1.1364821e-01  -2.9961997e-02   7.9225073e-02   2.4317897e-03   3.8276357e-03   1.3576064e-03
   1.1016353e-01   1.9315795e-02  -9.5789356e-03   1.6885071e-03   4.0514045e-03   1.5014293e-03
   1.3452269e-01  -1.2155947e-03   5.2937221e-02   3.4736280e-03   4.1056197e-03   1.8350399e-03
   1.1173193e-01   2.2165524e-02   1.7631962e-02   1.3419697e-03   3.9866884e-03   1.4115444e-03
   1.0739308e-01  -4.1028376e-02   1.7070818e-02   2.8455082e-03   3.9588512e-03   1.5014703e-03
   8.7295456e-02  -2.5632592e-04   3.0615586e-02   1.8017193e-03   3.9810331e-03   1.4670554e-03
   1.1953854e-01  -2.2631849e-03  -7.6188003e-03   2.4988628e-03   4.4087900e-03   1.5275802e-03
   1.1081643e-01   9.6635328e-03   5.9221690e-02   2.0512108e-03   4.3177343e-03   1.4430875e-03
   1.1577861e-01   2.0718136e-02  -2.1356291e-02   1.8250493e-03   4.5929944e-03   1.7068952e-03
   1.2851601e-01  -2.6508067e-02   8.1498437e-02   2.4086103e-03   4.6160791e-03   1.6102015e-03
   1.3431932e-01   5.3290065e-02   2.4585265e-02   2.0994287e-03   4.7775250e-03   2.1735401e-03
   1.4282610e-01  -3.0133876e-03   5.7798654e-02   3.1056161e-03   4.6824362e-03   2.3310972e-03
   1.3092613e-01   2.0227298e-02   3.4568439e-02   1.7423748e-03   4.7515306e-03   1.9605081e-03
   1.3108640e-01  -4.4212379e-03   8.5475978e-03   3.0580464e-03   4.6229332e-03   2.0243824e-03
   1.2494139e-01   5.9783870e-03   5.2369006e-02   1.7937336e-03   4.6152547e-03   1.6243197e-03
   1.4080619e-01  -8.6691665e-03  -5.5302405e-02   2.0065182e-03   4.8081926e-03   1.8968142e-03
   1.2876178e-01  -1.2472517e-02   2.3835091e-02   1.7190470e-03   4.6791265e-03   1.6406013e-03
   1.4492392e-01   1.1858908e-02  -2.3249189e-02   2.5544776e-03   4.8448429e-03   2.1670572e-03
   1.6060114e-01   3.2531851e-02   5.5459899e-02   3.7176011e-03   4.4966169e-03   1.8178036e-03
   1.4076725e-01   4.1663355e-02  -4.9084006e-02   1.6510853e-03   4.7014210e-03   1.7104412e-03
   1.4961883e-01  -3.7499517e-02   1.6886146e-02   2.9066072e-03   4.7105879e-03   1.8647986e-03
   1.2310102e-01   1.1211458e-02  -2.0644318e-02   1.7637365e-03   4.3421427e-03   1.7159437e-03
   1.3266625e-01  -1.1221837e-02  -1.4906287e-02   3.2180487e-03   4.0797447e-03   2.0290647e-03
   1.1215695e-01   3.0549566e-02   1.8896519e-02   2.2897801e-03   4.1143300e-03   1.6916858e-03
   1.2854633e-01   2.9552655e-02  -6.3988146e-02   2.6867427e-03   4.3426224e-03   1.8312372e-03
   1.4866163e-01   1.1818370e-02   3.6581935e-02   3.2226889e-03   4.4834215e-03   1.6601328e-03
   1.2788311e-01   5.8460786e-02  -5.0611117e-02   2.1429408e-03   4.5151941e-03   1.7977370e-03
   1.3802675e-01  -8.4356393e-03   2.6899879e-02   3.1605255e-03   4.3903634e-03   1.6775522e-03
   1.2904350e-01   7.7037852e-02  -3.5226571e-03   2.6264591e-03   4.3219311e-03   1.6562100e-03
   1.4748967e-01   3.0858755e-02  -9.2052749e-03   3.4772152e-03   4.4863085e-03   1.8772964e-03
   1.3215503e-01   1.0658781e-01  -1.0783090e-02   3.5415260e-03   4.2972796e-03   1.7160037e-03
   1.4822377e-01   8.4431693e-03  -4.8318000e-02   3.3101381e-03   4.3003847e-03   1.8378149e-03
   1.1903023e-01   6.6850800e-02   3.1959837e-02   2.5374201e-03   4.0525690e-03   1.1828445e-03
   1.5837673e-01   6.6316186e-02   2.1286936e-02   3.6967684e-03   4.4010046e-03   1.7667291e-03
   1.6192059e-01   4.6838968e-02   6.7141346e-02   3.3489998e-03   4.5199811e-03   1.5796565e-03
   1.5739170e-01   5.7704807e-02  -1.8555389e-02   2.9443218e-03   4.4414245e-03   1.7512774e-03
   1.7259061e-01   2.2630880e-02   8.3864242e-02   3.9041456e-03   4.4125056e-03   1.8097879e-03
   1.6027229e-01   1.0965747e-01   7.8885959e-02   3.6028752e-03   4.4458341e-03   1.6409149e-03
   1.6618073e-01   7.9056117e-03   3.0488825e-02   3.4354197e-03   4.4625086e-03   1.7799371e-03
   1.4357078e-01   3.2456499e-02   6.5698107e-02   2.5854691e-03   4.1530870e-03   1.2570615e-03
   1.8029907e-01   6.1094135e-02   2.3462730e-02   3.5991305e-03   4.2291625e-03   2.0162303e-03
   1.6577166e-01   1.9180743e-02   5.7208342e-02   3.0659856e-03   4.4894951e-03   1.5413991e-03
   1.6423954e-01   4.7197468e-02  -1.7029628e-02   2.7711234e-03   4.6512407e-03   1.6963446e-03
   1.5747530e-01   2.8827841e-02   5.3336025e-02   3.7789400e-03   4.3663111e-03   1.7833460e-03
   1.3067563e-01   4.5453166e-02   3.5776197e-02   2.5994808e-03   4.4714945e-03   1.5037968e-03
   1.3486987e-01   3.3781975e-02  -4.2166702e-02   3.2277559e-03   4.5811127e-03   1.7999980e-03
   1.1190037e-01   3.3720899e-02   4.7043517e-02   2.6497506e-03   4.1387371e-03   1.4286457e-03
   1.1709001e-01   3.7255869e-02  -5.2818704e-02   2.7637070e-03   4.5632721e-03   1.5584755e-03
   1.1785424e-01   3.8631695e-04   4.0646995e-02   3.5314549e-03   4.1467121e-03   1.0506832e-03
   1.0062315e-01   6.8995548e-02  -2.0657231e-02   2.4646964e-03   4.0670009e-03   9.7462503e-04
   1.1727650e-01  -4.7771058e-03  -1.7546401e-03   2.9927225e-03   4.2814770e-03   1.4237259e-03
   1.0237738e-01   3.7375206e-02   3.7894056e-02   2.6181553e-03   4.5482434e-03   1.1607250e-03
   1.0290505e-01   4.4496738e-02  -4.5558094e-02   3.6555363e-03   4.2439322e-03   1.2893287e-03
   1.0428514e-01   3.6088797e-02   3.4922675e-02   2.9869529e-03   4.2931203e-03   9.1007566e-04
   1.0822490e-01   5.0545634e-02  -3.8152354e-02   1.9664284e-03   4.9232787e-03   1.4237745e-03
   1.4628742e-01  -5.2593036e-03   8.7953535e-02   3.3589997e-03   5.2053477e-03   1.5598330e-03
   1.2125900e-01   4.8824222e-02   3.7840778e-02   2.4671930e-03   5.1775437e-03   1.3399272e-03
   1.4846916e-01   2.1730327e-02  -1.6300387e-02   3.1226550e-03   5.3699082e-03   1.5447047e-03
   1.2927109e-01   3.0198557e-02   6.5490790e-02   2.9219558e-03   5.2740039e-03   1.3523479e-03
   1.4369887e-01   6.5429912e-02  -5.2293295e-03   3.6149164e-03   5.2877192e-03   1.7937909e-03
   1.6630344e-01   4.5108876e-02   8.6165351e-02   4.1282838e-03   5.2883008e-03   1.5563078e-03
   1.3948017e-01   7.9892098e-02   2.6394634e-04   2.6085453e-03   5.0975107e-03   1.4415402e-03
   1.7186844e-01   2.3267912e-02   2.5196985e-02   3.6619668e-03   5.3684838e-03   1.6148502e-03
   1.6171719e-01   8.7754608e-02   3.9967237e-02   2.8768625e-03   5.3802933e-03   1.7422905e-03
   1.6754623e-01   4.2525984e-02   1.0269687e-02   3.9076084e-03   5.3538536e-03   1.6997377e-03
   1.4037113e-01   6.3456385e-02   6.7155828e-02   3.1260498e-03   5.0043990e-03   1.5446914e-03
   1.4994429e-01   5.9388201e-02  -2.7859527e-02   2.8701912e-03   5.1654033e-03   1.7233431e-03
   1.7031367e-01   3.4700675e-02   9.4205456e-02   3.4418744e-03   5.5500263e-03   1.6262652e-03
   1.6415501e-01   1.0798977e-01   7.3642502e-02   3.5107548e-03   5.4929903e-03   1.9178971e-03
   1.8676317e-01   6.9264319e-02   1.1281497e-01   3.8156427e-03   5.5292733e-03   1.8991549e-03
   1.5609407e-01   1.3525440e-01   6.9473512e-02   2.7081699e-03   5.4375296e-03   1.6011368e-03
   1.7919217e-01   6.3133596e-02   7.5993801e-02   3.8576477e-03   5.6281011e-03   1.7583408e-03
   1.7354796e-01   1.0812282e-01   1.2889392e-01   3.0174595e-03   5.7975267e-03   1.6542790e-03
   1.7894535e-01   9.6194786e-02   5.4835195e-02   3.7013924e-03   5.7504149e-03   1.7784973e-03
   1.6604328e-01   9.7514141e-02   1.4751562e-01   2.6514903e-03   5.8682679e-03   1.5616306e-03
   1.6931737e-01   7.9869719e-02   5.6695502e-02   2.8271674e-03   5.7440581e-03   1.7767611e-03
   1.7750960e-01   7.3534971e-02   1.3851179e-01   2.8741459e-03   5.7139969e-03   1.4116739e-03
   1.7590040e-01   1.0126484e-01   5.6157318e-02   2.3216815e-03   6.1051104e-03   1.8672609e-03
   1.8456743e-01   4.9775647e-02   1.3438987e-01   2.7415806e-03   6.1689435e-03   1.6355365e-03
   1.5693282e-01   1.2800000e-01   6.7434168e-02   3.2642740e-03   5.4888759e-03   1.7131613e-03
   1.5754948e-01   5.7364178e-02   1.2986686e-01   2.6775633e-03   5.4867497e-03   1.5122237e-03
   1.4033559e-01   1.0296322e-01   8.4773356e-02   2.1592529e-03   5.6071644e-03   1.5834429e-03
   1.6475659e-01   3.7653500e-02   1.5467295e-01   3.2288313e-03   5.8251388e-03   1.7159812e-03
   1.4757321e-01   1.0807779e-01   1.2541540e-01   2.3815571e-03   5.5585691e-03   1.7498565e-03
   1.5360106e-01   1.0157190e-01   1.1946464e-01   3.7645238e-03   4.9287558e-03   2.3514293e-03
   1.6623317e-01   1.3926276e-01   1.8590759e-01   2.1816062e-03   6.0251206e-03   2.0279784e-03
   1.7613684e-01   9.8713555e-02   1.2224791e-01   3.0537865e-03   6.1605175e-03   2.0727698e-03
   1.6978610e-01   1.0018687e-01   2.0263156e-01   2.6397326e-03   6.1377879e-03   1.7822070e-03
   1.6319046e-01   1.2378465e-01   1.0327201e-01   2.3610895e-03   5.7643679e-03   2.1699820e-03
   1.8912457e-01   1.0131062e-01   2.0544641e-01   3.8197931e-03   5.8796801e-03   1.9280695e-03
   1.4950527e-01   1.2117375e-01   1.1792747e-01   2.5268829e-03   5.6588459e-03   1.8003983e-03
   1.7905137e-01   9.6944418e-02   1.3779904e-01   3.4821015e-03   5.8131450e-03   1.8404854e-03
   1.4896508e-01   1.1765569e-01   1.2340380e-01   2.1372468e-03   5.6347202e-03   1.8868533e-03
   1.6706637e-01   8.4136909e-02   1.1000081e-01   3.3914498e-03   5.7334347e-03   1.9882030e-03
   1.4618491e-01   1.2015471e-01   1.5124565e-01   2.6552623e-03   5.5264756e-03   1.4940060e-03
   1.5953742e-01   1.1243765e-01   5.1028820e-02   3.0363778e-03   5.7839995e-03   1.7645856e-03
   1.5324421e-01   8.6821522e-02   1.7264706e-01   3.2119876e-03   5.8748741e-03   1.4939986e-03
   1.4259687e-01   1.0703502e-01   8.9100045e-02   2.9345269e-03   5.7270466e-03   1.9575390e-03
   1.5748723e-01   9.3530930e-02   1.5319980e-01   3.5468127e-03   5.5133394e-03   1.6903131e-03
   1.4461149e-01   1.4654514e-01   8.3941751e-02   2.4129166e-03   5.7380283e-03   1.9416678e-03
   1.5815760e-01   7.7210572e-02   1.1280788e-01   3.5558838e-03   5.4335098e-03   1.9327472e-03
   1.3490444e-01   1.0335244e-01   1.5425390e-01   2.4911912e-03   5.5003840e-03   1.5517651e-03
   1.4098838e-01   9.8467595e-02   5.9890966e-02   2.8523945e-03   5.4744241e-03   1.7561427e-03
   1.5870635e-01   9.0655194e-02   1.6436212e-01   3.2668605e-03   5.4831225e-03   1.5894631e-03
   1.4333640e-01   1.2950194e-01   8.2815649e-02   2.5780529e-03   5.8170401e-03   1.8347805e-03
   1.6700902e-01   7.3703338e-02   1.6738754e-01   3.8487441e-03   5.9576885e-03   1.8705312e-03
   1.6457020e-01   1.3333703e-01   1.2496283e-01   2.6359701e-03   5.8594574e-03   1.8814483e-03
   1.5473311e-01   8.0982966e-02   1.0945639e-01   3.4185321e-03   5.4296430e-03   1.9483649e-03
   1.4022748e-01   1.0468114e-01   1.7179036e-01   2.6482711e-03   5.9138547e-03   1.7202154e-03
   1.5762783e-01   9.4624789e-02   9.7311133e-02   2.8350456e-03   5.9852450e-03   2.1862047e-03
   1.8734429e-01   9.3421721e-02   1.8104952e-01   3.2205362e-03   6.1431252e-03   2.1734661e-03
   1.8402257e-01   1.4636478e-01   1.1352451e-01   2.5761030e-03   6.1942843e-03   2.3121342e-03
   1.8782653e-01   7.9741681e-02   1.3843627e-01   3.2810221e-03   5.9610492e-03   2.4177870e-03
   1.7190349e-01   1.0776496e-01   1.3720414e-01   2.1074893e-03   6.1066337e-03   2.2467669e-03
   1.9538565e-01   7.4277876e-02   1.3083587e-01   3.3335592e-03   6.1471217e-03   2.4341842e-03
   1.8287705e-01   1.1414772e-01   1.7039512e-01   2.5655160e-03   6.1632965e-03   2.2270691e-03
   1.9199157e-01   1.2395121e-01   6.7699148e-02   2.7416381e-03   6.3144898e-03   2.5999437e-03
   1.8384621e-01   9.3202133e-02   1.6722995e-01   2.7249341e-03   6.2310730e-03   2.2803421e-03
   1.7982863e-01   1.1859692e-01   8.4965050e-02   2.7281794e-03   6.2492578e-03   2.3583628e-03
   1.9290317e-01   7.2827601e-02   1.6602690e-01   3.0671281e-03   6.4228007e-03   2.2143393e-03
   1.9996756e-01   1.2478800e-01   7.4721941e-02   2.3121228e-03   6.6958308e-03   2.4691238e-03
   2.0897953e-01   7.8982070e-02   1.1151636e-01   3.1988371e-03   6.6212938e-03   2.3738155e-03
   1.8412027e-01   1.2589785e-01   1.1089370e-01   2.1152516e-03   6.5429432e-03   2.2943200e-03
   1.9277191e-01   9.4088843e-02   1.1682549e-01   3.6583309e-03   6.2149083e-03   2.5307769e-03
   1.7881028e-01   1.2126587e-01   1.3706417e-01   2.4872970e-03   6.3520410e-03   2.1418969e-03
   1.9143583e-01   1.1082248e-01   5.6878428e-02   2.9363968e-03   6.5223236e-03   2.4038481e-03
   1.9822458e-01   9.5205804e-02   1.6286286e-01   3.0180972e-03   6.5775443e-03   2.1561796e-03
   2.0031822e-01   1.2583328e-01   5.7146832e-02   2.2832009e-03   6.7345964e-03   2.2115330e-03
   2.0269822e-01   7.0873870e-02   1.1177986e-01   2.8407330e-03   6.4775601e-03   2.0828576e-03
   1.9711379e-01   1.3292182e-01   5.4380996e-02   2.1311841e-03   6.6288064e-03   2.3451165e-03
   2.1421429e-01   8.0197371e-02   1.0809286e-01   3.3079150e-03   6.5486526e-03   2.4285355e-03
   1.8688937e-01   1.2706891e-01   1.1145319e-01   1.9002070e-03   6.3150499e-03   1.8406667e-03
   2.1432290e-01   9.0099438e-02   1.0686145e-01   3.3945398e-03   6.5467194e-03   2.4231055e-03
   2.0239444e-01   1.0462379e-01   1.5607636e-01   2.6114716e-03   6.3879770e-03   2.0993468e-03
   1.9978811e-01   1.2455485e-01   6.3077993e-02   2.1053455e-03   6.4020534e-03   2.2325237e-03
   2.2220864e-01   6.5629314e-02   1.4314416e-01   2.9454156e-03   6.5973559e-03   2.1680587e-03
   1.9078923e-01   1.6114051e-01   5.7418790e-02   2.8891690e-03   6.3664091e-03   2.0022332e-03
   2.0954260e-01   9.2018529e-02   8.2148706e-02   2.9268999e-03   6.3959883e-03   2.3865065e-03
   1.9770070e-01   1.4027318e-01   1.4202952e-01   2.0866316e-03   6.5231184e-03   2.2404805e-03
   2.1262546e-01   8.9652723e-02   1.0919775e-01   2.9426265e-03   6.3658197e-03   2.6654441e-03
   2.0639828e-01   1.0248893e-01   1.3937436e-01   2.4497254e-03   6.2049489e-03   2.3308084e-03
   2.0533990e-01   1.1380132e-01   4.4849006e-02   1.7079905e-03   6.8071990e-03   2.5124498e-03
   2.2259609e-01   5.9332756e-02   1.2870326e-01   2.6405827e-03   7.1115678e-03   2.5717682e-03
   2.0691970e-01   1.3522321e-01   7.4113414e-02   2.1601955e-03   6.6309310e-03   2.4671343e-03
   2.1852920e-01   1.0399963e-01   9.6330190e-02   3.0216129e-03   6.4141585e-03   2.8631919e-03
   1.9291009e-01   1.0096956e-01   1.2486907e-01   1.8144835e-03   6.5385424e-03   2.4953632e-03
   1.9276334e-01   9.8249970e-02   4.3395745e-02   2.5961811e-03   6.3691709e-03   2.8567673e-03
   1.8782329e-01   1.0094641e-01   1.1452441e-01   2.6738678e-03   5.9553921e-03   2.6735942e-03
   1.8633120e-01   1.5347860e-01   8.8559374e-02   1.9698227e-03   6.0616592e-03   2.7278767e-03
   1.9288145e-01   6.4184469e-02   1.0778710e-01   2.6945912e-03   6.2298089e-03   2.7229476e-03
   1.7970887e-01   1.0467315e-01   8.5378598e-02   1.8221558e-03   6.0799802e-03   2.5243144e-03
   1.9162619e-01   8.7071916e-02   5.4205035e-02   3.1412364e-03   6.0719295e-03   2.6839079e-03
   1.6204220e-01   1.3049285e-01   1.0461855e-01   1.9519070e-03   5.7812202e-03   2.3039925e-03
   1.7947748e-01   1.2576887e-01   2.5739913e-02   2.3280553e-03   6.2971497e-03   2.5275779e-03
   1.9020704e-01   1.2714294e-01   1.1572164e-01   2.5781924e-03   6.5345079e-03   2.5420300e-03
   1.7982786e-01   1.7783319e-01   7.0108411e-02   1.7868027e-03   6.2073000e-03   2.0076692e-03
   1.5563667e-01   8.7178239e-02   9.7865019e-02   2.3992837e-03   5.6993697e-03   2.0999152e-03
   1.4087753e-01   1.3370932e-01   1.1432171e-01   2.4194909e-03   5.7555494e-03   1.8867526e-03
   1.6065625e-01   8.3687217e-02   4.6511092e-02   2.1635681e-03   6.0623196e-03   2.1232526e-03
   1.5247075e-01   9.4296151e-02   1.0928023e-01   1.7896015e-03   5.7277597e-03   1.7211644e-03
   1.5393343e-01   1.2353681e-01   1.5748559e-02   1.5624173e-03   6.0102036e-03   1.7425158e-03
   1.6471941e-01   1.0862299e-01   1.1613266e-01   2.9991796e-03   6.0923377e-03   1.4939450e-03
   1.5613124e-01   1.1111877e-01   5.7649573e-02   1.5177596e-03   6.0435223e-03   1.7394385e-03
   1.6973204e-01   8.1706500e-02   1.0640356e-01   2.5191387e-03   6.0156331e-03   1.9276157e-03
   1.5865386e-01   1.1238727e-01   1.2898301e-01   1.1769794e-03   6.0190137e-03   1.8717862e-03
   1.9099749e-01   1.5104869e-01   7.7036539e-02   2.2093544e-03   6.2934143e-03   2.3508203e-03
   1.7683818e-01   1.2338321e-01   1.2030539e-01   3.0480105e-03   5.6286248e-03   2.1010209e-03
   1.6339012e-01   1.2745123e-01   8.0160426e-02   1.1086334e-03   6.0169969e-03   1.8303848e-03
   1.7983267e-01   5.9774979e-02   9.0219608e-02   2.0712976e-03   6.0195749e-03   1.8521205e-03
   1.5677116e-01   1.0056873e-01   9.5367485e-02   1.0316225e-03   5.8884251e-03   1.4014845e-03
   1.5642491e-01   7.8008033e-02   4.0924580e-02   2.0514669e-03   6.1431349e-03   1.7359664e-03
   1.4778372e-01   9.1616228e-02   1.1365837e-01   1.2569979e-03   6.0191206e-03   1.6332051e-03
   1.4099712e-01   1.1273628e-01   3.7432404e-02   1.2579320e-03   6.1285923e-03   1.6635307e-03
   1.4321500e-01   6.4486959e-02   1.2119100e-01   2.1251763e-03   5.7780695e-03   1.4296381e-03
   1.4035021e-01   1.2484384e-01   1.0183011e-01   1.2127228e-03   5.7243716e-03   1.3374965e-03
   1.3205369e-01   5.1582425e-02   1.2918479e-01   1.9462973e-03   5.7278630e-03   1.5816305e-03
   1.4158324e-01   7.9032726e-02   1.3391007e-01   8.5185892e-04   5.6887856e-03   1.5965549e-03
   1.6712893e-01   8.3633932e-02   3.2062820e-02   1.5085835e-03   6.2232333e-03   1.9303811e-03
   1.6011929e-01   8.3689251e-02   1.2527175e-01   1.1888430e-03   6.0753022e-03   1.8112061e-03
   1.5936360e-01   9.4400394e-02   5.4206189e-02   1.4085208e-03   6.1751150e-03   1.9692865e-03
   1.7872880e-01   6.1502620e-02   1.1960574e-01   1.9618161e-03   6.4433375e-03   2.0131500e-03
   1.6228262e-01   1.1448941e-01   7.0838316e-02   5.1924847e-04   6.2564062e-03   1.9486720e-03
   1.8738721e-01   7.9873199e-02   6.3150231e-02   2.0774240e-03   6.6304187e-03   2.2722765e-03
   1.6725593e-01   1.2129210e-01   1.1725214e-01   1.0101998e-03   6.1742859e-03   2.0076536e-03
   1.7780255e-01   1.0345157e-01   7.4032506e-02   1.7130728e-03   6.3541162e-03   2.2866027e-03
   1.7101236e-01   7.6733653e-02   1.2187487e-01   1.1367594e-03   6.3978488e-03   2.0866520e-03
   1.7128192e-01   1.0366100e-01   4.4733531e-02   1.0029456e-03   6.4979879e-03   2.0298405e-03
   1.8700303e-01   6.7952898e-02   1.1247258e-01   1.7408391e-03   6.5637233e-03   2.1678702e-03
   1.6775369e-01   1.3777013e-01   6.3988317e-02   8.9589814e-04   6.3341282e-03   1.9686027e-03
   1.7393370e-01   7.2006943e-02   9.9364228e-02   1.5778674e-03   6.4898367e-03   2.3438945e-03
   1.7792761e-01   1.0119776e-01   1.0662280e-01   6.4554657e-04   6.4887519e-03   2.2563868e-03
   2.0245333e-01   1.1558371e-01   7.3435829e-02   2.4770731e-03   6.1545964e-03   2.7067834e-03
   1.8166854e-01   1.3628685e-01   1.1374423e-01   1.5139217e-03   5.6961776e-03   2.3222994e-03
