   1.3706752e-14   0.0000000e+00   0.0000000e+00   1.3363824e-51   3.8518599e-34   3.8518599e-34
   1.1070262e-02  -9.4213641e-03   1.1136097e-01  -7.5546466e-04   1.7512277e-04   1.7345890e-04
   7.9040315e-03  -7.0612939e-03   6.5905014e-02  -2.0681032e-04   1.2561297e-04  -6.6322888e-06
   1.0332227e-02   5.0877852e-02   1.2075524e-01   3.4045140e-04   4.3502695e-05   5.9871345e-05
   1.3571667e-02   2.4021731e-02   1.2973257e-01  -2.7591608e-04  -1.2695610e-05   2.4857679e-04
   1.7212999e-02   2.0327513e-02   1.3882437e-01  -9.1361457e-04  -1.2096612e-04   2.0416579e-04
   2.1869634e-03   2.5454645e-02   8.1868407e-02  -1.7248004e-04  -1.1145862e-04   8.1052928e-05
   2.5160582e-03   6.8106331e-02   1.3671425e-01   1.7846033e-04  -2.4320837e-04   5.2710990e-05
   8.1647803e-03  -1.8102995e-02   9.8152640e-02  -1.0507995e-03   1.1716068e-06  -4.0829216e-05
   9.3655713e-03   4.4620185e-02   1.4376929e-01  -5.0292543e-04  -2.5732002e-04   8.0890219e-05
   1.2826080e-02  -1.1478359e-02   1.5751470e-01  -1.1408685e-03  -8.3172596e-05   8.1901071e-05
   8.4148662e-03  -3.2441391e-02   1.2301338e-01  -2.1524039e-03  -2.5558252e-04   6.5885680e-05
   4.2386233e-03   6.4426621e-02   9.3583268e-02   1.1869542e-03   1.3921428e-04  -8.6796053e-05
   1.6144022e-02  -2.8142195e-02  -8.9946339e-02  -6.2973005e-04   2.8121112e-04  -5.1415237e-04
   4.4701536e-03   5.0256300e-02   1.2906132e-01  -5.0673245e-04  -3.7549379e-05  -1.7894608e-04
   4.6843516e-03  -4.1736954e-02   1.1362793e-01  -2.1345071e-03  -1.2590086e-04  -1.0299200e-05
  -2.8463471e-03   4.1682892e-02   1.2148868e-01  -3.3475025e-04  -3.8281450e-04  -4.9237323e-05
  -1.4851317e-03   1.3328017e-02   1.6543159e-01  -1.3454836e-03  -3.3047172e-04  -2.3485166e-05
   4.8064268e-03  -4.8357852e-02   1.3921611e-01  -2.5896022e-03  -3.2423403e-04   5.2236576e-05
  -1.3083788e-03   2.3578476e-03   1.3137862e-01  -1.6192091e-03  -4.4811591e-04  -1.3637625e-04
   8.7260373e-03   1.5845604e-02   2.1415925e-01  -2.1486990e-03  -3.2751863e-04  -1.6084549e-04
   2.8705809e-03  -4.5701428e-02   1.3188354e-01  -2.9024580e-03  -5.2909471e-04  -1.9282189e-04
  -2.7402257e-03   3.5352546e-04   1.8115769e-01  -2.0889126e-03  -6.1021503e-04  -1.0247694e-04
  -1.0718816e-02   1.3504126e-02   3.1650280e-01  -2.7713723e-03  -1.0399733e-03   4.4625607e-05
  -1.8976529e-02  -4.5418236e-02   1.6578214e-01  -1.8916326e-03  -1.0550822e-03   1.5148557e-05
  -1.0460157e-02  -3.9293120e-02   2.2978084e-01  -3.0206428e-03  -1.0678069e-03  -5.2017020e-05
  -1.8357674e-02  -3.9964923e-02   1.8278557e-01  -2.3228617e-03  -1.2519704e-03  -1.6689175e-04
  -2.1035159e-02  -1.7239701e-04   2.4913185e-01  -2.1613288e-03  -1.3474635e-03  -9.7993653e-05
  -2.7197368e-02  -4.2272535e-02   2.4494756e-01  -3.1556920e-03  -1.1732589e-03  -6.8144118e-05
  -2.0015038e-02  -9.7053155e-03   2.2702100e-01  -2.5931085e-03  -1.2365108e-03  -1.7904557e-05
  -1.6274898e-02   1.5141279e-02   2.6919069e-01  -1.7912825e-03  -1.3777517e-03  -3.6446225e-05
  -1.5396974e-02  -1.9138442e-02   2.8734793e-01  -2.7729417e-03  -1.4418377e-03   4.3456128e-06
  -2.2305734e-02  -4.6960548e-02   2.5757481e-01  -3.2333115e-03  -1.5691406e-03  -8.7543987e-05
  -2.6437363e-02   2.3849480e-02   3.7801099e-01  -2.3257597e-03  -1.7334400e-03   1.1744326e-04
  -2.6855899e-02  -8.1025089e-02   2.6906858e-01  -3.6548682e-03  -1.8949429e-03   3.1072291e-05
  -3.5230765e-02   1.6153293e-02   2.9762003e-01  -1.8338365e-03  -2.1540312e-03   1.3335951e-04
  -3.4985441e-02   6.5821476e-03   3.3759238e-01  -2.4684335e-03  -2.0426209e-03   1.0702680e-05
  -3.3503191e-02  -5.7283398e-02   2.7937543e-01  -3.5734421e-03  -2.0441884e-03  -1.0835545e-04
  -2.9024614e-02  -3.7371167e-03   2.9674243e-01  -3.0067988e-03  -1.9753925e-03  -1.4942208e-04
  -3.1139832e-02  -2.3716165e-02   3.0362544e-01  -3.1092186e-03  -2.0727265e-03  -2.0729482e-04
  -3.9063910e-02  -5.2729026e-02   3.0481083e-01  -4.2199263e-03  -2.1807464e-03  -1.6313810e-04
  -4.6199469e-02   6.0438511e-03   3.3433687e-01  -3.0393038e-03  -2.3396067e-03  -1.4996278e-04
  -3.5642412e-02  -5.3137655e-02   3.7838620e-01  -4.5493896e-03  -2.1157251e-03  -4.2435387e-04
  -4.4595956e-02  -3.8464497e-02   3.4465887e-01  -4.1550168e-03  -2.4898313e-03  -4.4989038e-04
  -3.9868632e-02   5.9408766e-03   4.7060832e-01  -3.7531346e-03  -2.5107204e-03  -3.2933460e-04
  -4.7693256e-02  -9.1767687e-02   3.6458399e-01  -4.3919885e-03  -2.6553958e-03  -5.4979466e-04
  -4.8294368e-02   8.8788991e-03   4.3386693e-01  -3.5957269e-03  -2.7542905e-03  -3.8241988e-04
  -4.1899118e-02  -6.4797711e-02   4.1837749e-01  -5.0550919e-03  -2.5712772e-03  -3.7397237e-04
  -4.5426113e-02  -3.4072241e-02   3.7643643e-01  -3.8405440e-03  -2.6975326e-03  -5.5792787e-04
  -3.7112601e-02   1.3856517e-02   5.7627115e-01  -4.2971410e-03  -2.7296625e-03  -1.9254940e-04
  -2.4327418e-02   2.1222745e-02   4.8259221e-01  -2.4983115e-03  -2.4006036e-03  -2.8631504e-04
  -4.0370668e-02  -1.1200797e-01   3.4489461e-01  -3.3397951e-03  -2.6201848e-03  -6.2909972e-04
  -4.7756280e-02  -5.7904010e-03   4.3358003e-01  -3.8272366e-03  -2.6617130e-03  -6.8613564e-04
  -4.8920951e-02  -1.5919543e-02   4.2057176e-01  -3.4852252e-03  -2.5889579e-03  -6.9047235e-04
  -4.5332202e-02  -1.3206848e-02   4.7547047e-01  -4.0508526e-03  -2.4633619e-03  -7.3595024e-04
  -5.2828196e-02  -5.3581300e-02   4.2182036e-01  -4.0037601e-03  -2.6335733e-03  -8.2171273e-04
  -4.5390134e-02  -3.2373611e-02   4.6214322e-01  -4.2756900e-03  -2.6798534e-03  -7.7715207e-04
  -4.8604096e-02  -7.2840875e-02   4.3911745e-01  -4.8281608e-03  -2.5277908e-03  -8.7329178e-04
  -5.0525714e-02  -3.4386391e-02   4.2627399e-01  -3.9796201e-03  -2.4978764e-03  -7.8098484e-04
  -5.3822165e-02  -3.7208752e-03   4.7923288e-01  -4.2210097e-03  -2.7054351e-03  -7.6257045e-04
  -5.2317942e-02  -8.9232168e-02   4.0854405e-01  -4.8012296e-03  -2.5952144e-03  -7.9787902e-04
  -5.5058286e-02  -1.6277076e-02   4.6197769e-01  -4.6754153e-03  -2.7216333e-03  -8.7409245e-04
  -5.3158920e-02  -9.5842047e-02   3.9650116e-01  -5.4622387e-03  -2.5700592e-03  -8.9747272e-04
  -5.7086073e-02  -2.2456296e-02   4.4542772e-01  -4.5350223e-03  -2.8571858e-03  -9.0902806e-04
  -5.7980133e-02  -8.1122564e-02   4.2892568e-01  -5.5971425e-03  -2.7058000e-03  -9.1998148e-04
  -6.3200300e-02  -4.8416267e-02   3.9215548e-01  -4.7475886e-03  -2.9908239e-03  -9.5762488e-04
  -6.4111056e-02  -1.5310644e-02   4.5493398e-01  -4.8626992e-03  -2.9959100e-03  -9.3698001e-04
  -5.6913159e-02  -7.4461762e-02   3.7617717e-01  -5.2548968e-03  -2.9148255e-03  -9.6583809e-04
  -5.2759627e-02  -3.2351947e-02   4.3322719e-01  -5.0258450e-03  -2.8569756e-03  -9.9227281e-04
  -4.4194549e-02  -6.3839291e-02   4.2720361e-01  -5.5992868e-03  -2.7190217e-03  -1.0837186e-03
  -4.9670853e-02  -5.6172850e-02   3.9277477e-01  -5.1108783e-03  -2.9405864e-03  -1.0211712e-03
  -5.2546588e-02   3.3223602e-03   4.8898890e-01  -5.0418668e-03  -2.8833648e-03  -1.0402129e-03
  -5.4485921e-02  -1.1000575e-01   3.7693596e-01  -5.7076025e-03  -2.9560689e-03  -9.9665185e-04
  -5.6907649e-02  -2.7899241e-02   4.4921054e-01  -4.8620672e-03  -3.0942005e-03  -9.9132281e-04
  -5.8015093e-02  -9.7889406e-02   4.1479828e-01  -6.2205305e-03  -2.9241107e-03  -1.1282259e-03
  -6.6498435e-02  -4.4372365e-02   3.9381628e-01  -4.9115439e-03  -3.1254716e-03  -9.8832467e-04
  -6.2869463e-02  -1.9935766e-02   5.4927236e-01  -5.7541815e-03  -3.2571276e-03  -1.2370781e-03
  -6.0680490e-02  -8.1793148e-02   3.9024925e-01  -5.0471179e-03  -3.1931284e-03  -1.0609740e-03
  -6.1944853e-02  -2.0298991e-02   4.9306618e-01  -5.3024702e-03  -3.1563209e-03  -1.1458865e-03
  -6.0551690e-02  -9.0289600e-02   4.3494438e-01  -6.0204012e-03  -3.1193617e-03  -1.1225462e-03
  -6.3371954e-02  -2.7905225e-02   4.5262103e-01  -5.0159710e-03  -3.2079888e-03  -1.0477852e-03
  -5.6894989e-02  -1.5944979e-02   4.5625280e-01  -4.7762501e-03  -3.1343559e-03  -1.0988417e-03
  -5.5492821e-02  -6.5035872e-02   4.4063422e-01  -5.7827635e-03  -3.0568019e-03  -1.1216439e-03
  -6.5162773e-02  -3.8598512e-02   4.4375967e-01  -5.4479106e-03  -3.2886809e-03  -1.2282366e-03
  -6.4839405e-02  -3.1168613e-02   4.7779783e-01  -5.6269321e-03  -3.1056283e-03  -1.2888564e-03
  -6.2509323e-02  -4.1509424e-02   5.0511245e-01  -6.5096633e-03  -3.0878065e-03  -1.3905442e-03
  -6.1736005e-02  -7.9266444e-02   4.4492561e-01  -6.2089243e-03  -3.0584461e-03  -1.3592143e-03
  -5.8326986e-02  -4.2574257e-02   4.6531385e-01  -6.3460009e-03  -3.0582374e-03  -1.4696494e-03
  -5.3359333e-02  -5.8820535e-02   4.8268504e-01  -7.0554857e-03  -2.9984408e-03  -1.4175379e-03
  -5.7147626e-02  -5.9356603e-02   3.9847508e-01  -5.6050782e-03  -3.1266066e-03  -1.5129308e-03
  -5.3596405e-02  -4.0465156e-02   4.9667336e-01  -6.6911500e-03  -3.1415599e-03  -1.6030016e-03
  -5.5324937e-02  -1.0255033e-01   4.2321845e-01  -7.0374783e-03  -3.1192633e-03  -1.5037228e-03
  -6.2882292e-02  -4.0385693e-02   4.3786181e-01  -6.1329444e-03  -3.2119200e-03  -1.4582927e-03
  -6.3482118e-02  -2.5368097e-02   4.7693771e-01  -6.2176638e-03  -3.1941565e-03  -1.5443611e-03
  -5.4719827e-02  -8.2807077e-02   4.4124294e-01  -7.0218264e-03  -3.1416097e-03  -1.4798027e-03
  -5.9822004e-02  -7.2484398e-02   4.4535982e-01  -6.8559607e-03  -3.1137313e-03  -1.5316693e-03
  -5.8084355e-02   1.8828574e-02   5.6543152e-01  -5.8182417e-03  -3.2541890e-03  -1.5933627e-03
  -6.0226584e-02  -1.2938502e-01   4.0903978e-01  -7.2468947e-03  -3.2373784e-03  -1.6707794e-03
  -6.2693355e-02  -4.9025516e-02   4.4563264e-01  -6.5088703e-03  -3.2912650e-03  -1.7054536e-03
  -5.9026662e-02  -5.1259038e-02   4.8600258e-01  -7.2733772e-03  -3.4863201e-03  -1.8227684e-03
  -5.9357087e-02  -1.0559057e-01   4.3056753e-01  -7.7392914e-03  -3.3088644e-03  -1.7322735e-03
  -6.2595874e-02  -5.7513306e-02   4.4301810e-01  -7.0103398e-03  -3.2248401e-03  -1.7070198e-03
  -5.0541518e-02  -1.7898302e-02   5.5243988e-01  -7.4803826e-03  -3.2190800e-03  -1.9417926e-03
  -5.8410332e-02  -7.7310218e-02   4.2858737e-01  -6.9136975e-03  -3.2213331e-03  -1.7266633e-03
  -6.2776364e-02  -4.3182929e-02   4.8459844e-01  -7.2135777e-03  -3.4346155e-03  -1.9432067e-03
  -6.1900538e-02  -7.6094723e-02   4.9525149e-01  -8.0381063e-03  -3.4486928e-03  -1.8734244e-03
  -7.0484398e-02  -1.1637860e-01   4.2304898e-01  -7.8388872e-03  -3.5203940e-03  -2.0069055e-03
  -7.4524765e-02   4.0610244e-04   6.2469250e-01  -7.8388675e-03  -3.6399767e-03  -1.9155384e-03
  -7.0155221e-02  -1.1923595e-01   3.9208081e-01  -7.1601585e-03  -3.6368980e-03  -2.0228949e-03
  -6.1855319e-02  -5.8524379e-02   4.9570099e-01  -7.6794042e-03  -3.3855516e-03  -2.0354204e-03
  -6.5294536e-02  -8.9802199e-02   4.4768661e-01  -8.3509957e-03  -3.4938208e-03  -2.0043552e-03
  -7.2948703e-02  -5.7380268e-02   4.6321460e-01  -7.3423279e-03  -3.5490539e-03  -2.0682319e-03
  -6.1753108e-02  -6.6025175e-02   4.7569484e-01  -7.9061805e-03  -3.4246303e-03  -2.0870072e-03
  -5.4667792e-02  -1.0348648e-01   4.3090549e-01  -7.8600422e-03  -3.3310921e-03  -1.9686583e-03
  -5.6951805e-02  -7.1479913e-02   4.6506303e-01  -7.6070242e-03  -3.5459316e-03  -2.0525922e-03
  -5.6849764e-02  -6.0245518e-02   5.4653767e-01  -7.8911685e-03  -3.5267687e-03  -1.9321790e-03
  -5.8742998e-02  -1.0433665e-01   4.0493714e-01  -7.4903958e-03  -3.5226766e-03  -2.0333777e-03
  -6.2185817e-02  -3.4237742e-02   5.4215126e-01  -7.7526373e-03  -3.6225686e-03  -2.0111735e-03
  -6.7214268e-02  -8.9482233e-02   4.1109860e-01  -7.3115776e-03  -3.6865729e-03  -2.0105987e-03
  -7.3565768e-02  -5.9905550e-02   4.8126704e-01  -7.4626262e-03  -3.8394533e-03  -1.9973527e-03
  -6.8528621e-02  -1.0890163e-01   4.6893231e-01  -8.4860223e-03  -3.5665363e-03  -2.0368523e-03
  -7.5673175e-02  -6.0860117e-02   4.3970355e-01  -7.5607416e-03  -3.8054624e-03  -2.0704356e-03
  -7.4904277e-02  -4.5997753e-02   4.9357801e-01  -7.5352247e-03  -3.6764134e-03  -2.1641208e-03
  -7.3743381e-02  -1.0016786e-01   4.3946923e-01  -8.2301572e-03  -3.5906334e-03  -2.2021307e-03
  -6.7832109e-02  -7.9840242e-02   4.1899802e-01  -7.7692954e-03  -3.4174380e-03  -2.3663766e-03
  -5.7231707e-02  -2.6935581e-02   5.2864367e-01  -7.6793797e-03  -3.6791553e-03  -2.2456778e-03
  -7.1541230e-02  -1.2233577e-01   4.2414406e-01  -8.0298580e-03  -3.6993497e-03  -2.4394120e-03
  -7.8985608e-02  -6.1068972e-02   4.6896357e-01  -7.7112964e-03  -3.7831855e-03  -2.4020368e-03
  -7.2029946e-02  -6.3847710e-02   5.5433036e-01  -8.1635876e-03  -3.8655486e-03  -2.3981539e-03
  -6.8417137e-02  -9.0227327e-02   4.2640259e-01  -7.6183926e-03  -3.6990351e-03  -2.5223066e-03
  -6.5559677e-02  -8.5918800e-02   4.6914865e-01  -7.9351402e-03  -3.5492378e-03  -2.4538935e-03
  -6.0103749e-02  -1.1178105e-01   4.4093207e-01  -9.0373948e-03  -3.5093145e-03  -2.5378643e-03
  -5.8951101e-02  -6.5863968e-02   4.7928685e-01  -7.9512938e-03  -3.4155918e-03  -2.6035360e-03
  -5.6738770e-02  -8.8227422e-02   5.2589241e-01  -8.8605904e-03  -3.6008389e-03  -2.6640077e-03
  -6.1744192e-02  -9.3236127e-02   4.3879463e-01  -8.4549224e-03  -3.6104490e-03  -2.6143724e-03
  -5.5744053e-02  -7.2203143e-02   5.0687824e-01  -8.6291699e-03  -3.5596510e-03  -2.6877967e-03
  -5.8453960e-02  -1.3771096e-01   4.3754947e-01  -9.4255640e-03  -3.3371069e-03  -2.6943728e-03
  -5.4708410e-02   2.4639842e-02   6.5488622e-01  -8.2019926e-03  -3.4454955e-03  -2.5989202e-03
  -6.2783859e-02  -1.3668275e-01   3.7516817e-01  -7.0988082e-03  -3.3610002e-03  -2.7054766e-03
  -5.8257319e-02  -1.0683796e-01   4.7414496e-01  -8.8119053e-03  -3.2886374e-03  -2.7077362e-03
  -5.4445294e-02  -1.0759608e-01   4.3575948e-01  -8.4155262e-03  -3.1846306e-03  -2.6433323e-03
  -5.7396489e-02  -4.4567248e-02   5.1003544e-01  -7.2352076e-03  -3.1381882e-03  -2.8151331e-03
  -7.6724397e-02  -7.1702790e-02   3.6958823e-01  -4.9074210e-03  -2.9879995e-03  -2.8192177e-03
  -5.5377108e-02  -4.3627614e-02   5.3254254e-01  -7.9132688e-03  -2.5852241e-03  -3.1454436e-03
  -4.6679863e-02  -1.2954997e-01   4.3874203e-01  -8.6436692e-03  -2.4364768e-03  -3.3078714e-03
  -4.7009431e-02  -5.4326863e-02   4.9113135e-01  -7.4266434e-03  -2.6383445e-03  -3.1408970e-03
  -4.3683667e-02  -1.2621136e-01   5.2153249e-01  -9.4212848e-03  -2.4619620e-03  -3.1266447e-03
  -4.4873780e-02  -8.5444472e-02   4.5361471e-01  -8.1040496e-03  -2.7438404e-03  -3.1706957e-03
  -5.2350793e-02  -6.0400292e-02   5.0653242e-01  -8.5483684e-03  -2.7212660e-03  -3.1981024e-03
  -4.5027812e-02  -1.1229263e-01   4.5028581e-01  -9.0664215e-03  -2.6149091e-03  -3.0859039e-03
  -4.2929188e-02  -7.7417337e-02   4.8120408e-01  -8.4271445e-03  -2.7509368e-03  -3.2265768e-03
  -4.1231868e-02  -6.8533040e-02   5.5118218e-01  -9.0082260e-03  -2.5513514e-03  -3.2818778e-03
  -4.1847870e-02  -1.0158066e-01   4.4456421e-01  -9.2261727e-03  -2.5565456e-03  -3.3234712e-03
  -3.7425422e-02  -5.7427155e-02   5.4120493e-01  -9.0202352e-03  -2.4207694e-03  -3.3434719e-03
  -2.5582774e-02  -1.4246183e-01   4.8664955e-01  -1.0726411e-02  -2.1482349e-03  -3.5768895e-03
  -3.8857555e-02  -1.0842500e-01   4.6162905e-01  -9.6439851e-03  -2.4883925e-03  -3.5867321e-03
  -3.3782451e-02  -9.7345881e-02   4.9410594e-01  -9.6913151e-03  -2.5359257e-03  -3.5616700e-03
  -3.6759908e-02  -1.4096761e-01   4.8986192e-01  -1.0461148e-02  -2.3648958e-03  -3.5666744e-03
  -3.8445556e-02  -1.1701045e-01   4.3585103e-01  -9.7937215e-03  -2.4308435e-03  -3.6147378e-03
  -3.1470890e-02  -7.6020566e-02   5.4509451e-01  -9.9271298e-03  -2.3227447e-03  -3.6190980e-03
  -2.8713696e-02  -1.3856049e-01   4.2806571e-01  -9.4663796e-03  -2.3348358e-03  -3.5581220e-03
  -3.1262895e-02  -9.2572324e-02   5.0764102e-01  -9.8714743e-03  -2.3512575e-03  -3.7238288e-03
  -2.6534649e-02  -1.4618768e-01   4.8145106e-01  -1.1182547e-02  -2.1800404e-03  -3.7194076e-03
  -2.4513003e-02  -6.1578701e-02   5.0209808e-01  -9.4780669e-03  -2.1130686e-03  -3.8208355e-03
  -2.0504981e-02  -1.5152487e-01   4.1643551e-01  -1.0395567e-02  -1.9262327e-03  -3.8768234e-03
  -1.8022253e-02  -1.2609812e-01   4.3364883e-01  -1.0656757e-02  -2.0717121e-03  -4.0593897e-03
  -1.4095015e-02  -9.7481231e-02   4.9049708e-01  -1.0232256e-02  -2.0929444e-03  -3.9763029e-03
  -2.2530549e-02  -1.1745469e-01   4.4062855e-01  -1.0395350e-02  -1.9940076e-03  -3.9845180e-03
  -2.0410086e-02  -1.0250808e-01   4.5177371e-01  -1.0296030e-02  -2.0559138e-03  -3.8331446e-03
  -8.6161166e-03  -1.0071721e-01   5.4193566e-01  -1.0782679e-02  -2.0238990e-03  -4.0744500e-03
  -1.4497253e-02  -1.4643329e-01   4.2486832e-01  -1.0193133e-02  -2.1889038e-03  -4.0707429e-03
  -8.0156120e-03  -9.9496061e-02   5.1151787e-01  -1.0676299e-02  -2.1671715e-03  -4.1203325e-03
  -1.7188490e-02  -1.3792598e-01   4.8180178e-01  -1.1157767e-02  -2.0071932e-03  -4.1910509e-03
  -2.3568079e-02  -1.2831826e-01   4.1979649e-01  -1.0699010e-02  -2.2255209e-03  -4.1772823e-03
  -1.0042956e-02  -3.1448402e-02   6.0410900e-01  -1.0474452e-02  -2.2381011e-03  -4.4459912e-03
  -2.0772631e-02  -1.4998359e-01   3.9691720e-01  -9.9977074e-03  -2.2739954e-03  -4.2518362e-03
  -1.6462151e-02  -1.0909782e-01   4.8075270e-01  -1.1253557e-02  -1.9235878e-03  -4.4756760e-03
  -1.7212713e-02  -1.4197232e-01   4.5151712e-01  -1.1407088e-02  -1.9483289e-03  -4.4264253e-03
  -2.4100925e-02  -1.0034966e-01   4.9261298e-01  -1.0986862e-02  -1.9719798e-03  -4.5116801e-03
  -2.4974381e-02  -1.2577023e-01   4.9976732e-01  -1.1677421e-02  -1.8744418e-03  -4.6563205e-03
  -2.1067276e-02  -1.4649424e-01   4.4558365e-01  -1.2000037e-02  -2.0215052e-03  -4.7083074e-03
  -1.3636577e-02  -1.0425801e-01   4.9856377e-01  -1.0937824e-02  -1.7703602e-03  -4.9357407e-03
  -7.0560026e-03  -1.4623292e-01   5.1445167e-01  -1.2474175e-02  -2.0845037e-03  -4.6346498e-03
  -1.7541309e-02  -7.8332046e-02   5.6151469e-01  -1.0474552e-02  -1.8854198e-03  -4.8649392e-03
  -1.6423290e-02  -2.1813558e-01   4.2930834e-01  -1.2195771e-02  -1.8423684e-03  -4.8711014e-03
  -2.5875488e-02  -1.2702884e-01   4.7037507e-01  -1.1889679e-02  -2.1147672e-03  -5.0493319e-03
  -2.5784148e-02  -1.4159721e-01   4.7474116e-01  -1.2077345e-02  -2.0483875e-03  -5.0252866e-03
  -2.1416975e-02  -1.6743168e-01   4.9229095e-01  -1.3053077e-02  -1.8935624e-03  -5.1842150e-03
  -2.5954340e-02  -1.1422265e-01   4.5036697e-01  -1.1370576e-02  -1.9119706e-03  -5.1685392e-03
  -8.4524152e-03  -1.1886911e-01   5.7290903e-01  -1.2663394e-02  -1.8574987e-03  -5.3365125e-03
  -1.7689947e-02  -2.0380565e-01   4.6418387e-01  -1.3069464e-02  -1.9045505e-03  -5.2971280e-03
  -1.0203124e-03  -6.0776726e-02   6.4575140e-01  -1.2392160e-02  -2.0687017e-03  -5.4893836e-03
  -2.0547473e-02  -2.0630736e-01   4.1826893e-01  -1.2318273e-02  -2.1466254e-03  -5.3884701e-03
  -1.6266580e-02  -1.5527436e-01   4.9677883e-01  -1.3195232e-02  -2.1340287e-03  -5.3632094e-03
  -2.1171765e-02  -1.3545251e-01   4.9321809e-01  -1.2402234e-02  -2.1980855e-03  -5.3146746e-03
  -1.6565296e-02  -1.1303152e-01   5.2580475e-01  -1.2043014e-02  -2.1652131e-03  -5.4894722e-03
  -2.3920899e-02  -1.4400773e-01   5.1506537e-01  -1.3022910e-02  -2.2420612e-03  -5.4009219e-03
  -3.0701631e-02  -1.7581576e-01   4.8994962e-01  -1.3469270e-02  -2.2530500e-03  -5.4280100e-03
  -3.7427410e-02  -1.4078678e-01   5.0993225e-01  -1.2829547e-02  -2.4362239e-03  -5.4364824e-03
  -2.6220111e-02  -1.5902491e-01   6.2576457e-01  -1.3923082e-02  -2.1938803e-03  -5.5930252e-03
  -2.5977953e-02  -1.7412060e-01   4.6363468e-01  -1.2269796e-02  -2.1247138e-03  -5.5627557e-03
  -9.4532994e-03  -1.5471689e-01   5.5775861e-01  -1.3717448e-02  -1.9914265e-03  -5.5701889e-03
  -1.4077964e-02  -5.2244646e-02   5.5710286e-01  -1.1043804e-02  -1.9402624e-03  -5.7326093e-03
  -2.5980724e-02  -2.2764253e-01   4.0880300e-01  -1.2943702e-02  -2.0794638e-03  -5.7704003e-03
  -2.9817106e-02  -1.3822030e-01   4.6745858e-01  -1.2496051e-02  -2.1952770e-03  -5.7045256e-03
  -2.0514500e-02  -1.2996499e-01   5.1289477e-01  -1.2619020e-02  -2.1028957e-03  -5.7459115e-03
  -2.7678559e-02  -1.6245400e-01   4.7744459e-01  -1.3189362e-02  -2.1203481e-03  -5.6565051e-03
  -2.6745437e-02  -1.3129907e-01   4.9237772e-01  -1.2735436e-02  -2.2414087e-03  -5.6880347e-03
  -2.0293069e-02  -1.7920816e-01   5.3766455e-01  -1.4162223e-02  -2.2659005e-03  -5.7358934e-03
  -2.5781062e-02  -1.4494245e-01   4.5485455e-01  -1.2541596e-02  -2.3001903e-03  -5.7469851e-03
  -5.2073955e-03  -1.3424976e-01   5.7200937e-01  -1.4502430e-02  -2.1245593e-03  -5.7140623e-03
  -5.2926299e-03  -1.2116144e-01   4.6751610e-01  -1.2640060e-02  -2.1647971e-03  -5.7739142e-03
  -1.0748493e-02  -2.0571118e-01   4.7251934e-01  -1.3756919e-02  -2.1131143e-03  -5.8758185e-03
  -1.1823028e-02  -1.3949509e-01   4.6586161e-01  -1.2897019e-02  -2.1710371e-03  -5.8519491e-03
  -1.3430193e-02  -1.5118830e-01   4.8795979e-01  -1.3268899e-02  -2.2887054e-03  -5.9195687e-03
  -1.3009042e-02  -1.5785244e-01   4.5072910e-01  -1.3019529e-02  -2.1669141e-03  -5.8066063e-03
  -6.8848708e-03  -9.0465606e-02   5.3259925e-01  -1.2560202e-02  -2.1802253e-03  -5.8175848e-03
  -1.5709589e-02  -2.0204272e-01   4.3857164e-01  -1.3489600e-02  -2.3059648e-03  -5.7810123e-03
  -1.9020831e-02  -1.3642776e-01   4.7109347e-01  -1.2994687e-02  -2.2870420e-03  -5.8021771e-03
  -6.8010650e-03  -1.4908425e-01   5.3020906e-01  -1.3512216e-02  -2.1473020e-03  -5.8452401e-03
  -9.8709524e-03  -1.7168390e-01   4.7107032e-01  -1.3556621e-02  -2.1017218e-03  -5.9542369e-03
  -7.2420840e-03  -1.2546208e-01   5.2944472e-01  -1.3160540e-02  -2.0542175e-03  -6.0435694e-03
  -1.1972935e-02  -1.9043733e-01   4.8151084e-01  -1.3901837e-02  -2.2094967e-03  -5.8623414e-03
  -1.4436140e-02  -1.6427189e-01   4.5554321e-01  -1.3251944e-02  -2.1570221e-03  -5.8417785e-03
  -5.7803929e-03  -1.3119702e-01   4.8919321e-01  -1.2865671e-02  -2.0325769e-03  -5.8550093e-03
  -1.6166133e-02  -1.8200052e-01   3.7526057e-01  -1.2891574e-02  -1.4101387e-03  -5.7901525e-03
  -9.8064841e-03  -1.2094768e-01   4.4784590e-01  -1.2758870e-02  -1.5546008e-03  -5.9556481e-03
  -5.6984984e-03  -1.7472182e-01   4.6209417e-01  -1.3739372e-02  -1.6693795e-03  -5.7746094e-03
  -2.5574110e-03  -1.4877997e-01   4.4487338e-01  -1.3087868e-02  -1.7114723e-03  -5.9271133e-03
   9.4638522e-03  -1.3546283e-01   5.1522318e-01  -1.3496323e-02  -1.7222328e-03  -5.8589110e-03
   2.5222504e-04  -1.6996496e-01   4.5374161e-01  -1.3635212e-02  -1.8777478e-03  -5.9479268e-03
   9.9910278e-03  -1.0048428e-01   5.8723509e-01  -1.3507145e-02  -1.9257720e-03  -5.8693171e-03
   4.1751721e-03  -2.0027076e-01   4.2788797e-01  -1.3656172e-02  -1.8487742e-03  -5.7752178e-03
   2.6480795e-03  -1.3538989e-01   5.0959648e-01  -1.3179531e-02  -1.8931716e-03  -5.8653714e-03
   9.4012118e-03  -1.5960873e-01   6.1577578e-01  -1.4457450e-02  -1.9430020e-03  -5.9375747e-03
   1.4523833e-02  -9.0098862e-02   5.5028553e-01  -1.2316705e-02  -1.7576841e-03  -5.8891360e-03
  -1.5845824e-03  -2.1273555e-01   4.0827811e-01  -1.3116066e-02  -1.9399557e-03  -5.9716332e-03
   6.0428518e-03  -1.2406009e-01   4.9826696e-01  -1.3526673e-02  -1.8278327e-03  -6.0480527e-03
   9.8568210e-03  -1.5221524e-01   4.9730305e-01  -1.3580559e-02  -1.8114710e-03  -5.9305294e-03
   1.4407710e-02  -1.3272979e-01   5.0785540e-01  -1.2959418e-02  -1.8720284e-03  -5.9777622e-03
   1.2091787e-02  -1.2419030e-01   5.0092687e-01  -1.2511452e-02  -1.6298696e-03  -6.0546770e-03
   3.8433378e-03  -1.7486170e-01   4.0781664e-01  -1.3889217e-02  -1.6123349e-03  -6.0325408e-03
   7.5113554e-03  -1.6740716e-01   4.7686640e-01  -1.3799606e-02  -1.7591369e-03  -6.1147872e-03
   1.2260816e-02  -1.3610206e-01   5.3076197e-01  -1.3474429e-02  -1.8643271e-03  -6.1774741e-03
   1.7017818e-02  -1.8577656e-01   4.8500063e-01  -1.4260755e-02  -1.8216027e-03  -6.0290439e-03
   2.9167685e-02  -1.5196302e-01   4.9587550e-01  -1.3561562e-02  -1.7279858e-03  -5.9463507e-03
   3.2716396e-02  -1.5144463e-01   5.0660380e-01  -1.3763157e-02  -1.9330178e-03  -6.0125253e-03
   2.9445315e-02  -1.7273499e-01   5.3440472e-01  -1.4879401e-02  -2.0507830e-03  -5.7793601e-03
   3.7105390e-02  -1.3190750e-01   5.2339728e-01  -1.3598569e-02  -2.0494888e-03  -5.8685191e-03
   4.0396795e-02  -1.8559558e-01   5.1697574e-01  -1.4549180e-02  -1.9607544e-03  -5.9535087e-03
   4.0961856e-02  -1.5697398e-01   4.8090347e-01  -1.4169948e-02  -2.0456326e-03  -5.9004450e-03
   5.9840568e-02  -1.1543683e-01   5.8563302e-01  -1.4273757e-02  -2.1638847e-03  -5.9138436e-03
   5.2287661e-02  -2.0773540e-01   4.4601258e-01  -1.4005972e-02  -1.9238197e-03  -5.7735266e-03
   5.5938155e-02  -1.2720589e-01   5.4136538e-01  -1.3967616e-02  -2.0206329e-03  -5.7845805e-03
   5.9554451e-02  -1.6870127e-01   5.0550302e-01  -1.4349632e-02  -2.1007323e-03  -5.6081689e-03
   6.1964202e-02  -1.4666161e-01   5.1038490e-01  -1.4146992e-02  -1.9908324e-03  -5.7693631e-03
   6.5473808e-02  -1.3432382e-01   5.9842045e-01  -1.4758185e-02  -2.0387059e-03  -5.6510167e-03
   4.8017357e-02  -2.0012998e-01   4.6423191e-01  -1.4689420e-02  -2.0692087e-03  -5.8364598e-03
   5.3667094e-02  -1.2840791e-01   5.2552082e-01  -1.3927800e-02  -2.0971159e-03  -5.8203541e-03
   5.5780329e-02  -1.9015038e-01   5.4428682e-01  -1.5841170e-02  -2.0282184e-03  -5.8332994e-03
   6.9676932e-02  -1.2128552e-01   5.5756820e-01  -1.3588852e-02  -2.0785168e-03  -5.8200471e-03
   6.3070543e-02  -1.9288787e-01   4.9603944e-01  -1.4621639e-02  -2.0291630e-03  -5.7851651e-03
   5.7223538e-02  -1.5873663e-01   4.8028427e-01  -1.4089128e-02  -2.0488205e-03  -5.7574961e-03
   6.8244598e-02  -7.3504601e-02   4.4123181e-01  -1.2328698e-02  -1.3431004e-03  -6.1066411e-03
   6.5604199e-02  -1.7690201e-01   4.0194087e-01  -1.4348848e-02  -1.5653721e-03  -5.7835681e-03
   6.7162102e-02  -1.6321254e-01   3.9253312e-01  -1.4280971e-02  -1.5393711e-03  -5.8068883e-03
   7.1302548e-02  -1.2319806e-01   4.8829797e-01  -1.4166551e-02  -1.8181622e-03  -5.9042199e-03
   7.1351224e-02  -1.9814123e-01   4.3770166e-01  -1.5308651e-02  -1.9231951e-03  -5.8013597e-03
   8.0929460e-02  -1.0242854e-01   5.2182600e-01  -1.4029058e-02  -1.9170953e-03  -5.9178441e-03
   7.4046568e-02  -1.8413074e-01   4.1237627e-01  -1.4177610e-02  -1.8787216e-03  -5.8492448e-03
   7.4992509e-02  -9.5813788e-02   4.8114357e-01  -1.3201667e-02  -1.8873013e-03  -6.0195130e-03
   9.1316283e-02  -1.7087180e-01   5.0562825e-01  -1.5557341e-02  -1.8695295e-03  -5.8521985e-03
   9.8045489e-02  -1.2767100e-01   5.0005597e-01  -1.4041987e-02  -1.7297354e-03  -6.0345656e-03
   6.7508742e-02  -2.2787026e-01   4.3126269e-01  -1.5185979e-02  -1.8568725e-03  -5.8880205e-03
   5.9532261e-02  -1.3093693e-01   4.5859040e-01  -1.4182724e-02  -1.7679992e-03  -6.0298836e-03
   6.1805116e-02  -1.1815211e-01   5.8016726e-01  -1.4367194e-02  -1.8223839e-03  -5.7389478e-03
   6.7227394e-02   8.5007575e-04   6.2707571e-01  -1.1370014e-02  -1.4423352e-03  -5.9625687e-03
   4.2745414e-02  -2.2534423e-01   3.5382786e-01  -1.2973765e-02  -1.4819405e-03  -6.1644080e-03
   4.9340033e-02  -1.3896112e-01   4.6635461e-01  -1.3334948e-02  -1.4208568e-03  -6.2473976e-03
   5.7911453e-02  -1.3054082e-01   5.0945971e-01  -1.3552442e-02  -1.3894630e-03  -6.0825917e-03
   4.7124517e-02  -1.3890351e-01   4.3957003e-01  -1.3091927e-02  -1.3597121e-03  -6.3739510e-03
   5.4278932e-02  -1.0344475e-01   5.1856282e-01  -1.2861656e-02  -1.4080885e-03  -6.3969157e-03
   5.5029760e-02  -1.4425793e-01   5.1240119e-01  -1.3532317e-02  -1.3661833e-03  -6.2001003e-03
   5.3954733e-02  -1.8052069e-01   5.4215380e-01  -1.5028687e-02  -1.2773167e-03  -6.2268543e-03
   5.9414621e-02  -1.0282093e-01   5.5594754e-01  -1.3169858e-02  -1.3371102e-03  -6.2365903e-03
   4.6125495e-02  -2.0572595e-01   4.5808536e-01  -1.4203908e-02  -1.5053414e-03  -6.2759214e-03
   5.6581464e-02  -1.2566739e-01   5.2811657e-01  -1.3956111e-02  -1.5020508e-03  -6.1821605e-03
   6.7643901e-02  -1.3859430e-01   5.7659792e-01  -1.4672124e-02  -1.3295131e-03  -6.2231431e-03
   5.7883937e-02  -1.9805832e-01   5.1200265e-01  -1.4333845e-02  -1.2903438e-03  -6.2215625e-03
   6.3999586e-02  -1.2490796e-01   5.0996406e-01  -1.3626696e-02  -1.2185841e-03  -6.2987707e-03
   5.8906281e-02  -1.7137571e-01   5.3468015e-01  -1.5003997e-02  -1.2132270e-03  -6.0717720e-03
   6.4077283e-02  -1.3161909e-01   5.0362280e-01  -1.3344177e-02  -1.2392279e-03  -6.1435646e-03
   7.2880453e-02  -1.5177825e-01   5.0780137e-01  -1.3966386e-02  -1.1966945e-03  -6.1061488e-03
   6.6828513e-02  -1.7028585e-01   4.8697279e-01  -1.4521194e-02  -1.1282493e-03  -5.9945746e-03
   6.3091891e-02  -1.2838924e-01   4.9021586e-01  -1.3513127e-02  -1.1118033e-03  -6.1263677e-03
   7.0877179e-02  -1.1574197e-01   4.9646637e-01  -1.3595818e-02  -1.0820932e-03  -6.0995948e-03
   7.6715249e-02  -1.7509267e-01   5.0530254e-01  -1.4906864e-02  -9.7413243e-04  -6.0557451e-03
   8.6879906e-02  -8.3888214e-02   5.3988193e-01  -1.2922873e-02  -8.1979230e-04  -6.1554477e-03
   8.1646104e-02  -1.9931859e-01   2.3839236e-01  -1.3231702e-02  -1.3986258e-04  -5.9899357e-03
   8.4952517e-02  -1.1854167e-01   3.5184347e-01  -1.2876934e-02  -2.9111347e-04  -6.0162422e-03
   8.0372497e-02  -1.9270761e-01   3.6655878e-01  -1.4822588e-02  -6.1818094e-04  -6.0284006e-03
   9.4170787e-02  -7.5533800e-02   4.8810353e-01  -1.3015159e-02  -9.1106978e-04  -6.0313776e-03
   7.0688743e-02  -2.0480512e-01   3.9455445e-01  -1.4541127e-02  -1.1443472e-03  -5.9681680e-03
   7.5250081e-02  -1.1428270e-01   4.5205615e-01  -1.3693027e-02  -1.2678442e-03  -5.8936976e-03
   8.6243150e-02  -1.4402075e-01   5.1167509e-01  -1.4579281e-02  -1.2248403e-03  -5.9556312e-03
   8.9615950e-02  -1.6356370e-01   4.3480972e-01  -1.4242209e-02  -1.0725056e-03  -6.0031922e-03
   9.6979838e-02  -1.0805249e-01   5.2985788e-01  -1.3733496e-02  -1.2128417e-03  -6.0388435e-03
   9.5759315e-02  -1.7827897e-01   4.9747221e-01  -1.5475944e-02  -1.2080757e-03  -6.0311843e-03
   1.0076213e-01  -6.1564626e-02   5.5712182e-01  -1.2990076e-02  -1.2590252e-03  -6.2444698e-03
   7.2301606e-02  -2.0418252e-01   4.5004894e-01  -1.5110511e-02  -1.4166113e-03  -6.0447504e-03
   6.1121958e-02  -1.4004757e-01   4.5250043e-01  -1.4458579e-02  -1.6228831e-03  -6.1227868e-03
   7.2824125e-02  -1.0564105e-01   5.0146035e-01  -1.3812273e-02  -1.4798554e-03  -6.1205975e-03
   8.6721137e-02  -1.2752110e-01   5.4902774e-01  -1.4481224e-02  -1.5872919e-03  -5.9555869e-03
   1.1629346e-01  -1.5121315e-01   4.7952309e-01  -1.3802083e-02  -2.8018630e-04  -5.9432290e-03
   1.4088765e-01  -6.1231843e-02   6.5651424e-01  -1.3609549e-02  -4.8388482e-04  -5.6231750e-03
   1.1986638e-01  -1.9752697e-01   4.1437820e-01  -1.3399565e-02  -7.0893377e-04  -5.7807470e-03
   1.0891354e-01  -1.3128116e-01   5.1395833e-01  -1.3714181e-02  -8.4946449e-04  -5.8291659e-03
   1.1602448e-01  -1.4479719e-01   5.3563615e-01  -1.4477734e-02  -9.7628492e-04  -5.7255299e-03
   1.1370129e-01  -1.7743059e-01   4.7518242e-01  -1.4245902e-02  -9.3066567e-04  -5.8952363e-03
   1.1633784e-01  -1.4713693e-01   5.0158078e-01  -1.4112422e-02  -1.0787478e-03  -5.8499081e-03
   1.1856825e-01  -1.3070016e-01   5.2302649e-01  -1.3908470e-02  -1.1283124e-03  -5.9372441e-03
   1.2361326e-01  -1.8247968e-01   5.7270353e-01  -1.5601811e-02  -1.2242200e-03  -5.8543765e-03
   1.1215692e-01  -1.8091789e-01   5.5726872e-01  -1.4834347e-02  -1.1136266e-03  -5.9846630e-03
   1.0901206e-01  -1.7314575e-01   6.1378264e-01  -1.5633755e-02  -1.0561783e-03  -5.8306538e-03
   1.0408531e-01  -1.4247705e-01   5.6953343e-01  -1.4577078e-02  -8.8578711e-04  -5.9783081e-03
   1.1100239e-01  -1.1889790e-01   6.8985274e-01  -1.4544987e-02  -8.2655357e-04  -6.0382596e-03
   1.0043280e-01  -1.7874307e-01   5.7591240e-01  -1.4581741e-02  -8.7940951e-04  -5.9572164e-03
   1.0825667e-01  -7.4080006e-02   6.3683761e-01  -1.2982908e-02  -9.5630060e-04  -6.1773645e-03
   9.0406788e-02  -2.3314666e-01   5.1730358e-01  -1.4941843e-02  -1.0868914e-03  -5.9005551e-03
   8.0364082e-02  -1.4050669e-01   5.5057193e-01  -1.4089441e-02  -1.0971429e-03  -6.1589164e-03
   9.8518881e-02  -1.0604907e-01   6.3025218e-01  -1.3749329e-02  -1.0743793e-03  -6.0653085e-03
   9.8271332e-02  -1.7427607e-01   5.8723587e-01  -1.5027264e-02  -1.1667461e-03  -5.9662266e-03
   9.8095490e-02  -1.4085041e-01   5.6057008e-01  -1.4547511e-02  -1.0798875e-03  -5.9486090e-03
   1.1042772e-01  -9.6329598e-02   6.8348513e-01  -1.4109008e-02  -1.2792996e-03  -6.1285974e-03
   9.1469550e-02  -1.9532864e-01   5.5507579e-01  -1.5136990e-02  -1.5216667e-03  -6.1098031e-03
   1.0217348e-01  -1.2817910e-01   5.9705042e-01  -1.4517102e-02  -1.3849919e-03  -6.1356025e-03
   1.1048168e-01  -1.4930540e-01   6.1533746e-01  -1.5016080e-02  -1.4809525e-03  -6.2365751e-03
   9.9440149e-02  -2.0193041e-01   5.5964003e-01  -1.5458836e-02  -1.5019788e-03  -6.1782805e-03
   9.9921672e-02  -1.2292598e-01   6.1097892e-01  -1.4416050e-02  -1.5811259e-03  -6.0890086e-03
   1.0226126e-01  -1.2806531e-01   6.4766713e-01  -1.5161485e-02  -1.5784685e-03  -6.0241802e-03
   1.0724451e-01  -1.7615274e-01   5.7712628e-01  -1.4892744e-02  -1.3565630e-03  -5.9754236e-03
   1.3569353e-01  -9.9790434e-02   6.9509571e-01  -1.5022074e-02  -1.4022747e-03  -5.9977890e-03
   1.2425972e-01  -1.8318610e-01   5.5572973e-01  -1.4752273e-02  -1.4128609e-03  -5.8975851e-03
   1.2353980e-01  -9.9177296e-02   6.4952118e-01  -1.4548331e-02  -1.5735086e-03  -5.9554653e-03
   1.3011689e-01  -1.9598430e-01   6.4528031e-01  -1.6446448e-02  -1.4303441e-03  -5.7882479e-03
   1.4367351e-01  -8.3953005e-02   6.7913743e-01  -1.4104292e-02  -1.4563105e-03  -5.8130084e-03
   1.3465633e-01  -2.2112280e-01   5.7349596e-01  -1.5221696e-02  -1.4315522e-03  -5.7645687e-03
   1.4594576e-01  -1.5196263e-01   6.1637114e-01  -1.5393688e-02  -1.4387158e-03  -5.7722997e-03
   1.4760018e-01  -1.2308087e-01   6.1948952e-01  -1.4358751e-02  -1.1568434e-03  -5.8941301e-03
   1.4437080e-01  -1.8412957e-01   5.3577393e-01  -1.5767752e-02  -1.1830160e-03  -5.7252247e-03
   1.2734622e-01  -1.3796183e-01   5.6973326e-01  -1.4848808e-02  -1.2943252e-03  -5.7725507e-03
   1.4680224e-01  -8.6962770e-02   6.8003651e-01  -1.4505886e-02  -1.3245370e-03  -5.6527486e-03
   1.4354275e-01  -1.7972328e-01   5.5662010e-01  -1.4627970e-02  -1.0970970e-03  -5.7420598e-03
   1.4294177e-01  -1.3601018e-01   5.9099869e-01  -1.4759059e-02  -1.2218346e-03  -5.7202072e-03
   1.5929533e-01  -1.5614662e-01   6.7456428e-01  -1.6391950e-02  -1.1949148e-03  -5.4649978e-03
   1.6148524e-01  -1.3857026e-01   5.8595979e-01  -1.4598601e-02  -1.0319089e-03  -5.6494465e-03
   1.5260615e-01  -1.7939754e-01   6.0088286e-01  -1.5424304e-02  -1.2594015e-03  -5.4615260e-03
   1.4528225e-01  -1.6345250e-01   5.5990794e-01  -1.5606193e-02  -1.0961420e-03  -5.4911356e-03
   1.7126703e-01  -8.0325140e-02   6.5892539e-01  -1.4085848e-02  -1.0078424e-03  -5.5370881e-03
   1.6990465e-01  -1.9483245e-01   5.8102057e-01  -1.5660984e-02  -9.6828181e-04  -5.4361468e-03
   1.7678362e-01  -9.0508084e-02   6.0242456e-01  -1.3764559e-02  -8.9169395e-04  -5.5158022e-03
   1.7505484e-01  -9.5023841e-02   6.3863468e-01  -1.4033287e-02  -7.8259454e-04  -5.6174896e-03
   1.7458143e-01  -1.5586276e-01   6.1977822e-01  -1.5844992e-02  -7.9168327e-04  -5.4741572e-03
   1.6595125e-01  -1.6991248e-01   6.0341965e-01  -1.5928934e-02  -1.0314097e-03  -5.6833567e-03
   1.6408060e-01  -1.1552806e-01   6.5688779e-01  -1.5251918e-02  -1.1400726e-03  -5.8174189e-03
   1.3114588e-01  -1.6491771e-01   5.4396583e-01  -1.5323711e-02  -1.3339947e-03  -5.8763167e-03
   1.1829656e-01  -1.2447286e-01   5.8960044e-01  -1.4674906e-02  -1.5041176e-03  -6.0374885e-03
   1.2583929e-01  -1.1936845e-01   6.8378203e-01  -1.4844187e-02  -1.3437239e-03  -6.0589012e-03
   1.0755184e-01  -1.8541869e-01   5.3992759e-01  -1.4201031e-02  -1.4083039e-03  -6.1541424e-03
   9.7553557e-02  -1.1296464e-01   5.8167288e-01  -1.4013504e-02  -1.4797170e-03  -6.4188348e-03
   1.1202316e-01  -1.0570181e-01   6.2698757e-01  -1.3820587e-02  -1.4607880e-03  -6.5029616e-03
   1.0241671e-01  -1.1787261e-01   6.3066213e-01  -1.4110112e-02  -1.6721973e-03  -6.3668014e-03
   9.2408409e-02  -1.2879878e-01   5.8333394e-01  -1.4098164e-02  -1.8198666e-03  -6.4719013e-03
   1.0062619e-01  -7.9099818e-02   7.1599953e-01  -1.4117721e-02  -1.8674413e-03  -6.5886880e-03
   8.8531156e-02  -2.1463725e-01   5.9132930e-01  -1.5032941e-02  -1.8858583e-03  -6.3943055e-03
   7.8489014e-02  -1.1772572e-01   6.2090725e-01  -1.4276617e-02  -1.9453429e-03  -6.7720676e-03
   9.2516148e-02  -1.1487702e-01   7.1016410e-01  -1.5006877e-02  -1.9791823e-03  -6.6984324e-03
   7.6422737e-02  -1.5965391e-01   5.3854151e-01  -1.4070766e-02  -1.9500835e-03  -6.8531678e-03
   8.1246070e-02  -1.2692237e-01   6.2473317e-01  -1.4077886e-02  -1.7830964e-03  -6.8598141e-03
   6.8617251e-02  -1.4592849e-01   6.2134025e-01  -1.4959772e-02  -1.9241172e-03  -6.7669233e-03
   6.0446893e-02  -1.3363285e-01   5.8919309e-01  -1.4257557e-02  -1.9028273e-03  -6.9085720e-03
