   0.0000000e+00   0.0000000e+00   0.0000000e+00   0.0000000e+00   0.0000000e+00   0.0000000e+00
   7.4098360e-03  -3.3994756e-02   1.0962822e-01  -1.2523356e-03   6.3558025e-05   3.1056693e-04
  -7.6620081e-05   7.1699598e-02   5.8110321e-02   3.4910707e-04   3.0852148e-04   1.6223794e-04
   2.7832929e-02  -7.4393680e-03   9.4220426e-02  -1.1726580e-03   3.2045736e-04   3.7036051e-04
   4.8678292e-02   8.6554189e-02   4.2259230e-02   8.0747969e-04   8.0875539e-04   6.8859845e-04
   7.1674581e-02   2.1252886e-02   5.8890511e-02  -1.2583404e-04   7.5177446e-04   9.7916370e-04
   8.0504558e-02   8.3376743e-02   1.5946559e-02   7.9425542e-04   9.5568206e-04   1.3680634e-03
   1.0840123e-01   2.5903826e-02   9.8048465e-02  -2.4309074e-04   1.2378177e-03   1.5376889e-03
   1.0160966e-01   9.4659252e-02   9.9265408e-02   8.7044762e-04   1.2935429e-03   1.6313098e-03
   1.1099857e-01  -7.1508522e-03  -1.6864410e-03   6.2511959e-04   8.3122333e-04   2.3479313e-03
   1.3019351e-01   1.0000453e-01   9.4295477e-02   9.6737080e-04   1.4129220e-03   2.1923585e-03
   1.2729457e-01  -2.7137570e-02   3.4174215e-03   6.0797326e-04   1.2258307e-03   2.5255600e-03
   1.3097132e-01   1.0217631e-01   2.0211309e-01   1.1793588e-04   1.0837170e-03   2.3411305e-03
   1.2506803e-01   2.8586203e-03   1.3150297e-03   1.0588899e-03   1.0935700e-03   2.6067334e-03
   1.4189350e-01   3.1340414e-02   6.3809083e-02   4.9578834e-04   9.6182579e-04   2.8224393e-03
   1.5002306e-01   7.5076541e-02  -1.0876955e-02   1.1724819e-03   1.2615708e-03   3.0016596e-03
   1.8601143e-01   5.5355343e-02   8.6513645e-02   4.6077166e-04   1.2417640e-03   3.0360004e-03
   1.9493296e-01   4.9397232e-02  -3.9977587e-02   1.0698634e-03   1.6355275e-03   3.5708110e-03
   2.3388345e-01   4.0844869e-02   7.7125745e-02   2.8190575e-04   1.8996404e-03   3.5316294e-03
   2.0872928e-01   6.1525973e-02  -3.6618346e-03   1.0502906e-03   2.0474519e-03   3.4855067e-03
   2.2619066e-01   1.5123733e-02   1.8143303e-02   8.1989840e-04   2.1296505e-03   3.8781190e-03
   2.5166615e-01   1.8320155e-01   1.4340102e-01   2.3005129e-03   2.6511800e-03   3.4729961e-03
   2.5560080e-01   3.3838480e-02  -9.7631617e-02   3.1568288e-03   2.8868511e-03   3.9934724e-03
   2.6902103e-01   8.5634912e-02   9.6256322e-02   1.7158329e-03   2.6800590e-03   4.0442342e-03
   2.4446312e-01   6.0910877e-02   5.8340941e-02   2.3311800e-03   2.7584924e-03   4.2733428e-03
   2.0758803e-01   3.4394401e-02   8.7052085e-02   1.1881410e-03   2.0017319e-03   3.8564697e-03
   1.9536429e-01   7.6583872e-02   1.0974647e-01   1.5381549e-03   2.0545376e-03   3.7437341e-03
   2.1093985e-01  -8.9432420e-03   5.4939959e-02   1.4882906e-03   2.1096527e-03   4.4157635e-03
   2.1678860e-01   1.1246176e-01   1.5418555e-01   1.7817689e-03   2.1693591e-03   3.9235359e-03
   2.3040988e-01  -3.7777907e-03   1.1606812e-02   2.0153090e-03   2.2498712e-03   4.4853568e-03
   2.4179238e-01   1.1589773e-01   1.6470131e-01   1.9137733e-03   2.2428551e-03   4.1504902e-03
   2.3306486e-01   1.7131735e-02   2.9360803e-03   2.4563553e-03   2.3067025e-03   4.4841993e-03
   2.5971183e-01   4.0814158e-02   1.8032763e-01   8.3763639e-04   2.3202955e-03   4.2344216e-03
   2.4364012e-01   5.0398062e-02   6.2376249e-02   1.9720073e-03   2.5396857e-03   4.3345008e-03
   2.7951618e-01  -5.8249579e-02   9.7473170e-02  -1.2420117e-04   2.5644359e-03   4.9974266e-03
   2.8596005e-01   3.7839380e-02   4.3180965e-02   1.5053821e-03   2.9771803e-03   5.2867981e-03
   3.1347049e-01  -1.4896515e-02   1.3190646e-01   7.7116828e-04   2.8616042e-03   5.1450411e-03
   2.7587327e-01  -5.1148089e-03   1.2413359e-01   1.6099321e-03   2.7198976e-03   4.9740939e-03
   2.9612484e-01  -5.5318657e-02   1.8768354e-01   7.2156281e-04   2.4623132e-03   5.3224673e-03
   3.1075239e-01   3.7200955e-02   2.1153497e-01   2.0537820e-03   2.6329465e-03   5.1699115e-03
   2.9974330e-01  -7.0543001e-02   1.1613890e-01   1.9269488e-03   2.4765185e-03   5.2957360e-03
   3.1017939e-01   2.8324496e-02   2.1628685e-01   1.6630227e-03   2.6706002e-03   5.0332702e-03
   3.0783087e-01  -5.3219558e-02   1.1395108e-01   2.0053449e-03   2.5616824e-03   5.8478450e-03
   3.1830030e-01   5.4286730e-02   2.6638812e-01   1.6551887e-03   2.6122733e-03   5.3193332e-03
   3.2890624e-01  -4.4987181e-02   9.6576268e-02   1.9638047e-03   3.0098142e-03   5.8106235e-03
   3.3444383e-01  -4.1492942e-02   2.2269664e-01   6.0226290e-04   2.8771946e-03   5.6027044e-03
   3.1770227e-01   1.5629209e-02   2.3052875e-01   1.8818294e-03   2.9247278e-03   5.6720098e-03
   3.3983813e-01  -6.7719698e-02   7.9463853e-02   1.3767120e-03   3.0975679e-03   6.2267247e-03
   3.4032064e-01   1.4478685e-02   3.1168939e-01   7.1515613e-04   2.7458013e-03   5.4661541e-03
   3.2566614e-01   1.0520698e-02   3.0904151e-01   1.5810548e-03   2.3728868e-03   5.1073184e-03
   2.9748201e-01  -9.0135881e-02   1.3450265e-01   2.1918013e-03   2.4407488e-03   5.9722007e-03
   3.4066613e-01   4.8181671e-03   2.0470421e-01   1.2634211e-03   2.7051068e-03   5.8486636e-03
   3.3296617e-01   5.3660623e-03   1.1853748e-01   2.1754151e-03   2.7901411e-03   6.2278339e-03
   3.4776735e-01   2.0210601e-02   1.9791582e-01   1.5193380e-03   2.7734759e-03   6.2378520e-03
   3.5276665e-01  -1.1148998e-02   1.0377264e-01   1.8066521e-03   3.0549288e-03   6.4508370e-03
   3.4963049e-01   1.0499750e-02   3.0146664e-01   1.3864058e-03   2.6483310e-03   5.5609100e-03
   3.4307834e-01  -3.8945342e-02   1.3608667e-01   1.9781087e-03   2.8512431e-03   6.1251586e-03
   3.6146053e-01  -1.7267065e-02   2.2871018e-01   1.1401444e-03   2.8478661e-03   6.0400324e-03
   3.5390024e-01   7.4410282e-03   1.2001351e-01   2.0122856e-03   2.8603882e-03   6.2016260e-03
   3.6342019e-01  -3.8196213e-02   2.3699116e-01   4.8170477e-04   2.7311176e-03   6.1238830e-03
   3.7484087e-01   8.9538531e-02   3.2347962e-01   1.9712244e-03   2.3966237e-03   5.9021147e-03
   3.4647956e-01  -6.4265538e-02   8.3520339e-02   2.1993346e-03   2.4993254e-03   6.3585275e-03
   3.5241616e-01  -1.0872001e-02   1.7293486e-01   1.4687771e-03   2.3783132e-03   6.4984480e-03
   3.3613729e-01   5.1177749e-02   1.6702289e-01   2.0291024e-03   2.4121528e-03   6.1411748e-03
   3.4832136e-01  -4.3882678e-02   1.1061393e-01   2.1278590e-03   2.6555309e-03   6.5279988e-03
   3.5045648e-01   6.6533998e-02   2.7950238e-01   1.8136460e-03   2.5979974e-03   5.8571170e-03
   3.3374322e-01  -3.8013884e-02   1.2434339e-01   2.2161259e-03   2.4782389e-03   6.1621314e-03
   3.3374399e-01  -3.5843315e-02   2.0352836e-01   1.0254781e-03   2.0436817e-03   6.3933655e-03
   3.5379328e-01   2.3867330e-02   1.8497475e-01   1.4882319e-03   2.4535418e-03   6.2938483e-03
   3.5448209e-01  -4.7379632e-02   1.3876722e-01   1.7089341e-03   2.5103293e-03   6.6560143e-03
   3.5677459e-01   6.8943796e-02   3.0597839e-01   1.2180926e-03   2.5524320e-03   6.0563606e-03
   3.1201597e-01  -5.6164592e-02   2.8714727e-01   1.3931464e-03   2.0842000e-03   6.2665915e-03
   3.6418980e-01  -3.5638702e-02   2.7177451e-01   5.6400078e-04   2.5366931e-03   6.4273401e-03
   3.3600154e-01  -1.0038762e-02   1.9930808e-01   1.4742752e-03   2.4109069e-03   6.7025287e-03
   3.5622127e-01  -5.3821517e-02   2.2377226e-01   5.4365468e-04   2.4897260e-03   6.7613913e-03
   3.4295873e-01   3.1412358e-02   2.5199230e-01   1.5070397e-03   2.5071903e-03   6.5341029e-03
   3.4907014e-01  -7.3420311e-02   2.2400048e-01   8.6744431e-04   2.4638331e-03   6.8212793e-03
   3.3753818e-01   6.6281123e-02   3.5075969e-01   1.6026336e-03   2.7207491e-03   6.3633808e-03
   3.5127822e-01  -8.1667251e-02   1.7393326e-01   1.8646303e-03   2.6985046e-03   7.0629522e-03
   3.4843389e-01   3.8574607e-02   3.1056196e-01   1.3053487e-03   2.6500442e-03   6.2909346e-03
   3.3741212e-01  -4.4845280e-02   1.7136449e-01   1.4083276e-03   2.6333022e-03   6.9861500e-03
   3.5837015e-01  -2.1078477e-03   3.0173857e-01   9.5555326e-04   2.6892381e-03   6.6754848e-03
   3.4851680e-01  -1.1109299e-02   1.3231000e-01   1.6518728e-03   2.8194036e-03   7.2080504e-03
   3.7693160e-01  -1.6700034e-02   3.2805142e-01   7.3903615e-04   2.9973095e-03   6.8234767e-03
   3.4736141e-01   1.4095545e-02   1.8024138e-01   1.9171213e-03   2.6669186e-03   7.1905221e-03
   3.6998382e-01  -4.9344379e-02   2.4161202e-01   9.3944597e-04   2.6398165e-03   7.1368089e-03
   3.5020309e-01   5.7292765e-02   4.2800172e-01   5.5982699e-04   1.6287461e-03   6.8419377e-03
   3.0673154e-01   8.4621909e-02   5.0319214e-01   2.9989265e-03   7.8354622e-04   6.3772536e-03
   1.8329647e-01  -4.7820547e-02   2.9481024e-01   3.1004413e-03  -3.9771656e-04   6.5323556e-03
   1.6383485e-01  -4.1634378e-04   2.9328955e-01   3.2512087e-03  -3.1472474e-04   6.3799928e-03
   1.7688737e-01   2.1987371e-02   3.0314679e-01   2.9636699e-03   6.0930748e-05   6.5345720e-03
   1.9927979e-01   2.2180010e-02   2.9469063e-01   2.9738243e-03   3.7166009e-04   6.6508926e-03
   2.0678119e-01   6.4817968e-02   3.4051283e-01   2.9885229e-03   6.1970975e-04   6.7710658e-03
   2.1731970e-01  -1.6394255e-02   3.3602591e-01   2.3381988e-03   7.0468087e-04   6.9352085e-03
   2.1908699e-01   4.5533564e-02   3.1602372e-01   2.8915003e-03   7.9751641e-04   6.8181984e-03
   2.2309252e-01  -1.5836488e-02   3.1656200e-01   2.2683122e-03   4.5968169e-04   7.3042931e-03
   2.6945078e-01   1.3440552e-01   4.3467230e-01   3.8107493e-03   8.3905702e-04   7.2783309e-03
   2.7602322e-01  -6.1139145e-02   2.9296695e-01   2.5123058e-03   1.2721251e-03   7.9114880e-03
   2.5021808e-01   5.4564487e-02   5.1561295e-01   1.9074482e-03   7.8276666e-04   6.9368171e-03
   1.5511172e-01   8.5095376e-02   1.6898436e-01   9.5749420e-03  -3.9977546e-04   6.8335994e-03
   1.8991244e-01   2.0721251e-01   1.4948311e-01   8.6256552e-03   6.2657363e-04   7.4612345e-03
   2.2018471e-01   2.8386475e-01   2.6185153e-01   9.3692229e-03   8.2437140e-04   7.5255502e-03
   2.3107705e-01   1.8997243e-01   1.6815157e-01   8.7789507e-03   8.0481676e-04   7.8926857e-03
   2.2522837e-01   2.9144191e-01   3.5282124e-01   8.3870499e-03   7.6712003e-04   7.3035045e-03
   2.0491563e-01   1.5740787e-01   2.1051273e-01   8.1400033e-03   5.4561095e-04   7.8640752e-03
   2.2981282e-01   2.3703570e-01   3.0228022e-01   8.0795620e-03   7.9727202e-04   7.6517610e-03
   2.0363216e-01   1.3878852e-01   2.5476141e-01   7.3034724e-03   2.1423524e-04   7.9652257e-03
   2.0421431e-01   2.4553222e-01   3.2498351e-01   7.7055609e-03   5.2985089e-04   7.5183469e-03
   2.0699613e-01   1.3287985e-01   2.2970093e-01   7.2891989e-03   5.1984869e-04   8.0014309e-03
   2.1385043e-01   2.3894936e-01   2.7932374e-01   7.9466146e-03   2.6430033e-04   7.7685764e-03
   2.1240561e-01   1.3355917e-01   2.6028525e-01   7.0585950e-03   2.2094181e-04   8.1155533e-03
   2.1233543e-01   2.2815990e-01   3.0398932e-01   7.5697930e-03   4.0969880e-04   7.8034645e-03
   1.9450729e-01   1.3315582e-01   3.0287837e-01   7.2845600e-03   1.2870126e-04   7.9533522e-03
   2.0977152e-01   2.0050578e-01   2.8444405e-01   7.5758622e-03   4.3952077e-04   7.7038997e-03
   2.2095457e-01   9.6040554e-02   2.7611598e-01   6.8892119e-03   3.6409146e-04   8.1436383e-03
   2.2975312e-01   2.2492128e-01   3.4061425e-01   7.5572052e-03   5.1287792e-04   7.8191365e-03
   2.2039327e-01   9.3791241e-02   2.8360512e-01   6.5537705e-03   3.8369383e-04   8.1560870e-03
   2.1410348e-01   2.0318179e-01   4.2139362e-01   7.4708749e-03   6.6099425e-04   7.8728364e-03
   2.0479206e-01   8.2243521e-02   2.3321914e-01   7.0421402e-03   5.0468012e-04   8.0870657e-03
   2.2381477e-01   2.2649670e-01   3.5073390e-01   7.9582182e-03   5.9931857e-04   7.8456855e-03
   2.2445846e-01   1.0276570e-01   2.2994905e-01   7.1829766e-03   6.8792869e-04   7.9891829e-03
   2.3112505e-01   2.0815925e-01   3.5555378e-01   7.2301535e-03   8.9042701e-04   7.7518026e-03
   2.1466969e-01   1.1418276e-01   2.3741760e-01   7.6651855e-03   5.8182581e-04   8.1229955e-03
   2.3458003e-01   2.2466771e-01   4.0545023e-01   7.2957690e-03   4.5762017e-04   8.2511843e-03
   2.2432830e-01   7.1180080e-02   3.7183429e-01   6.1006213e-03   1.8355709e-04   8.2149949e-03
   2.0570610e-01   2.0107804e-01   3.4309245e-01   6.7959782e-03  -2.8539650e-05   7.8972928e-03
   2.1424393e-01   1.0102706e-01   2.1073276e-01   6.4496646e-03   4.3846529e-04   8.2717863e-03
   2.5079973e-01   1.9546616e-01   4.0890002e-01   6.2580246e-03   6.7977177e-04   8.0964043e-03
   2.1066417e-01   1.1991329e-01   2.9466271e-01   6.5483880e-03   6.7661855e-04   8.0806894e-03
   2.3443231e-01   1.5914167e-01   3.9588773e-01   6.3811437e-03   7.0524547e-04   8.2786462e-03
   2.1397972e-01   1.3602497e-01   2.8535618e-01   6.7184165e-03   6.9154419e-04   8.3589555e-03
   2.3653131e-01   1.5605631e-01   3.8921753e-01   6.2599999e-03   6.7353039e-04   8.4383654e-03
   2.3285702e-01   1.4058941e-01   2.4824222e-01   7.1394945e-03   7.4450509e-04   8.7241412e-03
   2.6255867e-01   1.7739595e-01   4.0904836e-01   6.1459018e-03   6.2984590e-04   8.7771770e-03
   2.4463980e-01   1.5381239e-01   2.7747714e-01   7.4007771e-03   6.0578696e-04   8.8925739e-03
   2.7868921e-01   1.3552967e-01   4.0521335e-01   6.1340305e-03   7.8198992e-04   8.8317092e-03
   2.9563486e-01   1.6709175e-01   3.1294233e-01   7.6608231e-03   6.7182580e-04   9.2630314e-03
   2.7889870e-01   1.2246422e-01   4.1549719e-01   6.5989470e-03   4.4707607e-04   8.6121549e-03
   2.6842524e-01   1.5084647e-01   3.7118096e-01   7.6626225e-03   4.4002673e-04   9.0102273e-03
   2.7196620e-01   9.6565918e-02   3.8774793e-01   6.4658637e-03   3.7386111e-04   9.0230046e-03
   2.8096412e-01   1.3927723e-01   3.4492237e-01   7.1612500e-03   5.5952335e-04   9.3950152e-03
   2.8531506e-01   1.0228615e-01   3.6140876e-01   6.4205495e-03   4.3315396e-04   9.2670456e-03
   2.7461348e-01   1.2327848e-01   3.4343075e-01   6.2862704e-03   9.0343141e-04   8.6048855e-03
   2.0951674e-01   1.4355014e-01   1.9990289e-01   6.3798637e-03   4.8966369e-04   7.0451202e-03
   2.3797150e-01   2.6354206e-01   4.6453144e-01   6.7371903e-03  -1.2792991e-05   6.7804301e-03
   1.7988409e-01   6.7089050e-02   2.7472739e-01   6.7411424e-03  -4.3981676e-04   7.9591741e-03
   2.0092550e-01   1.1671660e-01   3.2287206e-01   6.5005597e-03  -2.6092594e-04   8.0587225e-03
   1.8316438e-01   1.9367112e-01   4.5732189e-01   6.0854627e-03  -7.2440271e-04   7.5255287e-03
   1.5981663e-01   8.3670793e-02   4.1192445e-01   6.0306716e-03  -3.6133713e-04   7.5892517e-03
   1.8662668e-01   1.4187377e-01   5.0055959e-01   5.5702378e-03  -3.6959352e-04   7.5756406e-03
   1.8000373e-01   1.0525750e-01   3.8203518e-01   6.1862005e-03  -2.2449807e-04   7.9710570e-03
   1.7861490e-01   1.1759047e-01   4.5057955e-01   5.5289146e-03  -3.8638310e-04   7.7019079e-03
   1.8699851e-01   1.3917252e-01   3.5408632e-01   6.2246053e-03  -1.5988056e-04   7.9407161e-03
   2.0182165e-01   1.1007698e-01   4.3908352e-01   5.4197744e-03  -3.7300052e-04   7.9885179e-03
   1.8913668e-01   1.7529475e-01   4.6286106e-01   6.3526028e-03   2.2347867e-04   7.5549369e-03
   1.4714179e-01   7.8485851e-02   4.0527343e-01   6.2045822e-03  -3.8030718e-04   7.4401017e-03
   1.6546582e-01   1.5496877e-01   4.3798081e-01   6.0591797e-03  -1.5123122e-04   7.4605865e-03
   1.5527249e-01   5.0119938e-02   3.9247620e-01   5.4304350e-03  -3.8722122e-04   7.5417499e-03
   1.6969322e-01   1.5048112e-01   4.4722039e-01   5.9847689e-03  -6.5451009e-05   7.4208138e-03
   1.4434488e-01   6.2009007e-02   3.9358375e-01   5.8761998e-03  -4.0958621e-04   7.6093905e-03
   1.6011265e-01   1.6770421e-01   4.3409959e-01   6.3689586e-03  -1.8534090e-04   7.3646203e-03
   1.4918948e-01   5.4547077e-02   3.9540926e-01   5.7719293e-03  -3.7450573e-04   7.6288636e-03
   1.6850240e-01   2.0881163e-01   4.8635813e-01   6.5517572e-03  -2.1246769e-04   7.4270731e-03
   1.6238956e-01   7.1064584e-02   4.6244582e-01   5.5513185e-03  -3.6132663e-04   7.4372733e-03
   1.4569244e-01   1.6845021e-01   4.8928244e-01   6.2941339e-03  -4.1696430e-04   7.0494879e-03
   1.8162777e-01   5.9957498e-02   4.5069178e-01   5.9656762e-03  -2.6972876e-04   7.9202057e-03
   1.9898685e-01   1.8760685e-01   4.8726656e-01   6.1292270e-03  -5.4967830e-06   7.5548954e-03
   1.9085120e-01   6.5958379e-02   2.5731865e-01   6.5938820e-03  -7.3568756e-07   8.1099478e-03
   2.3385500e-01   1.7728277e-01   4.3005334e-01   6.5337171e-03   2.1261992e-04   7.9267105e-03
   2.2459336e-01   9.4658683e-02   2.9636417e-01   6.4423449e-03   2.7656828e-04   8.2559399e-03
   2.4873921e-01   1.7279900e-01   4.9700646e-01   6.0078019e-03   4.0590471e-04   7.8742704e-03
   2.4345884e-01   9.8234377e-02   3.4842059e-01   6.3988351e-03   4.0866141e-04   8.7316458e-03
   2.9014618e-01   9.6808750e-02   4.6377529e-01   5.2028356e-03   1.1298852e-03   8.5066092e-03
   3.0232959e-01   2.0898128e-01   5.6349363e-01   6.2204070e-03   1.1314295e-03   8.0482309e-03
   2.4826668e-01   1.3456514e-01   2.8406945e-01   8.3299237e-03   8.2338944e-04   7.7337760e-03
   2.2504069e-01   2.1703167e-01   3.2378963e-01   8.5953691e-03   5.4834272e-04   7.7218989e-03
   2.1880453e-01   2.1767265e-01   2.9659599e-01   9.3827272e-03   6.5554794e-04   7.5582896e-03
   2.6478366e-01   2.0743111e-01   3.6146457e-01   7.7807740e-03   8.2358467e-04   7.9232304e-03
   2.5912095e-01   1.7924602e-01   3.3769925e-01   8.6591425e-03   6.0050033e-04   8.1946082e-03
   2.4699029e-01   1.3820445e-01   3.3226122e-01   6.1626472e-03   6.9441067e-04   7.8143963e-03
   2.4033719e-01   1.3099145e-01   2.4310335e-01   6.4378354e-03   6.1329185e-04   7.7490098e-03
   2.4085799e-01   1.4695513e-01   2.7982402e-01   5.4336090e-03   2.6711930e-04   7.6410165e-03
   2.6516338e-01   6.3901929e-02   1.8384953e-01   4.8310180e-03   8.6767618e-04   8.1963575e-03
   2.9256886e-01   1.2205379e-01   3.4968450e-01   4.6331666e-03   1.3141193e-03   8.1614032e-03
   2.8018360e-01   1.6445193e-01   2.4225077e-01   5.8533121e-03   1.2987209e-03   8.2940963e-03
   2.7727950e-01   4.3353678e-02   1.8247651e-01   4.4968733e-03   1.1281113e-03   8.3421041e-03
   2.5684823e-01   1.6330780e-01   2.2572397e-01   5.2685471e-03   1.0193262e-03   8.1744155e-03
   2.5115655e-01   6.1159219e-02   1.7831969e-01   4.2929136e-03   8.6462856e-04   8.1329714e-03
   2.4072259e-01   1.5421851e-01   2.2424033e-01   4.9744457e-03   6.0795885e-04   7.9030166e-03
   2.2626613e-01   6.6350109e-02   1.4697431e-01   4.5800806e-03   6.4050948e-04   7.7323139e-03
   2.4366340e-01   1.7141565e-01   2.6719577e-01   5.5349681e-03   5.6277758e-04   7.5088547e-03
   2.4424110e-01   6.5541764e-02   1.9742401e-01   4.7512217e-03   6.8597952e-04   7.6542627e-03
   2.6929818e-01   1.4849424e-01   2.8882931e-01   4.8839292e-03   1.0371635e-03   7.6239235e-03
   2.5227850e-01   4.9930277e-02   1.7018501e-01   4.6161463e-03   7.2799516e-04   7.6396015e-03
   2.6423455e-01   1.4990849e-01   2.5451660e-01   4.8129984e-03   8.1547226e-04   7.5587540e-03
   2.7961307e-01   6.2060673e-02   1.1868536e-01   4.8002684e-03   9.0875086e-04   7.6796718e-03
   2.9417490e-01   1.7131234e-01   2.7452293e-01   4.5564903e-03   1.4081983e-03   7.3043484e-03
   2.8246260e-01   5.1975656e-02   1.2426373e-01   5.2110821e-03   1.3799616e-03   7.5321701e-03
   2.7698945e-01   1.0848824e-01   3.1007728e-01   4.6028812e-03   8.5497213e-04   7.3360695e-03
   2.8694645e-01   9.0801417e-02   2.2052276e-01   5.4490375e-03   1.1782945e-03   7.6697172e-03
   2.9202526e-01   8.3429756e-02   2.9439198e-01   4.4942529e-03   1.1340482e-03   7.3598690e-03
   2.6952134e-01   9.0039154e-02   2.6236945e-01   5.6834517e-03   1.0447841e-03   7.2906620e-03
   2.7767299e-01   6.7039706e-02   3.1681817e-01   4.6476408e-03   7.0811403e-04   7.1832626e-03
   2.8795576e-01   9.1774428e-02   2.5631977e-01   5.6124262e-03   1.0105064e-03   7.2785437e-03
   2.8487024e-01   3.8939641e-02   3.0921626e-01   4.5181340e-03   5.7775680e-04   7.2123328e-03
   2.6844129e-01   1.1870975e-01   3.0067354e-01   5.6919852e-03   1.0683520e-03   6.7238836e-03
   1.9613550e-01   7.8549432e-02   3.4570675e-01   5.3866445e-03   3.2191319e-04   6.4543058e-03
   2.2292713e-01   1.0932900e-01   3.3467977e-01   5.4679198e-03   9.4102475e-04   6.4838217e-03
   2.4455585e-01   3.4337757e-02   3.4522943e-01   5.0236497e-03   5.1734077e-04   6.9678070e-03
   2.3509198e-01   6.1686769e-02   2.9017787e-01   5.7303359e-03   9.5351878e-04   6.3772843e-03
   2.3762364e-01   4.4377194e-02   3.9290697e-01   4.3429700e-03   5.2259618e-04   6.2037473e-03
   2.5422089e-01   9.9129428e-02   5.6034958e-01   3.6408366e-03   4.7975913e-04   5.7768011e-03
   3.1214097e-01   1.3305769e-02   6.5329899e-01   4.2999540e-03  -2.4234638e-04   6.2333648e-03
   2.4185923e-01  -7.7002545e-02   4.0800214e-01   5.6277586e-03  -2.5256516e-04   5.5011219e-03
   2.1722526e-01  -1.1637449e-01   3.7693149e-01   4.7910154e-03   7.2165897e-05   5.5665069e-03
   2.2857893e-01  -7.7773420e-02   3.8552811e-01   4.2821410e-03   7.8599467e-04   5.2517789e-03
   2.2084457e-01  -4.0022111e-02   3.9902882e-01   4.1954121e-03   7.8136875e-04   5.2717578e-03
   2.1332755e-01  -4.0205018e-02   3.9568441e-01   4.5185268e-03   6.4007948e-04   4.8230836e-03
   2.4973278e-01   2.7391727e-02   4.4385166e-01   4.5393223e-03   1.3932222e-03   5.0173747e-03
   2.4971008e-01  -8.1957401e-02   3.0777367e-01   4.2349553e-03   1.3797705e-03   4.8016878e-03
   1.9639614e-01  -6.9386073e-02   4.3560091e-01   3.3188932e-03   1.3241165e-03   3.5973832e-03
   1.7758113e-01   3.7043368e-02   5.7168847e-01   3.5840845e-03   1.4163538e-03   3.2725716e-03
   1.6728626e-01  -1.6914693e-01   3.6607946e-01   3.4355800e-03   1.4615262e-03   3.4812713e-03
   1.7221969e-01  -1.2175352e-01   3.4975646e-01   3.7365267e-03   1.6028959e-03   3.2601662e-03
   1.6453950e-01  -1.9651999e-02   3.8745878e-01   4.5636971e-03   1.6517943e-03   2.7713600e-03
   1.3856352e-01  -2.3352318e-02   2.5241650e-01   4.7531300e-03   1.5428014e-03   2.7345670e-03
   1.7573562e-01   5.7976319e-03   4.4426078e-01   3.4028785e-03   2.2332314e-03   2.7811737e-03
   1.1383699e-01  -4.1743249e-02   3.6198073e-01   3.3905281e-03   1.5734059e-03   2.5926912e-03
   1.4920621e-01  -1.5988358e-01   3.6652899e-01   1.8977398e-03   1.8997951e-03   2.7779979e-03
   1.7794959e-01  -7.3618600e-02   2.7553128e-01   3.2865711e-03   2.1583910e-03   3.0217779e-03
   1.8669651e-01  -1.2610822e-01   3.8718485e-01   2.0816243e-03   2.4102615e-03   2.7025054e-03
   1.7253531e-01  -8.9546996e-02   3.2477084e-01   3.0077965e-03   2.1803685e-03   3.0739279e-03
   1.9233496e-01  -1.6471820e-01   3.9799309e-01   2.1978919e-03   2.4157632e-03   2.8919291e-03
   1.9761908e-01  -6.0475576e-02   3.6602179e-01   3.7311983e-03   2.6031301e-03   2.8184078e-03
   2.0154065e-01  -1.6811352e-01   4.0730104e-01   2.3426504e-03   2.7093895e-03   2.7011108e-03
   2.0897987e-01  -8.3554255e-02   3.4773768e-01   3.6048022e-03   2.8039703e-03   2.6492636e-03
   2.0917396e-01  -1.3552226e-01   4.8647523e-01   2.2647729e-03   3.1825163e-03   2.1984293e-03
   1.5424410e-01  -1.2076025e-01   3.2345041e-01   3.5085557e-03   2.7603287e-03   2.0672683e-03
   1.8786608e-01  -1.4278140e-01   4.0800319e-01   2.7888289e-03   2.7913120e-03   2.3382610e-03
   1.9909930e-01  -9.0449360e-02   3.2095199e-01   3.7270655e-03   3.1586907e-03   2.3382217e-03
   2.1750415e-01  -1.4013957e-01   4.2289928e-01   2.0831736e-03   3.2824030e-03   2.2262857e-03
   1.9637895e-01  -1.3276072e-01   3.1519145e-01   3.3438083e-03   2.9506761e-03   2.1790366e-03
   2.2744804e-01  -1.7049779e-01   4.0070277e-01   2.1651453e-03   3.0733295e-03   2.3283763e-03
   2.4292712e-01  -1.0249128e-01   3.3237372e-01   2.9800793e-03   3.1659501e-03   2.6270864e-03
   2.7240756e-01  -1.9453794e-01   3.1579339e-01   2.2484727e-03   3.3886040e-03   2.4958273e-03
   2.8020331e-01  -9.3551655e-02   3.5020276e-01   3.0603165e-03   3.6773269e-03   2.5422002e-03
   2.7744419e-01  -2.1551176e-01   3.3799990e-01   2.1287001e-03   3.6949342e-03   2.7289976e-03
   2.8283912e-01  -8.3655657e-02   3.9059352e-01   3.1997388e-03   3.8737173e-03   2.4781161e-03
   2.5613816e-01  -2.1412431e-01   3.5382058e-01   2.4344810e-03   3.3782207e-03   2.7040145e-03
   2.7042916e-01  -1.0508393e-01   4.5076508e-01   3.0700659e-03   3.4660692e-03   2.2860153e-03
   2.4800117e-01  -1.8256810e-01   2.9658905e-01   3.4569282e-03   3.2392703e-03   2.3735708e-03
   2.7095004e-01  -1.8151316e-01   2.1596020e-01   2.4556603e-03   3.8383413e-03   2.2525872e-03
   2.4625235e-01  -1.9698423e-01   4.6156932e-01   3.6895243e-03   3.4264527e-03   2.0248962e-03
   9.3814640e-02   2.4720016e-01  -8.3485963e-02   2.0119141e-02   2.1637060e-04   2.0369120e-03
   1.2055555e-01   2.6438966e-01  -1.2209532e-01   1.2077203e-02   1.9635614e-03   2.2436082e-03
   1.8710655e-01   1.9771549e-01   3.6104039e-01   8.8711816e-03   2.4841098e-03   1.5268122e-03
   1.6013641e-01   7.6249129e-02   2.2466742e-01   9.2902424e-03   2.5285135e-03   2.1348167e-03
   2.4944791e-01   4.9991777e-02   4.6958352e-01   7.3287619e-03   3.0417397e-03   1.9925148e-03
   2.2824122e-01   2.9099145e-02   3.5235222e-01   8.4671277e-03   3.1998488e-03   2.2848928e-03
   2.2230376e-01  -5.8847384e-02   3.8568700e-01   6.8214879e-03   3.1252813e-03   2.1749811e-03
   2.1440655e-01   4.2823144e-02   3.4978828e-01   7.9376494e-03   3.1748469e-03   2.2950103e-03
   2.4038946e-01  -3.7399458e-02   4.0852873e-01   6.8535359e-03   3.2351750e-03   2.2371271e-03
   1.9769823e-01   3.0055010e-02   3.3413369e-01   7.9868121e-03   3.2734685e-03   1.9007005e-03
   1.9592690e-01   4.4542417e-02   4.0408119e-01   7.7833070e-03   2.9138581e-03   2.0046848e-03
   1.5372496e-01   1.2905390e-02   3.5445820e-01   7.8165898e-03   3.1629516e-03   1.7094325e-03
   1.9425426e-01  -1.6503732e-02   4.4296200e-01   6.7174981e-03   3.3056995e-03   2.3167065e-03
   1.8381635e-01  -2.7949317e-02   3.5732844e-01   7.1914452e-03   3.6603709e-03   2.1134794e-03
   2.3294790e-01   4.4472335e-04   5.7190940e-01   6.1735599e-03   4.1616100e-03   2.2176652e-03
   2.0689815e-01  -8.0309573e-02   3.6672527e-01   6.5396131e-03   3.6399571e-03   2.3546451e-03
   2.1618132e-01   1.1982595e-02   4.1748928e-01   7.1791219e-03   3.6924389e-03   2.0244491e-03
   1.9104904e-01  -7.4786444e-02   4.5258108e-01   6.3942587e-03   3.5878278e-03   2.1833558e-03
   2.1367180e-01  -2.8825042e-02   4.2813310e-01   7.1721909e-03   3.7414720e-03   2.1710969e-03
   2.0757326e-01  -4.6179386e-02   5.3301909e-01   5.7189754e-03   3.4089721e-03   2.1864499e-03
   1.7409775e-01  -1.1406982e-01   4.6844574e-01   6.0762546e-03   2.7922237e-03   2.2239153e-03
  -7.3723486e-02   3.0938062e-01   7.7102006e-01   1.4131822e-02  -4.5351024e-04   3.7787985e-03
  -1.0641352e-01   3.3820340e-02   7.3915083e-01   5.4711822e-03   3.3870460e-04   5.3253050e-03
  -5.4578524e-02   5.9165540e-02   9.0375241e-01   4.4058069e-03   4.6677502e-04   4.4735086e-03
  -7.5031266e-02  -2.0822009e-02   7.9536250e-01   5.1010096e-03   3.0300296e-04   4.4939979e-03
  -7.0893989e-02  -7.3686824e-02   7.6091425e-01   4.0978725e-03   4.6279662e-04   4.7279014e-03
  -2.8742244e-02   1.5237635e-02   8.0741342e-01   4.8919285e-03   1.0988435e-03   4.9137919e-03
  -4.2699182e-02  -8.2696229e-02   7.0319154e-01   4.4733589e-03   1.3254434e-03   4.8061772e-03
  -1.4152023e-02  -7.7019804e-03   8.2227328e-01   4.5365078e-03   1.6004497e-03   4.3481344e-03
  -6.0386367e-02  -9.6478017e-02   7.4704807e-01   4.2892842e-03   1.4446762e-03   4.5543039e-03
  -2.1603998e-02  -2.0150582e-02   7.9730701e-01   5.0173475e-03   1.6822015e-03   4.5541392e-03
  -1.2776213e-02  -1.0812781e-01   7.7144960e-01   3.7699622e-03   1.5763295e-03   5.0926082e-03
   3.2260705e-02  -3.7974730e-02   7.8803031e-01   4.6621855e-03   2.3587867e-03   5.0633006e-03
   4.6995366e-02  -1.2573361e-01   7.7120976e-01   4.1570305e-03   2.6205975e-03   5.1417110e-03
   7.4444259e-02  -6.3162795e-02   7.6258264e-01   4.7007513e-03   2.7302092e-03   5.3874113e-03
   5.7861334e-02  -1.5642796e-01   7.4072589e-01   3.5816825e-03   2.6576753e-03   5.5384722e-03
   8.4119290e-02  -7.1401302e-02   7.5927280e-01   4.6796108e-03   2.5333014e-03   5.6415575e-03
   8.7767628e-02  -1.5141442e-01   7.8555528e-01   3.3654387e-03   2.7165508e-03   5.5294104e-03
   9.9605151e-02  -9.4829462e-02   6.9347447e-01   4.6619315e-03   3.0065975e-03   5.5439076e-03
   1.2965227e-01  -1.5428612e-01   7.6660647e-01   3.4542253e-03   3.0716247e-03   5.8691178e-03
   1.6051229e-01  -1.0406008e-01   6.8526832e-01   4.4527602e-03   3.5319376e-03   5.7901473e-03
   2.0683983e-01  -1.2820995e-01   8.6774967e-01   3.0433846e-03   3.7917202e-03   5.7040084e-03
   2.3681029e-01  -1.3338105e-01   7.8871319e-01   4.1304064e-03   3.8611933e-03   5.5453797e-03
   2.1957637e-01  -2.5476995e-01   6.5405842e-01   3.7946247e-03   4.1752504e-03   5.8942112e-03
   2.4720023e-01  -1.2168576e-01   7.9973000e-01   3.5871100e-03   4.4649736e-03   5.9060322e-03
   1.9817105e-01  -1.9438255e-01   7.2363234e-01   3.8612898e-03   4.4077929e-03   5.6232889e-03
   1.5773694e-01  -1.7019272e-01   7.9975848e-01   3.5012730e-03   4.2641885e-03   5.7608824e-03
   1.9213154e-01  -1.6641084e-01   7.3731381e-01   4.0553987e-03   4.5764125e-03   6.0749965e-03
   2.1686097e-01  -2.2188120e-01   8.0069113e-01   3.0144678e-03   4.7598484e-03   6.0789635e-03
   1.9143302e-01  -1.3007766e-01   8.0208463e-01   4.7912971e-03   4.6203321e-03   6.1154114e-03
   2.1679455e-01  -1.9161532e-01   7.1177536e-01   4.1370586e-03   4.7976240e-03   6.3261788e-03
   2.6195251e-01  -1.2102059e-01   7.9692852e-01   4.5174555e-03   5.2724581e-03   6.2517877e-03
   2.5136341e-01  -2.2214470e-01   8.0076135e-01   3.2119352e-03   4.9397637e-03   6.6366526e-03
   2.6012767e-01  -1.8891951e-01   7.4931945e-01   3.2302114e-03   5.2228665e-03   6.5805519e-03
   2.5763539e-01  -2.8103466e-01   7.5694240e-01   2.7605825e-03   5.2388676e-03   6.5262853e-03
   2.3268120e-01  -1.8023047e-01   8.3015493e-01   3.6769896e-03   5.3939826e-03   6.3798253e-03
   2.4847449e-01  -2.7610989e-01   7.3719473e-01   3.7916581e-03   5.2805007e-03   6.8905911e-03
   3.0569581e-01  -1.7089131e-01   8.2834109e-01   3.8811716e-03   6.0204726e-03   6.6812280e-03
   2.6624750e-01  -2.6355363e-01   7.1815306e-01   3.9556261e-03   5.7366611e-03   6.8464654e-03
   2.9917097e-01  -1.6560206e-01   8.3017254e-01   4.0866835e-03   5.9833598e-03   6.7378560e-03
   2.8313819e-01  -2.7670075e-01   7.8498374e-01   3.2286016e-03   5.6585568e-03   7.0699851e-03
   3.0928517e-01  -1.8685401e-01   7.6413517e-01   4.1727088e-03   6.0056971e-03   7.1184386e-03
   2.8421707e-01  -2.6347917e-01   7.7705752e-01   2.8168067e-03   5.5895610e-03   6.9485372e-03
   2.8005576e-01  -1.8449912e-01   7.5158702e-01   4.1437088e-03   5.5211260e-03   6.6591461e-03
   2.5933122e-01  -2.7050996e-01   7.8688371e-01   2.8345535e-03   5.2961403e-03   6.4269948e-03
   2.2103789e-01  -1.3502794e-01   8.3795120e-01   4.4496321e-03   5.3065713e-03   5.8765877e-03
   1.6443487e-01  -2.2534434e-01   7.5427950e-01   3.6404386e-03   5.1078613e-03   5.8760456e-03
   1.2367634e-01  -1.5385875e-01   8.3199961e-01   3.7340555e-03   4.4759768e-03   5.2697792e-03
   1.7838866e-01  -2.5681060e-01   7.4847741e-01   3.5054281e-03   4.9468253e-03   6.1183180e-03
   2.4500321e-01  -1.7035941e-01   8.6156686e-01   3.3542161e-03   5.0294855e-03   6.2262365e-03
   2.2106197e-01  -1.8075439e-01   6.9954670e-01   3.8480563e-03   5.0775440e-03   6.4118347e-03
   2.3332714e-01  -2.0855301e-01   7.2989560e-01   3.3765095e-03   5.2451754e-03   6.4777892e-03
   2.4825756e-01  -1.2541219e-01   7.8352264e-01   3.9597882e-03   5.5483380e-03   6.5080247e-03
   2.3161485e-01  -2.6927673e-01   7.4179799e-01   3.5701750e-03   5.3719078e-03   6.7858837e-03
   2.8755398e-01  -1.4912760e-01   7.2863831e-01   4.1693553e-03   5.9715625e-03   6.8413145e-03
   2.7718613e-01  -2.7759902e-01   6.9468351e-01   3.7209866e-03   5.8631748e-03   7.0048591e-03
   3.0897476e-01  -1.2039120e-01   7.9476038e-01   4.2294620e-03   5.9747443e-03   6.8263020e-03
   2.8296394e-01  -2.3848385e-01   6.7987492e-01   4.4661355e-03   5.7915653e-03   6.8885870e-03
   2.9856812e-01  -1.0390186e-01   8.6748395e-01   4.3898389e-03   6.2168678e-03   6.2274790e-03
   2.1685275e-01  -2.1590975e-01   7.0521029e-01   4.4307894e-03   5.4992790e-03   6.5767502e-03
   2.9802327e-01  -1.9322316e-01   8.5416011e-01   3.2850826e-03   6.1338641e-03   6.4539412e-03
   2.7411428e-01  -2.1136785e-01   6.9483230e-01   3.7928178e-03   6.0828664e-03   6.6554802e-03
   2.7758803e-01  -2.2595333e-01   7.5272576e-01   2.7258717e-03   5.7692800e-03   6.5417929e-03
   2.7305082e-01  -1.9261658e-01   7.2355663e-01   3.3352478e-03   5.6574891e-03   6.7503640e-03
   2.8833901e-01  -2.5866237e-01   7.0222045e-01   2.5718912e-03   5.0967680e-03   6.6966006e-03
   3.1235588e-01  -1.5586022e-01   7.5689065e-01   3.7318364e-03   5.7560033e-03   6.5277564e-03
   2.7736130e-01  -2.5109240e-01   7.3669946e-01   3.6681211e-03   5.1734484e-03   6.5721271e-03
   2.8965576e-01  -1.5733025e-01   7.6638818e-01   4.1886573e-03   5.7115927e-03   6.3408286e-03
   2.5216599e-01  -2.4978745e-01   7.2933518e-01   3.6509084e-03   5.1678296e-03   6.3466638e-03
   2.6399639e-01  -1.4113377e-01   8.3375742e-01   4.6403334e-03   5.7042432e-03   6.3778121e-03
   2.4861145e-01  -2.6645506e-01   7.7355729e-01   4.1239547e-03   5.2953195e-03   6.5955457e-03
   2.8869840e-01  -1.7001224e-01   8.2895920e-01   4.0715350e-03   5.8389948e-03   6.4370037e-03
   2.7993853e-01  -2.8448461e-01   8.2393605e-01   3.3317476e-03   5.4892200e-03   6.6553454e-03
   2.7943143e-01  -1.7398523e-01   7.5347550e-01   4.5231411e-03   6.3526323e-03   6.5106190e-03
   2.5013995e-01  -2.5203735e-01   7.9142808e-01   4.0900316e-03   5.3989206e-03   6.6521950e-03
   2.5436051e-01  -1.5359801e-01   7.7098497e-01   4.5493959e-03   5.5644558e-03   6.3041907e-03
   1.2865410e-01   8.4798122e-02   4.4559269e-01   1.7892776e-02   2.7967580e-03   6.3827155e-03
   2.6134125e-01   2.6126878e-02   3.7686499e-01   7.8607310e-03   5.1036259e-03   6.0730570e-03
   2.6642581e-01   1.1865309e-01   7.0149411e-01   9.1081433e-03   4.5009271e-03   5.9030206e-03
   3.0420334e-01   1.9978429e-02   7.1898931e-01   8.0247669e-03   3.8682371e-03   5.5855129e-03
   2.3254091e-01  -7.7581643e-02   5.8175724e-01   6.0613877e-03   4.2082380e-03   5.7546749e-03
   2.2077564e-01  -1.3437384e-01   5.9011056e-01   5.2503570e-03   4.2836031e-03   5.9546494e-03
   1.9790200e-01  -1.4605841e-01   5.4462258e-01   5.4659983e-03   4.5992602e-03   5.6793743e-03
   1.8341157e-01  -1.2675144e-01   5.6353572e-01   5.6419056e-03   4.8207169e-03   5.3960666e-03
   1.8241573e-01  -1.2291078e-01   6.2422114e-01   6.2630270e-03   5.0473080e-03   5.1450616e-03
   2.2786844e-01  -1.5944685e-01   7.0526456e-01   5.6193162e-03   5.2206490e-03   5.6219700e-03
   2.7521686e-01  -1.4818488e-01   7.0587942e-01   5.8691913e-03   6.0106270e-03   5.5080416e-03
   2.4094622e-01  -2.1283597e-01   6.5273776e-01   5.9478683e-03   6.0131426e-03   5.1491816e-03
   2.6600841e-01  -9.0366690e-02   7.3715839e-01   6.3668040e-03   6.4791607e-03   4.8551500e-03
   2.4157113e-01  -2.4258655e-01   6.5596523e-01   5.8309508e-03   6.1874691e-03   5.1784380e-03
   2.7666387e-01  -1.3251687e-01   7.0322272e-01   5.7508887e-03   6.6277692e-03   4.8608922e-03
   2.1347017e-01  -2.2150780e-01   5.8255964e-01   5.9870376e-03   5.8693739e-03   4.7314924e-03
   2.6025281e-01  -1.6363238e-01   8.3707434e-01   4.5388307e-03   6.5342668e-03   4.4497058e-03
   1.9737353e-01  -1.7794526e-01   6.1042671e-01   6.2002983e-03   5.9350041e-03   4.5579930e-03
   2.6031491e-01  -1.9395699e-01   7.1048393e-01   5.0530783e-03   6.4709030e-03   4.6534940e-03
   2.6131039e-01  -1.7303070e-01   5.9186721e-01   5.8141414e-03   6.6160652e-03   4.7546130e-03
   2.8770951e-01  -1.2733124e-01   7.2732251e-01   5.3459137e-03   6.7566380e-03   4.6538516e-03
   3.0241562e-01  -2.0874052e-01   5.8411065e-01   5.6650160e-03   6.8462914e-03   4.5040468e-03
   3.0737383e-01  -1.0111535e-01   6.9233202e-01   5.8053755e-03   7.2111391e-03   4.1785167e-03
   2.7562741e-01  -2.0938346e-01   6.1710644e-01   5.9658964e-03   7.3261443e-03   4.0963874e-03
   3.2770488e-01  -1.4710392e-01   6.7134717e-01   5.4121215e-03   7.4756402e-03   4.5420268e-03
   3.0660786e-01  -2.5533699e-01   5.3341826e-01   4.6221860e-03   7.2108170e-03   4.6676508e-03
   3.3496706e-01  -1.4716856e-01   6.4661195e-01   5.0418446e-03   7.4184588e-03   4.4654009e-03
   3.1385532e-01  -2.3082012e-01   5.3824036e-01   5.1321583e-03   7.3952600e-03   4.6836427e-03
   3.5702101e-01  -1.6043804e-01   6.6601618e-01   4.9647149e-03   7.8641250e-03   4.6848999e-03
   3.2427095e-01  -2.3434303e-01   5.2901352e-01   5.3191474e-03   7.4322862e-03   4.6609314e-03
   3.3960767e-01  -1.9546656e-01   7.1191135e-01   4.9734119e-03   7.7268832e-03   4.3900324e-03
   2.7598086e-01  -2.2950663e-01   6.6560079e-01   5.8138349e-03   7.4693866e-03   4.2815548e-03
