   0.0000000e+00   0.0000000e+00  -2.8421709e-14  -1.1102230e-16   4.3368087e-18   4.8148249e-34
  -4.0752990e-02   1.5445304e-01   1.5810884e-02   1.5301319e-03  -6.8862177e-04  -4.7024665e-05
   1.5676046e-02  -5.4580075e-03  -1.9293874e-02   9.1131942e-04   2.1873315e-04   2.6095722e-04
   8.9877669e-03   1.3513825e-01   5.5102309e-02   1.5117942e-03   3.7023731e-05   2.6829125e-04
   3.3751006e-02  -4.0899544e-04  -1.7347647e-02   9.8389085e-04   4.8137213e-04   9.4853150e-05
   3.2621225e-02   1.6260483e-01   6.0062630e-02   2.0066911e-03   4.1947471e-04   3.3776503e-04
   1.5061377e-02   3.4026511e-02  -1.7528081e-02   1.4703026e-03   2.1839359e-04   1.9488950e-04
   4.0367836e-03   1.3711751e-01   1.0421222e-01   1.1961960e-03   1.7727971e-04   3.3391532e-04
   2.8086270e-02   5.7257508e-02   3.1693573e-02   2.0099112e-03   1.7158567e-04   3.1136958e-04
   2.8685261e-02   7.4988072e-02   2.2832638e-02   1.2765861e-03   1.5091965e-04   1.4576509e-04
   2.0074941e-02   1.5713466e-01   4.9671055e-02   1.2507170e-03   7.1874592e-05  -3.7912235e-05
   4.7315954e-02   1.4541585e-02  -2.3155872e-02   1.4834966e-03   2.7014698e-04  -2.2392625e-05
   3.6906315e-02   1.4023396e-01   7.6519675e-02   1.8535630e-03   4.1819066e-04  -7.1104089e-05
   1.0971026e-02   2.2519633e-02  -1.7026576e-02   1.6818227e-03   4.7875401e-05  -1.0808583e-04
   4.1826746e-02   1.0184321e-01   5.5294291e-02   8.4745687e-04   3.4192835e-04  -2.4069074e-05
   8.4559292e-03   6.3938990e-02  -7.9866055e-03   1.7879728e-03  -5.3205947e-05  -2.0370533e-04
   4.6642329e-03   4.1023318e-02   3.5819512e-04   1.4184561e-03   1.6287448e-04   1.6264200e-06
  -1.4484361e-02   1.7105347e-01   4.2790790e-02   1.5546367e-03   2.4967853e-04  -1.9106135e-04
  -4.3760626e-03   4.4582727e-02  -2.5247171e-02   1.0724315e-03   2.2796305e-04  -1.6907245e-04
  -1.7418121e-02   1.2643855e-01   8.2751069e-02   7.5773271e-04   3.6595731e-04  -2.7697964e-04
  -3.4115367e-02   4.3598258e-02  -2.2183119e-02   1.4195697e-03  -4.2182105e-05  -1.0108952e-04
  -9.2902500e-03   9.0588034e-02   7.3701003e-02   5.8971460e-04   2.3760509e-04   1.0870510e-04
  -8.7525324e-03   5.4240970e-02  -3.5349243e-03   1.6479960e-03   1.0965225e-04   5.9840826e-05
  -1.2346904e-02   5.9655756e-02   8.0389905e-02   7.6331827e-04   3.2621637e-04   6.2544033e-06
  -4.1781984e-02   3.9017802e-02   4.4596365e-02   1.3567799e-03  -1.8748698e-04  -3.7347570e-04
  -3.1798174e-02   1.5065471e-02   6.2546090e-02   7.6129927e-04   2.6759511e-04  -8.7028408e-04
  -8.0128991e-02   1.0941396e-01   1.2923856e-01   8.2355351e-04  -2.6079769e-04  -8.7751198e-04
  -7.4723166e-02  -2.3712684e-02   5.3634817e-02   1.7201209e-03  -1.6779745e-04  -8.5813769e-04
  -5.2042149e-02   2.5433501e-02   7.0656839e-02   9.5206155e-04   4.3117684e-04  -6.4223755e-04
  -8.4005882e-02   1.4382993e-01   1.1127461e-01   1.6009493e-03  -1.2393691e-04  -8.0930004e-04
  -7.7389242e-02   2.5921575e-02   4.0315525e-02   2.4387780e-03   3.4872983e-05  -1.0253747e-03
  -7.0660310e-02   1.0804128e-01   1.2333632e-01   1.0612120e-03   2.1246467e-04  -7.3003704e-04
  -6.6868262e-02   4.4598201e-02   4.3797772e-02   1.8675326e-03  -5.9082448e-05  -8.4941976e-04
  -4.7662806e-02   3.5410047e-02   5.7106959e-02   6.8895789e-04   2.4397079e-04  -5.4964114e-04
  -6.1980012e-02   1.4286976e-01   4.7771693e-02   1.2687931e-03  -1.2808912e-04  -4.7683066e-04
  -1.3016967e-02   4.2015899e-02   4.3468127e-02   1.1055828e-03   6.2450030e-04  -2.9958496e-04
  -4.2744760e-02   1.5696241e-01   6.6436010e-02   2.2464484e-03  -2.7301475e-04  -4.6219362e-04
  -2.6311614e-03   6.0866277e-02   7.4274394e-03   1.8463990e-03   2.2125142e-04  -1.8103157e-05
  -2.3248135e-02   1.4027052e-01   1.2903143e-01   1.6593843e-03   2.4067475e-04  -8.3312505e-05
  -5.0815361e-02   5.5773181e-02   2.2172186e-02   2.3579844e-03   1.3343978e-04  -1.2263459e-04
  -4.7488316e-02   1.4390758e-01   1.2653145e-01   1.8819229e-03   1.6532413e-05   3.8225730e-04
  -3.1333741e-02   5.0101996e-02   7.0343241e-02   2.4570770e-03   1.1823644e-03  -3.0688944e-04
  -8.0857550e-02   1.6897603e-01   1.0200706e-01   1.2289441e-03  -8.7610434e-04   4.9330564e-04
  -1.0617309e-01   6.0029859e-02  -2.4584705e-02   1.5322048e-03  -1.2798887e-03   3.8162011e-04
  -8.1701744e-02   9.3933691e-02   3.6826750e-02   1.1529575e-03  -6.9504570e-04   6.6208976e-05
  -7.3603685e-02   1.2929973e-01   4.2687084e-03   1.5784686e-03  -1.1386485e-03  -2.8853476e-06
  -5.3245734e-02   3.2438382e-02   1.1346618e-02   5.4059608e-04  -5.6631700e-04  -1.4782729e-04
  -9.1301378e-02   1.5279042e-01   1.5766571e-02   1.4380803e-03  -1.1030004e-03   1.4405797e-04
  -4.6389898e-02   2.7435921e-02  -3.1126542e-02   6.1699134e-04  -6.6259617e-04   2.6572431e-04
  -9.3573517e-02   1.6682889e-01   3.9354256e-02   1.1900156e-03  -1.0900052e-03   9.6376168e-06
  -8.8278671e-02   2.3970236e-02  -4.8174650e-02   8.1896583e-04  -1.3122473e-03   4.5447802e-04
  -1.0524780e-01   1.5215625e-01   4.6028603e-02   2.5728565e-04  -1.2439153e-03   2.8119037e-04
  -1.0343542e-01   2.7990250e-02  -8.2336480e-03   5.5677929e-04  -1.4239580e-03   2.2991970e-04
  -8.7937582e-02   5.3457184e-02   1.9814911e-02  -2.1349730e-04  -1.0871225e-03   2.1674500e-04
  -1.0653889e-01   1.4518921e-01   7.2440847e-02   5.2042480e-04  -1.2918906e-03   4.5026101e-04
  -8.1539876e-02   2.5360716e-02   4.3103511e-03   5.0169395e-04  -1.4511397e-03   6.0339648e-04
  -7.6887255e-02   7.8769274e-02   4.0940555e-02  -3.6823386e-04  -1.0444671e-03   9.4024941e-04
  -8.6126360e-02   1.1597359e-01   2.4029207e-02   1.3145289e-03  -1.0578629e-03   6.3900115e-04
  -9.0781104e-02   5.1868260e-02   8.5443074e-04   1.0364858e-03  -1.3449431e-03   9.1253517e-04
  -1.1379948e-01   1.2895526e-01   9.6355694e-02   6.7757879e-04  -1.4530303e-03   8.0269735e-04
  -1.2281307e-01   4.8625699e-02  -4.4764123e-04   1.0888435e-03  -1.6270402e-03   6.1215132e-04
  -1.0385716e-01   4.3397111e-02   5.2847337e-03   4.4442828e-04  -1.3256540e-03   4.8390544e-04
  -1.2180371e-01   1.4133379e-01   3.0117850e-02   5.1490161e-04  -1.5943456e-03   5.2488796e-04
  -1.0535729e-01   1.9318822e-02  -2.9453714e-02   7.1246805e-04  -1.5682854e-03   5.7913916e-04
  -8.4607674e-02   9.2657119e-02   6.1587032e-02  -1.0340092e-04  -1.0363873e-03   4.9126463e-04
  -1.0364882e-01   9.7947813e-02   5.7091102e-03   1.3338790e-03  -1.5453993e-03   3.6933694e-04
  -8.7833709e-02   5.2292547e-02   1.4818774e-03   2.6205919e-04  -1.1365333e-03   6.3040957e-04
  -1.2092546e-01   1.2833166e-01   2.8284045e-02   9.6833159e-04  -1.5929125e-03   5.4133897e-04
  -7.2344213e-02   1.9729029e-02   2.4697804e-02   3.5320055e-04  -6.7076486e-04   7.4728911e-04
  -9.9963244e-02   1.4487945e-01   3.0860198e-02   8.9011902e-04  -1.3406551e-03   8.9756629e-04
  -6.1138797e-02   1.6043029e-02  -4.9024734e-03   3.0096491e-04  -9.0597582e-04   6.6730991e-04
  -1.1414743e-01   1.5311284e-01   5.3610660e-02   6.9748630e-04  -1.2188273e-03   7.5824210e-04
  -1.0904041e-01   1.1174022e-02  -4.8295851e-02   3.4966107e-04  -1.3152266e-03   7.5675683e-04
  -1.3937088e-01   1.8333395e-01   7.5790447e-02   1.3850723e-03  -1.2698289e-03   7.2672939e-04
  -1.0545904e-01   6.0905594e-02  -6.5117423e-03   9.7889905e-04  -1.0701599e-03   8.2544728e-04
  -1.1893301e-01   1.5147767e-01   9.0504526e-02   7.5309405e-04  -1.1134199e-03   1.1167936e-03
  -1.0949325e-01   5.6759345e-02   2.0239614e-02   1.5146001e-03  -1.2542222e-03   9.4862722e-04
  -1.1179467e-01   5.5862888e-02   4.7184873e-02  -6.0570014e-05  -8.3495773e-04   5.8196517e-04
  -1.4061852e-01   1.1907453e-01   5.7441380e-02   9.9066274e-04  -1.2694503e-03   5.4446253e-04
  -1.4179675e-01   2.2457724e-02   3.1014643e-02   9.7040036e-04  -1.4081397e-03   6.3265496e-04
  -1.1669483e-01   9.4062341e-02   6.0975519e-02   8.5595480e-04  -6.4453578e-04   3.4758749e-04
  -1.2278108e-01   1.2677649e-01   7.4607094e-02   3.3942946e-04  -8.9181807e-04   4.1040469e-04
  -1.2815180e-01   1.1594225e-02   2.3863701e-02   5.8672801e-04  -9.4842087e-04   7.3594781e-04
  -1.2870454e-01   6.1724342e-02   3.0137384e-02   1.2724531e-04  -9.7256989e-04   5.8363449e-04
  -1.3495897e-01   1.4420106e-01   1.4461798e-01   3.6772611e-04  -8.8177702e-04   6.9125293e-04
  -1.1868312e-01   5.3822743e-02   2.5084464e-02   1.2494407e-03  -1.1327688e-03   7.7088217e-04
  -1.0354688e-01   3.9661624e-02   3.2447261e-02   5.8439159e-04  -1.0110497e-03   5.5321219e-04
  -1.3278179e-01   1.1234555e-01   1.1265042e-01  -2.6618236e-04  -1.3759698e-03   7.1971696e-04
  -1.2458948e-01   2.8714563e-02   4.1258189e-02   1.0122452e-03  -1.3902717e-03   5.5319276e-04
  -1.0856656e-01   9.6731120e-04   5.4595698e-02  -3.3879106e-04  -1.2033725e-03   6.8457476e-04
  -1.0845939e-01   1.1834922e-01   5.4372328e-02   6.9654632e-04  -1.1888822e-03   7.1143296e-04
  -6.1389267e-02   4.4518611e-04  -9.4844606e-03  -1.1870402e-04  -7.3950901e-04   7.0795542e-04
  -9.1995036e-02   1.4629626e-01   7.4564098e-02   7.3319463e-04  -9.0360682e-04   6.6889640e-04
  -8.1391487e-02   6.2249056e-02   1.0268740e-02   1.1345031e-03  -9.6728703e-04   7.6926598e-04
  -1.0164982e-01   1.8130295e-01   1.0578882e-01   8.1707182e-04  -9.8441048e-04   1.0467470e-03
  -8.9884628e-02   5.2371923e-02  -1.3236623e-03   1.2154462e-03  -1.5366564e-03   1.0518235e-03
  -9.3284498e-02   1.0998014e-01   1.0506901e-01   2.3638888e-04  -7.9734843e-04   1.2459946e-03
  -1.1669223e-01   9.2569081e-02   2.6284192e-02   1.1725159e-03  -1.6358542e-03   9.1090686e-04
  -1.0735923e-01   5.8003433e-02   4.1025699e-03   5.0413596e-04  -1.4340768e-03   6.7306344e-04
  -1.5574813e-01   1.5733397e-01   6.2716934e-02   1.3622651e-03  -2.0397398e-03   8.8013910e-04
  -1.1050794e-01   5.1286778e-02   9.4976101e-03   1.0373398e-03  -1.4791926e-03   1.2034907e-03
  -1.0369333e-01   1.6739121e-01   1.2060419e-01   9.6506439e-04  -1.3295037e-03   1.4063548e-03
  -6.5263931e-02   8.3382409e-02   2.0200065e-02   1.6643313e-03  -1.4537027e-03   1.5972936e-03
  -8.3792339e-02   1.2984949e-01   1.1033004e-01   5.3184567e-04  -1.0918203e-03   1.7769523e-03
  -9.9303320e-02   1.2390954e-01   4.8947744e-02   1.9595892e-03  -1.6408072e-03   1.5288524e-03
  -7.9530536e-02   6.7945469e-02   8.1498797e-02   6.3835395e-04  -1.1101902e-03   1.4077961e-03
  -9.6937104e-02   1.6733948e-01   6.5467575e-02   1.4965453e-03  -1.7211078e-03   1.4767827e-03
  -2.9769929e-02   5.2913111e-02   1.4680475e-02   9.2035501e-04  -8.0064625e-04   1.4449938e-03
  -8.5207377e-02   1.8214663e-01   6.0777671e-02   7.9424714e-04  -1.5310414e-03   1.7336441e-03
  -2.9270795e-02   6.2403629e-02  -2.1443515e-02   9.5561761e-04  -8.4689604e-04   1.8783610e-03
  -3.4806091e-02   2.2242283e-01   7.5067118e-02   1.6792601e-03  -8.6280874e-04   2.0723363e-03
  -3.0602132e-02   1.2699852e-01  -2.6397394e-03   2.2492224e-03  -9.8646850e-04   1.8437521e-03
  -3.8144394e-02   1.7085663e-01   1.1575602e-01   1.0217711e-03  -6.8581234e-04   2.1108407e-03
  -2.3464127e-02   8.1665396e-02  -3.0165671e-03   1.5575057e-03  -9.7248584e-04   2.1157240e-03
  -2.4555204e-02   1.0930255e-01   8.5109655e-02   5.9654035e-04  -8.3976728e-04   2.0532156e-03
  -2.6035589e-02   1.6596920e-01   4.1451266e-02   2.5447126e-03  -1.2464332e-03   2.1884035e-03
  -2.6902421e-02   1.0229393e-01   8.1269152e-02   4.4585255e-04  -1.1008124e-03   2.1503897e-03
  -5.6669739e-02   1.9088649e-01   6.1969062e-02   2.8649845e-03  -1.4668288e-03   2.3903451e-03
  -8.6476650e-02   1.0673887e-01   9.8952634e-02   8.8384756e-04  -1.3989707e-03   2.4550217e-03
  -8.0496355e-02   1.6209268e-01   5.1626591e-02   2.1085326e-03  -1.5025565e-03   2.2926641e-03
  -6.0631113e-02   7.3373404e-02   8.9030041e-02   7.5853878e-04  -1.2484957e-03   1.8948469e-03
  -1.1392622e-01   2.1844688e-01   7.8666008e-02   2.6478871e-03  -1.8218408e-03   1.6837853e-03
  -8.7244799e-02   7.4423780e-02   4.1875257e-02   1.9150324e-03  -1.7591969e-03   1.6142513e-03
  -1.2595165e-01   1.6373597e-01   1.2739696e-01   1.3182045e-03  -1.9961447e-03   1.6622319e-03
  -1.1016114e-01   9.5538482e-02   4.0153815e-02   1.8544229e-03  -2.2243192e-03   1.6571820e-03
  -9.6598313e-02   7.9243526e-02   7.7725674e-02   5.1449831e-04  -1.5496330e-03   1.4753840e-03
  -1.2092885e-01   1.8819860e-01   9.1321517e-02   2.0563336e-03  -2.0901057e-03   1.6589825e-03
  -1.1040727e-01   8.0881818e-02   7.6031689e-02   1.9473084e-03  -2.1243518e-03   1.6478143e-03
  -1.0046344e-01   1.6432341e-01   1.1926566e-01   1.7787446e-03  -1.4546637e-03   1.6541408e-03
  -1.0736445e-01   2.0439229e-01   1.1500038e-01   2.7124074e-03  -1.9049653e-03   2.0341091e-03
  -4.1193273e-02   1.0671583e-01   9.4057571e-02   2.3822784e-03  -9.9158373e-04   2.0719233e-03
  -8.9878813e-02   2.1285186e-01   1.1880155e-01   2.5705628e-03  -1.6256201e-03   2.1246530e-03
  -6.8331499e-02   8.7838519e-02   5.2044380e-02   2.3325235e-03  -1.3148490e-03   2.3387825e-03
  -1.0338714e-01   2.3407888e-01   1.2414946e-01   2.8393137e-03  -1.8302012e-03   2.1817678e-03
  -8.3194518e-02   9.7442880e-02   6.3559869e-02   2.5943089e-03  -1.6667457e-03   2.1384051e-03
  -1.0893166e-01   2.1321116e-01   1.2295572e-01   2.0884387e-03  -2.0565735e-03   2.3581524e-03
  -9.8373070e-02   1.3166428e-01   4.8958061e-02   2.8241583e-03  -2.1220156e-03   2.2743484e-03
  -1.2140231e-01   1.9954389e-01   1.7705282e-01   2.4966362e-03  -2.1771379e-03   2.6452084e-03
  -1.3066984e-01   1.3004873e-01   7.5694407e-02   3.1808994e-03  -2.2853099e-03   2.6867999e-03
  -9.2703759e-02   1.7001415e-01   2.2164772e-01   2.3576633e-03  -1.6023492e-03   2.9011041e-03
  -1.3011788e-01   1.2860488e-01   1.4636201e-01   3.2029070e-03  -1.9722374e-03   2.8023067e-03
  -9.4711159e-02   1.5954336e-01   2.1428683e-01   2.3938792e-03  -1.3611995e-03   2.9244119e-03
  -1.1843202e-01   1.9007280e-01   1.6722815e-01   4.2071243e-03  -1.7686220e-03   2.6838628e-03
  -1.4309451e-01   1.4534882e-01   1.4017458e-01   2.9241283e-03  -1.9648712e-03   2.9823645e-03
  -1.4076502e-01   2.5493982e-01   1.9146967e-01   3.6577324e-03  -1.8461126e-03   3.1107946e-03
  -1.0325265e-01   1.3957796e-01   1.2473022e-01   3.6662823e-03  -1.6019565e-03   3.0272455e-03
  -1.3703106e-01   2.3291349e-01   2.1947196e-01   3.7650946e-03  -2.0332465e-03   3.2751289e-03
  -1.5307156e-01   1.7297362e-01   1.2517035e-01   4.4642770e-03  -2.5808438e-03   3.3322541e-03
  -1.3751818e-01   1.5265979e-01   1.5897025e-01   3.0939796e-03  -2.3735160e-03   3.3437142e-03
  -1.3563141e-01   2.5225829e-01   1.2464130e-01   4.9829425e-03  -2.3055793e-03   3.3860104e-03
  -9.8553332e-02   1.6761573e-01   1.2022900e-01   3.5347785e-03  -1.7902073e-03   3.1474024e-03
  -1.2126161e-01   2.7699292e-01   1.1308296e-01   4.5583729e-03  -2.0734956e-03   3.2259672e-03
  -6.2330647e-02   1.4728526e-01   7.9790353e-02   3.8185588e-03  -1.7060870e-03   2.8675282e-03
  -1.1045149e-01   2.6492863e-01   1.5724920e-01   3.6769554e-03  -1.9348408e-03   3.2326499e-03
  -5.2568265e-02   1.9662746e-01   6.7926483e-02   4.7546758e-03  -1.8012043e-03   3.1096537e-03
  -6.7948706e-02   1.5947268e-01   1.5090322e-01   2.9228576e-03  -1.6832577e-03   3.0854370e-03
  -1.0715237e-01   2.2904985e-01   1.2770245e-01   4.4277487e-03  -2.2147804e-03   3.1338115e-03
  -8.7144508e-02   1.4707571e-01   1.1961568e-01   3.4963213e-03  -1.7071732e-03   3.1180808e-03
  -1.1971639e-01   2.8364749e-01   1.7861245e-01   4.7739921e-03  -1.9848065e-03   3.1499339e-03
  -1.0759571e-01   1.7525814e-01   9.9722867e-02   4.9671888e-03  -2.0089404e-03   3.1139577e-03
  -1.2373201e-01   2.5295725e-01   1.9019652e-01   4.3866446e-03  -1.8932391e-03   3.2861568e-03
  -1.0898573e-01   1.8547948e-01   9.7671452e-02   4.7431865e-03  -1.9113509e-03   3.2390509e-03
  -1.2193625e-01   2.7866832e-01   2.0375682e-01   4.7105956e-03  -1.8838322e-03   3.5057497e-03
  -1.1412529e-01   2.1613022e-01   9.6718874e-02   5.3371910e-03  -2.1300330e-03   3.4224335e-03
  -1.2885645e-01   2.9758617e-01   2.0155087e-01   5.2048965e-03  -2.0113107e-03   3.2517277e-03
  -1.3011020e-01   2.0812863e-01   1.3693192e-01   5.7481457e-03  -2.2883906e-03   3.2087999e-03
  -1.1957064e-01   1.9436691e-01   1.8978533e-01   4.5977929e-03  -1.8877611e-03   3.3016640e-03
  -1.5675213e-01   2.6438901e-01   1.6079353e-01   5.3219170e-03  -2.4708931e-03   3.2668436e-03
  -1.2908236e-01   1.5138159e-01   1.2174454e-01   5.3033001e-03  -2.2668909e-03   3.2710193e-03
  -1.5698943e-01   2.7483201e-01   1.9340867e-01   5.0565763e-03  -2.4630346e-03   3.2235633e-03
  -1.6990722e-01   1.8737110e-01   9.1100624e-02   5.2763977e-03  -2.9259972e-03   3.3903057e-03
  -1.5246278e-01   2.3638178e-01   1.5148181e-01   4.1761947e-03  -2.2918913e-03   3.2013589e-03
  -1.5157891e-01   3.0194199e-01   1.4919275e-01   6.2859161e-03  -2.4974924e-03   3.2380391e-03
  -1.0854672e-01   1.8323489e-01   1.4949824e-01   4.8095652e-03  -1.8608331e-03   3.3611726e-03
  -1.2355457e-01   2.8382143e-01   1.9882354e-01   5.5875703e-03  -2.2434292e-03   3.4558055e-03
  -1.2581565e-01   1.8005152e-01   1.3922987e-01   5.2626486e-03  -2.1230151e-03   3.5396023e-03
  -1.1733104e-01   3.0034627e-01   2.2610638e-01   5.3607679e-03  -2.0152456e-03   3.7556647e-03
  -1.0409390e-01   2.0536621e-01   1.4005892e-01   6.1127879e-03  -2.0760542e-03   3.8770481e-03
  -1.1767960e-01   2.5208149e-01   2.3489537e-01   5.2291515e-03  -1.8650476e-03   3.8191247e-03
  -1.3705123e-01   2.7064896e-01   1.7200161e-01   6.3285490e-03  -2.3974867e-03   3.6472014e-03
  -1.3626938e-01   2.4109240e-01   2.5616634e-01   5.4955682e-03  -3.1198590e-03   4.5319498e-03
  -1.6009996e-01   3.3342421e-01   1.8787138e-01   6.3339464e-03  -3.7549173e-03   4.3521718e-03
  -7.7559491e-02   2.4238916e-01   1.9126166e-01   6.2104488e-03  -2.9085471e-03   4.6157536e-03
  -9.0963859e-02   3.2933059e-01   1.7548510e-01   7.1840334e-03  -3.0316790e-03   4.4065975e-03
  -7.2408700e-02   2.1160224e-01   1.8171263e-01   6.3641489e-03  -2.6594370e-03   4.5196552e-03
  -6.8735133e-02   3.2124830e-01   2.0652162e-01   7.3008192e-03  -2.7775014e-03   4.5516126e-03
  -5.5426239e-02   2.3556727e-01   1.9322748e-01   7.3808896e-03  -2.3889300e-03   4.4405131e-03
  -9.7475118e-02   3.3428818e-01   2.5871092e-01   6.8448274e-03  -2.8461558e-03   4.5512580e-03
  -1.1474139e-01   2.1745497e-01   1.8934769e-01   7.2230377e-03  -2.9658844e-03   4.7931320e-03
  -1.1581847e-01   2.6224417e-01   3.0800005e-01   6.4039678e-03  -2.7106621e-03   4.8189035e-03
  -1.3485123e-01   2.2135887e-01   2.1735963e-01   7.3938142e-03  -3.0533667e-03   5.0699601e-03
  -1.1148646e-01   2.5463576e-01   3.0847813e-01   6.4887665e-03  -2.6743500e-03   5.0902344e-03
  -1.3619284e-01   2.9140476e-01   2.1866261e-01   8.1557489e-03  -2.9911659e-03   5.1146836e-03
  -1.4242967e-01   2.5492694e-01   2.9734002e-01   6.4037781e-03  -2.9848900e-03   5.2225197e-03
  -1.9014490e-01   2.7685383e-01   2.3806447e-01   7.7614379e-03  -3.5329095e-03   5.2549494e-03
  -1.5509210e-01   2.5404095e-01   2.7501631e-01   6.8012453e-03  -2.9154159e-03   5.4765889e-03
  -1.4401330e-01   3.3369469e-01   2.3987403e-01   8.1579280e-03  -2.9334393e-03   5.3818098e-03
  -7.9355532e-02   2.7711459e-01   3.0925871e-01   8.0719767e-03  -1.8590161e-03   5.7488024e-03
  -8.9657117e-02   3.5000924e-01   2.8252788e-01   8.6009280e-03  -2.1765404e-03   5.6034726e-03
  -9.7560137e-02   2.4547267e-01   2.6467580e-01   7.6179718e-03  -2.0543517e-03   5.9703743e-03
  -1.0814077e-01   3.3469608e-01   2.8888336e-01   8.5520276e-03  -2.2385461e-03   6.1583653e-03
  -8.3468676e-02   2.2758036e-01   2.8620349e-01   7.8059426e-03  -2.0846232e-03   6.1738712e-03
  -7.7144636e-02   3.3438046e-01   3.2796237e-01   8.3298631e-03  -1.8548317e-03   5.9023505e-03
  -5.7014671e-02   2.1446107e-01   2.9317626e-01   8.0095079e-03  -1.3773725e-03   5.7459686e-03
  -4.9489253e-02   3.5322739e-01   3.2872299e-01   8.5414851e-03  -1.3864873e-03   5.7155677e-03
  -7.3361221e-02   2.4866513e-01   2.8774396e-01   8.4255509e-03  -1.4870899e-03   5.4573025e-03
  -1.1686524e-01   3.5994666e-01   3.5500397e-01   8.8624223e-03  -2.1649411e-03   5.4663354e-03
  -1.5902069e-01   2.2324932e-01   2.8433162e-01   8.3444011e-03  -2.1959673e-03   5.7799934e-03
  -1.3617995e-01   3.4248182e-01   3.7726510e-01   8.6748448e-03  -2.0062601e-03   5.7658383e-03
  -1.3969149e-01   2.5701775e-01   3.4354011e-01   9.5427094e-03  -1.6490463e-03   5.8866250e-03
  -1.9513967e-01   4.0187309e-01   4.9656465e-01   1.0967783e-02  -2.2867969e-03   7.1547053e-03
  -2.0385381e-01   2.7251713e-01   4.1700344e-01   1.1041541e-02  -2.1336648e-03   6.9873353e-03
  -2.0921504e-01   3.4543604e-01   4.9857914e-01   1.0826832e-02  -2.2660939e-03   6.7938895e-03
  -2.5179571e-01   2.9041354e-01   4.1345605e-01   1.1375995e-02  -2.2438519e-03   6.7308730e-03
  -2.2292524e-01   3.6984087e-01   4.8875645e-01   1.0686468e-02  -2.2125993e-03   6.8441389e-03
  -2.0675831e-01   3.0074300e-01   4.2056656e-01   1.1430907e-02  -2.0826809e-03   6.6212136e-03
  -1.9043137e-01   3.6880713e-01   5.1058889e-01   1.0837839e-02  -1.8993833e-03   6.7522603e-03
  -1.9619217e-01   2.6675040e-01   4.2167280e-01   1.0992791e-02  -1.6787903e-03   6.7258020e-03
  -1.8616774e-01   3.5134228e-01   4.9803484e-01   1.1243792e-02  -1.8572828e-03   6.8766086e-03
  -1.9059332e-01   2.6319446e-01   4.6352163e-01   1.1394681e-02  -1.6684193e-03   6.9706359e-03
  -1.8150171e-01   3.7886976e-01   5.8276424e-01   1.2663128e-02  -2.5361386e-03   7.3053252e-03
  -1.8159701e-01   3.0608948e-01   4.3444750e-01   1.1570804e-02  -1.4591884e-03   7.0332062e-03
  -1.8360543e-01   3.8879445e-01   4.3100759e-01   1.1821708e-02  -1.8047207e-03   6.9606607e-03
  -1.4326269e-01   2.5888300e-01   4.0151011e-01   1.1119240e-02  -1.4678540e-03   6.8743009e-03
  -1.7906886e-01   3.8604773e-01   4.2236634e-01   1.2463523e-02  -1.9857579e-03   6.7231877e-03
  -1.5831857e-01   2.8401343e-01   4.3456887e-01   1.0998982e-02  -1.6264812e-03   6.9139224e-03
  -1.7970932e-01   3.5148206e-01   4.4409173e-01   1.1910917e-02  -1.7672806e-03   6.5276468e-03
  -1.9697146e-01   2.9060796e-01   4.3422352e-01   1.1784571e-02  -1.6709590e-03   6.9426090e-03
  -2.0037726e-01   4.6867468e-01   3.6060311e-01   1.4294501e-02  -1.6141430e-03   6.8402451e-03
  -1.9857850e-01   3.4607839e-01   3.1502365e-01   1.1520898e-02  -1.4617271e-03   6.7541815e-03
  -1.7046009e-01   4.1689714e-01   4.5103072e-01   1.1772090e-02  -1.4280533e-03   6.8977796e-03
  -1.9394151e-01   3.1813650e-01   3.8807891e-01   1.1816368e-02  -1.4769264e-03   6.7299344e-03
  -1.4092511e-01   3.6875435e-01   4.7308925e-01   1.1067754e-02  -4.8936921e-04   6.8040408e-03
  -1.5728729e-01   3.7702227e-01   4.1444413e-01   1.2439640e-02  -1.1193919e-03   6.9528540e-03
  -1.3232741e-01   3.8086554e-01   5.0386537e-01   1.1449451e-02  -6.4921839e-04   7.1645767e-03
  -1.4467598e-01   3.8565578e-01   3.8807978e-01   1.2349680e-02  -1.1185571e-03   6.9682656e-03
  -1.0655638e-01   3.3564546e-01   4.3033314e-01   1.1587022e-02  -5.7810640e-04   7.1692664e-03
  -1.2199681e-01   4.0340944e-01   4.2334643e-01   1.2330040e-02  -1.0956334e-03   6.9881046e-03
  -8.8307878e-02   3.0576382e-01   3.9900030e-01   1.1668232e-02  -5.3844121e-04   6.9902486e-03
  -1.1617633e-01   4.4968002e-01   4.5714488e-01   1.2714641e-02  -1.4013175e-03   7.0535254e-03
  -1.1594632e-01   3.1906052e-01   3.8679970e-01   1.2949396e-02  -1.3874897e-03   6.9053492e-03
  -1.4214903e-01   4.2932256e-01   4.9667253e-01   1.3160701e-02  -1.5340080e-03   7.2975261e-03
  -1.5554884e-01   3.2833733e-01   4.0174321e-01   1.3178290e-02  -1.9694601e-03   7.1385039e-03
  -1.6456070e-01   4.2308987e-01   5.1921946e-01   1.3072413e-02  -1.7315099e-03   7.3480812e-03
  -2.0203017e-01   3.4674109e-01   4.6022186e-01   1.3291467e-02  -1.9386878e-03   7.1289455e-03
  -1.8235751e-01   4.4105824e-01   5.8264196e-01   1.4270445e-02  -3.5519335e-03   7.8496979e-03
  -1.4555793e-01   4.1950213e-01   4.5688659e-01   1.4250316e-02  -1.7424412e-03   7.2064964e-03
  -1.3614222e-01   4.2301522e-01   5.1594471e-01   1.3150693e-02  -1.4311637e-03   7.3638716e-03
  -1.2066923e-01   3.9864568e-01   3.9444777e-01   1.4125557e-02  -1.2550362e-03   7.3838455e-03
  -9.0762383e-02   3.9340796e-01   4.6202535e-01   1.3545749e-02  -4.8266355e-04   7.5315189e-03
  -1.2770643e-01   4.4511517e-01   4.6364037e-01   1.4220969e-02  -1.0954084e-03   7.1754654e-03
  -1.1537041e-01   3.5145388e-01   4.3949662e-01   1.3761204e-02  -7.4015913e-04   7.4563718e-03
  -1.1413800e-01   4.6842564e-01   4.8459978e-01   1.4172667e-02  -7.9762970e-04   7.5268763e-03
  -1.0751572e-01   3.6876488e-01   4.1571179e-01   1.4038937e-02  -7.8157430e-04   7.6136256e-03
  -1.2597228e-01   4.9069530e-01   5.0488123e-01   1.4223660e-02  -9.8104586e-04   7.6456329e-03
  -1.3570898e-01   4.5076255e-01   4.3330985e-01   1.5093029e-02  -1.3706275e-03   7.6455819e-03
  -1.3421734e-01   4.7424141e-01   5.2992518e-01   1.4183656e-02  -1.3185857e-03   7.7720573e-03
  -1.3946335e-01   4.3516972e-01   4.2605020e-01   1.4994197e-02  -1.4115527e-03   7.6776938e-03
  -1.2200654e-01   4.4291927e-01   4.9054920e-01   1.3812155e-02  -8.4162054e-04   7.6321757e-03
  -1.2589254e-01   4.2851518e-01   3.8729045e-01   1.4928296e-02  -1.0696486e-03   7.4976968e-03
  -1.0424616e-01   4.3276456e-01   4.6420964e-01   1.3824443e-02  -5.8525225e-04   7.5960633e-03
  -1.1945308e-01   4.5920561e-01   3.9217413e-01   1.4928307e-02  -1.2305294e-03   7.7208609e-03
  -1.0739276e-01   4.4282854e-01   4.3968819e-01   1.4182088e-02  -9.4252901e-04   8.0175509e-03
  -1.4998264e-01   4.8834698e-01   4.1585854e-01   1.4793859e-02  -1.8379929e-03   7.9110337e-03
  -1.4336714e-01   4.3998733e-01   4.3518685e-01   1.4474114e-02  -1.0107922e-03   8.0093512e-03
  -1.3921272e-01   4.9493621e-01   4.3867994e-01   1.4786542e-02  -1.2721936e-03   7.8440718e-03
  -1.2118213e-01   3.8741376e-01   4.1481237e-01   1.4266287e-02  -1.1178628e-03   7.9822896e-03
  -1.6014100e-01   4.9864235e-01   4.2755268e-01   1.4751702e-02  -1.5198724e-03   7.9744193e-03
  -1.0797096e-01   3.8564134e-01   3.9681231e-01   1.4227243e-02  -8.5033150e-04   7.8439731e-03
  -1.3477625e-01   5.2118064e-01   4.3029739e-01   1.5144676e-02  -1.4443316e-03   7.6578708e-03
  -1.6115650e-01   4.1559101e-01   3.6240343e-01   1.5194428e-02  -1.2039562e-03   7.9877052e-03
  -1.5737560e-01   5.3761173e-01   4.5376468e-01   1.5083775e-02  -1.5655945e-03   7.7701521e-03
  -1.6393489e-01   4.2697286e-01   3.7486107e-01   1.5080252e-02  -1.4696529e-03   7.9331202e-03
  -1.2645363e-01   5.3032882e-01   4.2320815e-01   1.4817981e-02  -1.1730349e-03   8.1380025e-03
  -1.4023146e-01   4.3588795e-01   3.6478925e-01   1.5067617e-02  -1.3174300e-03   8.1453441e-03
  -1.3237815e-01   5.1707674e-01   4.5088328e-01   1.4924074e-02  -1.4531559e-03   7.8968676e-03
  -1.4826617e-01   4.5042073e-01   3.7651248e-01   1.5480013e-02  -1.3045120e-03   7.9603890e-03
  -1.4721789e-01   4.9779551e-01   4.2114014e-01   1.4885036e-02  -1.3830733e-03   8.0480539e-03
  -1.2690476e-01   4.5674946e-01   4.2743807e-01   1.4949901e-02  -9.0381577e-04   8.0770055e-03
  -1.4712532e-01   5.6267951e-01   4.1477758e-01   1.6141181e-02  -1.4529585e-03   8.2617653e-03
  -9.7391179e-02   4.6802701e-01   4.1916339e-01   1.5363391e-02  -7.8016640e-04   8.3121964e-03
  -1.1084694e-01   5.5964958e-01   4.1459461e-01   1.6142864e-02  -1.0998898e-03   8.2978413e-03
  -9.4139107e-02   4.3899546e-01   3.8023380e-01   1.5034406e-02  -6.9406761e-04   8.4234083e-03
  -8.8845944e-02   5.5442692e-01   4.2081184e-01   1.5960228e-02  -8.5873887e-04   8.3894378e-03
  -9.2971838e-02   4.4190249e-01   4.0021161e-01   1.5201310e-02  -8.8231803e-04   8.3682488e-03
  -9.4730612e-02   5.6613772e-01   4.6050274e-01   1.6297292e-02  -9.2280641e-04   8.3142297e-03
  -8.8686626e-02   5.0016958e-01   4.0686475e-01   1.6557614e-02  -3.3039832e-04   8.1293695e-03
  -1.1080139e-01   5.3756317e-01   4.8485954e-01   1.5947002e-02  -8.9442251e-04   8.0662345e-03
  -1.1103346e-01   4.6060636e-01   4.4536599e-01   1.5996969e-02  -7.6300944e-04   8.2005522e-03
  -9.7088223e-02   5.3730660e-01   4.9780887e-01   1.5475837e-02  -6.6875121e-04   8.3322382e-03
  -1.1655752e-01   5.3795797e-01   4.1771373e-01   1.7116447e-02  -8.0913388e-04   8.2517760e-03
  -1.0693000e-01   5.0192995e-01   4.5881666e-01   1.4832793e-02  -7.9010311e-04   8.6766101e-03
  -1.0276553e-01   5.8131161e-01   3.9172436e-01   1.6884662e-02  -7.2277808e-04   8.2364883e-03
  -9.4531431e-02   5.1570244e-01   4.3597877e-01   1.4918603e-02  -6.2703822e-04   8.6482519e-03
  -8.9309386e-02   5.6512781e-01   4.2142209e-01   1.6469107e-02  -6.4118809e-04   8.4617490e-03
  -9.8802314e-02   5.0098289e-01   4.3558529e-01   1.5551955e-02  -6.9271050e-04   8.7627023e-03
  -9.0666774e-02   5.5131117e-01   3.8478926e-01   1.5984104e-02  -9.0988154e-04   8.5961042e-03
  -7.2495630e-02   4.5558942e-01   4.0056162e-01   1.5375122e-02  -2.1578621e-04   8.5538899e-03
  -6.5753552e-02   5.8923134e-01   5.0467046e-01   1.7451090e-02  -1.1742664e-04   8.5285831e-03
  -1.4035759e-01   5.2885562e-01   4.2151927e-01   1.7546026e-02  -5.5349621e-04   8.7788491e-03
  -1.1062808e-01   5.7932999e-01   4.5819418e-01   1.6525630e-02  -6.0315346e-04   8.8179182e-03
  -8.7112119e-02   4.9791589e-01   4.0647629e-01   1.7123524e-02  -3.5475086e-04   8.6299289e-03
  -9.6469563e-02   5.9177143e-01   4.3683954e-01   1.6652507e-02  -6.2247159e-04   8.8476910e-03
  -8.5968370e-02   5.4017573e-01   3.7199180e-01   1.7097740e-02  -3.8937640e-04   8.5082884e-03
  -5.4236546e-02   5.2388194e-01   3.9933929e-01   1.6184231e-02   7.9000745e-05   8.7905490e-03
  -5.8159360e-02   6.0209582e-01   4.1937099e-01   1.7492490e-02  -5.9591338e-06   8.3885008e-03
  -2.5438716e-02   5.0136848e-01   3.9085815e-01   1.6707741e-02   6.7697670e-04   8.4925601e-03
  -3.6302304e-02   5.8712990e-01   4.5208458e-01   1.6833927e-02   1.1640325e-04   8.3780951e-03
  -5.2883806e-02   4.4721039e-01   4.0359311e-01   1.6760097e-02   3.9839290e-04   8.5377305e-03
  -8.1175987e-02   5.6632719e-01   4.5248261e-01   1.6121503e-02  -2.3570195e-04   8.7784418e-03
  -7.7241652e-02   4.7224385e-01   4.1754607e-01   1.6655709e-02  -1.4343301e-04   8.7952372e-03
  -8.3630261e-02   5.6387135e-01   4.9674083e-01   1.6250215e-02   4.8411863e-04   8.9254720e-03
  -9.6416127e-02   4.6664811e-01   4.4553523e-01   1.6270282e-02   6.5087469e-05   8.6292917e-03
  -9.4389831e-02   5.1677645e-01   5.4165951e-01   1.5580776e-02   2.1885394e-05   9.0381695e-03
  -1.0122403e-01   4.7953288e-01   4.5872952e-01   1.6202647e-02  -2.5398288e-04   8.8789034e-03
  -7.0717665e-02   5.3778765e-01   5.5654301e-01   1.5789866e-02   1.9736655e-04   9.1987793e-03
  -8.0373476e-02   5.0764682e-01   4.7148546e-01   1.6977317e-02  -8.4171047e-05   9.1355796e-03
  -6.9711548e-02   5.1241742e-01   5.5672010e-01   1.6329221e-02   2.3995403e-04   9.4608929e-03
  -1.0430869e-01   5.1980398e-01   5.0640338e-01   1.6837308e-02  -2.5753405e-04   9.4603952e-03
  -6.6719804e-02   4.7220155e-01   5.3382388e-01   1.6140143e-02   2.8403803e-04   9.3052058e-03
  -6.5315337e-02   5.6706231e-01   5.1542211e-01   1.7283503e-02   1.2430001e-04   9.0017387e-03
  -5.0944204e-02   4.5766860e-01   5.1034155e-01   1.6326989e-02   4.0114093e-04   9.3666071e-03
  -8.0602439e-02   5.5291677e-01   5.3096420e-01   1.7289704e-02   1.0399806e-04   9.2593015e-03
  -8.1880988e-02   4.5721845e-01   4.8838920e-01   1.6479492e-02   1.8454724e-04   9.3226269e-03
  -8.5629455e-02   6.0283259e-01   4.8773418e-01   1.7342053e-02  -1.3961207e-04   9.3323197e-03
  -3.8917958e-02   5.1900919e-01   4.6220522e-01   1.7401691e-02   6.2347636e-04   9.1007336e-03
  -4.9777065e-02   5.7404592e-01   5.2009773e-01   1.6736585e-02   1.4995360e-04   9.1914633e-03
  -3.8598931e-02   4.6724308e-01   4.5168362e-01   1.6732452e-02   4.8323098e-04   9.3816055e-03
  -4.6839393e-02   5.9440015e-01   5.1972611e-01   1.7073378e-02   1.2977494e-04   9.5566994e-03
  -3.8859355e-02   4.8862484e-01   4.8476517e-01   1.7344869e-02   6.4288167e-04   9.2606707e-03
  -4.0867655e-02   6.0880628e-01   6.3301232e-01   1.7755263e-02   7.6543737e-04   9.4947391e-03
  -5.7437762e-02   5.5968157e-01   6.2518536e-01   1.9179946e-02   9.6482016e-04   9.5794348e-03
  -6.4969936e-02   5.9424460e-01   6.0128000e-01   1.8267755e-02   6.9503926e-04   9.6858922e-03
  -3.7412317e-02   5.8069676e-01   4.7652644e-01   1.9599698e-02   1.0606861e-03   9.4998847e-03
  -3.1570077e-02   6.0300927e-01   6.1559671e-01   1.8313571e-02   1.2468841e-03   9.4701490e-03
  -1.5238169e-01   5.5575461e-01   5.2890090e-01   1.9145951e-02   4.8166116e-04   7.6809639e-03
  -1.1092802e-01   5.0490332e-01   5.4230729e-01   1.8108937e-02   7.5307342e-04   8.2565196e-03
  -9.1733386e-02   6.2644544e-01   6.0368981e-01   1.9174186e-02   5.8595847e-04   8.1564056e-03
  -1.4543337e-01   5.2184360e-01   5.6403999e-01   1.8745416e-02   2.8424731e-04   8.7385461e-03
  -7.8623146e-02   6.5461346e-01   5.8224604e-01   1.9071499e-02   8.3018948e-04   8.7170884e-03
  -8.4711933e-02   5.3980868e-01   5.3636242e-01   1.8547808e-02   8.7683053e-04   8.8864921e-03
  -5.0059418e-02   6.4589152e-01   5.9664289e-01   1.9210265e-02   1.0064120e-03   8.6618862e-03
  -4.8685301e-02   5.8541529e-01   6.0778104e-01   1.9935658e-02   1.4901410e-03   8.8339504e-03
  -5.0592955e-02   6.4303741e-01   6.4718303e-01   1.9472441e-02   7.7383227e-04   9.1311713e-03
  -8.1098372e-03   5.3381763e-01   5.8405253e-01   1.9329636e-02   1.2274389e-03   8.8165160e-03
  -8.2804908e-03   6.3957568e-01   6.0249573e-01   1.8868798e-02   1.2123378e-03   8.8249894e-03
   2.3034390e-02   5.4436344e-01   4.9165964e-01   1.9231928e-02   1.6964486e-03   8.5913927e-03
   3.1938033e-02   6.3987930e-01   5.8993230e-01   1.9059347e-02   1.4346844e-03   8.8960533e-03
   3.2565876e-02   5.6453744e-01   5.1196333e-01   1.9803873e-02   1.5494593e-03   8.5817963e-03
   1.3826336e-02   6.0640312e-01   6.2650321e-01   1.8885725e-02   1.6895798e-03   8.9035727e-03
   1.8630618e-02   6.2271139e-01   5.4354816e-01   2.0427943e-02   1.6340218e-03   8.5617404e-03
   2.5925825e-02   5.7111211e-01   6.4512787e-01   1.8754966e-02   1.8289575e-03   9.0291751e-03
   6.2698050e-03   6.0428124e-01   5.7925618e-01   1.9656916e-02   1.1362138e-03   8.9675981e-03
   2.6423335e-02   5.7239457e-01   6.6403901e-01   1.8687135e-02   2.0230503e-03   9.0637314e-03
   2.2610673e-02   6.0753891e-01   5.7004315e-01   1.9940098e-02   1.6980281e-03   8.9579145e-03
   4.3747457e-02   6.1204803e-01   6.4080273e-01   1.9353816e-02   1.7745858e-03   9.2818999e-03
   6.6799037e-02   6.7303976e-01   6.2575005e-01   2.1144519e-02   2.1077930e-03   8.9563719e-03
   7.3268897e-03   5.7219331e-01   6.0955290e-01   2.0218911e-02   1.5292731e-03   9.3715144e-03
   4.7148560e-02   6.8636285e-01   6.3200837e-01   2.0197863e-02   1.7316622e-03   9.0797425e-03
   5.2553492e-02   5.6741171e-01   6.0017646e-01   2.0158997e-02   2.0934780e-03   8.9476829e-03
   9.0341764e-02   6.9794326e-01   6.7084792e-01   2.0600775e-02   2.3465471e-03   9.1643259e-03
   3.3221658e-02   5.9721407e-01   6.3638793e-01   2.1315460e-02   1.7446802e-03   9.4900079e-03
   3.1066335e-02   6.6087702e-01   6.8246232e-01   2.1284005e-02   2.1314694e-03   9.7204560e-03
   2.1867714e-02   6.6055371e-01   6.3350349e-01   2.1455739e-02   1.6200033e-03   9.3639969e-03
  -3.2884598e-02   6.1863274e-01   6.9362483e-01   2.1447411e-02   1.4493791e-03   9.7319827e-03
   5.9408711e-03   6.9459375e-01   6.8996327e-01   2.1318552e-02   1.3076694e-03   9.4740066e-03
  -3.4532207e-02   6.0914876e-01   6.3339283e-01   2.1677110e-02   1.5140724e-03   9.5375531e-03
  -3.0300693e-02   7.1135716e-01   6.9549166e-01   2.1488383e-02   1.1987176e-03   9.5777059e-03
  -4.3066229e-02   6.3855588e-01   6.2020303e-01   2.1732388e-02   1.4079046e-03   9.6052890e-03
   2.4029218e-02   7.6880433e-01   6.9949284e-01   2.2148273e-02   2.0079823e-03   9.6931153e-03
   2.1403809e-03   6.3529623e-01   6.2017101e-01   2.2008752e-02   1.8112192e-03   9.6265744e-03
   3.8229140e-02   7.2374981e-01   7.5615538e-01   2.1997454e-02   2.1474219e-03   9.6113399e-03
   1.1145816e-02   6.5610222e-01   6.5155805e-01   2.2533318e-02   2.3242592e-03   9.6040895e-03
   4.0753109e-02   7.1052840e-01   7.5668335e-01   2.1440495e-02   2.3081186e-03   9.6824609e-03
   8.7536031e-03   6.6200756e-01   6.3131064e-01   2.2313161e-02   2.1711747e-03   9.5846576e-03
   7.9392682e-02   7.0766510e-01   8.0914294e-01   2.1908853e-02   3.0008447e-03   9.5073958e-03
   6.8202051e-03   7.1317500e-01   7.4785771e-01   2.3530058e-02   2.5067288e-03   9.6821133e-03
   2.3454753e-02   7.2508914e-01   7.5241516e-01   2.2248533e-02   2.2970022e-03   1.0052670e-02
   5.1393281e-02   7.4324194e-01   6.8828619e-01   2.3325351e-02   2.5070182e-03   9.9138536e-03
   6.9796596e-02   6.9742180e-01   7.4035559e-01   2.2148733e-02   2.4900678e-03   1.0228374e-02
   7.0306284e-02   7.4875646e-01   6.8127408e-01   2.3087473e-02   2.7661557e-03   9.9067883e-03
