   0.0000000e+00   0.0000000e+00   0.0000000e+00   0.0000000e+00   0.0000000e+00   0.0000000e+00
   6.5231666e-02  -5.8347144e-02   2.7586600e-01  -2.0375291e-03  -2.7024737e-04  -6.9788955e-05
   2.3190804e-02   5.0584061e-02   4.4592999e-01  -5.6242429e-04  -8.2051134e-04   6.4366406e-05
   5.2330830e-02  -1.3374345e-01   2.2632569e-01  -1.4059690e-03  -1.2881606e-04   3.7177018e-04
   5.5569698e-02  -3.5323654e-02   4.5055474e-01  -2.2756376e-03   8.9588736e-05   8.2915835e-04
   6.1089463e-02  -8.8634651e-02   2.9204080e-01  -1.5623259e-03   5.6094340e-04   4.4594011e-04
   5.4078560e-02  -6.0455699e-02   4.5843338e-01  -2.9803294e-03   1.4534657e-04   3.2633486e-04
   2.4496709e-02   1.4503402e-02   4.3462726e-01  -1.4678779e-03  -1.0595057e-04   1.0678025e-04
   4.1399256e-02  -8.0130099e-02   2.8251820e-01  -2.0584763e-03  -1.3378814e-04   5.1947201e-04
   2.1915681e-02   1.4894551e-02   4.6624689e-01  -2.3889396e-03  -1.1934352e-04   3.7845582e-04
   1.6974021e-02  -1.0699164e-01   3.0776266e-01  -2.9603456e-03   2.2041627e-04   3.4367975e-04
   4.2165973e-05   3.7896002e-02   4.5220156e-01  -1.6515544e-03   5.0131329e-04  -3.2331541e-04
   7.2158535e-02   3.5284710e-02  -1.5913526e-01   7.1206852e-04   1.8933904e-03  -4.2903974e-04
   1.2918036e-01   1.6622685e-01   3.0000476e-01  -2.2454786e-03   1.9219545e-03  -6.4628392e-04
   6.4892937e-02   1.4638791e-01   2.8053506e-01  -1.0388763e-03   1.4405107e-03  -8.6784291e-04
   6.7604208e-02   5.1080296e-02   2.1536919e-01  -1.4507632e-03   1.4142992e-03  -5.1181320e-04
   6.8536041e-02   1.2652666e-01   3.5547895e-01  -8.7435171e-04   1.6855901e-03  -7.6724994e-04
   7.7207865e-02  -1.0395086e-02   2.9970354e-01  -3.0489337e-03   2.0348165e-03  -7.2616724e-04
   7.3916240e-02   4.3951706e-02   3.8794066e-01  -2.5706833e-03   2.1294360e-03  -8.0471176e-04
   6.4419526e-02  -6.1248397e-02   3.3059777e-01  -3.6800102e-03   1.8792006e-03  -5.7886033e-04
   7.3983290e-02   3.5898330e-02   3.7794341e-01  -2.8796593e-03   2.3260886e-03  -5.0604232e-04
   5.1026888e-02  -1.8907870e-02   3.3961325e-01  -3.2458951e-03   1.9463703e-03  -4.3585065e-04
   6.7440505e-02   9.9673385e-05   2.4481666e-01  -2.6820489e-03   2.0853020e-03  -6.5952218e-04
   6.1898593e-02   5.0394540e-02   3.4946110e-01  -3.0213927e-03   1.6249566e-03  -9.5551221e-04
   5.0451236e-02   3.0638914e-03   2.5862581e-01  -2.3301623e-03   1.7152441e-03  -1.3408236e-03
   4.0183136e-02   9.0677018e-04   2.9509900e-01  -2.5666108e-03   1.4226422e-03  -1.1298329e-03
   1.1843995e-02   1.6292791e-02   3.4384895e-01  -3.1734930e-03   1.2779383e-03  -1.8248544e-03
   5.3801270e-03   1.0685086e-02   2.5896345e-01  -2.0562479e-03   1.1060548e-03  -1.5641089e-03
   7.3373995e-02   5.4074554e-02   4.4793012e-01  -3.1536287e-03   2.0579854e-03  -1.7358920e-03
   6.2810540e-02  -3.0208950e-03   3.4035548e-01  -2.8188834e-03   1.7685022e-03  -1.5962769e-03
   3.4249982e-02  -5.5021213e-02   2.9282811e-01  -3.0320363e-03   1.0787037e-03  -1.4127408e-03
   7.9629831e-02   8.2356754e-02   4.3853380e-01  -3.3074505e-03   1.5947973e-03  -1.7022935e-03
   1.3255717e-01   3.3789529e-02   2.4722575e-01  -1.4025740e-03   2.2872115e-03  -1.4249420e-03
   1.1546076e-01  -1.1073024e-02   1.8617615e-01  -2.4151943e-03   2.4119628e-03  -1.2468405e-03
   9.4618775e-02   1.0133907e-01   4.0884289e-01  -3.1159252e-03   2.0723350e-03  -1.0604577e-03
   9.4763212e-02   3.8661264e-03   2.4212946e-01  -1.4614931e-03   2.0663247e-03  -1.3673602e-03
   1.0164915e-01   2.9682950e-02   3.0112539e-01  -2.4726073e-03   1.8551362e-03  -1.3807291e-03
   9.5676478e-02   2.2349214e-02   2.9231463e-01  -2.6949653e-03   2.0082351e-03  -1.2972566e-03
   9.8802825e-02   1.0539064e-01   4.3808425e-01  -2.9300882e-03   1.9069472e-03  -1.3157202e-03
   1.0097323e-01  -1.6113895e-02   2.9655388e-01  -1.9738372e-03   2.1837194e-03  -1.5113380e-03
   1.1493219e-01   3.2605629e-03   2.2812163e-01  -2.4006350e-03   1.8528858e-03  -1.0960959e-03
   1.1051747e-01   9.2012679e-02   4.6411178e-01  -3.4166570e-03   2.1663413e-03  -1.0868004e-03
   1.1508163e-01   9.3816277e-02   4.2380523e-01  -2.5452032e-03   2.4693805e-03  -1.1821605e-03
   9.2172282e-02  -4.8538747e-02   2.9226621e-01  -2.1355691e-03   2.3389813e-03  -1.6034494e-03
   1.1299803e-01   2.3199693e-02   3.8776645e-01  -3.4283524e-03   2.1598912e-03  -1.3016765e-03
   1.1567858e-01   7.7998448e-02   3.5914443e-01  -1.3586740e-03   2.4452533e-03  -1.4770740e-03
   1.3597015e-01   4.8050857e-02   3.9543903e-01  -2.5930524e-03   2.6648488e-03  -8.2860382e-04
   1.4373165e-01  -4.4215827e-03   2.4129359e-01  -2.0256328e-03   2.9566513e-03  -1.0831907e-03
   1.4906895e-01   5.4730018e-02   4.0984351e-01  -3.5816661e-03   2.4004565e-03  -8.6897452e-04
   1.4227429e-01   1.1667341e-02   3.3346451e-01  -1.7951449e-03   2.2684561e-03  -1.0202071e-03
   1.6659728e-01   1.0402388e-01   3.6161825e-01  -1.5871442e-03   2.9627075e-03  -1.1158739e-03
   1.5360163e-01   3.7590332e-02   3.6381466e-01  -2.9849852e-03   2.8935424e-03  -1.0458990e-03
   1.7573231e-01   1.0908330e-02   2.2443283e-01  -1.7599680e-03   3.2751450e-03  -1.1634552e-03
   1.6747604e-01   6.7702932e-03   3.4867176e-01  -3.3136897e-03   3.0164490e-03  -8.5949371e-04
   1.4740466e-01   1.1169734e-01   4.2106108e-01  -1.8933079e-03   2.4933599e-03  -6.8771145e-04
   1.5484494e-01  -3.0938158e-02   2.7802925e-01  -2.0181464e-03   2.9013315e-03  -9.6182811e-04
   1.4360732e-01   4.2767440e-02   2.8277765e-01  -2.0382710e-03   3.1454977e-03  -1.1883439e-03
   1.4138369e-01  -7.1074395e-03   3.6882616e-01  -3.9559061e-03   2.7735296e-03  -1.0773824e-03
   1.3945290e-01   5.1401214e-02   3.4853623e-01  -2.3335837e-03   2.6209944e-03  -9.4686733e-04
   1.3856568e-01   2.3544288e-02   3.2731873e-01  -2.2259075e-03   2.3364988e-03  -1.1284883e-03
   1.3846626e-01   5.7731523e-02   3.0942816e-01  -1.4782364e-03   2.5347305e-03  -1.1870585e-03
   1.3729909e-01   4.9578135e-03   3.4703003e-01  -3.4652245e-03   2.6102340e-03  -9.1179233e-04
   1.4137768e-01   6.2945285e-02   3.6141630e-01  -2.5419917e-03   2.8278375e-03  -1.0137402e-03
   1.2726900e-01  -3.5318713e-02   2.6666965e-01  -2.8287340e-03   2.5368335e-03  -1.1526171e-03
   7.0393474e-02   1.0967397e-01   4.1452416e-01  -2.4661365e-03   1.8465694e-03  -8.4175735e-04
   7.0600142e-02   3.4032076e-02   2.1485505e-01   3.5185261e-03   2.1241745e-03  -2.4657350e-03
   1.3732498e-01   5.8020473e-02  -1.1695867e-01  -2.6483964e-03   3.1758079e-03  -1.7797489e-03
   1.0420945e-01   2.5062374e-01   2.7503625e-01  -1.4455284e-03   2.6312978e-03  -2.1179973e-03
   1.5278906e-01   1.1014666e-01   9.0219704e-02  -1.6049806e-03   3.2120723e-03  -1.5869721e-03
   9.4055919e-02   1.4957757e-01   3.7519772e-01  -3.1854803e-03   2.2852484e-03  -1.8374632e-03
   8.9937169e-02   1.2433582e-01   2.7341805e-01  -2.0786524e-03   2.7806358e-03  -2.4072501e-03
   1.0563481e-01   6.6626362e-02   2.0962038e-01  -3.0586966e-03   2.6725446e-03  -1.9861869e-03
   1.2363261e-01   1.5935639e-01   4.1559682e-01  -3.4861215e-03   2.5695262e-03  -1.7702645e-03
   1.3792253e-01   5.4559221e-02   3.3357324e-01  -2.0098905e-03   2.5926417e-03  -1.6097949e-03
   1.6853301e-01   1.0407499e-01   3.4262466e-01  -2.2967541e-03   2.8118215e-03  -1.7468368e-03
   1.6501637e-01   6.0104205e-02   3.1313918e-01  -3.0914666e-03   3.0344801e-03  -1.5503689e-03
   1.5378305e-01   1.1803486e-01   3.9502355e-01  -3.8854736e-03   2.5598545e-03  -1.2224523e-03
   1.7237480e-01   7.9326930e-02   2.4265760e-01  -2.3124679e-03   3.2258755e-03  -1.5002212e-03
   1.6621984e-01   8.5608847e-02   3.7774974e-01  -3.4878962e-03   2.7842146e-03  -1.1750369e-03
   1.6794691e-01   1.0666054e-01   3.7623699e-01  -2.6000725e-03   3.1730993e-03  -1.1979727e-03
   1.8195006e-01  -1.0427269e-02   3.2504302e-01  -3.5688635e-03   3.3654210e-03  -1.3083052e-03
   1.6580169e-01   1.4686289e-01   4.3201654e-01  -3.5198996e-03   3.0910545e-03  -1.3100172e-03
   1.7311353e-01   1.4942878e-02   3.2214402e-01  -3.0986577e-03   3.3744136e-03  -1.4900509e-03
   1.7741481e-01   1.6590355e-02   3.7279018e-01  -4.5405677e-03   3.1293134e-03  -1.0394623e-03
   1.7124442e-01   1.0282294e-01   3.4577760e-01  -2.9125125e-03   3.3151096e-03  -1.3067546e-03
   1.8636934e-01   5.5312762e-03   3.2385926e-01  -4.2562750e-03   3.0322003e-03  -1.2120478e-03
   1.8433292e-01   1.2478268e-01   3.8333609e-01  -2.4627587e-03   3.3841333e-03  -1.4618073e-03
   1.7050317e-01   4.9572550e-02   3.7662946e-01  -2.9254128e-03   3.2399447e-03  -1.5627242e-03
   1.4651014e-01   3.3588948e-02   3.4882341e-01  -2.5542807e-03   2.9457449e-03  -1.6728738e-03
   1.8587734e-01   2.4237437e-02   4.0877629e-01  -4.8621574e-03   4.0069143e-03  -1.4139032e-03
   2.3243263e-01   5.4715575e-02   2.9527654e-01  -3.0537452e-03   4.1880201e-03  -1.0825748e-03
   2.6042526e-01  -2.7319930e-02   2.8530493e-01  -4.4980290e-03   4.7665065e-03  -9.1459578e-04
   2.3641216e-01   8.6859040e-02   3.4095863e-01  -3.3922927e-03   4.6138614e-03  -7.0430170e-04
   2.6767287e-01   2.6741583e-03   2.2787459e-01  -2.6293713e-03   4.6135762e-03  -4.9472646e-04
   2.5474083e-01   7.4664772e-02   4.8382863e-01  -4.1356482e-03   4.2055886e-03  -5.3749207e-04
   2.5232920e-01   8.4284074e-02   4.5456040e-01  -3.2923869e-03   4.6136754e-03  -6.0362778e-04
   2.6597042e-01  -2.8912773e-03   2.0064525e-01  -2.6643393e-03   4.9525285e-03  -3.0118463e-04
   2.6198699e-01   9.2658386e-02   5.4772343e-01  -4.5879499e-03   4.5120628e-03  -4.3923552e-04
   2.6061110e-01   2.4670084e-02   4.1157190e-01  -2.6507743e-03   4.2113406e-03  -2.6922237e-04
   2.8932935e-01   3.2813305e-03   3.6627032e-01  -4.0492066e-03   4.7613202e-03  -2.4478126e-04
   2.8388048e-01   1.1245879e-01   4.7790666e-01  -4.2255435e-03   4.8129848e-03  -1.1737665e-04
   2.9405820e-01  -1.7991571e-02   3.4304978e-01  -3.4556011e-03   5.1050263e-03  -2.2123618e-04
   3.0377444e-01   6.4845919e-02   5.3294944e-01  -4.3575044e-03   5.0839581e-03  -3.5359923e-04
   2.9651611e-01  -6.0906679e-03   4.6851762e-01  -3.1230034e-03   5.2046478e-03  -3.8431301e-04
   3.0832656e-01  -4.4453913e-02   4.4104269e-01  -3.5614982e-03   4.8033160e-03  -3.8600586e-04
   3.0792485e-01   3.8906505e-02   4.9412692e-01  -3.8340043e-03   5.1641453e-03  -5.1938388e-04
   3.1263906e-01  -5.1071369e-02   3.9271002e-01  -4.1854159e-03   5.2491537e-03  -3.0862130e-04
   2.8446355e-01   7.3222183e-02   5.3122865e-01  -4.0883067e-03   5.0437898e-03  -5.3982248e-04
   2.8800684e-01  -1.6952058e-02   4.7850802e-01  -4.6406760e-03   4.8147547e-03  -4.1591842e-04
   2.9327435e-01   2.3788870e-02   3.9230881e-01  -3.2482678e-03   5.0791067e-03  -3.0447702e-04
   3.0076883e-01  -9.7554290e-03   4.3394682e-01  -4.9120659e-03   5.2967879e-03  -4.4367817e-04
   2.9262868e-01   4.6577421e-02   4.6405212e-01  -3.6422087e-03   5.2547008e-03  -4.3321373e-04
   3.1829539e-01  -2.6578509e-02   4.3100766e-01  -4.8336951e-03   5.2981208e-03  -5.5498015e-04
   2.8871697e-01   4.6399308e-02   4.3633054e-01  -3.4864966e-03   5.0533316e-03  -5.7424109e-04
   2.9622997e-01  -3.9173407e-02   4.4158185e-01  -4.5037483e-03   4.7743045e-03  -5.4181225e-04
   2.9316337e-01   2.3113331e-02   4.4205729e-01  -3.5924375e-03   5.1276231e-03  -5.7582259e-04
   2.9822287e-01   2.7940511e-02   4.8814987e-01  -4.2677585e-03   5.0271997e-03  -9.2375237e-04
   2.9090312e-01   3.4967426e-02   4.1073631e-01  -2.8561971e-03   5.3211834e-03  -8.6239858e-04
   2.6735510e-01   1.7715319e-04   3.6508983e-01  -3.5649886e-03   4.8901951e-03  -7.9840921e-04
   2.7347706e-01   4.0339695e-02   4.2378287e-01  -4.0992749e-03   4.9309510e-03  -6.7372592e-04
   2.7420933e-01   4.9262503e-02   4.1984667e-01  -3.3356903e-03   4.7033782e-03  -5.6711017e-04
   2.8858795e-01   7.6537938e-03   4.0243584e-01  -3.5472026e-03   4.8439465e-03  -5.4842041e-04
   2.8145831e-01   2.4811109e-02   4.1056149e-01  -4.6106231e-03   5.1806200e-03  -7.3992891e-04
   2.7394797e-01   6.1105735e-02   4.0366038e-01  -3.3821884e-03   5.1639582e-03  -8.3068733e-04
   2.6162810e-01   3.1728847e-02   3.8715972e-01  -3.3164562e-03   4.9975315e-03  -1.2391534e-03
   2.4634001e-01   2.1655261e-02   3.9428579e-01  -4.0343310e-03   4.9161954e-03  -1.2409548e-03
   2.4671635e-01  -5.8868100e-03   3.7093481e-01  -4.0773775e-03   4.4654947e-03  -9.4886386e-04
   2.8678301e-01   8.3786028e-02   5.5378701e-01  -4.9035636e-03   4.7850317e-03  -1.2582145e-03
   2.8345889e-01   1.1558481e-02   3.7446296e-01  -3.1965607e-03   5.1427950e-03  -1.1860299e-03
   2.8191614e-01  -1.6274563e-02   3.8977680e-01  -4.6123499e-03   5.1710252e-03  -1.2095002e-03
   2.8500188e-01   9.9047753e-02   5.2461162e-01  -3.9331082e-03   4.9889355e-03  -1.2372929e-03
   2.8845243e-01  -2.1105577e-02   3.0597395e-01  -3.0891803e-03   5.1388337e-03  -1.0193032e-03
   2.9909771e-01   8.6243384e-03   3.5659896e-01  -4.2356334e-03   5.0094117e-03  -8.9890488e-04
   2.8525484e-01   6.4954938e-02   3.6335337e-01  -2.8211756e-03   4.9588136e-03  -9.7475257e-04
   2.9439167e-01   6.9390751e-03   4.7399284e-01  -4.4272610e-03   4.5185939e-03  -9.8296746e-04
   2.8866899e-01   7.6090618e-02   4.5727061e-01  -2.6854758e-03   4.6170856e-03  -9.4557390e-04
   2.2309178e-01   5.7393247e-02   3.0611464e-01  -2.2565397e-03   4.1436592e-03  -1.2068411e-03
   2.3334336e-01   1.4574938e-01   1.8724823e-01  -3.4145363e-03   4.1306664e-03  -2.2943828e-03
   1.9298733e-01   1.3594082e-01   1.9805052e-01  -4.6512041e-03   2.2154633e-03  -7.2476753e-04
   3.3847004e-01   9.1575685e-02   2.3400078e-01  -5.8778689e-03   2.9058099e-03  -7.6306401e-04
   3.3701518e-01   1.0254361e-01   3.4830140e-01  -5.2193124e-03   3.5305032e-03  -3.4395380e-04
   3.6406589e-01   4.3741901e-03   1.7532643e-01  -4.6024529e-03   4.2250268e-03  -2.6035389e-04
   3.6915292e-01   1.0288961e-01   3.7844812e-01  -5.0354722e-03   4.4434662e-03  -7.6088970e-04
   3.4824841e-01   9.1442291e-02   2.8192266e-01  -2.8471286e-03   4.7203793e-03  -4.7905647e-04
   3.4538594e-01   3.1404180e-02   2.8526311e-01  -4.0563905e-03   4.5823896e-03  -3.0220633e-06
   3.1889578e-01   1.1593689e-01   5.4574778e-01  -4.2637080e-03   3.8676732e-03  -4.9452713e-04
   3.3511107e-01   3.5828298e-02   3.7383800e-01  -2.6413302e-03   4.2038624e-03  -3.4043455e-04
   3.1058635e-01   8.3976881e-02   4.4784136e-01  -3.4558178e-03   3.5550265e-03  -3.2596056e-04
   3.1700462e-01   2.5204064e-02   4.1870894e-01  -4.1573081e-03   3.7233769e-03   5.2059891e-05
   3.3619849e-01   8.2742152e-02   3.7859516e-01  -3.6542936e-03   4.2263235e-03  -2.1024822e-04
   3.3797998e-01   4.6211968e-02   4.5203046e-01  -5.4659122e-03   3.9445480e-03  -2.9022412e-04
   3.1565404e-01   1.1610858e-01   4.5925523e-01  -3.9274083e-03   4.0216843e-03  -2.6262192e-04
   3.3610029e-01   2.5984592e-02   2.4582096e-01  -2.9514780e-03   4.0010838e-03   7.8163445e-05
   3.5865632e-01   6.2695467e-02   2.9405440e-01  -4.6702411e-03   4.3233992e-03   1.5823409e-04
   3.2204123e-01   1.8022383e-01   5.4444755e-01  -4.0370968e-03   4.4740373e-03   8.1261131e-06
   3.0207651e-01   7.9358161e-02   3.5237615e-01  -2.2489138e-03   3.9761845e-03  -5.5259425e-04
   2.8390368e-01   7.3359203e-02   3.3306096e-01  -3.4234781e-03   3.4713233e-03  -4.3978790e-04
   3.0243748e-01   1.5890463e-01   3.8029621e-01  -2.0940570e-03   3.4841495e-03  -7.9847731e-04
   3.0145420e-01   4.9954096e-02   3.6240125e-01  -4.4926863e-03   3.7155987e-03  -6.0280522e-04
   3.1229219e-01   8.1210136e-02   3.4359275e-01  -3.7858393e-03   3.8797645e-03  -5.7199587e-04
   3.2878943e-01   2.2455546e-02   3.3795363e-01  -5.3077090e-03   3.9007652e-03  -6.1230420e-04
   3.1786500e-01   7.3760096e-02   4.0788934e-01  -4.1295946e-03   3.6063851e-03  -4.6222921e-04
   3.2632526e-01   1.6530084e-02   3.3136960e-01  -3.9957317e-03   3.6672474e-03  -2.6017831e-04
   3.2553086e-01   1.2505677e-01   4.1148233e-01  -3.2115718e-03   4.0087632e-03  -7.0978262e-04
   3.3123007e-01   4.6734913e-02   3.9153633e-01  -3.6539393e-03   3.7536007e-03  -9.1577965e-04
   3.1096405e-01  -7.1980001e-03   3.9526005e-01  -5.2691128e-03   3.9184454e-03  -5.9986910e-04
   2.8555119e-01   6.6419115e-02   4.1964398e-01  -3.4853366e-03   3.6190941e-03  -8.8005082e-04
   2.7776657e-01  -2.6366834e-02   3.4326568e-01  -4.1686319e-03   3.5890638e-03  -8.0930339e-04
   2.7770626e-01   7.6202281e-02   3.5065983e-01  -4.7779036e-03   3.4899442e-03  -5.9935746e-04
   2.8679669e-01  -2.1986967e-03   3.4019915e-01  -5.4282017e-03   3.6567763e-03  -2.8835295e-04
   2.8453780e-01   1.0959772e-01   3.8506713e-01  -3.8849613e-03   3.6871456e-03  -5.7174257e-04
   2.7332042e-01   6.3618229e-03   3.5942601e-01  -4.8862252e-03   3.1718618e-03  -5.4571863e-04
   3.1059936e-01   2.0643841e-01   5.4229646e-01  -3.0900333e-03   3.8143479e-03  -9.4787413e-04
   3.5310952e-01   2.0214523e-01   4.3799799e-01  -2.4570061e-03   4.3712838e-03  -4.0064536e-04
   3.4472901e-01   7.5205906e-02   2.6883664e-01  -1.8226419e-03   4.3495406e-03  -1.6560623e-04
   3.3897255e-01   2.3317227e-02   3.0713416e-01  -3.0119468e-03   4.2064989e-03  -7.5816362e-05
   3.0376449e-01   1.3958074e-01   4.2011339e-01  -1.7294472e-03   3.5846496e-03  -7.7191970e-04
   3.0098153e-01   5.5083489e-02   4.1134738e-01  -3.2560168e-03   3.5126418e-03  -6.7754997e-04
   2.8807658e-01   1.2513082e-01   3.8314636e-01  -2.4027034e-03   3.4800614e-03  -1.1922648e-03
   3.0489274e-01   9.4340306e-02   4.1788982e-01  -3.8932388e-03   3.7550810e-03  -1.0247653e-03
   3.2541770e-01   3.5614155e-02   3.2400642e-01  -3.7525360e-03   4.0748666e-03  -7.5683837e-04
   3.1177572e-01   9.8634669e-02   4.4371047e-01  -3.3534818e-03   3.8560731e-03  -8.6282864e-04
   3.1446071e-01   3.4920458e-02   4.0263351e-01  -2.5139348e-03   3.7868063e-03  -8.5385368e-04
   3.0732690e-01   1.0365971e-01   4.3167657e-01  -3.2945346e-03   3.8692304e-03  -1.2110464e-03
   2.9047801e-01   4.4344885e-02   4.2489415e-01  -3.6032390e-03   3.7342262e-03  -1.0505514e-03
   2.4868782e-01   7.0976630e-02   3.8419787e-01  -2.6856601e-03   3.5566836e-03  -1.3751222e-03
   2.1490987e-01   1.6200268e-01   2.1192597e-01  -2.0605122e-03   2.4095993e-04  -5.0748874e-04
   2.8496491e-01   1.7563296e-01   2.2093158e-01  -3.3673578e-03   1.6424018e-03  -1.4407042e-03
   2.6648945e-01   1.6820089e-01   5.2602601e-02  -4.2220197e-03   1.8764079e-03  -1.6237203e-03
   2.9310065e-01   1.5091173e-01   3.1463540e-01  -4.9155136e-03   2.7291890e-03  -9.3663381e-04
   3.2834144e-01   6.1944796e-02   1.6479480e-01  -4.0384197e-03   3.4912547e-03  -8.4392758e-04
   3.0716039e-01   8.1363474e-02   3.4570358e-01  -5.9201724e-03   2.9664863e-03  -6.3738058e-04
   3.2008184e-01   1.3867186e-01   2.8636204e-01  -3.9575988e-03   3.1831639e-03  -3.1998875e-04
   3.4709777e-01   7.4156464e-02   1.1425068e-01  -4.1060813e-03   3.5360910e-03  -1.9844199e-04
   3.2767494e-01   1.5829852e-01   3.0977341e-01  -4.1803479e-03   3.2207528e-03  -2.1488306e-04
   3.3008241e-01   9.5876612e-02   2.8372836e-01  -3.9583226e-03   3.6180657e-03  -5.3406952e-04
   3.2356295e-01   1.5522055e-01   2.9169541e-01  -2.8018363e-03   3.7795184e-03  -4.0646751e-04
   3.1981857e-01   1.4454537e-01   3.3164099e-01  -3.4970306e-03   3.9056622e-03  -3.4091985e-04
   2.8972511e-01   1.2962630e-01   3.0716865e-01  -3.6604031e-03   3.4464977e-03  -6.5579073e-04
   2.7601486e-01   1.1703636e-01   3.2093498e-01  -4.3897976e-03   3.3215289e-03  -3.7620650e-04
   2.7591773e-01   1.2437143e-01   2.8245883e-01  -3.1114854e-03   3.2218922e-03  -5.2121369e-04
   2.6269621e-01   1.4029058e-01   2.8730682e-01  -3.1403999e-03   2.8583028e-03  -6.8376447e-04
   3.0656732e-01   1.4341390e-01   3.1237310e-01  -3.9966884e-03   3.1690572e-03  -8.2279275e-04
   3.1694281e-01   3.4664860e-02   2.5578904e-01  -4.3242277e-03   3.2753583e-03  -5.9725146e-04
   3.0395850e-01   8.3171544e-02   2.6824765e-01  -3.9969515e-03   3.3987927e-03  -2.4466267e-04
   2.7531961e-01   1.0086060e-01   3.5015158e-01  -3.8711952e-03   2.7289909e-03  -1.7788981e-04
   2.9480660e-01   4.2249960e-02   2.6546197e-01  -3.7872397e-03   2.9823052e-03  -9.0322611e-05
   3.0812061e-01   1.8278002e-01   3.5404151e-01  -3.6951724e-03   3.0701226e-03  -3.3665787e-04
   3.0241758e-01   4.6579696e-02   2.6015506e-01  -3.9384733e-03   3.1777885e-03  -4.3653543e-04
   2.7285383e-01   9.7490192e-02   2.9367164e-01  -2.8042033e-03   2.2313456e-03  -3.8736131e-04
   2.5557130e-01   1.7323122e-01   3.4970563e-01  -2.4349001e-03   2.2360899e-03  -5.7257467e-04
   2.5951872e-01   7.6428040e-02   2.7862285e-01  -2.9862897e-03   1.8063908e-03  -1.8142074e-04
   2.0016382e-01   1.5219780e-01   1.6346019e-01  -4.0436111e-03   2.0598143e-03  -1.5530157e-03
   2.2430002e-01   1.2974481e-01   2.4296980e-01  -3.8891097e-03   2.4410558e-03  -7.7751739e-04
   2.1605844e-01   1.1975842e-01   3.7890142e-01  -4.6863345e-03   2.2826575e-03  -6.4947415e-04
   2.1340233e-01  -1.7027993e-02  -3.9442876e-02   1.8848602e-03   3.1065160e-03   3.6266964e-04
   2.8919788e-01   2.0750341e-01  -1.0979813e-01  -5.9621418e-03   4.4102474e-03   3.5803623e-04
   2.0577287e-01   2.8209711e-01   3.7316165e-01  -3.7446635e-03   2.9595879e-03  -3.4265253e-04
   3.0717052e-01   9.5359468e-02   1.7252128e-01  -4.3574385e-03   4.4650475e-03   4.0888959e-04
   2.5688297e-01   2.0481485e-01   3.6947881e-01  -3.8157609e-03   4.0335038e-03  -5.2922560e-05
   2.9710105e-01   4.0560507e-02   3.2645365e-01  -5.1059716e-03   4.3496859e-03   4.1343522e-05
   2.3547755e-01   2.2032352e-01   5.2700649e-01  -3.6860038e-03   3.4108785e-03  -3.1358677e-05
   3.0558971e-01   1.7919420e-02   2.6797820e-01  -3.4877211e-03   4.0582118e-03   6.4554473e-06
   2.6524628e-01   1.3512488e-01   4.6118250e-01  -4.6291268e-03   3.4913164e-03  -3.3681771e-04
   3.0847592e-01   9.5662840e-02   2.6945760e-01  -3.0583870e-03   3.7369715e-03   3.0541951e-04
   2.7393410e-01   8.8261683e-02   7.9246219e-03  -4.1985594e-03   5.6033778e-03   2.6385642e-03
   2.0393240e-01   1.2414086e-01   9.8927743e-02  -5.5016048e-03   3.2567594e-03   2.0917736e-03
   1.3663600e-01   2.6301868e-01   2.8004107e-01  -2.9485742e-03   2.4300474e-03   1.4866810e-03
   2.0091650e-01   1.4585663e-01   2.2581535e-01  -3.8775585e-03   2.5991993e-03   9.0522720e-04
   1.5491977e-01   2.4907200e-01   4.6925953e-01  -3.9628823e-03   2.5087377e-03   7.2642675e-04
   2.1023485e-01   1.2994631e-01   2.2008685e-01  -3.2118645e-03   2.4651189e-03   1.3375019e-03
   2.2845242e-01   1.6226088e-01   3.4554893e-01  -5.0244795e-03   2.6571405e-03   9.4258828e-04
   1.7242447e-01   2.4417382e-01   4.7910189e-01  -4.1295574e-03   2.3266312e-03   1.0324082e-03
   1.9153604e-01   9.1510416e-02   3.6405001e-01  -4.1703052e-03   2.0806898e-03   9.4175899e-04
   1.6600383e-01   1.8488917e-01   4.5189830e-01  -4.2155374e-03   1.9266385e-03   5.7665397e-04
   1.8847623e-01   1.3543958e-01   4.4092693e-01  -5.7671841e-03   2.2160524e-03   4.4484757e-04
   1.6898466e-01   1.9601414e-01   4.4081801e-01  -4.6963761e-03   1.9873841e-03   3.5831063e-04
   2.0044665e-01   1.0130221e-01   3.9392913e-01  -5.5598967e-03   2.2650026e-03   3.6440544e-04
   1.6933587e-01   2.0626442e-01   4.9304036e-01  -5.0029419e-03   1.7445773e-03   5.1360383e-04
   2.0746396e-01   8.7324765e-02   3.5953022e-01  -4.9940934e-03   2.4361185e-03   3.4472214e-04
   1.6481862e-01   1.6466948e-01   4.5636143e-01  -4.4254055e-03   2.2011498e-03   3.4527443e-04
   1.9033675e-01   8.8851029e-02   3.8799972e-01  -5.0400379e-03   2.3704335e-03   9.0742992e-05
   1.9597860e-01   1.5955456e-01   3.5140728e-01  -4.1394266e-03   2.2943210e-03   3.9176754e-04
   1.7932394e-01   1.6450173e-01   4.4023835e-01  -5.2119582e-03   2.3243607e-03   1.8075947e-04
   2.0660629e-01   9.7096112e-02   3.3487477e-01  -4.7352516e-03   2.2162395e-03   8.3816083e-05
   1.7526614e-01   1.9771188e-01   5.0883721e-01  -5.1019762e-03   2.1022443e-03  -1.0470029e-04
   2.0359213e-01   1.2995860e-01   3.0971783e-01  -3.7923528e-03   2.0512587e-03  -1.5610581e-04
   2.1731799e-01   2.3205825e-01   6.0025211e-01  -4.0668184e-03   2.8184575e-03  -2.4295316e-04
   1.2247434e-01   2.6972088e-01   5.6723898e-01  -2.2337044e-03   3.0247680e-03  -1.3598615e-04
   1.4750942e-01   1.3219399e-01   4.6618319e-01  -2.5650352e-03   2.7195122e-03   3.1383569e-04
   1.2758289e-01   2.8620960e-02   4.2752986e-01  -3.0728968e-03   1.8954382e-03   1.1567498e-03
   1.2682775e-01   1.2034456e-01   4.7774849e-01  -3.4597002e-03   1.3384107e-03   8.4050748e-04
   1.4226488e-01   1.0764998e-01   4.9990903e-01  -4.4958463e-03   1.8710309e-03   8.5119856e-04
   9.4756980e-02   2.4642709e-01   5.7610840e-01  -2.7487280e-03   1.8221880e-03   4.0598960e-04
   1.5473767e-01   1.8232876e-01   5.9190953e-01  -2.4825841e-03   2.4255005e-03   7.7433628e-05
   1.4056862e-01   1.8721963e-01   5.5277357e-01  -1.7292706e-03   2.0252193e-03  -1.7041344e-04
   1.2794590e-01   2.1830989e-01   5.5634149e-01  -9.3943183e-04   2.1068532e-03  -2.5133035e-04
   1.5081268e-01   9.1206183e-02   5.2304473e-01  -2.5807984e-03   2.5012602e-03  -7.4023960e-04
   1.5423680e-01   1.2490998e-01   4.5902421e-01  -3.4307026e-03   2.6357722e-03   1.1008911e-05
   1.6320273e-01   8.8704377e-02   4.1574958e-01  -4.4005469e-03   2.6600146e-03   1.7561553e-04
   1.2366948e-01   2.2112362e-01   4.9830160e-01  -3.2877586e-03   2.2925122e-03  -5.0386388e-05
   1.5180469e-01   1.3787595e-01   3.8440610e-01  -3.1408400e-03   2.5850929e-03  -2.5493520e-04
   1.1959418e-01   1.8078511e-01   4.5357032e-01  -3.1055165e-03   2.5452469e-03  -1.2988365e-04
   8.9121739e-02   1.4304535e-01   4.6539596e-01  -3.0504324e-03   1.6875987e-03  -3.9478850e-04
   7.9274285e-02   1.5774517e-01   5.2165419e-01  -3.7415349e-03   1.6171238e-03  -2.0465944e-04
   1.0598227e-01   1.2259139e-01   4.4000709e-01  -3.4424552e-03   2.0757311e-03  -3.8477804e-04
   4.2329988e-02   1.8967445e-01   4.7271969e-01  -2.4133213e-03   7.6166204e-04  -1.1332512e-03
   1.3422202e-03   1.7422777e-01   3.9375793e-01  -3.0812893e-03   1.2315191e-04  -1.1408834e-03
   2.9424975e-02   2.2316772e-01   4.6275572e-01  -3.0611864e-03   4.1618920e-04  -1.0500335e-03
   4.1588850e-02   1.3896118e-01   4.1840982e-01  -3.9433252e-03   7.0627505e-04  -6.6507162e-04
   1.7779086e-03   2.2739956e-01   4.3800535e-01  -2.0477704e-03  -1.6027307e-04  -1.2628973e-03
   1.0319963e-02   1.7269036e-01   4.2802701e-01  -3.2860285e-03   1.1438154e-05  -1.1164188e-03
   4.8023727e-04   2.3121504e-01   4.1763312e-01  -2.3013530e-03   1.6825961e-04  -1.6269069e-03
   9.6089328e-02   2.1827881e-01   2.2086795e-01  -3.0474007e-03  -2.0622630e-04  -4.9474782e-04
  -1.2623672e-02   2.0704467e-01   4.7621340e-01  -4.6254148e-03  -8.6230443e-04  -1.2892245e-03
  -1.9763951e-03   2.1478716e-01   4.1947147e-01  -3.5577109e-03  -2.8529283e-04  -1.2162292e-03
   1.4787582e-02   1.6296442e-01   3.6475112e-01  -4.2990719e-03  -2.7326280e-04  -1.3773892e-03
  -2.2397164e-02   2.5603838e-01   3.6212560e-01  -2.3478570e-03  -1.8962201e-04  -1.6465683e-03
  -1.4547244e-02   2.1041909e-01   4.3821748e-01  -3.9443965e-03  -5.4033460e-04  -1.2352369e-03
  -1.6845923e-02   2.3512217e-01   3.8943855e-01  -2.0028509e-03  -3.3528517e-04  -1.5896581e-03
  -4.4704110e-02   2.4452295e-01   4.8788607e-01  -3.2952830e-03  -1.0848861e-03  -1.7821009e-03
   5.5473774e-02   2.8276734e-01   2.2889209e-01  -3.4107441e-03  -1.2599728e-03  -1.2923715e-03
   8.5922160e-02   3.3356514e-01   1.2475320e-01  -4.8724923e-03  -1.5690212e-03  -8.0001054e-04
  -8.0262797e-02   3.4876838e-01  -7.5958109e-02  -5.0193227e-03  -3.7470058e-03  -2.4943098e-03
  -1.5149915e-01   3.1896127e-01   5.1144445e-02  -6.2771160e-03  -4.5089618e-03  -2.3273663e-03
  -1.0196968e-01   3.3426916e-01   2.6814119e-01  -6.4398866e-03  -3.4867781e-03  -1.7432339e-03
  -5.4103163e-02   2.7518282e-01   1.5384207e-01  -4.8929943e-03  -2.2996423e-03  -1.4336756e-03
  -2.4547294e-02   3.0905360e-01   3.0693696e-01  -6.6488788e-03  -1.9639735e-03  -1.2316670e-03
   8.4943905e-04   2.9657571e-01   1.5311064e-01  -3.8581623e-03  -1.0794609e-03  -1.0705071e-03
   2.3495760e-02   2.7580176e-01   2.5527696e-01  -5.6900431e-03  -9.1902775e-04  -5.7444131e-04
   1.5990378e-02   3.2839146e-01   3.1469989e-01  -3.8648642e-03  -8.7361162e-04  -5.9436290e-04
  -1.0793982e-03   2.5260154e-01   3.6742459e-01  -5.2108577e-03  -1.3717063e-03  -4.6988050e-04
   6.2470284e-03   2.6889244e-01   3.3637438e-01  -4.0083488e-03  -1.0848834e-03  -5.0276992e-04
  -1.4846694e-03   3.1026497e-01   4.3648220e-01  -3.8806355e-03  -1.3591799e-03  -7.1807794e-04
  -9.9006435e-03   2.6517280e-01   3.2259430e-01  -2.6908618e-03  -1.8517760e-03  -2.9625920e-04
   5.0856025e-02   3.4273433e-01   5.3274893e-02  -3.5215393e-03  -1.8974488e-03   6.3628859e-04
   1.1192661e-01   3.3729034e-01   7.0904496e-02  -4.7679346e-03  -1.5188732e-03   1.3168296e-04
   7.3601533e-02   2.6694879e-01   2.7298616e-01  -6.4335530e-03  -1.1588055e-03   2.0051373e-05
   6.2070026e-02   2.7805034e-01   2.5176421e-01  -4.7622069e-03  -1.2776609e-04  -7.5141205e-04
   5.0831487e-02   2.3618021e-01   1.6986748e-01  -5.1949592e-03  -3.1241303e-04  -7.7167108e-04
   2.9290792e-02   3.4656864e-01   3.4666441e-01  -4.7656818e-03  -3.6089160e-04  -3.6996861e-04
   5.9394781e-02   2.3361253e-01   1.7823124e-01  -3.6476061e-03  -7.8472457e-05  -2.7046849e-04
   4.8880787e-02   3.0745544e-01   3.1373278e-01  -3.9516765e-03  -3.7397429e-04   1.5737279e-04
   6.5296236e-02   2.3684971e-01   2.6576012e-01  -4.1906148e-03  -3.0714087e-04   4.5648733e-04
   6.9699208e-02   2.9502339e-01   3.5423949e-01  -3.8377094e-03  -4.8360542e-04   4.7196577e-04
   6.0620042e-02   3.3744617e-01   4.2258402e-01  -2.5853740e-03  -7.6516481e-04   1.0474666e-04
   8.1114311e-02   2.6107417e-01   2.6373976e-01  -2.5442173e-03  -6.7457305e-04   1.9448727e-04
   7.1844599e-02   3.1984830e-01   3.5338257e-01  -3.1306229e-03  -8.1285831e-04   1.3819718e-04
   4.0539759e-02   2.7126111e-01   2.9314161e-01  -1.7387771e-03  -1.1348809e-03   2.2802218e-04
   1.9258558e-01   3.2652605e-01   1.2199588e-01  -1.8866922e-03  -7.0558607e-04   9.7934014e-04
   1.0217036e-01   3.3173396e-01   2.6528287e-01  -2.2980275e-03  -8.7734904e-04  -2.1049521e-05
   7.6292779e-02   2.4606688e-01   2.5945218e-01  -4.4021517e-03  -3.8495451e-04   6.6384045e-05
   1.1078567e-01   2.3233497e-01   1.9355647e-01  -3.8888711e-03   4.2862878e-04   5.1083372e-04
   1.2288848e-01   2.6897752e-01   2.9301919e-01  -4.9149052e-03   3.8562248e-04   8.6261491e-04
   1.1805639e-01   2.5148204e-01   1.4514507e-01  -2.9592420e-03   4.7720862e-04   6.7312297e-04
   1.1364585e-01   3.0730463e-01   2.2128286e-01  -3.6047248e-03   3.8816288e-04   7.9438393e-04
   1.1078275e-01   2.8164172e-01   2.2655997e-01  -3.8002634e-03   2.9733693e-04   8.3882335e-04
   1.1619651e-01   2.9024482e-01   1.9387166e-01  -2.3415411e-03   4.6979047e-04   3.1737062e-04
   1.2788252e-01   2.8628886e-01   1.5027278e-01  -3.6525048e-03   4.6044572e-04   3.1039077e-04
   1.2427591e-01   2.8707557e-01   2.9889790e-01  -4.5909969e-03   6.3872646e-04   7.3669069e-04
   1.0322048e-01   2.3359682e-01   2.3603611e-01  -2.6862676e-03   3.8953464e-04   5.2550804e-04
   9.2866865e-02   3.0320966e-01   2.5101367e-01  -3.4959983e-03  -2.3852355e-05   2.4987406e-04
   1.5000524e-01   2.7343246e-01   1.5629873e-01  -3.7677719e-03   8.1260564e-04  -3.9394076e-04
   1.3767687e-01   3.4762207e-01  -3.2983883e-02  -3.9179807e-03   5.2551457e-04  -7.9323214e-04
   1.1598598e-01   3.4699129e-01   1.6640215e-01  -4.2380084e-03   4.3546265e-04   2.0133860e-05
   1.4387844e-01   2.2921030e-01   1.9849167e-01  -4.8682075e-03   4.1821415e-04   4.5893287e-04
   1.2753854e-01   3.6515822e-01   2.6451311e-01  -3.4946157e-03   7.0762593e-04   5.7631733e-04
   1.4376051e-01   2.2556443e-01   1.2467201e-01  -4.4071509e-03   9.8859583e-04   8.7149669e-04
   8.1114355e-02   3.6808782e-01   3.9993756e-01  -3.3437369e-03   2.8908786e-05   8.6963090e-04
   1.2533439e-01   2.0435456e-01   1.7987058e-01  -2.5541713e-03   6.1029425e-04   1.0613994e-03
   1.2983328e-01   3.1392394e-01   3.3796673e-01  -3.4869776e-03   9.5306834e-04   8.7945004e-04
   1.5739504e-01   2.1319464e-01   2.3427794e-01  -3.5104794e-03   1.3743351e-03   1.0669442e-03
   1.5173024e-01   3.1704974e-01   3.3819663e-01  -2.8850929e-03   1.0352630e-03   1.2177892e-03
   1.6006917e-01   2.3024840e-01   2.9277186e-01  -3.9858746e-03   1.2712566e-03   1.1801170e-03
   1.3602553e-01   2.9430933e-01   3.0471161e-01  -2.5727765e-03   1.0508073e-03   7.5551315e-04
   1.1741112e-01   2.4047461e-01   3.0033619e-01  -3.3527509e-03   5.6945853e-04   7.9816991e-04
   1.0556388e-01   3.1687550e-01   3.7629371e-01  -3.9687294e-03   5.6167049e-04   7.9811652e-04
   1.5756594e-01   2.3313384e-01   2.7580305e-01  -2.7134048e-03   5.8359395e-04   5.2942181e-04
   1.2660849e-01   2.9833967e-01   2.6563988e-01  -2.7931706e-03   6.2579684e-04   4.3343216e-04
   1.1246529e-01   2.8070555e-01   3.2648492e-01  -3.4307132e-03  -2.2601381e-05   3.8564717e-04
  -4.4396388e-02   3.5703565e-01   3.1896279e-01  -3.0544189e-03  -2.0719419e-03  -9.9502446e-04
   3.0359730e-03   3.5529135e-01   7.3239030e-02  -3.9357543e-03  -1.7097730e-03  -1.0191126e-03
   1.4940966e-01   4.2729319e-01   1.5381409e-01  -4.2081928e-03  -4.0761445e-04  -7.2589602e-04
   7.6870228e-02   3.4862238e-01   1.3013690e-01  -5.7943037e-03  -7.3304934e-04  -4.3526124e-04
   1.1826176e-01   3.3720753e-01   1.3824907e-01  -4.6034697e-03   2.8703182e-04   1.3271509e-04
   1.0225204e-01   3.0718171e-01   2.2250082e-01  -4.1164176e-03  -6.0402227e-04   2.4614177e-04
   1.2979737e-01   2.8590921e-01   1.4336272e-01  -4.2100184e-03  -7.0419454e-04   6.0552905e-04
   1.8042944e-01   4.1869794e-01   8.5384913e-02  -3.3746268e-03   2.4128092e-04   5.4432330e-04
   1.8414227e-01   4.0693564e-01  -9.1188943e-02  -4.3428433e-03   1.2832838e-04   4.6320668e-04
   2.1715807e-01   3.7604639e-01  -2.5250670e-02  -5.8305093e-03   9.4153576e-04   1.0091891e-03
   1.9304013e-01   3.8631324e-01   1.2906933e-01  -4.0151954e-03   1.3614099e-03   6.6511557e-04
   1.4652108e-01   2.8848547e-01   2.1787099e-01  -5.2803395e-03   2.9403388e-05   5.7734805e-04
   1.6222265e-01   2.7203456e-01   1.2362011e-01  -5.1836535e-03   6.6270364e-04   7.5848735e-04
   1.3480929e-01   3.6901091e-01   2.3713915e-01  -4.4919935e-03   4.5540632e-04   6.6076180e-04
   1.7069036e-01   2.6938459e-01   1.8192632e-01  -4.7672753e-03   8.8326282e-04   6.1040206e-04
   1.8259141e-01   4.5121884e-01   4.0687273e-01  -1.3498115e-03   1.8984034e-03  -3.8875391e-05
   1.9793612e-01   2.6861049e-01   1.6755986e-01  -2.1589727e-03   1.6973985e-03   5.3776429e-04
   1.6352158e-01   3.6130794e-01   3.4279813e-01  -2.5671308e-03   9.8387118e-04   6.6245532e-04
   1.4176926e-01   2.6816838e-01   3.0667203e-01  -2.8078993e-03   6.6787913e-04   5.5911561e-04
   1.4036610e-01   3.5219637e-01   2.9619639e-01  -2.1435393e-03   9.7583694e-04   3.3610149e-04
   1.3688128e-01   3.6849912e-01   3.3240622e-01  -2.5253034e-03   8.1682345e-04  -2.9516576e-04
   7.2348883e-02   4.0607108e-01   1.9924503e-01  -2.2717523e-03  -1.2255186e-03  -6.6647886e-04
   2.5322478e-03   4.6510743e-01  -3.9738905e-02  -4.5383252e-03  -2.3513795e-03  -1.2135155e-03
  -4.5735237e-03   4.6098355e-01  -6.2850807e-03  -4.0880509e-03  -2.1376910e-03  -1.5363359e-03
   1.7083061e-02   4.6796357e-01   1.6181837e-02  -4.2536322e-03  -2.2789040e-03  -1.3607112e-03
   5.9160267e-02   4.5353868e-01   5.1937560e-02  -5.4667671e-03  -1.8692375e-03  -1.2060238e-03
   1.3854472e-01   4.2255035e-01   5.5744796e-02  -4.4972896e-03  -6.1967987e-04  -2.5382675e-04
   1.6010692e-01   3.2740918e-01   1.8898349e-01  -6.0264976e-03   2.5065436e-04   1.2824807e-04
   1.3380160e-01   4.2252594e-01   2.2810476e-01  -3.1037515e-03   2.5751088e-04  -7.5989702e-06
   1.0941938e-01   3.5544572e-01   1.8477521e-01  -3.4335509e-03  -2.2394845e-04   1.6244117e-04
   1.0627338e-01   4.1945051e-01   2.1293288e-01  -1.9270219e-03   1.5993419e-04  -5.6765333e-05
   8.6920791e-02   4.2378998e-01   2.8470478e-01  -2.1828262e-03  -4.3239832e-04   8.8008030e-05
   1.0326373e-01   4.0068389e-01   6.7733888e-02  -3.5091602e-03  -3.4568645e-04  -5.6455858e-04
   5.0440608e-02   3.7762108e-01   2.1011437e-01  -4.8332191e-03  -1.0041312e-03  -4.3547481e-04
   9.6594503e-02   3.6446447e-01   2.8525190e-01  -4.5882312e-03   1.5323162e-04   7.2850646e-06
   1.0480950e-01   2.9687413e-01   2.5673436e-01  -4.8664249e-03   9.7028126e-05  -1.3252007e-04
   6.6882695e-02   3.6922971e-01   2.0908509e-01  -2.5569356e-03  -5.5154667e-04  -3.7954569e-04
   7.3149651e-02   3.7959728e-01   2.4626434e-01  -3.7179582e-03  -3.4703778e-04  -3.4800237e-05
   3.9223893e-02   3.7365490e-01   2.1915808e-01  -2.4989348e-03  -7.0384502e-04  -7.4252099e-04
   2.3635093e-03   4.0226133e-01   3.1131944e-01  -2.7512426e-03  -1.4536077e-03  -7.9012800e-04
  -1.6298589e-02   3.7862656e-01   3.2136810e-01  -3.9228989e-03  -2.3457548e-03  -1.3124931e-03
