   0.0000000e+00   0.0000000e+00   0.0000000e+00   0.0000000e+00   0.0000000e+00   0.0000000e+00
  -1.0711069e-01  -3.2295841e-01  -1.9128523e-01  -5.7019872e-04  -1.6885544e-03  -1.4790936e-04
  -7.2534292e-02  -2.2219412e-01   8.2446697e-03  -2.3346138e-03  -1.4729014e-03   4.7488841e-04
  -1.0227283e-01  -2.7989757e-01  -6.1873199e-02  -2.1997613e-03  -1.6195251e-03  -2.5131920e-04
  -1.0890508e-01  -2.4923536e-01  -3.6203854e-02  -2.4263389e-03  -1.5597488e-03  -2.5330351e-04
  -1.3723329e-01  -2.0460136e-01   1.7687750e-03  -1.8083282e-03  -1.7368749e-03  -5.7134366e-04
  -1.3266533e-01  -2.3169505e-01   8.1957130e-04  -1.9991872e-03  -1.5672157e-03  -6.4155693e-04
  -1.2908806e-01  -2.1623737e-01  -1.4672845e-02  -1.8737856e-03  -1.5477237e-03  -6.4111697e-04
  -1.2242252e-01  -2.0453181e-01  -3.2980941e-02  -2.0639822e-03  -1.3647511e-03  -4.0906006e-04
  -1.2978574e-01  -2.0948500e-01  -3.6013204e-02  -1.7455355e-03  -1.6674132e-03  -5.4125305e-04
  -1.3203842e-01  -1.8272291e-01  -1.2609909e-02  -1.3353178e-03  -1.8258037e-03  -3.6216547e-04
  -1.3159565e-01  -1.6794177e-01   1.1078331e-02  -1.6638171e-03  -1.6726251e-03  -2.2576457e-04
  -1.3026752e-01  -1.9893439e-01  -1.0187448e-02  -1.6968332e-03  -1.5631394e-03  -5.0627738e-04
  -1.2737023e-01  -2.2357241e-01  -3.6135257e-02  -1.9776622e-03  -1.5184750e-03  -6.9230246e-04
  -1.1105441e-01  -1.9333238e-01  -3.5803324e-02  -1.1650246e-03  -1.6683667e-03  -4.3289488e-04
  -1.1336100e-01  -1.9132124e-01  -1.9033459e-02  -1.2721179e-03  -1.5667501e-03  -4.4334858e-04
  -1.4191682e-01  -1.6433733e-01   1.8822213e-02  -6.3145452e-04  -2.1724682e-03  -2.7238450e-04
  -1.2920007e-01  -2.0365045e-01   3.8778683e-03  -1.3885720e-03  -1.8589876e-03  -4.4669000e-04
  -1.2098372e-01  -1.9760105e-01  -2.4620066e-02  -1.2230285e-03  -1.7304531e-03  -5.7475071e-04
  -1.4424793e-01  -1.5812058e-01   1.3360162e-02  -1.2258818e-03  -2.0171591e-03  -4.5202350e-04
  -1.3176908e-01  -1.8389502e-01  -4.0014774e-03  -1.2115186e-03  -1.9218671e-03  -7.5962158e-04
  -1.3345578e-01  -1.8586544e-01  -1.3138313e-02  -9.1918519e-04  -1.9649012e-03  -7.3925007e-04
  -1.3145776e-01  -1.8633761e-01  -1.6763364e-02  -9.2872996e-04  -1.8022280e-03  -7.7484501e-04
  -1.3715611e-01  -1.6543006e-01   7.6930930e-03  -3.7400302e-04  -1.7729144e-03  -5.5016781e-04
  -1.4589357e-01  -1.6081105e-01   3.0811010e-02  -1.7663787e-04  -1.9171087e-03  -4.1086262e-04
  -1.5203445e-01  -1.3311264e-01   5.9177231e-02   2.7329668e-05  -2.0875038e-03  -6.5633837e-04
  -1.3026651e-01  -1.9366465e-01   2.5210926e-02  -6.2470405e-04  -1.7403878e-03  -7.1864261e-04
  -1.2284830e-01  -1.8885852e-01   2.1423950e-02  -6.3433594e-04  -1.7211307e-03  -6.8691136e-04
  -1.3358543e-01  -1.5409388e-01   1.5173876e-02  -9.1230034e-05  -1.8657255e-03  -5.0682311e-04
  -1.4456581e-01  -1.3834844e-01   2.7569737e-02  -3.5290161e-04  -1.9434691e-03  -6.1267250e-04
  -1.4016953e-01  -1.5375524e-01  -4.2978350e-03  -7.5787026e-05  -1.8709073e-03  -6.5273863e-04
  -1.4147237e-01  -1.3814251e-01  -6.0631087e-03   4.8542863e-05  -1.8951594e-03  -5.7035002e-04
  -1.4576473e-01  -1.3806663e-01   2.5022076e-02  -2.8471579e-04  -1.8699131e-03  -5.8815234e-04
  -1.4016967e-01  -1.5446139e-01   1.7467511e-02   1.6918698e-04  -1.6939043e-03  -4.6193811e-04
  -1.3751685e-01  -1.4937728e-01   2.3231998e-03   3.0509457e-04  -1.6621649e-03  -4.8364197e-04
  -1.3959224e-01  -1.4428328e-01   1.1380002e-02   1.7399883e-04  -1.5879862e-03  -5.4982929e-04
  -1.6264697e-01  -1.0720289e-01   4.2165080e-02   6.6059826e-04  -2.0332772e-03  -3.7666336e-04
  -1.5190513e-01  -1.2850249e-01   2.7588873e-02   1.1197973e-04  -1.9600975e-03  -4.9528336e-04
  -1.5156336e-01  -1.4358732e-01   3.2789097e-02   1.0826468e-04  -1.9936595e-03  -3.7196490e-04
  -1.3949272e-01  -1.2885598e-01   2.3132897e-02   1.5354004e-04  -1.8494147e-03  -4.1543142e-04
  -1.4243632e-01  -1.5723567e-01   1.1080478e-02   3.2501149e-04  -1.6115141e-03  -4.7473925e-04
  -1.2936323e-01  -2.4147915e-01  -1.1988274e-01  -3.1495610e-03  -1.2065997e-03  -1.3387692e-03
  -1.5276628e-01  -6.8868005e-02   5.7178272e-02   9.0157937e-04  -1.6111937e-03  -5.5281385e-04
  -1.4278499e-01  -1.6109003e-01   3.7016819e-02  -3.6219809e-05  -1.4202889e-03  -5.2173389e-04
  -1.4205106e-01  -1.9587809e-01   3.4000242e-02  -2.8085655e-04  -1.4685594e-03  -1.8797862e-04
  -1.5011695e-01  -1.5725299e-01   5.2943766e-02   6.6824508e-05  -1.6386341e-03  -1.5191495e-04
  -1.3995087e-01  -1.8249450e-01   1.4900526e-02   1.3308018e-04  -1.4487403e-03  -2.2186934e-04
  -1.3183776e-01  -1.7507163e-01   2.1054806e-02   1.6867085e-04  -1.3855688e-03  -2.4606440e-04
  -1.3569003e-01  -1.6835614e-01   2.9331887e-02   4.1668453e-04  -1.4222184e-03  -8.9618468e-05
  -1.4148949e-01  -1.6123693e-01   2.3214080e-02   6.3019540e-04  -1.4063328e-03   5.6904977e-05
  -1.5558395e-01  -1.5230994e-01   3.7132515e-02   2.9967399e-04  -1.5616235e-03   2.5309612e-05
  -1.3932142e-01  -1.5706880e-01   3.2240065e-02   6.8298300e-04  -1.4616879e-03   1.1207849e-04
  -1.4326959e-01  -1.2457336e-01   5.1871813e-02   8.0553750e-04  -1.4339304e-03   1.4708350e-05
  -1.3670367e-01  -1.5833616e-01   3.9726407e-02   5.5700004e-04  -1.2486807e-03  -9.5996738e-06
  -1.4463919e-01  -1.7619056e-01   3.7108557e-02   5.3635085e-04  -1.3252904e-03  -4.0729507e-05
  -1.5149699e-01  -1.5849567e-01   3.4231487e-02   6.4360843e-04  -1.4696907e-03   1.7528472e-04
  -1.5018348e-01  -1.6800162e-01   3.4543282e-02   8.2541804e-04  -1.4887577e-03   1.8477970e-04
  -1.5346112e-01  -1.6541250e-01   5.3659507e-02   9.0891216e-04  -1.5235460e-03  -3.5065136e-05
  -1.5248543e-01  -1.4975168e-01   6.2123051e-02   4.9268267e-04  -1.5568627e-03   9.9051563e-05
  -1.4180035e-01  -1.6279826e-01   5.9079446e-02   3.0345102e-04  -1.4549635e-03   1.8941784e-04
  -1.4268767e-01  -1.5570844e-01   3.3407629e-02   9.4108574e-04  -1.3502871e-03   2.4521520e-04
  -1.5197025e-01  -1.4046170e-01   6.7438061e-02   1.1068602e-03  -1.4863399e-03   2.6630455e-04
  -1.4906523e-01  -1.5932770e-01   6.8436334e-02   4.5914576e-04  -1.5871666e-03   2.2273311e-04
  -1.4467168e-01  -1.8225371e-01   6.3963489e-02   1.1417169e-04  -1.4433301e-03   1.6032625e-04
  -1.3696948e-01  -1.8454749e-01   4.6398046e-02   1.8597245e-04  -1.3049130e-03   1.9133135e-04
  -1.5353590e-01  -1.6775858e-01   3.4224305e-02   9.3840639e-04  -1.4357932e-03   4.0916908e-04
  -1.6990029e-01  -1.5049625e-01   6.3807161e-02   6.5974238e-04  -1.7266845e-03   4.1041313e-04
  -1.3806437e-01  -1.9309120e-01   3.7645674e-02  -3.2341283e-04  -1.4952660e-03   2.4235646e-04
  -1.4281451e-01  -1.7526785e-01   3.8517588e-02   5.8265811e-04  -1.5415385e-03   5.9136191e-04
  -1.3789177e-01  -1.6912978e-01   6.3520019e-02   8.2726884e-04  -1.4211275e-03   5.2813370e-04
  -1.5646233e-01  -1.3356968e-01   7.9554535e-02   7.3876983e-04  -1.6878038e-03   5.0815329e-04
  -1.4349682e-01  -1.7233406e-01   3.4663088e-02   3.1758555e-04  -1.5145803e-03   3.8737037e-04
  -1.3185449e-01  -1.9236788e-01   3.4173108e-02   4.7861926e-04  -1.3959435e-03   3.9343122e-04
  -1.3994436e-01  -1.6561962e-01   5.5514280e-02   9.7169943e-04  -1.4315763e-03   5.3882327e-04
  -1.4865101e-01  -1.5170726e-01   7.9412561e-02   1.0575228e-03  -1.5917618e-03   5.4113315e-04
  -1.4083646e-01  -1.6141629e-01   1.0590133e-01   3.3578714e-04  -1.6481553e-03   3.5583416e-04
  -1.3565017e-01  -1.9193092e-01   3.5829018e-02   9.7918798e-04  -1.4662595e-03   4.7102433e-04
  -1.4584401e-01  -1.3051977e-01   5.9883747e-02   1.5463365e-03  -1.5171323e-03   5.6706280e-04
  -1.3882623e-01  -2.0148281e-01  -6.3572662e-02   4.4069414e-03  -1.3135840e-03  -2.6995083e-04
  -1.1487040e-01  -9.6783164e-02   1.2942938e-01   5.5292799e-04  -6.4017602e-04   7.8086205e-04
  -1.3234647e-01  -1.9351402e-01   8.1448098e-02   1.3361476e-03  -1.2455661e-03   9.9536532e-04
  -1.3603409e-01  -1.9614403e-01   8.5878515e-02   1.0240639e-03  -1.2527840e-03   9.9745491e-04
  -1.2674303e-01  -1.9350469e-01   8.6130789e-02   7.0000725e-04  -1.2637734e-03   1.0007334e-03
  -1.2999305e-01  -1.8723174e-01   1.1814423e-01   5.8550993e-04  -1.2033900e-03   1.1503244e-03
  -1.2420550e-01  -2.3557260e-01   1.0007746e-01  -5.8281763e-05  -1.1102125e-03   1.0238697e-03
  -1.1836098e-01  -2.4205567e-01   5.8856430e-02   2.4281693e-04  -1.0387739e-03   1.4532964e-03
  -1.0610859e-01  -1.9467525e-01   9.4343122e-02   3.4762573e-04  -7.4055952e-04   1.0450963e-03
  -1.0342842e-01  -2.5525300e-01   8.0354517e-02   1.2432785e-04  -7.8703321e-04   1.0707421e-03
  -1.1877388e-01  -2.6150111e-01   1.0188471e-01  -3.7706517e-04  -1.0913551e-03   1.0079096e-03
  -1.0281486e-01  -2.7654458e-01   6.5565123e-02  -5.4057646e-04  -8.6118806e-04   1.0260035e-03
  -9.6263821e-02  -2.8168570e-01   6.8044903e-02  -4.3355661e-04  -9.7001153e-04   9.1660594e-04
  -9.6529074e-02  -2.5839441e-01   6.3839202e-02  -1.8122620e-04  -9.9232524e-04   7.2507040e-04
  -9.2879674e-02  -2.6336804e-01   5.3031950e-02  -2.4051362e-04  -8.2652057e-04   9.2193457e-04
  -1.0727873e-01  -2.3400914e-01   9.3593246e-02   1.3432553e-04  -9.5971683e-04   1.0959105e-03
  -1.1004033e-01  -2.3798567e-01   1.0955859e-01   8.0152095e-05  -1.0049656e-03   1.1192798e-03
  -1.1154674e-01  -2.3814058e-01   1.2103544e-01  -4.9150822e-04  -1.0825317e-03   9.3498570e-04
  -1.0634193e-01  -2.5976378e-01   1.0072170e-01  -7.1525623e-04  -1.0828199e-03   9.9365927e-04
  -1.1724139e-01  -2.1366213e-01   1.0805995e-01   4.5548415e-04  -1.1209443e-03   1.2366018e-03
  -1.2433596e-01  -2.1415461e-01   1.4333563e-01   2.1462761e-04  -1.0877095e-03   1.1309471e-03
  -1.0796047e-01  -2.6802365e-01   1.2176669e-01  -2.7793933e-04  -9.6629523e-04   9.9593274e-04
  -1.0475176e-01  -2.7015792e-01   1.0674730e-01  -6.8666157e-04  -1.0826887e-03   1.0937160e-03
  -9.6975577e-02  -2.6606249e-01   1.2072960e-01  -4.6870444e-04  -1.0455114e-03   1.2494565e-03
  -9.9226804e-02  -2.5507834e-01   1.2181476e-01  -4.8093849e-04  -9.5101490e-04   1.0417602e-03
  -1.0615598e-01  -2.3829414e-01   1.1859581e-01   3.2632520e-05  -1.0311874e-03   1.2862221e-03
  -1.1124727e-01  -2.4504515e-01   1.2783448e-01   9.4190143e-05  -1.1116381e-03   1.3680751e-03
  -1.1119857e-01  -2.4496466e-01   1.3727222e-01  -2.0372911e-04  -1.1302907e-03   1.1477974e-03
  -1.0599021e-01  -2.7988570e-01   1.4106247e-01  -4.2286697e-04  -1.0380247e-03   1.2602427e-03
  -1.1102780e-01  -2.7203970e-01   1.3690642e-01  -1.0140080e-05  -9.8475871e-04   1.5045935e-03
  -1.2093337e-01  -2.4564890e-01   1.4108299e-01   3.5958180e-04  -1.0899000e-03   1.4712416e-03
  -1.1016262e-01  -2.5297959e-01   1.4067564e-01   2.2087423e-04  -1.2599712e-03   1.4427043e-03
  -1.0398007e-01  -2.2990221e-01   1.6807341e-01  -2.3458834e-04  -1.2305859e-03   1.4248307e-03
  -1.0008420e-01  -2.5497051e-01   1.5893100e-01  -3.8740811e-04  -1.1170213e-03   1.5317947e-03
  -8.9716597e-02  -2.4284052e-01   1.4142033e-01   2.5565559e-04  -9.7897122e-04   1.5271119e-03
  -8.8069421e-02  -2.2645734e-01   1.4842827e-01   2.8284777e-04  -1.0154321e-03   1.6753179e-03
  -8.2515802e-02  -2.3888482e-01   1.6413280e-01   3.6240593e-05  -1.1003527e-03   1.4311322e-03
  -7.8843915e-02  -2.2715581e-01   1.4965255e-01  -6.0813352e-05  -1.2541865e-03   1.7967539e-03
  -7.8999056e-02  -2.4547829e-01   1.1937065e-01  -2.8127413e-04  -1.2558309e-03   1.8657690e-03
  -8.8230725e-02  -2.1325404e-01   1.2003056e-01   9.1708952e-04  -1.4874069e-03   2.4293670e-03
  -8.1406570e-02  -2.2395614e-01   1.2793253e-01   9.5029000e-04  -1.4742116e-03   2.5499158e-03
  -8.4075796e-02  -2.3733143e-01   1.5704454e-01   1.0592306e-03  -1.6539746e-03   2.6139028e-03
  -9.4373059e-02  -2.3327349e-01   1.7225214e-01   4.6258049e-04  -1.6502579e-03   2.3468150e-03
  -9.5538200e-02  -2.4784464e-01   1.5203028e-01   4.7762728e-04  -1.7452183e-03   2.7037406e-03
  -9.3605058e-02  -2.5683232e-01   1.5243982e-01   3.0241258e-04  -1.6878394e-03   2.5715069e-03
  -8.1637276e-02  -2.4534412e-01   1.7355551e-01   8.2182465e-04  -1.6601263e-03   2.6863288e-03
  -8.5386376e-02  -2.4063467e-01   1.8262259e-01   8.3687355e-04  -1.6258157e-03   2.9090390e-03
  -7.5995679e-02  -2.4392823e-01   1.4867073e-01   2.0154735e-04  -1.6319193e-03   2.8766756e-03
  -8.6003187e-02  -2.2266815e-01   1.7858885e-01   3.9222311e-04  -1.9300425e-03   2.9529736e-03
  -7.9587848e-02  -2.3972732e-01   1.6052798e-01   5.4137300e-04  -1.7288032e-03   2.9461019e-03
  -7.9667878e-02  -2.4697263e-01   1.5538031e-01   6.0632680e-04  -1.5509568e-03   3.3419386e-03
  -8.3629283e-02  -2.4669647e-01   1.6591621e-01   2.9601704e-04  -1.6489506e-03   3.4647746e-03
  -8.1041699e-02  -2.6344508e-01   1.7196426e-01   2.1792718e-04  -1.7430301e-03   3.4106276e-03
  -8.6871754e-02  -2.7281064e-01   1.7103890e-01  -2.5000720e-04  -1.9643038e-03   3.3387851e-03
  -7.5612602e-02  -2.6996126e-01   1.5673048e-01   2.6827773e-04  -1.9324376e-03   3.5586303e-03
  -7.4917442e-02  -2.3848928e-01   1.8899766e-01   6.9962231e-04  -2.0065790e-03   3.7696625e-03
  -7.0702219e-02  -2.5022102e-01   2.2629611e-01   1.5273969e-04  -2.1883710e-03   3.8042686e-03
  -6.0991980e-02  -2.9723531e-01   2.1667424e-01  -3.2841313e-04  -2.2110657e-03   3.8190167e-03
  -6.9026568e-02  -3.1826083e-01   1.9487005e-01  -9.2247155e-04  -2.0671371e-03   3.7023383e-03
  -7.7133996e-02  -2.9580496e-01   1.7225937e-01   3.2967455e-05  -2.0638492e-03   3.6077556e-03
  -6.9862426e-02  -2.9868667e-01   1.5676341e-01  -2.2908085e-05  -2.2359980e-03   3.7690659e-03
  -7.0642766e-02  -2.9573213e-01   2.0760501e-01  -6.4678279e-04  -2.3434807e-03   3.4975386e-03
  -4.2240209e-02  -3.5795219e-01   1.3022071e-01  -1.9770848e-03  -1.8840362e-03   3.0019938e-03
   8.0943180e-03  -4.5746279e-01  -6.1196003e-02  -5.0725910e-03  -1.5246623e-03   2.8838229e-03
  -3.8766821e-02  -2.5402880e-01   1.5122537e-01   2.5831059e-04  -2.0887903e-03   4.1300228e-03
  -6.5270717e-02  -3.1185446e-01   2.3985162e-01  -3.1088460e-04  -2.6475067e-03   3.7977096e-03
  -5.6058784e-02  -3.6658635e-01   2.1843880e-01  -1.4062077e-03  -2.6097398e-03   3.8356769e-03
  -4.3697022e-02  -3.4898651e-01   2.1510828e-01  -1.0507522e-03  -2.6637814e-03   3.9240745e-03
  -5.1242944e-02  -3.7138554e-01   2.4368359e-01  -1.6591781e-03  -2.5948879e-03   3.6635231e-03
  -2.3819291e-02  -3.4184087e-01   2.0870451e-01  -1.5024236e-03  -2.3673255e-03   4.1337852e-03
  -2.2749964e-02  -3.3267000e-01   1.3468704e-01  -1.4665511e-03  -2.3639193e-03   3.6635107e-03
  -2.4895384e-02  -3.5786844e-01   1.4205439e-01  -1.4487989e-03  -2.3605526e-03   3.8691266e-03
  -3.0733005e-02  -3.2613256e-01   1.6677351e-01  -1.1546144e-03  -2.5925340e-03   4.0550921e-03
  -3.3716361e-02  -3.6307264e-01   1.7177943e-01  -1.5906490e-03  -2.6610840e-03   3.9223127e-03
  -3.4232068e-02  -3.7618494e-01   1.9009426e-01  -2.0185416e-03  -2.6778576e-03   3.8145015e-03
  -4.0625249e-02  -4.0405341e-01   2.1744514e-01  -1.8224975e-03  -2.7393631e-03   4.0415702e-03
  -5.2746681e-02  -3.8309011e-01   2.5266000e-01  -1.3283564e-03  -3.0808524e-03   4.0881218e-03
  -5.7442613e-02  -3.9937409e-01   2.1440932e-01  -1.3283361e-03  -2.9412912e-03   4.2103297e-03
  -6.4473376e-02  -4.0871429e-01   2.4135977e-01  -1.8538579e-03  -3.1572661e-03   4.0145486e-03
  -4.4952016e-02  -4.0548508e-01   2.2078454e-01  -1.5982732e-03  -2.9928873e-03   4.1693324e-03
  -4.9103834e-02  -4.0925970e-01   2.4782944e-01  -1.7937455e-03  -2.9829035e-03   4.1344681e-03
  -4.9105820e-02  -4.2702111e-01   2.2235818e-01  -1.9072114e-03  -2.9215071e-03   4.2511215e-03
  -3.7270846e-02  -3.7369207e-01   1.4521964e-01   2.3622758e-03  -2.8207163e-03   4.7479953e-03
  -3.6331649e-02  -2.6203014e-01   1.6445256e-01  -3.0246529e-04  -2.9221978e-03   4.1458546e-03
  -3.2911971e-02  -3.3886777e-01   2.2519433e-01  -6.3738673e-04  -3.0673375e-03   4.3604223e-03
  -3.0223907e-02  -3.3797632e-01   1.8809691e-01  -2.6394711e-04  -2.8684747e-03   4.4222226e-03
  -4.3205777e-02  -2.9572206e-01   2.2706454e-01  -4.5442718e-04  -3.1638480e-03   4.8530550e-03
  -5.5297535e-02  -3.2365560e-01   2.7426264e-01  -4.4158591e-04  -3.5910195e-03   4.9612141e-03
  -4.0562838e-02  -3.7990145e-01   2.9962231e-01  -1.1045889e-03  -3.4419524e-03   4.8866776e-03
  -3.1862046e-02  -3.8327961e-01   2.6033768e-01  -8.6257231e-04  -3.2719108e-03   5.1337917e-03
  -2.3017470e-02  -3.5684968e-01   2.4484634e-01  -1.7464750e-05  -3.2517450e-03   5.3093326e-03
  -3.0185260e-02  -3.3699405e-01   2.8648085e-01  -1.1831205e-04  -3.4091987e-03   5.1604764e-03
  -2.7295822e-02  -3.7009312e-01   3.5368622e-01  -6.9795789e-04  -3.4653299e-03   5.0416844e-03
  -2.2859782e-02  -3.6053720e-01   2.8748125e-01  -5.6229172e-04  -3.4173686e-03   5.0388874e-03
  -3.2784190e-02  -3.7031557e-01   3.1190885e-01  -4.8296153e-04  -3.5490340e-03   5.1485734e-03
  -4.5631827e-02  -3.9599228e-01   3.6245285e-01  -8.7983548e-04  -3.7265136e-03   5.0630601e-03
  -8.2724970e-02  -3.5605314e-01   4.2668831e-01   4.4783609e-04  -4.5826364e-03   5.1151258e-03
  -6.1082879e-02  -4.4341378e-01   4.8416423e-01  -1.5876427e-03  -4.2328939e-03   4.5409296e-03
  -5.3651939e-02  -4.2526137e-01   3.4698459e-01   2.3316981e-04  -4.0015844e-03   5.1996185e-03
  -2.6250788e-02  -4.0655863e-01   3.0355901e-01   2.0847588e-04  -3.5017560e-03   5.3396041e-03
  -6.1190622e-02  -3.7575397e-01   4.4817353e-01  -2.6386466e-04  -4.1501185e-03   4.9566005e-03
  -5.9681195e-02  -4.4161930e-01   3.9185519e-01  -3.6090426e-04  -4.2159018e-03   5.4853282e-03
  -5.7103472e-02  -4.2431908e-01   3.7407237e-01  -9.2636479e-05  -3.9740699e-03   5.6893846e-03
  -3.5893531e-02  -3.9605485e-01   3.6729767e-01  -8.3635068e-05  -3.6982973e-03   5.8241395e-03
  -4.0894794e-02  -3.8931781e-01   3.9411397e-01   1.5713327e-04  -3.8705449e-03   5.8292100e-03
  -7.6509314e-02  -3.9833333e-01   4.2547274e-01   4.0537399e-06  -4.3875058e-03   5.7367142e-03
  -7.1047813e-02  -4.2265977e-01   4.0644841e-01  -3.5401523e-04  -4.3411382e-03   5.6162171e-03
  -6.6335903e-02  -4.1195463e-01   4.3144543e-01   2.0782361e-04  -4.4837905e-03   6.0372338e-03
  -7.5430762e-02  -3.8600828e-01   4.3893032e-01   3.5775398e-04  -4.4207390e-03   6.2934755e-03
  -7.3015093e-02  -4.5493051e-01   5.0292614e-01  -9.1768949e-04  -4.5413455e-03   5.9641128e-03
  -5.9702607e-02  -4.8403627e-01   4.6500031e-01  -7.9092537e-04  -4.2558240e-03   6.2387719e-03
  -7.5683369e-02  -4.2955771e-01   5.0722499e-01  -1.4749369e-03  -4.5877386e-03   5.8685866e-03
  -5.7849087e-02  -5.0502208e-01   4.3835053e-01  -1.7345995e-03  -4.3385888e-03   5.9620627e-03
  -7.9733384e-02  -4.3113012e-01   4.9830618e-01  -1.4135782e-03  -4.7907116e-03   5.9281677e-03
  -6.2109855e-02  -5.1277837e-01   4.8412052e-01  -1.6604650e-03  -4.6041160e-03   5.9744458e-03
  -9.3104904e-02  -3.5832658e-01   5.3088462e-01  -3.3303078e-03  -4.7480137e-03   5.9734877e-03
  -3.1237678e-02  -5.1887463e-01   1.4517879e-01   1.2789144e-03  -3.8208231e-03   6.9676150e-03
   1.1995559e-02  -2.7181015e-01   2.1799143e-01   8.5535877e-06  -3.1828104e-03   6.0145229e-03
  -1.9448088e-02  -3.6994465e-01   3.3850375e-01  -1.3438864e-03  -3.9774678e-03   6.1872567e-03
  -2.7199903e-02  -3.9190569e-01   3.3219692e-01  -2.1238413e-03  -3.7144136e-03   6.3140884e-03
  -2.2331956e-02  -3.6928899e-01   3.4635929e-01  -1.3028563e-03  -3.8930694e-03   6.7884182e-03
  -1.0083284e-02  -4.1322455e-01   3.8829132e-01  -1.8646907e-03  -3.7405419e-03   6.9032407e-03
  -8.3814912e-03  -4.2202209e-01   4.1599560e-01  -1.6598617e-03  -3.8700134e-03   7.1164361e-03
  -1.0965392e-02  -4.2493170e-01   4.7898041e-01  -1.6151613e-03  -4.2844961e-03   7.1526525e-03
   5.8345873e-03  -4.9128189e-01   4.5477847e-01  -2.3210705e-03  -3.8199913e-03   6.7863579e-03
   1.2096448e-01  -6.4416757e-01  -1.3821280e-02  -2.4358473e-03  -1.8885653e-03   7.5261137e-03
  -1.5953607e-01  -8.5756604e-01   1.7504275e+00  -1.5682522e-02  -3.0700623e-03   4.9394729e-03
  -4.1086574e-01  -7.4402004e-01   1.5711232e+00  -1.2029916e-02  -5.6806342e-03   5.5062905e-03
  -4.1093418e-01  -2.7108543e-01   5.3351757e-01  -8.1468993e-03  -4.3872681e-03   6.0368369e-03
  -4.3465108e-01  -1.5532181e-01   1.1196225e+00  -6.6811180e-03  -5.1281711e-03   6.2229842e-03
  -4.6945223e-01  -2.1134477e-01   1.1446955e+00  -7.0305816e-03  -5.7560871e-03   6.4461891e-03
  -4.7526416e-01  -2.0200723e-01   1.1674904e+00  -7.0719994e-03  -6.1363801e-03   6.1436998e-03
  -4.1971985e-01  -2.5263050e-01   1.2128519e+00  -7.1645047e-03  -5.4540343e-03   6.8413771e-03
  -4.6780537e-01  -2.2775626e-01   1.1555874e+00  -6.5672732e-03  -6.1856109e-03   6.9676417e-03
  -4.5874887e-01  -2.1803895e-01   1.1701165e+00  -6.7825601e-03  -6.1387266e-03   7.1791742e-03
  -4.6028849e-01  -2.0087787e-01   1.1779134e+00  -6.7370883e-03  -6.0782305e-03   7.3956065e-03
  -4.5139006e-01  -1.9306591e-01   1.1734189e+00  -7.0233922e-03  -5.9130182e-03   7.4613587e-03
  -4.5363368e-01  -1.6094654e-01   1.1700183e+00  -6.4920678e-03  -5.9765869e-03   7.5366540e-03
  -4.6701488e-01  -1.6020681e-01   1.1728373e+00  -6.5018035e-03  -6.2184557e-03   7.7370740e-03
  -4.7062979e-01  -1.9038370e-01   1.1959218e+00  -6.6111019e-03  -6.2147020e-03   7.6690680e-03
  -4.7063394e-01  -1.6797113e-01   1.1687191e+00  -6.2845450e-03  -6.1393213e-03   7.7683928e-03
  -4.6365942e-01  -1.2563973e-01   1.0969109e+00  -6.0267021e-03  -6.2237690e-03   7.5295518e-03
  -4.8984562e-01  -1.8338766e-01   1.1682822e+00  -6.7376106e-03  -6.6025483e-03   7.3966996e-03
  -4.9891919e-01  -1.4239811e-01   1.1686328e+00  -5.4020144e-03  -6.8073266e-03   7.7572368e-03
  -4.9676215e-01  -1.4449965e-01   1.1737545e+00  -6.2039809e-03  -6.7880865e-03   7.8255648e-03
  -5.0760647e-01  -1.8716589e-01   1.1717501e+00  -6.1327074e-03  -6.9645978e-03   7.8332492e-03
  -4.9877897e-01  -1.8975189e-01   1.1382426e+00  -5.8251216e-03  -6.6397648e-03   8.1303526e-03
  -5.1449110e-01  -1.4474598e-01   1.1428810e+00  -5.6027916e-03  -6.9617661e-03   8.2539110e-03
  -5.0634550e-01  -2.1592974e-01   1.1904745e+00  -6.3947779e-03  -6.9769307e-03   7.9592481e-03
  -5.0540200e-01  -2.6724274e-01   1.2298051e+00  -7.0586034e-03  -7.0479543e-03   7.8616840e-03
  -5.2358814e-01  -2.4091030e-01   1.2382429e+00  -6.3457867e-03  -7.3979835e-03   8.3185997e-03
  -5.3724006e-01  -2.4632650e-01   1.2535907e+00  -6.9619828e-03  -7.3980114e-03   8.2088223e-03
  -5.4251037e-01  -2.3972515e-01   1.2748888e+00  -6.8401204e-03  -7.4762471e-03   8.1756764e-03
  -5.3211033e-01  -2.9468397e-01   1.2438451e+00  -7.1186285e-03  -7.3210153e-03   8.3994884e-03
  -5.3615083e-01  -2.0452842e-01   1.1703044e+00  -5.7774174e-03  -7.1783735e-03   8.6791652e-03
  -4.7515732e-01  -5.6415306e-01   1.1409325e+00  -1.1890578e-02  -7.2901030e-03   8.0820452e-03
  -4.0976929e-01  -2.3405752e-01   8.2614042e-01  -5.8117619e-03  -6.1934476e-03   7.3431602e-03
  -5.9177718e-01  -4.9218921e-01   1.9395504e+00  -1.3410088e-02  -7.9776661e-03   5.8873781e-03
  -6.1496510e-01  -5.7679406e-01   2.1040020e+00  -1.3471720e-02  -8.3678816e-03   5.3934145e-03
  -6.1970996e-01  -5.6815540e-01   2.1431976e+00  -1.3374767e-02  -8.6315587e-03   5.7206100e-03
  -6.3364503e-01  -6.5644451e-01   2.1790083e+00  -1.3930412e-02  -8.7251454e-03   5.9261669e-03
  -6.5660896e-01  -6.0013794e-01   2.1357164e+00  -1.4252864e-02  -9.0668858e-03   6.0522324e-03
  -6.6734642e-01  -5.9235703e-01   2.0755968e+00  -1.4725238e-02  -9.3230662e-03   5.9935785e-03
  -6.6952233e-01  -6.2122254e-01   2.1093359e+00  -1.4708279e-02  -9.1269236e-03   6.0149145e-03
  -6.5869232e-01  -6.0773294e-01   2.1606642e+00  -1.4402967e-02  -9.0382073e-03   6.1943522e-03
  -6.6276689e-01  -6.0089858e-01   2.1792941e+00  -1.4070259e-02  -9.1688747e-03   6.4420074e-03
  -6.6625750e-01  -6.3728069e-01   2.1757349e+00  -1.4681653e-02  -9.3200933e-03   6.3651196e-03
  -6.6134213e-01  -6.4213812e-01   2.1624161e+00  -1.4736373e-02  -9.1817186e-03   6.5506129e-03
  -6.7124041e-01  -5.9440694e-01   2.2040526e+00  -1.4475847e-02  -9.4070849e-03   6.5160530e-03
  -6.6950818e-01  -6.6419872e-01   2.1845609e+00  -1.5142905e-02  -9.2033150e-03   6.4821912e-03
  -6.6167218e-01  -6.9706554e-01   2.1745055e+00  -1.5009709e-02  -9.0087079e-03   6.4952466e-03
  -6.9110699e-01  -6.0432381e-01   2.2030496e+00  -1.4145069e-02  -9.5029067e-03   6.6062270e-03
  -6.6909163e-01  -6.7267761e-01   2.2670034e+00  -1.5759178e-02  -9.4405474e-03   5.9723600e-03
  -6.5877466e-01  -7.6150132e-01   2.2283031e+00  -1.5254884e-02  -9.1438682e-03   6.3101651e-03
  -6.5256009e-01  -7.1401522e-01   2.2075119e+00  -1.4953865e-02  -8.9137309e-03   6.3518618e-03
  -6.5777906e-01  -7.1446594e-01   2.2215472e+00  -1.5103024e-02  -9.1038757e-03   6.4175474e-03
  -6.7370994e-01  -7.5053381e-01   2.2559983e+00  -1.5840202e-02  -9.1442332e-03   6.2482588e-03
  -6.8672238e-01  -7.3321514e-01   2.2536318e+00  -1.5422694e-02  -9.2538318e-03   6.5082665e-03
  -6.9444933e-01  -6.8337638e-01   2.2663366e+00  -1.5690853e-02  -9.3668891e-03   6.5907740e-03
  -6.8725135e-01  -7.6578729e-01   2.2767497e+00  -1.6171352e-02  -9.2545102e-03   6.4574609e-03
  -6.8847106e-01  -7.9655782e-01   2.2530022e+00  -1.6556740e-02  -9.3156624e-03   6.5165475e-03
  -6.9273209e-01  -7.8033727e-01   2.2832200e+00  -1.6687771e-02  -9.3168027e-03   6.5511129e-03
  -6.9109288e-01  -8.0695908e-01   2.3574476e+00  -1.9147386e-02  -9.3745683e-03   6.1082020e-03
  -7.3026729e-01  -7.8528749e-01   2.5182798e+00  -2.1278239e-02  -9.4962571e-03   5.1720132e-03
  -6.4504929e-01  -1.1669633e+00   2.5270660e+00  -2.2798393e-02  -7.9672909e-03   5.5304054e-03
  -6.9692425e-01  -1.0758593e+00   2.5898755e+00  -2.0894781e-02  -8.9515761e-03   5.8979097e-03
  -7.0805240e-01  -1.0056625e+00   2.5433604e+00  -2.0446141e-02  -9.3338925e-03   6.3451052e-03
  -7.0134136e-01  -9.5480612e-01   2.4821419e+00  -2.0184327e-02  -9.2624624e-03   6.4884730e-03
  -7.1218342e-01  -9.0689152e-01   2.5088836e+00  -2.0268031e-02  -9.0644300e-03   6.4912837e-03
  -7.2744237e-01  -9.1862997e-01   2.5012854e+00  -2.0477419e-02  -9.2786880e-03   6.3147705e-03
  -7.3552089e-01  -9.3942583e-01   2.5029480e+00  -2.0711302e-02  -9.3815840e-03   6.5000345e-03
  -7.3884675e-01  -9.5830349e-01   2.5318386e+00  -2.1147957e-02  -9.2586118e-03   6.4583855e-03
  -7.4156336e-01  -9.8824880e-01   2.5522431e+00  -2.1467815e-02  -9.2296145e-03   6.6463598e-03
  -8.0874455e-01  -9.6126231e-01   2.6008904e+00  -2.0992303e-02  -1.0219143e-02   6.6829378e-03
  -8.1650707e-01  -1.1140500e+00   2.6619620e+00  -2.3177398e-02  -1.0399226e-02   6.4985269e-03
  -7.8343689e-01  -1.0598066e+00   2.6877670e+00  -2.0870987e-02  -9.8308810e-03   6.9000515e-03
  -7.8592786e-01  -1.0703890e+00   2.6539532e+00  -2.1193898e-02  -1.0028843e-02   6.9145639e-03
  -8.0808570e-01  -1.0229202e+00   2.6505477e+00  -2.0751042e-02  -1.0322433e-02   7.0099771e-03
  -8.1636212e-01  -1.0566316e+00   2.6560191e+00  -2.1146637e-02  -1.0168116e-02   6.9766083e-03
  -8.4571363e-01  -1.0842342e+00   2.6698907e+00  -2.1830855e-02  -1.0377860e-02   7.3169528e-03
  -8.3160940e-01  -9.2145915e-01   2.6692825e+00  -2.1061296e-02  -1.0377737e-02   7.6655435e-03
  -7.9788000e-01  -4.6114486e-01   2.8062993e+00  -2.1940476e-02  -1.0021929e-02   6.7559072e-03
  -8.2069235e-01  -7.5662458e-01   2.6270593e+00  -2.1018363e-02  -1.0491205e-02   6.9532965e-03
  -8.5215671e-01  -1.2137890e+00   2.6228114e+00  -2.2021513e-02  -1.0920427e-02   6.3319908e-03
  -8.8157567e-01  -1.1368076e+00   2.7206936e+00  -2.2860304e-02  -1.1415694e-02   6.3854987e-03
  -8.8222572e-01  -1.1545251e+00   2.7536457e+00  -2.3071461e-02  -1.1549108e-02   6.3731219e-03
  -8.9219534e-01  -1.1430363e+00   2.7575735e+00  -2.3287115e-02  -1.1733307e-02   6.4982140e-03
  -9.1651377e-01  -1.1446306e+00   2.7666434e+00  -2.3523800e-02  -1.2049970e-02   6.4546572e-03
  -9.2796991e-01  -1.1679403e+00   2.7458953e+00  -2.3613196e-02  -1.2270292e-02   6.5139642e-03
  -9.5064495e-01  -1.1204471e+00   2.7627148e+00  -2.3109315e-02  -1.2534399e-02   6.8209001e-03
  -9.5530518e-01  -1.1527984e+00   2.7920209e+00  -2.3689095e-02  -1.2562205e-02   6.6101877e-03
  -9.6815617e-01  -1.1883676e+00   2.7872218e+00  -2.4536573e-02  -1.2938047e-02   6.6436424e-03
  -9.7035179e-01  -1.2109747e+00   2.7708818e+00  -2.4581333e-02  -1.2807404e-02   6.7242890e-03
  -9.9373680e-01  -1.1727811e+00   2.7517884e+00  -2.4442506e-02  -1.3290877e-02   7.0593521e-03
  -1.0010979e+00  -1.1500710e+00   2.7383052e+00  -2.4161810e-02  -1.3388548e-02   7.2501387e-03
  -1.0190168e+00  -1.0938156e+00   2.8114390e+00  -2.4218148e-02  -1.3663995e-02   7.1066993e-03
  -9.7693698e-01  -1.2069621e+00   2.7159199e+00  -2.5706946e-02  -1.2963641e-02   7.2659440e-03
  -9.7141088e-01  -1.2903610e+00   2.6954002e+00  -2.6000538e-02  -1.3057836e-02   7.2210111e-03
  -1.0299775e+00  -1.1730157e+00   2.6820274e+00  -2.2190619e-02  -1.4117991e-02   7.2480551e-03
  -1.0216716e+00  -1.1062369e+00   2.7854818e+00  -2.4245677e-02  -1.3854685e-02   6.1296006e-03
  -1.0587342e+00  -1.2754739e+00   2.8968031e+00  -2.6340504e-02  -1.4307076e-02   6.1766252e-03
  -1.0794314e+00  -1.3429577e+00   2.9304112e+00  -2.7068883e-02  -1.4509277e-02   6.3693070e-03
  -1.0904799e+00  -1.2822424e+00   2.8929234e+00  -2.6307895e-02  -1.4610006e-02   6.7440785e-03
  -1.1128791e+00  -1.2482951e+00   2.9380171e+00  -2.5666017e-02  -1.4855952e-02   6.9045889e-03
  -1.1119958e+00  -1.2781419e+00   2.9507333e+00  -2.6380681e-02  -1.4826466e-02   6.7453047e-03
  -1.1096679e+00  -1.3302043e+00   2.9460394e+00  -2.6833378e-02  -1.4830857e-02   6.8761691e-03
  -1.1091470e+00  -1.3104538e+00   2.9602186e+00  -2.6772745e-02  -1.4918021e-02   7.0418296e-03
  -1.1231225e+00  -1.2649425e+00   2.9499184e+00  -2.6730546e-02  -1.4768469e-02   7.1924550e-03
  -1.0772451e+00  -1.1744474e+00   2.1884152e+00  -2.1233378e-02  -1.4576664e-02   8.2422403e-03
  -9.5573354e-01  -1.4143198e+00   2.6186504e+00  -3.1279328e-02  -1.2410718e-02   6.6335141e-03
  -1.0552415e+00  -1.2927767e+00   3.0840660e+00  -2.8587510e-02  -1.3519201e-02   6.6454667e-03
  -1.0754935e+00  -1.3771895e+00   3.1489599e+00  -2.9230430e-02  -1.3756453e-02   6.6494254e-03
  -1.1103375e+00  -1.3566000e+00   3.1413131e+00  -2.9405120e-02  -1.4129284e-02   6.6146898e-03
  -1.1054038e+00  -1.4268713e+00   3.1179648e+00  -3.0049004e-02  -1.4039661e-02   6.7153733e-03
  -1.1148558e+00  -1.3897417e+00   3.1203275e+00  -2.9636539e-02  -1.4272414e-02   6.9796210e-03
  -1.1247906e+00  -1.4157435e+00   3.1693618e+00  -3.0734622e-02  -1.4144868e-02   6.9771423e-03
  -1.1171713e+00  -1.4503439e+00   3.1655231e+00  -3.1544642e-02  -1.4234093e-02   6.6476144e-03
  -1.1128699e+00  -1.4894431e+00   3.1202873e+00  -3.1095474e-02  -1.4223915e-02   6.8511191e-03
  -1.1470340e+00  -1.4271473e+00   3.1523931e+00  -3.0539782e-02  -1.4597399e-02   6.9163480e-03
  -1.1463267e+00  -1.4542151e+00   3.1895679e+00  -3.1133393e-02  -1.4724872e-02   6.6705779e-03
  -1.1328926e+00  -1.5206858e+00   3.1828732e+00  -3.2312266e-02  -1.4548560e-02   6.5775697e-03
  -1.1240005e+00  -1.5250341e+00   3.1581459e+00  -3.1727169e-02  -1.4423225e-02   6.7434734e-03
  -1.1372436e+00  -1.4419858e+00   3.1804226e+00  -3.0834338e-02  -1.4557735e-02   6.6514277e-03
  -1.1079638e+00  -9.7577728e-01   3.3318155e+00  -3.0453058e-02  -1.4265446e-02   5.9805508e-03
  -1.1041176e+00  -1.1524438e+00   3.1758458e+00  -2.8831761e-02  -1.4089970e-02   5.5506699e-03
  -1.0874675e+00  -1.3510682e+00   3.2776076e+00  -3.0556311e-02  -1.3958693e-02   4.9357695e-03
  -1.1127646e+00  -1.5509694e+00   3.2983101e+00  -3.0940412e-02  -1.4489185e-02   4.9550412e-03
  -1.1319046e+00  -1.5229798e+00   3.3666817e+00  -3.1138886e-02  -1.4722356e-02   4.5431518e-03
  -1.1385908e+00  -1.5803540e+00   3.3548625e+00  -3.1632201e-02  -1.4849035e-02   4.9652583e-03
  -1.1419981e+00  -1.5298323e+00   3.3213875e+00  -3.0736425e-02  -1.5259226e-02   5.4029761e-03
  -1.1223447e+00  -1.5653615e+00   3.3543822e+00  -3.2007822e-02  -1.5054509e-02   5.0754828e-03
  -1.1129972e+00  -1.6015710e+00   3.3784694e+00  -3.1395694e-02  -1.4924640e-02   5.1583334e-03
  -1.1418079e+00  -1.5633213e+00   3.3562758e+00  -3.0902505e-02  -1.5178780e-02   5.3631933e-03
  -1.1499266e+00  -1.5648945e+00   3.3765900e+00  -3.1067120e-02  -1.5112191e-02   5.4834138e-03
  -1.1584496e+00  -1.6178381e+00   3.4374546e+00  -3.2141720e-02  -1.4965551e-02   5.6310702e-03
  -1.1719116e+00  -1.6215185e+00   3.4423776e+00  -3.1837819e-02  -1.5292811e-02   5.8012990e-03
  -1.1845452e+00  -1.5762779e+00   3.3930319e+00  -3.0556191e-02  -1.5517927e-02   6.1799673e-03
  -1.1830877e+00  -1.6232944e+00   3.4934436e+00  -3.1740020e-02  -1.5001467e-02   6.0093391e-03
  -1.1978673e+00  -1.7017025e+00   3.4682854e+00  -3.2925880e-02  -1.5301266e-02   6.0371048e-03
  -1.2001159e+00  -1.6722239e+00   3.4873258e+00  -3.2735116e-02  -1.5660376e-02   5.7245044e-03
  -1.1935863e+00  -1.6786846e+00   3.4376888e+00  -3.2163943e-02  -1.5540975e-02   5.9541179e-03
  -1.2054273e+00  -1.6317147e+00   3.4275823e+00  -3.2096585e-02  -1.5675548e-02   5.8747278e-03
  -1.2245704e+00  -1.6492588e+00   3.4627327e+00  -3.2907625e-02  -1.5993765e-02   5.6032143e-03
  -1.1814687e+00  -1.6479058e+00   3.4308950e+00  -3.4004950e-02  -1.5694902e-02   5.8194420e-03
  -1.0798699e+00  -1.1484657e+00   3.3064114e+00  -2.7526547e-02  -1.4925471e-02   4.4956482e-03
  -1.0958507e+00  -1.6194795e+00   3.1896960e+00  -3.0426407e-02  -1.5285984e-02   3.0549412e-03
  -1.0708447e+00  -1.5058482e+00   3.2662159e+00  -3.1773783e-02  -1.4625319e-02   4.2789420e-03
  -1.1009433e+00  -1.5471048e+00   3.2772036e+00  -3.1387539e-02  -1.5091647e-02   4.5218903e-03
  -1.0989763e+00  -1.6360849e+00   3.4048502e+00  -3.2081905e-02  -1.4836249e-02   4.1864008e-03
  -1.1267141e+00  -1.6721244e+00   3.4693945e+00  -3.2587459e-02  -1.5346429e-02   4.7329403e-03
  -1.1681909e+00  -1.6473146e+00   3.5098230e+00  -3.2013145e-02  -1.6147026e-02   5.2546685e-03
  -1.1769393e+00  -1.6956037e+00   3.4953814e+00  -3.2652240e-02  -1.6052602e-02   5.5623892e-03
  -1.1764186e+00  -1.7204700e+00   3.5087038e+00  -3.3584342e-02  -1.6193844e-02   5.5189306e-03
  -1.1657170e+00  -1.7739416e+00   3.4657071e+00  -3.4240771e-02  -1.6049960e-02   5.5383728e-03
  -1.1842449e+00  -1.6923510e+00   3.4773144e+00  -3.3176255e-02  -1.6174270e-02   5.7046810e-03
  -1.1854739e+00  -1.7092577e+00   3.4135778e+00  -3.3134185e-02  -1.6487511e-02   5.5416175e-03
  -1.1890822e+00  -1.7730733e+00   3.5468738e+00  -3.4495703e-02  -1.6596282e-02   5.6369588e-03
  -1.1843921e+00  -1.7005691e+00   3.5008953e+00  -3.3714859e-02  -1.6485728e-02   5.4781864e-03
  -1.1920361e+00  -1.7059532e+00   3.5102710e+00  -3.4783530e-02  -1.6538017e-02   5.4631707e-03
  -1.1820530e+00  -1.6958605e+00   3.5349915e+00  -3.5541318e-02  -1.6399695e-02   5.4669342e-03
  -1.2065901e+00  -1.7579532e+00   3.5552278e+00  -3.7390611e-02  -1.6929142e-02   4.8732377e-03
  -1.1936112e+00  -1.8487945e+00   3.4448751e+00  -3.7239694e-02  -1.6488405e-02   4.9645776e-03
  -1.2055727e+00  -1.8234599e+00   3.5995205e+00  -3.7626006e-02  -1.6619785e-02   5.0447142e-03
  -1.2080472e+00  -1.8607441e+00   3.5039460e+00  -3.7129060e-02  -1.7084343e-02   5.2784795e-03
  -1.2085822e+00  -1.8257876e+00   3.4607876e+00  -3.6605551e-02  -1.6969228e-02   5.2406188e-03
  -1.2185117e+00  -1.7460581e+00   3.4258080e+00  -3.6536368e-02  -1.6957247e-02   5.1934485e-03
  -1.2026212e+00  -1.6864017e+00   3.2992439e+00  -3.4679489e-02  -1.6971606e-02   5.7152261e-03
  -1.2561582e+00  -1.2602873e+00   3.5793515e+00  -3.2733039e-02  -1.7312797e-02   5.0719532e-03
  -1.2434788e+00  -1.6793880e+00   3.3786313e+00  -3.4706821e-02  -1.6705576e-02   4.3971010e-03
  -1.2413217e+00  -1.7327203e+00   3.4955007e+00  -3.4703444e-02  -1.6691020e-02   4.3797968e-03
  -1.2777609e+00  -1.5872016e+00   3.3958451e+00  -3.0881186e-02  -1.7098570e-02   2.9219123e-03
  -1.2301220e+00  -1.5736684e+00   3.5559947e+00  -3.2348845e-02  -1.6157448e-02   3.1534591e-03
  -1.2797971e+00  -1.6532982e+00   3.5260847e+00  -3.3285729e-02  -1.7023710e-02   3.4157106e-03
  -1.3051961e+00  -1.7150892e+00   3.5472025e+00  -3.3865279e-02  -1.7161317e-02   3.8611779e-03
  -1.2949716e+00  -1.7156796e+00   3.5647099e+00  -3.3919395e-02  -1.7207751e-02   4.0450731e-03
  -1.2923771e+00  -1.7620542e+00   3.5939009e+00  -3.4209294e-02  -1.7174281e-02   4.2335817e-03
  -1.2996978e+00  -1.7529292e+00   3.5828829e+00  -3.4661867e-02  -1.7197589e-02   4.1638964e-03
  -1.2699506e+00  -1.5685202e+00   3.0221082e+00  -2.9897692e-02  -1.7183398e-02   4.0276903e-03
  -1.1442592e+00  -1.6132994e+00   2.7153086e+00  -3.2431628e-02  -1.5578271e-02   3.9790123e-03
  -1.2007724e+00  -1.6984634e+00   3.5012300e+00  -3.4958522e-02  -1.6165342e-02   3.4333190e-03
  -1.2492153e+00  -1.7439961e+00   3.7262314e+00  -3.5543179e-02  -1.6502887e-02   3.2266214e-03
  -1.2906114e+00  -1.8212274e+00   3.7904691e+00  -3.5706408e-02  -1.6837715e-02   3.2363892e-03
  -1.2883891e+00  -1.8937563e+00   3.7582554e+00  -3.6949450e-02  -1.6769970e-02   3.2446276e-03
