   0.0000000e+00   0.0000000e+00   0.0000000e+00   0.0000000e+00   0.0000000e+00   0.0000000e+00
   1.5125038e-02   2.7675153e-02   2.9145658e-02   2.6692972e-04   4.2503904e-04  -5.1294258e-05
   2.3700140e-02   5.8964226e-02   3.0260719e-02   9.6552114e-04   6.3964975e-04   1.1352804e-05
   4.4328522e-02   5.3062104e-02   3.6383243e-02   9.3053599e-04   7.4429026e-04  -1.3271484e-04
   4.9657076e-02   5.6990496e-02   3.0857366e-02   8.7940967e-04   8.5546717e-04  -1.2337731e-04
   4.7794698e-02   6.8495116e-02   4.4427290e-02   6.6110346e-04   9.0463020e-04  -7.9225279e-05
   5.0584802e-02   4.7308967e-02  -1.9435755e-02   8.7891614e-05   1.0386725e-03  -5.4821210e-04
   1.1110846e-01   2.6297160e-02  -7.2575880e-02   1.4794597e-03   1.9610505e-03  -2.1326626e-04
   2.5548023e-02   1.9639788e-02   2.5547991e-02  -1.0856301e-03   1.4312755e-03  -3.4385309e-04
  -1.8283083e-02   7.0063392e-02   1.6344881e-02   4.9027023e-04   5.9442298e-04  -2.0520752e-04
  -2.7887881e-02   2.1101803e-02   8.6637962e-03  -7.1708724e-04   3.7922732e-04  -6.0344791e-05
  -4.7641003e-02   3.2913113e-02   9.7644850e-03  -3.5268291e-04   1.6667423e-04   2.8921343e-05
  -1.9791379e-02  -5.9298727e-03   5.2569023e-02  -1.3065498e-03   7.0401597e-04   1.5860401e-04
  -2.8675099e-03  -1.6285206e-02   1.5750378e-02  -1.4326413e-03   7.1544623e-04   1.0177601e-04
  -7.8854506e-03  -6.3548400e-03   1.9890685e-02  -1.5414232e-03   7.2848885e-04   8.1306193e-05
  -1.2235315e-02   2.1616828e-02   4.7073822e-02  -1.1582060e-03   5.3829028e-04   1.5545684e-04
  -7.9714715e-03   3.8247621e-02   4.3027912e-02  -4.2210301e-04   6.6996236e-04   7.5851322e-05
   2.0921986e-03   5.5039150e-03   3.2211213e-02  -1.1724407e-03   5.8935421e-04   1.2594201e-04
   3.9215200e-03   1.5471570e-02   4.2226527e-02  -1.2012125e-03   5.6326314e-04   2.7331851e-05
  -1.3706605e-03   3.2693682e-04   6.6572713e-02  -1.6559005e-03   6.4693960e-04   1.5016219e-04
   1.0253475e-03  -2.4885152e-03   6.3383518e-02  -1.5169598e-03   7.1964759e-04   7.6082765e-05
   2.8041703e-03  -3.5307493e-02   7.5885992e-02  -1.7810829e-03   8.0300266e-04   2.6014355e-04
   5.6149203e-03  -4.2637194e-02   6.3156390e-02  -2.0520820e-03   8.7940551e-04   1.4056652e-04
   5.7962500e-02  -4.5331468e-02   8.8117654e-02  -8.5055985e-04   1.2934544e-03   1.8386999e-04
   9.5514575e-03  -4.5768591e-02   5.2146207e-02  -1.4263612e-03   8.6245962e-04  -2.4040767e-05
  -6.4018104e-03  -4.5761073e-02   4.9901488e-02  -1.9720017e-03   6.5810682e-04   1.0970659e-04
  -4.6117623e-03  -5.6423951e-02   4.4878132e-02  -2.1199351e-03   8.2277863e-04  -7.3446993e-05
  -5.5398520e-03  -5.6940546e-02   3.5278038e-02  -2.0899549e-03   6.3927990e-04  -9.1305006e-05
  -7.5255880e-03  -3.0076482e-02   6.7210427e-02  -1.8887001e-03   7.7016421e-04  -1.6047129e-04
   7.2546541e-04  -2.2376627e-02   7.4172728e-02  -1.6956930e-03   8.5343767e-04  -4.4716663e-05
  -1.1610265e-02   3.1782018e-02   8.0042375e-02  -8.4526088e-04   6.7454566e-04   7.3548577e-06
  -8.8080457e-04  -2.9611665e-02   7.3702328e-02  -1.7900893e-03   5.9303045e-04  -9.3351214e-05
   1.5323507e-02  -4.7898677e-02   9.3791260e-02  -1.8261331e-03   1.0037378e-03  -2.8797073e-04
   3.5009115e-03  -1.4773683e-02   6.1754672e-02  -1.4780207e-03   8.0150981e-04   3.6413556e-07
   6.6202102e-03  -1.9342761e-02   5.9842853e-02  -1.7019448e-03   7.5120840e-04   8.3412187e-05
   2.7940192e-03  -2.0455533e-02   6.6953930e-02  -1.7458041e-03   6.6962841e-04   1.9109248e-04
  -5.9029952e-03  -3.0956489e-02   9.0111384e-02  -2.0845673e-03   8.1343211e-04   8.0674038e-05
   9.9412068e-04  -1.2759397e-03   7.1751961e-02  -1.4838875e-03   7.4084304e-04   1.8285917e-04
   5.0490989e-03  -4.6560214e-02   6.8725189e-02  -2.4346139e-03   9.5879365e-04   2.6954439e-04
   6.3936559e-04  -5.3104730e-02   6.4887032e-02  -2.4673668e-03   4.9624893e-04   7.0518571e-04
   1.4452993e-01   2.6188939e-03   3.9475545e-02  -1.1881914e-03   2.8557782e-03  -2.3255658e-04
   5.9975138e-02   8.2070886e-02   8.8598213e-02  -2.1687617e-03   2.1462955e-03  -5.2602158e-04
   3.7364335e-02   7.2259012e-02   1.1321549e-01  -2.3418123e-03   2.1380318e-03  -7.1818438e-04
   3.9480450e-02   1.0451072e-01   1.0973192e-01  -1.8568178e-03   2.1390288e-03  -4.5725375e-04
   3.8419342e-02   9.2315773e-02   1.1738543e-01  -1.8668698e-03   2.2071854e-03  -5.1052389e-04
   3.0903744e-02   6.5723365e-02   1.3157759e-01  -2.2508062e-03   2.2524213e-03  -5.3847783e-04
   2.2696038e-02   6.4554807e-02   1.4165491e-01  -2.2145826e-03   2.1572466e-03  -5.7477109e-04
   3.7869175e-02   5.7640396e-02   1.1622430e-01  -2.6217653e-03   2.1168853e-03  -5.1503465e-04
   2.9935237e-02   5.0836131e-02   1.3298574e-01  -3.1710541e-03   1.6723194e-03  -3.1662009e-04
   1.3346826e-02   2.5962082e-02   1.4545149e-01  -3.2453364e-03   1.9805857e-03  -8.1495058e-04
   2.1194475e-02   3.9853654e-02   1.2308657e-01  -2.9735002e-03   2.1076517e-03  -8.1429880e-04
   1.9760590e-02   5.0451832e-02   1.4090343e-01  -3.2436343e-03   1.9330404e-03  -5.2795299e-04
   6.4786498e-03   3.8234914e-02   1.4032295e-01  -3.1891691e-03   1.7927570e-03  -6.2039609e-04
   1.2863211e-02   2.0748050e-02   1.2692724e-01  -3.4118522e-03   2.0027234e-03  -5.4438165e-04
   2.7791006e-02   3.7298527e-02   1.2730863e-01  -3.3853941e-03   1.9918904e-03  -5.4960843e-04
   2.0989900e-02   4.1305764e-02   1.7429828e-01  -3.5866174e-03   1.8312651e-03  -1.9803317e-04
   3.3525526e-02   3.0931041e-02   1.5332127e-01  -3.4760517e-03   2.0427928e-03  -3.8301933e-04
   4.1201515e-02   3.5231956e-03   1.7300857e-01  -3.8877387e-03   2.1994256e-03  -4.8433301e-04
   3.6133169e-02   3.3631642e-02   1.9144630e-01  -3.5873731e-03   2.1989593e-03  -6.0374058e-04
   2.6720440e-02   6.3238303e-02   2.3139024e-01  -3.0683276e-03   2.1101638e-03  -4.1655275e-04
   1.2579809e-02   5.3668662e-02   1.9520958e-01  -3.1699860e-03   1.9653693e-03  -2.1148084e-04
   7.6424664e-03   2.3417778e-02   1.8359785e-01  -3.4850037e-03   2.1421077e-03  -3.8369251e-04
   1.6585702e-03   1.4715188e-02   1.4905157e-01  -3.5974051e-03   2.1453526e-03  -6.8222507e-04
   2.6174600e-06   4.7235396e-02   1.2860666e-01  -3.3776688e-03   2.3514431e-03  -7.4277999e-04
   2.1263127e-02   4.1634997e-02   1.4456313e-01  -3.1651143e-03   2.6724407e-03  -6.8938801e-04
   9.4408781e-03   4.1737313e-02   1.4985731e-01  -3.4675924e-03   2.4871133e-03  -4.0163978e-04
   4.7261621e-05   5.7068877e-02   1.3438001e-01  -3.5393218e-03   2.6634663e-03  -7.3952747e-04
   1.8638892e-02   4.5492660e-02   1.0882730e-01  -3.2122161e-03   2.8881092e-03  -8.6341622e-04
   1.9763004e-02   6.6621191e-02   1.1085330e-01  -3.1467054e-03   2.5722412e-03  -6.3788321e-04
   9.1386280e-03   5.9208183e-02   1.3223179e-01  -3.0484992e-03   2.4076583e-03  -4.2047004e-04
   1.2539385e-02   4.4745810e-02   1.7397136e-01  -3.3004990e-03   2.7460724e-03  -6.1227090e-04
   1.9741097e-02   2.3449054e-02   1.8203909e-01  -3.8055038e-03   2.7967039e-03  -6.7642231e-04
   1.4010866e-02   1.9804787e-02   1.3224141e-01  -2.9887249e-03   1.7835213e-03  -4.4738664e-04
   1.1763114e-01   4.2655138e-02  -7.4024510e-02   7.4255510e-04   3.9202573e-03  -2.7811563e-03
   7.0455622e-02   1.0842186e-01   9.0701374e-02  -2.9561126e-03   3.4712070e-03  -2.6342379e-03
   4.7985109e-02   8.1382978e-02   5.3202562e-02  -2.8505453e-03   3.1419320e-03  -2.2427460e-03
   3.4065021e-02   8.4191493e-02   6.5063188e-02  -3.4759071e-03   3.3215198e-03  -2.1233487e-03
   3.1342362e-02   6.5101157e-02   1.1910034e-01  -3.5894301e-03   3.3691808e-03  -1.9346721e-03
   4.5440730e-02   6.2886704e-02   1.0559196e-01  -3.7617281e-03   3.2647210e-03  -2.0087142e-03
   4.6797439e-02   5.1506295e-02   1.1743192e-01  -3.3486002e-03   3.4131040e-03  -2.0020485e-03
   4.6709185e-02   7.0427200e-02   8.9448654e-02  -3.5398565e-03   3.4193104e-03  -2.0352119e-03
   1.5146082e-02   1.4277188e-01   4.0762764e-03  -1.5668462e-03   2.4559104e-03  -1.3942707e-03
   1.0705649e-02   6.1996270e-02   3.3663113e-03  -2.7302089e-03   2.5119184e-03  -1.6134922e-03
   1.9874415e-02   7.6431539e-02   4.3751947e-02  -3.2282866e-03   3.2350563e-03  -1.6179912e-03
   1.2089487e-02   8.8159126e-02   4.3669568e-02  -3.2706166e-03   3.2750125e-03  -1.5605070e-03
   8.5383749e-03   4.6493098e-02   7.2100873e-02  -4.0509504e-03   3.1613215e-03  -1.2514135e-03
   4.5608293e-03   2.8212203e-02   1.3712002e-01  -4.2492207e-03   3.1923760e-03  -1.2517758e-03
   1.2696232e-02   1.4184966e-02   1.3551654e-01  -4.5257098e-03   3.3696239e-03  -1.4918639e-03
   1.2118156e-02   1.1731811e-03   1.6344685e-01  -4.7410599e-03   3.5754464e-03  -1.7143074e-03
   9.1473806e-02  -3.0162655e-01   3.1498159e-01  -1.0084762e-02   3.9925575e-03  -3.1899562e-04
   8.8893291e-02  -6.2810388e-02   3.2848338e-01  -6.1434872e-03   4.0020445e-03  -7.8498417e-04
   8.3469250e-02  -8.4037798e-02   3.3122556e-01  -6.5091433e-03   4.3264744e-03  -5.5952570e-04
   9.2553312e-02  -9.9891763e-02   3.5433757e-01  -7.4727850e-03   4.6406180e-03  -6.2368160e-04
   9.9787361e-02  -7.4977473e-02   3.4160347e-01  -7.3847540e-03   4.6750635e-03  -5.1279294e-04
   9.6887387e-02  -6.3366383e-02   3.4796770e-01  -7.2602588e-03   4.5808305e-03  -4.1910624e-04
   9.9099238e-02  -9.3423359e-02   3.4892105e-01  -7.5228354e-03   4.8896570e-03  -3.6134293e-04
   1.0995308e-01  -8.5297109e-02   3.7410975e-01  -7.2089579e-03   4.9285885e-03  -2.7819059e-04
   1.2367114e-01  -1.1202341e-01   3.6550611e-01  -7.8636590e-03   4.9348493e-03  -2.8022448e-04
   1.0822768e-01  -1.0513473e-01   3.3703587e-01  -7.3589497e-03   4.8552265e-03  -2.2730701e-04
   5.4781328e-02  -7.3618936e-02   3.4449921e-01  -4.6773312e-03   4.1572746e-03   5.2966325e-04
   6.7158924e-02  -1.0566750e-01   3.1519405e-01  -5.5675682e-03   4.3069343e-03   1.2224526e-05
   5.3015208e-02  -7.3813843e-02   3.1771811e-01  -5.6745409e-03   4.1423290e-03  -3.1177034e-05
   6.2176333e-02  -7.2044360e-02   3.2210117e-01  -6.4610104e-03   4.4873452e-03  -1.1021237e-05
   5.9432877e-02  -5.1897377e-02   3.0344646e-01  -5.9775865e-03   4.5691376e-03   1.2853871e-05
   7.3973734e-02  -5.2556328e-02   3.3769425e-01  -6.9169555e-03   4.9154997e-03   1.6977146e-04
   7.0605396e-02  -6.9437948e-02   3.4654203e-01  -6.6340748e-03   4.8371044e-03   8.3369672e-05
   9.0072435e-02  -7.5849049e-02   3.5550079e-01  -6.4460579e-03   5.1759452e-03  -3.0928535e-04
   9.9290455e-02  -6.5547345e-02   3.5829007e-01  -6.0542410e-03   4.9035815e-03  -4.2277620e-04
   9.3219307e-02  -7.8971079e-02   3.6059292e-01  -6.3199004e-03   4.8064318e-03  -3.4288354e-04
   9.8155203e-02  -9.7245412e-02   3.4544702e-01  -6.1945081e-03   4.9665512e-03  -2.4038651e-04
   9.7566869e-02  -7.2734210e-02   3.5328724e-01  -6.3676361e-03   4.9865837e-03  -1.0153604e-04
   8.5748655e-02  -7.0349091e-02   4.0291028e-01  -6.4932867e-03   5.0104511e-03   1.0897772e-04
   9.2672162e-02  -8.4394625e-02   4.1591830e-01  -6.7014875e-03   5.1312083e-03  -1.9089665e-05
   1.0324845e-01  -1.0301840e-01   3.7689480e-01  -6.8127494e-03   5.1570462e-03  -4.7757588e-05
   1.0781346e-01  -1.0094644e-01   3.7589553e-01  -6.6741201e-03   5.1843983e-03   8.2255621e-05
   1.0660317e-01  -7.4543659e-02   4.0363585e-01  -6.5297030e-03   5.2458488e-03   9.5892053e-05
   1.0532457e-01  -7.3615447e-02   4.3662260e-01  -6.9415475e-03   5.1398767e-03   3.6096341e-04
   1.0447148e-01  -1.3121593e-01   4.6173829e-01  -7.1115224e-03   5.6024942e-03   1.5199754e-04
   1.0242652e-01  -1.0120455e-01   4.1321455e-01  -6.9659374e-03   5.3932554e-03   3.6750653e-04
   1.0253175e-01  -5.7786833e-02   4.1240523e-01  -6.7626924e-03   5.0609649e-03   6.3720837e-04
   1.0595655e-01  -8.1337487e-02   4.1704138e-01  -6.6056259e-03   5.3113168e-03   5.6653904e-04
   7.6457843e-02  -7.9981833e-02   4.1252688e-01  -7.0281756e-03   5.1934384e-03   5.9423971e-04
   8.4639229e-02  -9.1326956e-02   3.8338939e-01  -7.3805011e-03   5.1001200e-03   3.9172039e-04
   1.0494630e-01  -8.1816498e-02   4.0452969e-01  -6.9405493e-03   5.5722739e-03   1.8406057e-04
   7.8636240e-02  -4.8598680e-02   3.7975444e-01  -6.4839906e-03   5.4016568e-03   1.8308457e-04
   7.7043689e-02  -5.4144396e-02   3.7835494e-01  -6.7069702e-03   5.2768851e-03   4.9000354e-04
   9.3051270e-02  -6.2682862e-02   3.8289129e-01  -6.8846606e-03   5.5774342e-03   4.2707300e-04
   8.4284502e-02  -7.5498941e-02   3.8752249e-01  -6.8353751e-03   5.6044232e-03   4.7676588e-04
   9.1574230e-02  -6.2150756e-02   3.7091225e-01  -7.2181376e-03   5.6373958e-03   5.0053907e-04
   1.0169524e-01  -5.0415335e-02   3.6752307e-01  -6.6325469e-03   5.7076870e-03   4.7677690e-04
   9.5872343e-02  -6.0251793e-02   3.9357877e-01  -6.6836970e-03   5.8684288e-03   4.7292699e-04
   1.0358051e-01  -6.1820409e-02   3.7592303e-01  -6.5849507e-03   6.0217334e-03   4.5774434e-04
   9.2100676e-02  -6.1664747e-02   3.5213563e-01  -6.6671275e-03   5.5772400e-03   4.9961504e-04
   9.8708448e-02  -9.0672108e-02   3.7005703e-01  -7.0504621e-03   5.7099992e-03   4.0869001e-04
   1.0079834e-01  -3.6708327e-02   3.5768703e-01  -6.5255464e-03   5.8755657e-03   6.9656789e-05
   1.0036355e-01  -5.2678543e-02   3.4296536e-01  -6.0321128e-03   5.6874692e-03   6.9877659e-05
   1.0753053e-01  -3.3455262e-02   3.4130137e-01  -5.1195828e-03   5.7276112e-03   3.9908253e-04
   1.0210032e-01  -5.0394976e-02   3.4691231e-01  -5.9602319e-03   5.6977187e-03   3.7237754e-04
   5.9935031e-02  -4.0342664e-02   3.4537861e-01  -5.5930087e-03   5.2358058e-03   4.1840870e-04
   7.6548933e-02  -1.1542721e-01   3.5177743e-01  -6.6751652e-03   5.6233254e-03   4.3728357e-04
   6.6616066e-02  -7.7438807e-02   3.2781223e-01  -6.2093030e-03   5.4899256e-03   2.7232573e-04
   7.3248625e-02  -5.7452830e-02   3.5384621e-01  -5.9780438e-03   5.3664648e-03   5.1440546e-04
   7.3727426e-02  -5.3816180e-02   3.8176338e-01  -6.1698151e-03   5.5717819e-03   7.8433484e-04
   7.9368243e-02  -7.4910761e-02   4.0297689e-01  -6.0763997e-03   5.6074660e-03   8.7125246e-04
   1.1292996e-01   8.6567860e-02   1.8869981e-01  -6.6235700e-06   5.5235099e-03   1.1123246e-03
   1.6002613e-01   4.0133927e-01   1.3729309e-01   1.3382060e-03   6.2924284e-03  -2.3723395e-05
   1.4551660e-01   1.8955503e-01   3.5722309e-01  -1.5266274e-03   5.9112969e-03   9.0703525e-04
   1.2593963e-01   1.8710285e-01   3.9855832e-01  -1.2041095e-03   5.9172491e-03   8.1335825e-04
   9.7793009e-02   1.6378811e-01   4.0771814e-01  -1.3437017e-03   5.7937424e-03   8.9512603e-04
   9.9449115e-02   1.4844854e-01   3.8126951e-01  -1.3207111e-03   5.8922932e-03   8.9153999e-04
   9.8505390e-02   1.6262851e-01   3.6866947e-01  -1.3959870e-03   5.8376426e-03   1.1036777e-03
   9.2511850e-02   1.7623197e-01   3.8227831e-01  -1.5676259e-03   5.7978771e-03   1.1338412e-03
   7.6851045e-02   1.8055024e-01   3.3597311e-01  -1.7459068e-03   5.8472837e-03   9.2115069e-04
   9.0573573e-02   1.6361142e-01   3.5154785e-01  -1.9460019e-03   6.2281749e-03   8.1644748e-04
   8.9071160e-02   1.5977711e-01   3.3623851e-01  -2.3201629e-03   6.2598357e-03   7.3472546e-04
   9.6174951e-02   1.6653193e-01   3.5562848e-01  -2.3947314e-03   6.3318119e-03   9.7300181e-04
   1.0151651e-01   1.6944209e-01   3.7863737e-01  -2.3202810e-03   6.1199757e-03   1.1522113e-03
   8.3806441e-02   1.8772502e-01   4.1695912e-01  -2.4451866e-03   6.0493015e-03   1.0544556e-03
   8.6013782e-02   1.5909177e-01   3.0667471e-01  -1.9899805e-03   5.6464824e-03   9.8529984e-04
   9.6559725e-02   2.3136658e-01   3.2895399e-01  -1.3014734e-03   5.7303560e-03   1.1369174e-03
   1.0344204e-01   1.9053387e-01   3.6270346e-01  -1.3014677e-04   5.7544138e-03   7.8899176e-04
   1.8549445e-01   1.4051388e-02   1.8036459e-01  -1.5559183e-03   6.1927807e-03   2.1751907e-04
   1.5441192e-01   4.5551501e-02   1.3846678e-01  -1.6174175e-04   6.1905594e-03   5.7599600e-04
   1.3421296e-01   9.1181973e-02   1.2256024e-01  -7.4107519e-04   5.9776514e-03   1.1811943e-03
   1.4073608e-01   9.2244984e-02   1.5479749e-01  -1.0120597e-03   6.1941214e-03   1.0073739e-03
   1.3269603e-01   1.0317545e-01   1.4044350e-01  -9.3200825e-04   6.2775423e-03   7.0295792e-04
   1.2001310e-01   7.0705888e-02   1.6607602e-01  -1.3269108e-03   6.3026412e-03   5.4832316e-04
   1.3228192e-01   8.7899519e-02   1.4178630e-01  -1.3734874e-03   6.2353144e-03   6.3569018e-04
   1.3570902e-01   9.8982986e-02   1.2377244e-01  -1.3957634e-03   6.1597325e-03   5.9171636e-04
   1.3714701e-01   1.0556091e-01   1.1159344e-01  -1.3154133e-03   6.4943166e-03   7.1344776e-04
   1.2091378e-01   1.1867817e-01   1.3976663e-01  -1.8101714e-03   6.5565320e-03   8.3622678e-04
   1.1542723e-01   1.0089363e-01   1.6346214e-01  -1.8303037e-03   6.6392511e-03   7.3551858e-04
   1.2480390e-01   9.8431915e-02   1.5764894e-01  -1.8685053e-03   6.8550902e-03   7.1945579e-04
   1.1915990e-01   1.2107851e-01   1.5895719e-01  -1.4584145e-03   6.9389329e-03   8.3630522e-04
   1.1790587e-01   1.1030098e-01   1.4395803e-01  -1.4686851e-03   6.7031726e-03   9.1207383e-04
   1.0031113e-01   1.1611880e-01   1.4237043e-01  -1.4098253e-03   6.5280102e-03   1.1512756e-03
   9.0669804e-02   1.1222118e-01   1.7420628e-01  -1.6668691e-03   6.7445756e-03   1.3732064e-03
   9.1246405e-02   1.0216960e-01   1.7409133e-01  -1.9498790e-03   6.9201069e-03   1.2018895e-03
   9.2894661e-02   1.0477557e-01   1.7359918e-01  -1.8501143e-03   6.9771165e-03   1.3095717e-03
   1.0479012e-01   1.1409260e-01   1.9606864e-01  -1.6224937e-03   7.0596912e-03   1.5713602e-03
   1.0476816e-01   9.7361091e-02   1.9267939e-01  -2.1865211e-03   7.3360651e-03   1.6715893e-03
   1.0421615e-01   1.0718809e-01   1.8006832e-01  -1.5101429e-03   7.3197486e-03   1.8807770e-03
   1.1604686e-01   9.4804153e-02   1.8295993e-01  -2.3893220e-03   7.4321921e-03   1.7720337e-03
   1.2093657e-01   1.0222788e-01   1.7326706e-01  -2.2255684e-03   7.3366871e-03   1.8640804e-03
   1.4184088e-01   1.2123978e-01   1.7493299e-01  -1.7192137e-03   7.5888630e-03   1.7800614e-03
   1.3492480e-01   1.0360134e-01   1.7392598e-01  -1.7810200e-03   7.4905391e-03   1.9448169e-03
   1.2163353e-01   1.1827417e-01   1.8530678e-01  -2.0040415e-03   7.4285323e-03   1.9387073e-03
   1.1249367e-01   9.2941943e-02   1.8174569e-01  -2.2528017e-03   7.3027288e-03   1.9262714e-03
   1.3306006e-01   1.2277943e-01   1.8652208e-01  -1.6745143e-03   7.6611866e-03   1.7407475e-03
   1.3709423e-01   1.2043190e-01   1.6438372e-01  -1.6409000e-03   7.6209167e-03   1.8056379e-03
   1.3103501e-01   1.1549972e-01   1.3420438e-01  -1.9331161e-03   7.2498715e-03   1.5780448e-03
   1.2601993e-01   1.1596944e-01   1.0920211e-01  -1.7402008e-03   7.3027136e-03   1.6216708e-03
   1.4365796e-01   1.2401656e-01   1.4287929e-01  -1.4881885e-03   7.5912777e-03   1.5795560e-03
   1.3482719e-01   1.1806426e-01   1.4228352e-01  -1.6673560e-03   7.2703492e-03   1.6514079e-03
   1.0959425e-01   1.3141781e-01   1.7011386e-01  -1.3960848e-03   7.2548253e-03   1.7408420e-03
   1.1807640e-01   1.3095431e-01   1.6349788e-01  -1.6448907e-03   7.3563379e-03   1.6600000e-03
   1.1526834e-01   1.2661368e-01   1.5232670e-01  -1.4960566e-03   7.2446211e-03   1.7849422e-03
   1.1094532e-01   1.3810175e-01   1.8871551e-01  -1.0887684e-03   7.1222748e-03   2.1696502e-03
   1.0471437e-01   1.3782409e-01   2.1533197e-01  -1.5387919e-03   7.3571251e-03   2.2009316e-03
   1.2300476e-01   1.0527296e-01   1.7661302e-01  -2.1672516e-03   7.5538849e-03   2.0341979e-03
   1.3471201e-01   1.2555506e-01   1.6611734e-01  -1.4803533e-03   7.4190786e-03   2.2600168e-03
   1.1344535e-01   1.1933012e-01   1.9746044e-01  -1.9771398e-03   7.1923726e-03   2.1872363e-03
   1.1472016e-01   1.5699777e-01   1.9663712e-01  -1.2415788e-03   7.6521221e-03   2.0106342e-03
   1.1467807e-01   1.0573248e-01   1.8375382e-01  -1.7507058e-03   7.4426953e-03   2.0963467e-03
   1.1520430e-01   9.6939799e-02   2.0001629e-01  -2.1412741e-03   7.3031367e-03   2.2469842e-03
   1.2939609e-01   1.1236021e-01   2.1235353e-01  -2.3141430e-03   7.6628362e-03   2.1754661e-03
   1.2581383e-01   1.0800564e-01   1.8915094e-01  -2.3127837e-03   7.9366087e-03   2.1590122e-03
   1.1547675e-01   1.0460561e-01   1.7614230e-01  -2.2905984e-03   7.8159060e-03   2.2393835e-03
   1.1260233e-01   8.7891975e-02   1.9143669e-01  -2.4962716e-03   7.7134356e-03   2.2954350e-03
   1.0427963e-01   8.4225421e-02   1.8900341e-01  -2.5257830e-03   7.6259398e-03   2.3368388e-03
   1.0239887e-01   6.3275094e-02   1.8623419e-01  -2.6009848e-03   7.6796461e-03   2.3026110e-03
   1.0347820e-01   1.0046274e-01   1.5813171e-01  -2.1844232e-03   7.4099926e-03   2.5319612e-03
   1.0103529e-01   8.3990195e-02   1.6715337e-01  -2.3802931e-03   7.2342864e-03   2.5020738e-03
   1.1810515e-01   8.8377043e-02   1.9521855e-01  -2.3801428e-03   7.5419423e-03   2.4549093e-03
   1.2083574e-01   8.2460705e-02   1.6698625e-01  -2.6985366e-03   7.5864076e-03   2.3848520e-03
   1.0956504e-01   1.1004301e-01   1.5982806e-01  -2.6203850e-03   7.1511725e-03   2.5782435e-03
   1.2247909e-01   1.2375756e-01   1.6171391e-01  -2.1572809e-03   7.4501621e-03   2.4135235e-03
   1.1617991e-01   1.2428908e-01   1.6108419e-01  -2.3254763e-03   7.2933003e-03   2.5969280e-03
   9.9103101e-02   1.0202814e-01   1.5587650e-01  -2.6403460e-03   7.1330951e-03   2.4516178e-03
   1.0645451e-01   8.7390020e-02   1.6829947e-01  -2.9849971e-03   7.2899683e-03   2.5387209e-03
   1.0892636e-01   4.9623133e-02   1.9003245e-01  -3.3098710e-03   7.5093083e-03   2.5934417e-03
   1.2096982e-01   8.9043096e-02   1.8576424e-01  -2.8494570e-03   7.6815494e-03   2.6127342e-03
   1.1608777e-01   8.6232463e-02   1.5886740e-01  -2.7884097e-03   7.4915683e-03   2.3815940e-03
   1.2104657e-01   9.9282111e-02   1.8719023e-01  -2.6261248e-03   7.3331704e-03   2.6608869e-03
   1.3371424e-01   9.8964036e-02   2.0374389e-01  -2.7717444e-03   7.6505733e-03   2.5033375e-03
   1.2184952e-01   7.8369887e-02   1.7172639e-01  -3.4327473e-03   7.5170076e-03   2.5982591e-03
   9.4091686e-02   2.5363886e-01   1.6066478e-01  -3.5548422e-03   7.3557117e-03   2.0356913e-03
   1.7237699e-01   2.9957395e-01  -6.2905045e-02  -8.2746597e-04   6.9332344e-03   8.7398407e-04
   4.3757821e-02   1.3863788e-01   1.2115841e-01  -1.5221058e-03   6.0361090e-03   1.4745672e-03
   3.3096625e-02   1.7827973e-01   1.3356205e-01  -1.8043306e-03   6.2599337e-03   1.6260305e-03
   2.3766847e-02   1.8353522e-01   1.5341994e-01  -1.6990645e-03   6.2567425e-03   1.9835088e-03
   3.0922200e-02   2.4302929e-01   1.7538218e-01  -1.4073838e-03   6.5231868e-03   1.8986364e-03
   1.6564765e-02   2.1749274e-01   2.1958589e-01  -1.8946979e-03   6.4937653e-03   2.0290973e-03
   1.8202280e-02   1.8162911e-01   2.3927623e-01  -1.9072267e-03   6.5802107e-03   1.9306936e-03
   2.3413879e-02   1.6529513e-01   2.1576516e-01  -1.9690301e-03   6.4954386e-03   2.2726432e-03
   2.7641316e-02   1.9113310e-01   2.2229151e-01  -1.9024994e-03   6.4053443e-03   2.2979906e-03
   1.5822858e-02   2.2917076e-01   2.0665888e-01  -7.9866282e-04   6.1802824e-03   2.2400997e-03
   4.2017386e-03   1.5438628e-01   2.1034092e-01  -1.7665185e-03   6.1476637e-03   2.3023120e-03
   1.1828598e-02   1.8154618e-01   2.0255128e-01  -1.8612967e-03   6.1633698e-03   2.3155271e-03
   3.5229953e-02   1.7671549e-01   2.2428348e-01  -1.5936826e-03   6.3710554e-03   2.2960548e-03
   3.1893492e-02   1.9669318e-01   2.0175520e-01  -1.2110140e-03   6.1704932e-03   2.7560017e-03
   6.0771973e-03   2.0713905e-01   1.5251442e-01  -1.0581689e-03   5.8095704e-03   2.4830157e-03
   4.7078026e-03   1.9140378e-01   1.3545856e-01  -1.1763888e-03   5.7224815e-03   2.3645828e-03
   1.3316694e-03   1.7682584e-01   1.3592056e-01  -1.3895621e-03   5.5731451e-03   2.5463493e-03
   1.3031124e-02   2.2404766e-01   1.0346091e-01  -7.3975119e-04   5.6617435e-03   2.2002719e-03
   2.1539651e-02   2.2450988e-01   1.1527182e-01  -4.6507365e-04   5.9340392e-03   2.3089785e-03
   1.8339372e-02   2.1200914e-01   1.4840881e-01  -1.2772472e-03   5.8864491e-03   2.2675444e-03
   8.4580062e-03   2.1198690e-01   1.5996783e-01  -1.3843386e-03   5.9330954e-03   2.1867976e-03
   7.3550259e-03   2.2193917e-01   1.5112550e-01  -1.0838836e-03   5.9126592e-03   2.1324651e-03
   4.8526488e-03   2.0264947e-01   1.5586372e-01  -5.1010887e-04   6.0600198e-03   2.4068603e-03
  -4.7093132e-03   2.2985278e-01   1.6037008e-01  -7.4283604e-04   5.5934806e-03   2.4168331e-03
  -8.5454090e-03   2.1379941e-01   1.6733825e-01  -7.2067782e-04   5.8754519e-03   2.4064939e-03
   8.9422037e-03   2.3494430e-01   1.4698040e-01  -3.5809194e-04   6.0110353e-03   2.2743717e-03
   3.1437422e-02   2.1251726e-01   1.4720590e-01  -1.0962248e-03   6.1203464e-03   2.3732998e-03
   1.1689668e-02   2.6264304e-01   1.7366472e-01  -4.7906920e-04   5.8328447e-03   2.6902518e-03
  -4.4697160e-03   2.3268706e-01   1.7548365e-01  -8.5650915e-04   5.7900241e-03   3.1649340e-03
  -1.0049694e-03   2.0337464e-01   1.6892634e-01  -8.2548447e-04   6.0685873e-03   2.5830162e-03
  -4.2469796e-03   1.8729895e-01   1.5164555e-01  -1.7171932e-03   5.9600381e-03   2.4460168e-03
   7.0165004e-03   2.3635548e-01   1.1031069e-01  -1.0706406e-03   6.2271363e-03   2.2184505e-03
   1.0363892e-01   2.1243976e-01  -5.6939252e-03   3.1022246e-03   6.6682854e-03   1.7538066e-03
   9.0696425e-02   2.0442994e-01  -1.0062503e-01   2.4722561e-03   6.3141997e-03   1.8576096e-03
   9.3232154e-02   2.3613341e-01  -1.1912544e-01   3.2853951e-03   6.7965282e-03   1.7503871e-03
   5.7403414e-02   2.0636716e-01  -9.8853961e-02   2.3579979e-03   6.4367804e-03   2.7329030e-03
   5.3449502e-02   2.1904806e-01  -8.0115350e-02   1.5035289e-03   6.7664134e-03   2.9225520e-03
   3.5912283e-02   1.9226236e-01  -9.1215751e-02   9.0118668e-04   6.8711354e-03   2.7354781e-03
   3.9351364e-02   1.8610520e-01  -8.0390071e-02   8.7857954e-04   6.8405518e-03   2.7788339e-03
   3.7801603e-02   1.8599310e-01  -3.6219102e-02   4.3166689e-04   6.7795485e-03   3.0317958e-03
   5.6305733e-02   2.0586236e-01  -5.9430765e-02   7.7159634e-04   7.0009261e-03   3.0196519e-03
   5.3201133e-02   2.0106302e-01  -4.6393312e-02   7.8800967e-04   6.9625077e-03   3.2779208e-03
   3.9403112e-02   1.9906683e-01  -2.9594850e-02   9.8176077e-04   6.6703923e-03   3.2603766e-03
   4.4301477e-02   1.8219444e-01  -1.4395166e-03   9.1602561e-04   6.8337150e-03   3.1556158e-03
   4.9992744e-02   1.6072210e-01  -1.8221220e-02   6.5933186e-04   6.8542126e-03   2.9642655e-03
   5.0944914e-02   1.8646671e-01  -3.9061752e-02   6.6702919e-04   6.8046779e-03   3.1233921e-03
   6.0360927e-02   2.4412955e-01  -5.9904698e-02   1.8193213e-03   6.9860533e-03   3.0892151e-03
   6.3460079e-02   1.8199684e-01  -5.3331889e-02   8.3189078e-04   6.9804813e-03   3.2033065e-03
   5.6923090e-02   1.7820883e-01  -4.8938708e-02   6.8850534e-04   6.7812489e-03   3.5855882e-03
   7.0210500e-02   2.7084798e-01  -2.3940621e-02   2.0742960e-03   6.8415340e-03   3.7909212e-03
   7.4506174e-02   1.8951316e-01  -3.4257836e-02   6.0631613e-04   7.2633275e-03   3.2117580e-03
   5.7527739e-02   1.7793338e-01  -6.3482178e-02   4.0002846e-04   6.8851093e-03   3.4334196e-03
   7.7636842e-02   2.0433665e-01  -4.7589092e-02   1.0389301e-03   7.3049084e-03   3.4401922e-03
   7.6160670e-02   2.6110516e-01  -6.6355556e-02   1.6663642e-03   7.1966131e-03   3.2293723e-03
   6.7115395e-02   2.0390470e-01  -5.3966018e-02   8.4363889e-04   6.9658619e-03   3.6103649e-03
   7.2032884e-02   1.8347253e-01  -7.6605105e-02   4.8382652e-04   7.0440997e-03   3.5109206e-03
   7.3379512e-02   1.8513146e-01  -9.0920767e-02   2.0006172e-04   7.0793583e-03   3.4959990e-03
   6.7802963e-02   2.0523759e-01  -7.6510101e-02   5.3387773e-04   6.9496796e-03   3.3824884e-03
   6.7792125e-02   2.0616708e-01  -1.0140757e-01   9.3260910e-04   7.2565725e-03   3.3135703e-03
   7.6942357e-02   2.2189099e-01  -2.9792019e-01   1.0274040e-03   6.7509138e-03   3.1649629e-03
   6.4721208e-02   1.8007177e-01  -1.7630267e-01   2.6040455e-04   6.7399480e-03   3.1390359e-03
   5.5517129e-02   1.4764291e-01  -1.4452400e-01   4.5050642e-05   6.8929073e-03   3.1235561e-03
   5.7638963e-02   1.5796323e-01  -1.7669282e-01  -3.2794517e-05   7.0103412e-03   3.1157544e-03
   5.9660428e-02   1.8302045e-01  -1.4256399e-01   5.2649088e-04   7.2533071e-03   3.3204142e-03
   6.7876367e-02   2.1062766e-01  -1.5756769e-01   6.2476790e-04   7.2569698e-03   3.4280979e-03
   6.4644376e-02   2.0897820e-01  -1.4807109e-01   6.5401227e-04   7.1407597e-03   3.5561006e-03
   6.6581525e-02   2.1839593e-01  -1.2679177e-01   7.9940309e-04   7.4129242e-03   3.6160732e-03
   8.2111187e-02   1.9226968e-01  -1.3858599e-01   6.4693017e-05   7.5484998e-03   3.5321330e-03
   8.9210936e-02   2.1098466e-01  -1.8830429e-01   4.2323098e-04   7.5416371e-03   3.5178352e-03
   8.1138411e-02   1.9679213e-01  -1.5865031e-01  -4.4299295e-05   7.3039636e-03   3.9782479e-03
   8.2324691e-02   1.9022609e-01  -1.4274890e-01   1.4847995e-04   7.3065893e-03   4.0416952e-03
   7.0303240e-02   2.1833321e-01  -1.3502234e-01   1.0037411e-03   7.1611090e-03   4.3526095e-03
   1.4339884e-01   2.1586004e-01  -1.7192068e-01  -3.5807893e-04   7.9056043e-03   3.1750166e-03
   1.0337487e-01   2.2993360e-01  -1.3652014e-01   1.8620045e-04   7.6393591e-03   3.0964816e-03
   8.1283542e-02   2.5531251e-01  -1.2547641e-01   1.5667532e-04   7.0374325e-03   3.3292651e-03
   8.4565701e-02   2.4481662e-01  -1.1260837e-01  -1.5145681e-04   7.1602104e-03   3.3570431e-03
   1.0238326e-01   2.6125122e-01  -1.2761657e-01   3.4505785e-04   7.4366287e-03   3.2010502e-03
   1.0046436e-01   2.6186205e-01  -1.2527341e-01   3.6113893e-04   7.2557586e-03   3.2299114e-03
   8.2839530e-02   2.5408818e-01  -1.0247918e-01  -4.0443357e-05   7.2006516e-03   3.5102015e-03
   7.0602866e-02   2.2952660e-01  -9.8040763e-02  -3.3662151e-04   7.3409872e-03   3.6201114e-03
   8.7853689e-02   2.1333028e-01  -1.1829221e-01  -6.3295202e-04   7.5492656e-03   3.2853056e-03
   8.3944310e-02   2.2666844e-01  -1.3029750e-01  -3.1599286e-04   7.3372982e-03   3.4568516e-03
   1.0477040e-01   2.3061815e-01  -1.3706440e-01  -1.2114214e-04   7.5731637e-03   3.2736066e-03
   9.6123009e-02   2.1568053e-01  -1.1052731e-01   8.9846544e-05   7.5327711e-03   3.5941537e-03
   1.1187551e-01   2.2094123e-01  -4.7945097e-02  -1.9882294e-04   7.0835619e-03   4.2312338e-03
   1.3060912e-01   2.1668723e-01  -2.2092396e-02  -2.5719181e-04   7.4311333e-03   4.0746803e-03
   1.1963139e-01   2.2226388e-01  -3.6552967e-02  -5.4069836e-04   7.2366143e-03   4.0832634e-03
   1.3584400e-01   2.0205473e-01  -4.0680757e-02  -6.4824022e-04   7.1987793e-03   4.3935391e-03
   1.3578155e-01   2.3746286e-01  -5.5148004e-02   1.0781645e-04   7.3522173e-03   4.4024405e-03
   9.1678300e-02   2.4002740e-01  -5.9454467e-02   5.5944632e-04   6.6252686e-03   4.7984675e-03
   7.3662372e-02   2.7799309e-01  -6.4974534e-02   2.0358134e-03   5.9984702e-03   5.1866572e-03
  -8.1749802e-02   1.6759099e-01  -1.9075438e-01   2.6005598e-03   4.7729051e-03   4.4089715e-03
   1.4252794e-01   2.9431171e-01  -2.7136982e-01   5.2466664e-03   6.8922013e-03   3.0171752e-03
   1.8556053e-01   3.0246368e-01  -2.8376047e-01   4.7985409e-03   6.7843378e-03   2.6433482e-03
   2.0293008e-01   2.9962179e-01  -2.0106882e-01   4.6477003e-03   6.9180355e-03   2.4766423e-03
   1.8602288e-01   2.8232599e-01  -2.0852736e-01   3.8620173e-03   6.9750900e-03   2.5072234e-03
   1.6747673e-01   2.8928590e-01  -1.7007186e-01   3.5021597e-03   6.8157775e-03   2.5960236e-03
   1.6862742e-01   2.4624986e-01  -1.7392920e-01   3.0655875e-03   7.0235753e-03   2.3895013e-03
   1.9436255e-01   2.5357918e-01  -1.5764483e-01   3.0054844e-03   7.3085588e-03   2.5650974e-03
   2.0597415e-01   2.4718439e-01  -1.2968448e-01   2.8368616e-03   7.2270323e-03   2.9134132e-03
   2.0847687e-01   2.1827620e-01  -1.4500767e-01   2.2302289e-03   7.1261016e-03   2.9441164e-03
   1.9591521e-01   2.1246028e-01  -1.4666072e-01   1.9471558e-03   6.9756998e-03   2.5811183e-03
   1.9936212e-01   2.1319772e-01  -1.6469437e-01   2.0391605e-03   7.1327495e-03   2.6910881e-03
   2.0384340e-01   2.3326326e-01  -1.8322787e-01   2.3153540e-03   7.0200935e-03   2.8424222e-03
   1.9810630e-01   2.3976717e-01  -1.5457020e-01   2.2066471e-03   6.9411648e-03   2.9821977e-03
   1.9779319e-01   2.1886032e-01  -1.7276002e-01   1.8723802e-03   6.7673794e-03   2.9677949e-03
   1.9212311e-01   1.7672756e-01  -1.7689836e-01   1.6784561e-03   7.1722582e-03   2.5238033e-03
   1.7491940e-01   2.0658837e-01  -1.9165308e-01   1.4274657e-03   6.9701535e-03   2.5645445e-03
   1.8276469e-01   2.4359149e-01  -1.7155368e-01   1.7794838e-03   7.1211296e-03   2.6398531e-03
   1.9293019e-01   2.3600055e-01  -1.7979130e-01   1.5072901e-03   7.3576609e-03   2.2825796e-03
   1.8583976e-01   2.3690806e-01  -1.8918206e-01   2.2324121e-03   6.8517647e-03   2.9026727e-03
   1.7304258e-01   2.2500794e-01  -1.9205836e-01   1.9301372e-03   6.6958156e-03   2.6892625e-03
   1.7047716e-01   2.5014109e-01  -2.0554214e-01   1.9735694e-03   6.8464322e-03   2.5069262e-03
   1.7538509e-01   2.4221865e-01  -1.9763073e-01   2.2277798e-03   6.8093662e-03   2.4350408e-03
   1.7033197e-01   2.3765119e-01  -1.9876806e-01   2.3793150e-03   6.7555771e-03   2.6766584e-03
   1.6353631e-01   2.3695986e-01  -2.0918612e-01   1.8111277e-03   6.7888459e-03   2.7556036e-03
   1.5373972e-01   2.5679007e-01  -1.9079593e-01   1.8090809e-03   6.5284030e-03   2.9457280e-03
   1.7839661e-01   2.3441441e-01  -1.9321328e-01   1.3724936e-03   6.9242172e-03   2.7183147e-03
   1.8561185e-01   2.1807407e-01  -2.1884130e-01   1.5460500e-03   6.8362739e-03   2.9117510e-03
   2.0123671e-01   2.4645275e-01  -2.2853143e-01   1.7272771e-03   6.9808271e-03   2.9111213e-03
   2.0948528e-01   2.8405211e-01  -2.3055009e-01   2.4116450e-03   6.9376047e-03   2.8769506e-03
   2.1047815e-01   2.7664673e-01  -2.1559121e-01   2.3168529e-03   6.8480115e-03   2.9466064e-03
   1.7888228e-01   2.7933733e-01  -2.0285814e-01   2.9452145e-03   6.8673565e-03   2.6377710e-03
   1.6391889e-01   2.6291012e-01  -2.2459141e-01   2.2701278e-03   6.4424166e-03   2.5716441e-03
   1.6232171e-01   2.6478817e-01  -2.4961340e-01   2.0837871e-03   6.5082427e-03   2.6839929e-03
   1.7726739e-01   2.7500105e-01  -2.5742472e-01   2.6648440e-03   6.6304815e-03   2.8693004e-03
   1.6958116e-01   2.7247368e-01  -3.7037279e-01   2.8316355e-03   6.2792366e-03   2.7940078e-03
   1.6398820e-01   2.6599840e-01  -3.4370061e-01   2.7793028e-03   6.3589938e-03   2.6030894e-03
   1.8160559e-01   2.5504402e-01  -2.9019649e-01   2.6728367e-03   6.5512969e-03   2.7016923e-03
   1.7901330e-01   2.1681047e-01  -2.5776117e-01   1.8204796e-03   6.5950349e-03   2.5680310e-03
   1.8494104e-01   2.6400145e-01  -2.9418644e-01   2.3715954e-03   6.6254831e-03   2.6174377e-03
   1.8469916e-01   2.9464647e-01  -2.5443303e-01   2.6145206e-03   6.5492701e-03   2.8379625e-03
   1.6742255e-01   2.6629915e-01  -2.4866575e-01   3.2098840e-03   6.3123803e-03   3.2104097e-03
   2.1263420e-01   2.1941026e-01  -2.9293731e-01   2.1271104e-03   6.9699749e-03   2.0053401e-03
   1.8975361e-01   2.3582886e-01  -3.2696682e-01   1.9638880e-03   6.3115680e-03   2.1788128e-03
   2.2981043e-01   2.7940010e-01  -2.5650304e-01   2.5768545e-03   6.5818561e-03   2.2422380e-03
   2.5986405e-01   2.5928882e-01  -2.3352840e-01   2.5096238e-03   6.5678692e-03   2.6512247e-03
   2.3402148e-01   2.8488300e-01  -2.5333041e-01   2.8119991e-03   6.3259501e-03   2.6073849e-03
   2.3890890e-01   2.9950731e-01  -2.4092846e-01   3.0643826e-03   6.1513360e-03   2.4352106e-03
   2.4060442e-01   2.6753431e-01  -1.9726111e-01   2.6542366e-03   6.2087670e-03   2.4814762e-03
   2.3777497e-01   2.7547748e-01  -2.0476966e-01   2.5851958e-03   6.1386401e-03   2.4892266e-03
   2.2295451e-01   2.6525146e-01  -1.9382220e-01   2.5829726e-03   5.9198966e-03   2.6830068e-03
   2.3650029e-01   2.8172933e-01  -1.9614429e-01   2.3340076e-03   6.2668538e-03   2.6987542e-03
   2.3355596e-01   2.7478249e-01  -2.2638969e-01   2.9396730e-03   6.2423719e-03   2.7346357e-03
   2.4786947e-01   2.7476241e-01  -2.1888567e-01   3.0335808e-03   6.0974191e-03   2.6483341e-03
   2.4976341e-01   4.0045582e-01  -3.1745987e-01   5.0538881e-03   5.4755902e-03   3.4993616e-03
   2.5140329e-01   3.2596828e-01  -8.0369435e-02   1.3723649e-03   5.4991737e-03   3.0211087e-03
   2.1515200e-01   3.1443769e-01  -1.2284894e-01   1.9660598e-03   5.1016636e-03   3.0565836e-03
   2.0126778e-01   3.2108633e-01  -1.2092449e-01   1.5493690e-03   5.1873832e-03   3.5559585e-03
   1.9509749e-01   3.2439033e-01  -7.5979743e-02   1.2448351e-03   5.0925573e-03   3.7656104e-03
   1.9874048e-01   2.6592702e-01  -8.9276152e-02   9.8535564e-04   5.3005772e-03   3.6849589e-03
   1.9853871e-01   2.5882602e-01  -9.3614906e-02   8.8597672e-04   5.2144481e-03   3.9887386e-03
   1.8371857e-01   3.1759657e-01  -1.3495615e-01   1.8974106e-03   5.0023359e-03   3.8297684e-03
   1.9856767e-01   2.9397828e-01  -1.4828678e-01   1.3841500e-03   5.0734700e-03   3.9165853e-03
