   0.0000000e+00  -1.0964708e-14   0.0000000e+00   6.1629758e-33  -4.2764235e-50  -5.2041704e-18
  -5.4382143e-03   9.2576315e-03   1.0541658e-01  -1.0353270e-03   1.0752341e-04  -2.7546488e-04
  -1.7886055e-02  -1.7121395e-02   1.3018754e-01  -1.2420455e-03   6.1589948e-05  -2.8608767e-04
   2.8088136e-03  -2.1836540e-02   1.5502065e-01  -2.8075121e-03  -6.2554629e-05  -2.1354439e-04
   3.7518746e-02  -7.2036276e-02   2.0446325e-01  -4.1352312e-03   1.2243589e-03  -2.6849509e-05
   2.0969208e-02  -3.6119295e-02   1.9413587e-01  -4.2524060e-03   1.3133305e-03  -2.6637704e-04
   2.5260285e-02  -7.1953162e-02   1.8533594e-01  -4.9267506e-03   1.4340465e-03  -8.4852466e-05
   3.0983593e-02  -3.6817672e-02   1.4158120e-01  -4.6432237e-03   1.3406018e-03  -1.4562993e-04
   3.0890706e-02  -4.5443700e-02   2.5700100e-01  -5.2135699e-03   2.2458196e-03  -7.2168654e-04
   2.3095892e-02  -5.7536986e-02   1.8501606e-01  -4.8289730e-03   2.1244846e-03  -1.9845625e-04
   1.1635174e-02  -6.7966808e-02   2.1832548e-01  -5.2598554e-03   1.5827738e-03  -2.3832467e-04
   1.1998497e-02  -3.7460584e-02   2.0141186e-01  -5.7748299e-03   1.6968175e-03   6.0196926e-06
  -2.6714507e-03  -4.4319825e-02   2.7311719e-01  -6.0160376e-03   2.2574313e-03  -1.5029695e-04
   9.1264957e-03  -5.2711466e-02   2.2866818e-01  -5.6913346e-03   2.2299973e-03  -2.1979373e-05
   1.0925634e-02  -4.8643053e-02   2.5934433e-01  -6.8384094e-03   2.4888761e-03  -2.7089116e-04
   2.6618074e-02  -7.6668283e-02   2.1768425e-01  -6.3741895e-03   2.2636672e-03   4.5374734e-05
   3.2184759e-02  -2.4947087e-02   2.0974328e-01  -6.2486619e-03   2.4757963e-03  -1.4682465e-04
   1.7298295e-02  -6.1155706e-02   2.2669557e-01  -6.6638651e-03   2.0419404e-03  -1.7114975e-04
   2.1175264e-02  -3.3767420e-02   1.9980400e-01  -6.9780640e-03   2.1044720e-03  -1.8746694e-04
   1.5701969e-02  -7.1928750e-02   2.4699716e-01  -7.3672460e-03   1.9464820e-03  -1.7670662e-04
   3.0602525e-02  -4.0212670e-02   1.8714932e-01  -7.1969224e-03   2.0725595e-03  -3.1149327e-04
   2.8260627e-02  -3.6132307e-02   2.0784819e-01  -7.6781691e-03   2.0030164e-03  -4.6617250e-04
   3.7964063e-02  -4.4580338e-02   1.9775443e-01  -7.1331181e-03   1.8258918e-03  -1.6475600e-04
   4.8056831e-02  -1.0974527e-02   1.8539902e-01  -7.3190519e-03   2.1179099e-03  -2.1240215e-04
   4.0480831e-02  -5.8933771e-02   2.2771186e-01  -7.2685586e-03   2.0695410e-03  -6.3329499e-06
   8.8797215e-02   1.7728781e-03   2.0639903e-01  -6.8351883e-03   2.7396203e-03  -1.3873449e-04
   5.1887117e-02  -1.0617856e-01   1.9990536e-01  -6.7041743e-03   2.1284017e-03   1.8760639e-04
   5.5851795e-02  -5.1306572e-02   1.6272996e-01  -6.6912354e-03   2.2281690e-03  -5.2490718e-05
   4.2594985e-02  -6.1843323e-02   1.9195877e-01  -7.1693129e-03   2.3018709e-03  -1.7691325e-04
   4.1570655e-02  -4.5651081e-02   1.6678258e-01  -6.7233465e-03   2.1407606e-03   4.5554464e-05
   4.3888771e-02  -1.0591561e-02   1.7582461e-01  -6.4613510e-03   2.2727758e-03  -2.0342785e-04
   3.8736041e-02  -5.9813973e-02   1.8861750e-01  -6.7448768e-03   2.0223552e-03  -2.2432529e-04
   4.9730175e-02  -2.3225669e-02   1.9296678e-01  -6.9034230e-03   2.0061771e-03  -1.7720424e-04
   4.6335471e-02  -4.6498191e-02   2.5065382e-01  -6.5478580e-03   1.1421189e-03   4.4857302e-04
   6.3083846e-02  -2.1248879e-02   1.9454913e-01  -7.4395657e-03   1.7377683e-03   1.0935818e-04
   5.7524700e-02  -5.4641775e-02   2.0139293e-01  -7.2927411e-03   1.7243782e-03   1.0384712e-04
   4.9580111e-02  -5.9341121e-02   3.3360830e-01  -7.6000163e-03   2.3044439e-03  -2.7973442e-04
   8.1300315e-02  -2.6724521e-02   3.9604134e-01  -8.0681839e-03   3.4004882e-03  -7.8170896e-04
   2.9674941e-02  -3.8657772e-02   3.8915455e-01  -9.0972462e-03   3.6851587e-03  -9.2374961e-04
   6.3793739e-03   1.1453306e-02   3.9529878e-01  -8.8016210e-03   3.7868840e-03  -1.2021251e-03
  -1.1662336e-03  -2.8643631e-02   4.1048501e-01  -8.9245224e-03   3.4518775e-03  -1.2920431e-03
   2.8307477e-02   8.3989342e-03   4.3721001e-01  -9.7648809e-03   3.3852494e-03  -1.0862117e-03
   1.6280725e-02  -5.5945548e-02   4.4033282e-01  -9.3745573e-03   3.1731090e-03  -4.8793905e-04
   1.5731189e-02   9.5289845e-03   4.1307834e-01  -8.9685215e-03   3.6911841e-03  -7.2221387e-04
   1.1891684e-02  -4.8958087e-02   4.2276208e-01  -9.2387933e-03   3.3273090e-03  -6.6513447e-04
   2.1672583e-02   1.3200599e-02   3.9915345e-01  -9.1473277e-03   3.3566981e-03  -5.4382406e-04
   2.4239317e-02  -5.0889155e-04   4.4550409e-01  -9.4370840e-03   3.6495350e-03  -8.8292260e-04
   1.0593622e-02  -2.1114185e-02   4.3073081e-01  -9.0429297e-03   3.3053610e-03  -5.3822753e-04
   1.8195633e-02   2.8756718e-02   4.5743686e-01  -9.3422856e-03   3.7664249e-03  -7.9517825e-04
   2.8673315e-03  -3.0717078e-02   4.4439709e-01  -8.4155794e-03   3.9045128e-03  -5.6988109e-04
  -1.0848951e-02   7.5685314e-02   5.2461388e-01  -8.7285634e-03   4.5122557e-03  -1.6568417e-03
  -2.1031709e-02  -9.8097447e-03   4.5970196e-01  -7.2905913e-03   3.9057593e-03  -7.9116638e-04
  -1.7781762e-02   3.5194682e-02   4.9562835e-01  -8.5837712e-03   4.5329962e-03  -1.3621856e-03
  -3.1821547e-02  -2.1830527e-02   4.9000184e-01  -8.4144009e-03   4.2139675e-03  -8.7586429e-04
  -3.8764226e-02   1.4172078e-02   4.9625746e-01  -8.5233257e-03   4.4542050e-03  -1.2730672e-03
  -3.7372963e-02  -3.2655048e-02   5.0714285e-01  -8.6087294e-03   4.7040904e-03  -1.0359249e-03
  -1.9691405e-02   1.9535144e-02   4.6740861e-01  -8.7579022e-03   4.7554504e-03  -1.2560133e-03
  -2.6889216e-02  -4.0038235e-02   5.0344018e-01  -8.9849028e-03   4.2338688e-03  -1.0338645e-03
  -1.5517913e-02   1.8602539e-02   4.7301241e-01  -8.6323301e-03   4.2554565e-03  -7.8620278e-04
  -3.0572086e-02  -2.8907000e-03   5.3779176e-01  -8.9709286e-03   4.2066800e-03  -1.1296465e-03
  -2.9513924e-02   1.7695250e-02   4.9119352e-01  -8.4182764e-03   4.1398623e-03  -8.0788247e-04
  -3.0372119e-02   2.2175131e-02   5.2956203e-01  -8.9888539e-03   4.3369530e-03  -1.1740159e-03
  -4.2639643e-02  -2.6482429e-03   5.1120922e-01  -8.8780218e-03   4.4122071e-03  -1.0535569e-03
  -5.6533539e-02   8.7640684e-02   5.9241248e-01  -9.0452247e-03   5.1296163e-03  -1.8102511e-03
  -4.0423062e-02  -1.4928476e-02   4.9554892e-01  -8.1921828e-03   4.6411677e-03  -9.6974296e-04
  -4.2652823e-02   1.8486662e-02   5.3467499e-01  -8.4064476e-03   5.2704266e-03  -1.0347512e-03
  -4.1813225e-02   1.5125945e-02   5.1381190e-01  -7.5178290e-03   5.4286380e-03  -6.8535267e-04
  -3.2500869e-02   3.7064213e-02   5.5412538e-01  -8.2154680e-03   5.4713423e-03  -1.0819482e-03
  -2.7173783e-02  -8.6077376e-03   5.3098324e-01  -7.9023384e-03   5.2682040e-03  -7.9643819e-04
  -1.8608321e-02   2.9553768e-02   5.2752237e-01  -8.2467043e-03   5.4043704e-03  -1.1070261e-03
  -1.5583913e-02  -5.1223102e-03   5.2990200e-01  -7.9283610e-03   5.4463471e-03  -5.3254652e-04
  -5.3979289e-03   4.6159897e-02   5.1796259e-01  -8.0886347e-03   5.5558317e-03  -8.5594828e-04
  -1.7221649e-02  -2.3575527e-04   5.5609713e-01  -8.5146928e-03   5.3704662e-03  -7.6922162e-04
   9.6992760e-04   8.8086256e-02   5.9548680e-01  -7.1916331e-03   5.9525247e-03  -1.3673243e-03
  -1.1767143e-02  -4.2886378e-02   5.1368354e-01  -7.7323163e-03   5.5085314e-03  -6.0104695e-04
  -5.7545267e-03   5.7029898e-02   4.9185628e-01  -7.4819535e-03   5.8066900e-03  -7.5212950e-04
  -5.0526663e-03   2.3883093e-02   5.0588146e-01  -7.4418624e-03   5.9006374e-03  -4.1456559e-04
  -7.1970648e-03   5.6744600e-02   5.0081297e-01  -7.1655435e-03   5.9358028e-03  -6.3526588e-04
  -1.0464577e-03   6.8806983e-03   5.3083973e-01  -7.9591843e-03   5.7166430e-03  -7.4987025e-04
   8.7217553e-03   8.7344197e-02   5.9814752e-01  -7.1406673e-03   5.9410893e-03  -1.3428598e-03
  -3.6491991e-03  -2.3690086e-02   4.7577375e-01  -5.9178569e-03   5.6096205e-03  -5.8400960e-04
  -1.6311486e-02   1.8372307e-02   5.2567029e-01  -7.2559959e-03   5.4995295e-03  -8.5656402e-04
  -1.1871630e-02   2.7458624e-02   4.8644215e-01  -7.0918350e-03   5.3823814e-03  -4.6770754e-04
  -1.8783917e-03   4.5255513e-02   5.3273958e-01  -7.3663845e-03   5.8108340e-03  -8.2417205e-04
   2.0196652e-03   3.5067942e-02   5.1158329e-01  -7.2546381e-03   5.8796416e-03  -5.2626814e-04
   1.8268867e-02   5.1141507e-02   5.2879879e-01  -7.3923409e-03   6.1006652e-03  -3.8141045e-04
   6.8488031e-03   1.1348832e-02   5.4005128e-01  -7.2016701e-03   6.0411836e-03  -2.3431029e-04
   1.8549252e-02   3.8590543e-02   4.9343974e-01  -7.1786962e-03   6.4407112e-03  -6.7893357e-05
   1.5621635e-02   3.3407593e-02   5.2852429e-01  -5.6974153e-03   6.4894890e-03   3.6494851e-04
   2.5133385e-02   1.7299845e-02   4.8210355e-01  -7.1652383e-03   6.3500576e-03   2.4341859e-04
   2.6367143e-02  -2.2404176e-02   5.1314087e-01  -7.4324613e-03   6.3291243e-03   2.2711778e-04
   4.1026156e-02   2.2951892e-02   4.5323832e-01  -7.3911336e-03   6.3065759e-03   3.7636179e-04
   3.0941328e-02   3.2265260e-02   5.4630320e-01  -7.0295196e-03   6.3404451e-03   3.2722103e-05
   7.1990722e-02   7.5663562e-02   4.7178024e-01  -4.6964014e-03   6.5592703e-03   6.7237751e-04
   4.4625035e-02   9.1466563e-03   4.9775621e-01  -6.1165961e-03   6.3365325e-03   4.9643849e-04
   5.0654163e-02   5.0770110e-02   4.6814428e-01  -5.8549602e-03   6.4750885e-03   4.6348666e-04
   4.8857919e-02   3.9274827e-02   4.9782545e-01  -6.1254965e-03   6.5184067e-03   3.0925418e-04
   5.1853365e-02   4.5364398e-02   4.5382795e-01  -5.8997849e-03   6.4610587e-03   6.3159915e-04
   4.4397109e-02   5.1959165e-02   4.9361286e-01  -6.1805105e-03   6.5006188e-03   3.0466475e-04
   4.1117204e-02   4.1978825e-02   4.3481585e-01  -6.0014616e-03   6.5037203e-03   3.2008632e-04
   3.8462976e-02   3.4161894e-02   5.0594332e-01  -7.0212649e-03   6.4581641e-03  -1.8187265e-04
   5.1800636e-02   6.1128589e-02   4.8566885e-01  -5.8287148e-03   6.8590518e-03   3.6669919e-05
   5.1470205e-02  -1.7226962e-03   4.5531358e-01  -5.8538709e-03   6.6079690e-03   4.4671148e-04
   6.0815221e-02   7.2802310e-02   4.5069541e-01  -6.0250831e-03   6.6386168e-03   2.5178562e-04
   4.7706151e-02   7.7000101e-03   5.0340583e-01  -6.2298866e-03   6.6239104e-03   3.2153023e-04
   4.8655963e-02   2.6090235e-02   4.6215078e-01  -5.6420239e-03   6.5766373e-03   5.9314424e-04
   5.3349803e-02   2.7777559e-02   4.9872472e-01  -6.1103716e-03   6.7019233e-03   4.5251248e-04
   5.3421615e-02   4.9028600e-02   4.3847634e-01  -4.5244693e-03   6.7211627e-03   6.4875508e-04
   4.9767245e-02   4.8583082e-02   5.0029435e-01  -6.4674184e-03   6.5886766e-03   8.9476236e-05
   5.5728329e-02   4.3786288e-02   4.3846033e-01  -5.6167192e-03   6.4846193e-03   4.9050937e-04
   5.9526781e-02   7.6967377e-02   4.7560984e-01  -6.3481684e-03   6.6270005e-03   2.6255822e-04
   5.9639677e-02   4.1498475e-02   4.5694817e-01  -5.9678950e-03   6.5542148e-03   7.1006997e-04
   4.4336221e-02   1.1317494e-01   6.5980364e-01  -6.0490112e-03   7.1154731e-03  -1.0868507e-03
   1.0657219e-01   9.6732248e-02   5.4636154e-01  -3.4272769e-03   6.0169837e-03  -7.5453158e-04
   9.1419728e-02  -1.5672123e-02   3.2296586e-01  -4.2667116e-03   5.6370321e-03   4.5348587e-04
   7.0842794e-02   9.9977219e-02   4.2423820e-01  -2.8647672e-03   5.1836897e-03   2.6266729e-04
   6.5696228e-02   8.2490743e-02   4.5949949e-01  -3.5609409e-03   5.3259081e-03   3.3189541e-04
   7.6308548e-02   1.3228060e-01   5.4154027e-01  -4.3840985e-03   6.0055726e-03   6.8792711e-04
   7.1441801e-02   1.0540228e-01   5.4509546e-01  -3.9057432e-03   6.0518242e-03   4.0218022e-04
   7.7368765e-02   6.7592919e-02   5.1422853e-01  -4.5151259e-03   5.9569739e-03   3.1016222e-04
   7.8948091e-02   4.3924356e-02   4.8474245e-01  -3.8787887e-03   5.9281842e-03   6.3028671e-04
   8.2468815e-02   6.9012281e-02   4.7750792e-01  -4.8035914e-03   6.1278680e-03   4.5406033e-04
   7.8661345e-02   4.6124769e-02   4.8231275e-01  -3.9483689e-03   6.0312114e-03   7.7517660e-04
   7.6837629e-02   8.4832992e-02   4.6081500e-01  -4.6220800e-03   6.1871971e-03   4.8963236e-04
   6.5985254e-02   6.9832534e-02   5.3120147e-01  -4.3443456e-03   6.0252514e-03   6.1738180e-04
   8.4574024e-02   1.0677050e-01   4.8078103e-01  -5.0066809e-03   6.2260655e-03   3.5533260e-04
   8.0600461e-02   4.8771130e-02   4.4867079e-01  -4.3869276e-03   6.0664124e-03   6.5545588e-04
   8.8822967e-02   1.0171925e-01   4.1531717e-01  -4.2682718e-03   6.2077685e-03   4.1049556e-04
   7.4336401e-02   6.5743859e-02   4.3755258e-01  -4.3107132e-03   6.1986014e-03   3.4869646e-04
   8.3311437e-02   1.1163738e-01   4.0797483e-01  -3.5859315e-03   6.2738294e-03   7.5573594e-04
   5.9246450e-02   7.9792355e-02   5.3282662e-01  -5.0330689e-03   6.7642585e-03  -4.7587412e-04
   7.5130134e-02   1.4771883e-01   5.8617849e-01  -2.5449803e-03   6.7013659e-03  -5.4302553e-04
   6.7429754e-02   6.0510030e-02   4.4282144e-01  -3.1341448e-03   6.1724558e-03   5.7464556e-04
   8.5515242e-02   1.5303671e-01   4.5519564e-01  -3.8429767e-03   6.2009729e-03   6.9413362e-05
   7.0335282e-02   1.1231667e-01   4.4479892e-01  -3.3545933e-03   6.3383708e-03   2.4124017e-04
   1.0487900e-01   1.4703197e-01   3.9486786e-01  -3.6861920e-03   6.4427602e-03   2.5266400e-04
   8.8097310e-02   1.0765432e-01   4.5111383e-01  -3.6346051e-03   6.2962315e-03   5.5117341e-04
   1.0096291e-01   1.3166413e-01   3.9531568e-01  -2.7955742e-03   6.6623364e-03   8.5060991e-04
   8.8135709e-02   1.2869267e-01   4.3314324e-01  -1.9848167e-03   6.4567438e-03   4.1906556e-04
   7.4500855e-02   6.9730772e-02   4.2705946e-01  -3.2765388e-03   6.3587247e-03   6.3192647e-04
   9.8326520e-02   6.9389191e-02   4.4888469e-01  -4.5472173e-03   6.2787346e-03   5.9084395e-04
   8.2563963e-02   3.6693078e-02   4.1391349e-01  -3.6485778e-03   6.4929617e-03   1.0160780e-03
   1.0003155e-01   1.0252891e-01   4.1128237e-01  -3.5460045e-03   6.6242930e-03   9.7060548e-04
   1.0502195e-01   8.2138419e-02   4.1933853e-01  -3.1201741e-03   6.8720922e-03   1.2511181e-03
   1.0609524e-01   1.3813278e-01   4.0647978e-01  -3.0155538e-03   6.8678337e-03   9.4526100e-04
   9.1420633e-02   5.1669913e-02   4.5360482e-01  -3.7518667e-03   6.5997290e-03   8.2730628e-04
   9.7710321e-02   1.0700143e-01   4.1356806e-01  -2.7818059e-03   6.5823424e-03   1.1220871e-03
   8.9195002e-02   8.6137238e-02   4.6340485e-01  -2.6363988e-03   6.5054580e-03   9.8389359e-04
   9.6316256e-02   1.4882915e-01   4.2444770e-01  -2.8656090e-03   6.5867165e-03   7.1349804e-04
   9.5763085e-02   9.3501976e-02   4.4673792e-01  -3.2792163e-03   6.6426842e-03   7.0046724e-04
   9.8813143e-02   1.3367595e-01   4.0591452e-01  -2.3987331e-03   6.5770157e-03   9.8698784e-04
   8.5250201e-02   1.2689888e-01   4.5722953e-01  -2.5161967e-03   6.8390374e-03   6.3581645e-04
   1.0042127e-01   2.4068666e-01   6.0878751e-01  -5.6767655e-04   7.2487873e-03  -3.9853691e-04
   7.8291172e-02   1.2381368e-01   4.3383482e-01  -8.4720052e-04   6.4659132e-03   8.5839759e-04
   7.5421218e-02   1.8004955e-01   4.7154505e-01  -1.4166437e-03   6.4042255e-03   5.3152928e-04
   6.1576315e-02   1.3510824e-01   4.8815427e-01  -2.2967557e-03   6.0447085e-03   2.8067437e-04
   8.6799398e-02   1.4484695e-01   4.5072653e-01  -2.0688682e-03   6.0954974e-03   4.9589566e-04
   6.7564794e-02   1.4049479e-01   4.8332634e-01  -1.2579751e-03   6.1651567e-03   6.2959566e-04
   7.4050913e-02   1.6347277e-01   4.5109071e-01  -1.6062349e-03   6.1535988e-03   8.4028486e-04
   7.5521472e-02   1.5483369e-01   5.0564052e-01  -2.2057150e-03   6.2871363e-03   4.8911860e-04
   8.1846616e-02   1.5878559e-01   4.4489187e-01  -1.8961714e-03   6.2581649e-03   5.8573757e-04
   7.2949704e-02   1.2143337e-01   5.0575246e-01  -2.8410932e-03   6.0819326e-03   5.9975215e-04
   8.5238823e-02   1.1312654e-01   4.3267348e-01  -2.6898058e-03   6.4122839e-03   7.5030330e-04
   7.7940356e-02   1.0629840e-01   4.8170025e-01  -2.2751716e-03   6.4239640e-03   6.4809741e-04
   8.2039078e-02   1.4438062e-01   4.1392819e-01  -1.7910375e-03   6.2291026e-03   6.4177637e-04
   6.6448676e-02   1.3156356e-01   5.2893813e-01  -2.1760506e-03   6.4779394e-03   2.1362051e-05
   6.8765847e-02   2.8222885e-01   8.2947504e-01   1.0922767e-03   6.2679783e-03  -1.1503887e-03
   1.1562020e-01   6.5205871e-02   5.6244687e-01   3.5459355e-04   5.8600101e-03   3.9162116e-05
   9.0176741e-02   1.0795632e-01   4.9311439e-01  -1.4137133e-03   5.4243255e-03   1.0615662e-04
   1.0653545e-01   1.6353844e-01   4.9393086e-01  -1.9462765e-03   5.2048120e-03   3.7653231e-04
   1.1203070e-01   1.5405367e-01   5.5851717e-01  -2.0594869e-03   4.9523058e-03   4.5535530e-04
   1.1587494e-01   1.8482709e-01   5.7829736e-01  -1.9276371e-03   5.2890863e-03   4.6501428e-04
   1.2383363e-01   1.8739359e-01   6.2207924e-01  -1.6456624e-03   5.2632446e-03   5.9504255e-04
   1.0799379e-01   1.7917976e-01   6.2126783e-01  -2.0518647e-03   5.3149365e-03   4.4035587e-04
   1.2499437e-01   1.8906031e-01   6.0478998e-01  -1.3439352e-03   5.2034180e-03   4.9982134e-04
   1.1139975e-01   1.9162760e-01   5.7733979e-01  -4.0889986e-04   5.5123468e-03   3.6614315e-04
   1.0693838e-01   2.0257950e-01   6.0192090e-01  -9.3272925e-04   5.5450812e-03   4.6778932e-05
   8.5845817e-02   1.6653014e-01   5.7266084e-01   1.5345781e-04   5.4932654e-03   2.4110529e-04
   9.9103392e-02   2.2499232e-01   6.0502088e-01   8.7741180e-04   5.8846870e-03   3.2036104e-04
   8.3832293e-02   1.7641534e-01   5.9831269e-01   3.4389306e-04   5.9492817e-03   5.0146292e-04
   9.8276890e-02   2.5951458e-01   5.9957431e-01   5.4348505e-04   6.1467567e-03   1.9485236e-05
   9.4822868e-02   1.8953319e-01   5.6254428e-01   1.3081005e-03   6.1273955e-03   5.8236068e-04
   1.1138008e-01   2.5526933e-01   5.6655425e-01   8.9703969e-04   6.4028156e-03   2.8737784e-04
   9.2864710e-02   2.2057431e-01   5.8049696e-01   1.5096182e-03   6.4117365e-03   5.7787482e-04
   1.0594160e-01   2.8305147e-01   6.0168663e-01   1.2262727e-03   6.5817743e-03   2.3634750e-04
   8.9426317e-02   2.1869916e-01   6.0695672e-01   1.9594874e-03   6.5199472e-03   5.7558907e-04
   9.4812642e-02   2.8998845e-01   5.9869700e-01   2.1805645e-03   6.7907365e-03   3.3019148e-04
   9.3481321e-02   2.1884853e-01   5.8434203e-01   1.9993219e-03   6.3502518e-03   6.6603677e-04
   1.0633931e-01   2.8665855e-01   5.8412297e-01   2.0728503e-03   6.6641323e-03   7.0187637e-04
   1.0591014e-01   1.6447537e-01   5.6525454e-01   5.8265222e-04   6.3450194e-03   5.2623290e-04
   1.1611636e-01   1.9454451e-01   5.2233336e-01   5.2591790e-04   6.4893692e-03   5.4053261e-04
   1.1307362e-01   1.6996837e-01   5.7247647e-01   4.8807759e-04   6.4526949e-03   5.0686131e-04
   1.1350742e-01   2.1959984e-01   5.4420458e-01   9.2731804e-04   6.4478636e-03   6.3844393e-04
   1.0619941e-01   2.2454672e-01   5.9032787e-01   1.4140639e-03   6.4974121e-03   6.3967896e-04
   1.1723452e-01   1.5001923e-01   4.2759507e-01   1.7202896e-03   6.3607948e-03   7.3054141e-04
   1.1817279e-01   2.5789306e-01   5.2606779e-01   1.9580124e-03   7.0321125e-03   6.9854521e-04
   1.1461341e-01   2.2875433e-01   4.9122579e-01   2.4069655e-03   6.8704575e-03   9.4821729e-04
   1.3488831e-01   2.7903382e-01   5.0264796e-01   2.6422135e-03   7.1948084e-03   9.3497693e-04
   1.3169448e-01   2.2235921e-01   5.1165513e-01   2.1683980e-03   7.0261286e-03   1.0094751e-03
   1.3919631e-01   2.2832245e-01   4.9982994e-01   1.8749807e-03   6.9841467e-03   7.8375135e-04
   1.2158664e-01   1.7043271e-01   4.9999390e-01   2.1640331e-03   6.7604561e-03   1.1436930e-03
   1.3556970e-01   2.2744287e-01   4.7091353e-01   2.4916802e-03   6.8564378e-03   1.2881417e-03
   1.4227422e-01   1.9638916e-01   4.9343120e-01   1.9105648e-03   6.9196075e-03   1.0087817e-03
   1.4748898e-01   2.2051099e-01   4.3387271e-01   2.2454186e-03   6.6902671e-03   1.4083272e-03
   1.5181445e-01   2.2614715e-01   4.6987934e-01   1.9074475e-03   6.9864413e-03   1.4357073e-03
   1.4265730e-01   1.9398210e-01   4.5800876e-01   2.8283250e-03   6.7664322e-03   1.7368818e-03
   1.4640852e-01   2.6962340e-01   5.3441309e-01   2.6086419e-03   7.1157880e-03   1.2015528e-03
   1.3416827e-01   2.2653163e-01   5.6914288e-01   3.7023873e-03   7.2706441e-03   1.8709765e-03
   1.5244953e-01   2.1102956e-01   5.0841345e-01   1.5716103e-03   7.2379099e-03   1.4815940e-03
   1.5035349e-01   2.0279186e-01   5.3205332e-01   2.7348025e-03   6.9577484e-03   2.0226481e-03
   1.5546710e-01   2.7854652e-01   5.2626520e-01   3.2214748e-03   7.1323520e-03   1.6665704e-03
   1.3428234e-01   2.4552324e-01   5.6522571e-01   3.6944992e-03   7.2820477e-03   1.7239419e-03
   1.3950567e-01   2.7426122e-01   5.2860301e-01   2.3235869e-03   7.5395684e-03   1.3375988e-03
   1.3251781e-01   2.0326340e-01   5.5908339e-01   2.1407708e-03   7.2755470e-03   1.4205507e-03
   1.2182204e-01   2.5506016e-01   5.6247224e-01   2.5515935e-03   7.5393552e-03   1.2905594e-03
   1.2283786e-01   2.2473266e-01   5.6899774e-01   3.1286720e-03   7.4239491e-03   1.4551262e-03
   1.1899676e-01   2.6633796e-01   5.3391900e-01   3.3325294e-03   7.4245787e-03   1.4652178e-03
   1.0361712e-01   2.8548407e-01   7.2689147e-01   4.3487618e-03   7.8023072e-03   1.7825934e-04
   1.1411302e-01   4.3618416e-01   9.3282080e-01   8.6099271e-03   7.8008232e-03  -2.2768760e-04
   2.0029537e-01   2.3318165e-01   4.8496072e-01   7.2668776e-03   6.4356280e-03   3.1428116e-04
   1.2161288e-01   2.8002823e-01   5.3254920e-01   9.2951065e-03   6.3570468e-03   6.4595619e-04
   1.1049600e-01   3.0458538e-01   5.9478020e-01   7.1453238e-03   5.9531445e-03   1.8433082e-04
   1.1042216e-01   3.2650880e-01   5.5013884e-01   6.8516690e-03   6.1071778e-03   1.4872919e-04
   1.1460341e-01   2.5634942e-01   5.9900702e-01   5.1962266e-03   5.5444772e-03   4.8161877e-04
   1.3732416e-01   3.1011739e-01   5.5918135e-01   6.1809520e-03   6.3967914e-03   3.9958362e-04
   1.1878132e-01   2.4658893e-01   5.9634139e-01   5.7085689e-03   6.3410226e-03   6.2607038e-04
   1.3635908e-01   2.7047613e-01   5.8539919e-01   6.4910905e-03   6.6941406e-03   1.1134539e-03
   1.3363283e-01   2.6775333e-01   6.1685186e-01   6.7213282e-03   6.4036022e-03   8.7085602e-04
   1.2523737e-01   2.6132320e-01   5.9619103e-01   6.7066794e-03   6.8424765e-03   8.1106481e-04
   1.4289773e-01   2.8172854e-01   5.9372721e-01   6.9943450e-03   6.9173716e-03   1.0016624e-03
   1.4374675e-01   2.6370985e-01   5.6623670e-01   7.5605426e-03   6.9989973e-03   1.4906139e-03
   1.5321841e-01   3.4179520e-01   5.7078121e-01   7.6758133e-03   7.2860697e-03   9.7803460e-04
   1.3949709e-01   2.9469454e-01   5.5521031e-01   7.4553132e-03   7.2222058e-03   1.3255517e-03
   1.4668354e-01   3.4351440e-01   5.4308253e-01   7.6292616e-03   7.4814377e-03   9.6712843e-04
   1.2162069e-01   3.1231770e-01   5.9552457e-01   8.5755766e-03   7.8511219e-03   1.2193510e-03
   1.3395740e-01   3.7170340e-01   6.1716340e-01   7.8921455e-03   7.8022265e-03   6.1678502e-04
   1.1550474e-01   3.1224227e-01   5.4995461e-01   9.4377334e-03   7.8987613e-03   1.0926851e-03
   1.0645229e-01   4.0190248e-01   6.2677942e-01   9.6808951e-03   8.2343085e-03   2.0671339e-04
   9.6912050e-02   3.2857723e-01   5.4663040e-01   9.7973155e-03   8.1364505e-03   8.7387934e-04
   9.7731985e-02   3.9633909e-01   5.6430080e-01   1.0157583e-02   8.4299733e-03   5.7968088e-04
   8.8304219e-02   3.4424251e-01   5.5304763e-01   1.0632251e-02   8.0129978e-03   6.9875518e-04
   7.3389604e-02   4.2654112e-01   6.0008666e-01   1.0470096e-02   8.4457234e-03   7.4708471e-05
   8.3506918e-02   3.4455073e-01   5.2696579e-01   1.0978805e-02   7.8845013e-03   6.1826217e-04
   6.8804153e-02   4.3862631e-01   5.8972878e-01   1.0520538e-02   7.9642669e-03  -1.3954835e-04
   7.3434657e-02   3.6350004e-01   5.4565535e-01   1.1902227e-02   7.9524553e-03   6.1691645e-04
   8.0948924e-02   4.2581965e-01   6.0076875e-01   9.8340147e-03   7.8950195e-03   1.5106764e-04
   7.4418958e-02   3.3847780e-01   5.6112486e-01   1.0255161e-02   7.8137694e-03   3.8609276e-04
   5.5132202e-02   4.5505143e-01   6.2433356e-01   1.0135729e-02   8.4302607e-03  -6.0868578e-04
   5.1302932e-02   3.6459335e-01   5.6090100e-01   1.0927707e-02   8.2391274e-03   2.2948293e-04
   5.4945505e-02   3.9440926e-01   6.6019806e-01   9.1572946e-03   8.4349258e-03  -5.4394867e-04
   6.2259969e-02   2.7201895e-01   5.0644728e-01   9.4302346e-03   8.1355272e-03   3.3502995e-04
   6.3449845e-02   3.5885214e-01   5.5569895e-01   9.6258405e-03   8.3032932e-03   1.3988555e-04
   6.8722452e-02   3.3951046e-01   5.7082660e-01   1.0141005e-02   8.0660741e-03   4.0385110e-04
   6.9056910e-02   4.0776651e-01   5.6797292e-01   1.1433121e-02   8.2257077e-03   5.7031125e-04
   4.2599970e-02   4.0577841e-01   6.6097985e-01   1.1286352e-02   8.0552429e-03   8.3147075e-05
   3.4170646e-02   4.1334212e-01   6.2310507e-01   1.1288923e-02   8.0811071e-03  -2.7968767e-05
   2.7519210e-02   4.2524505e-01   6.8131369e-01   1.1539163e-02   8.0130819e-03  -1.9379200e-04
   8.3378583e-03   4.6637401e-01   6.5550811e-01   1.2986364e-02   7.9303219e-03   1.3177767e-04
  -1.2334932e-03   4.7085431e-01   6.8741317e-01   1.1490367e-02   7.4371171e-03  -1.1117053e-04
   3.7460737e-02   4.0500863e-01   5.9831407e-01   1.0592431e-02   7.9027410e-03  -7.5710655e-04
   2.7575693e-02   3.2306985e-01   6.0206993e-01   1.0826040e-02   7.7858304e-03  -4.1192668e-04
   4.2593472e-02   4.2282305e-01   5.7299363e-01   1.1463134e-02   8.2203920e-03  -5.6567737e-04
   1.7194506e-02   4.3467595e-01   6.6807148e-01   1.2846035e-02   7.9849250e-03  -4.2445794e-04
   1.4491302e-02   4.9852069e-01   6.6970205e-01   1.2471914e-02   7.9497420e-03  -4.4317144e-04
   6.0286411e-03   4.6330061e-01   8.1425454e-01   1.2323012e-02   7.6582790e-03  -1.2847210e-03
   3.7761722e-02   5.1833193e-01   9.7761074e-01   1.4250721e-02   7.1844382e-03  -1.4447739e-03
   1.4093039e-02   3.9989225e-01   5.6200990e-01   1.4153890e-02   7.2002897e-03   2.4091800e-05
   1.1193604e-02   5.2212956e-01   6.4264804e-01   1.4635671e-02   7.6404793e-03  -3.8957326e-04
  -1.5446073e-02   4.7674360e-01   6.5440179e-01   1.5263094e-02   7.7765038e-03  -3.7785319e-04
  -4.4937165e-03   5.2895622e-01   6.9738589e-01   1.4302855e-02   7.7050151e-03  -4.2858233e-04
  -2.3739811e-02   3.7295942e-01   4.7898259e-01   1.2527197e-02   7.6653230e-03  -9.8272227e-04
  -4.1945469e-03   3.5077030e-01   5.6641360e-01   1.1308465e-02   8.1341114e-03  -1.2465141e-03
   2.8684576e-04   3.2182830e-03  -6.6033530e-02   1.8309037e-02   2.0362232e-03  -1.7450285e-03
  -2.5255632e-02   4.1004462e-01  -1.0203873e-01   1.5700512e-02   2.3521915e-03  -2.5036916e-03
  -1.7474180e-02   4.0197728e-01  -2.4931624e-02   1.6003814e-02   2.5068633e-03  -2.1929531e-03
  -1.3653375e-02   3.8009824e-01  -4.3427096e-02   1.5915243e-02   2.1955649e-03  -2.4138551e-03
   1.5227453e-01   5.0766897e-01  -9.4935158e-02   1.4893756e-02   1.5116194e-03  -1.5776842e-03
   1.3471089e-01   4.1417718e-01  -4.7592290e-02   1.6407623e-02   1.9562076e-03  -9.3546168e-04
   1.1905530e-01   5.1324786e-01  -2.7877691e-02   1.7422084e-02   2.7315326e-03  -1.2323181e-03
   7.9977527e-02   5.7623906e-01  -6.0842969e-02   1.9541053e-02   3.0528735e-03  -6.9632752e-04
   8.7257073e-02   5.5110639e-01   9.9461161e-03   1.6304408e-02   1.9554598e-03  -7.2273649e-04
   6.0413965e-02   3.8177591e-01  -2.4722356e-02   1.2558736e-02   2.4076162e-03  -1.7957500e-03
   8.2757194e-02   4.2792520e-01  -1.3552216e-02   1.2811801e-02   2.6142287e-03  -1.9964919e-03
   6.5361650e-02   4.1797426e-01  -4.4483991e-03   1.2662318e-02   2.5406471e-03  -1.9959634e-03
   6.9653359e-02   4.5115124e-01  -1.1201711e-02   1.3641651e-02   2.6887500e-03  -1.6839027e-03
   4.7395040e-02   5.1604706e-01   1.4546831e-01   1.4521605e-02   3.1791514e-03  -1.6518205e-03
   3.1423507e-02   5.2028767e-01   1.4516360e-01   1.5604728e-02   3.3178931e-03  -1.1895216e-03
   5.6743951e-03   6.0788353e-01   4.3192203e-01   1.5856073e-02   4.3370961e-03  -2.4700420e-03
   5.5687487e-03   5.8888662e-01   4.9026185e-01   1.6424553e-02   4.3354396e-03  -2.5161188e-03
  -2.0084151e-02   4.7708391e-01   3.8702236e-01   1.6358703e-02   4.3248753e-03  -1.3012818e-03
  -4.0284241e-02   6.1355470e-01   4.0887751e-01   1.7524624e-02   4.9010191e-03  -1.8001327e-03
  -4.2556373e-02   5.7935252e-01   4.2713581e-01   1.8149037e-02   4.4739238e-03  -1.3397039e-03
  -5.0657461e-02   6.2183220e-01   4.1964175e-01   1.6855050e-02   4.5755185e-03  -1.7361969e-03
  -3.3740370e-02   4.9785989e-01   4.2300977e-01   1.6278907e-02   4.2974803e-03  -1.8645136e-03
  -5.2432222e-02   5.5496612e-01   4.3149534e-01   1.7422702e-02   4.6843534e-03  -1.8188943e-03
  -5.6737054e-02   5.8591977e-01   4.8116317e-01   1.6444780e-02   4.4234203e-03  -1.8481788e-03
  -4.6799089e-02   5.6402904e-01   3.9912616e-01   1.6873296e-02   4.3232858e-03  -1.7743829e-03
  -6.2646054e-02   5.9440155e-01   4.6253226e-01   1.7494077e-02   4.6186807e-03  -2.1607589e-03
  -7.8433629e-02   5.8510873e-01   4.2866733e-01   1.8338419e-02   4.7823682e-03  -1.8595269e-03
  -7.2181918e-02   6.4586022e-01   4.7709914e-01   1.7180488e-02   4.8441928e-03  -2.0164577e-03
  -4.8729139e-02   4.7280071e-01   3.4508047e-01   1.6337570e-02   4.4856081e-03  -1.8580735e-03
  -4.4726213e-02   5.5354984e-01   3.9754759e-01   1.6769976e-02   4.7464188e-03  -2.3130766e-03
  -6.4218475e-02   5.5310284e-01   4.1783814e-01   1.6112684e-02   4.2882707e-03  -1.8814355e-03
  -3.5359429e-02   4.7309189e-01   3.6405587e-01   1.4160221e-02   4.4011009e-03  -2.6977332e-03
  -4.7711105e-02   4.6273748e-01   3.5034480e-01   1.4600047e-02   4.4157480e-03  -2.0293446e-03
  -3.7824950e-02   5.6836147e-01   3.9187610e-01   1.4992966e-02   4.9295965e-03  -2.1868739e-03
  -4.5077675e-02   5.0154499e-01   3.8512361e-01   1.5237491e-02   4.6157051e-03  -2.1002024e-03
  -3.1382542e-02   5.7763460e-01   3.7901728e-01   1.5500846e-02   4.8739121e-03  -1.9600936e-03
  -4.8970920e-02   5.4243179e-01   4.0806769e-01   1.5348787e-02   4.6597652e-03  -1.8117300e-03
  -2.6645630e-02   5.6957762e-01   3.7339453e-01   1.5372428e-02   4.5941498e-03  -1.8074208e-03
  -4.9491065e-02   5.6031359e-01   5.0114260e-01   1.5327862e-02   4.4606771e-03  -1.4354183e-03
  -5.0060993e-02   6.5790893e-01   5.7013850e-01   1.6429399e-02   4.6056056e-03  -1.1953004e-03
  -3.7233623e-02   5.5843067e-01   4.9304868e-01   1.7183322e-02   4.3650314e-03  -1.2003685e-03
  -4.5212015e-02   6.3228953e-01   4.5340987e-01   1.7890949e-02   4.6749973e-03  -9.4091677e-04
  -3.9892390e-02   6.6020591e-01   4.7760248e-01   1.8678057e-02   4.5622541e-03  -1.3141378e-03
  -6.1159191e-02   6.6534875e-01   4.6040745e-01   1.9186778e-02   4.6146628e-03  -1.0412645e-03
  -5.5418706e-02   6.8504778e-01   5.3992329e-01   1.8230059e-02   4.4755334e-03  -1.6222012e-03
  -6.1443603e-02   5.9757639e-01   4.6646450e-01   1.8493349e-02   4.2294266e-03  -1.1498850e-03
  -5.3500061e-02   6.9729842e-01   8.6585110e-01   1.8533773e-02   4.6287230e-03  -2.2023947e-03
  -2.4004593e-02   5.4918176e-01   5.8872155e-01   1.8189209e-02   3.8793968e-03  -9.1869993e-04
  -6.4333635e-02   6.0630010e-01   5.8750603e-01   1.9027392e-02   3.9124545e-03  -7.4202011e-04
  -7.9362040e-02   6.4163003e-01   5.7410377e-01   2.0013407e-02   4.3195658e-03  -4.3553329e-04
  -5.8066182e-02   6.9773546e-01   6.0880059e-01   2.1218953e-02   4.3176872e-03  -5.9043079e-04
  -6.4079354e-02   6.3930535e-01   6.0277122e-01   2.0163722e-02   4.2152338e-03  -8.9702853e-05
  -5.5526987e-02   6.8576373e-01   6.0414893e-01   1.9569134e-02   4.2334774e-03  -5.4065346e-04
  -8.0749845e-02   6.1763577e-01   6.0344996e-01   2.0579345e-02   4.1221057e-03  -3.0254418e-04
  -7.3455266e-02   6.7290522e-01   6.4103318e-01   1.9394491e-02   4.2671131e-03  -1.1147827e-03
  -6.5614375e-02   6.1199511e-01   5.9734905e-01   1.9022997e-02   4.1241459e-03  -9.2966100e-04
  -5.5144920e-02   5.4692851e-01   5.0952544e-01   1.8262592e-02   4.0994874e-03  -1.2463957e-03
  -5.8826016e-02   5.3592191e-01   5.4041714e-01   1.8931732e-02   4.0803994e-03  -1.3100290e-03
  -8.3460860e-02   6.8686898e-01   5.6317879e-01   2.0773349e-02   4.5418298e-03  -1.3027426e-03
  -1.1721722e-01   6.7459225e-01   6.2432173e-01   1.9645993e-02   4.1704277e-03  -1.4681568e-03
  -1.0698403e-01   7.1726123e-01   6.5578083e-01   1.8502672e-02   4.2039516e-03  -2.7064589e-03
  -1.1207671e-01   4.7707300e-01   5.2896288e-01   1.7831914e-02   3.8430508e-03  -2.0816693e-03
  -1.0012187e-01   6.4724559e-01   5.6799500e-01   1.9124307e-02   4.1773115e-03  -2.2120254e-03
  -1.3841204e-01   7.2422148e-01   7.1932133e-01   1.9101282e-02   4.1682283e-03  -1.6068391e-03
  -6.8747005e-02   6.1154658e-01   3.3894986e-01   1.9402566e-02   4.1661418e-03  -2.0355698e-03
  -1.1504601e-01   5.6193187e-01   4.3931740e-01   1.8529951e-02   4.2399527e-03  -1.6689363e-03
  -1.0070274e-01   6.1069874e-01   4.8117086e-01   1.8977564e-02   4.6507083e-03  -1.5576017e-03
  -1.1662408e-01   5.9479333e-01   5.3718659e-01   1.8899219e-02   4.4783245e-03  -1.3966595e-03
  -1.0034290e-01   6.2706000e-01   4.9971600e-01   1.9002186e-02   4.4616365e-03  -1.4025799e-03
  -1.3311202e-01   6.2955360e-01   6.2178512e-01   1.9657638e-02   5.2030407e-03  -2.2363634e-03
  -1.6588421e-01   7.7980555e-01   9.8880553e-01   2.2343704e-02   6.9334574e-03  -3.2587032e-03
  -8.6362111e-02   6.0508590e-01   3.8427985e-01   2.0769994e-02   5.1050882e-03  -1.9674403e-03
  -1.4039069e-01   5.7436876e-01   3.6732553e-01   2.0873422e-02   4.4080841e-03  -1.4395971e-03
  -7.6561756e-02   4.9090155e-01   8.5361106e-02   2.1377608e-02   3.9983015e-03  -1.1536292e-03
  -1.2930061e-01   7.0375101e-01   4.0236366e-01   2.0440778e-02   4.6489221e-03  -1.7534512e-03
  -1.3180267e-01   6.6482893e-01   3.9344107e-01   2.1826671e-02   4.3785400e-03  -1.2631872e-03
  -1.4871977e-01   7.0520566e-01   3.9651473e-01   2.2473506e-02   4.0105762e-03  -1.3255704e-03
  -1.2695308e-01   6.4367045e-01   4.0821558e-01   2.0864590e-02   4.4436324e-03  -1.5215959e-03
  -1.3588944e-01   6.0464558e-01   3.9028198e-01   2.1035519e-02   4.3165582e-03  -1.5536064e-03
  -1.4803252e-01   5.7809896e-01   4.2331015e-01   1.9862636e-02   4.1905485e-03  -1.6764793e-03
  -1.2449233e-01   6.5838055e-01   4.1651709e-01   2.1429723e-02   4.7730193e-03  -2.1731273e-03
  -1.4210231e-01   5.2495352e-01   4.3387956e-01   2.0698080e-02   4.4610673e-03  -1.8176283e-03
  -1.4380050e-01   6.2605671e-01   4.3494464e-01   2.0664079e-02   4.6939265e-03  -1.9697216e-03
  -1.5236418e-01   6.0592816e-01   3.9777739e-01   2.1903881e-02   4.4154342e-03  -1.6547342e-03
  -1.6076297e-01   7.0725875e-01   4.9916652e-01   2.2743427e-02   4.9833560e-03  -1.8418610e-03
  -1.6570989e-01   6.3219343e-01   4.4205348e-01   2.2143047e-02   4.5058852e-03  -1.6017151e-03
  -1.5417691e-01   6.7794025e-01   4.1946586e-01   2.1216024e-02   4.4743548e-03  -2.0174453e-03
  -1.6557072e-01   6.2189549e-01   3.7144910e-01   2.1398500e-02   4.4754035e-03  -1.8416975e-03
  -1.5587638e-01   7.0700340e-01   3.8348764e-01   2.2088930e-02   4.6568022e-03  -2.0253937e-03
  -1.6611000e-01   6.6877151e-01   4.2204062e-01   2.2387728e-02   4.6974160e-03  -2.1842516e-03
  -1.6210578e-01   6.7614105e-01   4.0324124e-01   2.1807685e-02   4.6449577e-03  -2.0433238e-03
  -1.6588787e-01   6.3664349e-01   4.1253758e-01   2.1906317e-02   4.7571341e-03  -2.2314713e-03
  -1.6605290e-01   6.5493668e-01   3.8895750e-01   2.2852620e-02   4.5919219e-03  -1.9017849e-03
  -1.7158468e-01   7.5520437e-01   4.4656250e-01   2.4316114e-02   5.1163886e-03  -2.3528892e-03
  -1.7686607e-01   6.6227786e-01   4.3511605e-01   2.3016871e-02   4.7149244e-03  -1.9477716e-03
  -1.6793163e-01   7.0781852e-01   4.1981843e-01   2.2041283e-02   4.9443542e-03  -2.5740253e-03
  -1.8426595e-01   6.4188407e-01   4.0009185e-01   2.3682020e-02   4.8255607e-03  -1.9205294e-03
  -1.8580683e-01   7.2000877e-01   4.5781558e-01   2.3968527e-02   5.2375825e-03  -1.9594138e-03
  -1.8530155e-01   6.8074040e-01   4.8150092e-01   2.3759546e-02   4.9471746e-03  -2.0920852e-03
  -1.8120189e-01   7.6057960e-01   5.2127501e-01   2.4465564e-02   5.3335440e-03  -2.2177579e-03
  -1.8178273e-01   6.1812254e-01   4.0460934e-01   2.5017885e-02   5.1024793e-03  -1.5931905e-03
  -1.7019658e-01   7.2644393e-01   4.0056774e-01   2.5365663e-02   5.5166600e-03  -1.8380742e-03
  -1.8760933e-01   6.9106083e-01   3.7481161e-01   2.6315404e-02   5.5503662e-03  -1.5063799e-03
  -2.2209256e-01   8.0100976e-01   4.7094476e-01   2.8383475e-02   6.0328345e-03  -2.4720866e-03
  -2.8203283e-01   7.5629429e-01   5.7836558e-01   2.8696976e-02   6.1895969e-03  -2.2354835e-03
  -2.5762193e-01   7.6941266e-01   5.1593233e-01   2.8045657e-02   5.5036749e-03  -2.2177967e-03
  -2.7377876e-01   6.9841714e-01   5.3331128e-01   2.7427172e-02   5.4498584e-03  -2.4432329e-03
  -2.7218730e-01   7.4791719e-01   5.2457056e-01   2.8254436e-02   5.6052211e-03  -2.3713880e-03
  -2.6289833e-01   7.5755942e-01   5.1536246e-01   2.8257016e-02   5.6797545e-03  -2.4156334e-03
