   0.0000000e+00   0.0000000e+00   0.0000000e+00   0.0000000e+00   0.0000000e+00   0.0000000e+00
  -2.3807093e-03  -2.6589591e-02   1.6185734e-02  -1.5716018e-03   1.2100089e-04   5.6160408e-04
   3.9213877e-02   6.6206727e-02   8.3189055e-02  -1.6008432e-03   5.1008145e-04   1.0521119e-03
   7.1323043e-02   5.4500849e-02   5.8593102e-02  -7.4427666e-04   1.3162803e-03   1.4654955e-03
   8.7188797e-02   5.3976871e-02   6.6122172e-02  -1.8085382e-03   1.2581244e-03   2.1097478e-03
   1.1849442e-01   5.2602641e-02   7.3247442e-02   4.4592806e-04   2.0366343e-03   2.3191990e-03
   7.2233719e-02   2.6610424e-02   4.2737973e-02  -9.8304783e-04   2.1804086e-03   2.9266346e-03
   9.4229689e-02   7.0621337e-02   6.0776523e-02  -6.2116556e-04   2.4934174e-03   3.2496398e-03
   9.2897325e-02   5.4067078e-02   3.9787406e-02  -2.8627772e-04   2.6132086e-03   3.8324946e-03
   1.1635895e-01   9.4125724e-02   5.4277862e-02  -1.0035466e-03   2.6443357e-03   3.7839807e-03
   9.9502230e-02   1.4322113e-02   2.3926531e-02  -1.1151003e-03   2.9183370e-03   3.7742078e-03
   1.1877338e-01   4.5600153e-02   5.6211395e-02  -1.5474989e-03   3.3679343e-03   3.9356057e-03
   1.1193423e-01   4.5228499e-02   2.1851668e-02  -9.8939374e-04   3.5478433e-03   4.6068568e-03
   1.2753727e-01   1.0603505e-01   1.5508172e-02  -6.1773953e-04   3.6790459e-03   4.4509394e-03
   1.4327186e-01   6.4927542e-02  -2.4921121e-02  -1.3299970e-03   3.9913827e-03   4.6520326e-03
   1.9897657e-01   8.9158259e-02   2.2981733e-02  -1.4780013e-03   4.8428937e-03   4.9375429e-03
   1.6863110e-01   2.3665306e-02  -1.2421741e-02  -2.3615433e-03   4.3309100e-03   5.0294471e-03
   1.8344180e-01   8.8156372e-02   2.3878667e-02  -6.3655549e-04   4.5723051e-03   5.0520296e-03
   1.0280340e-01   5.8533192e-02   3.9756881e-03  -1.3790511e-03   3.4496212e-03   4.3082403e-03
   1.6384873e-01   5.5029747e-02   4.6204360e-02  -4.3513869e-04   4.4461148e-03   4.8185264e-03
   1.7322807e-01   2.0338274e-02   5.2586408e-02  -9.1403838e-04   4.4728735e-03   4.7058603e-03
   1.9165997e-01   6.5943373e-02   7.2099845e-02   3.3410750e-04   4.7594866e-03   5.0714155e-03
   1.8613086e-01   5.5089516e-02   2.7069079e-02   2.6119936e-04   4.7666418e-03   5.1974760e-03
   2.3001377e-01   1.2300924e-01   5.9288763e-02   1.2511040e-04   5.3225358e-03   5.4391955e-03
   2.4173166e-01   9.2689078e-02   7.8461251e-03   2.9689701e-04   5.5394602e-03   5.6474191e-03
   2.6045401e-01   1.4578229e-01  -1.4689874e-03  -2.1717721e-04   6.0583472e-03   5.2824533e-03
   2.4749994e-01   8.3093916e-02  -6.2507554e-02  -9.4747099e-04   6.2996433e-03   5.7788523e-03
   2.6018081e-01   1.3958560e-01  -4.7292133e-02  -9.8705382e-04   6.2153875e-03   5.4801332e-03
   2.3984094e-01   8.4964392e-02  -7.4560502e-02  -1.2904990e-03   5.8102105e-03   5.7924577e-03
   2.5346216e-01   1.4025401e-01  -3.8772617e-02  -9.6634342e-04   6.0429666e-03   5.6685604e-03
   2.3238548e-01   8.8833394e-02  -5.4978695e-02  -1.6044695e-03   5.8702862e-03   6.2857844e-03
   2.6630628e-01   1.5540679e-01  -1.3968408e-02  -5.8194282e-04   6.2026889e-03   6.3276147e-03
   2.4746399e-01   1.2376110e-01  -4.6986008e-02  -7.4539309e-04   5.9490467e-03   6.5787897e-03
   2.7472979e-01   1.8604446e-01  -2.8551817e-02  -4.1387998e-04   6.0230098e-03   6.3873327e-03
   2.6692069e-01   1.0484145e-01  -6.0784241e-02  -8.5921628e-04   5.7612134e-03   6.7874034e-03
   2.6869732e-01   1.5777233e-01  -1.5106182e-02  -3.6469306e-04   5.8255365e-03   6.7459298e-03
   2.5044533e-01   1.6261350e-01  -5.2603127e-02   6.2895178e-04   5.7056303e-03   6.7779923e-03
   2.5949172e-01   2.1645853e-01   1.1946726e-02  -2.2891652e-04   5.1637984e-03   6.3807931e-03
   2.5896823e-01   1.2513201e-01  -4.3068888e-02  -7.0118064e-04   5.6375005e-03   6.7449431e-03
   2.7693380e-01   2.2157277e-01  -3.9184234e-02  -5.6870897e-04   5.3478433e-03   6.7294997e-03
   2.4818158e-01   6.3636307e-02  -1.0322576e-01  -1.3216015e-03   5.4588052e-03   6.4664421e-03
   2.6337671e-01   1.2819816e-01  -5.7010804e-02  -4.6547551e-04   5.6045844e-03   6.6511084e-03
   2.6510422e-01   1.3722093e-01  -8.3715911e-02  -8.5246502e-04   5.7935020e-03   7.2756773e-03
   2.8147624e-01   1.7837225e-01  -7.4714709e-02  -9.0663900e-04   6.5383205e-03   7.6602233e-03
   2.6696825e-01   1.3305792e-01  -8.1037682e-02  -1.0361012e-03   5.8858970e-03   7.3532611e-03
   2.8998295e-01   1.3446203e-01  -3.1760542e-02  -1.5859012e-03   6.2397373e-03   6.6781670e-03
   2.9613996e-01   9.2140761e-02  -8.8088956e-02  -8.9676300e-04   6.5301042e-03   6.8717861e-03
   3.1637093e-01   1.7408562e-01  -3.4566883e-02  -7.6014323e-04   6.6168015e-03   6.8512245e-03
   3.0364614e-01   1.5612976e-01  -6.6129556e-02  -1.0550581e-04   6.7198020e-03   7.6157336e-03
   3.0595835e-01   2.0368096e-01  -1.2377186e-02  -1.3365034e-04   6.9137204e-03   7.2192656e-03
   2.9546249e-01   1.2304771e-01  -3.6388611e-03  -8.2611628e-04   6.5707316e-03   7.5690886e-03
   3.4759870e-01   1.7775471e-01   1.8713645e-01  -1.7777907e-03   6.7406922e-03   7.5409217e-03
   3.0306616e-01   1.3267483e-01   3.3067863e-03  -7.6657388e-05   6.4425874e-03   7.4907709e-03
   3.1935775e-01   2.3942866e-01  -3.2225644e-02   9.7992569e-04   6.4887979e-03   7.0855557e-03
   3.2032977e-01   1.8838925e-01  -2.0243137e-02   4.3309110e-04   6.8886055e-03   7.5083209e-03
   3.2042971e-01   2.5077863e-01   3.7224540e-02   1.0132129e-03   7.0848094e-03   7.2984929e-03
   3.1655809e-01   1.8625864e-01  -1.1574179e-02   6.7107063e-04   6.9843233e-03   7.5683428e-03
   3.3255271e-01   2.5709509e-01   1.0878297e-02   3.9974346e-04   6.8826389e-03   7.3743025e-03
   3.1147661e-01   1.8958454e-01  -3.3502487e-02   6.7662166e-04   6.9927851e-03   7.5959298e-03
   3.1582041e-01   2.6721852e-01   2.0013285e-02   5.0401246e-04   6.8443787e-03   7.4807705e-03
   2.8923312e-01   2.0718307e-01  -1.4466934e-02   1.1541797e-04   7.1251533e-03   7.7964358e-03
   3.0572753e-01   1.5683963e-01   1.0318137e-02  -1.6839159e-03   7.3447457e-03   6.5857454e-03
   3.1054009e-01   1.5431258e-01   4.4188557e-02  -2.3803300e-04   7.4796935e-03   6.2647448e-03
   3.0644486e-01   1.4812573e-01   3.6856335e-03  -1.1007685e-03   7.1496361e-03   6.0539476e-03
   2.8162283e-01   2.2316382e-01  -2.0944395e-02   2.1857710e-03   7.1726123e-03   6.2253041e-03
   2.9575641e-01   5.3264697e-01   2.2504395e-01   7.7985761e-03   4.4678570e-03   5.8093290e-04
   1.9695716e-01   3.2435634e-01   2.8959827e-01   5.4836067e-03   7.6324980e-03   1.7331973e-03
   2.1216508e-01   1.8817162e-01   7.7036496e-03   6.4880666e-03   8.5825257e-03   2.5570177e-03
   1.8830373e-01   3.0949274e-01  -1.0083411e-02   5.8524597e-03   8.1597281e-03   3.1830275e-03
   2.2357186e-01   3.3797585e-01   5.0737108e-02   6.3128849e-03   7.9857684e-03   3.7046823e-03
   2.0977534e-01   3.5693401e-01   3.9344238e-02   6.9940301e-03   8.0234263e-03   4.0845028e-03
   2.1065814e-01   3.8951553e-01   6.9963373e-02   5.9944340e-03   8.0389624e-03   4.3677947e-03
   2.2483895e-01   3.7627560e-01   5.0257811e-02   6.7447218e-03   8.5048465e-03   4.3361461e-03
   2.2759143e-01   3.8258442e-01   4.4553369e-02   5.7306583e-03   8.4899226e-03   4.9559820e-03
   2.2412077e-01   3.3861253e-01   2.2319767e-02   5.4623376e-03   8.5535479e-03   4.8547251e-03
   2.3408570e-01   3.0708664e-01   5.9307555e-02   4.1750025e-03   8.0075120e-03   4.1886830e-03
   2.1956318e-01   2.0336193e-01  -4.3860485e-02   2.6325282e-03   7.9834223e-03   4.5832854e-03
   2.3295331e-01   2.5842907e-01  -2.4401705e-03   3.6528614e-03   8.3728112e-03   4.5206396e-03
   2.3914220e-01   2.4648905e-01  -2.3246019e-02   4.0402712e-03   8.8591302e-03   4.5690608e-03
   2.4203401e-01   3.0254365e-01  -7.9632910e-03   3.9572840e-03   8.7249577e-03   4.4923477e-03
   2.2672207e-01   2.9631877e-01  -3.7186784e-02   3.8874754e-03   8.3566880e-03   4.8256424e-03
   2.2762344e-01   3.0078114e-01  -5.7931605e-02   3.9785293e-03   8.5161394e-03   4.9166864e-03
   2.3528417e-01   3.0014197e-01  -4.3170313e-02   3.4563283e-03   8.5065974e-03   5.0058409e-03
   2.4627688e-01   3.3543734e-01  -2.2869325e-02   4.5087042e-03   8.9762925e-03   4.7689913e-03
   2.4000376e-01   3.2724275e-01  -3.1194788e-02   5.0308676e-03   8.9088447e-03   4.7134503e-03
   2.6614976e-01   3.4529912e-01   8.2956230e-03   4.1669421e-03   8.9356805e-03   4.7580565e-03
   2.3977737e-01   5.7471308e-01   4.1962892e-02   7.2520418e-03   8.7508284e-03   4.5847394e-03
   1.9470750e-01   6.4388631e-01   9.0668287e-02   8.0792162e-03   8.4463628e-03   3.7852926e-03
   2.1687597e-01   3.3810360e-01   8.6579030e-02   5.4853424e-03   8.5765050e-03   4.2872533e-03
   2.0155716e-01   3.5191791e-01  -2.2784031e-02   5.9195085e-03   8.6944720e-03   4.0975679e-03
   2.2115527e-01   3.2594360e-01   7.4026942e-04   5.0345821e-03   8.4078703e-03   4.0208710e-03
   2.0103673e-01   3.6320299e-01  -7.1099726e-03   6.1635007e-03   8.5365608e-03   4.2712527e-03
   2.1751443e-01   3.6324417e-01  -1.3256034e-02   5.7133092e-03   8.4078097e-03   4.0680264e-03
   2.1621857e-01   3.1689285e-01  -3.9756111e-02   6.2781965e-03   8.7293642e-03   4.1865656e-03
   2.3921899e-01   3.9146860e-01  -3.9819715e-03   6.2676497e-03   8.8933909e-03   3.9664853e-03
   2.2560146e-01   3.4955398e-01  -4.2692408e-02   7.0047505e-03   9.1085074e-03   4.4043140e-03
   2.4042158e-01   4.2542171e-01  -3.8857936e-04   6.2095348e-03   8.9070505e-03   4.2420803e-03
   2.3478504e-01   3.7175095e-01  -1.4560737e-02   7.1620948e-03   9.3747690e-03   4.5747689e-03
   2.5485948e-01   3.9851183e-01   3.4186653e-02   6.0672944e-03   9.5086686e-03   4.2183342e-03
   2.8330548e-01   2.7110527e-01   1.2908137e-01   5.8785569e-03   9.6953635e-03   4.0538988e-03
   2.9501043e-01   3.5355486e-01   8.3404639e-02   5.9878926e-03   9.7256896e-03   4.0278654e-03
   2.9108615e-01   3.2637669e-01   4.0631096e-02   6.4242308e-03   9.6571040e-03   4.3306033e-03
   2.8671348e-01   4.2384073e-01   8.5606114e-02   6.7523344e-03   9.7033050e-03   4.4384915e-03
   3.0702148e-01   4.0719230e-01   8.2392835e-02   7.4984946e-03   9.9906108e-03   4.8044403e-03
   3.0559482e-01   4.1125076e-01   8.6409978e-02   6.0146379e-03   9.8190012e-03   4.5818703e-03
   2.9657573e-01   3.9336983e-01   4.9233419e-02   6.6159848e-03   1.0037890e-02   4.5497066e-03
   2.9569181e-01   3.9642450e-01   5.0576572e-02   5.4316318e-03   1.0035284e-02   4.7901841e-03
   2.8293810e-01   4.1309805e-01   2.3643034e-02   5.8768413e-03   1.0060287e-02   5.2430552e-03
   2.9598379e-01   3.9633903e-01   2.0266797e-02   5.9018017e-03   1.0023205e-02   5.3775007e-03
   3.0414872e-01   4.3099543e-01   4.6943459e-02   5.7433994e-03   1.0151662e-02   5.1969939e-03
   2.9841571e-01   3.5663890e-01   6.6766648e-03   6.0554266e-03   1.0274780e-02   5.6136171e-03
   3.0580269e-01   4.4330686e-01   2.1787441e-02   5.7996416e-03   1.0036003e-02   5.1000887e-03
   3.0097830e-01   3.6616686e-01   2.9127714e-02   6.0917230e-03   1.0228210e-02   5.7614902e-03
   3.2152849e-01   4.2979749e-01   4.8373925e-02   5.4732459e-03   1.0037513e-02   5.3509508e-03
   3.1405246e-01   3.5005513e-01   3.6946202e-02   6.3437976e-03   9.9982767e-03   5.6762631e-03
   2.8398549e-01   3.6169865e-01   3.5260106e-02   5.3097750e-03   9.1233001e-03   4.9636868e-03
   3.0235946e-01   3.4315141e-01   3.0423370e-02   6.4055084e-03   9.7469643e-03   5.4956035e-03
   3.1138851e-01   4.5901251e-01   7.4239592e-02   6.6361499e-03   9.6923472e-03   5.1659046e-03
   3.0365170e-01   3.8179574e-01   6.0088316e-02   6.4367531e-03   9.8905508e-03   5.7638039e-03
   3.3632686e-01   4.0053057e-01   1.1658675e-01   5.9050845e-03   9.9843255e-03   4.9667572e-03
   3.2284093e-01   3.0200612e-01   8.5626464e-02   6.1233801e-03   1.0102891e-02   5.0978954e-03
   3.1569053e-01   3.9897786e-01   6.7962743e-02   6.7497581e-03   9.6628101e-03   4.7648007e-03
   3.0021212e-01   3.3152189e-01   3.2231169e-02   7.1562554e-03   9.9695777e-03   4.8667589e-03
   3.1878534e-01   5.4029296e-01   1.7249357e-01   1.0488869e-02   7.2472549e-03   2.6783348e-03
   2.7833515e-01   5.1930533e-01   2.0047881e-01   1.2633490e-02   8.9175391e-03   1.8485012e-03
   2.5187375e-01   2.7825931e-01  -6.0976172e-02   1.2893552e-02   9.6360498e-03   1.9922731e-03
   2.5687541e-01   4.3008419e-01  -3.6253866e-02   1.2161405e-02   1.0101776e-02   3.4131840e-03
   3.3929931e-01   4.5713336e-01  -2.6421715e-03   1.2661051e-02   1.1234101e-02   4.0521322e-03
   3.3511613e-01   4.4643283e-01  -8.7022807e-03   1.2066064e-02   1.1034342e-02   4.5484275e-03
   3.2561330e-01   4.7483958e-01   2.1645741e-02   1.2192277e-02   1.1050317e-02   4.3543926e-03
   3.3010080e-01   5.2291124e-01   4.8082280e-02   1.1954756e-02   1.0599042e-02   4.1051928e-03
   3.3921133e-01   4.7449469e-01   3.1552213e-02   1.2311216e-02   1.1368006e-02   4.4134326e-03
   3.4741519e-01   5.2842088e-01   7.2072545e-02   1.1579943e-02   1.1276883e-02   4.4319345e-03
   3.3954085e-01   5.0427053e-01   4.2564535e-02   1.1766420e-02   1.1491256e-02   5.0831042e-03
   3.3305972e-01   5.3387240e-01   1.9580633e-02   1.1709953e-02   1.1593905e-02   5.2926187e-03
   3.4828753e-01   5.1430986e-01   3.7185780e-02   1.0296281e-02   1.1344241e-02   5.1615318e-03
   3.4327428e-01   4.7497247e-01   2.3748307e-02   1.1098517e-02   1.1818816e-02   5.5453000e-03
   3.3617880e-01   8.1767051e-01   9.9869073e-02   1.3984406e-02   1.1564396e-02   4.4825299e-03
   2.9276036e-01   6.3962847e-01   8.1816448e-02   1.3009965e-02   1.1635073e-02   5.1429029e-03
   3.0117442e-01   5.9915067e-01   3.6391332e-02   1.1266372e-02   1.1092787e-02   4.8641156e-03
   2.9718348e-01   5.9319915e-01  -1.2407790e-03   1.2480464e-02   1.1246686e-02   4.8108864e-03
   3.0404987e-01   6.0513820e-01   2.0042239e-02   1.1135295e-02   1.0911159e-02   5.1514835e-03
   2.9570937e-01   6.1866550e-01  -1.1706648e-03   1.1860403e-02   1.1163147e-02   5.1378090e-03
   2.9523097e-01   6.8094077e-01   2.7371468e-02   1.1533959e-02   1.1007708e-02   4.8566432e-03
   2.8783373e-01   5.9778591e-01   7.8122368e-03   1.1889330e-02   1.1035765e-02   4.8212293e-03
   3.0092318e-01   5.7115348e-01  -1.1275085e-02   1.0483760e-02   1.1193939e-02   5.2374048e-03
   2.8917699e-01   6.4857818e-01  -1.2535779e-02   1.1901310e-02   1.1423491e-02   4.9419649e-03
   2.9193977e-01   6.2364338e-01  -6.9013802e-04   1.0701565e-02   1.1272904e-02   5.5243197e-03
   2.6538475e-01   6.4786254e-01  -1.6436680e-02   1.2538391e-02   1.1071801e-02   3.9045539e-03
   2.9920281e-01   6.2272852e-01   1.9604552e-02   9.9657777e-03   1.0555435e-02   4.1659980e-03
   2.7780356e-01   5.8594426e-01   1.0973274e-01   1.0296065e-02   1.0416335e-02   4.1089837e-03
   2.8657151e-01   6.1236810e-01   1.1189386e-03   9.6329752e-03   1.0333069e-02   4.1634906e-03
   2.9007913e-01   5.9030180e-01  -2.6989015e-02   1.1266418e-02   1.0729529e-02   4.6744332e-03
   3.0123631e-01   6.3481281e-01   1.9557133e-03   1.0131387e-02   1.0723283e-02   4.6408216e-03
   2.9473155e-01   5.8660782e-01   1.5219664e-02   1.0264777e-02   1.1083832e-02   5.3595864e-03
   2.7614965e-01   8.7593751e-01   2.3369464e-01   1.3778105e-02   9.4376065e-03   2.4969234e-03
   2.4614148e-01   7.2738743e-01   1.4925208e-01   1.2694496e-02   9.0653151e-03   2.4907581e-03
   2.1992606e-01   5.6306677e-01   5.1153748e-02   1.1282321e-02   9.0346713e-03   3.2956081e-03
   2.5388367e-01   6.9616366e-01   8.8133983e-02   1.2644163e-02   1.0007229e-02   3.4503953e-03
   2.5012932e-01   6.8878110e-01   4.1909538e-02   1.2865912e-02   1.0509897e-02   4.1219819e-03
   2.6374354e-01   7.0510465e-01   4.6256298e-02   1.3333216e-02   1.0483207e-02   3.8145171e-03
   2.5155703e-01   6.7016841e-01   4.7326721e-02   1.2303830e-02   1.0109326e-02   3.4320663e-03
   2.4735005e-01   6.9704894e-01   5.4209712e-02   1.3504390e-02   1.0686936e-02   3.9903333e-03
   2.0449050e-01   7.0431940e-01   7.7418386e-02   1.2319370e-02   9.4391837e-03   2.1061867e-03
   1.6241919e-01   5.8835743e-01   1.9132751e-01   1.1383904e-02   8.2437879e-03   1.5619522e-03
   1.6562623e-01   6.1373969e-01   1.7399010e-01   1.2821371e-02   8.4522963e-03   9.6779844e-04
   1.5138266e-01   6.0972404e-01   7.8453660e-02   1.2025878e-02   8.1474828e-03   1.1128837e-03
   1.4284725e-01   6.7534128e-01   9.9109682e-02   1.3208400e-02   8.1648012e-03   4.8006976e-04
   1.5637005e-01   6.1273555e-01   1.4369331e-01   1.2462938e-02   8.1697445e-03   7.2992116e-04
   1.7420479e-01   6.7209187e-01   1.5008696e-01   1.3601444e-02   8.6239344e-03   5.2234045e-04
   1.7595240e-01   6.4527977e-01   1.4365275e-01   1.1603812e-02   8.7345599e-03   5.5494877e-04
   1.8375111e-01   6.8285621e-01   1.3937745e-01   1.2846190e-02   8.6818441e-03   1.2386050e-03
   1.8608477e-01   6.2538196e-01   1.1063538e-01   1.1205791e-02   8.8144796e-03   1.0206823e-03
   1.8461231e-01   6.1630932e-01   6.9062566e-02   1.2361171e-02   9.6945199e-03   5.0429007e-04
   1.8701102e-01   5.5231974e-01  -6.4191830e-02   1.0958434e-02   9.8180065e-03   4.9385475e-04
   1.6135672e-01   5.8427747e-01  -2.9853503e-02   1.2211217e-02   9.8726113e-03   1.0022229e-03
   1.6031249e-01   5.9030775e-01  -5.1388126e-02   1.2512879e-02   9.8889928e-03   1.2392716e-03
   1.6215974e-01   6.1013134e-01   6.7095916e-03   1.1258404e-02   9.8010596e-03   1.4105554e-03
   1.6157261e-01   5.7544525e-01   7.2515962e-02   1.1067887e-02   9.5771162e-03   1.8361257e-03
   1.5556509e-01   6.3655834e-01   6.7433908e-02   1.2091409e-02   9.1274255e-03   1.6094493e-03
   1.4975039e-01   5.7061937e-01  -6.9298825e-03   1.2033959e-02   8.7188539e-03   1.6472750e-03
   1.5771917e-01   6.2655880e-01   9.4879404e-03   1.1589309e-02   8.6173472e-03   1.4863239e-03
   1.4877327e-01   5.7914473e-01  -1.7442282e-03   1.1732788e-02   8.6765311e-03   1.7998906e-03
   1.4161150e-01   6.6067496e-01   6.3053541e-02   1.1505560e-02   8.2212578e-03   1.4459339e-03
   1.5615333e-01   6.1319732e-01   5.3301032e-02   1.1682535e-02   8.3811259e-03   1.4281187e-03
   1.8392943e-01   6.3251043e-01   8.2173905e-02   1.0547074e-02   8.6947000e-03   1.0437808e-03
   1.7947618e-01   5.9848613e-01   3.4593676e-02   1.1442060e-02   8.8922794e-03   1.3710078e-03
   1.7542961e-01   6.3423985e-01   7.0181657e-02   1.0693748e-02   8.4917394e-03   1.2280158e-03
   1.8674254e-01   6.1685518e-01   3.3681493e-02   1.1706665e-02   9.0964201e-03   1.5159290e-03
   1.8540222e-01   6.8889175e-01   5.5730585e-02   1.1148495e-02   8.7504378e-03   1.1657230e-03
   1.5549034e-01   6.7225871e-01   5.3507259e-02   1.1846458e-02   8.5610348e-03   9.6831941e-04
   1.6691215e-01   6.6545364e-01   1.0889415e-01   1.0261485e-02   8.3644011e-03   9.6103269e-04
   1.4880814e-01   6.4860059e-01   7.3903948e-02   1.1456060e-02   8.3559623e-03   1.1054163e-03
   1.5733297e-01   6.7836203e-01   1.2491463e-01   1.0962747e-02   8.0062489e-03   3.6198112e-04
   1.7186314e-01   6.4755409e-01   9.4241696e-02   1.1764663e-02   8.4540765e-03   7.0953729e-04
   1.7800150e-01   6.8911843e-01   1.3555624e-01   1.0675858e-02   7.9717145e-03   5.0839564e-04
   1.5370528e-01   6.3706963e-01   1.0004705e-01   1.1324664e-02   8.0378068e-03   1.1619539e-03
   1.6276881e-01   6.4675230e-01   1.0209345e-01   9.9410435e-03   7.9782800e-03   1.1109586e-03
   1.5690683e-01   6.7318046e-01   1.1006912e-01   1.1873154e-02   8.0466419e-03   1.3352300e-03
   1.3834547e-01   6.4526487e-01   1.4100677e-01   9.8522823e-03   7.7101352e-03   1.2563166e-03
   1.7110430e-01   6.6170352e-01   1.3352629e-01   9.6612883e-03   8.0652984e-03   1.2180903e-03
   1.5939622e-01   6.3239932e-01   1.0713086e-01   1.0393297e-02   8.4240529e-03   1.8507837e-03
   1.5535206e-01   6.8819020e-01   1.1960963e-01   9.0491536e-03   7.7715569e-03   1.8102454e-03
   1.7318962e-01   6.5415526e-01   8.0909416e-02   1.0387621e-02   8.2603787e-03   1.7260256e-03
   1.7773866e-01   6.6560476e-01   1.1945347e-01   8.7552520e-03   7.9325966e-03   1.7135423e-03
   1.5609663e-01   6.8477822e-01   1.3615297e-01   1.0431198e-02   8.2507418e-03   1.7121092e-03
   1.6617048e-01   6.8679993e-01   1.3049286e-01   9.3611401e-03   8.0411290e-03   2.0720686e-03
   1.6726319e-01   8.0487054e-01   1.7400573e-01   1.1164992e-02   7.9432075e-03   1.5713183e-03
   1.5881687e-01   7.5682102e-01   1.9907825e-01   1.1180641e-02   7.3487989e-03   1.3372468e-03
   1.7191091e-01   6.9418499e-01   2.0030845e-01   1.0289533e-02   7.6288633e-03   1.0147675e-03
   1.5440335e-01   5.8233603e-01   8.0603935e-02   6.7664026e-03   7.1073462e-03   1.4030751e-03
   1.0632385e-01   5.6530416e-01   4.8259020e-02   7.2110144e-03   5.9359738e-03   1.7046870e-03
   1.3085508e-01   5.9010195e-01   9.1345117e-02   6.7959321e-03   6.1329998e-03   1.1268306e-03
   1.2198847e-01   5.3626054e-01   6.3050886e-02   7.5384720e-03   6.3988471e-03   1.1808397e-03
   1.2954922e-01   6.3014197e-01   1.1718141e-01   7.5793494e-03   6.5205166e-03   1.2746422e-03
   1.1947999e-01   5.9433734e-01   9.4924209e-02   8.4156225e-03   6.6053348e-03   1.2497575e-03
   1.5301482e-01   6.5087082e-01   1.5266369e-01   7.8803139e-03   6.8663213e-03   1.4815197e-03
   1.4782098e-01   6.6128869e-01   1.4452126e-01   9.8289217e-03   6.9923187e-03   1.3435430e-03
   1.5322788e-01   5.9055413e-01   1.6375460e-01   7.2703808e-03   6.8933794e-03   1.3890013e-03
   1.3400017e-01   7.3097063e-01   2.2490952e-01   8.2285646e-03   4.7129290e-03  -4.4236455e-04
   1.4194501e-01   4.6788353e-01   1.3889289e-01   7.8936005e-03   5.7306771e-03  -1.3539914e-04
   1.3301086e-01   5.2319784e-01   1.1948593e-01   8.6950761e-03   6.1446934e-03   5.5396119e-04
   1.3968396e-01   6.5410511e-01   1.6041583e-01   9.3341040e-03   6.6059742e-03   5.7463207e-04
   1.1567052e-01   5.9681961e-01   1.4027363e-01   8.7234411e-03   6.5761451e-03   8.6787527e-04
   1.2429435e-01   6.4232793e-01   1.7554840e-01   7.9507009e-03   6.6407251e-03   1.0244609e-03
   1.3064007e-01   6.4277872e-01   1.9288267e-01   8.2707921e-03   6.7810807e-03   9.3832697e-04
   1.6066197e-01   5.5801798e-01   2.5271624e-01   6.5582986e-03   7.1990676e-03   1.0926632e-03
   1.2532651e-01   6.7665492e-01   2.8562491e-01   8.9941210e-03   7.5334108e-03   7.8632168e-04
   1.1267950e-01   6.1996467e-01   2.4968520e-01   8.4474203e-03   7.1985915e-03   1.1466537e-03
   1.5195942e-01   7.5593198e-01   2.3699988e-01   8.2240815e-03   6.5932793e-03   2.1857132e-04
   1.1841886e-01   6.3144746e-01   7.1183956e-02   1.0294843e-02   6.9419161e-03   6.3425709e-04
   1.2242509e-01   6.4487139e-01   1.1293331e-01   9.0404820e-03   6.8568603e-03   8.2003290e-04
   1.1689340e-01   7.0659517e-01   1.4881992e-01   1.0679961e-02   6.9530757e-03   1.0441028e-03
   1.2611040e-01   6.9996104e-01   1.5243830e-01   9.3953361e-03   6.8670731e-03   1.2251004e-03
   1.1129592e-01   8.1349657e-01   1.8803069e-01   1.1914818e-02   6.9732062e-03   9.9772555e-04
   1.1085085e-01   6.5682709e-01   2.2289538e-01   7.3227256e-03   6.9831020e-03   1.1759872e-03
   1.2216243e-01   6.9973715e-01   2.3356479e-01   1.0436042e-02   7.2687925e-03   9.9764810e-04
   9.2866384e-02   6.2571306e-01   1.5017482e-01   9.2444625e-03   7.6432080e-03   9.5763701e-04
   1.2008455e-01   6.8996841e-01   1.6885889e-01   1.0481236e-02   7.3664005e-03   6.5225025e-04
   1.4049115e-01   7.1005217e-01   1.5845828e-01   9.6043973e-03   7.8875263e-03   9.8711743e-04
   1.3340927e-01   6.9427657e-01   1.9109449e-01   9.6845783e-03   7.9161109e-03   1.9090457e-03
   1.3173633e-01   6.6856414e-01   2.0771427e-01   8.6638438e-03   7.8715820e-03   2.1014576e-03
   1.3193929e-01   6.2238118e-01   1.6640766e-01   9.1508644e-03   7.8004239e-03   2.1313395e-03
   1.3006746e-01   7.1505784e-01   1.5763770e-01   7.6561545e-03   6.3053015e-03   8.9634976e-04
   9.7662404e-02   5.6995451e-01   2.4472574e-02   1.1015606e-02   5.9173474e-03   1.1070955e-03
   8.5984535e-02   5.9004896e-01  -1.7329048e-02   9.0773227e-03   5.4854498e-03   2.0092238e-03
   8.7413728e-02   6.4684167e-01   1.3048718e-02   8.3295986e-03   5.7699962e-03   2.7304240e-03
   9.9087844e-02   7.3363226e-01   1.0368173e-01   8.2558720e-03   5.5531480e-03   3.5847805e-03
   9.2998244e-02   7.1333935e-01   1.2978264e-01   7.8053027e-03   4.9994356e-03   3.9192097e-03
   1.1784677e-01   5.8380239e-01   1.5154237e-01   6.0573001e-03   5.8604998e-03   3.4056837e-03
   1.2202504e-01   6.0218538e-01   1.0579222e-01   7.5676347e-03   6.2924708e-03   4.0437553e-03
   1.2136477e-01   6.9307027e-01   1.3843051e-01   7.7080233e-03   6.3424922e-03   3.8963947e-03
   1.1505910e-01   6.6082080e-01   1.0508022e-01   8.3940251e-03   6.2165491e-03   4.1706204e-03
   1.1330531e-01   6.8620214e-01   1.0698048e-01   7.6162032e-03   6.5260275e-03   4.5552214e-03
   1.3648818e-01   7.4554633e-01   1.4371546e-01   8.3245823e-03   6.8788070e-03   3.9853129e-03
   1.3435678e-01   7.2597491e-01   1.0315822e-01   8.3462033e-03   7.1509974e-03   4.2583885e-03
   1.4074163e-01   7.7629811e-01   1.2856833e-01   8.5906794e-03   7.3251658e-03   4.1902998e-03
   1.7546680e-01   6.4049512e-01   2.1860113e-01   5.9160250e-03   7.5359795e-03   4.5225493e-03
   1.6278870e-01   6.8041564e-01   1.1699563e-01   7.9833868e-03   7.3202065e-03   4.4598782e-03
   1.6005974e-01   6.5716663e-01   7.5325003e-02   7.4160212e-03   7.1513650e-03   4.4810315e-03
   1.6475569e-01   7.5599506e-01   9.0178820e-02   8.8114696e-03   7.2407066e-03   4.4458535e-03
   1.6699523e-01   6.8626185e-01   8.6375789e-02   8.8667176e-03   7.0715798e-03   5.0758958e-03
   1.8430750e-01   7.7225397e-01   1.1915741e-01   8.5836117e-03   7.4709254e-03   4.8984533e-03
   1.9745465e-01   7.2506006e-01   8.3728098e-02   8.1608634e-03   6.7666307e-03   5.3607104e-03
   1.9565150e-01   7.5619010e-01   7.8422462e-02   7.0492945e-03   6.9657171e-03   5.3483934e-03
   1.7754877e-01   7.3844899e-01  -1.6922944e-02   7.0155308e-03   7.2943770e-03   4.5295677e-03
   1.9187898e-01   7.6080074e-01  -2.4331827e-02   6.2826555e-03   7.2657780e-03   4.2344218e-03
   1.7842447e-01   7.8319544e-01  -2.6772089e-02   8.0046591e-03   7.4264219e-03   4.4112361e-03
   1.9015024e-01   7.5833376e-01   2.6155529e-03   7.3270683e-03   7.6899412e-03   4.7835657e-03
   1.9351505e-01   8.2632928e-01   5.5149421e-02   8.2584037e-03   7.6469432e-03   4.8011901e-03
   1.9003070e-01   6.9513806e-01   8.1441462e-02   5.7284891e-03   7.4267987e-03   4.3114656e-03
   1.8828055e-01   6.8165004e-01   7.6658581e-02   7.1539319e-03   7.7334759e-03   4.4477391e-03
   1.9650301e-01   7.2745886e-01   8.7448930e-02   6.3554347e-03   7.4582184e-03   4.4489812e-03
   1.8822220e-01   7.4429276e-01   6.0510495e-02   8.0767197e-03   7.5939681e-03   4.8157905e-03
   2.0829089e-01   8.1260786e-01   6.7751445e-02   8.4882974e-03   8.0192234e-03   4.8396028e-03
   2.0797662e-01   7.8626747e-01   4.6816989e-02   8.7888624e-03   7.8476142e-03   4.8558231e-03
   2.1062730e-01   8.1837099e-01   8.8289301e-02   7.5389923e-03   7.8816598e-03   4.6194676e-03
   1.4384179e-01   8.0680180e-01   1.5848899e-01   9.3496776e-03   7.4150292e-03   3.8678409e-03
   1.8785550e-01   7.9075402e-01   1.6608788e-01   8.1605698e-03   7.3924464e-03   3.7525533e-03
   1.7030165e-01   7.8717292e-01   8.4801931e-02   8.7998200e-03   7.3068999e-03   4.4862391e-03
   1.7540868e-01   8.3190645e-01   5.8691427e-02   7.9049188e-03   7.4443878e-03   4.5618080e-03
   1.8227155e-01   8.8156071e-01   6.5719552e-02   8.6724232e-03   7.6760096e-03   4.5718640e-03
   1.5434992e-01   9.5336753e-01   8.1805607e-02   9.1202763e-03   6.1461049e-03   4.6103233e-03
   1.7731757e-01   7.3900500e-01   1.5472604e-01   6.0975046e-03   7.0033778e-03   4.5536511e-03
   1.7892788e-01   8.1046541e-01   1.1042727e-01   8.2775878e-03   7.4976190e-03   4.8028499e-03
   1.6615566e-01   7.7135104e-01   1.1053011e-01   7.7215895e-03   7.1762336e-03   4.4047141e-03
   1.8016776e-01   6.5370726e-01   1.9657410e-01   6.1466373e-03   7.4250061e-03   3.9613037e-03
   2.1254724e-01   6.5791983e-01   2.2617549e-01   6.5996218e-03   7.7618018e-03   4.5525895e-03
   2.0103402e-01   7.5373193e-01   9.9703819e-02   7.9096253e-03   7.6184984e-03   4.5088128e-03
   1.9112374e-01   7.7190256e-01   9.1604255e-02   9.4483870e-03   7.3197354e-03   5.0470402e-03
   2.1811033e-01   7.8475364e-01   1.0914744e-01   8.3593348e-03   7.6817212e-03   3.7832266e-03
   2.2261082e-01   1.0221439e+00   3.0343763e-01   1.1758151e-02   8.5121230e-03  -3.2244345e-05
   1.4748688e-01   6.3059504e-01   2.9365814e-02   1.1883125e-02   7.9710292e-03   9.6406847e-04
   1.2233569e-01   6.8412164e-01   3.8375826e-02   1.1102537e-02   6.3972625e-03   1.7373594e-03
   1.1735177e-01   7.4815447e-01   6.8159315e-02   1.1101462e-02   6.6108616e-03   2.6703879e-03
   1.4666627e-01   7.9816861e-01   7.6502325e-02   1.1877508e-02   7.1816707e-03   2.7876632e-03
   1.5596048e-01   8.0365728e-01   7.9216384e-02   1.1100673e-02   7.5161823e-03   2.9752224e-03
   1.6185105e-01   7.9613012e-01   9.8788463e-02   9.4489493e-03   7.3685078e-03   3.3703736e-03
   1.7932779e-01   7.9478675e-01   1.1639959e-01   1.0045019e-02   7.5238012e-03   3.5274361e-03
   1.8506094e-01   7.8892211e-01   9.7568964e-02   1.0197134e-02   7.6390953e-03   3.4826273e-03
   2.0645535e-01   8.0109862e-01   9.2583228e-02   1.0168722e-02   7.8570364e-03   3.6845699e-03
   1.9775019e-01   7.9898523e-01   1.1539353e-01   1.0877535e-02   7.8905112e-03   3.9870026e-03
   2.0823149e-01   8.1446328e-01   1.3545455e-01   1.0169917e-02   7.9430125e-03   4.1093849e-03
   2.2356197e-01   7.5074126e-01   1.1713335e-01   8.6155206e-03   8.3685730e-03   4.1528448e-03
   2.2252677e-01   7.6123273e-01   1.2028693e-01   9.4724424e-03   8.3495710e-03   4.4408936e-03
   2.2507112e-01   6.9694318e-01   1.3099695e-01   7.3287760e-03   8.3715639e-03   4.3322418e-03
   2.1736903e-01   7.4737055e-01   1.1891735e-01   1.0461777e-02   7.9241121e-03   4.5560858e-03
   2.5102860e-01   8.0101043e-01   5.6951606e-02   9.6321425e-03   9.4724580e-03   4.3851172e-03
   1.9543498e-01   7.1665891e-01   3.2614598e-03   1.0454453e-02   7.4457546e-03   4.4749209e-03
   2.1785130e-01   7.2989045e-01   4.9174644e-02   9.3840991e-03   6.1474969e-03   3.6871709e-03
   1.5854585e-01   6.0079104e-01  -4.6124188e-04   8.4852728e-03   4.6658941e-03   2.7865939e-03
   1.9431839e-01   6.9338299e-01  -1.2410376e-02   9.1573494e-03   5.0639318e-03   3.4704815e-03
   2.2579798e-01   6.9775783e-01  -3.8756003e-02   9.3275934e-03   5.6073304e-03   4.0222790e-03
   1.9943623e-01   8.0972451e-01  -4.0800670e-02   7.8484743e-03   5.5198484e-03   4.0611652e-03
   2.1049987e-01   7.7449732e-01  -5.5709523e-02   7.6787852e-03   5.5518326e-03   4.4857102e-03
   2.2487401e-01   8.3506890e-01  -1.2528139e-02   7.4207532e-03   5.8844263e-03   4.3715740e-03
   2.4426646e-01   8.1333648e-01  -5.0749167e-02   8.3143249e-03   5.8621594e-03   4.7180017e-03
   2.5630101e-01   8.9462926e-01   5.3210592e-03   8.5299259e-03   5.7189173e-03   4.5881927e-03
   2.3555465e-01   9.7182457e-01   9.8091526e-02   1.1155725e-02   5.5111233e-03   4.4255445e-03
   2.6942581e-01   9.9683933e-01   8.2860396e-02   1.0462083e-02   5.6713275e-03   4.0217268e-03
   2.6539670e-01   9.1611195e-01   6.4039386e-02   1.1179406e-02   5.7050148e-03   4.2350864e-03
   2.6891212e-01   8.7827224e-01   1.3568146e-01   9.5482090e-03   5.4044849e-03   4.3032264e-03
   2.9261233e-01   8.9600713e-01   2.0146197e-01   1.0301199e-02   5.6748877e-03   4.4844277e-03
   2.9668171e-01   9.8394563e-01   9.6827794e-02   1.1693679e-02   5.7385057e-03   4.2431216e-03
   3.0208419e-01   1.0139715e+00   7.8299480e-02   1.3435986e-02   6.1267264e-03   4.2987899e-03
   2.9928761e-01   1.0135798e+00   1.2495915e-01   1.3884868e-02   6.1508808e-03   3.0888148e-03
   2.1610262e-01   9.8582838e-01   1.7023016e-01   1.2473767e-02   4.4434802e-03   3.4997906e-03
   2.5095252e-01   8.2473882e-01   7.2807722e-02   1.0417215e-02   5.2001380e-03   4.2316933e-03
   2.7090184e-01   8.7062484e-01   5.8493118e-02   1.2222948e-02   5.3975306e-03   4.2940999e-03
   2.8682241e-01   9.2618092e-01   7.0585944e-02   1.2091169e-02   5.7209143e-03   4.2249493e-03
   3.0552763e-01   1.0196035e+00   9.2864405e-02   1.3730260e-02   5.9507392e-03   4.1888931e-03
   2.8093883e-01   8.6222584e-01   9.8554802e-02   1.1631316e-02   5.8051714e-03   3.9825176e-03
   3.1079489e-01   8.8010203e-01   2.4897530e-01   1.0583606e-02   5.8673204e-03   3.8918281e-03
   2.6674821e-01   7.8615595e-01   5.5348820e-02   1.1295285e-02   5.6003206e-03   4.1003958e-03
   3.2204565e-01   9.1432759e-01   9.4027753e-02   1.2184029e-02   6.3791467e-03   4.2816919e-03
   2.8212198e-01   9.5275077e-01   3.4817067e-02   1.2922722e-02   5.7408220e-03   4.1802539e-03
   2.9687384e-01   1.0216013e+00   4.9109603e-02   1.2419615e-02   5.5350355e-03   4.1052811e-03
   2.8780732e-01   9.6720111e-01   6.0529507e-02   1.2357310e-02   5.5881103e-03   4.4699841e-03
   3.1483534e-01   9.7389906e-01   1.2256513e-01   1.2355742e-02   5.7649273e-03   4.2744789e-03
   3.0502430e-01   9.3819481e-01   7.4847115e-02   1.2668107e-02   5.6774361e-03   4.4590819e-03
   3.5181226e-01   1.0412603e+00   1.2554875e-01   1.2817151e-02   6.5253001e-03   4.2308792e-03
   3.3770154e-01   9.7110267e-01   8.2243767e-02   1.3620826e-02   6.1377151e-03   4.5287468e-03
   3.4297522e-01   1.0191685e+00   1.3252062e-01   1.1444518e-02   6.8265682e-03   4.3524443e-03
   3.0371586e-01   8.9703199e-01   1.3013036e-01   1.2911635e-02   6.2700951e-03   4.5145409e-03
   3.2065360e-01   9.2255276e-01   1.7328218e-01   1.2327986e-02   6.1763915e-03   4.2127753e-03
   3.0403975e-01   8.5240577e-01   1.1425619e-01   1.3228793e-02   5.9090141e-03   4.4938439e-03
   2.9124386e-01   8.8521050e-01   9.9765370e-02   9.1292676e-03   5.6709915e-03   2.6961755e-03
   1.1147962e-01   2.7619242e-01   5.6485003e-02   2.2554398e-03   3.5289672e-03   1.6779147e-03
   1.4026087e-01   5.4903999e-01   1.3714505e-01   5.0683074e-03   3.9220739e-03   4.7210303e-04
   1.3040301e-01   5.6980777e-01  -5.9562091e-03   6.5373408e-03   3.6750275e-03   9.9809916e-04
   2.2890354e-01   7.2083885e-01   2.5701427e-02   8.9269061e-03   4.3429941e-03   1.6622709e-03
   2.6365748e-01   7.5218486e-01   6.9451658e-02   9.0047477e-03   4.9720648e-03   2.3861484e-03
   2.9644297e-01   8.2924251e-01   6.6836983e-02   9.6181868e-03   5.2980820e-03   2.4033822e-03
   2.9093966e-01   7.4872395e-01   8.3214517e-02   9.2050678e-03   5.2356033e-03   2.7926597e-03
   3.3092984e-01   7.9558553e-01   1.2310664e-01   1.0222797e-02   5.8447382e-03   2.6399150e-03
   3.3131027e-01   9.1402854e-01   1.4646576e-01   1.3178664e-02   6.4007475e-03   8.2178092e-04
   1.7034407e-01   6.1845060e-01  -1.9879880e-01   9.4817038e-03   8.8348026e-03   2.0005666e-04
  -8.0114147e-03   3.5366147e-01  -3.5967801e-01   5.6478202e-03   8.5286495e-03   2.8580898e-03
   7.6269711e-02   4.3816703e-01   1.2818901e-02   6.0367679e-03   7.3917074e-03   2.0731224e-03
   1.5415873e-01   4.9406841e-01  -1.0042905e-01   6.8578794e-03   9.1637980e-03   9.3240606e-04
   1.6661918e-01   6.1938205e-01  -7.0999105e-02   8.7743633e-03   9.0046160e-03   4.9050816e-04
   2.0487481e-01   6.3744578e-01  -8.7288347e-02   8.9179547e-03   9.3079942e-03   4.3174008e-04
   2.4255807e-01   7.1327609e-01  -4.9116562e-02   8.4061155e-03   8.9542424e-03   2.0295413e-03
   2.2202926e-01   6.2897732e-01  -2.1009067e-01   9.5874562e-03   8.4296998e-03   1.4972450e-03
   1.5964058e-01   7.2539499e-01  -2.6452288e-01   9.1622037e-03   7.5569143e-03   1.2977948e-03
   1.8579852e-01   6.7483363e-01  -3.7790304e-01   8.1391781e-03   8.4317071e-03   1.6632310e-03
   2.2085123e-01   6.8769227e-01  -3.1641000e-01   6.1193096e-03   7.2263920e-03   2.1613264e-03
   2.3467018e-01   6.3287459e-01  -3.6031534e-01   4.1750496e-03   6.9874572e-03   2.8982172e-03
   2.3398808e-01   6.2460063e-01  -4.0294606e-01   3.8158679e-03   6.7749036e-03   2.5961952e-03
   1.1934483e-01   7.6930338e-01  -2.8053174e-01   7.5559732e-03   5.2966514e-03   1.8728499e-03
   1.3910931e-01   6.1011728e-01  -3.8839623e-01   5.9716880e-03   5.4383728e-03   2.1963864e-03
   1.6238462e-01   6.5881253e-01  -3.7043647e-01   4.9974162e-03   5.8089244e-03   2.0805013e-03
   1.4316274e-01   6.7065350e-01  -4.6258376e-01   5.5992481e-03   5.1608870e-03   1.6847325e-03
   1.4841289e-01   7.1151564e-01  -4.4281877e-01   4.9968835e-03   4.9947105e-03   1.6145507e-03
   1.6181180e-01   6.8080620e-01  -4.6439652e-01   5.4572132e-03   5.1799274e-03   1.9613445e-03
   2.8386001e-01   8.1239950e-01  -2.0260509e-01   9.4757933e-03   6.3909718e-03   1.6263801e-03
   2.2788030e-01   7.4298092e-01  -1.3897219e-01   9.7788466e-03   5.7715233e-03   2.8916570e-03
   2.4226078e-01   7.0885659e-01  -3.0897491e-01   8.6318639e-03   5.8075235e-03   2.6695712e-03
   2.2849509e-01   7.3867767e-01  -3.2689212e-01   7.4400383e-03   5.6107646e-03   2.5746949e-03
   2.2983490e-01   7.0133547e-01  -3.3898175e-01   6.3987228e-03   5.4147900e-03   2.4486023e-03
   2.1357063e-01   7.2721646e-01  -3.4900872e-01   6.1006572e-03   5.0511828e-03   2.5731954e-03
