   0.0000000e+00   0.0000000e+00   0.0000000e+00   0.0000000e+00   0.0000000e+00   0.0000000e+00
   3.4752489e-02   7.9390178e-02   1.4907919e-01  -1.8530243e-04   5.5042621e-04  -1.7557803e-04
   2.9895936e-02  -5.6678154e-02   1.1206089e-01  -1.4091320e-03   5.6857173e-04   1.0018599e-04
   4.3557263e-02   1.2483488e-02   1.2067906e-01  -2.8721765e-04   6.5062019e-04   2.4792505e-04
   4.6591990e-02  -1.2356916e-02   1.7430312e-01  -1.6140453e-03   5.7473899e-04   2.3660508e-04
   2.1457510e-02  -1.0305084e-01   1.2961085e-01  -1.9979774e-03   2.7461750e-04   1.6088627e-04
   5.1003860e-02  -6.1454189e-02   9.1648937e-02  -1.3140593e-03   7.9843261e-04   3.0780801e-04
   4.0417234e-02   7.6305933e-02   2.5999748e-01  -4.0862469e-04   7.5137919e-04   5.4126555e-04
   5.5435908e-02  -1.3756396e-01   1.7737673e-01  -1.7696934e-03   9.0383768e-04   8.0638692e-04
   5.6723692e-02   2.3554020e-02   2.7200482e-01   3.6793557e-04   1.0509022e-03   1.0983391e-03
   5.9734268e-02  -3.3588811e-02   3.0944736e-01  -8.2757801e-04   8.8477321e-04   1.0840167e-03
   5.7795706e-02  -1.3585906e-01   3.0662953e-01  -2.0289814e-03   7.3794474e-04   1.1322064e-03
   8.7420719e-02  -8.6192115e-02   2.1109307e-01  -3.3878230e-04   1.6079417e-03   1.8156418e-03
   1.0127204e-01  -3.3068482e-02   2.6661354e-01  -7.8675313e-04   1.5742222e-03   1.4497094e-03
   9.2800642e-02   9.4764828e-04   3.6519672e-01  -1.0232237e-03   1.5079545e-03   1.3579282e-03
   1.0304600e-01  -1.4532526e-01   2.0675640e-01  -8.9172220e-04   1.4436120e-03   1.5916347e-03
   7.3759923e-02   7.7481993e-02   3.9829620e-01   5.0782639e-04   8.3237334e-04   1.5931362e-03
   7.1349969e-02  -1.1677955e-01   2.9041945e-01  -1.8601040e-03   9.0058264e-04   1.3935378e-03
   8.8449433e-02  -1.7516945e-01   2.5864793e-01  -1.9459045e-03   7.3146712e-04   1.4308304e-03
   7.4987225e-02   3.3929695e-02   3.8328568e-01  -1.5881661e-04   7.1145810e-04   1.5878041e-03
   8.9054782e-02  -9.9004742e-02   3.5316218e-01  -1.8239902e-03   7.4373879e-04   1.5184496e-03
   7.9640078e-02  -1.6230196e-01   2.4081329e-01  -1.3165221e-03   9.5443302e-04   1.7947338e-03
   8.5195386e-02  -1.5727947e-02   3.8549832e-01  -3.4754149e-04   9.6759369e-04   1.6520788e-03
   8.9040745e-02  -3.3833310e-02   4.3270438e-01  -1.8244171e-03   9.6726706e-04   1.4429507e-03
   8.2820616e-02  -1.3660985e-01   2.5881783e-01   3.3797062e-04   1.0828336e-03   1.8081285e-03
   5.9960522e-02   1.3659887e-01   5.3375862e-01  -4.6640974e-04   8.3953217e-04   1.6649249e-03
   4.8641871e-02  -1.0350040e-01   1.2385871e-01   4.5646428e-04   7.4698064e-04   2.1072777e-03
   5.3911325e-02   9.8632111e-02   3.0520945e-01   1.3476009e-03   8.6405539e-04   2.6686829e-03
   4.9752891e-02   3.6903529e-02   3.7257151e-01  -4.0221905e-04   9.0923727e-04   2.5622380e-03
   8.2799733e-02  -3.3651107e-02   2.5135978e-01   8.3149982e-04   1.1976890e-03   2.7148277e-03
   8.4278987e-02   1.1802381e-01   4.5693992e-01   8.7127616e-04   6.3684514e-04   2.8638895e-03
   1.1420917e-01  -1.1830845e-01   3.3723376e-01  -1.7811595e-03   9.9282182e-04   2.5776243e-03
   1.3521501e-01  -2.8058053e-02   3.2749147e-01  -2.5599786e-04   1.3235476e-03   2.7012696e-03
   1.3516422e-01   2.2608376e-02   4.2975021e-01  -9.7548244e-05   9.5436893e-04   2.7885692e-03
   1.6445884e-01  -6.8583100e-02   4.2047134e-01  -2.0208864e-03   1.2774084e-03   2.6619250e-03
   1.6821166e-01  -8.5066263e-02   2.8161771e-01  -4.7122228e-04   1.6748865e-03   2.9074528e-03
   1.2860061e-01   9.8409281e-02   4.9442675e-01   7.9131478e-04   1.2551611e-03   2.9882689e-03
   1.2726705e-01  -1.0277218e-01   3.8315901e-01  -1.2772110e-03   1.4061053e-03   2.9075260e-03
   1.3373747e-01  -3.7223380e-02   3.8384143e-01   2.2326569e-05   1.5466660e-03   3.2131125e-03
   1.4217561e-01   1.3161431e-01   5.2256766e-01   1.2918807e-03   1.5275810e-03   3.1947689e-03
   1.6729657e-01   3.5274126e-02   4.9798059e-01   1.7910122e-04   1.9670086e-03   3.1066571e-03
   1.7529424e-01   3.0545768e-02   4.0299852e-01   1.5705859e-03   2.0721264e-03   3.6552113e-03
   1.7398276e-01   1.8297061e-01   5.6093694e-01   1.7256983e-03   1.9127713e-03   3.3072182e-03
   1.8739707e-01   3.0543979e-03   4.8276920e-01   2.1758835e-04   2.2747719e-03   3.3350305e-03
   1.9338816e-01   1.6002252e-02   4.4400635e-01   9.9525729e-04   2.5537479e-03   3.3857240e-03
   1.7177571e-01   1.6138145e-01   5.8866144e-01   1.7152456e-03   2.1651705e-03   3.5336615e-03
   1.5814294e-01  -7.2890668e-03   4.6915800e-01   1.6296144e-04   2.3099450e-03   3.7582899e-03
   1.5676937e-01   8.6070117e-02   4.4337871e-01   1.8604708e-03   2.3098000e-03   4.0061196e-03
   1.8563873e-01   2.1870080e-01   5.9413546e-01   2.2560866e-03   2.5105444e-03   3.7106951e-03
   1.7201261e-01   1.8750495e-02   4.2887256e-01   1.5226070e-03   2.8352463e-03   4.0373134e-03
   1.6807826e-01   1.2270235e-01   4.6964327e-01   2.3791452e-03   2.5399828e-03   3.9520559e-03
   1.6409784e-01   2.1005546e-01   5.7175401e-01   2.3938793e-03   2.5313358e-03   3.9780201e-03
   1.8859955e-01   6.2263121e-02   4.7163774e-01   1.3298683e-03   2.9279286e-03   3.7255268e-03
   1.6400510e-01   2.0619065e-01   5.0191428e-01   3.6946608e-03   2.5217016e-03   4.1055924e-03
   1.3899220e-01   1.9690239e-01   5.9651966e-01   1.7837134e-03   2.1575106e-03   4.1682276e-03
   1.4740093e-01   7.5820901e-02   4.8705071e-01   2.8913442e-03   2.4849398e-03   4.3678541e-03
   1.4522320e-01   2.2871066e-01   6.0701958e-01   3.6835089e-03   2.1933084e-03   4.5607130e-03
   1.3912185e-01   1.0967757e-01   5.7520999e-01   1.6306205e-03   2.0889129e-03   4.5422866e-03
   1.7873506e-01   9.9187311e-02   4.8694130e-01   3.2120293e-03   2.1981745e-03   4.3229596e-03
   1.5247966e-01   2.8677844e-01   6.4422745e-01   3.4585976e-03   1.9727794e-03   4.3936344e-03
   1.0826250e-01   1.9614869e-02   5.0349500e-01   1.4793313e-03   1.4483661e-03   4.8729882e-03
   1.3791334e-01   1.5732939e-01   5.1627057e-01   3.4997128e-03   2.0652610e-03   4.5223780e-03
   1.3329170e-01   2.1855404e-01   6.0570403e-01   2.8335541e-03   2.0441085e-03   4.9136774e-03
   1.5072436e-01   8.1782789e-02   5.5904594e-01   1.7395283e-03   2.0820543e-03   5.0826376e-03
   1.6669993e-01   2.1284619e-01   5.4180128e-01   4.4769028e-03   2.1849331e-03   5.2008627e-03
   1.5126974e-01   2.2881227e-01   5.2406525e-01   2.5005336e-03   1.8192099e-03   4.5216912e-03
   1.2738819e-01   1.6661913e-01   4.0024088e-01   3.7428018e-03   2.1994988e-03   4.9106374e-03
   9.9049252e-02   4.1382047e-01   6.0967238e-01   3.8303835e-03   1.5013172e-03   4.6207733e-03
   1.1685363e-01   1.0958796e-01   3.6102369e-01   3.0677594e-03   1.6074098e-03   4.8487806e-03
   1.2681677e-01   3.2408024e-01   5.4178672e-01   4.4024349e-03   1.3026529e-03   5.0277111e-03
   1.2051652e-01   2.9204143e-01   5.7903594e-01   3.8219286e-03   1.2452267e-03   5.1908983e-03
   1.0616073e-01   1.8278484e-01   4.0941257e-01   4.6540430e-03   1.4909521e-03   5.6668049e-03
   8.8500555e-02   3.9931427e-01   7.3044977e-01   2.8107032e-03   5.8020393e-04   5.3731229e-03
   7.4728072e-02   2.3913251e-01   4.6773631e-01   5.7386725e-03   7.2825755e-04   5.9662156e-03
   9.3278425e-02   2.6178641e-01   5.7077198e-01   3.4653733e-03   8.4349602e-04   5.9175161e-03
   1.0186963e-01   2.6843420e-01   5.0700223e-01   5.5806765e-03   8.2500103e-04   6.1325580e-03
   1.4556586e-01   3.6063284e-01   6.3033610e-01   4.6847412e-03   1.2803008e-03   5.6402583e-03
   1.3949152e-01   2.2439438e-01   5.1638914e-01   5.4544430e-03   1.5500823e-03   5.6579338e-03
   1.4523500e-01   3.9404302e-01   6.6743720e-01   5.4329053e-03   1.4784078e-03   5.2504043e-03
   1.0866388e-01   2.6824854e-01   5.7566613e-01   4.2770447e-03   1.2540964e-03   5.2601237e-03
   1.4158823e-01   2.9851396e-01   3.7458397e-01   6.3531706e-03   1.3881044e-03   5.2609969e-03
   1.7838228e-01   3.6153233e-01   5.6133593e-01   4.7414702e-03   1.5212479e-03   5.1070336e-03
   2.0056408e-01   1.8649969e-01   5.2255322e-01   3.5124982e-03   1.6774050e-03   5.1666512e-03
   2.0721401e-01   3.5598112e-01   6.1623430e-01   5.6905223e-03   1.6054338e-03   5.8516052e-03
   1.9602356e-01   3.6025561e-01   6.6908584e-01   3.8217751e-03   1.3454788e-03   5.4694942e-03
   2.3800420e-01   2.6150691e-01   5.1335869e-01   5.7785364e-03   1.9128211e-03   5.4743197e-03
   2.1291550e-01   3.5536014e-01   7.4512007e-01   4.6871854e-03   1.4907423e-03   5.2388283e-03
   1.8922102e-01   2.4521140e-01   5.9066224e-01   5.4968401e-03   1.3890504e-03   5.5665596e-03
   2.0361907e-01   4.6411715e-01   7.6706068e-01   6.3905605e-03   1.4445472e-03   5.2661785e-03
   1.9362804e-01   2.3336981e-01   6.3583331e-01   4.8717668e-03   1.8998189e-03   5.5358942e-03
   1.9593974e-01   4.3138750e-01   6.9714039e-01   6.9592961e-03   1.7333958e-03   5.5696355e-03
   1.8534519e-01   2.9619352e-01   6.6355105e-01   4.9391668e-03   1.6302568e-03   5.3757696e-03
   2.2820604e-01   3.0243781e-01   5.6079503e-01   5.3974853e-03   2.2978878e-03   5.0438837e-03
   2.1229108e-01   5.1142705e-01   7.2883554e-01   6.9255379e-03   1.8682197e-03   5.0006672e-03
   2.4568536e-01   3.2150177e-01   6.1383319e-01   5.2438228e-03   2.0658788e-03   5.1679601e-03
   2.8609616e-01   4.0171400e-01   5.9390871e-01   7.2494084e-03   2.3690325e-03   5.4265763e-03
   2.7749533e-01   5.3995132e-01   7.4742301e-01   7.0274135e-03   2.1714484e-03   5.3827547e-03
   3.2725971e-01   3.7754989e-01   6.7520720e-01   5.7412279e-03   2.4277357e-03   5.5873588e-03
   3.3008110e-01   4.7673740e-01   6.6743570e-01   8.1262659e-03   2.7881523e-03   5.9322895e-03
   3.4566364e-01   5.3213586e-01   8.2413625e-01   7.1544768e-03   2.7071079e-03   5.3768236e-03
   3.6806323e-01   3.6811788e-01   6.2498662e-01   6.7152978e-03   3.0784079e-03   5.5836482e-03
   3.8698540e-01   5.4164448e-01   7.4833496e-01   7.8064814e-03   3.0644968e-03   5.6839874e-03
   4.0077840e-01   4.7257525e-01   7.4850338e-01   6.4539006e-03   2.9004192e-03   5.7174104e-03
   3.8361552e-01   4.7332540e-01   6.5520894e-01   7.9277849e-03   3.0060655e-03   6.4073326e-03
   3.8538605e-01   6.1961492e-01   6.8140699e-01   9.5253216e-03   3.4041284e-03   5.6990225e-03
   3.7314098e-01   5.6210057e-01   5.5420020e-01   8.1962085e-03   3.3630966e-03   5.7982816e-03
   3.5740450e-01   4.5982669e-01   5.1749587e-01   8.0353508e-03   3.2479097e-03   5.7043111e-03
   2.8393682e-01   6.4639872e-01   6.8535718e-01   8.5102723e-03   2.7057526e-03   5.9424067e-03
   2.7276006e-01   5.9571316e-01   7.1353844e-01   7.1364812e-03   2.3436488e-03   5.5459527e-03
   2.7735785e-01   5.3019903e-01   5.5265116e-01   8.2738241e-03   2.3303843e-03   6.0035296e-03
   2.6804097e-01   5.9314818e-01   6.2617299e-01   7.0322750e-03   2.3973449e-03   5.8235864e-03
   2.7219747e-01   6.8976248e-01   6.2300124e-01   9.4911343e-03   2.4004166e-03   6.2926699e-03
   2.9687787e-01   7.0327145e-01   7.2821724e-01   8.1512089e-03   2.7412699e-03   6.0004407e-03
   3.0393872e-01   6.1723560e-01   5.8866108e-01   9.8793074e-03   2.3543290e-03   6.3768544e-03
   3.2654765e-01   7.3088957e-01   7.7949285e-01   8.5401362e-03   2.5534356e-03   5.4500427e-03
   3.3270476e-01   5.2568169e-01   6.4996217e-01   8.1291061e-03   2.7517337e-03   5.6685345e-03
   3.2949896e-01   7.0697407e-01   7.3156643e-01   9.6115432e-03   2.8861429e-03   5.7052155e-03
   3.4715997e-01   6.3547898e-01   7.3654856e-01   7.4298026e-03   3.0027736e-03   5.6230534e-03
   3.7550633e-01   6.0192019e-01   5.3162820e-01   9.5220011e-03   3.8090812e-03   6.1537756e-03
   4.0109816e-01   7.5196700e-01   7.0383397e-01   8.9894935e-03   3.6076121e-03   5.8301229e-03
   4.1170600e-01   5.9920750e-01   6.3250460e-01   7.5038686e-03   3.6307980e-03   5.7341314e-03
   4.0409314e-01   7.2633840e-01   6.3164592e-01   9.6439352e-03   3.7878968e-03   5.8880790e-03
   3.8647608e-01   6.9342210e-01   6.9306697e-01   8.5386819e-03   3.3742189e-03   5.9288475e-03
   3.7344832e-01   6.5680858e-01   6.2110512e-01   1.0034307e-02   3.5277599e-03   5.9160434e-03
   3.3259249e-01   8.6505291e-01   8.3613673e-01   1.0788326e-02   3.1352803e-03   6.0502807e-03
   3.2430299e-01   6.4339207e-01   6.3520424e-01   1.0963360e-02   2.8596929e-03   6.6468858e-03
   3.3577623e-01   7.9244058e-01   7.1865918e-01   1.1444312e-02   3.1224709e-03   6.3422983e-03
   3.3436583e-01   8.5275875e-01   7.8214012e-01   1.1037453e-02   2.9478568e-03   5.9946344e-03
   3.5203225e-01   6.6190265e-01   5.7908665e-01   1.1302584e-02   3.2085020e-03   6.2343987e-03
   3.7417720e-01   8.5880156e-01   7.3035919e-01   1.1902756e-02   3.2176167e-03   6.6728933e-03
   4.0147219e-01   7.6471056e-01   7.0924714e-01   1.0775108e-02   3.4542355e-03   6.7678120e-03
   4.4677113e-01   7.3101670e-01   5.9204972e-01   1.1518787e-02   4.0289871e-03   6.9779087e-03
   4.1630111e-01   8.4808453e-01   6.8935206e-01   1.0932688e-02   3.5148900e-03   6.7151457e-03
   4.2948818e-01   7.6969664e-01   6.3663485e-01   1.0020588e-02   3.7903082e-03   6.8842466e-03
   4.4203797e-01   8.3981971e-01   6.1191883e-01   1.2338919e-02   3.8648135e-03   7.1792024e-03
   4.3044248e-01   8.8819238e-01   7.3857614e-01   1.1699016e-02   3.5650698e-03   7.1864150e-03
   4.2475939e-01   7.6519264e-01   6.3113485e-01   1.1954747e-02   3.7657411e-03   7.4828172e-03
   3.9736959e-01   9.4483899e-01   7.3042065e-01   1.3643275e-02   3.4624694e-03   7.4900486e-03
   4.0205009e-01   8.1787658e-01   7.1502293e-01   1.1876770e-02   3.4015081e-03   7.7823651e-03
   4.4451870e-01   8.2176361e-01   6.5781588e-01   1.2540805e-02   3.9015844e-03   8.0090219e-03
   4.7268383e-01   1.0142795e+00   8.0920284e-01   1.4108535e-02   3.8050076e-03   8.3060617e-03
   4.9160081e-01   8.0116668e-01   6.8802662e-01   1.2151371e-02   3.9411767e-03   8.5237307e-03
   4.7850319e-01   9.6792911e-01   7.1559989e-01   1.4510338e-02   4.0625894e-03   8.8808189e-03
   4.7921769e-01   1.0493013e+00   8.4539604e-01   1.4376123e-02   3.9789779e-03   8.8958414e-03
   4.9834992e-01   8.5432117e-01   6.8428978e-01   1.3916512e-02   4.4726412e-03   9.0428225e-03
   5.2896636e-01   1.0234578e+00   7.8084187e-01   1.4634586e-02   4.5930507e-03   9.6000403e-03
   5.6204635e-01   9.8972846e-01   8.0437539e-01   1.3625843e-02   4.8722069e-03   9.8310519e-03
   5.7832175e-01   8.9432819e-01   7.3861986e-01   1.3083612e-02   5.4513795e-03   9.8784152e-03
   5.9791103e-01   1.0648162e+00   7.5406184e-01   1.5075263e-02   6.5620280e-03   9.4905521e-03
   5.9680668e-01   9.8872397e-01   7.5726355e-01   1.2768232e-02   6.1392186e-03   9.4917266e-03
   6.1956670e-01   9.7275104e-01   6.6602339e-01   1.4880442e-02   6.5485547e-03   9.5149226e-03
   5.7650823e-01   1.1270224e+00   8.5090023e-01   1.4819112e-02   5.7102013e-03   9.9018184e-03
   6.1002621e-01   9.2657623e-01   6.6486813e-01   1.4240269e-02   6.1812964e-03   1.0241575e-02
   6.1739974e-01   1.1241413e+00   7.7287295e-01   1.6188878e-02   6.3232555e-03   1.0269872e-02
   5.9547372e-01   1.1223420e+00   7.9461288e-01   1.5516266e-02   6.1281070e-03   1.0042505e-02
   6.0399790e-01   1.0282146e+00   7.2697840e-01   1.5441212e-02   6.3649097e-03   1.0129420e-02
   6.5427679e-01   1.1623400e+00   7.8416908e-01   1.6537850e-02   6.9667123e-03   1.0241588e-02
   6.5693962e-01   1.1480853e+00   8.5165965e-01   1.4866210e-02   6.6239770e-03   1.0216009e-02
   6.6768594e-01   1.0411413e+00   6.3525340e-01   1.5787774e-02   7.2079127e-03   9.7103911e-03
   6.6933752e-01   1.1997025e+00   7.1775932e-01   1.4891204e-02   7.1082234e-03   1.0058900e-02
   6.6928425e-01   1.0487766e+00   6.5057626e-01   1.4671925e-02   6.9775987e-03   1.0248256e-02
   6.4652682e-01   1.2006670e+00   7.0944236e-01   1.6139340e-02   6.7292645e-03   1.0363868e-02
   6.5273267e-01   1.1714468e+00   8.0789712e-01   1.5162715e-02   6.7036363e-03   1.0352947e-02
   6.2229091e-01   9.9838567e-01   6.9188174e-01   1.5304922e-02   6.5372254e-03   1.0407467e-02
   6.1983690e-01   1.2386277e+00   8.4227631e-01   1.6960572e-02   6.3704327e-03   1.0532312e-02
   6.5791037e-01   1.0386943e+00   7.6228012e-01   1.5070379e-02   6.4643367e-03   1.0752416e-02
   6.5606565e-01   1.1798167e+00   7.6548126e-01   1.6714794e-02   6.6777135e-03   1.0805416e-02
   6.3358406e-01   1.2033121e+00   8.2149522e-01   1.6406321e-02   6.3251388e-03   1.0735111e-02
   6.6726824e-01   1.0517662e+00   7.3895475e-01   1.4796894e-02   6.8834483e-03   1.0805386e-02
   7.1266986e-01   1.2060567e+00   7.9654405e-01   1.6930146e-02   7.2819770e-03   1.0595073e-02
   6.9345513e-01   1.2047415e+00   8.9001950e-01   1.5334457e-02   6.5965779e-03   1.0398861e-02
   7.3017842e-01   1.0606381e+00   7.0996673e-01   1.5982161e-02   7.2528297e-03   1.0403661e-02
   7.4257609e-01   1.2160450e+00   7.9833935e-01   1.6991376e-02   7.4112077e-03   1.0550675e-02
   7.0452845e-01   1.2481472e+00   8.7178496e-01   1.6515387e-02   6.7346574e-03   1.0676587e-02
   7.3523633e-01   1.1030727e+00   7.4441229e-01   1.6230893e-02   7.2443372e-03   1.0664447e-02
   7.1567586e-01   1.2700982e+00   8.5218766e-01   1.7503710e-02   6.9601379e-03   1.0866641e-02
   7.2092487e-01   1.2013103e+00   8.5433171e-01   1.5967430e-02   7.1392394e-03   1.0786041e-02
   7.6143529e-01   1.1581391e+00   7.5558626e-01   1.6875608e-02   7.8457526e-03   1.0784484e-02
   7.5540224e-01   1.3269370e+00   9.2738615e-01   1.7168943e-02   7.4945368e-03   1.0821054e-02
   7.8969267e-01   1.1232700e+00   8.2846060e-01   1.5857321e-02   8.0852942e-03   1.1243821e-02
   7.8147930e-01   1.2420133e+00   8.2767852e-01   1.7596074e-02   8.0082287e-03   1.1431735e-02
   7.6191021e-01   1.3520783e+00   9.3101139e-01   1.8025441e-02   7.6497704e-03   1.1449926e-02
   7.7582808e-01   1.1504099e+00   7.9670560e-01   1.6986285e-02   7.8612238e-03   1.1515671e-02
   7.8966078e-01   1.3157193e+00   8.2527595e-01   1.8424352e-02   7.7363633e-03   1.1385093e-02
   8.4319046e-01   1.2251155e+00   8.1994991e-01   1.6960040e-02   8.4424661e-03   1.1348130e-02
   8.2879853e-01   1.2172207e+00   7.9556515e-01   1.8155489e-02   8.5094634e-03   1.1612270e-02
   8.0098773e-01   1.3739160e+00   1.0173822e+00   1.7570326e-02   8.1110915e-03   1.1467880e-02
   8.0574688e-01   1.1423112e+00   8.2765107e-01   1.6362880e-02   8.2610567e-03   1.1845890e-02
   8.2251404e-01   1.3516244e+00   9.3357017e-01   1.8197560e-02   8.4116304e-03   1.1663284e-02
   8.3049723e-01   1.1381406e+00   8.0302692e-01   1.6687791e-02   8.6705374e-03   1.1555355e-02
   8.3640578e-01   1.3774311e+00   9.1785843e-01   1.8056185e-02   8.6297741e-03   1.1501894e-02
   8.4367461e-01   1.2848140e+00   8.7676006e-01   1.7084059e-02   8.5051500e-03   1.1275600e-02
   8.6925780e-01   1.2972713e+00   7.4050268e-01   1.9074474e-02   9.0051952e-03   1.1486729e-02
   8.4409098e-01   1.4367952e+00   9.2991555e-01   1.8145028e-02   8.2711268e-03   1.2026318e-02
   8.4637439e-01   1.2453255e+00   7.4953558e-01   1.8903899e-02   8.4755479e-03   1.2126718e-02
   8.5486456e-01   1.4583387e+00   9.1638952e-01   1.8937067e-02   8.2010969e-03   1.2685179e-02
   9.0423763e-01   1.2621926e+00   7.8397537e-01   1.8711001e-02   8.7286334e-03   1.2811957e-02
   9.2496967e-01   1.4522018e+00   8.7993614e-01   2.0340435e-02   8.9014880e-03   1.2565402e-02
   9.1216903e-01   1.3567355e+00   9.2718277e-01   1.8222038e-02   8.4441424e-03   1.2722481e-02
   9.6246171e-01   1.3783381e+00   8.3964778e-01   2.0332113e-02   9.3843749e-03   1.2754209e-02
   9.7989774e-01   1.4305371e+00   1.0124749e+00   1.7952311e-02   9.3446208e-03   1.2675263e-02
   9.9759785e-01   1.3981348e+00   8.3568631e-01   2.0256398e-02   9.8773611e-03   1.2478495e-02
   1.0007908e+00   1.4113170e+00   9.3119869e-01   1.8956524e-02   9.9363462e-03   1.2347772e-02
   1.0493350e+00   1.3990104e+00   8.3895061e-01   2.0037884e-02   1.0369931e-02   1.2406325e-02
   1.0668395e+00   1.4731679e+00   9.7302007e-01   1.9152388e-02   9.8198146e-03   1.2770438e-02
   1.0833193e+00   1.3400469e+00   8.8563084e-01   1.8185084e-02   9.8420949e-03   1.3081985e-02
   1.0891539e+00   1.4479771e+00   8.4543626e-01   2.0615006e-02   1.0055907e-02   1.2929857e-02
   1.0947018e+00   1.5565803e+00   9.8178455e-01   1.9927574e-02   1.0040912e-02   1.2734499e-02
   1.1244245e+00   1.4512592e+00   7.7630461e-01   2.1143721e-02   1.0498867e-02   1.3000988e-02
   1.1601597e+00   1.6499477e+00   9.4488792e-01   2.0983700e-02   1.0884859e-02   1.3232067e-02
   1.1689462e+00   1.4946419e+00   8.5515118e-01   2.0802010e-02   1.0527018e-02   1.3481950e-02
   1.1299243e+00   2.0710326e+00   1.2599365e+00   1.9468289e-02   7.3483273e-03   1.3037621e-02
   1.1587652e+00   1.7188912e+00   6.6792855e-01   2.2854611e-02   8.5148875e-03   1.2882519e-02
   1.2638709e+00   1.6368937e+00   6.1996274e-01   2.2119440e-02   1.0836577e-02   1.2469352e-02
   1.3328853e+00   1.7836189e+00   7.3493437e-01   2.2435797e-02   1.1744340e-02   1.2492992e-02
   1.3456391e+00   1.8063391e+00   7.6925425e-01   2.2866050e-02   1.1879543e-02   1.3199419e-02
   1.3415204e+00   1.8109610e+00   8.1890142e-01   2.2832174e-02   1.1971186e-02   1.3223606e-02
   1.3451391e+00   1.8248927e+00   8.6114762e-01   2.3059917e-02   1.2038311e-02   1.3387661e-02
   1.3655272e+00   1.8731051e+00   9.2930829e-01   2.2961204e-02   1.1904515e-02   1.3595895e-02
   1.3530896e+00   1.7476620e+00   9.2363456e-01   1.9881410e-02   1.1314490e-02   1.3841385e-02
   1.3971000e+00   1.8083202e+00   7.4141023e-01   2.2058412e-02   1.2501277e-02   1.3571581e-02
   1.3658680e+00   1.8282162e+00   8.0961566e-01   2.0228298e-02   1.1724246e-02   1.4022560e-02
   1.4018813e+00   1.7513527e+00   6.2080493e-01   2.1960794e-02   1.2558153e-02   1.3710911e-02
   1.4360988e+00   1.9190858e+00   7.9412759e-01   2.1675874e-02   1.2591214e-02   1.4158414e-02
   1.4597923e+00   1.7736790e+00   6.9935721e-01   2.1717454e-02   1.3098563e-02   1.4256869e-02
   1.4561425e+00   1.9396657e+00   8.1230705e-01   2.2359705e-02   1.3075495e-02   1.4628763e-02
   1.4898107e+00   1.8355976e+00   7.8105261e-01   2.1303030e-02   1.3224554e-02   1.4432557e-02
   1.4632403e+00   1.8776034e+00   6.6552076e-01   2.2524844e-02   1.3333169e-02   1.3963172e-02
   1.4707369e+00   1.8430561e+00   5.3189470e-01   2.1377334e-02   1.3152140e-02   1.3860786e-02
   1.4722585e+00   1.7125174e+00   4.4864745e-01   2.0829720e-02   1.3042504e-02   1.3580007e-02
   1.4796277e+00   1.8617747e+00   5.3845718e-01   2.1025408e-02   1.2752538e-02   1.3625055e-02
   1.4820567e+00   1.6846475e+00   4.7764033e-01   1.9839748e-02   1.2422049e-02   1.3590999e-02
   1.5302374e+00   1.8357981e+00   5.3926306e-01   2.1107511e-02   1.2695101e-02   1.3663601e-02
   1.5334488e+00   1.7421974e+00   5.3646714e-01   1.9636769e-02   1.2437376e-02   1.4108163e-02
   1.5618088e+00   1.7955798e+00   4.7118204e-01   2.1591225e-02   1.2944249e-02   1.3950271e-02
   1.5907318e+00   1.8348675e+00   4.9699097e-01   2.1064005e-02   1.3191455e-02   1.3694214e-02
   1.5561954e+00   1.8117999e+00   5.1236391e-01   1.9869691e-02   1.2796183e-02   1.3992618e-02
   1.5627969e+00   1.8325251e+00   4.0010295e-01   2.1841419e-02   1.3262515e-02   1.4098793e-02
   1.5791158e+00   1.8790106e+00   4.8605908e-01   2.0389455e-02   1.3322469e-02   1.4149357e-02
   1.5574329e+00   1.7350521e+00   4.5497232e-01   1.9640135e-02   1.3048185e-02   1.4445229e-02
   1.5841697e+00   1.8908289e+00   5.3846363e-01   2.1356009e-02   1.3598738e-02   1.4272591e-02
   1.5686569e+00   1.8723006e+00   6.9492024e-01   1.9821472e-02   1.3170488e-02   1.4196887e-02
   1.5736198e+00   1.7255879e+00   5.7991664e-01   1.8971984e-02   1.3488944e-02   1.4110580e-02
   1.6091162e+00   1.9505631e+00   7.1823078e-01   2.0683953e-02   1.3726648e-02   1.4535806e-02
   1.6216707e+00   1.7863146e+00   6.3056860e-01   1.9780138e-02   1.3934126e-02   1.4371510e-02
   1.6632044e+00   1.8156440e+00   6.1167147e-01   2.0521754e-02   1.4328633e-02   1.4364388e-02
   1.7039659e+00   1.9475116e+00   7.6013896e-01   2.0133587e-02   1.4533167e-02   1.5040948e-02
   1.7084786e+00   1.7792384e+00   6.9438684e-01   1.9657184e-02   1.4181687e-02   1.5186289e-02
   1.7547413e+00   1.8804395e+00   6.9808544e-01   2.0840721e-02   1.4889919e-02   1.4867100e-02
   1.7463343e+00   1.9082506e+00   8.1185046e-01   2.0035865e-02   1.4395459e-02   1.5258967e-02
   1.7744874e+00   1.7525946e+00   6.6407348e-01   1.9856253e-02   1.4819969e-02   1.5440255e-02
   1.7790194e+00   1.9723684e+00   7.7324325e-01   2.0670438e-02   1.4950043e-02   1.5897808e-02
   1.7982818e+00   1.7766979e+00   6.9650927e-01   1.9226263e-02   1.4697257e-02   1.6233110e-02
   1.8223957e+00   1.9089923e+00   6.9828632e-01   2.0861263e-02   1.5066822e-02   1.6448976e-02
   1.7928214e+00   1.9284513e+00   6.8807389e-01   2.0547672e-02   1.5137053e-02   1.5756511e-02
   1.7587051e+00   1.7775441e+00   5.5774581e-01   2.0174018e-02   1.5025304e-02   1.5816383e-02
   1.7906583e+00   1.9056680e+00   5.9496021e-01   2.0983453e-02   1.5328625e-02   1.5879656e-02
   1.7797588e+00   1.9501721e+00   7.0862826e-01   2.0484608e-02   1.4764693e-02   1.6332102e-02
   1.7595260e+00   1.8129729e+00   6.3208937e-01   2.0199226e-02   1.4876762e-02   1.6548848e-02
   1.7920864e+00   1.9624028e+00   6.7360776e-01   2.0787948e-02   1.5448087e-02   1.6633484e-02
   1.7973582e+00   1.9050448e+00   7.1149028e-01   2.0302525e-02   1.5152424e-02   1.6940464e-02
   1.7812651e+00   1.8295789e+00   6.6580202e-01   1.9994934e-02   1.4597384e-02   1.7360460e-02
   1.8129102e+00   1.9819084e+00   7.4299065e-01   2.0340200e-02   1.5013117e-02   1.7210587e-02
   1.7758753e+00   1.8523652e+00   7.2610197e-01   1.9729356e-02   1.4060730e-02   1.7618221e-02
   1.7967086e+00   1.9750236e+00   6.9319119e-01   2.1079452e-02   1.4998173e-02   1.6985808e-02
   1.8147973e+00   1.9194840e+00   6.9916846e-01   1.9758698e-02   1.4899892e-02   1.7333481e-02
   1.8441567e+00   1.8707680e+00   7.3079054e-01   1.9911410e-02   1.4621371e-02   1.7280317e-02
   1.8489545e+00   1.9586356e+00   7.9235227e-01   2.0857699e-02   1.5154030e-02   1.7087653e-02
   1.8620703e+00   1.9178590e+00   8.3462663e-01   1.8558649e-02   1.4884267e-02   1.7623380e-02
   1.8950543e+00   1.9504893e+00   6.5298829e-01   2.0894834e-02   1.5523119e-02   1.7070674e-02
   1.8541173e+00   1.8900554e+00   6.3799715e-01   1.9361533e-02   1.5159014e-02   1.7087392e-02
   1.8610000e+00   1.9086172e+00   6.0850297e-01   2.0341741e-02   1.4999305e-02   1.6593164e-02
   1.7625005e+00   1.9438520e+00   6.9694952e-01   1.9483855e-02   1.3996904e-02   1.6773563e-02
   1.7992076e+00   1.9263499e+00   6.1567059e-01   2.1102713e-02   1.4675306e-02   1.6922635e-02
   1.8392427e+00   2.0055930e+00   7.3250137e-01   2.0332330e-02   1.4993276e-02   1.7154936e-02
   1.8203600e+00   1.8326285e+00   6.6948856e-01   1.9410438e-02   1.4773171e-02   1.7286072e-02
   1.8514509e+00   2.0140675e+00   7.4080677e-01   2.0924985e-02   1.5171773e-02   1.7342567e-02
   1.8195722e+00   1.9303026e+00   7.2697108e-01   1.9960742e-02   1.4712363e-02   1.7405430e-02
   1.8691112e+00   1.9439951e+00   6.1626916e-01   2.1015701e-02   1.5223568e-02   1.7429042e-02
   1.8460411e+00   2.0711426e+00   7.7613075e-01   2.0763157e-02   1.4862478e-02   1.7670554e-02
   1.8810298e+00   1.8653446e+00   6.1363790e-01   1.9482845e-02   1.5347262e-02   1.7267120e-02
   1.8605044e+00   2.0102550e+00   6.7373375e-01   2.1263182e-02   1.5480354e-02   1.7059717e-02
   1.8612054e+00   2.0097632e+00   6.8632580e-01   2.0894572e-02   1.5507093e-02   1.7263699e-02
   1.8737882e+00   1.9279343e+00   6.5271432e-01   1.9755014e-02   1.5336859e-02   1.7471853e-02
   1.8920779e+00   2.0070577e+00   6.4149709e-01   2.1164466e-02   1.5800133e-02   1.7320592e-02
   1.8822581e+00   2.0986717e+00   8.1840028e-01   2.0804696e-02   1.5030740e-02   1.7992327e-02
   1.8776303e+00   1.9396672e+00   6.6427587e-01   2.0822910e-02   1.5363620e-02   1.7689439e-02
   1.8827982e+00   2.0937517e+00   7.9275738e-01   2.1744316e-02   1.5428893e-02   1.7676160e-02
   1.8786551e+00   1.9855182e+00   7.5317339e-01   2.0208908e-02   1.5474194e-02   1.7888153e-02
   1.8572819e+00   1.9819378e+00   6.8130542e-01   2.0960537e-02   1.5719575e-02   1.7306415e-02
   1.8551811e+00   2.1216731e+00   7.9653906e-01   2.0623347e-02   1.5432007e-02   1.7856662e-02
   1.8633604e+00   1.9221652e+00   6.7117545e-01   1.9922451e-02   1.5267186e-02   1.8285471e-02
   1.9012479e+00   2.0736237e+00   7.2000843e-01   2.1395331e-02   1.5674551e-02   1.8101049e-02
   1.9012710e+00   2.0781234e+00   7.6472956e-01   2.0514927e-02   1.5603603e-02   1.8506127e-02
   1.9356795e+00   2.0368409e+00   6.8625038e-01   2.1485763e-02   1.6004772e-02   1.7932335e-02
   1.9235691e+00   2.1184930e+00   8.2634370e-01   2.1421451e-02   1.5707688e-02   1.8314672e-02
   1.9402459e+00   2.0012605e+00   7.6049232e-01   1.9841311e-02   1.5778927e-02   1.8503302e-02
   1.9351744e+00   2.0333174e+00   7.4970847e-01   2.1031907e-02   1.5723266e-02   1.8457361e-02
   1.9311712e+00   2.1503257e+00   8.6094051e-01   2.0527244e-02   1.5532821e-02   1.8862675e-02
   1.8986579e+00   1.9634314e+00   7.2090463e-01   2.0513195e-02   1.5724156e-02   1.8327971e-02
   1.9387592e+00   2.1693660e+00   8.2894023e-01   2.0511927e-02   1.6109132e-02   1.8749400e-02
   1.9490178e+00   2.0191808e+00   5.9184397e-01   2.1031730e-02   1.6170901e-02   1.9126983e-02
   1.9871941e+00   2.1182192e+00   4.2363823e-01   2.2425071e-02   1.6428624e-02   1.9210744e-02
   1.9897486e+00   2.1131447e+00   4.6309119e-01   2.1596322e-02   1.6297079e-02   1.9174385e-02
   1.9647621e+00   2.0469488e+00   4.5500220e-01   2.0439026e-02   1.5656931e-02   1.9594513e-02
   1.9695620e+00   2.1123552e+00   4.9077262e-01   2.1500260e-02   1.5947498e-02   1.9406046e-02
   1.9294016e+00   2.1627675e+00   6.1064023e-01   2.1457827e-02   1.5132414e-02   1.9659379e-02
   1.9296916e+00   2.0680265e+00   5.3449297e-01   2.1057411e-02   1.4819603e-02   1.9956046e-02
   1.9132651e+00   2.1434091e+00   6.0780636e-01   2.2009707e-02   1.4875481e-02   1.9542538e-02
   1.9290090e+00   2.1839288e+00   6.9425806e-01   2.0988794e-02   1.4762192e-02   1.9369844e-02
   1.9303797e+00   2.1063476e+00   6.2019536e-01   2.1241389e-02   1.4590690e-02   1.9743885e-02
   1.9636413e+00   2.1682834e+00   6.1628962e-01   2.1940054e-02   1.5046581e-02   1.9562225e-02
   1.9659093e+00   2.1876326e+00   7.1845252e-01   2.0658338e-02   1.4881943e-02   1.9634779e-02
   1.9454254e+00   2.0769658e+00   6.7826016e-01   2.0687101e-02   1.4662760e-02   1.9881863e-02
   1.9493095e+00   2.2331105e+00   7.7878455e-01   2.1723059e-02   1.4872316e-02   1.9248711e-02
   1.9231242e+00   2.1361962e+00   8.0142087e-01   1.9926627e-02   1.4249353e-02   2.0055840e-02
   1.8937863e+00   2.1524166e+00   7.4569932e-01   2.1831186e-02   1.4422810e-02   1.9549691e-02
   1.9143637e+00   2.3772578e+00   1.0269514e+00   2.0142875e-02   1.3899050e-02   2.0331728e-02
   2.0058342e+00   2.0487485e+00   6.6629602e-01   2.1212635e-02   1.5077152e-02   2.0066550e-02
   1.9993930e+00   2.2440595e+00   7.5427216e-01   2.1236298e-02   1.4834336e-02   2.0337398e-02
   2.0302649e+00   2.0573295e+00   6.1238326e-01   2.0870102e-02   1.5357845e-02   2.0076010e-02
   2.0335955e+00   2.1873875e+00   6.8167115e-01   2.1832599e-02   1.5569739e-02   2.0109948e-02
   2.0011233e+00   2.2338957e+00   7.3411715e-01   2.1750726e-02   1.4873796e-02   2.0658329e-02
   1.9630521e+00   2.1239715e+00   7.4440528e-01   2.0558159e-02   1.4221458e-02   2.1162077e-02
   1.9796658e+00   2.2514174e+00   7.5583904e-01   2.2149158e-02   1.4220746e-02   2.1064914e-02
   1.9650991e+00   2.2705353e+00   8.0068836e-01   2.1676220e-02   1.3692281e-02   2.1622238e-02
   1.9819517e+00   2.1774277e+00   6.8414678e-01   2.1498494e-02   1.4038323e-02   2.1665664e-02
   1.9954531e+00   2.3019656e+00   7.7501756e-01   2.1933974e-02   1.3856379e-02   2.1780134e-02
   1.9558018e+00   2.1891002e+00   7.4222415e-01   2.0896220e-02   1.3306430e-02   2.2114479e-02
   1.9684839e+00   2.1863788e+00   6.8476739e-01   2.1328312e-02   1.3676667e-02   2.1989009e-02
   1.9734119e+00   2.2955666e+00   7.8227283e-01   2.1320036e-02   1.3581428e-02   2.2123670e-02
   1.9375775e+00   2.1383224e+00   7.4108124e-01   1.9952385e-02   1.3071031e-02   2.2459776e-02
   1.9561624e+00   2.2430966e+00   7.1676646e-01   2.1477232e-02   1.3186519e-02   2.2176925e-02
   1.9555127e+00   2.2416703e+00   7.6645134e-01   1.9577635e-02   1.3128742e-02   2.2458023e-02
   1.9491616e+00   2.0871372e+00   7.1513310e-01   1.9398638e-02   1.2931905e-02   2.2504037e-02
   1.9553153e+00   2.2516354e+00   8.1206661e-01   2.0799647e-02   1.3451091e-02   2.1949563e-02
   1.9312151e+00   2.2093372e+00   8.2556501e-01   2.0321086e-02   1.3127406e-02   2.1894474e-02
   1.9422188e+00   2.1648333e+00   7.1574053e-01   2.0991745e-02   1.3880326e-02   2.1423322e-02
   1.9306153e+00   2.3195205e+00   8.1115190e-01   2.0943279e-02   1.3386580e-02   2.1480007e-02
   1.8803539e+00   2.1621599e+00   7.3751816e-01   1.8626413e-02   1.2734115e-02   2.0642879e-02
   1.7947049e+00   2.3594932e+00   6.1202451e-01   2.2614128e-02   1.1172711e-02   2.0228614e-02
   1.7682579e+00   2.1683467e+00   2.5402204e-01   1.9986466e-02   1.1314032e-02   1.8344144e-02
   1.7603123e+00   2.3459060e+00   4.0699255e-01   2.2196179e-02   1.1316516e-02   1.8896410e-02
   1.7871657e+00   2.2616907e+00   3.5815387e-01   2.0674090e-02   1.1639555e-02   1.8789433e-02
   1.7620677e+00   2.2259792e+00   4.0392921e-01   1.9911988e-02   1.1184029e-02   1.9347675e-02
   1.7855587e+00   2.3070666e+00   4.5964225e-01   2.1213891e-02   1.1755137e-02   1.9731417e-02
   1.8040441e+00   2.2885444e+00   4.9980661e-01   2.0361696e-02   1.1674361e-02   2.0288208e-02
   1.8234883e+00   2.1946478e+00   4.1452557e-01   2.0411262e-02   1.2002115e-02   2.0537347e-02
   1.8551868e+00   2.3913734e+00   5.1680894e-01   2.1445515e-02   1.2298055e-02   2.0666973e-02
   1.8577363e+00   2.2668470e+00   4.7598051e-01   2.0532991e-02   1.2063939e-02   2.1010103e-02
   1.8774789e+00   2.2661807e+00   4.0645941e-01   2.1134879e-02   1.2329556e-02   2.0966643e-02
   1.8911003e+00   2.3660558e+00   5.3394348e-01   2.0990223e-02   1.2476458e-02   2.1302296e-02
   1.9204193e+00   2.2649944e+00   4.7988488e-01   1.9949329e-02   1.2775283e-02   2.1881635e-02
   1.9402409e+00   2.2623796e+00   4.9600316e-01   2.0806825e-02   1.3222661e-02   2.1192884e-02
   1.9284453e+00   2.3810564e+00   6.3730305e-01   2.1218979e-02   1.2982856e-02   2.1720044e-02
   1.9246209e+00   2.2514168e+00   5.7926405e-01   1.9764796e-02   1.2794383e-02   2.1794283e-02
   1.9493207e+00   2.3801359e+00   5.4677023e-01   2.1942491e-02   1.3356628e-02   2.1364878e-02
   1.8217034e+00   2.1866806e+00   7.0126969e-01   1.8413057e-02   1.1489735e-02   1.9712061e-02
   1.7278403e+00   2.1495876e+00   8.6312892e-01   2.1680183e-02   1.0393313e-02   1.4109674e-02
   1.7268576e+00   2.1592011e+00   4.6408137e-01   2.2041292e-02   1.0686814e-02   1.4787484e-02
   1.7449496e+00   2.2908004e+00   5.2774232e-01   2.2511159e-02   1.0763876e-02   1.5202796e-02
   1.7328289e+00   2.2046892e+00   4.8127851e-01   2.1580005e-02   1.0623883e-02   1.5758625e-02
   1.7566041e+00   2.2627355e+00   4.8709684e-01   2.2626391e-02   1.1125563e-02   1.5726676e-02
   1.7477244e+00   2.2528271e+00   5.1890628e-01   2.1969476e-02   1.0815194e-02   1.6320948e-02
   1.7368625e+00   2.2453288e+00   4.6170090e-01   2.2949921e-02   1.0948218e-02   1.6172992e-02
   1.7196543e+00   2.3099504e+00   5.3184746e-01   2.2633301e-02   1.0376179e-02   1.6463580e-02
   1.6895115e+00   2.1735782e+00   4.1443346e-01   2.2141467e-02   1.0366120e-02   1.6396417e-02
   1.7330921e+00   2.3509358e+00   4.7697267e-01   2.2545227e-02   1.0781778e-02   1.6821285e-02
   1.7429430e+00   2.2280618e+00   4.6135706e-01   2.0676138e-02   1.0310219e-02   1.7429811e-02
   1.7962608e+00   2.1911079e+00   4.0158469e-01   2.1100808e-02   1.1204456e-02   1.7551840e-02
   1.7961891e+00   2.3648436e+00   4.8662575e-01   2.1547646e-02   1.1238738e-02   1.7543395e-02
   1.7959728e+00   2.2079195e+00   4.4082608e-01   2.0462833e-02   1.0981990e-02   1.8233171e-02
   1.8235394e+00   2.2259247e+00   3.8983755e-01   2.1247229e-02   1.1419569e-02   1.7671522e-02
   1.8334757e+00   2.3092301e+00   4.9027346e-01   2.0580448e-02   1.1153725e-02   1.7984515e-02
   1.8151665e+00   2.0722140e+00   3.2979179e-01   1.8757032e-02   1.0922793e-02   1.8069424e-02
   1.8005365e+00   2.3062090e+00   4.5342119e-01   2.0633281e-02   1.1105569e-02   1.6960974e-02
   1.7876002e+00   2.2363236e+00   4.4852008e-01   1.9584593e-02   1.0918198e-02   1.7693903e-02
   1.7895974e+00   2.1312309e+00   3.3713760e-01   1.8635735e-02   1.1084721e-02   1.7590169e-02
   1.7516286e+00   2.1835975e+00   4.0637097e-01   1.8791259e-02   9.8249612e-03   1.7172616e-02
   1.7620277e+00   2.2505390e+00   5.1401736e-01   1.9369579e-02   1.0494806e-02   1.7425180e-02
   1.7676643e+00   2.0897120e+00   4.4416558e-01   1.7419183e-02   1.0603842e-02   1.7883576e-02
