   0.0000000e+00   0.0000000e+00   0.0000000e+00   0.0000000e+00   0.0000000e+00   0.0000000e+00
   4.2594937e-02   1.5953657e-01  -2.9450808e-01  -2.9287229e-03   3.0929162e-04  -5.1403602e-04
   1.9606059e-02   1.8410589e-01  -2.5338192e-02  -1.4705889e-03  -4.8003947e-04  -4.2547485e-04
  -7.0151226e-04   1.4502930e-01  -2.6300217e-01  -2.7329478e-03  -9.9626344e-05  -6.2471752e-04
  -1.0763884e-03   3.5434750e-01  -2.4398558e-01  -2.6325628e-03   5.9389982e-04  -1.4478499e-03
  -3.4089857e-02   1.1849079e-01  -3.9017354e-02  -1.3241782e-03  -2.7884536e-04  -6.1065801e-04
   3.0869577e-02   1.9045348e-01  -1.7828666e-01  -3.0958064e-03   3.2518398e-04  -1.4106220e-03
  -3.6582799e-02   5.5944933e-02   6.1490369e-02   1.6063179e-03   4.2586851e-04  -7.0249428e-04
   1.5715864e-02   1.1272050e-01  -4.6519335e-02  -4.0554486e-04   5.4137867e-05  -1.0340896e-03
  -9.5631935e-03   2.0180265e-01  -5.9860927e-02  -3.5391571e-04  -2.6666442e-04  -8.8105496e-04
  -7.8102505e-03   1.2950492e-01  -8.8437182e-02  -7.2604555e-04   6.6355643e-04  -1.3203286e-03
   2.7958274e-02   1.5546967e-01  -7.3227463e-02  -1.8487763e-03   4.7726916e-04  -1.5702532e-03
  -1.4408170e-02   1.4393111e-01  -1.4210060e-01  -1.5288908e-03   5.0710978e-04  -9.6141770e-04
   1.8909558e-02   2.7284819e-02  -9.6568486e-03  -9.1789450e-04   5.8359144e-04  -1.4693855e-03
  -2.9235826e-02   2.7939613e-01   4.3626160e-02  -8.5025706e-05  -3.4614090e-04  -1.0795881e-03
   2.8105102e-02   2.8150041e-01  -1.5271381e-01  -1.3271084e-03  -1.9098290e-04  -1.4327455e-03
   3.9698263e-02   2.9661801e-01  -5.7208952e-05  -1.1274620e-03   4.8668566e-04  -1.9426513e-03
   3.0925894e-02   1.5311729e-01  -2.0003970e-01  -2.5755502e-03   2.4271557e-05  -1.3168627e-03
   3.2105525e-02   1.5575165e-01  -1.7788646e-01  -1.1980243e-03   1.7976514e-04  -1.4707540e-03
   7.9593186e-02   1.3064667e-01  -4.9128766e-02  -2.0327166e-03   7.3029863e-05  -2.0710550e-03
   6.7704428e-02   1.5983031e-02  -1.4064884e-01  -2.3049997e-03   1.9169307e-04  -2.0201003e-03
   5.1160494e-02   1.8158464e-01   1.1919281e-01   7.5994887e-04  -1.7919341e-04  -1.8575689e-03
   7.7085848e-02   1.7619267e-01  -1.2470818e-01  -2.2732390e-03   1.2375707e-04  -2.1897035e-03
   8.4567095e-02   8.1689205e-02  -1.3706250e-01  -1.4611279e-03  -7.7848248e-05  -2.2176640e-03
   8.4009267e-02   1.4265959e-01  -3.4878303e-02  -1.8516076e-03   3.3684028e-04  -2.3694414e-03
   7.3372028e-02   3.0147816e-02  -1.7381378e-01  -1.6181817e-03   2.6098452e-04  -1.6306927e-03
   7.9063228e-02   1.3148792e-01  -6.2236409e-02  -1.6927755e-03   5.2120846e-04  -2.3289428e-03
   4.9518098e-02   2.5474288e-01  -5.6701500e-02  -8.0878429e-04   5.4965771e-04  -2.0282545e-03
   7.9929031e-02   1.0071591e-01  -1.0407200e-01  -1.4373104e-03   7.9358212e-04  -1.6328923e-03
   5.6609964e-02   2.9481061e-01  -1.1383610e-01  -1.9427780e-03   8.6940937e-04  -2.0799299e-03
   5.9402450e-02   1.2651360e-02   2.7489981e-02  -1.1545015e-03   6.8577143e-04  -1.5164851e-03
   6.0039517e-02   1.2245596e-01   1.2748394e-02   7.7747101e-05   3.9528640e-04  -1.5728618e-03
   6.9763823e-02   1.7156865e-01  -1.2206421e-04  -1.5019067e-03   8.6081261e-04  -1.8157398e-03
   5.6527934e-02   1.1987046e-01  -6.3732400e-02  -1.8238855e-03   9.6140602e-04  -1.4735518e-03
   7.9904985e-02   8.9836239e-02  -4.4605697e-02  -1.2453244e-03   1.4821123e-03  -2.0900387e-03
   6.1433905e-02   2.3603779e-01   8.2710249e-02   4.6729111e-04   8.6118680e-04  -1.8690156e-03
   6.3170094e-02   1.2973359e-01   3.1418399e-02   4.6617581e-04   7.7533305e-04  -1.9247383e-03
   7.1786435e-02   2.2455241e-01   1.8614946e-01   4.7452460e-04   9.8682925e-04  -2.2740926e-03
   4.6739507e-02   2.6600022e-01   3.2081280e-01   2.8844120e-03   7.6730511e-04  -2.1159261e-03
   7.3955154e-02   2.8308036e-01   1.5972565e-02  -1.1665763e-03   8.7298242e-04  -2.3057948e-03
   1.1008281e-01   2.4594744e-01   5.5652240e-02  -1.6871843e-03   7.6471720e-04  -2.3777180e-03
   9.5475680e-02   1.5439702e-01   1.1953500e-02  -1.3784837e-03   1.3910067e-03  -2.0664708e-03
   1.2303663e-01   1.8695159e-01   1.8879691e-01  -1.3497943e-03   1.1157014e-03  -2.6332718e-03
   1.5490671e-01   2.8136086e-01  -6.1477858e-02  -1.4789394e-03   1.2533203e-03  -2.8362890e-03
   1.7618608e-01   1.5984461e-01  -9.4203587e-02  -1.4345413e-03   1.5468025e-03  -2.5804087e-03
   1.5791346e-01   1.4733648e-01   7.5793247e-02  -3.6060246e-03   1.3364696e-03  -3.0780746e-03
   1.1589493e-01   1.4177863e-01  -1.7354922e-02  -6.7397126e-04   8.5833994e-04  -2.1686751e-03
   1.4019684e-01   2.7555949e-01   2.6894826e-02  -5.9594284e-04   7.2414394e-04  -2.6120837e-03
   1.0621210e-01   9.6395128e-02   2.7709545e-01   2.1894161e-03  -1.1860766e-04  -1.7453136e-03
   1.2972364e-01   1.3529979e-01  -7.6532384e-02  -1.7015494e-03   9.0029478e-04  -2.5227324e-03
   1.2838282e-01   2.0609748e-01   2.7816892e-02  -2.7440047e-03   1.5257344e-03  -2.9669771e-03
   1.4029077e-01   7.4935739e-02  -5.1644710e-02  -2.7155925e-03   1.4155242e-03  -2.2538251e-03
   1.1061101e-01   1.3292562e-01  -2.2602534e-02  -1.2483069e-03   7.7118853e-04  -2.1368388e-03
   7.7902194e-02   1.4374354e-01   3.2226518e-01   9.3481229e-04   1.0319548e-03  -1.6694061e-03
   6.6224755e-02   2.7549635e-01  -1.8092189e-02   1.3676448e-04   4.3540365e-04  -8.6209771e-04
   1.3668261e-01   2.3197878e-01   2.6792778e-02  -1.7723129e-03   8.5737981e-04  -1.4540897e-03
   8.0350618e-02   9.7504280e-02   1.5906772e-01  -5.9749814e-03   3.8783308e-04  -9.4025301e-04
   9.2052968e-02   3.6187242e-01  -6.9171613e-02  -3.7055848e-03   1.0672590e-03  -1.2443756e-03
   8.3719702e-02   2.5049983e-01  -2.2016449e-01  -4.7024473e-03   1.0502331e-03  -8.9013737e-04
   7.4339992e-02   2.3673115e-01  -2.0075973e-01  -1.9307018e-03   1.2638180e-03  -2.5942595e-04
   5.5251324e-02   3.1613494e-01  -2.2378384e-01  -4.0779145e-03   2.0834524e-03  -1.2666174e-03
   4.7672139e-02   3.2875214e-01   9.5787344e-02   2.0375629e-03   1.0362928e-03  -8.9663484e-04
   2.3723991e-02   1.1300641e-01   3.6092918e-02  -1.9900311e-03   1.1549117e-03  -6.7581620e-04
   5.1386494e-03   3.6171926e-01   2.3128937e-01   1.3235138e-03   1.1431859e-03  -9.4710167e-04
   1.7994845e-02   3.7693144e-01   2.6027794e-02  -9.9350897e-04   2.4846796e-03  -1.7836012e-03
   7.8500797e-02   3.5434412e-01   1.8989676e-02   8.0625219e-04   1.9571670e-03  -1.7325267e-03
   3.7795441e-02   3.0063023e-01   1.1649793e-01  -2.0810422e-03   1.8830638e-03  -1.3844399e-03
   2.5800847e-02   2.5800731e-01   1.6590721e-01  -2.3134613e-03   2.7792798e-03  -1.4163493e-03
   7.0269353e-06   7.1381489e-01   4.1346783e-02   2.8995872e-03   1.9058342e-03  -1.4012728e-03
   5.5101788e-02   4.7846854e-01   8.3565657e-02  -1.9529009e-03   2.1351423e-03  -2.0404097e-03
   3.3043496e-02   1.0265751e-01   5.6407064e-02   3.1727744e-04   1.3506095e-03  -9.0413822e-04
   9.5799845e-02   3.8778639e-01  -8.9928526e-02  -2.3321180e-03   2.2537820e-03  -2.2662754e-03
   6.4150225e-02   1.3408282e-01   4.4115619e-03  -2.3573302e-03   1.8065227e-03  -1.5868368e-03
   1.5517572e-02   1.5807920e-01   1.5311233e-01   5.6107313e-04   1.1185098e-03  -6.9159205e-04
   6.7803584e-02   2.2854883e-01   3.6611300e-02  -1.0837965e-03   1.9342500e-03  -1.4063005e-03
   2.6829863e-02   3.6096214e-02   8.9687801e-02  -2.0917228e-03   1.9807855e-03  -1.0845053e-03
  -3.6905287e-03   3.7770598e-01   7.0209692e-02   5.0087870e-04   1.7686314e-03  -1.2874517e-03
  -2.8056574e-02   2.5315137e-01   1.7824836e-01   1.5770538e-03   2.1424541e-03  -4.5193932e-04
   2.5645150e-02   4.0520730e-01  -1.7505007e-01  -1.7602031e-03   2.1171127e-03  -1.2966819e-03
  -1.1000965e-02   1.5385933e-01   2.7632214e-01  -5.1425416e-04   2.0551635e-03  -4.9950053e-04
  -6.3608788e-03   1.6566114e-01   1.3146714e-01   2.8446493e-03   1.9829905e-03   1.1396768e-04
   2.4659478e-02   3.8614131e-01   1.2942231e-01   1.4349922e-03   2.9649356e-03  -9.5157672e-04
   7.3125832e-04   2.6343311e-01   5.0279053e-02   3.8791980e-04   3.4771046e-03  -1.1635926e-04
   5.0248347e-02   2.9332269e-01  -1.3814826e-01  -2.2136723e-03   4.6633042e-03  -9.1101221e-04
   5.8975031e-02   1.4671419e-01   1.1614895e-01  -1.2210257e-03   3.9850671e-03  -1.1226885e-03
   2.3075571e-02   1.2944189e-01  -4.8455159e-02  -1.7897431e-03   3.9226371e-03  -7.3682520e-04
   1.5238214e-02   2.7807588e-01   1.6962964e-01   1.0373568e-03   3.7435527e-03  -1.1309939e-03
   3.3108358e-02   1.9624437e-01   6.3170457e-02  -1.8680518e-03   3.5222611e-03  -7.3929134e-04
  -2.1455470e-02   1.4609953e-01   2.3499170e-01   2.0886971e-03   2.9829230e-03   2.0208532e-05
  -1.2359559e-02   3.8407344e-01   2.8454254e-01   3.2897802e-03   3.3571032e-03  -7.2462932e-04
   1.0771836e-02   2.4270766e-01   2.2849491e-03  -3.8555795e-04   4.1452121e-03  -4.3575830e-04
   3.9062655e-02   2.5685645e-01  -2.0305027e-02  -1.0861421e-03   4.1586459e-03  -7.6642174e-04
   7.4088980e-02   2.9194619e-01  -1.1214818e-01  -3.1140046e-03   4.3165108e-03  -1.1653959e-03
   8.8595679e-02   1.8331417e-01  -1.2104137e-01  -2.4623495e-03   4.3717812e-03  -7.7790394e-04
   4.1316614e-02   3.6213871e-01   9.5589435e-02   1.1848745e-03   3.7849217e-03  -1.5290935e-03
   4.7054901e-02   3.4798925e-01   2.9879062e-04   7.7507558e-04   3.8772357e-03  -1.2688087e-03
   2.1920471e-02   2.4373022e-01   1.8277260e-01   2.2195691e-03   3.6447477e-03  -7.8400778e-04
   5.7213263e-02   2.8302182e-01   1.6175686e-01   1.2119099e-03   4.2207822e-03  -1.2114535e-03
   3.5575698e-02   2.5729047e-01   1.3215795e-01   7.6629649e-03   5.5593329e-03  -1.6421253e-03
   4.2089254e-02   5.5157838e-01   2.0596092e-01   2.1340932e-03   5.1486402e-03  -2.9705426e-03
   3.0773382e-02   2.3992483e-01  -5.6978705e-02   6.4188296e-03   5.1404394e-03  -2.8589571e-03
   4.8848491e-02   2.3804539e-01  -2.6415159e-01   4.2844341e-03   3.6997679e-03  -2.7649342e-03
   8.5898144e-03   4.8453709e-01   7.0462618e-03   4.9149761e-03   3.6433541e-03  -2.6154293e-03
   5.3300235e-02   3.0784395e-01  -1.9275700e-01   3.2626357e-03   4.7899637e-03  -2.6894165e-03
  -8.4857577e-03   2.9455584e-01   2.0652200e-01   7.1627859e-03   3.8936629e-03  -1.6176614e-03
   1.0874758e-03   2.9585037e-01  -9.8924131e-03   2.3553591e-03   5.2018952e-03  -2.0217114e-03
  -3.6625355e-02   3.5262322e-01   4.4138991e-01   1.0343460e-02   4.4040660e-03  -1.5693839e-03
   3.0308103e-02   4.8961612e-01   7.7906724e-02   4.4360360e-03   4.6196972e-03  -2.3456116e-03
  -3.3180357e-04   3.5758045e-01   2.5569315e-02   5.0341926e-03   4.9502672e-03  -2.1264334e-03
   6.1252611e-02   3.9241653e-01  -3.5778058e-02   1.3586912e-03   5.0356535e-03  -2.6068330e-03
   3.6110731e-02   2.3911188e-01  -3.5250952e-02   2.2472233e-03   4.5694560e-03  -1.9879254e-03
   6.1369079e-02   3.0406704e-01   1.3028863e-01   1.6723284e-03   5.4548367e-03  -2.3964343e-03
   2.2926845e-02   2.9438966e-01   4.3179714e-02   5.1506956e-03   4.9705611e-03  -1.8102057e-03
   4.0998196e-02   3.9514614e-01   1.4154441e-03   2.0166795e-03   5.4064342e-03  -2.3623996e-03
  -3.2285763e-02   1.9612789e-01   1.8738642e-02   1.8959873e-03   5.0015667e-03  -1.3965354e-03
   5.6911930e-02   3.3474941e-01   4.7323555e-02   1.3855860e-03   5.8029160e-03  -2.4038526e-03
   4.7577562e-02   2.8418088e-01   3.8946494e-02   1.2756953e-03   5.6215964e-03  -2.2503070e-03
   8.8025842e-02   2.8078367e-01   4.8845615e-03   2.1170061e-03   5.3588095e-03  -2.6926246e-03
   1.0495678e-01   2.4595296e-01   1.7507869e-01   2.1998130e-03   5.9693164e-03  -2.8809814e-03
   4.9221910e-02   1.8301590e-01   1.6110198e-01   4.8059807e-03   5.9355885e-03  -1.7854689e-03
   8.2488980e-02   3.4711141e-01   1.2614416e-01   1.2546789e-03   4.9709832e-03  -2.9673471e-03
   1.0143308e-01   2.8536120e-01   1.1477196e-01   1.9951192e-03   5.1314493e-03  -3.2666139e-03
   7.5911994e-02   3.7884467e-01   8.9404942e-02   2.6804699e-03   4.5839120e-03  -2.8516239e-03
   7.2751782e-02   4.6250255e-01   2.7578389e-01   3.5265066e-03   4.3498597e-03  -3.4821467e-03
   1.2586396e-01   2.5482725e-01   3.7795139e-02   1.5503496e-03   5.5386833e-03  -3.1621349e-03
   8.8656811e-02   2.6522398e-01   2.7132129e-01   1.0731488e-03   5.7026372e-03  -2.8275238e-03
   4.2632119e-02   3.1843062e-01   3.7228634e-01   4.5357624e-03   5.0346750e-03  -3.0745322e-03
   6.0649324e-02   3.4405528e-01   1.5370207e-02  -1.2590614e-03   5.0987267e-03  -3.2442672e-03
   5.2977190e-02   4.9224590e-01   2.7450831e-01   4.4067082e-03   4.9581684e-03  -3.3190186e-03
   1.6055378e-02   2.2514754e-01   3.5067993e-01   1.9410746e-03   4.7205197e-03  -2.6957343e-03
  -4.0895592e-02   3.6616280e-01   6.6646458e-01   8.3888358e-03   3.4913850e-03  -2.1156987e-03
   9.2129274e-03   5.4232596e-01   2.0635782e-01   1.8741658e-03   4.7578132e-03  -2.7312093e-03
  -5.1081201e-02   2.1075087e-01   5.6754094e-01   5.7071120e-03   3.3514789e-03  -1.8659825e-03
   5.9588503e-02   4.9318783e-01   2.9645597e-01   2.0509219e-03   5.3262531e-03  -3.4842097e-03
   8.7922043e-02   2.9460563e-01   8.5484525e-02   1.2155235e-03   5.4090216e-03  -2.5129503e-03
   1.1285565e-01   2.6711762e-01   1.7268956e-01   1.2729947e-03   5.6163323e-03  -2.8951368e-03
   9.7603969e-02   2.0771625e-01   1.3203088e-01   1.1510633e-04   5.1019713e-03  -2.7875459e-03
   9.9682369e-02   2.7444959e-01   8.5310293e-02   6.8092514e-04   4.8816101e-03  -3.0216269e-03
   8.3813667e-02   3.1568281e-01   1.3920687e-01   1.6828037e-04   4.7957908e-03  -3.0965085e-03
   6.7511307e-02   1.8648958e-01   1.0516549e-01  -2.8051198e-04   4.0939525e-03  -2.9419870e-03
   8.6555630e-02   2.7337418e-01   7.0807530e-02  -6.1159051e-04   5.0546906e-03  -3.2778678e-03
   7.4322247e-02   2.3442250e-01   1.1767075e-01  -1.5192399e-03   4.5408227e-03  -2.9976869e-03
   9.6421198e-02   3.2028713e-01   4.7891679e-02  -3.8435015e-04   4.7075519e-03  -3.3220388e-03
   7.3741172e-02   2.2393626e-01   2.9977531e-01   2.5485526e-03   3.8891698e-03  -3.0390243e-03
   7.1082870e-02   1.9905682e-01   3.5841361e-01   1.0323209e-03   4.6899867e-03  -3.4589233e-03
   9.9161424e-02   2.1416384e-01   6.5231014e-02  -1.0841509e-03   4.5641749e-03  -3.0803161e-03
   1.1965429e-01   3.3590481e-01   1.4125400e-01   1.6375522e-05   4.2795011e-03  -3.3878038e-03
   1.3029444e-01   2.7084672e-01   1.3068294e-01  -1.0923244e-03   4.4262973e-03  -3.4817136e-03
   1.2798810e-01   1.8566682e-01   1.7698930e-01   7.8300865e-04   4.0137017e-03  -2.7284836e-03
   1.4285992e-01   2.9312961e-01   9.4176851e-02   2.2159591e-04   5.1349435e-03  -3.6285981e-03
   1.4804603e-01   2.7320537e-01   1.0827694e-01  -7.3918473e-04   5.5731051e-03  -3.6641283e-03
   1.4298445e-01   2.1732311e-01   7.9304379e-02  -6.6640793e-04   5.4499523e-03  -3.2520770e-03
   1.1438009e-01   3.3326910e-01   3.8107830e-02   2.2982592e-03   5.5318956e-03  -3.2079587e-03
   1.0943592e-01   2.2819301e-01  -2.4746041e-01   3.7912149e-05   4.2075233e-03  -2.4636523e-03
   1.0876332e-01   3.3736649e-01   1.2119885e-01  -8.9271790e-04   4.9985652e-03  -3.2188153e-03
   7.0066574e-02   2.7226457e-01   2.6232649e-01   3.6852307e-03   4.4756899e-03  -2.1108256e-03
   1.3266135e-01   3.6801640e-01   1.0881091e-01  -9.9709631e-04   4.8254346e-03  -3.0611127e-03
   1.3633901e-01   1.7107391e-01   5.0026706e-02   7.6352097e-05   5.0288350e-03  -2.9803849e-03
   1.0201959e-01   2.9040502e-01   2.1151951e-01   1.9743075e-05   4.7073177e-03  -3.0342383e-03
   9.9066542e-02   2.3689162e-01   8.8098870e-02   8.6769931e-04   4.7087978e-03  -2.7600694e-03
   7.8454386e-02   2.6668287e-01   1.2260608e-01  -3.3229246e-04   5.2416990e-03  -2.8875823e-03
   6.4303044e-02   3.2853599e-01   9.6282223e-02  -9.0044705e-04   5.4047584e-03  -3.2196620e-03
   4.2580533e-02   2.6840535e-01   1.6262693e-01   1.2681254e-03   4.6197746e-03  -2.6296891e-03
   7.2525812e-02   3.1745007e-01   2.4221780e-01   1.0599014e-03   5.0029254e-03  -3.0813006e-03
   7.1628174e-02   1.4956907e-01   6.0522933e-02   1.8046261e-04   4.8021696e-03  -2.6400336e-03
   7.7227236e-02   3.6618061e-01   1.2554882e-01   5.2336829e-04   5.5501062e-03  -3.2592151e-03
   8.0321989e-02   3.0073564e-01   9.7931978e-02   1.0341960e-03   5.6148768e-03  -3.2408324e-03
   5.1014807e-02   2.8902949e-01   2.5386849e-01   2.5788877e-03   5.4827138e-03  -2.6132934e-03
   8.2980272e-02   3.4080946e-01   9.4532610e-02  -2.6365980e-04   6.1268565e-03  -2.9686088e-03
   8.7851576e-02   2.3659199e-01   1.5959870e-02   1.2657113e-03   5.6542079e-03  -2.5267978e-03
   9.2434653e-02   2.8832804e-01   1.3512566e-01  -8.0366728e-04   6.2567022e-03  -2.9351688e-03
   7.6203976e-02   1.8494340e-01   6.8670205e-02  -7.1084324e-04   6.4951634e-03  -2.6579274e-03
   4.7373291e-02   4.1772674e-01   1.4192559e-01   2.6386321e-04   6.0468206e-03  -2.7952851e-03
   6.2180211e-02   3.6615437e-01   1.5053653e-01   1.5006455e-03   6.2073113e-03  -3.1288757e-03
   8.1686418e-02   2.7614732e-01   8.6966755e-02   5.0949795e-04   6.3519799e-03  -2.8947501e-03
   7.3767225e-02   3.9305915e-01   1.3632670e-01   5.7696443e-04   6.6001551e-03  -2.7066469e-03
   5.1194676e-02   3.4977594e-01   2.0130151e-01   1.7589533e-03   6.4160390e-03  -2.7569078e-03
   4.2012793e-02   3.0336819e-01   1.6530578e-01   9.7541338e-04   6.4502903e-03  -2.6084199e-03
   5.5471647e-02   3.4112238e-01   1.9513127e-01  -5.2297651e-04   6.6785228e-03  -2.8008694e-03
   2.9410335e-02   2.8809692e-01   2.0014003e-01   1.5716482e-03   5.7168781e-03  -2.7918260e-03
   5.8033743e-02   3.7700289e-01   1.6051550e-01   3.1516783e-04   6.0110772e-03  -2.8923907e-03
   3.4815722e-02   2.8872551e-01   2.1206924e-01  -3.8215033e-04   6.4467560e-03  -2.5012242e-03
   2.9982273e-02   3.8441883e-01   2.7795542e-01   1.8458808e-03   6.4171871e-03  -2.7475385e-03
   6.3257154e-02   2.2017746e-01   2.9277941e-01  -8.6683209e-04   6.8503907e-03  -2.6655035e-03
   3.8739456e-02   3.8637918e-01   2.5979088e-01   2.0647730e-03   6.6940075e-03  -2.7428600e-03
   8.3765549e-02   4.1604876e-01   2.2135224e-01   6.0234464e-04   6.7876634e-03  -2.7012153e-03
   1.1970695e-01   2.3932793e-01   9.1853002e-02  -1.9286736e-06   6.9595295e-03  -2.9295032e-03
   1.1191405e-01   3.3393202e-01   2.0931804e-01  -5.7117865e-04   6.7851553e-03  -3.1470100e-03
   1.2329249e-01   2.1569377e-01   1.2788461e-01  -6.8718115e-04   7.5284691e-03  -3.3502003e-03
   7.9673695e-02   3.6096385e-01   2.9525024e-01   5.7219077e-04   6.8638199e-03  -3.2211601e-03
   6.1795780e-02   3.5214125e-01   3.2741768e-01   2.7538435e-03   6.8629893e-03  -2.9717504e-03
   5.3497399e-02   4.8226379e-01   1.3611217e-01   4.2897616e-04   7.0492657e-03  -3.0766247e-03
   8.9487193e-02   3.4862443e-01   2.9486030e-01  -4.3498553e-04   7.2182677e-03  -3.1677417e-03
   9.6152461e-02   2.9801916e-01   7.7680493e-02  -4.6932868e-04   7.3920796e-03  -3.0318303e-03
   1.1731877e-01   3.8675935e-01   1.8413412e-01  -7.5092374e-04   7.6064887e-03  -3.4462941e-03
   8.1606580e-02   3.0196848e-01   2.7586629e-01  -3.2923600e-04   7.5376892e-03  -3.2133763e-03
   1.0586949e-01   2.7496737e-01   7.4038733e-02  -9.7867085e-04   7.3366764e-03  -3.2621730e-03
   5.5982923e-02   4.5688789e-01   4.3755303e-01  -8.4247810e-05   7.4973301e-03  -3.3793771e-03
   9.8198860e-02   4.5544808e-01   5.1154946e-02  -1.4599175e-03   7.6590138e-03  -3.7695790e-03
   1.0301454e-01   2.8242358e-01   3.5496805e-01   4.4393620e-04   6.9805547e-03  -3.6973908e-03
   6.6519076e-02   6.3976003e-01   2.6543463e-01   1.1832256e-03   7.2065844e-03  -3.5774294e-03
   1.2684654e-01   2.6511031e-01   2.6239599e-01  -1.0161234e-03   8.6701146e-03  -3.8828346e-03
   9.3064729e-02   4.3931635e-01   3.5887545e-01   2.3017103e-03   7.3787944e-03  -3.5863861e-03
   1.3111255e-01   4.4614530e-01   2.9648928e-01   2.5206893e-04   8.3828749e-03  -3.7989404e-03
   8.9161552e-02   2.6367164e-01   5.6725828e-01   1.4179511e-03   8.3374544e-03  -3.8188827e-03
   8.6333370e-02   3.7116860e-01   5.4091453e-01   1.2544461e-03   7.4015066e-03  -3.4562739e-03
   1.0979897e-01   6.8416666e-02   5.2014696e-01  -4.3676595e-03   8.4283390e-03  -3.7676198e-03
   1.1492931e-01   5.1861740e-01   1.2768429e-01  -3.7460031e-03   8.7009329e-03  -4.1673491e-03
   7.4013797e-02   5.0778568e-01   3.2158866e-01  -1.5735765e-03   8.2280954e-03  -3.9761032e-03
   7.0184882e-02   3.4341670e-01   3.5771138e-01  -1.0358611e-03   8.3563593e-03  -3.6801160e-03
   9.1182775e-02   4.5909424e-01   3.9775788e-01  -1.8932039e-03   8.0096395e-03  -3.6950322e-03
   1.2457355e-01   2.9131732e-01   2.7453335e-01   1.5626840e-04   8.0245227e-03  -2.9868369e-03
   1.2159592e-01   2.1665369e-01   6.1152470e-01  -7.2777001e-04   7.7172083e-03  -3.3856653e-03
   1.5037447e-01   4.5915907e-01   1.1215040e-01  -1.8955404e-03   8.7726020e-03  -3.4090263e-03
   1.6508506e-01   2.6178602e-01   3.6649007e-01  -2.3774313e-03   7.9348917e-03  -3.8350298e-03
   1.8422981e-01   2.9448838e-01   1.4718379e-01  -4.2413263e-03   8.4400296e-03  -4.0442128e-03
   2.1066784e-01   3.2500879e-01   1.5868297e-01  -2.7329459e-03   8.3998496e-03  -4.1038716e-03
   2.0842533e-01   3.5785777e-01   2.7759327e-01  -4.1966012e-03   8.6644709e-03  -4.2752567e-03
   2.1378807e-01   2.5585624e-01   1.4334016e-01  -3.1714008e-03   8.8073050e-03  -4.0654117e-03
   2.0593577e-01   3.7301963e-01   2.5840706e-01  -3.7654146e-03   8.8693942e-03  -4.3343458e-03
   1.9940100e-01   2.7197259e-01   1.3783113e-01  -3.8991376e-03   8.5209998e-03  -4.0660017e-03
   1.9483311e-01   3.7115942e-01   2.5630458e-01  -3.3908781e-03   8.6068146e-03  -4.0097022e-03
   1.8134880e-01   2.0351128e-01   2.4584106e-01  -5.0489849e-03   8.7862622e-03  -4.0546262e-03
   2.0778704e-01   2.5291894e-01   2.1771014e-01  -4.0480947e-03   8.5816907e-03  -3.8642401e-03
   1.9674055e-01   3.2868406e-01   3.1319745e-01  -4.8972466e-03   8.7458137e-03  -4.1739064e-03
   1.8722776e-01   2.1307984e-01   1.4130614e-01  -3.6815997e-03   8.0188561e-03  -3.8206513e-03
   1.5301523e-01   3.6216134e-01   3.4683374e-01  -1.6224146e-03   8.2767261e-03  -5.0257072e-03
   1.3412419e-01   1.8271406e-01   1.1984121e-01   1.4920918e-03   8.6056463e-03  -5.4008651e-03
   9.8385800e-02   1.5155434e-01  -3.5845197e-02   2.1376610e-03   7.9954213e-03  -7.2588539e-03
   3.8506499e-03   1.8697146e-01   6.7955214e-02   4.0536362e-03   6.4152419e-03  -4.6550296e-03
   3.1702939e-02   2.1113739e-01  -2.4167744e-02   5.2815827e-03   6.5784874e-03  -3.8464657e-03
   2.6593118e-02   3.3993916e-01  -5.1781671e-03   3.4335976e-03   6.5878262e-03  -3.2562187e-03
   8.8825057e-03   3.7665093e-01   2.2243246e-01   1.6373994e-03   7.0223261e-03  -3.6518102e-03
   1.6579618e-03   3.6276941e-01   7.6022495e-02   3.7715826e-03   6.7693234e-03  -3.4218040e-03
  -1.1103071e-02   5.5915731e-01   3.1993045e-01   4.7349425e-03   7.2192549e-03  -4.1951325e-03
  -1.5825585e-02   3.8015728e-01   1.1227828e-01   5.8357693e-03   7.3503928e-03  -3.4580440e-03
  -2.3126235e-02   4.3870727e-01  -9.6922079e-02   2.2383036e-03   6.8950972e-03  -3.5335094e-03
  -1.0657355e-02   4.2605899e-01  -1.2542151e-01   2.5457229e-03   6.4809105e-03  -3.6711334e-03
  -1.9354585e-02   3.3970643e-01  -8.0512722e-03   1.7932114e-03   5.9079363e-03  -3.2424071e-03
  -5.9836930e-02   5.1879684e-01   7.7941354e-04   4.3653658e-03   5.4026450e-03  -3.2614703e-03
  -3.5694353e-02   5.2539330e-01  -2.3494800e-02   1.7247660e-03   6.1499035e-03  -2.9810109e-03
   3.8327006e-03   3.9569109e-01  -8.5472878e-02   2.2956582e-03   5.8444667e-03  -2.7302418e-03
  -1.1774480e-04   3.9006079e-01   2.1029717e-02   1.1933340e-03   5.9515597e-03  -2.9520881e-03
  -3.8953800e-03   2.9377248e-01  -6.9859511e-02   3.2806068e-03   4.4821515e-03  -1.6559447e-03
  -6.9847931e-02   6.9674129e-01   6.5072914e-02   7.3651630e-03   5.2383831e-03  -1.8998730e-03
  -1.2727080e-02   2.6006201e-01   1.6570859e-01  -1.8742992e-03   7.0411791e-03  -1.5548204e-03
   1.8989689e-02   5.2437140e-01   1.5722464e-02   9.6232474e-04   5.5568915e-03  -2.6171619e-03
  -1.7598107e-02   3.8744046e-01   2.8727204e-02   3.6577578e-03   4.6985279e-03  -1.7752018e-03
  -1.1051923e-02   3.9197347e-01   1.0670975e-01   1.9914495e-03   4.9982550e-03  -1.6047926e-03
  -4.5416879e-02   5.0454292e-01   3.7657755e-02   2.1643267e-03   4.1492560e-03  -1.6928056e-03
  -1.9618413e-02   3.1010352e-01   1.2124259e-01   2.3432034e-03   4.1837692e-03  -1.6130142e-03
  -3.7420747e-02   4.8455280e-01   1.4562395e-01   1.5438167e-03   4.8693873e-03  -2.0318147e-03
  -3.7620107e-02   4.1340476e-01  -1.5116612e-02   1.6793432e-03   4.4662488e-03  -1.6545920e-03
  -4.2876290e-02   5.3691185e-01   1.2900084e-01   1.7395647e-03   4.4611486e-03  -1.7635147e-03
  -4.2001032e-02   4.4794247e-01  -3.5214603e-02   8.2359328e-04   4.7827159e-03  -2.9022110e-03
  -7.8799774e-02   4.8807611e-01   1.6227291e-02   2.2118008e-04   4.5707989e-03  -2.6169947e-03
  -7.2661351e-02   3.2897759e-01   1.4244163e-01   2.2844487e-04   4.1857526e-03  -1.9098314e-03
  -2.3787521e-02   4.4677291e-01   7.5032427e-02   1.6137191e-03   4.6460618e-03  -2.2631934e-03
  -4.3749555e-02   5.4417072e-01  -1.4569484e-01   1.6514313e-03   4.3907717e-03  -2.2197938e-03
  -1.8841421e-02   4.1987242e-01  -2.3156125e-02   1.0824326e-03   4.4291269e-03  -2.1181704e-03
  -1.1165303e-01   5.3655631e-01   2.7211352e-01   2.9465839e-03   4.6241467e-03  -2.7508864e-03
  -8.6469903e-02   4.3272397e-01   1.2876660e-01   3.3802444e-03   4.3581914e-03  -2.5402347e-03
  -8.9596339e-02   4.5865807e-01   1.7950144e-01   1.8910996e-03   4.1217440e-03  -2.1993889e-03
  -8.8990305e-02   2.9478629e-01   2.7549471e-01   4.0097900e-03   3.3630561e-03  -1.8764583e-03
  -8.1855242e-02   6.5328244e-01   1.4569167e-02   6.8997761e-04   4.3150638e-03  -2.3791902e-03
  -1.0811613e-01   3.8687910e-01   2.5427267e-01   3.6021791e-03   3.7328314e-03  -1.7305016e-03
  -1.4212713e-02   5.4968224e-01   5.5803358e-02   3.6078256e-03   4.6171613e-03  -1.8424308e-03
   5.1332776e-02   2.7753942e-01  -4.5813955e-02  -8.4795997e-03   7.9253340e-03  -2.3236362e-03
   5.3500880e-02   4.0047912e-01   1.1007308e-01  -6.8422612e-03   8.5295663e-03  -2.8970548e-03
   8.0416195e-02   2.2883191e-01  -4.4433239e-02  -8.1796284e-03   9.2520427e-03  -2.6370713e-03
  -5.2326050e-03   3.6652750e-01   3.2459517e-01  -4.3062022e-03   8.2721952e-03  -2.6550115e-03
  -1.8048585e-02   4.4742779e-01   1.7943763e-01  -3.7397791e-03   8.3403537e-03  -2.5851016e-03
  -9.7407623e-03   4.1528136e-01   2.3477032e-01  -2.8679575e-03   8.5848855e-03  -2.2193210e-03
   1.8545595e-02   3.0381868e-01  -4.3680165e-02   3.2687191e-03   7.2388874e-03  -9.0899930e-04
   2.5516108e-02   8.8795816e-02  -3.2759987e-01   1.6059870e-02   8.0121168e-03  -1.3911393e-03
  -1.9777706e-01  -2.1793573e-01  -3.7174701e-01   1.0286107e-02   5.8980242e-03  -5.7197566e-03
  -1.5932436e-01   1.7261054e-01  -2.4264586e-01   1.0562496e-02   4.4789051e-03  -3.3802520e-03
  -1.6711310e-01   3.3742004e-01  -2.4666509e-01   1.4412905e-02   3.8462182e-03  -2.2986345e-03
  -1.4381859e-01   3.8620168e-01  -3.7782731e-01   8.9733167e-03   5.1501991e-03  -2.6247291e-03
  -1.3722417e-01   4.5281617e-01  -2.2815905e-01   7.8450877e-03   5.6468583e-03  -2.8637332e-03
  -1.0944115e-01   3.4169877e-01  -3.2447014e-01   8.7099446e-03   4.5457414e-03  -2.3362906e-03
  -1.0905799e-01   3.6641038e-01  -2.1536108e-01   7.7802009e-03   4.9250872e-03  -2.2767725e-03
  -1.0091259e-01   3.5567278e-01  -2.9672601e-01   8.2452768e-03   5.0927016e-03  -1.8063353e-03
  -1.0824798e-01   3.2679815e-01  -2.9930620e-01   8.2702177e-03   5.2014522e-03  -1.6488482e-03
  -1.0221667e-01   3.1716131e-01  -2.9828799e-01   7.6850548e-03   4.7114793e-03  -1.4156428e-03
  -1.2298934e-01   3.8031863e-01  -1.9556542e-01   8.1886111e-03   4.8128098e-03  -1.4006017e-03
  -1.3209154e-01   2.9325462e-01  -2.8367874e-01   8.3970023e-03   4.5919568e-03  -7.2370117e-04
  -1.4419171e-01   3.1669006e-01  -2.2981585e-01   7.3449318e-03   4.4583888e-03  -7.4458290e-04
  -1.3552676e-01   3.2545886e-01  -2.5550999e-01   7.5466899e-03   4.8313219e-03  -7.9635580e-04
  -1.3094559e-01   2.9166139e-01  -2.6040033e-01   6.6495339e-03   5.3963890e-03  -1.0992458e-03
  -1.2733718e-01   3.1524216e-01  -3.4144934e-01   7.0173434e-03   5.6966854e-03  -9.3515902e-04
  -1.1589708e-01   3.3627582e-01  -2.6919203e-01   7.0241772e-03   5.5329055e-03  -1.1683737e-03
  -1.1921902e-01   4.1956552e-01  -2.2044080e-01   7.8301896e-03   5.5021193e-03  -1.1062495e-03
  -1.1667135e-01   3.2172958e-01  -1.9608409e-01   6.8212884e-03   4.9908419e-03  -1.0389644e-03
  -1.1187500e-01   3.7602470e-01  -1.5858086e-01   7.0055320e-03   5.1977908e-03  -1.1235969e-03
  -1.1577210e-01   2.9733720e-01  -1.8629887e-01   6.8686812e-03   4.9151447e-03  -9.1076355e-04
  -1.1909604e-01   3.6508513e-01  -1.8606820e-01   7.3665337e-03   5.0640349e-03  -1.0709547e-03
  -1.2458222e-01   2.9327955e-01  -2.0522368e-01   6.0753606e-03   4.9802584e-03  -9.9096240e-04
  -1.3636055e-01   3.9314468e-01  -1.9964751e-01   8.0820465e-03   4.8434003e-03  -9.1027382e-04
  -1.2088580e-01   4.1144217e-01  -1.1211615e-01   6.5556469e-03   5.7705805e-03  -8.3379980e-04
  -1.1514223e-01   3.5377585e-01  -1.7998213e-01   8.1827883e-03   5.6117999e-03  -7.6100245e-04
  -1.0468726e-01   3.6141673e-01  -1.9053698e-01   6.6867248e-03   5.3384297e-03  -6.4308732e-04
  -9.6623217e-02   4.2224935e-01  -2.0697900e-01   6.8073741e-03   5.6833350e-03  -7.6272775e-04
  -1.0330988e-01   3.3196154e-01  -1.9226921e-01   7.2637165e-03   5.5711124e-03  -7.0035196e-04
  -9.6146280e-02   4.3462268e-01  -1.0600799e-01   7.1230310e-03   5.4562355e-03  -6.8547467e-04
  -1.1279535e-01   3.7492427e-01  -1.6800477e-01   8.3148635e-03   5.5795503e-03  -6.8076262e-04
  -1.3500308e-01   4.3756526e-01  -3.9983875e-02   7.2013117e-03   5.5196044e-03  -3.9845007e-04
  -1.2394274e-01   3.8142965e-01  -1.7440568e-01   8.7774758e-03   5.7476054e-03  -5.0217902e-04
  -1.2918821e-01   4.3604653e-01  -1.4550692e-01   7.6354536e-03   5.8125533e-03  -3.6224686e-04
  -1.3118947e-01   3.2232168e-01  -3.0124310e-01   8.8861997e-03   5.6260951e-03  -1.8121601e-04
  -1.3523240e-01   4.1905137e-01  -1.8098389e-01   8.0422098e-03   6.0420858e-03  -2.1690415e-06
  -1.5750261e-01   3.8232924e-01  -1.7187932e-01   9.7211691e-03   6.0483161e-03   1.2905036e-04
  -1.2897789e-01   4.3678093e-01  -2.2977966e-01   8.4051504e-03   5.9164478e-03  -5.0194568e-05
  -1.4782192e-01   3.6578777e-01  -2.5211921e-01   9.9612680e-03   5.7484676e-03   9.8289090e-05
  -1.4686161e-01   5.6532178e-01  -1.7762903e-01   9.0756241e-03   6.3842655e-03  -2.6253780e-04
  -1.5729467e-01   3.5230889e-01  -2.7423477e-01   9.9327413e-03   6.0708634e-03   7.7045760e-05
  -1.5112116e-01   4.7432955e-01  -1.8023684e-01   1.0154537e-02   6.6824402e-03  -1.7284571e-04
  -1.7754191e-01   3.1903565e-01  -2.3890535e-01   9.6555021e-03   6.6664261e-03   1.8637674e-04
  -1.5161438e-01   4.8624495e-01  -1.8947041e-01   9.1101671e-03   7.1158833e-03  -1.2477091e-04
  -1.5755060e-01   3.2429112e-01  -2.4535836e-01   8.5349927e-03   7.6234233e-03  -2.8524814e-05
  -1.2749995e-01   4.8635426e-01  -1.9732039e-01   8.9297857e-03   7.8554434e-03  -4.8812020e-04
  -1.3807386e-01   4.2709830e-01  -2.3291602e-01   9.2362712e-03   8.0997617e-03  -5.8705831e-04
  -1.3687637e-01   4.4847197e-01  -1.4251434e-01   1.0375101e-02   7.9440278e-03  -7.7161282e-04
  -1.5155000e-01   4.1821321e-01  -1.2097759e-01   1.0461148e-02   7.3003892e-03  -4.1305514e-04
  -1.3420222e-01   5.0565821e-01  -1.7048521e-01   1.0635432e-02   7.6579994e-03  -5.0619870e-04
  -1.3998775e-01   4.9547386e-01  -1.9780039e-01   1.0305275e-02   7.4133662e-03  -3.8793073e-04
  -1.5030130e-01   5.0300302e-01  -1.7293226e-01   1.0823618e-02   7.7853657e-03  -5.9290018e-04
  -1.3921342e-01   5.0860704e-01  -8.4140111e-02   1.0776547e-02   7.4161196e-03  -4.8012427e-04
  -1.5391124e-01   3.7776257e-01  -2.0031240e-01   1.0117485e-02   6.4372852e-03  -1.4252930e-04
  -1.4340390e-01   4.5910615e-01  -4.5278266e-02   1.0031067e-02   6.3821179e-03  -4.8804325e-04
  -1.7749588e-01   4.1822123e-01  -1.8876199e-01   9.8658199e-03   6.8017218e-03   4.4496278e-04
  -1.9179256e-01   6.1857790e-01   2.4789205e-02   1.3835228e-02   6.4837941e-03   5.4772061e-04
  -1.6906880e-01   4.7214429e-01  -9.6762882e-02   1.1113793e-02   6.8966900e-03   6.6699239e-04
  -1.5320048e-01   4.9143774e-01  -1.2203473e-01   1.0782021e-02   7.5636081e-03   8.5173347e-05
  -1.4859472e-01   4.3087651e-01  -1.0920919e-01   1.0680572e-02   7.3724919e-03   1.1350803e-04
  -1.6129193e-01   4.6052071e-01  -1.5650526e-01   1.1383068e-02   7.5709360e-03   3.1539914e-04
  -1.5374989e-01   4.8070249e-01  -7.2119835e-02   1.0947231e-02   8.2265326e-03   2.5198265e-04
  -1.8093144e-01   5.2815375e-01  -1.7776445e-01   1.1848065e-02   8.2031449e-03   5.5477864e-04
  -1.3932761e-01   5.7507275e-01  -7.5762983e-02   9.6517844e-03   8.4652385e-03   1.3473014e-04
  -1.2130999e-01   4.1870752e-01  -1.3422826e-01   6.6202086e-03   8.8590285e-03   4.4909931e-05
  -1.2140115e-01   4.8235759e-01  -1.1529115e-01   9.1110836e-03   8.7853530e-03   4.2095980e-05
  -1.0825371e-01   5.1217938e-01  -1.4018840e-01   9.1175690e-03   8.2599207e-03   1.0081323e-04
  -1.0329282e-01   5.4578163e-01  -1.4799772e-01   9.6399708e-03   7.9454295e-03   2.1455619e-04
  -1.1860172e-01   5.2604356e-01  -2.6276228e-02   1.0858676e-02   7.8930774e-03   3.9281566e-04
  -1.2304505e-01   4.5594446e-01  -1.6500657e-02   1.1756334e-02   8.2438654e-03   6.1019474e-04
  -1.1397319e-01   5.0455503e-01  -2.9260535e-02   1.0925804e-02   7.6745258e-03   7.6768022e-04
  -1.0542056e-01   5.0480745e-01  -1.7569524e-01   1.0723359e-02   7.1226720e-03   4.7228033e-04
  -9.6934550e-02   5.4598413e-01  -1.0120046e-01   8.6405871e-03   7.7644527e-03   3.9235432e-04
  -1.2266282e-01   4.7704862e-01   1.0007523e-01   1.1479782e-02   6.9962805e-03   7.7218671e-04
  -8.5208295e-02   3.3041822e-01  -6.6506778e-01   8.0265370e-03   7.2769146e-03   7.7901871e-04
  -9.6826942e-02   6.1547320e-01   2.3692450e-02   7.9777012e-03   7.1134391e-03  -1.8780194e-04
  -1.5345261e-01   4.6045949e-01   1.1783355e-01   6.4407211e-03   6.9429175e-03  -6.5570928e-05
  -1.1904143e-01   5.8603793e-01   4.9890924e-01   5.5022302e-03   8.6196492e-03  -1.0494609e-03
  -1.1979107e-01   4.9089526e-01   2.1695997e-01   7.9933623e-03   8.2817769e-03  -9.2306427e-04
  -1.2941210e-01   5.2327513e-01   3.1078585e-02   8.6827261e-03   6.6148117e-03  -1.1754951e-03
  -1.8741361e-01   5.7919757e-01   1.2512797e-01   1.0433452e-02   4.9649421e-03  -1.1622669e-03
  -1.9923952e-01   6.1228341e-01   2.5541840e-01   9.0253773e-03   4.9403843e-03  -1.1404446e-03
  -1.8707509e-01   6.2120217e-01   1.3643150e-01   9.6631441e-03   4.8638906e-03  -8.2679454e-04
  -1.8715984e-01   5.4210791e-01   1.7446195e-01   8.8358561e-03   4.8151895e-03  -1.0154254e-03
  -1.8639347e-01   6.0887619e-01   1.2289163e-01   9.1707745e-03   5.1290788e-03  -1.0603853e-03
  -2.0553643e-01   5.4577724e-01   2.7716531e-01   9.4338234e-03   5.0958017e-03  -7.9923220e-04
  -1.6555542e-01   5.5545897e-01   1.4228701e-01   8.0917295e-03   5.4715905e-03  -1.0897265e-03
  -1.2854952e-01   4.9044978e-01   1.4141600e-01   7.4088370e-03   6.0875128e-03  -1.2770046e-03
  -9.2308182e-02   5.7843427e-01   1.6710523e-01   7.0116176e-03   6.7315135e-03  -1.5703283e-03
  -1.0309116e-01   4.3330934e-01   1.5154009e-01   7.1751685e-03   6.6490563e-03  -1.2108237e-03
  -8.3790680e-02   5.5752799e-01   2.5470718e-01   6.7035184e-03   6.4654431e-03  -1.3143654e-03
  -1.0682998e-01   3.9150871e-01   2.6224462e-01   7.8837753e-03   6.8228847e-03  -1.1067914e-03
  -1.0259935e-01   5.8189430e-01   2.8208035e-01   6.1234050e-03   6.7624358e-03  -1.1653041e-03
  -1.2735707e-01   4.9871206e-01   3.4482113e-01   8.7660581e-03   5.8848594e-03  -6.7899502e-04
  -6.1681817e-02   6.3532917e-01   3.0718121e-01   7.4756632e-03   6.3853338e-03  -1.5334587e-03
  -7.6614299e-02   4.9074439e-01   1.7655438e-01   7.2312947e-03   5.7749186e-03  -9.2119590e-04
  -8.5974409e-02   6.2979243e-01   2.6930050e-01   6.0741273e-03   5.9495605e-03  -1.5654912e-03
  -1.1166456e-01   5.7066665e-01   2.7697777e-01   9.3661222e-03   5.5020181e-03  -9.9734656e-04
  -9.9229193e-02   6.4512946e-01   2.4054966e-01   7.9070893e-03   5.4278542e-03  -1.3385597e-03
  -1.1344958e-01   5.3316206e-01   1.3098089e-01   6.3809228e-03   5.4057741e-03  -1.2818661e-03
  -1.1767824e-01   5.5963436e-01   2.5390454e-01   6.6886103e-03   5.4011644e-03  -1.2666107e-03
  -8.4444626e-02   5.5157466e-01   1.4723318e-01   6.5154729e-03   5.9000524e-03  -1.4943047e-03
  -9.6237799e-02   6.7214836e-01   9.5754684e-02   5.8028582e-03   6.4565073e-03  -1.6016593e-03
  -1.4208820e-01   3.9106286e-01   2.4327463e-01   6.3658744e-03   5.2403648e-03  -1.3277703e-03
  -1.6080172e-01   5.9836638e-01   2.1208064e-01   5.6849906e-03   5.6037852e-03  -1.1997842e-03
  -1.5386098e-01   4.0149987e-01   1.3208560e-01   4.9580936e-03   5.3025848e-03  -7.5975682e-04
