   0.0000000e+00   0.0000000e+00   1.4210855e-14   0.0000000e+00   0.0000000e+00   0.0000000e+00
  -1.4542496e-02   6.9885430e-03   3.3160206e-02  -9.1961095e-04   1.4097520e-04   5.9368206e-04
  -1.2898597e-02  -8.5277809e-03   3.5138602e-02  -1.4642374e-03  -4.1522414e-04   6.6456804e-04
  -3.4038749e-03  -5.6249972e-03   4.3250053e-02  -1.7263389e-03  -8.7410325e-05   1.0730037e-03
   1.2896444e-02   2.6764852e-03   3.8148257e-02  -1.5406089e-03   4.4749528e-04   1.0899775e-03
  -6.1401563e-03  -1.6556360e-02  -3.4503531e-03  -1.6387489e-03   2.9912800e-04   1.2209041e-03
   1.7843075e-02   1.4796600e-02   4.9193157e-03  -1.4077630e-03   1.5514917e-04   1.3738191e-03
  -1.8661412e-02   1.3153071e-02   4.2579989e-02  -9.0670180e-04  -2.5366619e-05   5.2882517e-04
  -3.5252558e-02   1.2141351e-02   5.5031483e-02  -4.3177904e-04   4.9216006e-05   8.2941726e-04
  -2.1850355e-02   4.3055352e-02   5.1504579e-02  -3.6590763e-05   3.6160928e-05   8.1460996e-04
  -2.0243214e-02   1.0073838e-02   5.9261149e-02  -1.4727596e-03   4.4685538e-04   7.8352399e-04
  -4.8559359e-02   7.0725855e-02   4.6701134e-02  -2.8271237e-05  -2.6250063e-04   9.0152696e-04
  -1.7623753e-02   6.2595894e-02   3.3151464e-02   2.0685508e-05   7.2450048e-04   6.7756803e-04
  -2.2252940e-02   4.8409739e-02  -1.6343372e-02  -2.2196375e-04  -5.2192911e-06   7.1586616e-04
  -2.1695987e-02   5.4746736e-02   4.9390744e-02  -2.8889012e-04  -2.5846559e-04   7.2266971e-04
  -2.0717350e-03  -1.2045472e-02   6.5656242e-02  -1.7053939e-03   3.4692077e-04   7.3339861e-04
   1.2726458e-03  -5.3230452e-03   4.0907906e-02  -1.5820268e-03   1.1181948e-04   1.0968990e-03
  -1.2795458e-02   2.0422122e-02   1.6917260e-02  -5.4210096e-04  -6.8088438e-04   1.3828306e-03
  -8.4883586e-03   4.6969976e-02  -4.6491364e-02  -5.6950775e-04  -2.8502229e-04   8.7365107e-04
  -1.2337611e-02   4.9696534e-02  -1.5192089e-02  -7.6969599e-04  -1.2507365e-04   7.8991647e-04
   1.9808467e-02   1.9893417e-03  -3.7423598e-02  -1.1045720e-03   2.5883436e-04   8.1158829e-04
   1.2154462e-02   2.8585897e-02  -4.3177034e-02  -4.9911619e-04  -1.0088008e-04   7.9449484e-04
   5.1420010e-03   3.2015857e-02  -1.3465105e-02  -5.2279608e-04  -3.7684181e-04   9.8173313e-04
  -4.2021747e-03   4.7351251e-02   9.6292974e-03  -2.2538149e-04   1.0760645e-04   1.0730410e-03
   3.5216324e-02  -1.3565542e-03  -2.0892483e-02  -4.9151077e-04   2.0007930e-04   1.2363721e-03
   3.5923847e-02   1.4011535e-02  -1.7658004e-02  -7.5373509e-04   6.2135210e-05   1.1948898e-03
   3.9422144e-02   2.4889846e-02  -3.0471925e-02  -1.5695191e-03  -1.5224457e-04   1.1586220e-03
   3.4092417e-02  -9.4640666e-03   1.9985169e-02  -1.6564019e-03   9.8820828e-05   1.4414870e-03
   1.4970883e-02  -2.3628382e-02   3.0618029e-02  -1.5043160e-03  -3.3195785e-04   1.6232145e-03
   1.6074549e-02  -6.8270770e-03   5.5307049e-03  -1.8661982e-03  -1.6005089e-04   1.6946748e-03
   1.4054253e-02  -2.3447337e-02   1.9920270e-04  -1.9420197e-03  -1.7540613e-04   1.9106209e-03
   1.6516179e-02   1.4296659e-02   1.7897736e-02  -1.6620108e-03   1.1726554e-04   2.1138014e-03
   1.4210804e-02  -4.9551823e-02  -1.7331691e-02  -2.3138392e-03  -3.3104382e-04   1.7508169e-03
  -8.5008221e-05  -3.5436549e-02  -1.2065326e-02  -2.7388449e-03  -4.5957309e-04   1.6991028e-03
  -1.8958286e-02  -3.0195804e-02  -7.7171045e-03  -2.3883380e-03  -8.8058595e-04   1.6607723e-03
   8.3424502e-03  -5.1544906e-02  -3.6410054e-02  -2.4406046e-03  -1.0563318e-03   2.0332142e-03
   1.1802490e-01   4.6269604e-02  -1.7748915e-01  -1.1837713e-04  -5.1427693e-04   1.6961855e-03
   1.7654756e-01   3.6245870e-02  -3.2972719e-02  -2.3519594e-04   1.5947461e-03   1.7797263e-03
   1.3369952e-01   4.2779817e-02  -5.0132239e-02  -2.9095660e-05   8.6892633e-04   1.9407923e-03
   9.8396586e-02   3.8956431e-02  -5.0159516e-02  -2.4278285e-04   5.2416915e-04   1.9352433e-03
   7.5068894e-02   5.4953378e-02  -2.6370703e-03  -2.0800960e-04   2.6459906e-04   2.3494842e-03
   1.0831843e-01   3.4846633e-02  -2.5615802e-04  -4.5109429e-04   6.9741343e-04   2.4404587e-03
   1.3492251e-01   4.6512373e-03  -5.6163227e-02  -7.2686659e-04   1.1601766e-03   1.8182442e-03
   1.0245720e-01   6.6021934e-02  -1.3698281e-02  -2.8426298e-04   4.0290696e-04   2.3003569e-03
   8.2034502e-02   4.6006852e-02  -2.0990957e-02  -2.8019414e-04   4.1026900e-04   2.0055651e-03
   7.2039563e-02  -6.7843755e-03  -4.1778527e-02  -1.2270962e-03   7.6501739e-04   2.0261610e-03
   1.0587101e-01  -1.5887257e-02  -7.2590039e-02  -8.5235721e-04   5.7273686e-04   1.9635558e-03
   9.6504028e-02   5.0699822e-03  -1.5498986e-02  -1.2753014e-03   9.4935444e-04   2.1920855e-03
   1.0961488e-01  -3.3302237e-02  -7.8150432e-02  -1.2977894e-03   3.7249798e-04   1.6925914e-03
   7.9509424e-02   1.7080597e-02  -5.5242281e-02  -8.4560847e-04  -1.2805008e-04   1.9360722e-03
   1.0265588e-01   9.8022559e-03  -5.5842609e-02  -1.2313101e-03   7.3116695e-04   1.9977510e-03
   1.0537893e-01   2.6387460e-02  -9.4570112e-02  -7.0878459e-04   4.4912399e-04   1.9515994e-03
   1.3720080e-01  -1.5682887e-02  -8.9966722e-02  -1.3673935e-03   1.4037904e-03   1.4846511e-03
   1.0339503e-01   1.1064533e-02  -9.8188425e-02  -5.3495506e-04   6.9446428e-04   1.8773170e-03
   8.9339733e-02   1.4629680e-02  -1.1077288e-01  -7.2287111e-04   3.5319542e-04   1.9566611e-03
   9.0396741e-02   2.5718301e-02  -9.7994749e-02  -9.2419514e-04   9.4506925e-04   2.1054491e-03
   1.1666634e-01   9.8055456e-03  -1.0684883e-01  -1.3131145e-03   1.0973699e-03   2.1104422e-03
   1.2007488e-01  -9.7042556e-03  -1.2709298e-01  -1.3464025e-03   1.2595032e-03   2.3767580e-03
   9.6544812e-02   9.3210963e-03  -1.0370143e-01  -1.1858279e-03   9.2397218e-04   2.3755200e-03
   9.6239641e-02   2.0616776e-02  -7.8049679e-02  -1.0821794e-03   1.3796920e-03   2.6073524e-03
   1.2132901e-01  -5.3462319e-03  -8.2121070e-02  -1.1742835e-03   2.0977167e-03   2.4830714e-03
   1.1505122e-01   1.3872332e-03  -1.2972928e-01  -7.6467821e-04   1.7554577e-03   2.6392530e-03
   9.9616878e-02   3.9389259e-02  -5.6726964e-02  -5.5479236e-04   1.6516466e-03   3.1290387e-03
   1.2559385e-01   3.4816523e-02  -6.2763661e-02  -2.5061279e-04   1.8199181e-03   2.9367471e-03
   1.0880310e-01   2.3231094e-02  -1.0750567e-01  -8.9660357e-04   2.0329160e-03   2.5060124e-03
   1.1108624e-01   3.1162968e-02  -1.3688187e-01  -6.8687795e-04   1.3233779e-03   2.3172670e-03
   1.0307833e-01   4.5107647e-02  -7.8214396e-02  -6.1533868e-04   1.1652506e-03   2.4193144e-03
   1.5463611e-01   2.2264078e-02  -1.1914487e-01  -1.2624281e-03   1.8588388e-03   2.3137618e-03
   1.2528408e-01   1.6336273e-02  -1.3558088e-01  -7.7883367e-04   1.2932111e-03   2.4348043e-03
   1.2592276e-01   3.7915670e-02  -4.1447418e-02  -1.0557608e-03   1.8603598e-03   2.7077682e-03
   1.4649461e-01   4.4596988e-03  -8.1712512e-02  -8.0739762e-04   2.2972920e-03   2.9002164e-03
   8.9317663e-02   1.0300310e-01  -1.8612969e-01   1.3109801e-03   6.0865482e-04   2.9066695e-03
   1.1623358e-01   6.1251298e-02  -2.5963188e-01  -6.8533979e-04   1.1497651e-03   3.4533078e-03
   2.0721763e-01   2.0162164e-02  -2.2689615e-01  -2.1376840e-03   2.1187720e-03   3.2892837e-03
   1.5741688e-01   9.3834913e-03  -1.9895936e-01  -1.9294683e-03   1.3853394e-03   3.4918757e-03
   1.8462592e-01   5.8978489e-02  -1.0941837e-01  -7.9223671e-04   2.2910352e-03   3.8495378e-03
   2.0430062e-01   4.2053545e-02  -1.7326206e-01  -7.3918326e-04   2.1590995e-03   3.8631362e-03
   1.9979744e-01   2.7012515e-02  -2.0900481e-01  -1.4341742e-03   1.8885236e-03   3.6567622e-03
   1.3021802e-01   6.1730663e-02  -1.5848232e-01  -1.2663180e-03   6.2657973e-04   4.3452939e-03
   6.4033997e-01   3.7063367e-01   3.3359752e-01   3.6107704e-03   1.6923155e-02  -1.5015484e-02
   6.5192805e-01   3.8112501e-01  -4.8723472e-01   1.0436550e-02   1.1803464e-02  -6.6381028e-03
   7.9506833e-01   2.6392333e-01  -3.6204469e-02   5.5429578e-03   1.2140069e-02  -3.1013358e-03
   8.3688352e-01   2.9729640e-01   6.7189465e-02   6.0753500e-03   1.2524008e-02  -2.1420744e-03
   8.2055558e-01   2.2141965e-01   7.3270650e-02   5.9883230e-03   1.1728041e-02  -1.5347909e-03
   8.5088675e-01   3.4109514e-01   3.3110973e-02   6.6099340e-03   1.1856066e-02  -1.3359088e-03
   8.7424495e-01   4.0174067e-01   3.4564764e-03   9.6554490e-03   1.2757560e-02  -1.9114869e-03
   8.3519658e-01   4.4986674e-01   5.8016461e-02   9.9491071e-03   1.2556198e-02  -1.8603832e-03
   8.4002342e-01   4.1708421e-01   6.9837447e-02   9.0815632e-03   1.2677053e-02  -1.9483045e-03
   1.0321038e+00   5.1768222e-01   1.2452918e-01   1.0160467e-02   1.6876367e-02  -4.0973739e-03
   9.6133084e-01   4.3056819e-01  -2.4115872e-01   8.2419005e-03   1.3934247e-02  -7.7084966e-03
   9.6951572e-01   4.8883269e-01  -4.3123354e-03   9.1317370e-03   1.4418571e-02  -5.0120609e-03
   9.7548866e-01   4.1801271e-01  -3.3222365e-02   9.1505983e-03   1.4432883e-02  -5.3558064e-03
   9.5931128e-01   4.6761008e-01  -5.8921186e-02   1.0088753e-02   1.4353943e-02  -5.1061830e-03
   9.5048276e-01   4.1946365e-01  -7.0298543e-02   9.0060846e-03   1.4501613e-02  -4.8372412e-03
   9.6198913e-01   4.4665337e-01  -4.5542537e-02   9.0853308e-03   1.4252522e-02  -4.2238987e-03
   9.4914928e-01   4.3397467e-01  -4.5754896e-02   8.8377181e-03   1.3774372e-02  -4.1071291e-03
   9.4163539e-01   4.6772038e-01  -9.3805525e-02   9.5589797e-03   1.2942383e-02  -3.2718495e-03
   9.5146263e-01   4.2026710e-01  -4.2806367e-02   8.8130075e-03   1.3593726e-02  -3.4023571e-03
   9.5693735e-01   4.1488698e-01  -1.0119599e-01   8.6393508e-03   1.3252880e-02  -3.2428497e-03
   9.7250498e-01   3.9931227e-01  -8.2670898e-02   8.2703581e-03   1.4298200e-02  -2.9193045e-03
   9.7436395e-01   4.0590301e-01  -1.4826651e-01   8.4940685e-03   1.2898294e-02  -2.1514888e-03
   1.0133951e+00   3.9498961e-01  -1.3329821e-01   7.0424028e-03   1.4415594e-02  -1.9590097e-03
   9.4262411e-01   3.3856092e-01  -1.7183047e-01   6.3800693e-03   1.2739733e-02  -1.3321802e-03
   9.3424340e-01   4.0321945e-01  -1.7465572e-01   7.1274992e-03   1.2378047e-02  -8.4256686e-04
   1.0021709e+00   3.6524633e-01  -1.7392101e-01   7.0114228e-03   1.3386410e-02  -1.0478549e-03
   9.7608768e-01   3.8817850e-01  -1.5663322e-01   7.1318019e-03   1.3036095e-02  -6.9813063e-04
   9.7763270e-01   3.7474016e-01  -2.0925399e-01   7.1713455e-03   1.2800197e-02  -1.2899335e-03
   9.1904061e-01   3.9005588e-01  -1.8306323e-01   7.6510298e-03   1.2071738e-02  -1.2844460e-03
   9.4548288e-01   3.7672558e-01  -1.7859767e-01   7.1819104e-03   1.1807348e-02  -9.7706791e-04
   9.6151649e-01   3.4142502e-01  -3.3285852e-01   5.6949855e-03   1.3031493e-02  -1.2133086e-03
   1.1692373e+00   6.0640349e-01  -3.2089786e-02   8.9341101e-03   1.5731605e-02  -3.1539359e-03
   1.1670867e+00   4.6507571e-01  -3.2409989e-01   9.4244990e-03   1.5185526e-02  -2.1026908e-03
   1.1810070e+00   3.0476111e-01  -2.3721026e-01   5.7894072e-03   1.9043613e-02  -1.5936560e-02
   7.8881705e-01   3.5812311e-01  -2.5076306e-01   6.4264790e-03   1.2120517e-02  -1.5971947e-02
   8.8496960e-01   4.8679999e-01  -2.9495600e-01   8.9931556e-03   1.4218445e-02  -1.4814775e-02
   7.5934823e-01   4.4252533e-01  -2.2090029e-01   8.6809440e-03   1.2183655e-02  -1.2436455e-02
   8.7314554e-01   4.4551911e-01  -3.2258511e-01   8.0005997e-03   1.2343350e-02  -1.0014336e-02
   8.5771171e-01   4.6907310e-01  -2.7114328e-01   7.8924489e-03   1.2592423e-02  -9.5294491e-03
   8.6079922e-01   4.4494702e-01  -2.7647591e-01   8.1264541e-03   1.2699703e-02  -9.5980250e-03
   9.0013633e-01   4.1995241e-01  -2.7756679e-01   7.8919013e-03   1.3719903e-02  -9.6504090e-03
   8.8761078e-01   4.2759791e-01  -2.6618786e-01   8.1866765e-03   1.2984841e-02  -9.5615913e-03
   9.1015306e-01   4.4286538e-01  -2.4395988e-01   7.8668243e-03   1.3714592e-02  -9.3735454e-03
   9.5284572e-01   3.8693824e-01  -3.0453707e-01   7.4239440e-03   1.3827364e-02  -9.0527132e-03
   9.1188568e-01   4.7007450e-01  -3.1627900e-01   8.2303313e-03   1.3240357e-02  -8.4450992e-03
   9.3048814e-01   4.7533836e-01  -2.8090619e-01   7.8816077e-03   1.3861437e-02  -8.4899929e-03
   9.2151831e-01   4.1696488e-01  -3.1931302e-01   7.5748977e-03   1.3744289e-02  -8.5684422e-03
   9.0750858e-01   4.9422590e-01  -3.1622914e-01   8.2998088e-03   1.3524327e-02  -8.2619727e-03
   9.2113881e-01   4.8166226e-01  -3.2667259e-01   8.7129054e-03   1.2877112e-02  -7.8948494e-03
   1.0018533e+00   4.9531902e-01  -3.2154473e-01   8.5573762e-03   1.4220719e-02  -7.8121344e-03
   9.7449046e-01   5.0052951e-01  -3.1321421e-01   9.1734002e-03   1.4089631e-02  -7.3738350e-03
   9.5962969e-01   5.1885180e-01  -3.4175017e-01   9.1038446e-03   1.3805416e-02  -7.1624167e-03
   9.3535970e-01   5.4411129e-01  -3.2543292e-01   9.4846686e-03   1.3175331e-02  -6.5338514e-03
   9.7494612e-01   5.2782728e-01  -3.1841743e-01   9.1261948e-03   1.4327346e-02  -6.8916893e-03
   9.7277702e-01   4.7438588e-01  -3.2924773e-01   8.9172248e-03   1.4302844e-02  -7.3702992e-03
   9.4095102e-01   4.8902411e-01  -3.2592532e-01   8.8679714e-03   1.3890637e-02  -6.8533009e-03
   9.2875182e-01   5.0947750e-01  -3.1145685e-01   8.9496497e-03   1.3307192e-02  -6.5826340e-03
   9.5744362e-01   4.9963224e-01  -3.0899980e-01   8.4326496e-03   1.4054425e-02  -6.9662780e-03
   9.8832914e-01   4.8444173e-01  -3.3439034e-01   8.4443553e-03   1.3792514e-02  -6.6051040e-03
   9.7685759e-01   4.8359964e-01  -3.2801382e-01   8.5842348e-03   1.3469746e-02  -6.5775216e-03
   1.0036820e+00   4.9889258e-01  -2.5771691e-01   8.7579718e-03   1.4290738e-02  -6.0393057e-03
   9.7765163e-01   4.5383544e-01  -3.0401202e-01   8.5629213e-03   1.3834685e-02  -6.6034880e-03
   9.8074098e-01   4.6689709e-01  -2.9249463e-01   8.1041763e-03   1.3942429e-02  -6.5359647e-03
   9.5645030e-01   4.4332371e-01  -2.8627857e-01   7.2955262e-03   1.3404693e-02  -6.5863973e-03
   9.7978753e-01   4.4991497e-01  -2.8912079e-01   7.4072454e-03   1.3895488e-02  -6.4104239e-03
   9.7941139e-01   4.2681917e-01  -3.0487001e-01   7.3998111e-03   1.3544901e-02  -6.3644200e-03
   9.8516258e-01   4.3493727e-01  -3.1311754e-01   7.2305039e-03   1.3643625e-02  -6.0190507e-03
   9.9152945e-01   4.2520973e-01  -3.4529440e-01   7.3869514e-03   1.3977073e-02  -5.8638612e-03
   9.8135783e-01   4.7106491e-01  -3.1777725e-01   8.0201825e-03   1.4043036e-02  -5.6046616e-03
   1.0033079e+00   4.7436672e-01  -2.9946512e-01   8.2917008e-03   1.4570502e-02  -5.7261902e-03
   1.0086211e+00   3.7152147e-01  -3.3198767e-01   6.7177360e-03   1.3815575e-02  -7.3633640e-03
   9.5584496e-01   4.7075792e-01  -3.1795887e-01   8.3658802e-03   1.2496534e-02  -3.6213538e-03
   1.0087573e+00   4.7006769e-01  -3.0295847e-01   8.4066942e-03   1.3696609e-02  -4.4080262e-03
   1.0341975e+00   3.6799949e-01  -2.9965550e-01   7.8819952e-03   1.3464939e-02  -4.1500761e-03
   1.1126305e+00   5.0749445e-01  -3.3316336e-01   8.7410571e-03   1.4488879e-02  -4.8774501e-03
   9.6770988e-01   5.1647126e-01  -2.9392917e-01   9.6509513e-03   1.3952627e-02  -4.9674182e-03
   1.0029678e+00   5.4682136e-01  -2.8044538e-01   9.4628904e-03   1.4206264e-02  -4.9180068e-03
   1.0112270e+00   4.7007568e-01  -3.0610318e-01   8.7697004e-03   1.4354320e-02  -4.9374526e-03
   9.5755850e-01   5.3589365e-01  -2.6592259e-01   9.6810281e-03   1.3769374e-02  -4.6968166e-03
   9.8312084e-01   4.7763674e-01  -2.9252794e-01   8.7705747e-03   1.4245885e-02  -4.7353550e-03
   9.9942438e-01   4.5727816e-01  -3.1235514e-01   8.3129663e-03   1.4316268e-02  -4.7351502e-03
   9.9337073e-01   4.4389879e-01  -3.0934544e-01   7.5583607e-03   1.4309340e-02  -4.8288614e-03
   1.0080216e+00   4.8948624e-01  -2.7535842e-01   8.6011046e-03   1.4646184e-02  -4.1890655e-03
   9.7244344e-01   4.4200064e-01  -3.2133962e-01   8.1185890e-03   1.3940067e-02  -4.5176734e-03
   9.6093115e-01   4.6644801e-01  -3.1603320e-01   8.1566155e-03   1.3841211e-02  -4.8599698e-03
   9.3036130e-01   4.8757016e-01  -3.1633408e-01   8.5377718e-03   1.3320521e-02  -4.3778515e-03
   9.3774072e-01   4.5738673e-01  -3.1237756e-01   7.6107594e-03   1.3744173e-02  -4.4730544e-03
   9.5145363e-01   4.4113347e-01  -3.3234664e-01   7.7696397e-03   1.3794066e-02  -4.2550556e-03
   9.1683484e-01   4.6383918e-01  -3.3562600e-01   7.6538377e-03   1.2937461e-02  -3.9499568e-03
   9.2894386e-01   4.5719967e-01  -2.7583087e-01   7.2822579e-03   1.3784501e-02  -3.9784188e-03
   9.5654661e-01   4.1699989e-01  -3.1232862e-01   7.0498088e-03   1.4087201e-02  -4.3243052e-03
   9.2405013e-01   4.4909957e-01  -3.2127959e-01   7.7652466e-03   1.2928677e-02  -3.9484938e-03
   9.5027364e-01   4.7160942e-01  -2.8195096e-01   7.9083246e-03   1.3817557e-02  -4.1323005e-03
   9.5311057e-01   4.1383711e-01  -2.7353490e-01   6.9455289e-03   1.3739355e-02  -4.0346611e-03
   9.8262966e-01   4.4220980e-01  -3.1482717e-01   7.8862096e-03   1.3408162e-02  -3.9072026e-03
   9.8361956e-01   4.6037169e-01  -3.1711684e-01   7.6583387e-03   1.3369846e-02  -3.6674012e-03
   9.7342519e-01   4.8254332e-01  -3.3347070e-01   7.7618126e-03   1.2980348e-02  -3.4921815e-03
   9.8515035e-01   4.7496487e-01  -3.2271740e-01   7.5678262e-03   1.3733747e-02  -3.9780643e-03
   9.9369549e-01   4.4836401e-01  -3.2636377e-01   7.2708920e-03   1.3912296e-02  -4.1202442e-03
   9.8795739e-01   4.5482477e-01  -3.1435805e-01   7.3150776e-03   1.3622737e-02  -4.0140306e-03
   9.8956045e-01   4.9430606e-01  -3.3389155e-01   8.4050004e-03   1.3342692e-02  -3.8409904e-03
   1.0007987e+00   5.1520740e-01  -3.2377585e-01   8.4685477e-03   1.3362370e-02  -3.5415794e-03
   1.0008308e+00   4.7051637e-01  -3.1345876e-01   7.4055922e-03   1.3625241e-02  -3.8302500e-03
   1.0083017e+00   4.3686112e-01  -3.4393240e-01   7.2129808e-03   1.3417755e-02  -4.0072945e-03
   9.5226924e-01   4.6724846e-01  -3.1527271e-01   7.4047687e-03   1.3006821e-02  -4.0925583e-03
   9.9865910e-01   4.4024003e-01  -3.0324040e-01   6.9308304e-03   1.3669503e-02  -4.1426494e-03
   9.8087002e-01   4.6766984e-01  -3.3041792e-01   7.8031459e-03   1.3026391e-02  -4.1824736e-03
   9.8385868e-01   4.9847321e-01  -2.8870862e-01   7.9257498e-03   1.3357975e-02  -3.7431263e-03
   9.8417966e-01   4.7005834e-01  -3.2135707e-01   7.9436445e-03   1.3094866e-02  -3.5313111e-03
   9.9378527e-01   4.6118622e-01  -2.9422689e-01   6.8271276e-03   1.3856046e-02  -3.3819189e-03
   1.0194798e+00   4.7218970e-01  -3.2468039e-01   7.6511031e-03   1.3875865e-02  -3.2724311e-03
   1.0170103e+00   4.4210357e-01  -3.2558183e-01   6.3302877e-03   1.3785551e-02  -3.0167984e-03
   1.0464172e+00   4.2564643e-01  -3.2954425e-01   6.5174620e-03   1.4214595e-02  -2.9543066e-03
   1.0026285e+00   4.3547089e-01  -3.1856750e-01   7.0691659e-03   1.3671598e-02  -2.3717025e-03
   1.0234191e+00   4.5515320e-01  -3.5088053e-01   6.9141411e-03   1.3848572e-02  -2.1767660e-03
   9.8858823e-01   5.3020385e-01  -3.4499683e-01   7.5569423e-03   1.3329959e-02  -1.6825450e-03
   1.1495977e+00   4.4190174e-01  -4.0223111e-01   6.0253047e-03   1.4808534e-02  -2.4561823e-03
   1.1061960e+00   4.3716543e-01  -3.9577042e-01   6.2756300e-03   1.3832828e-02  -1.8706845e-03
   1.2731389e+00   5.8815078e-01  -3.5390830e-01   1.0332884e-02   1.9676967e-02  -7.6792197e-03
   1.3254365e+00   2.0607523e-01  -2.8134840e-01   3.5560629e-03   1.7278099e-02  -1.5637088e-02
   1.3860241e+00   3.9727315e-01  -3.1306770e-01   5.2900818e-03   1.7221570e-02  -1.5709817e-02
   1.2650167e+00   3.1942507e-01  -3.9704613e-01   5.1064310e-03   1.4048534e-02  -1.4979413e-02
   1.2929022e+00   4.0898017e-01  -4.4312597e-01   6.6400871e-03   1.4127427e-02  -1.4330034e-02
   1.2987232e+00   5.4861307e-01  -3.8105177e-01   8.2111737e-03   1.4856518e-02  -1.3484128e-02
   1.3299545e+00   4.8931005e-01  -4.2383166e-01   8.5395823e-03   1.5656613e-02  -1.3273051e-02
   1.3149611e+00   5.0165276e-01  -4.6371522e-01   9.0228273e-03   1.5106031e-02  -1.2522641e-02
   1.3324906e+00   5.3041700e-01  -4.3326043e-01   9.1531771e-03   1.5310341e-02  -1.2274376e-02
   1.4109367e+00   4.5270861e-01  -4.4012715e-01   7.9785266e-03   1.6697628e-02  -1.2394615e-02
   1.3325148e+00   4.7028395e-01  -4.7902525e-01   8.5885384e-03   1.5503220e-02  -1.1862465e-02
   1.3320169e+00   5.1279152e-01  -4.6645336e-01   8.4248411e-03   1.5864725e-02  -1.1509648e-02
   1.3256362e+00   4.7064223e-01  -4.9211902e-01   8.2074869e-03   1.5414826e-02  -1.1132254e-02
   1.3249387e+00   5.4523054e-01  -4.8846440e-01   8.8533838e-03   1.5886295e-02  -1.1110896e-02
   1.3569703e+00   4.7245408e-01  -5.0076289e-01   7.8289295e-03   1.6472715e-02  -1.1175842e-02
   1.3489512e+00   4.7536755e-01  -4.9908175e-01   7.6357035e-03   1.6530927e-02  -1.1060916e-02
   1.3313576e+00   4.9408705e-01  -5.0006284e-01   8.2523473e-03   1.5740730e-02  -1.0450947e-02
   1.3316341e+00   4.9419389e-01  -4.8030064e-01   8.4399837e-03   1.5609420e-02  -1.0423614e-02
   1.3389934e+00   4.6992306e-01  -4.5112115e-01   8.1706569e-03   1.5512123e-02  -9.7051268e-03
   1.3349070e+00   4.7906674e-01  -4.4726711e-01   8.4146776e-03   1.5490706e-02  -9.8645564e-03
   1.3450296e+00   4.7813050e-01  -4.6490574e-01   7.9890312e-03   1.5620436e-02  -9.5474616e-03
   1.3730304e+00   4.3432320e-01  -4.4231259e-01   6.0866284e-03   1.6416692e-02  -1.0126884e-02
   1.3798352e+00   4.2566331e-01  -5.0122987e-01   6.7872233e-03   1.5990972e-02  -9.7551411e-03
   1.3686866e+00   4.6824925e-01  -4.9540072e-01   8.3639975e-03   1.6005720e-02  -9.5514514e-03
   1.4236909e+00   4.6931636e-01  -4.4476451e-01   7.6952254e-03   1.7098149e-02  -9.1321898e-03
   1.3979875e+00   4.6378982e-01  -4.8424671e-01   7.7873458e-03   1.6151366e-02  -8.3507265e-03
   1.4004579e+00   5.5117126e-01  -4.6607449e-01   8.5897910e-03   1.6464147e-02  -9.0062786e-03
   1.4255852e+00   4.3378629e-01  -4.8467619e-01   7.2327400e-03   1.6753479e-02  -9.0799665e-03
   1.3943670e+00   4.8591140e-01  -4.8980340e-01   7.9018342e-03   1.6144216e-02  -8.6408428e-03
   1.3737779e+00   4.5623600e-01  -4.4138471e-01   6.6103445e-03   1.6648483e-02  -9.0070570e-03
   1.4090839e+00   4.6255052e-01  -4.1873998e-01   7.0545894e-03   1.7234492e-02  -9.1873953e-03
   1.2716059e+00   5.5531166e-01  -3.4772416e-01   9.7889661e-03   1.5694621e-02  -8.1095811e-03
   1.3508963e+00   5.3166416e-01  -3.6731543e-01   9.4985170e-03   1.6965070e-02  -7.8030769e-03
   1.3929808e+00   5.0245554e-01  -3.7044247e-01   8.9485641e-03   1.6764394e-02  -7.5663722e-03
   1.3950904e+00   5.0466185e-01  -3.9996086e-01   9.2566405e-03   1.6488278e-02  -7.1402990e-03
   1.3296670e+00   5.3870614e-01  -3.3137372e-01   9.9050009e-03   1.6265645e-02  -6.9460338e-03
   1.3824518e+00   5.6739276e-01  -3.3503197e-01   9.5723352e-03   1.6808251e-02  -7.0006769e-03
   1.4000615e+00   4.9255582e-01  -3.2061621e-01   8.7467598e-03   1.7434345e-02  -7.2363305e-03
   1.3597732e+00   4.9225856e-01  -2.8538972e-01   9.0646923e-03   1.6564088e-02  -6.7540006e-03
   1.3671458e+00   5.0981069e-01  -3.0416685e-01   9.6806174e-03   1.6117397e-02  -6.7801199e-03
   1.3957119e+00   4.6603527e-01  -3.4490701e-01   8.7407695e-03   1.6251275e-02  -6.9503450e-03
   1.3577481e+00   5.2714589e-01  -2.3309448e-01   7.8788539e-03   1.6492570e-02  -5.8162322e-03
   1.3628966e+00   4.3702928e-01  -2.5612232e-01   9.5094442e-03   1.6512948e-02  -6.4324474e-03
   1.4030180e+00   5.3527771e-01  -2.2716266e-01   9.6833776e-03   1.6816657e-02  -5.9544659e-03
   1.3972927e+00   4.8323570e-01  -2.5327257e-01   9.5282862e-03   1.6163076e-02  -5.8294120e-03
   1.4287232e+00   4.7453174e-01  -1.7859845e-01   8.3599343e-03   1.6919092e-02  -5.5438837e-03
   1.3774438e+00   5.1200992e-01  -3.2484599e-01   9.5532839e-03   1.5436777e-02  -5.6517407e-03
   1.4109937e+00   4.3798570e-01  -3.6833153e-01   8.4792002e-03   1.6224262e-02  -5.9280347e-03
   1.4301254e+00   5.0529850e-01  -2.1617481e-01   8.3098062e-03   1.6777912e-02  -5.5893025e-03
   1.4471876e+00   4.0803204e-01  -2.8215470e-01   7.2063279e-03   1.7521426e-02  -5.2361778e-03
   1.4397837e+00   4.9090211e-01  -2.8658857e-01   8.5697953e-03   1.6814581e-02  -5.3320237e-03
   1.4025733e+00   5.1266219e-01  -1.9128896e-01   8.5318218e-03   1.6869648e-02  -5.1731754e-03
   1.4258302e+00   4.0487928e-01  -2.4197050e-01   7.9148424e-03   1.6787532e-02  -5.5820677e-03
   1.3478274e+00   5.1023825e-01  -2.2795807e-01   8.5882592e-03   1.5698836e-02  -5.6820965e-03
   1.3621554e+00   4.7109627e-01  -2.2294912e-01   8.2032947e-03   1.6395897e-02  -5.6626333e-03
   1.3768327e+00   4.6811389e-01  -3.0353151e-01   8.4677952e-03   1.5573845e-02  -5.4194893e-03
   1.3698861e+00   5.1617822e-01  -2.4610241e-01   8.3770428e-03   1.5712596e-02  -5.5191595e-03
   1.4036102e+00   4.4782270e-01  -2.9979256e-01   7.5438948e-03   1.6129930e-02  -5.4717944e-03
   1.3794592e+00   4.9914398e-01  -3.0686559e-01   8.3544306e-03   1.5601916e-02  -5.6474891e-03
   1.3958782e+00   5.0120443e-01  -2.6229160e-01   8.3105201e-03   1.5913565e-02  -5.2763802e-03
   1.3910679e+00   4.4039678e-01  -3.2860842e-01   7.7450260e-03   1.6307468e-02  -5.6883290e-03
   1.3180731e+00   5.4767936e-01  -3.2075872e-01   9.8518055e-03   1.5105397e-02  -5.4222125e-03
   1.3539366e+00   4.8150487e-01  -2.8175033e-01   8.0189144e-03   1.6168608e-02  -5.4026216e-03
   1.3511092e+00   4.5369584e-01  -3.7245060e-01   8.2636295e-03   1.5625268e-02  -5.7037101e-03
   1.3121068e+00   5.1915614e-01  -3.2956101e-01   8.5835189e-03   1.4850387e-02  -5.3829781e-03
   1.3457748e+00   4.7482872e-01  -3.2458903e-01   7.7972666e-03   1.5855317e-02  -5.7601006e-03
   1.3353158e+00   4.4854665e-01  -3.5100895e-01   7.7572227e-03   1.5570058e-02  -6.0857890e-03
   1.2699569e+00   5.4551662e-01  -3.1213034e-01   8.3377305e-03   1.5410284e-02  -5.8482797e-03
   1.3271186e+00   3.9731475e-01  -2.9398342e-01   7.4134330e-03   1.5927522e-02  -6.0428024e-03
   1.2957275e+00   5.3402333e-01  -2.7886621e-01   8.8883850e-03   1.5421414e-02  -5.6788415e-03
   1.3286133e+00   4.1066753e-01  -2.9023865e-01   7.0286342e-03   1.5653408e-02  -5.8772025e-03
   1.3154557e+00   4.7351068e-01  -2.9368703e-01   7.5732447e-03   1.5223799e-02  -5.7722991e-03
   1.3471161e+00   4.7614774e-01  -3.0530545e-01   7.5330485e-03   1.6143189e-02  -5.5202198e-03
   1.3194349e+00   4.5123493e-01  -2.8702326e-01   7.6294689e-03   1.5364709e-02  -5.1742560e-03
   1.3307297e+00   4.7477086e-01  -2.9845695e-01   7.9246376e-03   1.5691626e-02  -5.2542132e-03
   1.3363250e+00   4.3245301e-01  -3.0749028e-01   7.4673546e-03   1.5671685e-02  -5.2285337e-03
   1.3457138e+00   4.2959369e-01  -2.8802865e-01   7.2770559e-03   1.5972256e-02  -4.9002542e-03
   1.3623303e+00   4.2250242e-01  -2.8296073e-01   7.1854953e-03   1.6167565e-02  -4.8164082e-03
   1.3622810e+00   4.3392336e-01  -2.8452877e-01   7.4366450e-03   1.5901693e-02  -4.4525465e-03
   1.3772746e+00   4.8060196e-01  -2.8227920e-01   8.2471331e-03   1.6316464e-02  -4.7199536e-03
   1.3726896e+00   4.4388109e-01  -2.4584408e-01   7.1464654e-03   1.6271616e-02  -4.6968108e-03
   1.3921072e+00   4.1921548e-01  -2.8549584e-01   6.4079429e-03   1.6738604e-02  -4.8692937e-03
   1.3916734e+00   4.1512562e-01  -3.1387344e-01   6.7675644e-03   1.5918980e-02  -4.8647540e-03
   1.3981218e+00   4.5432487e-01  -2.6498475e-01   7.2079415e-03   1.6565603e-02  -4.7295862e-03
   1.4017511e+00   3.7192589e-01  -3.0834121e-01   7.1010243e-03   1.6332484e-02  -5.1774261e-03
   1.3672497e+00   4.0770029e-01  -2.9652178e-01   7.5662158e-03   1.6508509e-02  -4.8651626e-03
   1.4360675e+00   3.4364176e-01  -3.9567578e-01   7.0156709e-03   1.7629319e-02  -5.0862485e-03
   1.4449857e+00   3.6111428e-01  -3.8695011e-01   7.7835495e-03   1.7488555e-02  -5.0007512e-03
   1.3908054e+00   4.0218278e-01  -3.3549328e-01   7.6132930e-03   1.6611326e-02  -4.9868798e-03
   1.3810389e+00   4.4315328e-01  -3.1746527e-01   7.8395498e-03   1.6486587e-02  -4.5020967e-03
   1.4051481e+00   4.1386772e-01  -3.7246342e-01   7.2628948e-03   1.6289437e-02  -4.4325516e-03
   1.4113848e+00   4.2760333e-01  -3.3163714e-01   7.6030064e-03   1.6217612e-02  -4.2236654e-03
   1.4147844e+00   4.1395846e-01  -3.4553663e-01   7.1532667e-03   1.6605949e-02  -4.1626952e-03
   1.4177113e+00   4.2616147e-01  -3.4034627e-01   7.2837015e-03   1.6724183e-02  -4.1745025e-03
   1.4050738e+00   4.1842883e-01  -3.4826668e-01   6.4199340e-03   1.6287009e-02  -4.2434159e-03
   1.4272879e+00   3.6505776e-01  -3.3966698e-01   5.5538385e-03   1.6885448e-02  -4.1322429e-03
   1.4403194e+00   3.8805418e-01  -3.3357270e-01   6.3148205e-03   1.6552923e-02  -4.0339063e-03
   1.4564990e+00   3.8042573e-01  -3.4026062e-01   6.3620536e-03   1.6933162e-02  -3.8664771e-03
   1.4416387e+00   4.0539297e-01  -3.7135235e-01   6.7457565e-03   1.6422170e-02  -3.5787583e-03
   1.4464654e+00   4.1503668e-01  -3.6128354e-01   6.5422078e-03   1.6654997e-02  -3.4126411e-03
   1.4878497e+00   3.8690041e-01  -3.5114159e-01   6.4539121e-03   1.7372097e-02  -3.4334745e-03
   1.4799625e+00   3.8302854e-01  -3.6917547e-01   6.1451314e-03   1.6843463e-02  -3.2762430e-03
   1.4834195e+00   4.0601314e-01  -3.6014509e-01   6.8892702e-03   1.6657112e-02  -3.3929317e-03
   1.4498068e+00   3.8249874e-01  -3.6802271e-01   6.0865821e-03   1.6409497e-02  -3.2670927e-03
   1.4728427e+00   3.9968427e-01  -3.4534562e-01   6.2077456e-03   1.7334664e-02  -3.8701710e-03
   1.4579861e+00   3.7125097e-01  -3.5982112e-01   6.2725958e-03   1.7303740e-02  -4.0892044e-03
   1.4471431e+00   4.3493224e-01  -4.0903169e-01   6.7145453e-03   1.6630604e-02  -3.4733153e-03
   1.5132197e+00   4.1359319e-01  -4.6181520e-01   6.5766760e-03   1.7650088e-02  -3.4546554e-03
   1.4767036e+00   4.1607652e-01  -3.5100398e-01   6.7797749e-03   1.7219458e-02  -3.6361213e-03
   1.4574931e+00   4.9843591e-01  -3.1033283e-01   8.2008701e-03   1.6954531e-02  -3.4376439e-03
   1.4898490e+00   3.9449693e-01  -2.9021766e-01   6.4069308e-03   1.7700615e-02  -3.7199008e-03
   1.4669992e+00   4.3083293e-01  -3.3409169e-01   7.5416753e-03   1.7192563e-02  -3.5686049e-03
   1.5364495e+00   4.0277074e-01  -2.7367492e-01   6.5371240e-03   1.8443658e-02  -3.3943754e-03
   1.5736379e+00   3.5530475e-01  -2.7884821e-01   6.2443370e-03   1.9155055e-02  -3.3870257e-03
   1.5794296e+00   3.9388249e-01  -2.9075391e-01   6.6776005e-03   1.8829673e-02  -3.3951486e-03
   1.5777855e+00   3.3298469e-01  -2.2913399e-01   7.6364006e-03   1.8953918e-02  -3.0315362e-03
   1.5515951e+00   4.8203456e-01  -2.4350632e-01   9.0034798e-03   1.9018791e-02  -3.6866371e-03
   1.5408220e+00   4.4335597e-01  -2.4683350e-01   8.7692090e-03   1.8182725e-02  -3.6028122e-03
   1.5490499e+00   4.7192850e-01  -2.3427446e-01   8.4107915e-03   1.8483931e-02  -3.3211865e-03
   1.5944382e+00   4.2561085e-01  -2.6869072e-01   7.7798559e-03   1.8767601e-02  -3.4328119e-03
   1.5630228e+00   4.5908354e-01  -2.5954183e-01   8.5427553e-03   1.8425757e-02  -3.6747874e-03
   1.5576753e+00   4.5761949e-01  -2.5401276e-01   8.6149706e-03   1.8662280e-02  -3.5369369e-03
   1.5846928e+00   4.5964900e-01  -2.7204729e-01   8.8270676e-03   1.8798235e-02  -3.6332650e-03
   1.5542867e+00   5.1602840e-01  -3.4878038e-01   8.7057757e-03   1.7416021e-02  -3.3105168e-03
   1.5269212e+00   4.5631193e-01  -3.1267031e-01   7.0403465e-03   1.7694641e-02  -2.9876660e-03
   1.5136605e+00   4.3679774e-01  -3.9189014e-01   7.2311145e-03   1.7187489e-02  -2.9795842e-03
   1.4959751e+00   4.4248605e-01  -3.6864749e-01   7.0273286e-03   1.6723311e-02  -2.6802717e-03
   1.5472621e+00   3.9972633e-01  -3.7402298e-01   6.6742916e-03   1.7549272e-02  -2.6466807e-03
   1.4953790e+00   4.2878425e-01  -3.8153014e-01   7.0236226e-03   1.6657056e-02  -2.7020531e-03
   1.5215970e+00   4.3459150e-01  -3.4795574e-01   6.9454074e-03   1.7422470e-02  -2.8022500e-03
   1.5326535e+00   4.1112001e-01  -3.7090519e-01   6.7719911e-03   1.7575844e-02  -2.8464689e-03
   1.4767214e+00   4.0558014e-01  -4.1111366e-01   6.7832118e-03   1.6397533e-02  -2.7293181e-03
   1.4986604e+00   4.0811029e-01  -3.5977016e-01   6.0602581e-03   1.7233666e-02  -2.6729768e-03
   1.5070372e+00   3.4297221e-01  -4.0293003e-01   5.3271232e-03   1.7352208e-02  -3.3415569e-03
   1.4637853e+00   4.1723647e-01  -4.0479015e-01   5.0999284e-03   1.6252390e-02  -2.8170069e-03
   1.4867911e+00   3.2855067e-01  -3.7691475e-01   3.4841948e-03   1.6791398e-02  -2.7368147e-03
   1.5183280e+00   2.8200130e-01  -4.1397711e-01   3.8729025e-03   1.6757578e-02  -2.7772133e-03
   1.5075705e+00   3.2268796e-01  -3.7393784e-01   4.2457146e-03   1.6451193e-02  -3.0066934e-03
   1.5052580e+00   2.6611224e-01  -4.0315997e-01   3.6065850e-03   1.6915945e-02  -3.0127414e-03
   1.5154696e+00   3.7914486e-01  -4.3597683e-01   4.9525626e-03   1.6392968e-02  -2.4316875e-03
   1.5552310e+00   2.9757643e-01  -3.9927870e-01   4.0235395e-03   1.7312636e-02  -2.1923068e-03
   1.5461256e+00   3.2733153e-01  -3.8422876e-01   4.0141226e-03   1.7138205e-02  -2.4101214e-03
   1.5434719e+00   3.1499394e-01  -4.3845013e-01   3.8290884e-03   1.6597867e-02  -1.9676189e-03
   1.5445189e+00   2.9904355e-01  -4.4540313e-01   3.3051458e-03   1.6700909e-02  -2.0251541e-03
   1.5567824e+00   3.4979384e-01  -4.1528081e-01   4.1616758e-03   1.6756381e-02  -2.1221497e-03
   1.5524744e+00   3.0696869e-01  -4.0395623e-01   4.0162828e-03   1.8150019e-02  -3.8445868e-03
   1.1552589e+00   5.0737359e-01   2.9406607e-01   6.1223347e-03   1.4231101e-02  -3.2258572e-03
   1.1488156e+00   3.0564799e-01  -3.6435055e-02   6.4562991e-03   1.4241467e-02  -2.0439909e-03
   1.1777738e+00   3.8522956e-01   2.6055784e-02   5.3037814e-03   1.4349421e-02  -1.7651138e-03
   1.2216081e+00   3.3542942e-01  -1.1641605e-01   6.4167961e-03   1.4775520e-02  -2.0216757e-03
   1.3408596e+00   4.0280759e-01  -7.7472004e-02   5.8895935e-03   1.6739325e-02  -2.8657166e-03
   1.2423139e+00   3.7155529e-01  -5.7980510e-02   5.8238960e-03   1.5918118e-02  -2.7384090e-03
   1.2253831e+00   3.2995348e-01  -1.4590770e-02   4.8238227e-03   1.5716913e-02  -2.1552371e-03
   1.2839391e+00   2.4748472e-01  -3.4034386e-02   3.3533826e-03   1.5871730e-02  -2.4636441e-03
   1.2441576e+00   2.9596838e-01  -6.2164277e-03   4.1661140e-03   1.6160630e-02  -2.4166568e-03
   1.1522477e+00   3.1698963e-01   6.9058057e-02   4.2723005e-03   1.5327533e-02  -1.7853830e-03
   1.5279848e+00  -2.2268766e-02  -5.5134131e-02  -2.4304077e-03   2.2555003e-02  -6.2117442e-03
   8.7436453e-01  -2.7097417e+00  -2.1280105e+00  -5.7482872e-02  -1.6614466e-03  -3.4822117e-02
   1.3546632e+00  -5.4055780e-01  -1.8789343e+00  -1.8546795e-02   9.0834194e-03  -1.7103164e-02
   1.3999397e+00  -6.8839094e-01  -2.2772909e+00  -2.2558861e-02   9.9934827e-03  -1.6220593e-02
   1.3465342e+00  -7.8420141e-01  -2.1459901e+00  -2.3026168e-02   9.2554001e-03  -1.5210317e-02
   1.4524015e+00  -7.9603267e-01  -2.2089738e+00  -2.5343222e-02   1.0018045e-02  -1.5432715e-02
   1.4784814e+00  -7.9914388e-01  -2.2220139e+00  -2.5184600e-02   9.8158439e-03  -1.4726835e-02
   1.4958195e+00  -8.3306648e-01  -2.1721561e+00  -2.6173002e-02   1.0310444e-02  -1.5141264e-02
   1.6452577e+00  -5.8287647e-01  -1.8994361e+00  -2.0312942e-02   1.3489044e-02  -1.6022512e-02
   1.5930833e+00  -5.4048004e-01  -1.9896017e+00  -1.8935853e-02   1.3339296e-02  -1.5065579e-02
   1.6229628e+00  -6.7333407e-01  -2.0881976e+00  -2.1298040e-02   1.2322729e-02  -1.4748868e-02
   1.6613538e+00  -6.2140409e-01  -2.0419977e+00  -2.1474221e-02   1.3077052e-02  -1.4716133e-02
   1.7003049e+00  -5.5473588e-01  -2.0384887e+00  -1.7821619e-02   1.5310023e-02  -1.5256255e-02
   1.4863941e+00  -4.3727191e-01  -1.9467703e+00  -1.5820322e-02   1.3109870e-02  -1.4089997e-02
   1.4087691e+00  -3.6397151e-01  -2.2728431e+00  -1.5552613e-02   1.3959447e-02  -1.4598519e-02
   1.5092141e+00  -4.5876924e-01  -2.0935920e+00  -1.5370367e-02   1.4335857e-02  -1.3094382e-02
   1.4918399e+00  -4.3131983e-01  -2.1220207e+00  -1.4756095e-02   1.3477175e-02  -1.2412327e-02
   1.5397171e+00  -4.5193466e-01  -2.0975985e+00  -1.5449166e-02   1.3806895e-02  -1.2226319e-02
   1.5186645e+00  -5.0856993e-01  -2.0217977e+00  -1.7017371e-02   1.3963560e-02  -1.1844854e-02
   1.5134574e+00  -4.9890284e-01  -2.0273891e+00  -1.7123439e-02   1.3854963e-02  -1.1236030e-02
   1.5800844e+00  -6.4815259e-01  -2.0406473e+00  -1.8360795e-02   1.4221944e-02  -1.1463141e-02
   1.6741996e+00  -5.4803759e-01  -2.0935115e+00  -1.8575325e-02   1.5153726e-02  -1.1408665e-02
   1.6673188e+00  -4.3166205e-01  -2.0251880e+00  -1.6542982e-02   1.5217462e-02  -1.1176888e-02
   1.6682633e+00  -5.4899649e-01  -2.0756550e+00  -1.8510878e-02   1.4706731e-02  -1.1100742e-02
   1.6809479e+00  -5.2436486e-01  -2.0098459e+00  -1.8713170e-02   1.5326955e-02  -1.0937190e-02
   1.6892949e+00  -6.0144662e-01  -2.0841076e+00  -1.9166774e-02   1.5226616e-02  -1.1013684e-02
   1.6388872e+00  -5.5255434e-01  -2.0466488e+00  -1.9122393e-02   1.4715235e-02  -1.0739891e-02
   1.6765643e+00  -6.0168792e-01  -2.1090704e+00  -1.9719545e-02   1.5073816e-02  -1.0898616e-02
