   0.0000000e+00  -1.4210855e-14   0.0000000e+00   0.0000000e+00   0.0000000e+00  -6.9388939e-18
  -1.5316740e-02   3.7193372e-02   4.9279336e-02   8.9617749e-04   1.5878421e-04   2.8394719e-04
  -2.0598877e-02   6.0933787e-02   1.2109553e-01   1.0104284e-03   6.0048588e-04   4.5321757e-04
  -2.7476565e-02   5.3253706e-02   8.4243360e-02   1.0858011e-03   6.1583794e-04   3.3173022e-04
  -3.5629038e-02   7.8623779e-02   1.1372716e-01   9.4511017e-04   6.0746009e-05   2.2109237e-04
  -3.2080986e-02   5.6586057e-02   9.1706415e-02   1.3618213e-03   6.5514076e-05   1.9400588e-04
  -3.4625857e-02   5.0525702e-02   1.0044354e-01   8.3348760e-04   3.8459320e-04   2.6962507e-04
  -3.1071388e-02   5.5175388e-02   7.8569869e-02   1.5352408e-03   4.7166298e-04   2.9366485e-04
  -3.3454291e-02   9.8781995e-02   1.2632059e-01   1.5790454e-03   5.2336647e-06   3.3386417e-04
  -3.7017733e-02   9.0588102e-02   1.1687847e-01   1.0266130e-03   3.3246276e-04   5.5163411e-04
  -3.9995888e-02   8.0446011e-02   9.4548206e-02   1.2957528e-03   5.8230436e-04   2.8500352e-04
  -3.8128813e-02   1.0271572e-01   1.2579818e-01   1.2699837e-03   5.1088953e-04   3.5737720e-04
  -3.1180099e-02   9.1970198e-02   1.3973423e-01   1.0716170e-03   4.6010768e-04   2.9255501e-04
  -3.4363171e-02   7.8778428e-02   1.5358083e-01   1.7117892e-03   4.0270006e-04   2.4666902e-04
  -3.3530461e-02   6.3797571e-02   1.2590610e-01   1.4790938e-03   4.4769724e-04   2.9883687e-04
  -3.3239230e-02   4.9658695e-02   6.7221095e-02   1.5127833e-03   4.8953526e-04   4.0074259e-04
  -3.5967381e-02   1.0915198e-01   1.3900968e-01   1.7688936e-03   5.0431472e-04   4.5811708e-04
  -3.4843621e-02   8.5577065e-02   1.2190408e-01   1.7996744e-03   5.3762499e-04   3.3397053e-04
  -3.4636212e-02   9.3954401e-02   1.1999057e-01   1.9890991e-03   3.3993593e-04   1.7666969e-04
  -4.0572896e-02   1.2216510e-01   1.5238303e-01   9.3174419e-04   4.2648793e-04   3.7626574e-04
  -4.5911004e-02   9.8862316e-02   1.3512662e-01   1.4625241e-03   3.8468394e-04   2.9040182e-04
  -3.9995506e-02   1.1400454e-01   1.6113783e-01   1.8905939e-03   7.3853556e-04   3.3115833e-04
  -4.3052448e-02   1.1240274e-01   1.8146719e-01   1.6477779e-03   6.9500986e-04   4.4786167e-04
  -3.4607004e-02   1.0029695e-01   1.6992261e-01   9.2133785e-04   4.8979875e-04   2.6182131e-04
  -3.6576668e-02   7.5218975e-02   1.2801614e-01   1.6684272e-03   5.8076518e-04   3.6359724e-04
  -4.0514856e-02   1.2571473e-01   1.8334779e-01   1.5131954e-03   8.2682930e-04   3.2913810e-04
  -4.0291268e-02   1.0482495e-01   1.5713259e-01   8.2085719e-04   4.0407606e-04   2.4628611e-04
  -3.5550439e-02   4.0265624e-02   5.7322084e-02   1.6085419e-03  -2.1531737e-04  -4.0349633e-04
  -1.9329263e-02   5.1273285e-02   3.4081215e-02   2.5474437e-03   1.7730185e-04  -2.7269824e-04
  -2.9632576e-02   5.6319813e-02   5.8321924e-02   2.4605611e-03   5.3984382e-04   8.2860634e-05
  -2.6116442e-02   7.4666457e-03  -4.9569899e-03   2.4197524e-03   2.3609845e-04  -5.3014929e-04
  -3.0633290e-02   1.0034416e-01   6.2902264e-02   2.7822352e-03   3.0500701e-04  -1.4094957e-04
  -3.3763933e-02   7.9225793e-02   5.2955620e-02   3.0593473e-03   7.4682764e-04   8.2997148e-06
  -2.8187381e-02   1.1920173e-01   6.6176701e-02   3.5626823e-03   1.0461245e-03  -9.9364411e-05
  -2.9671793e-02   1.1483393e-01   5.8696960e-02   3.0572383e-03   5.6421495e-04   9.9604251e-06
  -2.8329187e-02   7.5958417e-02   5.2821232e-02   2.4935718e-03   9.4737789e-04  -2.7838810e-05
  -2.7064764e-02   8.1356030e-02   5.5389750e-02   3.0324995e-03   7.7561073e-04   2.4996101e-06
  -2.7076982e-02   9.6977105e-02   1.0033446e-01   3.3122004e-03   1.0674241e-03   1.6694748e-04
  -3.0934881e-02   7.5495689e-02   5.7869975e-02   3.1043621e-03   7.6233528e-04   7.1330059e-05
  -3.1753924e-02   1.0728329e-01   7.4424149e-02   2.8956163e-03   9.3946682e-04   1.9372518e-04
  -2.9013741e-02   1.1504477e-01   7.7666080e-02   3.0765497e-03   1.0450642e-03   2.2827808e-04
  -2.7306693e-02   9.8734532e-02   5.1863646e-02   3.1286000e-03   1.0290858e-03   9.7864809e-05
  -1.8267204e-02   8.8272590e-02   6.0763208e-02   2.4269975e-03   1.0284455e-03   2.0837788e-05
  -1.6736997e-02   1.0250713e-01   6.1528761e-02   3.1205264e-03   1.1065701e-03   7.3924810e-06
  -2.6305531e-02   1.2636886e-01   8.0749188e-02   2.8748594e-03   8.4589073e-04   5.5047068e-05
  -2.6969317e-02   1.1533303e-01   7.7968027e-02   2.3286728e-03   1.0296956e-03   1.0498470e-04
  -2.1805785e-02   8.3952046e-02   5.2076116e-02   2.7557851e-03   1.3442942e-03   1.6830294e-04
  -2.7718438e-02   1.2814838e-01   6.6369840e-02   2.8950418e-03   1.0111855e-03   3.0838225e-04
  -1.1662508e-02   1.2614850e-01   8.2959457e-02   2.8671981e-03   1.3657953e-03   4.8731249e-04
  -7.3485532e-03   8.9976919e-02   5.5194839e-02   2.3763968e-03   6.5962666e-04   1.7725578e-04
  -1.1899636e-02   1.5408495e-01   1.0276072e-01   3.3159992e-03   5.6358202e-04   3.5542223e-04
   1.1808190e-02  -3.4356113e-04  -1.1890452e-01   3.4261295e-03  -2.9598811e-04  -3.1991027e-04
   2.3757475e-02   8.7548577e-02  -1.2447701e-01   4.0484539e-03   1.3866976e-04  -2.5773695e-04
   3.7698319e-02   1.0748461e-01  -8.5205442e-02   3.7088624e-03  -2.3608782e-04  -5.0331274e-04
   2.9548842e-02   1.1397737e-01  -5.8800072e-02   3.3946822e-03   2.3381348e-05  -5.4623665e-04
   3.1197272e-02   7.4747458e-02  -6.2021724e-02   3.8706121e-03   9.9999508e-05  -4.6435742e-04
   2.0231885e-02   1.0251674e-01  -3.8085184e-02   3.8544333e-03  -1.4272490e-04  -5.5789048e-04
   1.0557302e-02   7.4231580e-02  -5.4885307e-02   3.6043564e-03   5.5243044e-04  -1.6607276e-04
   8.8501274e-03   1.0079747e-01  -5.3870035e-02   3.9842111e-03   8.9971982e-04  -1.0102896e-04
   1.7864585e-02   1.3143613e-01   5.4241745e-03   4.1588119e-03   1.1028672e-03  -4.2124188e-05
   1.6916600e-02   1.3126465e-01  -7.0284607e-03   3.4988806e-03   1.2225223e-03  -2.6694293e-04
   1.6258253e-02   1.7934215e-01   1.2748267e-02   2.1702088e-03   2.3003668e-03  -6.9608187e-04
   3.4275511e-02   1.1408857e-01   4.3206318e-03   2.2748778e-03   2.3365594e-03  -8.4677954e-04
   2.6424369e-02   1.1430804e-01   1.9494068e-03   3.2237001e-03   2.5118782e-03  -6.9771508e-04
   3.1239526e-02   1.3383311e-01   3.9681933e-02   3.3531998e-03   2.0228042e-03  -9.0908784e-04
   2.2388061e-02   1.6151066e-01   5.1240753e-02   2.9554759e-03   1.9268679e-03  -3.2530288e-04
   3.7929191e-02   1.2849360e-01   4.8432159e-02   2.7271316e-03   2.0472878e-03  -5.0263731e-04
   2.8373781e-02   1.4194308e-01   5.1600044e-02   2.9965301e-03   2.0169353e-03  -5.5677398e-04
   2.3077078e-02   1.5511510e-01   5.3350545e-02   3.3658179e-03   1.7136903e-03  -7.4945302e-04
   1.7715259e-02   1.4253197e-01   5.4680746e-02   3.0579355e-03   1.9797406e-03  -4.3379357e-04
   9.5126542e-03   1.4313806e-01   9.2535439e-02   3.2985006e-03   2.0631272e-03  -2.3700326e-04
   4.8120554e-03   1.6433304e-01   1.1192676e-01   2.6237165e-03   2.1136861e-03  -1.5712944e-05
   1.6429435e-02   1.3933938e-01   7.1194366e-02   2.9524255e-03   2.1325144e-03  -2.1237229e-04
   1.2893468e-02   1.3569065e-01   3.2790501e-02   3.3602634e-03   2.5576787e-03  -8.4685460e-05
   1.9040213e-02   1.6327469e-01   5.4722886e-02   2.9872652e-03   2.7347923e-03   2.1559208e-04
   1.4208090e-02   1.7208675e-01   7.5874744e-02   4.0327595e-03   2.3742505e-03   2.4484308e-04
   9.1009190e-03   9.2656443e-02   2.0740853e-02   4.1918024e-03   2.6076901e-03   2.2596303e-04
   7.1602608e-03   1.8583871e-01   1.0189482e-01   3.7932736e-03   2.5366907e-03   4.1309248e-04
   1.3942762e-02   1.1762374e-01   3.5395962e-02   3.8041836e-03   2.1747021e-03   6.5103063e-05
   7.7571654e-03   1.8630738e-01   9.8422573e-02   3.1614782e-03   2.2057731e-03   2.4137193e-04
   1.1885046e-02   1.4010493e-01   8.6281543e-02   3.3963482e-03   2.6130833e-03   2.1037993e-04
   5.8180455e-03   1.5550250e-01   6.8402761e-02   3.7602024e-03   2.6833669e-03   2.3753598e-04
   4.7385966e-03   1.4742134e-01   7.4586791e-02   3.7293751e-03   2.3004774e-03   1.4285615e-04
  -2.4811677e-03   1.5719196e-01   8.1470123e-02   3.5340122e-03   2.4581807e-03   3.0943230e-04
  -3.4038399e-04   1.5755162e-01   7.5842245e-02   3.5688530e-03   2.7046592e-03   3.4722328e-04
  -6.6244155e-03   1.7411378e-01   8.5551819e-02   4.1036374e-03   2.9129875e-03   3.0516423e-04
  -6.4743087e-03   1.7719732e-01   1.1841545e-01   4.2158981e-03   2.4158423e-03   5.6943812e-04
   5.0400497e-03   1.8520165e-01   1.3241089e-01   3.4788248e-03   2.2777251e-03   5.4504796e-04
   9.1495217e-03   1.5878880e-01   1.2002698e-01   3.2438014e-03   2.7826954e-03   3.6724723e-04
   9.8389763e-03   1.5530334e-01   9.0021500e-02   3.6051482e-03   2.9924438e-03   3.8847504e-04
   9.4958664e-03   1.8721995e-01   9.4573197e-02   3.5259825e-03   2.6682753e-03   3.6509710e-04
   6.6320612e-03   1.5038495e-01   8.1002349e-02   3.5263138e-03   2.9126948e-03   4.4549529e-04
   7.4852660e-03   1.5567226e-01   8.7497014e-02   3.6253537e-03   3.0796040e-03   5.0847988e-04
   7.5816632e-03   1.8828504e-01   1.3495696e-01   3.5970800e-03   2.5888683e-03   4.9148218e-04
   5.8231237e-03   1.9097604e-01   1.4648094e-01   3.0385284e-03   2.3296230e-03   7.8807203e-04
   9.1720487e-03   1.6603535e-01   1.1267634e-01   3.7192026e-03   2.8110444e-03   6.0258943e-04
   7.3139743e-03   1.6876019e-01   1.3358928e-01   3.8279640e-03   2.6307066e-03   3.7743430e-04
   6.6667651e-03   1.7123227e-01   1.3845883e-01   2.9358646e-03   2.6549092e-03   4.4222621e-04
   1.5960224e-02   1.6685870e-01   1.1818884e-01   3.8319602e-03   2.8823298e-03   5.6153618e-04
   1.1933513e-02   2.0284306e-01   1.4037447e-01   3.2935753e-03   2.3355543e-03   6.3136976e-04
   1.3035647e-02   1.5856821e-01   1.1155814e-01   3.0142849e-03   2.6070781e-03   7.6068049e-04
   1.1840792e-02   1.5835917e-01   1.2485125e-01   3.3559291e-03   2.8884951e-03   7.3418825e-04
   5.9774712e-03   1.5939157e-01   1.1336330e-01   3.1007218e-03   2.4046288e-03   5.9232538e-04
   7.1344308e-03   1.7908130e-01   1.3707582e-01   3.8101031e-03   2.8744546e-03   7.8814438e-04
   3.8566418e-03   1.7966842e-01   1.3539423e-01   3.5506343e-03   2.7745749e-03   8.2851863e-04
   6.1494292e-03   1.8760540e-01   1.3202654e-01   3.4026282e-03   2.4362493e-03   7.0759020e-04
   3.4422241e-03   1.8179106e-01   1.4196826e-01   2.8048517e-03   2.9561437e-03   7.5227911e-04
   1.4556119e-02   1.7461248e-01   1.2549379e-01   3.6491899e-03   2.4862420e-03   7.1707073e-04
   3.1705594e-03   1.5631326e-01   6.6553269e-02   3.7350565e-03   2.7043940e-03   5.5524703e-04
  -8.3309457e-03   1.7176713e-01   1.2107629e-01   3.4557260e-03   2.7391220e-03   7.0480908e-04
  -1.9581680e-02   1.6677004e-01   1.0253812e-01   3.1128352e-03   2.2964007e-03   6.6042079e-04
  -1.4532998e-02   2.0615434e-01   1.3328989e-01   3.7487945e-03   2.3663912e-03   8.4144080e-04
  -2.2627846e-02   2.0590427e-01   1.4598807e-01   3.0208290e-03   2.4708142e-03   8.5806982e-04
  -2.0484198e-02   1.6040115e-01   1.1406306e-01   2.6765860e-03   2.1111241e-03   6.9810917e-04
  -2.6118022e-02   1.6459062e-01   1.2648930e-01   2.7586426e-03   2.3805371e-03   8.2352023e-04
  -1.7493026e-02   1.7929669e-01   1.2564374e-01   3.9199904e-03   2.4792151e-03   9.4781647e-04
  -2.0524615e-02   2.1613214e-01   1.2538920e-01   3.4235366e-03   1.9999501e-03   9.0572516e-04
  -1.3085006e-02   1.7620452e-01   1.4235830e-01   3.1816800e-03   2.3743310e-03   8.3808169e-04
  -1.2805987e-02   1.8179637e-01   1.1061695e-01   3.9332491e-03   2.5739884e-03   9.5374728e-04
  -2.2594003e-02   2.1022272e-01   1.5299343e-01   4.0510560e-03   2.6154137e-03   1.1202242e-03
  -2.3359043e-02   1.9099631e-01   1.5091736e-01   3.7095615e-03   2.2920987e-03   1.1932558e-03
  -1.6989985e-02   1.9150477e-01   1.4249557e-01   3.3734877e-03   2.4615407e-03   1.0179021e-03
  -1.7366194e-02   1.8317325e-01   1.2131489e-01   3.8790920e-03   2.4964075e-03   9.2675088e-04
  -2.2617283e-02   1.7438320e-01   1.3647698e-01   3.7337021e-03   2.1551694e-03   8.2833733e-04
  -1.7790260e-02   1.9838036e-01   1.6676389e-01   4.2534086e-03   2.4821945e-03   1.2457871e-03
  -1.2201113e-02   1.8658690e-01   1.4779112e-01   3.6849663e-03   2.6505219e-03   1.2120458e-03
  -7.3948254e-03   1.9329241e-01   1.5234145e-01   3.7302036e-03   2.4512428e-03   9.5953063e-04
  -1.6823788e-02   1.7909000e-01   1.4735872e-01   3.2156868e-03   2.6720856e-03   1.1964360e-03
  -1.7603552e-02   2.0771738e-01   1.5894028e-01   4.2731869e-03   2.2667121e-03   1.1837012e-03
  -2.0031884e-02   2.1013489e-01   1.4904251e-01   3.7260473e-03   2.4743539e-03   1.2731121e-03
  -2.0289288e-03   1.9180651e-01   1.1774435e-01   3.7269743e-03   2.3495403e-03   1.2313966e-03
   2.1190577e-03   1.9177232e-01   1.3839612e-01   4.0706209e-03   2.2399584e-03   1.0288887e-03
  -6.2981297e-03   1.8283608e-01   1.3349306e-01   3.6999390e-03   2.4789485e-03   1.2758973e-03
  -9.2969255e-04   2.1456399e-01   1.4195945e-01   4.5942001e-03   2.6920092e-03   1.2144409e-03
  -8.5816145e-03   2.2622495e-01   1.5769575e-01   3.8367365e-03   2.3085342e-03   1.2355929e-03
  -7.0137851e-03   2.2286717e-01   1.6898846e-01   3.2896952e-03   2.6421768e-03   1.3114987e-03
   1.0290120e-02   1.7248820e-01   1.3083289e-01   3.5733390e-03   2.8296382e-03   1.1598019e-03
   2.0788929e-02   1.9445595e-01   1.3770943e-01   4.0076899e-03   2.6272192e-03   1.2266714e-03
   9.6034208e-03   2.2881223e-01   1.8735574e-01   3.4845666e-03   2.5985057e-03   1.2552739e-03
   2.6928137e-02   1.7939538e-01   2.4192299e-01   2.9948636e-03   3.8014679e-04   6.4443647e-04
   5.5465937e-02   1.6099591e-01   1.5837825e-01   3.2199874e-03   1.0010794e-03   6.0467330e-04
   4.1829896e-02   2.1243531e-01   1.7017160e-01   3.2419709e-03   1.0718699e-03   4.2013590e-04
   4.5406413e-02   2.0191140e-01   1.7211022e-01   3.4988782e-03   1.2531530e-03   4.4615873e-04
   3.7659587e-02   2.5018968e-01   2.3700731e-01   3.5131116e-03   1.7541409e-03   7.2721989e-04
   3.2724404e-02   2.1819707e-01   2.4838245e-01   3.0389272e-03   2.1855569e-03   9.3044805e-04
   3.0235823e-02   2.1106081e-01   2.4068466e-01   3.2272825e-03   1.7655094e-03   9.0971481e-04
   2.6461127e-02   2.0054624e-01   2.2255269e-01   3.4310334e-03   2.0711292e-03   1.1463410e-03
   3.2496196e-02   2.2344206e-01   2.2724916e-01   3.6653658e-03   2.1373089e-03   1.2206299e-03
   2.4974252e-02   2.2852293e-01   2.5671346e-01   3.3455325e-03   1.6218211e-03   1.1889081e-03
   3.3385813e-02   1.9956058e-01   2.3486163e-01   3.6417009e-03   1.7166918e-03   8.6106969e-04
   3.0571633e-02   2.2425795e-01   2.2245284e-01   4.0224203e-03   2.0981302e-03   8.4095648e-04
   2.3660374e-02   2.4585339e-01   2.8201470e-01   3.2593071e-03   2.0379009e-03   1.3967454e-03
   2.1976992e-02   2.1763437e-01   2.6626782e-01   3.2411466e-03   2.2684885e-03   1.1331867e-03
   1.9948198e-02   2.2108761e-01   2.7091676e-01   3.3498104e-03   2.0422178e-03   1.0047848e-03
   2.5746659e-02   2.3580994e-01   2.6711810e-01   3.6371176e-03   1.9756569e-03   1.0089761e-03
   2.1748227e-02   2.6199258e-01   2.8317210e-01   3.3155088e-03   2.2133864e-03   1.2425957e-03
   2.0011682e-02   2.3262120e-01   2.6476291e-01   2.6281661e-03   2.5378673e-03   1.0287162e-03
   2.2742136e-02   2.1630861e-01   2.3794558e-01   2.9982662e-03   2.1140628e-03   1.0167532e-03
   1.8254126e-02   2.2587695e-01   2.4409862e-01   3.6030474e-03   2.7002202e-03   1.2902990e-03
   2.2594407e-02   2.7423476e-01   2.9630825e-01   3.1354224e-03   2.6894566e-03   1.3745805e-03
   2.8930706e-02   2.1121614e-01   2.6314450e-01   3.2018751e-03   2.4715112e-03   1.1009776e-03
   1.9854406e-02   2.1463590e-01   2.9346630e-01   3.4051404e-03   2.6441510e-03   1.4650120e-03
   1.7145845e-02   2.3144717e-01   3.0782154e-01   3.3184539e-03   2.6378844e-03   1.5028856e-03
   2.1718087e-02   2.3541345e-01   3.2060985e-01   3.6244755e-03   2.6301476e-03   1.5378287e-03
   2.2635288e-02   2.3024753e-01   3.2973278e-01   3.6792052e-03   2.3674047e-03   1.4054258e-03
   1.6453349e-02   2.4413616e-01   3.2986100e-01   2.7482265e-03   2.4091914e-03   1.5887240e-03
   2.1058984e-02   2.1545552e-01   3.0077199e-01   2.7587103e-03   2.8183870e-03   1.4672813e-03
   2.4843443e-02   2.4992124e-01   2.8423465e-01   3.3364915e-03   2.1557685e-03   1.2170323e-03
   2.0372543e-02   2.5843767e-01   2.9570565e-01   3.4318897e-03   2.3005967e-03   1.4205589e-03
   1.9562341e-02   2.4219976e-01   3.0100191e-01   3.3173426e-03   2.6206027e-03   1.7221570e-03
   1.1829024e-02   2.5602563e-01   3.5698610e-01   3.6740302e-03   2.2137107e-03   1.7182557e-03
   1.3909117e-02   2.5728303e-01   3.3716754e-01   3.3772352e-03   2.3882306e-03   1.6090327e-03
   1.2707852e-02   2.5821866e-01   3.4019211e-01   3.2423605e-03   2.8066001e-03   1.6103253e-03
   1.6063046e-02   2.4080392e-01   3.3461713e-01   3.8027469e-03   2.4358984e-03   1.4267987e-03
   1.1388262e-02   2.4433662e-01   3.2682913e-01   3.7562875e-03   2.6202490e-03   1.7026226e-03
   9.7777332e-03   2.6218778e-01   3.5243762e-01   3.4817683e-03   2.9671221e-03   1.5934928e-03
   6.7253950e-03   2.5965593e-01   3.5857658e-01   2.9835560e-03   2.5295108e-03   1.7633039e-03
   1.3383279e-02   2.2984254e-01   3.4133331e-01   2.7744794e-03   2.8755012e-03   1.8497260e-03
   9.2988424e-03   2.4460421e-01   3.2180627e-01   3.6973160e-03   2.9163261e-03   1.9022299e-03
  -1.1389168e-03   2.8710708e-01   3.5624542e-01   2.8267112e-03   2.6179031e-03   2.0378109e-03
   4.4127997e-03   2.3074088e-01   3.0407656e-01   2.6358516e-03   3.1667270e-03   1.8325689e-03
   9.8595694e-03   2.6858240e-01   3.1015731e-01   3.3769375e-03   2.7260994e-03   1.7738575e-03
   1.3115422e-02   2.6903171e-01   3.4467171e-01   3.1620829e-03   2.7235742e-03   2.0820430e-03
   1.1038832e-02   2.5322845e-01   3.6020707e-01   2.7611191e-03   2.9890035e-03   1.9963360e-03
   1.4126175e-02   2.1142851e-01   2.9929461e-01   2.9506139e-03   2.6029109e-03   1.2225085e-03
   1.2035420e-02   2.7689795e-01   2.8827870e-01   3.0188198e-03   1.9371776e-03   1.4679764e-03
   3.1767408e-02   2.2853423e-01   1.7859853e-01   3.1901204e-03   1.4257457e-03   9.4218520e-04
   2.8361447e-02   2.6463843e-01   1.9958676e-01   3.7480254e-03   1.9057007e-03   9.4717365e-04
   2.7903030e-02   2.9046747e-01   2.5872255e-01   3.3113589e-03   2.1168763e-03   1.2043491e-03
   2.4056834e-02   2.3949855e-01   2.6721417e-01   2.5998876e-03   1.8153311e-03   1.1931106e-03
   2.4855398e-02   2.4580761e-01   2.2745472e-01   3.5912559e-03   2.4272388e-03   1.2651104e-03
   2.1444016e-02   2.9306010e-01   2.4722657e-01   3.7480372e-03   2.1953458e-03   1.5356735e-03
   1.9844831e-02   2.7466183e-01   2.8267548e-01   3.0769009e-03   1.3676504e-03   1.4943588e-03
   2.8505721e-02   2.8030652e-01   3.6442983e-01   2.0146775e-03   1.3669209e-03   1.1108175e-03
   3.7322463e-02   2.6793043e-01   3.7100814e-01   2.7987588e-03   1.7425734e-03   1.3101470e-03
   3.7781976e-02   3.0228825e-01   3.7023727e-01   3.1680959e-03   1.6351855e-03   1.2986019e-03
   2.9077932e-02   3.1068298e-01   3.9255699e-01   2.6457609e-03   1.2819441e-03   1.3133887e-03
   3.1304064e-02   2.6810550e-01   3.7561196e-01   2.0753886e-03   1.7427862e-03   1.4064063e-03
   4.1606836e-02   2.8751477e-01   3.5245709e-01   3.0704704e-03   2.0357929e-03   1.4514919e-03
   3.8360593e-02   3.0501219e-01   3.9012989e-01   2.9868432e-03   1.5617160e-03   1.1514649e-03
   2.5628124e-02   2.8504559e-01   3.9118086e-01   2.5201804e-03   1.7034137e-03   1.6187208e-03
   2.4455667e-02   2.7866137e-01   4.0164140e-01   2.0639413e-03   1.8309883e-03   1.5947986e-03
   3.1996169e-02   2.6772650e-01   3.8455318e-01   2.4582700e-03   1.9833564e-03   1.2570952e-03
   1.8487409e-02   2.7746973e-01   3.3148422e-01   2.1957675e-03   1.6115072e-03   1.1591240e-03
   1.9351589e-02   3.1244760e-01   3.4595575e-01   2.6521928e-03   2.0866148e-03   1.3427323e-03
   1.9875648e-02   3.1058634e-01   3.6320996e-01   3.1025934e-03   2.2687624e-03   1.3560300e-03
   2.0447206e-02   3.0387277e-01   4.0280364e-01   2.0056899e-03   1.5088989e-03   1.3783463e-03
   2.5652329e-02   2.6006468e-01   3.5054475e-01   2.1446675e-03   1.8969751e-03   1.2113853e-03
   1.8156245e-02   2.8887510e-01   3.2685920e-01   2.3986114e-03   2.1793062e-03   1.0420545e-03
   1.9505814e-02   2.9965730e-01   3.5836551e-01   2.4341191e-03   1.7121336e-03   1.2542074e-03
   2.6338194e-02   3.0531069e-01   3.6809373e-01   1.6245105e-03   1.9212770e-03   1.1667584e-03
   2.8900491e-02   2.6373198e-01   3.2120484e-01   2.0433889e-03   2.3054378e-03   1.1747193e-03
   3.3726335e-02   3.1624362e-01   3.6196025e-01   2.5693952e-03   1.8950383e-03   1.1322198e-03
   2.5096689e-02   3.0118829e-01   3.6444113e-01   2.3553937e-03   1.6673612e-03   1.5194453e-03
   2.5313666e-02   2.9433618e-01   3.7076078e-01   2.0165196e-03   1.9101640e-03   1.4202609e-03
   2.2468647e-02   2.8788576e-01   3.6541150e-01   2.5646436e-03   1.8141914e-03   1.2516528e-03
   2.6141297e-02   3.2922448e-01   3.7572811e-01   2.8782094e-03   2.0605257e-03   1.5138898e-03
   2.3054667e-02   2.9549083e-01   3.7097577e-01   2.0197596e-03   2.3012398e-03   1.6359264e-03
   3.4826013e-02   2.9161488e-01   3.5618573e-01   2.4702657e-03   2.1226020e-03   1.4745162e-03
   3.2341804e-02   2.9849541e-01   3.5085047e-01   2.7349667e-03   1.6795469e-03   1.4503356e-03
   2.3617806e-02   2.9310484e-01   3.6110478e-01   2.2481105e-03   1.8769456e-03   1.6816444e-03
   3.3618932e-02   2.9211629e-01   3.3542298e-01   1.7625774e-03   1.4957814e-03   1.4121335e-03
   9.8206860e-02   3.7627843e-01   2.0418522e-01   2.5087873e-03   2.1320043e-04   7.6797552e-04
   1.0953476e-01   1.1452951e-01   5.3930858e-02   3.9509767e-03   3.8038262e-04   5.1693541e-04
   9.6813508e-02   3.0071302e-01   2.2772730e-01   3.6913991e-03  -7.1381481e-05   5.9625123e-04
   1.0277871e-01   2.6610060e-01   2.0729888e-01   4.0046108e-03   4.0708002e-04   4.0034371e-04
   1.0362719e-01   3.0435207e-01   2.6791642e-01   3.6885631e-03   2.1638885e-04   6.0858483e-04
   1.0631011e-01   2.5190486e-01   2.9826747e-01   3.6588667e-03  -1.2924904e-04   5.5541690e-04
   1.1290829e-01   2.8795402e-01   3.6201818e-01   4.1743706e-03   1.1389003e-04   8.3259319e-04
   9.2178374e-02   2.2315397e-01   3.5243140e-01   3.5961960e-03  -2.0339496e-04   1.3059483e-03
   9.1498842e-02   2.7757482e-01   3.8048225e-01   3.3550876e-03  -9.9395846e-04   1.2201055e-03
   9.5973233e-02   2.6936416e-01   3.7914690e-01   3.7078504e-03  -7.8595730e-04   9.5724094e-04
   9.0619659e-02   2.4904988e-01   3.6152268e-01   3.7129404e-03  -5.5643575e-04   1.0361810e-03
   9.4069120e-02   2.8326568e-01   3.5366539e-01   4.2240624e-03  -7.4419658e-04   1.0563028e-03
   8.8242761e-02   2.8982780e-01   3.7271977e-01   4.2736665e-03  -6.5952174e-04   1.2471107e-03
   8.6348742e-02   2.8747968e-01   3.7083799e-01   4.2531071e-03  -2.0514333e-04   1.2831982e-03
   8.8242304e-02   3.1938796e-01   4.0928717e-01   4.3699497e-03  -5.3240721e-04   1.1989650e-03
   9.4860100e-02   2.7458308e-01   3.9123192e-01   3.9870374e-03  -2.4824700e-04   1.2049928e-03
   9.1982282e-02   2.7321157e-01   3.5570856e-01   4.0949541e-03  -6.1579331e-05   1.2596570e-03
   8.8875993e-02   2.6818625e-01   3.6759256e-01   3.9601049e-03  -5.9149013e-04   1.0161162e-03
   9.6881121e-02   2.9296220e-01   4.1395668e-01   4.3317334e-03  -3.3604038e-04   1.3675262e-03
   1.1058646e-01   3.0309007e-01   4.2340428e-01   4.0142758e-03  -9.0436035e-05   1.4060816e-03
   1.0055537e-01   2.3528993e-01   3.4418813e-01   3.2769776e-03   5.9964512e-04   1.2904436e-03
   1.3297855e-01   2.7946697e-01   4.1232373e-01   4.0068272e-03   1.6492616e-04   1.8039670e-03
   1.1521266e-01   2.8324789e-01   4.4757674e-01   3.5927783e-03  -8.0386614e-05   1.5202235e-03
   1.1530380e-01   2.7449198e-01   4.0278573e-01   3.6919515e-03   4.5771959e-05   1.4291132e-03
   1.0739210e-01   2.5226417e-01   3.3196937e-01   3.6816621e-03   4.1741302e-04   1.4344804e-03
   1.1652371e-01   3.7410271e-01   4.1293525e-01   3.8605824e-03  -1.4486866e-04   1.6754188e-03
   1.1544130e-01   3.1842270e-01   3.8029106e-01   4.3449058e-03  -1.2784652e-04   1.9392543e-03
   1.2529573e-01   2.8082805e-01   3.9249909e-01   4.3815868e-03   1.9322601e-04   1.6299313e-03
   1.2704856e-01   2.7500463e-01   3.8367247e-01   4.7941339e-03  -2.8492652e-06   1.4859784e-03
   1.2471718e-01   3.0069122e-01   4.4351231e-01   4.7565223e-03  -1.9173259e-04   1.7817189e-03
   1.1240548e-01   3.2060083e-01   4.2994633e-01   3.9686645e-03   3.0026695e-05   1.9280065e-03
   1.1513251e-01   2.7162008e-01   3.9561254e-01   4.0197931e-03   4.7647790e-04   1.7486450e-03
   1.0826534e-01   3.0463763e-01   4.2361104e-01   3.6742123e-03   1.7814693e-04   1.9932796e-03
   1.1944188e-01   3.0319938e-01   3.7540069e-01   4.1608211e-03   1.4623534e-04   1.7261969e-03
   1.1219248e-01   2.9385787e-01   3.8256760e-01   4.2129980e-03   5.1372691e-04   1.6122256e-03
   1.2213223e-01   2.8244337e-01   3.8727480e-01   4.1933640e-03   6.6189504e-04   1.4821607e-03
   1.1970654e-01   3.2247283e-01   4.3414071e-01   3.7159245e-03  -6.8762336e-05   1.5640912e-03
   1.1439152e-01   2.8141683e-01   4.2199574e-01   3.4227411e-03   2.2571577e-04   1.7019898e-03
   1.2153150e-01   2.8977998e-01   4.1267297e-01   3.6442041e-03   3.5978702e-04   1.4875388e-03
   1.1364542e-01   3.1390291e-01   4.1123904e-01   3.7658594e-03   9.9484697e-05   1.4737337e-03
   1.0605509e-01   2.9020653e-01   4.1755775e-01   4.0110994e-03   2.7512050e-04   1.8807075e-03
   1.0082224e-01   3.0872701e-01   4.2697727e-01   3.6620862e-03   3.1162439e-04   1.8731667e-03
   1.0691515e-01   2.8597411e-01   3.8887702e-01   3.4649775e-03   4.3665429e-04   1.4611807e-03
   1.0064117e-01   3.0246892e-01   3.4941872e-01   3.5602351e-03   6.8760025e-04   1.6052531e-03
   1.0297262e-01   3.1348221e-01   3.5850826e-01   3.9837396e-03   8.2497868e-04   1.5376795e-03
   1.1100963e-01   3.2621543e-01   4.0919314e-01   3.8664069e-03   5.6771884e-04   1.5908674e-03
   9.7297269e-02   3.2605762e-01   4.0710196e-01   3.5009897e-03   6.8611529e-04   1.9804806e-03
   1.1150264e-01   2.0297589e-01   4.7907968e-02   3.4884572e-03  -1.1999800e-03   1.1369433e-03
   1.2340488e-01   1.9810130e-01  -3.5425445e-01   5.6029987e-03  -1.2527440e-03   1.9556383e-03
   1.1648289e-01   2.2663388e-01  -3.4083746e-01   6.3927324e-03  -1.1356330e-03   1.9400034e-03
   1.2210738e-01   2.9526142e-01  -2.3462211e-01   5.5367970e-03  -1.0797347e-03   2.0574675e-03
   1.3132892e-01   2.5226083e-01  -2.2188598e-01   5.9373690e-03  -7.5735217e-04   2.0834704e-03
   1.2979166e-01   2.4893362e-01  -2.3996575e-01   5.7723239e-03  -5.8496546e-04   2.0682313e-03
   1.3374304e-01   2.8591040e-01  -2.0793513e-01   6.3343236e-03  -1.0010285e-03   2.0966837e-03
   1.2048053e-01   2.9356639e-01  -1.6395682e-01   5.9435183e-03  -1.1114123e-03   2.5601397e-03
   1.2944425e-01   2.8743844e-01  -1.4835999e-01   5.1406557e-03  -9.0511105e-04   2.5922003e-03
   1.4382525e-01   2.6230627e-01  -2.0940462e-01   5.6327272e-03  -6.4692767e-04   2.3783755e-03
   1.4251483e-01   3.0981923e-01  -1.5178103e-01   5.3094651e-03  -8.6985456e-04   2.5151458e-03
   1.3610256e-01   2.8361955e-01  -1.8476278e-01   5.4046966e-03  -7.7209582e-04   2.7503689e-03
   1.4338504e-01   2.8984947e-01  -1.3167467e-01   4.7400933e-03  -7.8896764e-04   2.6843576e-03
   1.5649018e-01   3.2301519e-01  -1.0840208e-01   5.6581595e-03  -9.6679359e-04   2.3531513e-03
   1.5487377e-01   3.0962800e-01  -1.0462363e-01   5.5438728e-03  -1.1198347e-03   2.5137507e-03
   1.4336492e-01   3.0815080e-01  -8.7765842e-02   5.3877547e-03  -1.0671027e-03   2.7374110e-03
   1.4239432e-01   2.9042872e-01  -8.8422204e-02   5.0577569e-03  -9.0961644e-04   2.6319008e-03
   1.5176522e-01   3.0442474e-01  -9.2555227e-02   5.4866819e-03  -1.2099970e-03   2.5639301e-03
   1.4337135e-01   3.1930244e-01  -7.5404884e-02   5.7596528e-03  -9.4762994e-04   2.6689978e-03
   1.4628966e-01   3.0475200e-01  -6.7547855e-02   5.4229780e-03  -7.1211094e-04   2.5855310e-03
   1.5070910e-01   2.9557277e-01  -9.1254949e-02   5.2874608e-03  -5.6575635e-04   2.4111329e-03
   1.4416483e-01   3.2412248e-01  -7.6283133e-02   5.1068586e-03  -1.0240955e-03   2.4148045e-03
   1.4478921e-01   3.0159822e-01  -7.5495589e-02   4.9969099e-03  -9.9372558e-04   2.6316225e-03
   1.4418556e-01   2.9946481e-01  -8.4459868e-02   4.9175643e-03  -8.6659303e-04   2.6310917e-03
   1.4231588e-01   2.9269960e-01  -1.1473008e-01   5.5083167e-03  -9.3178531e-04   2.6466084e-03
   1.5343027e-01   3.3120916e-01  -6.0368371e-02   5.9507950e-03  -8.2274389e-04   2.8511989e-03
   1.5702773e-01   3.4134168e-01  -7.3441459e-02   6.0423383e-03  -4.9364090e-04   2.8864147e-03
   1.5270032e-01   3.5925333e-01  -9.5292528e-02   5.7343747e-03  -6.2107645e-04   2.6703717e-03
   1.3945055e-01   3.4043601e-01  -7.0384190e-02   5.7399313e-03  -6.0468310e-04   3.1769178e-03
   1.4956617e-01   3.2219644e-01  -6.1104590e-02   5.9173093e-03  -7.5834085e-04   2.9214704e-03
   1.6738839e-01   3.1571889e-01  -8.7007749e-02   5.7902462e-03  -4.9472422e-04   2.7737920e-03
   1.4770972e-01   3.3609280e-01   1.2052054e-02   4.3527847e-03  -3.1334169e-04   2.4649133e-03
   1.4662168e-01   3.4284856e-01   4.5675384e-02   5.3697036e-03  -3.6741932e-04   2.7164427e-03
   1.5395366e-01   3.5721496e-01   7.5878101e-02   5.7609538e-03  -3.6376297e-04   2.4268948e-03
   1.4320233e-01   3.5227252e-01   7.2516126e-02   5.1865619e-03  -3.1611217e-04   2.4919189e-03
   1.4102236e-01   3.5557170e-01   5.3008086e-02   5.5086629e-03   5.0438117e-05   2.3747397e-03
   1.4556776e-01   3.5351751e-01   8.3850066e-02   4.8119190e-03  -4.4185415e-04   2.4687428e-03
   1.4851736e-01   3.5347345e-01   5.5382721e-02   5.0694778e-03  -6.1496064e-04   2.5633620e-03
   1.4442262e-01   3.5739049e-01   3.0454017e-02   5.0705652e-03  -3.0993651e-05   2.3746676e-03
   1.4444148e-01   3.6146106e-01   6.6886590e-02   5.3643428e-03  -3.1014023e-05   2.6322823e-03
   1.4236951e-01   3.6811883e-01   9.6288265e-02   4.7222261e-03  -3.4988895e-04   2.6126310e-03
   1.3284991e-01   3.6385062e-01   7.8412603e-02   4.9352275e-03  -1.0946739e-04   2.7774498e-03
   1.3773100e-01   3.6002750e-01   9.4647588e-02   5.1717212e-03  -2.5434192e-05   2.4649270e-03
   1.3258675e-01   3.5964549e-01   7.7554561e-02   4.9705114e-03   6.3847834e-05   2.4030643e-03
   1.3449617e-01   3.6026108e-01   7.3346268e-02   5.5727464e-03   3.4190728e-04   2.5235502e-03
   1.3037558e-01   3.5000161e-01   8.4739210e-02   5.5350010e-03   1.4611386e-04   2.7044663e-03
   1.3087472e-01   3.9008493e-01   1.4089436e-01   4.9975830e-03   3.7989132e-04   3.0106940e-03
   1.4486483e-01   3.2730278e-01   7.2837870e-02   5.1151512e-03   4.1445753e-04   2.7100418e-03
   1.4875773e-01   3.7399348e-01   9.1802175e-02   5.7657793e-03   6.1303156e-04   2.8455338e-03
   1.4559354e-01   3.8585724e-01   1.3782757e-01   5.0335082e-03   6.1144543e-04   3.0879041e-03
   1.6096608e-01   3.3362862e-01   1.5262956e-01   4.9289646e-03   1.8201208e-04   2.7632994e-03
   1.5839634e-01   3.4520634e-01   1.4468124e-01   5.3564433e-03   3.9314943e-04   2.8654683e-03
   1.3921829e-01   3.4342734e-01   4.0634922e-02   5.5476590e-03  -7.3170685e-04   2.6423285e-03
   1.7824353e-01   3.7295093e-01   6.0701661e-03   5.3540426e-03  -1.2661393e-03   1.6372840e-03
   1.7651260e-01   3.5961099e-01   9.4960181e-03   5.6532136e-03  -1.2687181e-03   2.0963405e-03
   1.8874477e-01   3.7699782e-01   6.1044938e-02   6.1615272e-03  -3.0551380e-04   1.9592443e-03
   1.8526834e-01   3.7356206e-01   8.7838531e-02   5.5442092e-03  -8.0849894e-04   2.0063328e-03
   1.9034918e-01   3.5294532e-01   8.4051445e-02   5.5843541e-03  -5.6916099e-04   2.1758467e-03
   1.9317337e-01   3.3548970e-01   1.8941471e-02   6.0631193e-03   6.4774007e-05   1.8795376e-03
   1.8963672e-01   3.6781080e-01   5.5949302e-02   6.3680017e-03  -6.3329462e-05   1.8359188e-03
   1.8974717e-01   3.7399515e-01   8.6448493e-02   5.8495135e-03   8.8483236e-05   2.0738703e-03
   1.8559651e-01   3.6941922e-01   1.0190786e-01   5.6287281e-03   8.5188953e-05   2.3246284e-03
   1.8236834e-01   3.6216198e-01   1.1175472e-01   5.2195231e-03  -5.0648850e-05   2.1438967e-03
   1.8764499e-01   3.5880792e-01   7.6268314e-02   5.2938412e-03  -2.3824563e-04   1.7798345e-03
   1.7906583e-01   3.4593721e-01   5.5056674e-02   5.3028621e-03   6.0393762e-05   1.9115095e-03
   1.8507112e-01   3.5641225e-01   6.6257118e-02   6.0390516e-03   2.4533327e-04   1.8034780e-03
   1.8011966e-01   3.7548509e-01   7.6154484e-02   5.5876018e-03   2.3615637e-04   2.2358196e-03
   1.8420408e-01   3.5531946e-01   8.1568800e-02   5.5339132e-03   4.6634846e-04   2.2866852e-03
   1.9630415e-01   3.1026191e-01  -1.2362083e-01   7.8435252e-03  -2.9839867e-04   2.0320090e-03
   2.4815146e-01   1.9930814e-01  -4.9433866e-01   9.7663686e-03  -4.7100276e-04   1.7219644e-03
   2.3732688e-01   2.7778120e-01  -3.8695650e-01   9.1800717e-03  -5.6167977e-04   1.8844111e-03
   2.3697671e-01   2.7884440e-01  -3.8686359e-01   8.9183397e-03  -5.4893518e-05   1.6705256e-03
   2.3903301e-01   3.0317345e-01  -3.9750481e-01   9.4126561e-03   1.4934791e-04   1.5704922e-03
   2.3708363e-01   3.2039609e-01  -3.5615405e-01   9.0235486e-03  -3.3473521e-04   1.7788057e-03
   2.3474368e-01   2.8437998e-01  -4.0237929e-01   8.7772833e-03  -4.4934139e-04   1.5330695e-03
   2.3528160e-01   2.6672552e-01  -4.2846485e-01   8.6075910e-03  -5.3015702e-05   1.6906265e-03
   2.3861646e-01   3.1042464e-01  -3.7016306e-01   9.0880879e-03  -5.4299795e-04   1.5012860e-03
   2.4024574e-01   3.0342031e-01  -3.4991431e-01   8.0435324e-03  -7.3396142e-04   1.8375533e-03
   2.4138355e-01   2.5857170e-01  -4.1240011e-01   8.0892600e-03  -6.8946613e-05   1.7922506e-03
   2.3667448e-01   2.8302509e-01  -4.1559955e-01   8.8819497e-03  -5.7902778e-04   1.9805061e-03
   2.4046708e-01   3.0337779e-01  -3.9637373e-01   8.8216082e-03  -2.1479605e-04   2.2388567e-03
   2.3783282e-01   2.9065113e-01  -4.0909858e-01   7.8739992e-03  -4.7955407e-04   2.2790314e-03
   2.5377227e-01   2.5944085e-01  -4.5343859e-01   7.7470113e-03  -4.9723679e-04   1.8429130e-03
   2.5057392e-01   2.8267874e-01  -4.6188003e-01   8.8677458e-03  -5.8301162e-06   2.0758481e-03
   2.4673910e-01   3.0355830e-01  -3.9716628e-01   8.6115914e-03  -2.9260450e-04   2.3980920e-03
   2.4686229e-01   2.7551659e-01  -4.1417626e-01   7.7544941e-03  -6.0836758e-04   2.2957541e-03
   2.3010309e-01   2.0979392e-01  -4.4466991e-01   3.9095921e-03  -6.1965626e-04   3.6871318e-04
   2.0457710e-01   4.3722924e-01  -1.5854263e-01   5.6409675e-03  -1.2180485e-03   1.1888902e-03
   2.2069840e-01   3.6884217e-01  -1.4703273e-01   5.6140398e-03  -6.7910750e-04   1.4424254e-03
   2.3613379e-01   3.5722035e-01  -1.9654664e-01   5.7684155e-03  -8.3473513e-04   9.8751099e-04
   2.2866481e-01   3.5124243e-01  -1.8637569e-01   5.5924808e-03  -9.7464469e-04   9.1354286e-04
   2.1651879e-01   3.4814248e-01  -1.7815668e-01   5.1908011e-03  -1.0344749e-03   1.1455623e-03
   2.2569109e-01   3.6445042e-01  -1.7487989e-01   5.3506372e-03  -1.3379359e-03   1.1036572e-03
   2.2251110e-01   3.3532706e-01  -1.7887458e-01   5.7324291e-03  -1.0143550e-03   1.2181017e-03
   2.2747297e-01   3.2872141e-01  -2.4018011e-01   5.4848510e-03  -5.2079302e-04   8.2924958e-04
   2.3308779e-01   3.7660929e-01  -1.6782372e-01   5.4367054e-03  -9.0941076e-04   9.4031157e-04
   2.3740606e-01   3.5018079e-01  -1.7259600e-01   4.9824608e-03  -9.6767521e-04   1.1308169e-03
   2.4093278e-01   3.4051973e-01  -1.7723269e-01   5.2752042e-03  -8.9123629e-04   9.0018032e-04
   2.3569811e-01   3.3355053e-01  -1.6364913e-01   5.7469464e-03  -1.2647770e-03   9.8104201e-04
   2.2959852e-01   3.0473832e-01  -1.6667375e-01   4.9969313e-03  -1.3028081e-03   1.2116807e-03
   2.1522279e-01   3.3627574e-01  -1.6675257e-01   5.9425770e-03  -1.0806417e-03   1.6015192e-03
   2.1699289e-01   3.4345114e-01  -1.6592964e-01   5.8600265e-03  -1.2673384e-03   1.3439609e-03
   2.1490714e-01   3.4391491e-01  -1.8169697e-01   5.4759497e-03  -1.2942020e-03   1.3617536e-03
   2.2334937e-01   3.6263766e-01  -1.6455527e-01   5.1959581e-03  -1.1823481e-03   1.3603010e-03
   2.2960328e-01   3.2675018e-01  -2.3003202e-01   5.5094300e-03  -1.2279699e-03   1.0163694e-03
   2.2889510e-01   3.4552293e-01  -2.0196838e-01   5.1911076e-03  -1.6098277e-03   1.0007308e-03
   2.2355702e-01   3.3709181e-01  -1.8503383e-01   5.1098926e-03  -1.6159657e-03   1.4323320e-03
   2.2457878e-01   3.4507686e-01  -1.8643370e-01   5.5799272e-03  -1.0543177e-03   1.3543181e-03
   2.1823822e-01   3.4923716e-01  -2.1505240e-01   5.4174045e-03  -1.2694850e-03   1.1939021e-03
   2.0506336e-01   3.2940679e-01  -2.2800884e-01   5.1414588e-03  -1.8717651e-03   1.4125111e-03
   2.0980308e-01   3.4608247e-01  -2.1946537e-01   5.3016351e-03  -1.1328902e-03   1.2601334e-03
   2.1117610e-01   3.5712383e-01  -2.1345425e-01   5.2105729e-03  -1.4985201e-03   1.0277785e-03
