   0.0000000e+00   0.0000000e+00   0.0000000e+00   0.0000000e+00   0.0000000e+00   0.0000000e+00
   6.4468335e-03   1.9421773e-02   3.6122382e-02  -2.2331393e-04  -6.3670514e-05  -6.5462084e-05
   4.1473181e-02  -3.5254003e-02   9.2654700e-02  -1.2051853e-04  -1.8040348e-03  -1.5527770e-04
   4.1358634e-02   2.1733023e-02   1.1583349e-01   2.0328979e-03  -3.9903433e-04   1.5701175e-04
   2.7783633e-02   3.8510237e-02   2.4707026e-02   2.4214380e-03  -3.7248610e-04   2.7207998e-04
   1.5567214e-02   3.1294442e-02   4.8543483e-02   1.9096643e-03  -2.2695902e-04   3.7468681e-04
   8.2831072e-03   3.2387914e-02   1.2844858e-02   2.7718571e-03  -1.0397266e-06   1.1981383e-04
   1.6270420e-02   7.4643052e-02   2.5000905e-02   2.7189405e-03   2.3364493e-04   2.3650700e-04
   1.2944193e-02   2.1824291e-02  -7.4847366e-03   1.5426779e-03   2.7322209e-04   1.1601713e-03
   8.4480093e-03   7.3763098e-02   5.2067972e-02   3.2127777e-03   1.8418503e-04   9.3212511e-04
   8.7519009e-03   4.7599002e-02   2.7243673e-02   1.9025567e-03   1.4516351e-06   6.2094649e-04
   2.1969629e-03   3.9890701e-02   2.3675556e-02   1.6962802e-03   2.2041306e-05   7.4129862e-04
   2.8358814e-03   7.8372452e-02   2.0156393e-02   2.7458732e-03   4.1815359e-04   1.0513241e-03
   2.6825905e-03   9.4590390e-02   2.5716373e-02   2.3041689e-03   1.8647234e-04   8.8673566e-04
   6.5275154e-03   5.7655822e-02   1.4646965e-02   1.7648691e-03   4.7256977e-04   1.2210464e-03
  -6.8895685e-04   5.4246317e-02  -5.2863327e-03   2.4627210e-03   3.9822024e-04   1.0689412e-03
  -3.7864883e-03   9.3082781e-02   4.4217147e-02   2.7764414e-03   2.2678844e-04   1.0328503e-03
  -1.5935390e-02   5.5870747e-02   9.2035255e-03   2.1143523e-03   2.6103767e-04   8.2969416e-04
  -1.8199358e-02   6.3562000e-02  -1.9628817e-02   2.8090636e-03   4.6498568e-04   4.6719999e-04
  -3.2875568e-02   1.2018304e-01   5.0870307e-02   2.3055867e-03  -2.7085941e-04   1.4621370e-05
  -3.5078302e-02   8.1438793e-02   1.1609126e-02   2.2641059e-03  -1.2837456e-04   4.4212645e-04
  -3.4524454e-02   1.1673475e-01  -2.7507837e-02   3.0888424e-03  -1.6894058e-04   4.5111535e-04
  -4.5203252e-02   1.1052885e-01  -1.1481733e-02   3.3686452e-03  -1.5173311e-04   2.7140857e-04
  -4.6155264e-02   1.0482823e-01  -2.9467009e-02   2.9166177e-03   6.5486633e-05   3.0521206e-04
  -5.2042831e-02   8.8870424e-02  -6.1322571e-02   3.1836569e-03   1.7888316e-04   2.4017239e-04
  -6.3262012e-02   9.8125531e-02  -3.9292308e-02   3.4786970e-03  -8.8396102e-05   3.2709868e-04
  -5.2452592e-02   1.1185191e-01  -1.0835930e-02   3.2639811e-03  -3.8715729e-04   2.8680785e-04
  -5.9849239e-02   1.1825345e-01   4.7943787e-03   4.4846539e-03  -4.9362326e-04   1.5129173e-04
  -5.4654283e-02   1.3214905e-01   9.9860719e-05   4.3264306e-03  -5.1916661e-04   4.3903825e-04
  -7.1875348e-02   8.9333919e-02  -9.2786328e-03   4.5676752e-03  -3.9147178e-04   9.8628567e-05
  -7.8519098e-02   1.3179157e-01   3.7644586e-02   5.0245759e-03  -7.2295755e-04   2.6320270e-04
  -7.8232911e-02   1.1110374e-01   3.8683406e-02   4.9389027e-03  -9.8952408e-04   1.1617601e-04
  -8.8516769e-02   1.0830665e-01   3.6075778e-02   5.5932713e-03  -6.8843520e-04  -2.1967874e-04
  -9.8808827e-02   1.4360583e-01   7.9484430e-02   5.8612433e-03  -1.2077099e-03  -1.9507278e-04
  -1.0644189e-01   1.2411916e-01   7.5388702e-02   5.8048909e-03  -1.2110781e-03  -2.0938815e-04
  -1.1929708e-01   1.2112087e-01   7.2337398e-02   6.5762543e-03  -1.1864066e-03  -4.5918386e-04
  -1.3656271e-01   1.4898289e-01   8.0670546e-02   6.2976256e-03  -1.7988839e-03  -6.1227858e-04
  -1.4149937e-01   1.2410356e-01   5.9821534e-02   6.6354351e-03  -1.6933076e-03  -3.4540830e-04
  -1.2938560e-01   1.4663321e-01   5.5590441e-02   7.6485705e-03  -1.8690205e-03  -3.3504365e-04
  -9.7229934e-02   1.4940748e-01   4.6320138e-02   7.1943820e-03  -1.6941355e-03  -2.2023039e-04
  -1.0427146e-01   1.0237162e-01   3.7804300e-02   6.1321622e-03  -1.3710587e-03  -5.1863659e-05
  -1.1443737e-01   1.3596684e-01   7.9694165e-02   7.2805188e-03  -1.6388860e-03  -2.6738782e-04
  -1.0478154e-01   1.4441446e-01   7.0168858e-02   6.0409324e-03  -1.3063475e-03  -1.9903871e-05
  -1.1086727e-01   1.3507719e-01   7.1743119e-02   6.0251605e-03  -1.3311519e-03  -1.2658306e-04
  -1.0719239e-01   1.4812887e-01   7.8245645e-02   6.7155834e-03  -1.5526233e-03  -3.7344413e-04
  -1.0344340e-01   1.5543178e-01   8.9342633e-02   6.3088636e-03  -1.7318146e-03  -3.6011440e-04
  -9.9875052e-02   1.2086868e-01   5.3023051e-02   6.5865889e-03  -1.6115433e-03  -3.4718512e-04
  -9.9812653e-02   1.6521568e-01   6.6529363e-02   6.9725213e-03  -1.7371124e-03  -3.7591512e-04
  -1.0154307e-01   1.6842563e-01   4.3468491e-02   6.6032082e-03  -1.6295596e-03  -2.2881164e-04
  -9.3760880e-02   1.7438647e-01   6.2527652e-02   6.0958800e-03  -1.4862220e-03   5.9294685e-05
  -9.9017026e-02   1.6068461e-01   8.5983977e-02   6.5267581e-03  -1.8057074e-03  -2.3059021e-04
  -9.3121714e-02   1.6621809e-01   8.8250968e-02   6.2531280e-03  -1.8745310e-03  -3.1989046e-04
  -9.4388030e-02   1.3414536e-01   7.1390079e-02   6.1960094e-03  -1.7255804e-03  -1.0537854e-04
  -1.0147151e-01   1.6400052e-01   8.3849261e-02   6.4352285e-03  -1.9862839e-03   1.9669810e-06
  -8.7391566e-02   1.7016036e-01   6.5994587e-02   6.4198347e-03  -1.8863689e-03  -1.7052853e-05
  -8.5394286e-02   1.4314381e-01   4.8526419e-02   5.6313036e-03  -1.5713148e-03  -6.9202803e-05
  -9.4199800e-02   1.5081352e-01   7.1385726e-02   6.2875506e-03  -1.8743005e-03  -3.9505840e-04
  -9.8055873e-02   1.5849190e-01   6.8979379e-02   5.8855938e-03  -1.8407869e-03  -4.4173975e-04
  -9.8406865e-02   1.4740502e-01   6.2524745e-02   5.8416423e-03  -1.6805235e-03  -2.9005159e-04
  -9.6371534e-02   2.0057643e-01   6.4138586e-02   5.8331113e-03  -1.7831650e-03  -2.4441458e-05
  -8.7582595e-02   2.0654771e-01   7.4239161e-02   5.6454124e-03  -1.4908569e-03   1.4695283e-04
  -8.6180402e-02   1.8285121e-01   8.8907471e-02   5.5317660e-03  -1.4635942e-03   1.3677884e-04
  -7.6782924e-02   1.9944345e-01   9.7043893e-02   6.1159585e-03  -1.5331395e-03   1.2764242e-04
  -7.4218788e-02   2.0467720e-01   9.6682039e-02   5.4039849e-03  -1.2779116e-03   3.6453087e-05
  -7.3095040e-02   1.7515922e-01   8.0057492e-02   5.4843475e-03  -1.2987648e-03  -3.3381504e-05
  -8.1047385e-02   1.9805391e-01   7.7770560e-02   5.7717779e-03  -1.3590782e-03   5.4232769e-05
  -6.6502022e-02   2.0754568e-01   9.5590187e-02   5.4541449e-03  -1.3932311e-03   5.8665206e-04
  -6.1049786e-02   1.6419120e-01   1.0727984e-01   5.2571142e-03  -1.2376010e-03   4.9871716e-04
  -6.8164275e-02   1.7761968e-01   1.0003330e-01   5.9043027e-03  -1.5408692e-03   3.6431915e-04
  -7.4020656e-02   2.0509581e-01   1.4282592e-01   6.0742412e-03  -1.6628998e-03   2.9719938e-04
  -7.8739193e-02   2.0208166e-01   1.2838437e-01   5.8298838e-03  -1.7021549e-03   2.9588202e-04
  -7.5236984e-02   1.8617282e-01   1.3847954e-01   5.6299098e-03  -1.6912093e-03   5.3860376e-04
  -7.4554330e-02   2.0386443e-01   1.3837948e-01   5.8730314e-03  -1.6779811e-03   2.8760264e-04
  -7.0763311e-02   2.0869839e-01   1.2613458e-01   6.3049741e-03  -1.5880745e-03   3.9049239e-04
  -7.2341980e-02   1.8589887e-01   1.3954753e-01   5.5596067e-03  -1.5769143e-03   5.7183025e-04
  -7.8015378e-02   2.0065850e-01   1.5206711e-01   6.5256709e-03  -1.6732450e-03   5.7953182e-04
  -7.0865243e-02   2.2659439e-01   1.4773686e-01   6.7278964e-03  -1.5152569e-03   6.3646695e-04
  -8.1006117e-02   1.8600815e-01   1.4920522e-01   6.0835746e-03  -1.5452396e-03   6.3135635e-04
  -8.0160402e-02   1.9491849e-01   1.3609667e-01   6.3793546e-03  -1.6677683e-03   4.5143348e-04
  -6.1220636e-02   2.1158246e-01   1.2957160e-01   6.3693946e-03  -1.3831593e-03   7.8416863e-04
  -6.9960844e-02   1.8260303e-01   1.2097821e-01   6.5975681e-03  -1.3328772e-03   9.2906749e-04
  -7.8961016e-02   2.0008934e-01   1.1410734e-01   7.0408474e-03  -1.6097982e-03   7.4914227e-04
  -7.9416344e-02   2.2146522e-01   1.3081111e-01   6.8520882e-03  -1.5430389e-03   6.0114103e-04
  -8.6758728e-02   1.9446846e-01   1.0531406e-01   6.6203881e-03  -1.0296051e-03   7.0247033e-04
  -8.5904155e-02   2.2297621e-01   1.3019929e-01   7.3806493e-03  -1.3926832e-03   7.5848753e-04
  -8.5517084e-02   2.3672674e-01   1.3410594e-01   6.9792943e-03  -1.4861365e-03   6.8790022e-04
  -7.4194972e-02   2.1532886e-01   1.0655108e-01   6.5853287e-03  -1.3234423e-03   5.3554975e-04
  -8.2714033e-02   2.1209167e-01   1.3136453e-01   7.1795327e-03  -1.4226213e-03   5.2613364e-04
  -7.7535091e-02   2.4385012e-01   1.3033298e-01   7.1862822e-03  -1.5059997e-03   6.8441033e-04
  -6.9897748e-02   2.0755454e-01   1.2031575e-01   6.9022421e-03  -1.5858592e-03   5.6803693e-04
  -7.7823929e-02   2.1042734e-01   1.3082227e-01   7.0347285e-03  -1.5703363e-03   3.5543740e-04
  -8.6977109e-02   2.2877416e-01   1.5216547e-01   6.9613672e-03  -1.7769207e-03   2.2548891e-04
  -9.7621430e-02   2.0281024e-01   1.5586808e-01   7.1695531e-03  -1.6451251e-03   2.1175624e-04
  -9.7344600e-02   2.4323784e-01   1.5699619e-01   7.5901839e-03  -1.8461615e-03   1.5970400e-04
  -9.3465443e-02   2.2673862e-01   1.4884374e-01   7.3890202e-03  -1.8524944e-03   2.9641928e-04
  -9.5349543e-02   2.1847939e-01   1.3090968e-01   7.2153219e-03  -1.8013727e-03  -1.8505829e-05
  -9.9725491e-02   2.5802564e-01   1.4689059e-01   8.1035635e-03  -1.9211620e-03  -5.1507957e-05
  -9.4346511e-02   2.2600682e-01   1.6845910e-01   6.4179050e-03  -2.0407009e-03   1.1311468e-04
  -7.9061471e-02   2.0598899e-01   1.5652335e-01   7.2106762e-03  -1.7661112e-03  -3.6583442e-05
  -7.4830670e-02   2.3059740e-01   1.1749351e-01   6.9742667e-03  -1.5205977e-03  -1.3627504e-04
  -7.3226500e-02   1.9440358e-01   1.1488280e-01   7.0383210e-03  -1.6200600e-03  -2.2615783e-04
  -6.9626196e-02   2.1849011e-01   1.1796160e-01   7.8926539e-03  -1.7996763e-03  -4.2240124e-04
  -8.2421148e-02   2.5244500e-01   1.2629227e-01   7.5072039e-03  -2.0243048e-03  -3.9628829e-04
  -9.0874051e-02   2.3457214e-01   1.2525156e-01   7.2418105e-03  -1.9629571e-03  -4.0786973e-04
  -1.0407270e-01   2.4149775e-01   1.3838944e-01   7.3564338e-03  -2.3545312e-03  -1.7237397e-04
  -1.0934057e-01   2.5729961e-01   1.6597955e-01   7.7099722e-03  -2.4196489e-03  -4.7087842e-04
  -1.1390599e-01   2.4787189e-01   1.4524477e-01   7.2451764e-03  -2.2927682e-03  -6.1209741e-04
  -1.2200072e-01   2.4271914e-01   1.3066618e-01   7.8648836e-03  -2.2567784e-03  -5.2339275e-04
  -1.1969390e-01   2.5787299e-01   1.4731292e-01   7.2214751e-03  -2.4855841e-03  -6.0815220e-04
  -1.2191607e-01   2.1506604e-01   1.2009477e-01   7.4486348e-03  -2.3962496e-03  -7.2505925e-04
  -1.2984343e-01   2.4974582e-01   1.2402676e-01   7.8951580e-03  -2.5125072e-03  -4.8379909e-04
  -1.2827307e-01   2.7196392e-01   1.2094560e-01   7.6046636e-03  -2.5662218e-03  -6.0986403e-04
  -1.3933768e-01   2.3230037e-01   1.1641020e-01   7.4033437e-03  -2.9413832e-03  -1.0414992e-03
  -1.2764325e-01   2.4823699e-01   1.2250860e-01   7.8853862e-03  -2.7278612e-03  -1.0534072e-03
  -1.3308996e-01   2.4892071e-01   1.2346828e-01   7.7019430e-03  -2.8845936e-03  -9.2777107e-04
  -1.2783739e-01   2.5228410e-01   1.1548475e-01   7.6369887e-03  -2.6213615e-03  -8.5295586e-04
  -1.3629792e-01   2.5102871e-01   8.9612857e-02   7.6929089e-03  -2.7416965e-03  -1.0001501e-03
  -1.3901797e-01   2.6868213e-01   1.2059512e-01   7.6909196e-03  -2.7132299e-03  -9.4547214e-04
  -1.3899467e-01   2.9045173e-01   1.3731492e-01   8.7704877e-03  -2.8574826e-03  -9.0194651e-04
  -1.2569000e-01   2.3032887e-01   1.1740880e-01   8.0278340e-03  -2.5914048e-03  -1.0483168e-03
  -1.2454556e-01   2.6495211e-01   1.4320576e-01   8.3116805e-03  -2.5510546e-03  -1.0311769e-03
  -1.3725293e-01   2.5654301e-01   9.9948578e-02   7.7392961e-03  -2.6076617e-03  -8.9405924e-04
  -1.3304408e-01   2.4506699e-01   9.6695760e-02   8.0087804e-03  -2.4178184e-03  -1.1541649e-03
  -1.3143363e-01   2.6920943e-01   1.1803337e-01   8.0593279e-03  -2.4609298e-03  -6.5666695e-04
  -1.2066543e-01   2.5963720e-01   1.0185176e-01   7.5911626e-03  -2.3661291e-03  -3.9929875e-04
  -1.0922465e-01   2.2447815e-01   7.4632502e-02   7.7477880e-03  -2.1927741e-03  -5.1252786e-04
  -1.2071030e-01   2.5491582e-01   1.2201152e-01   8.0389565e-03  -2.6211150e-03  -7.3588530e-04
  -1.2835565e-01   2.5942569e-01   1.2540513e-01   7.8349958e-03  -2.6813386e-03  -7.0558497e-04
  -1.2423045e-01   2.4804634e-01   1.3004439e-01   7.8757703e-03  -2.4216140e-03  -6.3212322e-04
  -1.2755957e-01   2.6081746e-01   1.2095467e-01   8.6998888e-03  -2.5627798e-03  -8.8354788e-04
  -1.0974978e-01   2.7232362e-01   1.4394118e-01   8.0546624e-03  -2.4359172e-03  -9.7992055e-04
  -1.2058558e-01   2.4047180e-01   1.1668909e-01   7.9564171e-03  -2.4516489e-03  -7.7516881e-04
  -1.2411114e-01   2.4404587e-01   1.1239486e-01   8.2344990e-03  -2.3724976e-03  -8.8040055e-04
  -1.2851515e-01   2.8147144e-01   1.3513349e-01   8.4987348e-03  -2.5610306e-03  -7.9400179e-04
  -1.2455342e-01   2.5440518e-01   1.1091104e-01   8.1219702e-03  -2.4567639e-03  -7.7134193e-04
  -1.2199596e-01   2.5197967e-01   9.6013538e-02   8.4112359e-03  -2.4403628e-03  -9.6679770e-04
  -1.3603741e-01   2.8538879e-01   1.0226249e-01   8.5545448e-03  -2.5410767e-03  -9.5673707e-04
  -1.2995859e-01   2.6155885e-01   8.8306948e-02   8.0888338e-03  -2.5553269e-03  -8.7774607e-04
  -1.2088881e-01   2.6167709e-01   6.4599493e-02   9.2144095e-03  -2.5173095e-03  -1.1380423e-03
  -1.2394112e-01   2.8365212e-01   9.6889500e-02   8.4068323e-03  -2.6964953e-03  -9.0758059e-04
  -1.1210427e-01   2.8358151e-01   8.7149504e-02   8.6519735e-03  -2.4733058e-03  -8.8722041e-04
  -1.2647132e-01   2.5222555e-01   8.9803603e-02   8.4180125e-03  -2.5845136e-03  -1.1733587e-03
  -1.3820205e-01   2.8980744e-01   1.0644089e-01   8.9769695e-03  -2.5939238e-03  -1.1102051e-03
  -1.4739136e-01   3.0214485e-01   1.0599856e-01   8.5090164e-03  -2.5004265e-03  -1.1433189e-03
  -1.4725938e-01   2.6251619e-01   8.2645232e-02   8.4473689e-03  -2.5662348e-03  -1.5122211e-03
  -1.4977836e-01   3.0028266e-01   1.1561288e-01   8.8791126e-03  -2.5003027e-03  -1.6522874e-03
  -1.4862098e-01   2.9281508e-01   1.0685862e-01   8.5281031e-03  -2.8435128e-03  -1.5728625e-03
  -1.3994195e-01   2.7281786e-01   9.3950439e-02   8.2618891e-03  -2.8369090e-03  -1.4168391e-03
  -1.3859134e-01   2.8717368e-01   6.1416086e-02   8.9170183e-03  -2.6449007e-03  -1.6053959e-03
  -1.3413452e-01   2.8912595e-01   8.0754410e-02   8.7605242e-03  -2.7523394e-03  -1.6593433e-03
  -1.3643528e-01   2.5736547e-01   4.8918281e-02   8.4193970e-03  -2.5801437e-03  -1.7575431e-03
  -1.4755517e-01   3.0670346e-01   5.9776954e-02   9.3689276e-03  -2.6245994e-03  -1.8779038e-03
  -1.4856662e-01   3.1401441e-01   5.2597107e-02   8.8261613e-03  -2.6776484e-03  -1.6513359e-03
  -1.3831767e-01   2.8559046e-01   3.6909427e-02   8.6468878e-03  -2.4711418e-03  -1.7055354e-03
  -1.5338201e-01   3.4246460e-01   5.9616045e-02   9.9835443e-03  -2.6510090e-03  -1.7519603e-03
  -1.4996532e-01   3.2217580e-01   6.0159789e-02   8.3269523e-03  -2.7331070e-03  -1.7758394e-03
  -1.4665390e-01   2.8389924e-01   7.9427224e-02   8.4083872e-03  -2.8431100e-03  -1.9159347e-03
  -1.5506589e-01   3.0773607e-01   8.2303243e-02   8.3361741e-03  -2.8973571e-03  -1.8669285e-03
  -1.5013331e-01   3.0117289e-01   7.8228393e-02   8.3329870e-03  -2.8819591e-03  -1.8392534e-03
  -1.5109569e-01   3.0654532e-01   4.9137709e-02   9.2037900e-03  -2.6862982e-03  -1.7895392e-03
  -1.6640967e-01   3.2291309e-01   7.7598150e-02   8.5094305e-03  -3.0542261e-03  -1.8680195e-03
  -1.7680037e-01   2.9363320e-01   4.0989093e-02   8.3346754e-03  -2.9192727e-03  -2.2340383e-03
  -1.6772892e-01   3.2118392e-01   4.6657299e-02   8.9763430e-03  -2.4511051e-03  -2.1648720e-03
  -1.6612743e-01   3.4308023e-01   3.8390342e-02   8.4679921e-03  -2.5325483e-03  -2.0520651e-03
  -1.6154103e-01   3.1000977e-01   5.6226125e-02   8.4757499e-03  -2.6489888e-03  -2.0748042e-03
  -1.6973225e-01   3.1078036e-01   4.7635159e-02   8.4825741e-03  -2.6099120e-03  -1.8738246e-03
  -1.6707189e-01   3.5892933e-01   4.8662166e-02   9.6086003e-03  -2.5800897e-03  -2.0825711e-03
  -1.7283052e-01   3.0329998e-01   4.9102921e-02   7.8915917e-03  -2.6787086e-03  -2.1074897e-03
  -1.8862900e-01   3.0329651e-01   4.4714228e-02   8.8375696e-03  -2.7162931e-03  -2.5484492e-03
  -1.9265576e-01   3.2135183e-01   7.4559579e-02   8.7012687e-03  -2.7885981e-03  -2.3655177e-03
  -1.9477273e-01   3.2670695e-01   4.7811266e-02   8.4880145e-03  -2.8411236e-03  -2.1442276e-03
  -1.9513141e-01   3.2216851e-01   5.8144299e-02   8.8773085e-03  -2.8243737e-03  -2.3800858e-03
  -1.9067170e-01   3.4615986e-01   3.6389929e-02   9.3298371e-03  -2.6144291e-03  -2.5546143e-03
  -2.1378178e-01   3.5341765e-01  -3.7813297e-03   1.0007305e-02  -2.2902739e-03  -2.1394284e-03
  -1.8762063e-01   3.1086670e-01  -4.6711544e-03   9.0573600e-03  -2.1708600e-03  -2.1558845e-03
  -1.9231467e-01   3.4021752e-01   1.4003729e-02   9.3285757e-03  -2.3943543e-03  -2.1763474e-03
  -1.8619740e-01   3.3834106e-01   2.6306355e-02   8.8355422e-03  -2.4212028e-03  -2.1666628e-03
  -1.9344607e-01   3.1447230e-01  -1.4094661e-02   9.5671580e-03  -2.5348159e-03  -2.3915383e-03
  -2.0623529e-01   3.4784546e-01  -2.6852814e-02   9.2652642e-03  -2.6703207e-03  -2.3649026e-03
  -1.9412494e-01   3.4130550e-01   1.3471103e-02   8.9400607e-03  -2.7413640e-03  -2.2464779e-03
  -1.9420636e-01   3.1671326e-01   1.0303750e-02   8.9664412e-03  -2.7919376e-03  -2.4231889e-03
  -2.0970689e-01   3.6987690e-01  -1.1616007e-02   1.0871602e-02  -2.8888838e-03  -2.4515985e-03
  -2.1449433e-01   3.4185813e-01   2.5417066e-05   9.0965079e-03  -2.7529242e-03  -2.1310212e-03
  -2.0535558e-01   3.2732972e-01   4.0489748e-04   8.8025879e-03  -2.6621615e-03  -2.1963258e-03
  -2.0945345e-01   3.2700092e-01   2.8096750e-03   9.4559651e-03  -2.6230863e-03  -2.4051603e-03
  -2.0739528e-01   3.5520541e-01  -2.7536409e-02   9.2645101e-03  -2.2283064e-03  -2.2613263e-03
  -1.9316894e-01   3.4936697e-01  -1.4989280e-02   8.9730977e-03  -2.1994639e-03  -1.6842197e-03
  -2.0286214e-01   3.0648676e-01  -6.0055468e-03   9.2178787e-03  -2.6418384e-03  -2.0659317e-03
  -2.0201568e-01   3.6159861e-01  -6.0345033e-03   9.7486401e-03  -2.7837378e-03  -2.1163382e-03
  -2.0462981e-01   3.4776686e-01  -2.8980755e-02   9.2060224e-03  -2.7201233e-03  -2.1281892e-03
  -2.0121587e-01   3.6449990e-01  -4.8182747e-02   1.0824706e-02  -2.7871007e-03  -2.3612783e-03
  -2.0234559e-01   3.7341769e-01  -3.2233837e-02   9.4217423e-03  -2.6133984e-03  -2.2794850e-03
  -2.0652843e-01   3.1190927e-01  -4.1269473e-02   9.2900370e-03  -2.5551697e-03  -2.3926076e-03
  -1.9483955e-01   3.4515790e-01  -4.9010354e-02   9.9298345e-03  -2.4192559e-03  -2.3825846e-03
  -2.0451050e-01   3.5813218e-01  -2.4889029e-02   9.7624950e-03  -2.2514639e-03  -1.9691144e-03
  -2.1272334e-01   3.3688353e-01  -2.7986708e-02   9.5890366e-03  -2.1378082e-03  -2.1154884e-03
  -2.0895385e-01   3.6841359e-01  -3.3647841e-02   1.0482219e-02  -2.2645133e-03  -2.3050542e-03
  -2.1785352e-01   3.6496859e-01  -4.2938411e-02   9.8894234e-03  -2.0522316e-03  -1.9756675e-03
  -2.0486864e-01   3.4063031e-01  -3.9136538e-02   9.0757042e-03  -2.0229049e-03  -2.2878769e-03
  -2.0971621e-01   3.5920086e-01  -3.1466099e-02   9.9117193e-03  -2.0614110e-03  -2.7256524e-03
  -2.1738445e-01   3.4991218e-01  -4.0345060e-02   9.5277274e-03  -2.1355539e-03  -2.2967495e-03
  -2.1209109e-01   3.2389550e-01  -5.6931781e-02   9.7037500e-03  -1.9028218e-03  -2.4778363e-03
  -2.0808357e-01   3.8912777e-01  -6.0573672e-02   1.1273674e-02  -2.1729170e-03  -2.2190857e-03
  -2.0288440e-01   3.3992369e-01  -6.1431647e-02   9.8783356e-03  -2.2494383e-03  -2.1401189e-03
  -1.9913136e-01   3.3152664e-01  -8.5881029e-02   1.0020510e-02  -2.0312625e-03  -2.5701098e-03
  -2.1921923e-01   3.7601782e-01  -6.5880047e-02   1.0603712e-02  -2.2336463e-03  -2.6375590e-03
  -2.3229293e-01   3.7036847e-01  -7.0908989e-02   9.7529570e-03  -2.2020133e-03  -2.5479919e-03
  -2.2740628e-01   3.5699364e-01  -5.9608061e-02   1.0699590e-02  -2.3221170e-03  -2.8413441e-03
  -2.2967698e-01   3.6750398e-01  -5.9998908e-02   9.7876960e-03  -2.5420151e-03  -2.6787552e-03
  -2.2856338e-01   3.3066289e-01  -9.8472554e-02   1.0751147e-02  -2.1404960e-03  -2.6488445e-03
  -2.2678725e-01   3.6641005e-01  -9.0750103e-02   1.0575247e-02  -2.1453234e-03  -2.6640158e-03
  -2.2018311e-01   3.7467388e-01  -7.0619306e-02   1.0002753e-02  -2.1317468e-03  -2.4278066e-03
  -2.1131950e-01   3.3375874e-01  -6.8834778e-02   1.0010083e-02  -2.1396314e-03  -2.5026555e-03
  -2.1199965e-01   3.6746586e-01  -6.2988574e-02   1.0795101e-02  -2.0888540e-03  -2.7846846e-03
  -2.2357905e-01   3.7655701e-01  -8.9178300e-02   1.0225697e-02  -1.9336166e-03  -2.6980585e-03
  -2.3909408e-01   3.7454798e-01  -9.4366479e-02   1.0790646e-02  -2.0422205e-03  -2.9390235e-03
  -2.2044494e-01   3.6281627e-01  -1.2875258e-01   1.1149768e-02  -1.8877496e-03  -2.6233955e-03
  -2.1869829e-01   3.6986569e-01  -1.2263371e-01   1.0358201e-02  -1.8439567e-03  -2.3967531e-03
  -2.1802330e-01   3.4803649e-01  -1.3269193e-01   1.0250826e-02  -1.6607573e-03  -2.5736707e-03
  -2.1444421e-01   3.7244171e-01  -1.5573247e-01   1.0583809e-02  -2.0761338e-03  -2.5471219e-03
  -2.1650839e-01   3.6600688e-01  -1.5107728e-01   1.0238763e-02  -1.9180308e-03  -2.4942853e-03
  -2.1685055e-01   3.4808377e-01  -1.7340012e-01   9.8518676e-03  -1.9006937e-03  -2.3133923e-03
  -2.2066513e-01   3.5737320e-01  -1.4719913e-01   1.0583993e-02  -2.0521787e-03  -2.7617387e-03
  -2.2578210e-01   3.9210796e-01  -1.5044804e-01   1.0698781e-02  -2.2024159e-03  -2.6301078e-03
  -2.0805241e-01   4.1473497e-01  -1.3551000e-01   1.1286708e-02  -2.3167252e-03  -2.1934580e-03
  -2.0825433e-01   3.7795747e-01  -1.3147565e-01   1.1313935e-02  -2.2222115e-03  -2.7451558e-03
  -2.2129025e-01   4.0791057e-01  -1.3162237e-01   1.1733571e-02  -2.2221082e-03  -2.5523113e-03
  -2.1546379e-01   3.8307403e-01  -1.2015540e-01   1.0821894e-02  -2.0365774e-03  -2.4821536e-03
  -2.0270342e-01   3.5270251e-01  -1.4278526e-01   1.0820137e-02  -1.9112683e-03  -2.5524991e-03
  -2.0694645e-01   3.7227015e-01  -1.3380611e-01   1.0819886e-02  -2.0543127e-03  -2.7958631e-03
  -1.9561001e-01   3.6597107e-01  -1.5769992e-01   1.0264031e-02  -1.7312327e-03  -2.5421506e-03
  -1.9514388e-01   3.7158505e-01  -1.9180760e-01   1.1424980e-02  -1.6052871e-03  -3.0363541e-03
  -2.0942087e-01   4.0794865e-01  -1.7459642e-01   1.1089127e-02  -1.7846974e-03  -2.9502446e-03
  -2.2276919e-01   3.8114795e-01  -1.8459220e-01   1.0535307e-02  -1.8461125e-03  -2.9844496e-03
  -2.1954405e-01   3.9768354e-01  -1.6841864e-01   1.1446432e-02  -1.5254825e-03  -2.9607645e-03
  -2.2370459e-01   4.0941380e-01  -1.6113700e-01   1.1302651e-02  -1.7726502e-03  -2.6728175e-03
  -2.1793948e-01   3.9618346e-01  -1.7353250e-01   1.1606221e-02  -1.9258383e-03  -2.4242953e-03
  -2.2440988e-01   4.2141231e-01  -1.1616241e-01   1.2401577e-02  -1.8784130e-03  -2.5314274e-03
  -2.2119704e-01   4.1477272e-01  -1.3737495e-01   1.1760150e-02  -1.9137851e-03  -2.3671298e-03
  -2.1443597e-01   3.8792097e-01  -1.4580677e-01   1.0771837e-02  -1.6983849e-03  -2.4018848e-03
  -2.1562914e-01   4.0663218e-01  -1.3939014e-01   1.1822363e-02  -1.6013560e-03  -2.5284507e-03
  -2.1712684e-01   4.0343846e-01  -1.4994715e-01   1.0870743e-02  -1.5068263e-03  -2.4297786e-03
  -2.1839584e-01   3.7767962e-01  -1.5463663e-01   1.1553483e-02  -1.8650886e-03  -2.5095492e-03
  -2.2995864e-01   3.7940522e-01  -1.3611163e-01   1.0755683e-02  -1.9567796e-03  -2.9294149e-03
  -2.4287739e-01   3.9217370e-01  -1.1405452e-01   1.0487369e-02  -1.7725512e-03  -2.7144247e-03
  -2.4233773e-01   3.8409017e-01  -1.1980568e-01   1.1136362e-02  -1.5812441e-03  -2.9106784e-03
  -2.4090205e-01   4.1341497e-01  -1.1957033e-01   1.1084870e-02  -1.6079697e-03  -2.8635531e-03
  -2.4936136e-01   3.9171350e-01  -1.6686863e-01   1.0480487e-02  -1.2809740e-03  -2.8733160e-03
  -2.3210289e-01   3.8147883e-01  -1.7174347e-01   1.0745068e-02  -1.2815834e-03  -3.2422918e-03
  -2.4246010e-01   4.0455760e-01  -1.3874891e-01   1.0666379e-02  -1.4400042e-03  -2.9664737e-03
  -2.3255799e-01   3.8132067e-01  -1.4476522e-01   1.0158508e-02  -1.5091124e-03  -3.0272883e-03
  -2.3762772e-01   4.2561575e-01  -1.2071441e-01   1.1910583e-02  -1.7884379e-03  -3.1104528e-03
  -2.4228279e-01   4.0841528e-01  -1.2854821e-01   1.0746055e-02  -1.8622564e-03  -3.1315468e-03
  -2.2993724e-01   3.8017068e-01  -1.9100167e-01   1.0771625e-02  -1.5647818e-03  -3.2831627e-03
  -2.3163327e-01   4.2834421e-01  -1.6553291e-01   1.1520316e-02  -2.2195001e-03  -2.8629304e-03
  -2.4042245e-01   4.1348274e-01  -1.3225166e-01   1.0577649e-02  -2.1573492e-03  -2.7792048e-03
  -2.3130249e-01   3.6343677e-01  -1.5314748e-01   1.0347539e-02  -2.5354801e-03  -3.0864728e-03
  -2.3164470e-01   4.3457732e-01  -1.3266451e-01   1.2594870e-02  -2.7989258e-03  -2.8076421e-03
  -2.1290453e-01   4.1048026e-01  -1.6038382e-01   1.1665672e-02  -2.6050168e-03  -2.5882746e-03
  -2.1939634e-01   4.0646109e-01  -1.2757565e-01   1.0779671e-02  -2.7119759e-03  -2.5152025e-03
  -2.2104421e-01   4.0616099e-01  -1.3631867e-01   1.1720785e-02  -2.4365912e-03  -2.5383234e-03
  -2.1968408e-01   4.2505662e-01  -1.3304305e-01   1.1297660e-02  -2.5692556e-03  -2.3978707e-03
  -2.0832961e-01   4.0185311e-01  -1.1253527e-01   1.0716273e-02  -2.3613873e-03  -2.1948225e-03
  -2.2489292e-01   4.0095642e-01  -1.0271867e-01   1.0993531e-02  -2.4988363e-03  -2.3336045e-03
  -2.2332543e-01   4.0897974e-01  -1.1685533e-01   1.0953643e-02  -2.5159153e-03  -2.4535847e-03
  -2.2417592e-01   3.9289050e-01  -1.2533715e-01   1.0694164e-02  -2.7409753e-03  -2.6342032e-03
  -2.2607114e-01   3.9214848e-01  -1.2626179e-01   1.0747511e-02  -2.8970983e-03  -2.6634650e-03
  -2.2745067e-01   4.2116145e-01  -9.7678317e-02   1.1834943e-02  -3.2492411e-03  -2.6883982e-03
  -2.2629152e-01   4.0566372e-01  -1.2104292e-01   1.0731054e-02  -2.7992495e-03  -2.5904564e-03
  -2.2273102e-01   3.8854858e-01  -1.4191877e-01   1.1206771e-02  -2.6667860e-03  -2.8799826e-03
  -2.3660431e-01   4.1675328e-01  -1.3004748e-01   1.1313548e-02  -2.5463392e-03  -2.7743867e-03
  -2.3744369e-01   4.0031018e-01  -1.6935624e-01   1.0683864e-02  -2.8796617e-03  -2.9874969e-03
  -2.2122356e-01   4.1697271e-01  -1.4626064e-01   1.1230856e-02  -2.9244549e-03  -2.9676715e-03
  -2.3049308e-01   4.1719969e-01  -1.3802225e-01   1.0730953e-02  -2.8710995e-03  -2.9341670e-03
  -2.3216732e-01   3.7756689e-01  -1.5451756e-01   1.1097067e-02  -2.7691276e-03  -2.9543406e-03
  -2.2531649e-01   4.0898075e-01  -1.5945502e-01   1.1364814e-02  -2.7789454e-03  -2.9443507e-03
  -2.3525495e-01   4.1116074e-01  -1.5465459e-01   1.0992005e-02  -2.6480821e-03  -2.9970752e-03
  -2.4645510e-01   4.0641076e-01  -1.5247677e-01   1.1451690e-02  -2.7646174e-03  -2.8216013e-03
  -2.3692647e-01   4.2773003e-01  -1.4675491e-01   1.1051749e-02  -3.0137136e-03  -3.1002105e-03
  -2.4035152e-01   4.2067590e-01  -1.2831794e-01   1.1735813e-02  -2.9958080e-03  -2.6766444e-03
  -2.3494547e-01   4.1607395e-01  -1.3333242e-01   1.1772686e-02  -3.0420156e-03  -2.9719013e-03
  -2.3830887e-01   4.3420213e-01  -1.4205729e-01   1.1994477e-02  -3.1937874e-03  -2.8163900e-03
  -2.2786605e-01   4.0747560e-01  -1.6095736e-01   1.1510258e-02  -3.1514183e-03  -2.8232315e-03
  -2.2780970e-01   4.2578104e-01  -1.2709137e-01   1.2000007e-02  -3.4633367e-03  -2.9356804e-03
  -2.3009178e-01   4.3817289e-01  -1.1387007e-01   1.1826529e-02  -3.6401896e-03  -2.6997938e-03
  -2.3438167e-01   4.2417986e-01  -1.2159862e-01   1.1914686e-02  -3.4195769e-03  -2.5700144e-03
  -2.3931588e-01   4.2953942e-01  -1.3151504e-01   1.2383163e-02  -3.4227309e-03  -2.7373937e-03
  -2.3759465e-01   4.3377340e-01  -1.3857313e-01   1.2435160e-02  -3.4882190e-03  -2.7987587e-03
  -2.3821343e-01   3.8900684e-01  -1.4486112e-01   1.1877765e-02  -3.6671704e-03  -2.5560683e-03
  -2.2969425e-01   4.0872016e-01  -1.0899020e-01   1.2447684e-02  -3.7672799e-03  -2.9204862e-03
  -2.3387835e-01   4.3719018e-01  -9.0757524e-02   1.2414606e-02  -3.8575483e-03  -2.8294041e-03
  -2.3600004e-01   4.2216134e-01  -1.3419932e-01   1.2352953e-02  -3.7621666e-03  -2.9063611e-03
  -2.4262437e-01   4.5577859e-01  -1.2113890e-01   1.3275110e-02  -3.8751180e-03  -3.1583689e-03
  -2.4563949e-01   4.5584655e-01  -1.1554072e-01   1.2645397e-02  -4.0563058e-03  -2.8780290e-03
  -2.4445844e-01   4.3702551e-01  -1.2451815e-01   1.2906742e-02  -3.9833876e-03  -3.0503963e-03
  -2.4125033e-01   4.5387557e-01  -1.4346442e-01   1.3231274e-02  -3.9519966e-03  -3.0160380e-03
  -2.3148834e-01   4.7345701e-01  -1.1975857e-01   1.3527899e-02  -4.4605289e-03  -2.9951130e-03
  -2.3088271e-01   4.2463705e-01  -1.2695094e-01   1.2849165e-02  -4.3489085e-03  -3.2588732e-03
  -2.4259462e-01   4.5491672e-01  -1.3791535e-01   1.3245675e-02  -4.3677915e-03  -3.3662425e-03
  -2.4092215e-01   4.5919724e-01  -1.3644090e-01   1.3354009e-02  -4.2771083e-03  -3.6017920e-03
  -2.3830236e-01   4.3952779e-01  -1.5147134e-01   1.2706428e-02  -4.2950652e-03  -3.7197278e-03
  -2.5294903e-01   4.6474128e-01  -1.7777901e-01   1.4304103e-02  -4.2958714e-03  -3.7925175e-03
  -2.3345491e-01   4.7218106e-01  -1.4688424e-01   1.3051309e-02  -4.8572766e-03  -3.6530292e-03
  -2.3843321e-01   4.5337905e-01  -1.4559117e-01   1.2778053e-02  -4.7469334e-03  -3.8163946e-03
  -2.4969886e-01   4.4236973e-01  -1.7045540e-01   1.3871364e-02  -4.6413479e-03  -3.8323473e-03
  -2.4278843e-01   4.8753481e-01  -1.5333962e-01   1.4532492e-02  -5.0539173e-03  -3.2250492e-03
  -2.4658666e-01   4.0699904e-01  -2.1721775e-01   1.3273248e-02  -4.6453785e-03  -3.2829629e-03
  -2.4247281e-01   4.5251879e-01  -1.8862314e-01   1.4570838e-02  -5.4566809e-03  -3.6232758e-03
  -2.3825161e-01   4.5536207e-01  -1.9163125e-01   1.4247106e-02  -5.4358730e-03  -3.8018942e-03
  -2.3980036e-01   4.5791840e-01  -2.0702814e-01   1.4102567e-02  -5.3807135e-03  -3.8750417e-03
  -2.4377455e-01   4.6971291e-01  -2.0031837e-01   1.4644018e-02  -5.3631896e-03  -3.7596982e-03
  -2.3597470e-01   4.8672402e-01  -1.7397592e-01   1.4361673e-02  -5.2854603e-03  -3.7397205e-03
  -2.4000221e-01   4.3510214e-01  -1.6115561e-01   1.4337034e-02  -5.4134132e-03  -3.6922645e-03
  -2.4577280e-01   4.6587655e-01  -1.4674596e-01   1.4611959e-02  -5.1631091e-03  -3.7376228e-03
  -2.4699815e-01   4.6483561e-01  -1.3866482e-01   1.4285392e-02  -5.0593917e-03  -3.5102763e-03
  -2.4770541e-01   4.6554352e-01  -1.6592625e-01   1.5768832e-02  -4.9803442e-03  -3.3068047e-03
  -2.2480241e-01   4.6696020e-01  -1.8652022e-01   1.4543613e-02  -5.1318845e-03  -3.1207344e-03
  -2.2435887e-01   4.3884495e-01  -1.5640944e-01   1.4234731e-02  -5.2509241e-03  -3.2540795e-03
  -2.2786442e-01   4.3838273e-01  -1.6487359e-01   1.5249248e-02  -5.1130436e-03  -3.2853684e-03
  -2.3937455e-01   4.7889831e-01  -1.5499220e-01   1.5415946e-02  -5.0519287e-03  -3.0139526e-03
  -2.1749589e-01   4.4999398e-01  -2.2117508e-01   1.5081419e-02  -5.4683467e-03  -3.3418293e-03
  -2.3836109e-01   4.7644498e-01  -1.8203664e-01   1.6658726e-02  -6.1377372e-03  -3.0034778e-03
  -2.3401584e-01   4.8440489e-01  -1.8281118e-01   1.5774707e-02  -5.5931508e-03  -3.0881033e-03
  -2.4333820e-01   4.7627740e-01  -1.9953845e-01   1.5661494e-02  -5.4019747e-03  -2.9425083e-03
  -2.4189652e-01   4.7478463e-01  -2.0741689e-01   1.6511178e-02  -5.4300404e-03  -3.1393649e-03
  -2.5105566e-01   4.9223399e-01  -2.2144952e-01   1.6162024e-02  -5.1553106e-03  -3.1704988e-03
  -2.5689667e-01   4.5466604e-01  -2.6015435e-01   1.5320898e-02  -5.0533658e-03  -3.2571419e-03
  -2.2656334e-01   4.5434691e-01  -2.5589580e-01   1.5637671e-02  -5.4413255e-03  -3.4231881e-03
  -2.3585622e-01   4.8334812e-01  -2.1877039e-01   1.5677695e-02  -5.9362537e-03  -3.2811825e-03
  -2.3482791e-01   4.5696159e-01  -2.8871080e-01   1.5398366e-02  -5.7264242e-03  -3.2176323e-03
  -2.3858372e-01   4.9348973e-01  -2.7975850e-01   1.6196674e-02  -5.6148243e-03  -3.0154787e-03
  -2.3059267e-01   5.2099221e-01  -2.6263552e-01   1.5883686e-02  -5.3950166e-03  -2.9444151e-03
  -2.4653555e-01   4.6168121e-01  -2.9078851e-01   1.5705450e-02  -5.4248527e-03  -3.4629536e-03
  -2.5045810e-01   4.9998048e-01  -2.6043299e-01   1.6732561e-02  -5.6859075e-03  -3.3284516e-03
  -2.9004188e-01   4.5831592e-01  -2.3637451e-01   1.4455082e-02  -6.6289720e-03  -3.7329401e-03
  -2.7596268e-01   4.4735394e-01  -2.6319563e-01   1.5002587e-02  -6.1057265e-03  -4.0999998e-03
  -2.5793408e-01   4.4725934e-01  -2.4363726e-01   1.3157130e-02  -6.4805984e-03  -3.6562259e-03
  -2.4868979e-01   4.3493328e-01  -1.6841505e-01   1.2801341e-02  -7.2556769e-03  -3.5815211e-03
  -2.3146985e-01   4.5167281e-01  -1.9167662e-01   1.3830869e-02  -6.4055201e-03  -3.2711489e-03
  -2.4051884e-01   4.7810765e-01  -1.7510069e-01   1.4169006e-02  -6.3841810e-03  -3.4036871e-03
  -2.4241825e-01   4.6014594e-01  -1.6622742e-01   1.3508685e-02  -6.3712672e-03  -3.2391272e-03
  -2.4302598e-01   4.6542917e-01  -1.3305365e-01   1.3903903e-02  -6.1582066e-03  -3.1819852e-03
  -2.2645563e-01   4.9633062e-01  -1.2982328e-01   1.4184327e-02  -5.5333241e-03  -2.9345507e-03
  -2.3997347e-01   4.5873746e-01  -1.3450271e-01   1.3442149e-02  -5.7496831e-03  -2.9542800e-03
  -2.4357559e-01   4.4697069e-01  -1.5248697e-01   1.3804677e-02  -5.2744848e-03  -3.1887906e-03
  -2.4609150e-01   4.7487066e-01  -1.2703004e-01   1.4502668e-02  -5.3890715e-03  -3.0887445e-03
  -2.4852314e-01   4.5982938e-01  -1.5088197e-01   1.3755598e-02  -5.4344128e-03  -3.4018374e-03
  -2.7200305e-01   4.6536419e-01  -1.5335680e-01   1.5054611e-02  -5.6716156e-03  -3.6813754e-03
  -2.7904388e-01   4.8454760e-01  -2.0398581e-01   1.4785460e-02  -6.1969338e-03  -4.0997056e-03
  -2.8659621e-01   4.1599487e-01  -2.7656303e-01   1.3241560e-02  -6.5061795e-03  -4.3786787e-03
  -2.6550884e-01   4.4213595e-01  -1.9927919e-01   1.3973707e-02  -6.5361102e-03  -4.2723577e-03
  -2.4822826e-01   4.6961026e-01  -1.8779681e-01   1.4635650e-02  -6.2538748e-03  -4.1408719e-03
  -2.7368157e-01   4.7782837e-01  -2.3498473e-01   1.5194262e-02  -6.0041805e-03  -3.9436310e-03
  -2.7928694e-01   4.7626416e-01  -2.9893794e-01   1.4783112e-02  -5.5652520e-03  -4.0672351e-03
  -2.4747139e-01   4.6092336e-01  -2.9394476e-01   1.3017547e-02  -6.3664983e-03  -4.0827184e-03
  -2.4476460e-01   4.3436996e-01  -2.5587259e-01   1.3666446e-02  -6.2802795e-03  -4.1043079e-03
  -2.4007103e-01   4.8456950e-01  -2.6236132e-01   1.4797473e-02  -5.8280563e-03  -4.2261383e-03
  -2.9183923e-01   4.8419744e-01  -3.0385084e-01   1.4609795e-02  -6.1347407e-03  -4.0806714e-03
  -2.6321715e-01   4.4910705e-01  -2.8593919e-01   1.3585012e-02  -6.3146938e-03  -4.4132197e-03
  -2.5768381e-01   5.1366015e-01  -2.3689940e-01   1.4582183e-02  -6.9259502e-03  -4.3139605e-03
  -2.5248275e-01   4.8119325e-01  -2.5184082e-01   1.3822176e-02  -6.5627968e-03  -4.0709040e-03
  -2.5336140e-01   4.6441294e-01  -2.7244097e-01   1.4234861e-02  -6.1001677e-03  -4.2514834e-03
  -2.8691609e-01   4.8789383e-01  -3.0628666e-01   1.4854408e-02  -6.4265231e-03  -4.0446340e-03
  -2.6314049e-01   4.1510953e-01  -4.1277655e-01   1.2377494e-02  -5.3622966e-03  -3.8625544e-03
  -2.3598770e-01   4.3493737e-01  -3.0256240e-01   1.3580776e-02  -6.3235434e-03  -4.2118453e-03
  -2.3766221e-01   4.6008996e-01  -2.6474587e-01   1.3361777e-02  -6.4446371e-03  -3.8430896e-03
  -2.3543034e-01   4.3458296e-01  -2.9498292e-01   1.3661082e-02  -6.4473514e-03  -3.9404203e-03
  -2.3275045e-01   4.9435430e-01  -2.8114144e-01   1.4087062e-02  -6.5733999e-03  -4.0356912e-03
  -2.3466840e-01   4.8180227e-01  -2.5736272e-01   1.3532818e-02  -6.5106187e-03  -3.8511512e-03
  -2.5129062e-01   4.4149370e-01  -2.6854842e-01   1.3894425e-02  -6.1868834e-03  -4.2714813e-03
  -2.5780409e-01   4.8547524e-01  -2.5477785e-01   1.4881102e-02  -6.6246117e-03  -4.2808285e-03
  -2.7969869e-01   4.6863807e-01  -2.9230563e-01   1.4338353e-02  -6.4896784e-03  -4.1300259e-03
  -2.7267086e-01   4.5523208e-01  -3.1212132e-01   1.4183122e-02  -6.2339265e-03  -4.6243286e-03
  -2.6173972e-01   4.4010883e-01  -3.3049348e-01   1.3155118e-02  -6.4864158e-03  -4.3578298e-03
  -2.5059155e-01   4.2213640e-01  -2.6015030e-01   1.3414573e-02  -6.6226725e-03  -4.8586429e-03
  -2.5163213e-01   4.3088302e-01  -2.8648372e-01   1.4096131e-02  -6.4992858e-03  -4.7955838e-03
  -2.5043903e-01   4.4555243e-01  -3.0983268e-01   1.3556994e-02  -6.3976106e-03  -4.5980863e-03
  -2.4450074e-01   3.9560086e-01  -3.1797648e-01   1.3511578e-02  -6.3867205e-03  -4.7135642e-03
  -2.4830775e-01   4.3206380e-01  -2.8700002e-01   1.4368532e-02  -6.2249059e-03  -4.6041580e-03
  -2.4664790e-01   4.1493083e-01  -2.8221287e-01   1.3537217e-02  -5.9879199e-03  -4.2677520e-03
  -2.4619420e-01   4.0585028e-01  -2.9301457e-01   1.3975259e-02  -5.9665540e-03  -4.3502417e-03
