   0.0000000e+00   0.0000000e+00   0.0000000e+00   0.0000000e+00   0.0000000e+00   0.0000000e+00
   2.9332734e-02   1.5996503e-01   2.0253894e-01   2.4984068e-03   4.1928488e-04  -4.3933142e-04
   2.8781194e-02   7.8455613e-02   4.9014107e-01   9.5265446e-04  -1.2203630e-03   6.5013615e-04
   5.4749828e-02   8.1617302e-02   2.4877524e-01   1.9087353e-03  -4.4675428e-04  -3.9489484e-04
   7.2636104e-02  -1.0299406e-01   1.8414370e-01   6.7354869e-05  -6.6649528e-05  -3.5554795e-04
   7.5973623e-02  -6.3872742e-03   2.1519027e-01   7.7658440e-04  -1.3834334e-04  -4.9843270e-04
   6.9742647e-02   9.1306384e-02   4.0043168e-01   6.7564251e-04  -2.0705433e-04  -4.4095067e-04
   8.6460717e-02  -5.5277592e-02   2.6053870e-01  -1.2333755e-03   3.5636882e-05  -4.0545933e-04
   7.3964304e-02   4.4210818e-02   3.0508689e-01   4.8945798e-04  -3.2304150e-04  -5.9770486e-04
   8.4903766e-02   6.2329442e-02   4.1942740e-01   4.8479325e-04  -1.7484089e-04  -4.8383298e-04
   9.3201545e-02  -9.9799001e-02   3.0711585e-01  -6.4495384e-08   2.2802406e-05  -4.7063630e-04
   7.1720097e-02   1.0399277e-01   4.2086438e-01   7.2723641e-04  -3.8382397e-04  -3.1741383e-04
   9.2325216e-02  -7.5061452e-04   4.4868316e-01  -1.3591185e-03  -1.6741685e-04  -2.9171809e-04
   9.8956170e-02  -5.8312406e-02   3.1690242e-01  -9.7456472e-04  -4.2933942e-05  -5.3950862e-04
   8.2966587e-02   7.6533942e-02   3.9669938e-01   2.9083500e-04  -4.4206391e-04  -4.6187931e-04
   1.0473809e-01   2.6118958e-02   4.4666173e-01  -1.0179839e-03  -3.0414494e-04  -5.0008062e-04
   1.0395625e-01  -5.8836104e-02   2.6931781e-01   5.2671054e-04  -2.8597663e-04  -4.8146090e-04
   1.0006840e-01   1.0873674e-01   4.5741586e-01  -1.2341198e-04  -4.5725309e-04  -5.0988823e-04
   1.2616097e-01  -4.4575670e-02   4.4453922e-01  -1.5843603e-03  -2.9583191e-04  -3.2935067e-04
   1.1304549e-01  -4.4413561e-02   3.6002928e-01  -5.5686445e-04  -3.5076273e-04  -3.9463676e-04
   9.1061031e-02   7.0678191e-02   4.0366737e-01   1.4826742e-04  -5.6341626e-04  -4.0022722e-04
   1.0146927e-01   5.4683435e-02   5.1102241e-01  -1.0614008e-03  -7.7012903e-04  -3.8994760e-04
   9.7484176e-02  -9.4192275e-02   2.1619594e-01   1.0287837e-03   3.3096971e-05  -5.9986826e-04
   1.0432854e-01   2.6317248e-02   4.2048936e-01  -2.5009189e-03   2.8927308e-04  -3.6863052e-04
   1.0684854e-01  -3.1116075e-02   2.9305813e-01  -4.0204373e-04   1.9187153e-04  -7.1894050e-04
   8.3682720e-02   1.5496839e-01   5.1931282e-01  -3.0506250e-04  -7.6114419e-04  -1.4626440e-04
   1.1333083e-01  -9.3443143e-02   3.5444726e-01  -2.1435914e-03  -1.9266742e-04  -2.7209285e-04
   1.0196169e-01  -5.5306746e-02   3.1755209e-01  -1.0317237e-03  -1.1510861e-04  -4.2870742e-04
   9.0087443e-02   8.1318989e-02   4.4548704e-01  -4.1242607e-04  -5.8248800e-04  -3.9583708e-04
   1.0075198e-01  -2.2806935e-03   4.5491948e-01  -2.0732040e-03  -2.7173188e-04  -4.0661415e-04
   9.8478422e-02  -3.0085825e-02   3.0171718e-01   4.4415131e-04  -1.6652718e-04  -7.1317495e-04
   9.2231575e-02   1.1671503e-01   4.8890042e-01  -6.6110020e-04  -3.5673407e-04  -5.4253626e-04
   1.0352983e-01  -8.1370729e-03   4.4590798e-01  -1.4877649e-03  -2.9875882e-04  -5.7457083e-04
   9.5484037e-02  -6.5493427e-02   3.3889241e-01  -1.5798651e-03  -1.6211073e-04  -5.6268442e-04
   8.5746111e-02   7.0485040e-02   4.0410948e-01  -2.1408294e-04  -3.9226751e-04  -5.6059334e-04
   9.2725106e-02   7.4121539e-02   4.7021993e-01  -5.3403787e-04  -5.2514290e-04  -5.9343071e-04
   1.1339618e-01  -8.2174092e-02   3.8418739e-01  -3.0290377e-03   8.7933462e-05  -3.6198518e-04
   9.1254551e-02   5.1749622e-02   3.7961316e-01   8.1395573e-04  -2.8478875e-04  -6.1390019e-04
   9.1552835e-02   8.6237158e-02   5.4180052e-01  -1.3932328e-03  -5.8142881e-04  -3.2378992e-04
   1.1899734e-01  -1.3588935e-01   3.8557684e-01  -2.3941672e-03   1.2015538e-04  -3.3865732e-04
   9.9136636e-02   9.4304497e-02   4.6498377e-01  -4.9570067e-04  -5.0947987e-04  -2.9153604e-04
   1.2270758e-01  -5.9868541e-03   4.9630582e-01  -1.3580450e-03  -3.0290044e-04  -4.8174186e-04
   1.2556259e-01  -3.7522704e-02   4.8290642e-01  -2.6309714e-03  -5.3630305e-05  -4.1949400e-04
   7.8342219e-02   1.8450956e-02   3.4507222e-01  -2.3568867e-04  -3.3654648e-04  -8.4179959e-04
   8.8616151e-02   9.3769251e-02   5.2290975e-01  -7.2978525e-04  -5.1408379e-04  -5.2190018e-04
   1.1033776e-01  -1.1579147e-01   4.0810503e-01  -2.6480349e-03  -2.4314390e-04  -6.4156374e-04
   9.7276265e-02   2.2235047e-02   4.0215032e-01  -9.3801548e-04  -3.7878577e-04  -6.4363568e-04
   1.0051772e-01   1.0029732e-01   4.6912096e-01   1.0165933e-03  -4.4702337e-04  -7.1496430e-04
   9.8123384e-02  -1.0053830e-01   3.5049614e-01  -2.8010498e-03   7.0992054e-05  -4.0449277e-04
   9.4924172e-02   1.1025008e-01   4.7090927e-01  -7.1555188e-04  -7.2428727e-04  -4.5858043e-04
   1.1917156e-01  -1.2868897e-02   5.0024843e-01  -1.5487647e-03  -5.5850283e-04  -6.3784293e-04
   1.2200398e-01  -1.1665271e-01   3.9252336e-01  -1.9302109e-03  -2.6115243e-04  -5.9195217e-04
   9.3825319e-02   6.0389669e-02   4.5283372e-01  -5.6422852e-04  -8.6426810e-04  -4.8759322e-04
   1.1033039e-01   1.8665191e-02   5.4173304e-01  -1.8832786e-03  -7.9541080e-04  -4.8097873e-04
   1.1206296e-01  -1.1861528e-01   3.4149068e-01  -2.5696081e-03  -1.9204072e-04  -5.8717659e-04
   8.7183190e-02   1.2910129e-01   4.1781953e-01  -1.0163210e-03  -2.0422991e-04  -7.7719592e-04
   9.0286080e-02  -1.8209290e-02   4.3629918e-01  -2.6617396e-03  -4.3280106e-04  -5.9684340e-04
   1.0093268e-01  -1.3279834e-01   3.2658785e-01  -2.6652190e-03  -2.7687557e-04  -6.3192265e-04
   7.5852462e-02   1.1353569e-01   4.2447792e-01   1.7563180e-04  -1.1554433e-03  -4.8381118e-04
   9.3375776e-02   2.6967954e-02   5.8523423e-01  -3.3322460e-03  -1.0176529e-03  -3.6130417e-04
   8.8579378e-02  -1.0135066e-01   2.8450236e-01  -3.2054900e-03  -3.3223017e-04  -6.0837952e-04
   9.2931865e-02   8.3694301e-02   4.3657771e-01  -1.0075548e-03  -1.3118438e-03  -8.3489074e-04
   1.0566419e-01  -6.3032456e-03   4.7488251e-01  -2.7176444e-03  -1.0940001e-03  -5.9901796e-04
   6.9222887e-02  -9.4403739e-02   1.7598491e-01  -1.6338845e-03  -4.3791481e-04  -9.3540523e-04
   7.8112530e-02   9.7327166e-02   4.6373300e-01  -1.6560671e-03  -9.6077454e-04  -6.2698055e-04
   8.9602789e-02  -3.7317227e-03   4.7764861e-01  -3.2708113e-03  -8.6225984e-04  -4.2431664e-04
   8.8806505e-02  -9.1118713e-02   2.7899903e-01  -2.5505577e-03  -4.7573979e-04  -7.2319298e-04
   8.0363558e-02   1.1478523e-01   4.5590326e-01  -2.3413161e-03  -8.3958711e-04  -5.8765211e-04
   1.0041513e-01  -1.3948809e-01   3.4041225e-01  -4.4453447e-03  -3.8441610e-04  -4.4612997e-04
   8.2554842e-02   2.5047657e-02   3.4167154e-01  -1.8202385e-03  -8.4967694e-04  -6.7011852e-04
   9.4564807e-02   2.4770436e-03   4.9339466e-01  -3.2728152e-03  -1.0626093e-03  -5.2816983e-04
   9.8292502e-02  -1.1649802e-01   3.3533758e-01  -3.4068826e-03  -6.4708628e-04  -5.8676754e-04
   8.8981165e-02  -5.2511690e-02   3.3601052e-01  -3.0881001e-03  -2.8370261e-04  -7.9395563e-04
   7.6188843e-02   1.1035840e-01   4.6044274e-01  -7.1225263e-04  -9.1043410e-04  -8.8632400e-04
   8.1195621e-02   8.0159608e-03   4.8772242e-01  -3.3148099e-03  -1.0543864e-03  -4.8783391e-04
   9.6795803e-02  -1.4300846e-01   3.2171305e-01  -3.5751467e-03  -4.8984905e-04  -5.8603610e-04
   8.3612177e-02   7.3093749e-02   4.5883555e-01  -1.4753316e-03  -1.0945981e-03  -7.4044368e-04
   1.0653583e-01  -3.7919697e-02   5.1311884e-01  -3.6148770e-03  -8.8072439e-04  -5.8534066e-04
   7.9355009e-02  -1.3812584e-01   2.6352063e-01  -2.2228413e-03  -1.9654178e-04  -9.7944463e-04
   8.3293103e-02  -6.7422351e-02   3.7398430e-01  -5.3135565e-03  -1.1752211e-04  -5.9800356e-04
   5.6406366e-02   3.7201189e-02   3.6803515e-01  -8.2989346e-04  -1.1674775e-03  -7.6465062e-04
   8.4775212e-02   1.7289730e-02   4.8682715e-01  -2.5258025e-03  -7.4085424e-04  -8.3651029e-04
   9.7776393e-02  -1.2656449e-01   4.0374906e-01  -4.5198229e-03  -1.9155933e-04  -7.6798259e-04
   7.1396159e-02   1.2442127e-02   4.0709674e-01  -1.7740355e-03  -8.2343287e-04  -8.7365318e-04
   6.8564707e-02   5.0953013e-02   5.8216423e-01  -2.5993241e-03  -1.1988683e-03  -6.1775207e-04
   8.6855153e-02  -4.9680081e-02   4.8870252e-01  -3.7817937e-03  -4.9189673e-04  -7.7011187e-04
   8.1492780e-02  -1.1173964e-01   3.3485633e-01  -4.3942363e-03  -2.5889409e-04  -8.5490949e-04
   6.5139298e-02   1.5329283e-01   5.6327154e-01  -2.3535738e-03  -1.1516571e-03  -7.3042467e-04
   1.0662696e-01  -1.4673196e-01   4.5501470e-01  -4.5973449e-03  -5.9353744e-04  -8.4082131e-04
   8.3039132e-02  -5.5136597e-02   3.5632910e-01  -2.9576501e-03  -3.6184083e-04  -8.0884212e-04
   6.0420682e-02   5.1980408e-02   4.0967215e-01  -1.7638876e-03  -6.9054701e-04  -6.5503827e-04
   7.3493576e-02  -1.9606379e-02   4.9803655e-01  -3.7904873e-03  -5.4144501e-04  -5.2599063e-04
   8.2657657e-02  -1.0133352e-01   3.5181581e-01  -2.8857318e-03  -2.3681208e-04  -6.0118385e-04
   7.2919956e-02   1.2567735e-01   5.4199095e-01  -1.6558907e-03  -8.5693748e-04  -5.4306226e-04
   8.9374425e-02  -4.3118200e-02   4.7205444e-01  -3.3643890e-03  -6.2579501e-04  -6.9592829e-04
   1.0233191e-01  -1.1502920e-01   4.3067083e-01  -4.6471892e-03  -2.8836713e-04  -5.8549636e-04
   7.5963821e-02   8.6735753e-02   4.7899929e-01  -1.8267102e-03  -9.1628989e-04  -6.8949326e-04
   7.9625544e-02   3.2053645e-02   5.6380832e-01  -2.7914617e-03  -9.5080224e-04  -6.4225944e-04
   9.4256763e-02  -1.0962922e-01   3.9867172e-01  -5.0864756e-03   1.0201272e-04  -8.2082847e-04
   6.7695739e-02   8.9864172e-02   4.8995409e-01  -2.3334799e-03  -8.8378787e-04  -6.9775335e-04
   9.5213590e-02  -1.1942171e-01   4.5389599e-01  -3.5540249e-03  -5.3294289e-04  -7.9626184e-04
   7.2919204e-02  -9.7042086e-02   3.6908300e-01  -2.3821007e-03  -4.0887810e-04  -8.3356379e-04
   6.3468578e-02   9.6782443e-02   5.4600955e-01  -1.8890610e-03  -9.1946842e-04  -6.4431384e-04
   8.1893394e-02  -4.9852677e-02   5.1352077e-01  -3.8719684e-03  -5.6888332e-04  -6.4143681e-04
   8.7878916e-02  -8.8784836e-02   4.2617798e-01  -4.0071131e-03  -4.6038554e-04  -8.1693456e-04
   6.8275714e-02   3.9103922e-02   4.2511942e-01  -2.4836441e-03  -6.4192000e-04  -9.8305975e-04
   6.0678217e-02   6.7615027e-02   4.8358248e-01  -2.6242861e-03  -8.7591002e-04  -8.8730699e-04
   5.3230752e-02  -5.4682367e-03   4.3728891e-01  -3.7297118e-03  -1.0358697e-03  -7.6830664e-04
   7.6283580e-02  -1.1916656e-01   3.5993190e-01  -3.8348289e-03  -3.2062204e-04  -9.7992236e-04
   6.6685812e-02   5.8935676e-02   4.9522471e-01  -2.3143736e-03  -9.6625444e-04  -8.2505250e-04
   8.1329809e-02   1.3820233e-02   5.7088802e-01  -3.5245620e-03  -8.3385451e-04  -8.2000480e-04
   7.8799113e-02  -1.0216668e-01   4.0937282e-01  -5.5378482e-03   5.1767321e-05  -9.6088293e-04
   5.6043336e-02  -3.7390283e-02   3.0771264e-01  -2.4674517e-03  -4.6095201e-04  -1.0589622e-03
   6.1118122e-02  -1.8529581e-02   4.1863061e-01  -5.2066964e-03  -3.3377778e-04  -9.0926379e-04
   6.9773309e-02  -7.9048155e-02   3.6581230e-01  -3.7484592e-03  -5.4980825e-04  -7.8999672e-04
   7.2853009e-02   1.1533075e-01   4.9762146e-01  -2.2740689e-03  -7.8570017e-04  -9.3962436e-04
   8.0686946e-02   5.6933028e-03   5.1025431e-01  -3.8930429e-03  -8.6303106e-04  -8.8391305e-04
   8.8585277e-02  -1.2188564e-01   3.3162518e-01  -3.9949749e-03  -2.0575486e-04  -9.8067080e-04
   7.3727809e-02   5.3991177e-02   4.2184694e-01  -2.1175592e-03  -6.1765654e-04  -1.0468108e-03
   7.5395026e-02  -1.7237683e-03   4.9696282e-01  -2.9645813e-03  -7.7370184e-04  -9.5861876e-04
   8.2142544e-02  -6.4866675e-02   4.8904578e-01  -4.0987043e-03  -7.8633460e-04  -8.4762757e-04
   8.2041515e-02  -9.8098210e-02   4.1356518e-01  -2.8711218e-03  -6.4326840e-04  -8.4829914e-04
   7.4663221e-02   7.6293581e-02   5.5596841e-01  -2.0901649e-03  -1.0061763e-03  -9.0873147e-04
   7.4655394e-02  -5.3527548e-02   5.5375735e-01  -4.0587341e-03  -8.5117129e-04  -7.1406045e-04
   7.4589321e-02  -1.3272032e-01   3.9421363e-01  -3.4325604e-03  -5.5385860e-04  -9.9671741e-04
   6.9702053e-02   6.0894584e-02   4.9664139e-01  -2.4686320e-03  -8.2653200e-04  -8.9884479e-04
   7.6475522e-02   1.3127226e-03   5.6208916e-01  -3.1476671e-03  -7.9169760e-04  -9.6913608e-04
   9.0953108e-02  -1.4353015e-01   4.4339226e-01  -4.9867378e-03  -3.1971893e-04  -9.1159182e-04
   7.0965858e-02   1.8684701e-02   4.5243654e-01  -1.7230459e-03  -8.9695620e-04  -9.1235559e-04
   8.0543270e-02   5.1208612e-02   6.0460273e-01  -2.4530362e-03  -1.1250112e-03  -7.8890468e-04
   1.0623447e-01  -1.3197962e-01   4.6536601e-01  -3.7958781e-03  -5.4767285e-04  -1.0504134e-03
   7.8959333e-02  -6.3664241e-02   4.2078458e-01  -2.4410541e-03  -5.3764327e-04  -1.0080199e-03
   7.9035185e-02   6.4346255e-02   5.2673642e-01  -1.6687425e-03  -8.9176773e-04  -9.5631745e-04
   8.8694664e-02   3.0800059e-02   6.0913218e-01  -2.8115137e-03  -1.0919023e-03  -8.0155756e-04
   1.0081599e-01  -7.6939275e-02   5.0184983e-01  -3.4457257e-03  -6.2969144e-04  -8.9486131e-04
   8.3241075e-02  -2.7859666e-02   3.7666182e-01  -6.0659478e-05  -3.0718743e-04  -1.1746923e-03
   4.9613809e-02  -6.8367148e-02   3.5928248e-01  -4.4806464e-03   2.2800731e-04  -9.0022296e-04
   4.9891686e-02   7.7287473e-02   4.7460128e-01  -1.2811122e-03  -7.1090862e-04  -1.0470320e-03
   7.6921868e-02  -4.1498909e-03   5.4937135e-01  -2.3341909e-03  -5.9515165e-04  -8.1807335e-04
   7.8421136e-02  -5.7651879e-02   4.7330815e-01  -3.6462133e-03  -7.1552229e-05  -7.5831100e-04
   7.7810562e-02  -8.5475143e-02   3.8289026e-01  -2.3070482e-03  -2.2101714e-04  -9.3312349e-04
   6.6435617e-02   8.1898574e-02   4.4260216e-01  -9.9090340e-04  -4.8010403e-04  -1.0028311e-03
   7.7059150e-02   2.4593880e-02   5.8557017e-01  -2.7846243e-03  -9.4867124e-04  -6.3432075e-04
   9.0437562e-02  -1.7075957e-01   3.9331390e-01  -4.0631334e-03  -5.7991541e-06  -8.8245008e-04
   5.3885751e-02   9.4824428e-02   5.0293558e-01  -5.3352682e-04  -1.1073786e-03  -8.4655684e-04
   6.7967752e-02   3.0068088e-03   5.0061106e-01  -2.3906926e-03  -6.8214071e-04  -8.4806369e-04
   8.5712562e-02  -9.9037436e-02   4.5648278e-01  -4.4207731e-03  -3.6310449e-04  -7.9508514e-04
   7.1134384e-02   8.4884791e-03   3.7051934e-01  -1.8640484e-03  -4.0397715e-04  -1.2758785e-03
   6.6919741e-02   8.2014334e-02   5.4739533e-01  -3.5555729e-03  -8.3661176e-04  -7.7618347e-04
   8.0060742e-02  -1.7799344e-01   3.1550348e-01  -3.4534192e-03  -3.3094672e-04  -9.5292845e-04
   6.7003936e-02   2.0926049e-02   4.0412477e-01  -2.3817451e-03  -4.6336165e-04  -8.0024231e-04
   6.9468256e-02   7.3226555e-02   5.7335064e-01  -2.5753633e-03  -8.8573096e-04  -7.2412976e-04
   9.7739933e-02  -1.0811766e-01   4.5986951e-01  -3.9805650e-03  -3.3888881e-04  -8.9504022e-04
   7.9810238e-02  -7.8276558e-02   3.8398387e-01  -3.0870919e-03  -1.9717866e-04  -9.5660961e-04
   6.8198239e-02   7.9888179e-02   4.9417872e-01  -1.8220583e-03  -8.2933601e-04  -8.1540056e-04
   8.3146592e-02  -4.0629382e-02   5.4677572e-01  -4.2665022e-03  -8.8778746e-04  -7.5915372e-04
   8.7627898e-02  -1.3580738e-01   3.6623867e-01  -4.0951048e-03  -3.3477087e-04  -9.4510911e-04
   6.4053932e-02   6.5254267e-02   4.8613438e-01  -2.0627832e-03  -9.9074322e-04  -9.1288419e-04
   7.6575301e-02  -3.7371891e-02   4.9760619e-01  -3.7354902e-03  -9.6557762e-04  -7.1948165e-04
   8.3642734e-02  -1.3777859e-01   3.1523935e-01  -2.9017192e-03  -2.0156016e-04  -1.0625267e-03
   6.3806367e-02   9.8313058e-02   5.0119010e-01  -2.2041236e-03  -9.3391192e-04  -7.5680259e-04
   8.9412336e-02  -4.6461498e-02   5.1640596e-01  -3.2208653e-03  -8.4585802e-04  -8.2176380e-04
   1.0762071e-01  -1.0373687e-01   4.6726208e-01  -4.0245521e-03  -4.5245298e-04  -9.2887304e-04
   7.9244698e-02   4.4089676e-02   4.6693103e-01  -1.8572555e-03  -1.2160731e-03  -8.6291497e-04
   7.9696432e-02   5.0552834e-02   5.8171403e-01  -3.0084811e-03  -1.1342737e-03  -8.3690799e-04
   9.0891774e-02  -1.6455105e-01   3.9492280e-01  -4.9357753e-03  -5.7682126e-04  -8.6305486e-04
   7.5273341e-02  -2.4148116e-02   3.9405910e-01  -2.5399203e-03  -7.3947647e-04  -9.1191378e-04
   6.8589050e-02   6.8519489e-02   5.2334176e-01  -2.4623768e-03  -1.0607493e-03  -7.9648400e-04
   8.9228818e-02  -1.0121562e-01   4.9027123e-01  -3.6247516e-03  -7.0873190e-04  -8.4377845e-04
   7.8394034e-02  -8.5891054e-02   4.5599729e-01  -2.2266700e-03  -7.7024612e-04  -9.4209631e-04
   7.2780400e-02   6.9673449e-02   5.2050037e-01  -1.1507427e-03  -1.0477133e-03  -1.0081387e-03
   8.1214249e-02   1.4067709e-02   5.6665633e-01  -2.3445513e-03  -9.2036270e-04  -9.6026267e-04
   8.0580475e-02  -1.0859264e-01   4.4251728e-01  -2.3805097e-03  -5.0205720e-04  -1.1717966e-03
   6.1970442e-02   7.6741741e-02   5.0391912e-01  -1.0581437e-03  -9.4617801e-04  -7.8490939e-04
   5.4822879e-02   1.1201874e-01   4.9752974e-01  -1.1716175e-03  -7.4549395e-04  -8.8740773e-04
   3.5564476e-02  -2.5459081e-02   2.7266675e-01  -1.3325292e-03  -9.5923881e-04  -1.2080227e-03
   4.8409696e-02   1.2452315e-04   2.3960611e-01  -4.5699991e-04  -1.0979914e-03  -9.3481532e-04
   6.3167327e-02   5.2303490e-02   4.4171065e-01  -2.2035084e-03  -1.0582548e-03  -7.7708223e-04
   7.8131189e-02  -1.1189681e-01   2.5002171e-01  -1.0167660e-03  -4.7852753e-04  -1.0837079e-03
   4.8673326e-02   1.4619197e-01   5.0209795e-01  -2.3626138e-04  -1.4788470e-03  -6.9822654e-04
   6.6753038e-02  -4.2011860e-02   4.1782528e-01  -2.7331019e-03  -9.2878687e-04  -6.9227304e-04
   5.6336523e-02  -7.6262517e-02   3.2096488e-01  -9.8731536e-04  -8.4789340e-04  -9.1801869e-04
   5.0938881e-02   1.1184974e-01   4.4515145e-01  -7.3352757e-04  -1.1043368e-03  -8.5904601e-04
   7.4510976e-02  -8.1992516e-03   5.1112909e-01  -3.2879097e-03  -8.9920381e-04  -6.9772854e-04
   8.1168322e-02  -9.5574514e-02   3.4858525e-01  -2.1327040e-03  -4.1000502e-04  -9.2146137e-04
   5.8727834e-02   9.2366537e-02   4.4755724e-01  -8.7914456e-04  -8.8732155e-04  -8.4657063e-04
   6.7874907e-02  -1.1942594e-02   4.4227038e-01  -2.1480631e-03  -9.6605175e-04  -8.5080872e-04
   7.8787881e-02  -6.7468188e-02   4.4749394e-01  -3.3298185e-03  -7.1459461e-04  -8.0643247e-04
   7.1590352e-02  -1.5349516e-02   3.9583803e-01  -1.1925337e-03  -1.0197845e-03  -9.7414052e-04
   6.0874884e-02   9.5042620e-02   5.0694238e-01  -1.1215914e-03  -1.3229288e-03  -7.5265327e-04
   7.7216388e-02  -7.8496222e-02   4.4632420e-01  -3.0258810e-03  -1.0723935e-03  -7.6668053e-04
   7.4757899e-02  -4.4248368e-02   3.4030417e-01  -1.4916259e-03  -6.2978137e-04  -1.0232698e-03
   6.3452602e-02   9.3859865e-02   4.4200301e-01  -5.3919645e-04  -1.1489707e-03  -9.1301513e-04
   7.5485390e-02   1.8556125e-02   4.9120672e-01  -1.8766093e-03  -1.0141574e-03  -8.5674822e-04
   7.9551774e-02  -1.0762241e-01   3.2099222e-01  -1.2293215e-03  -6.3668784e-04  -9.6409695e-04
   5.9944330e-02   1.3688958e-01   4.8480909e-01   6.5663838e-04  -8.7116998e-04  -1.0183815e-03
   5.4791006e-02  -7.5584704e-02   2.7433873e-01  -4.8006915e-04  -6.4997998e-04  -9.6916063e-04
   5.3348061e-02   1.6848870e-01   6.0874818e-01  -1.7948914e-03  -1.1734284e-03  -6.9214843e-04
   7.9846311e-02  -1.3205241e-01   3.5516908e-01  -2.8191703e-03  -6.1007931e-04  -8.7699905e-04
   6.4578030e-02   6.5577899e-03   3.6619991e-01  -1.1508588e-03  -7.3191344e-04  -1.0510268e-03
   5.5396044e-02   1.0864845e-01   4.8239007e-01  -4.0423166e-04  -1.1412015e-03  -9.1646964e-04
   5.7510601e-02  -1.1170431e-02   4.6020023e-01  -2.4934488e-03  -8.4680008e-04  -8.2689215e-04
   4.7731623e-02  -1.0677339e-01   2.6100281e-01   2.8185315e-05  -7.7401016e-04  -1.2613285e-03
   4.5065615e-02   1.0559753e-01   5.8613536e-01  -5.3246993e-04  -1.2015477e-03  -1.0233096e-03
   5.8055963e-02  -2.2337666e-02   5.5581381e-01  -1.8274086e-03  -1.1392294e-03  -9.1881803e-04
   4.0027262e-02  -6.4213336e-02   3.9510729e-01  -3.5635734e-04  -1.1141412e-03  -1.0359886e-03
   3.7491791e-02   1.3273250e-01   5.4806339e-01  -7.9323857e-04  -1.2663222e-03  -7.1329987e-04
   5.7067274e-02  -3.1436692e-02   3.4923436e-01  -1.4282558e-03  -5.2876958e-04  -1.0194813e-03
   2.0395386e-02   3.1094183e-02   2.8115049e-01   6.8494272e-04  -9.3427600e-04  -9.9837841e-04
   4.0628597e-02   1.4121726e-01   4.9264030e-01   9.0047174e-04  -1.0842752e-03  -1.0328558e-03
   1.5798313e-02  -5.9011279e-02   1.3303492e-01   9.9237237e-04  -7.7793964e-04  -1.2731032e-03
   3.8755924e-02   1.1779148e-01   3.6481481e-01  -1.5656164e-03  -7.2531944e-04  -8.0228742e-04
   4.0787376e-02  -5.8974895e-02   1.9312268e-01  -5.1276553e-04  -3.9434874e-04  -1.2058071e-03
   2.6235054e-02   9.9203790e-02   2.9142531e-01   6.5801129e-04  -7.7234024e-04  -1.2298861e-03
   4.9132086e-02   7.4172828e-02   3.9784090e-01  -5.9205421e-04  -7.3456707e-04  -1.0596231e-03
   6.0366745e-02  -1.0049480e-01   2.4202985e-01  -1.1778219e-03  -3.5506724e-04  -1.1607134e-03
   3.9398240e-02   1.5485927e-01   4.0781714e-01   3.6577986e-04  -9.7441490e-04  -1.0732902e-03
   5.3277123e-02   6.0843598e-02   4.3097888e-01  -1.0740951e-03  -8.5879053e-04  -9.5693266e-04
   6.1527730e-02  -9.7753139e-02   2.6722295e-01  -1.8585630e-03  -4.4451506e-04  -1.0300706e-03
   4.8120102e-02   9.5488403e-02   3.5795342e-01   5.0121559e-04  -8.7169197e-04  -1.0570440e-03
   6.0421453e-02   4.1610544e-02   4.4950643e-01  -1.2717812e-03  -6.7449286e-04  -9.6257721e-04
   5.1907837e-02  -1.0077717e-01   2.7537224e-01  -5.6481299e-04  -6.2777296e-04  -1.0800574e-03
   3.8736433e-02   1.8076686e-01   4.8547293e-01   2.7837307e-04  -1.1984610e-03  -9.9198521e-04
   6.0824118e-02   2.1894374e-02   4.4273152e-01  -1.2133666e-03  -1.0401677e-03  -9.4479671e-04
   7.1014277e-02  -8.8357553e-02   3.1556359e-01  -1.6450792e-03  -5.8273564e-04  -1.2799182e-03
   4.7708962e-02   1.0786857e-01   4.0255318e-01  -1.2637062e-04  -1.0203985e-03  -9.3755997e-04
   5.3272934e-02   1.0795453e-01   5.2379714e-01  -1.2073047e-03  -1.1822850e-03  -8.7114212e-04
   7.1690835e-02  -1.3317611e-01   2.9507681e-01  -2.9462093e-03  -6.6989051e-04  -9.3935254e-04
   4.8474080e-02   4.6145074e-02   3.5079767e-01  -3.2345023e-04  -1.2222097e-03  -1.0977191e-03
   6.4770111e-02  -1.2952057e-03   4.4688605e-01  -1.6024085e-03  -1.0693206e-03  -1.0059781e-03
   7.2136681e-02  -8.2599437e-02   3.5212235e-01  -1.9634010e-03  -6.6540321e-04  -1.0602348e-03
   3.9196780e-02   1.1653310e-01   3.9099607e-01   5.9233193e-04  -1.3515224e-03  -1.0033951e-03
   4.9402968e-02   5.3761733e-02   4.2502624e-01  -5.3296106e-04  -1.2489010e-03  -9.0541174e-04
   6.7328545e-02  -2.0622271e-02   4.1834313e-01  -1.8153335e-03  -7.0214027e-04  -8.8794805e-04
   6.3326780e-02  -1.6392441e-02   2.7252657e-01   5.3786405e-05  -8.9386110e-04  -1.1094194e-03
   4.7901827e-02   1.5317043e-01   5.0029752e-01  -8.0542915e-05  -1.6138849e-03  -6.3348958e-04
   7.0345698e-02  -3.0591686e-02   4.3297271e-01  -1.6904763e-03  -8.4895603e-04  -9.1895510e-04
   5.9623824e-02  -1.5152202e-02   3.4009075e-01  -4.0911352e-04  -1.1351678e-03  -9.4610910e-04
   4.7870419e-02   1.2878150e-01   4.2118725e-01  -1.8288993e-04  -1.1914165e-03  -8.6497422e-04
   5.9393519e-02   5.0016440e-04   4.5075381e-01  -2.1331960e-03  -8.4751703e-04  -7.9898684e-04
   6.5797760e-02  -9.9331122e-02   3.0500237e-01  -1.9715695e-03  -3.3711738e-04  -1.0010224e-03
   4.1848231e-02   8.3489863e-02   3.8428330e-01  -7.1736933e-05  -1.0793405e-03  -7.9651227e-04
   5.6691577e-02   5.3662517e-02   4.8490751e-01  -1.0563809e-03  -1.2480290e-03  -7.3316499e-04
   3.3504839e-02  -4.7334059e-02   1.7671107e-01   4.9780192e-04  -9.7532144e-04  -9.0441345e-04
   4.4223958e-02   1.4117492e-01   4.3568038e-01  -6.0917959e-04  -1.0532785e-03  -9.0485782e-04
   5.8737000e-02  -6.8740202e-02   3.4728516e-01  -2.7471631e-03  -7.0704849e-04  -7.2078572e-04
   4.7897782e-02  -5.9936700e-03   2.6348591e-01  -2.0296375e-04  -8.3339969e-04  -1.0832440e-03
   4.4584442e-02   1.9020856e-01   4.1475789e-01  -3.9355695e-04  -4.6993003e-04  -1.0423114e-03
  -1.7525453e-03  -1.6903413e-02   2.3150545e-01  -1.9502078e-03  -7.0549760e-04  -7.2292909e-04
   2.2147133e-02  -5.3124402e-02   1.5240430e-01  -3.9101777e-04  -3.7009839e-04  -9.0531390e-04
   3.7590931e-02   1.4743101e-01   4.1053059e-01  -2.6566172e-04  -1.0331252e-03  -5.8392304e-04
   7.3812729e-02  -8.1190400e-02   3.3328791e-01  -1.9249546e-03  -5.7892355e-04  -7.7684648e-04
   5.5999242e-02  -2.5174207e-02   2.4366909e-01  -8.7702988e-04  -3.7493522e-04  -6.8911995e-04
   5.6995158e-02   1.1820927e-01   4.3233480e-01   2.2494246e-04  -1.0469671e-03  -7.1234672e-04
   6.9066689e-02   2.8806493e-02   4.6719470e-01  -1.8376663e-03  -9.7371962e-04  -5.8340961e-04
   5.9579082e-02  -1.1726755e-01   2.3967625e-01  -1.2493843e-03  -5.5322151e-04  -6.4334148e-04
   4.0441261e-02   8.8433811e-02   2.9765540e-01   5.6402982e-04  -8.2305239e-04  -9.4295161e-04
   3.6579766e-02   1.0949186e-01   4.8316997e-01  -4.2751191e-04  -1.2937180e-03  -5.2258352e-04
   6.8768695e-02  -1.2032848e-01   3.1948235e-01  -2.0076143e-03  -7.1185456e-04  -4.7091122e-04
   4.2863817e-02  -2.6904158e-02   2.4204340e-01  -4.1211408e-04  -6.7012185e-04  -8.6374277e-04
   3.2843099e-02   1.2987591e-01   3.9237016e-01   2.8235212e-04  -1.1120134e-03  -7.2628606e-04
   2.7560266e-02  -7.9927832e-03   3.6347139e-01  -5.8404673e-04  -1.3202924e-03  -5.8652340e-04
   5.4615191e-02  -5.2733742e-02   3.6706457e-01  -2.6535153e-03  -8.8272937e-04  -4.8729662e-04
   2.9003318e-02   1.8710458e-02   2.7632602e-01   2.7018986e-04  -1.1186255e-03  -6.5023552e-04
   2.9713213e-02   8.0210023e-02   4.3630456e-01  -2.2606055e-04  -1.4611068e-03  -5.3964465e-04
   3.5397886e-02  -6.2475082e-02   3.7188325e-01  -1.1634113e-03  -1.4959003e-03  -4.3239266e-04
   4.1100169e-02  -4.9598807e-02   3.1892630e-01  -5.7619878e-04  -1.0476348e-03  -7.0482803e-04
   4.1594793e-02   1.4139384e-01   4.2433405e-01   1.0092641e-03  -1.5933577e-03  -6.6733493e-04
   5.0744188e-02   3.8151129e-02   4.2946652e-01  -8.7227279e-04  -1.4652804e-03  -4.6026731e-04
   5.2856908e-02  -9.0403918e-02   3.1906517e-01  -2.0894706e-03  -1.2061665e-03  -4.4457600e-04
   3.7458437e-02   1.2769243e-02   2.6150419e-01   4.9729870e-04  -1.1950273e-03  -7.2640598e-04
   3.9863015e-02   1.1907016e-01   4.7373221e-01  -2.9571824e-04  -1.3530850e-03  -4.2278038e-04
   1.0817498e-02  -9.1040855e-02   7.4229432e-02   9.2150347e-04  -2.0782962e-04  -1.1485787e-03
   2.5095937e-02   5.7861963e-02   3.7885814e-01  -7.5865103e-04  -5.6488703e-04  -4.8430098e-04
   3.7480305e-02   1.4065311e-02   3.1630522e-01   1.0869404e-04  -5.8162018e-04  -5.2523005e-04
   2.1737589e-02   1.4939219e-01   3.4093842e-01   1.9990095e-03  -1.2086196e-03  -7.4327703e-04
   3.9532893e-02   6.2712128e-02   4.0936016e-01   1.7455163e-04  -1.2967668e-03  -5.4025705e-04
   5.5995342e-02  -1.2051795e-01   2.7219623e-01  -1.6573453e-03  -8.2083683e-04  -6.3792859e-04
   4.1870732e-02  -3.8209258e-03   2.7670603e-01  -2.9903018e-04  -1.0278031e-03  -6.1671028e-04
   4.1397111e-02   1.2984388e-01   3.6167842e-01   1.6076793e-03  -1.4572675e-03  -7.1815622e-04
   5.0508491e-02   5.9348805e-02   3.8634244e-01   4.9878617e-04  -1.6577916e-03  -5.8935615e-04
   6.1908924e-02  -1.0229564e-01   2.8891966e-01  -2.2106306e-03  -9.3105561e-04  -5.5285250e-04
   4.5204694e-02   4.7024460e-02   3.0902176e-01   6.3819163e-04  -1.3101983e-03  -6.8515242e-04
   4.3919383e-02   1.1221898e-01   4.0452121e-01   6.1334384e-04  -1.5458004e-03  -5.5928729e-04
   6.0772455e-02  -2.4240666e-03   3.6749082e-01  -7.9947405e-04  -1.3520391e-03  -4.6536568e-04
   5.7053333e-02  -3.6425499e-02   1.9095196e-01   6.5531810e-04  -9.6899044e-04  -7.2092467e-04
   4.5567284e-02   1.4595710e-01   4.1990521e-01   4.0910655e-04  -1.6244134e-03  -5.3012883e-04
   8.6274039e-02  -8.1110970e-02   3.0910801e-01  -2.2018508e-03  -9.9442166e-04  -6.4926909e-04
   5.0557901e-02   1.5664520e-02   2.1698458e-01   9.9365833e-04  -1.2919460e-03  -8.9303498e-04
   6.6387633e-02   9.6069990e-02   4.3696211e-01   3.3529537e-04  -1.3275280e-03  -1.3839043e-03
   8.0120830e-02  -8.6760204e-02   2.9418639e-01  -1.1851688e-03  -1.0619200e-03  -5.0388988e-04
   7.1106074e-02   2.5172894e-02   3.2830864e-01   8.1246851e-04  -1.1428826e-03  -5.5750694e-04
   6.9633532e-02   1.3066967e-01   4.2504864e-01   1.3943394e-03  -1.5367168e-03  -6.6037873e-04
   6.9743635e-02   3.2866064e-02   3.9761069e-01  -3.1371859e-04  -1.4557163e-03  -5.3228259e-04
   7.2086017e-02  -6.3537510e-02   2.9888869e-01  -1.4454904e-03  -1.1691898e-03  -4.6271747e-04
   5.1526949e-02   7.2198761e-02   3.4381086e-01   7.8263132e-04  -1.5115477e-03  -5.5353282e-04
   6.1008302e-02   5.4972867e-02   3.9255289e-01   7.6380348e-04  -1.7213895e-03  -6.5250603e-04
   6.6322869e-02   2.7734234e-02   4.2337268e-01  -5.3289860e-04  -1.4364531e-03  -4.1638986e-04
   5.7621171e-02  -9.9088036e-02   2.6900150e-01  -5.1837537e-05  -1.0464948e-03  -5.5713043e-04
   5.0245306e-02   1.1220053e-01   3.8271595e-01   9.6435289e-04  -1.3120763e-03  -5.8863258e-04
   7.4420759e-02   2.9238375e-02   4.1891956e-01  -1.8506684e-04  -1.2106265e-03  -3.8654757e-04
   8.5164455e-02  -8.4976110e-02   3.0489197e-01  -1.6065937e-03  -9.0133283e-04  -3.6706221e-04
   8.3829231e-02   7.0908980e-03   3.2121135e-01   4.0389940e-04  -9.8877594e-04  -4.4266904e-04
   7.2181016e-02   8.2778001e-02   3.4891012e-01   1.2483301e-03  -1.1409767e-03  -6.0929191e-04
   8.6124631e-02   1.4880348e-02   4.2955286e-01   1.9645909e-04  -9.7892073e-04  -4.7828395e-04
   9.2029750e-02  -6.9755915e-02   3.1259426e-01  -7.3160411e-04  -4.7351594e-04  -5.1304445e-04
   6.4330082e-02   1.1132852e-01   2.5524519e-01   3.3689140e-03  -9.2662551e-04  -1.0517230e-03
   4.2454686e-02  -5.5181418e-02   4.2712764e-02   4.2008412e-04  -4.8328355e-05  -7.7473672e-04
   2.9191005e-02   2.2396114e-01   3.1385112e-01   3.3143088e-03  -1.0757878e-03  -8.0925326e-04
   5.5719397e-02   2.0347828e-02   2.9184320e-01   5.2787493e-04  -7.1038356e-04  -6.7620552e-04
   6.9248610e-02  -7.2819996e-02   2.1263753e-01   3.0899517e-04  -3.6883628e-04  -7.5318902e-04
   6.0936865e-02   1.2151377e-01   3.2251617e-01   2.3356037e-03  -7.6886499e-04  -9.1008092e-04
   7.9502589e-02   4.4149941e-02   4.1457926e-01   7.4480497e-04  -8.3697247e-04  -6.5033666e-04
   7.2190565e-02  -9.5479811e-02   2.3703696e-01   4.3080910e-04  -5.4063915e-04  -7.1421377e-04
   5.0486258e-02   1.0765790e-01   2.9391144e-01   2.3963457e-03  -9.0787962e-04  -7.3675157e-04
   6.5882241e-02   1.2823152e-01   4.4982484e-01   1.4302305e-03  -1.0725580e-03  -6.4848941e-04
   7.2660841e-02  -1.0049263e-01   2.9182288e-01  -1.2044047e-03  -6.3214643e-04  -5.0149813e-04
   6.0161730e-02   8.0566317e-02   3.1533491e-01   2.2046965e-03  -7.1516463e-04  -8.0116813e-04
   8.1196506e-02   2.9751905e-02   4.2052714e-01   2.7345752e-04  -7.8889751e-04  -6.1141709e-04
   7.1589501e-02  -9.5138693e-02   1.4356294e-01   1.4042397e-03  -1.4462080e-04  -9.7292277e-04
   6.4198588e-02   1.4640307e-01   4.5735997e-01   4.1814626e-04  -7.8857446e-04  -4.7344968e-04
   8.6111682e-02  -1.0260723e-01   2.9015333e-01  -1.1379659e-03  -8.8764455e-05  -5.6592877e-04
   4.8739148e-02   5.6790093e-02   2.3483384e-01   2.1465847e-03  -7.0440387e-04  -7.2638134e-04
   5.8849551e-02   1.3280240e-01   4.1287592e-01   1.3390777e-03  -8.5300176e-04  -4.1262124e-04
   7.4875804e-02  -8.7701282e-02   2.8860045e-01  -1.1916736e-04  -5.3245391e-04  -5.6969820e-04
   5.1451756e-02   7.8427457e-02   2.5465579e-01   2.1100312e-03  -7.1575170e-04  -7.5635959e-04
   7.2004833e-02   8.5575596e-02   4.1576514e-01   2.9309460e-04  -7.2149381e-04  -5.7167506e-04
   7.2175404e-02  -5.2007886e-02   2.5543780e-01   8.3474013e-04  -6.5217682e-04  -7.8879465e-04
   5.4769132e-02   1.1824908e-01   3.4514676e-01   1.6022493e-03  -1.0429808e-03  -6.6139491e-04
   7.2548292e-02   4.7634423e-02   3.4087440e-01   7.0920580e-04  -8.6485519e-04  -7.2911808e-04
   7.7814906e-02  -5.3226056e-02   2.5664951e-01  -8.0595579e-04  -4.6511627e-04  -7.4265030e-04
   5.2044049e-02   1.1429258e-01   4.2478523e-01  -1.5488389e-03   4.0010158e-05  -1.7758380e-03
   5.3525057e-02   8.8551422e-02   4.1044077e-01  -4.6258509e-04  -3.8842994e-04  -1.2387781e-03
   1.8905896e-02  -9.3684724e-02   3.8757106e-02   4.2891754e-04  -3.5359533e-04  -1.4685455e-03
   3.0808192e-02  -3.7338933e-02   1.8949824e-01  -3.0293833e-03  -6.0305018e-05  -9.6690891e-04
   1.9376412e-02   1.3567892e-01   2.9029843e-01   6.3691550e-05  -8.0041475e-04  -1.2293918e-03
   3.6762276e-02   4.4000978e-02   2.9212457e-01  -5.8998994e-04  -4.7433923e-04  -1.2707435e-03
   3.9165803e-02  -5.7360074e-02   2.0523361e-01  -2.5487023e-03  -1.8971485e-04  -1.0202702e-03
   2.6259526e-02   2.7630568e-02   1.9570249e-01   9.0815782e-05  -5.2263859e-04  -1.2722896e-03
   2.8666645e-02   7.1201021e-02   2.2829977e-01   8.0157756e-04  -7.9986545e-04  -1.2642538e-03
   4.3572048e-02   8.9707621e-03   2.7975288e-01  -1.0975213e-03  -4.3200032e-04  -9.7164203e-04
   3.6790008e-02  -3.2424028e-02   1.1460940e-01   1.5633445e-05  -9.0421877e-05  -1.2560953e-03
   2.6919549e-02   1.4099144e-01   2.9657598e-01   7.5940308e-04  -7.6004942e-04  -1.0547314e-03
   4.4822709e-02  -1.1032271e-02   2.2676849e-01  -6.7468642e-04  -4.2635310e-04  -1.2074955e-03
   3.6908718e-02  -4.4624446e-02   1.2792602e-01  -6.8847474e-04  -3.9808008e-04  -1.2659353e-03
   2.1229002e-02   1.2877581e-01   2.4842865e-01   4.3184033e-04  -7.4188202e-04  -1.0482816e-03
   4.6960501e-02   4.8754035e-02   3.2900189e-01  -8.5746005e-04  -7.7462731e-04  -9.2103585e-04
   5.4856240e-02  -8.0697992e-02   1.8837825e-01  -2.4677467e-03  -6.3954471e-04  -8.8602836e-04
   4.0547874e-02   4.5247049e-02   1.6096330e-01   4.6293613e-04  -8.0547422e-04  -1.0165720e-03
   6.1473594e-02   1.0382563e-01   3.4622316e-01  -9.5846718e-04  -8.1601461e-04  -8.6432649e-04
   7.2054421e-02  -8.6369656e-02   2.2972809e-01  -2.9898610e-03  -4.7147156e-04  -8.7385352e-04
   6.1551364e-02  -1.6748886e-03   1.5522955e-01   1.2804041e-04  -5.3820255e-04  -1.2011657e-03
   6.1792930e-02   1.2427611e-01   2.9460537e-01   8.0725705e-06  -9.3957671e-04  -8.0599854e-04
   7.2771092e-02  -4.7261383e-02   2.6432105e-01  -1.7566979e-03  -6.5789160e-04  -7.2910313e-04
   6.6528206e-02  -5.2302068e-02   1.8428335e-01  -1.2204871e-03  -3.7237591e-04  -9.5683884e-04
   6.0528943e-02   3.7106470e-02   2.1408323e-01  -6.7335339e-04  -4.2960119e-04  -9.3258497e-04
   7.0840102e-02   1.0287743e-01   3.1594246e-01  -4.3138524e-04  -8.6389774e-04  -6.2163568e-04
   8.7006112e-02   3.6512043e-02   2.9568022e-01   1.3677238e-04  -7.2133889e-04  -9.5378532e-04
   9.3295602e-02  -5.4136055e-02   2.2934703e-01  -1.2680455e-03  -4.0722345e-04  -1.0310768e-03
   9.2324767e-02  -3.1269476e-03   2.2417324e-01  -1.2855983e-04  -6.5647180e-04  -1.0191609e-03
   8.6139483e-02   1.5353249e-01   3.5570040e-01   4.1629500e-05  -1.0259594e-03  -7.6135335e-04
   8.9144814e-02  -3.3257954e-03   3.1055541e-01  -1.3830281e-03  -8.1509354e-04  -8.1193679e-04
   8.5381187e-02  -8.0632519e-02   1.6777436e-01  -2.4666963e-03  -6.6712169e-04  -9.4889574e-04
   7.3054085e-02   2.4920269e-02   1.6092298e-01  -9.9611638e-04  -5.8052085e-04  -8.4547546e-04
   6.8899731e-02   1.1519821e-01   2.4954253e-01   4.0428298e-04  -1.0111085e-03  -7.4972444e-04
   8.3197209e-02   7.8161564e-02   3.0329770e-01  -4.4017745e-04  -1.1750457e-03  -8.6378839e-04
   9.4269115e-02  -1.1985683e-01   1.4273655e-01  -2.1403839e-03  -5.2362972e-04  -8.0011642e-04
   6.9308689e-02   8.6867084e-02   2.3761264e-01  -2.4575061e-04  -1.0257723e-03  -8.6136968e-04
   7.1715515e-02   9.8826610e-02   2.4223996e-01   8.5420133e-04  -1.0891204e-03  -1.0679782e-03
   7.8702231e-02   4.2860564e-02   3.0947761e-01  -1.4955798e-03  -1.0549971e-03  -7.5592693e-04
   8.3679780e-02  -1.1794255e-01   1.8705395e-01  -1.1713179e-03  -5.3445253e-04  -8.8760640e-04
   7.5577896e-02   1.2404469e-01   3.7562468e-01   2.7233084e-04  -1.2364091e-03  -8.8181649e-04
   1.0317248e-01  -3.3277265e-02   3.4044265e-01  -1.9771074e-03  -9.3054267e-04  -7.7226739e-04
   7.9996851e-02  -6.2112361e-02   2.1660447e-01  -1.3913240e-03  -6.8513017e-04  -7.0832309e-04
   6.6129679e-02   1.1121260e-01   2.7205724e-01   4.5276507e-04  -1.3506236e-03  -7.0272957e-04
   9.3268616e-02   7.0781644e-02   3.4342678e-01  -6.8414957e-04  -1.2051724e-03  -6.6355401e-04
   8.5476219e-02  -8.2705433e-02   4.0734702e-02   2.1727833e-04  -7.3636576e-04  -7.4867686e-04
   7.9165241e-02   1.3267419e-01   2.8353078e-01  -1.3641457e-04  -9.5079063e-04  -9.0634548e-04
   9.6794766e-02  -2.3332549e-03   2.8263643e-01  -1.3225261e-03  -9.5927538e-04  -6.2564852e-04
   9.5323444e-02  -9.4666656e-02   1.3696512e-01  -1.2599376e-03  -5.7482689e-04  -5.5326905e-04
   8.5578205e-02   1.4255724e-01   2.4129444e-01   2.1009598e-03  -9.5339998e-04  -1.0968503e-03
