   0.0000000e+00   0.0000000e+00   1.4210855e-14   0.0000000e+00   0.0000000e+00   0.0000000e+00
  -2.2722876e-02   2.9541708e-02   6.5978149e-01   1.2348981e-03   3.8943152e-03  -7.6272830e-04
  -2.1062260e-02  -1.4858396e-02   5.3614944e-01  -2.9837825e-04   1.5360561e-03   1.1755600e-03
  -2.1071130e-02  -5.7886789e-02   1.7580319e-01  -6.2964735e-03  -2.4582897e-04   1.2895828e-03
  -1.9403425e-02  -1.2231997e-01   2.3461037e-01  -5.8905065e-03  -3.5617142e-04   1.0686331e-03
  -3.5478378e-02  -1.3134408e-02   3.2333919e-01  -3.9735127e-03  -7.4042079e-04   1.1746775e-03
  -2.6177763e-02  -4.6710399e-02   3.5003820e-01  -4.5887169e-03  -4.7518787e-04   1.0179247e-03
  -2.7649792e-02  -1.6029511e-01   2.6413580e-01  -6.5024233e-03  -5.8165785e-04   1.1472681e-03
  -1.8962602e-02  -1.0212745e-01   2.7272909e-01  -5.6321260e-03  -4.3996486e-04   1.2627422e-03
  -1.7010762e-02  -3.0438296e-02   3.2413353e-01  -5.0631371e-03  -4.8655330e-04   1.2300100e-03
  -1.1173933e-02  -9.9768614e-02   3.2331566e-01  -5.5404152e-03  -3.9369318e-04   1.1200454e-03
  -1.7092569e-02  -1.2031087e-01   3.2096048e-01  -6.6835136e-03  -6.3910115e-04   1.1412858e-03
  -1.6286407e-02  -1.0213892e-01   2.8109356e-01  -5.7678056e-03  -5.6140974e-04   1.0925768e-03
  -2.3203374e-02   2.3828373e-01   3.4345217e-01   4.5590819e-03  -8.9127095e-04   1.3969699e-03
  -5.6496453e-02   6.3067903e-01   3.9548177e-01   1.6002830e-02  -1.3246092e-03   1.1298492e-03
  -3.2786351e-02   4.2355347e-01   4.9506905e-01   9.9067788e-03  -1.1871161e-03   5.2778977e-04
  -3.6164583e-02   3.0445637e-01   4.6449373e-01   7.4300448e-03  -1.6850949e-03   1.3449199e-04
  -3.8747734e-02   3.3368306e-01   4.1744345e-01   7.0198435e-03  -1.6536766e-03   2.8842512e-04
  -3.9781919e-02   3.3064011e-01   4.6441265e-01   6.3457480e-03  -1.5295061e-03   6.1245545e-04
  -3.8234922e-02   2.8295774e-01   4.9305037e-01   5.5448186e-03  -1.5756790e-03   4.5671013e-04
  -3.6108322e-02   2.0838084e-01   4.4012256e-01   3.9864961e-03  -1.5409367e-03   3.5373614e-04
  -3.8672660e-02   2.5519954e-01   4.2667680e-01   4.6817607e-03  -1.4873168e-03   4.6736796e-04
  -4.1018654e-02   2.7323039e-01   4.3089727e-01   4.9131131e-03  -1.6538754e-03   4.9881627e-04
  -3.3722528e-02   2.7901830e-01   4.7878151e-01   4.5568481e-03  -1.5343929e-03   2.8540170e-04
  -3.4468576e-02   2.3738523e-01   4.1711022e-01   3.9404368e-03  -1.7602917e-03   1.9568496e-04
  -2.9047472e-02   2.5190796e-01   4.0887351e-01   4.0196470e-03  -1.7248637e-03   3.5557707e-04
  -2.2827988e-02   2.8800077e-01   4.7051701e-01   4.1615904e-03  -1.6223966e-03   4.4573158e-04
  -1.8942231e-02   2.0357108e-01   4.2931894e-01   3.3888321e-03  -1.5098405e-03   1.4487610e-04
  -2.3677127e-02   1.9386761e-01   3.9544172e-01   2.6282487e-03  -1.7539097e-03   1.6179743e-04
  -2.6435395e-02   2.1612694e-01   3.8798433e-01   2.6689740e-03  -1.6101525e-03   3.0277287e-04
  -2.5883345e-02   3.5508391e-01   4.2238368e-01   5.1586634e-03  -1.5617141e-03   4.5711887e-04
  -1.9936887e-02   2.6186126e-01   4.1472676e-01   3.6894725e-03  -1.5497489e-03   2.7499612e-04
  -1.5637575e-02   2.2747135e-01   4.3915699e-01   2.6554562e-03  -1.4725114e-03   1.5800185e-04
  -1.1075862e-02   1.6183565e-01   3.7221341e-01   1.8844001e-03  -1.3524009e-03   1.3940178e-04
  -1.4437976e-02   2.2962826e-01   3.9165509e-01   2.7244441e-03  -1.4957342e-03   2.3764733e-04
  -1.8087881e-02   2.5367863e-01   3.9287895e-01   3.4667746e-03  -1.6529279e-03   3.2358193e-04
  -1.7444231e-02   2.6312224e-01   4.5812915e-01   3.1133256e-03  -1.5934741e-03   9.5548718e-05
  -1.0827975e-02   2.0748968e-01   4.2297877e-01   2.3684201e-03  -1.4656877e-03  -2.8310433e-05
  -2.2048605e-02   1.9560579e-01   3.1668029e-01   3.9742671e-03  -1.2782074e-03   2.7845111e-04
  -2.8184447e-02   2.7971641e-01   3.5663731e-01   3.7991565e-03  -1.3841680e-03   3.3561327e-04
  -3.1178817e-02   1.6435890e-01   3.7515194e-01   5.1676459e-04  -1.3450929e-03  -6.0391198e-04
  -3.2271350e-02   1.3630540e-01   3.8770424e-01  -6.2507730e-05  -1.5212677e-03   1.1761096e-04
  -3.3849805e-02   2.2388037e-01   4.2866326e-01   1.6137022e-03  -1.4461695e-03   2.0562174e-04
  -2.9748978e-02   2.3078151e-01   4.6726269e-01   1.6319383e-03  -1.4245803e-03   3.6527189e-04
  -2.8601978e-02   1.5156132e-01   4.0759435e-01   9.5279209e-04  -1.4066229e-03   2.0005790e-04
  -3.1223446e-02   1.3834157e-01   4.0416787e-01   3.9881275e-04  -1.5901473e-03   3.8412764e-05
  -2.7398462e-02   1.7859021e-01   4.0095014e-01   1.0085668e-03  -1.5258270e-03   2.9621992e-04
  -2.5125017e-02   2.2841992e-01   4.3358514e-01   1.8174766e-03  -1.4487020e-03   3.6040603e-04
  -2.8476044e-02   2.1726038e-01   4.4390856e-01   1.6362800e-03  -1.5126751e-03   3.2688678e-04
  -1.8356167e-02   1.6755932e-01   4.3783331e-01   3.4136593e-04  -1.3499388e-03   1.3400413e-04
  -2.8605412e-02   1.4646553e-01   3.7296096e-01   2.2268980e-04  -1.5984607e-03   2.3557194e-04
  -3.3996094e-02   2.2672273e-01   3.7547381e-01   2.1067804e-03  -1.5099691e-03   5.3627098e-04
  -2.6861767e-02   1.9591491e-01   4.2494668e-01   9.6662830e-04  -1.3245130e-03   1.8756244e-04
  -2.6047262e-02   1.9924270e-01   4.7453322e-01   9.3748017e-04  -1.5241058e-03   3.0529980e-04
  -2.0044022e-02   1.5829736e-01   4.6733599e-01   1.6761908e-04  -1.3425991e-03   1.8607742e-04
  -2.2162079e-02   1.1600259e-01   4.9125888e-01  -7.1676911e-04  -1.2134536e-03   2.1148380e-04
  -1.8118589e-02   1.5943974e-01   4.7927705e-01   3.0128076e-04  -1.1599388e-03   3.8914530e-04
  -1.9707789e-02   1.6937929e-01   5.1027377e-01   6.2333023e-04  -1.0451307e-03   5.3103152e-04
  -1.6239158e-02   1.7429685e-01   5.3425049e-01   6.0074824e-04  -9.2491966e-04   4.0809913e-04
  -2.4021700e-02   1.6529771e-01   5.2537053e-01   3.4427765e-05  -1.1873185e-03   2.5213051e-04
  -1.9302729e-02   1.1501811e-01   4.8301751e-01  -6.2811588e-04  -9.7143433e-04   4.1232752e-04
  -2.6578790e-02   1.4570794e-01   4.7892461e-01  -6.3558681e-05  -1.1804728e-03   6.0643426e-04
  -2.7080572e-02   1.9123023e-01   5.1056612e-01   6.9086183e-04  -1.2375102e-03   5.6700229e-04
  -1.7473384e-02   1.8940889e-01   5.3309971e-01   3.7408891e-04  -1.1166585e-03   3.9580736e-04
  -1.2493418e-02   1.0225529e-01   4.8839348e-01  -1.0438641e-03  -1.1954365e-03   3.2884370e-04
  -2.1111176e-02   1.8676580e-01   4.7602766e-01   3.4393737e-04  -1.1733734e-03   6.6118800e-04
  -1.4668184e-02   2.0405907e-01   5.2052720e-01   8.4089457e-04  -8.9201795e-04   8.2729124e-04
  -7.8439030e-03   2.4927707e-01   5.0644154e-01   1.7152301e-03  -1.0886088e-03   5.7506321e-04
  -5.1397989e-03   1.1671544e-01   5.1003775e-01  -1.2390281e-03  -7.4792530e-04   5.2451811e-04
  -2.0685013e-03   1.1527169e-01   4.8540109e-01  -6.4836283e-04  -6.2729579e-04   6.7520364e-04
  -1.2303420e-02   2.0052882e-01   4.9253807e-01   2.2498740e-04  -9.0945019e-04   8.4386586e-04
  -8.4411050e-03   1.9894870e-01   5.1822661e-01   2.9039866e-04  -7.1032238e-04   7.8063483e-04
  -5.7692248e-03   9.5487189e-02   4.6708411e-01  -1.1206759e-03  -6.0150427e-04   5.4404085e-04
  -4.2249561e-03   1.1964865e-01   4.5002906e-01  -9.9876313e-04  -7.8956472e-04   6.2653306e-04
  -5.7146556e-03   2.0252851e-01   4.7813318e-01   4.9653742e-04  -7.8320288e-04   9.2995832e-04
  -2.3486307e-03   1.8615768e-01   5.1419706e-01   3.6151662e-04  -6.7115469e-04   7.0246056e-04
  -1.2678221e-03   1.4055085e-01   5.0406189e-01  -5.7615360e-04  -7.2283771e-04   5.4905862e-04
  -3.0137687e-05   1.2146028e-01   4.5880034e-01  -8.5237720e-04  -5.8247499e-04   6.8376828e-04
  -3.6759969e-03   1.9557104e-01   4.5259901e-01   2.7164046e-04  -7.3091896e-04   7.1670524e-04
   6.1525833e-04   2.2267004e-01   5.2560795e-01   9.9231709e-05  -5.0225675e-04   8.8509821e-04
   1.4694998e-02   1.2474709e-01   4.8932394e-01  -7.5683396e-04  -3.5280140e-04   7.3108906e-04
   7.7731004e-03   1.0122260e-01   4.5704347e-01  -1.2771295e-03  -6.3784074e-04   6.6320915e-04
   4.5671138e-03   1.4735510e-01   4.5250394e-01  -3.0706866e-04  -4.6441773e-04   9.3284248e-04
   1.0642293e-02   2.1462473e-01   5.0696366e-01   4.0451902e-04  -3.2677556e-04   8.3166146e-04
   1.3744431e-02   1.6698171e-01   4.6642936e-01  -6.2477275e-05  -3.7464272e-04   6.1671244e-04
   1.3394297e-02   1.2982753e-01   4.6480756e-01  -1.1603561e-03  -2.9595571e-04   5.6273934e-04
   7.7987458e-04   1.8545170e-01   4.1511336e-01   4.7475464e-04  -6.2771535e-04   9.3105289e-04
   4.9486354e-03   2.3856772e-01   5.0754940e-01   4.4190401e-04  -4.4285486e-04   8.0023138e-04
   1.1280433e-02   1.1630987e-01   4.5254542e-01  -9.1589260e-04  -3.3607048e-04   6.2518865e-04
   1.0724586e-02   1.4485988e-01   4.1196174e-01  -4.3090172e-04  -4.1527905e-04   7.7984086e-04
   1.0268635e-02   2.2011148e-01   4.8244360e-01   5.8492023e-04  -1.3121783e-04   8.7131254e-04
   9.1593566e-03   1.5965260e-01   4.7095978e-01  -6.8542202e-05  -3.2219869e-04   7.8402926e-04
   1.0316309e-02   1.0491891e-01   4.6584094e-01  -1.2594392e-03  -2.5221163e-04   7.4908165e-04
   7.7991497e-03   2.0536363e-01   4.5047319e-01   6.6929766e-04  -2.0947489e-04   1.0800622e-03
   1.2435538e-02   2.2625897e-01   5.0338916e-01   2.0289830e-04  -1.2984772e-05   8.6332046e-04
   2.0736913e-02   1.3580147e-01   4.6046743e-01  -8.7246394e-04   2.7862553e-05   6.5138187e-04
   1.2580203e-02   1.5203165e-01   4.1797563e-01  -1.4472920e-04  -2.3585730e-04   8.2509386e-04
   1.0478859e-02   2.4435278e-01   4.9240427e-01   5.7569005e-04  -8.8123964e-05   1.0543871e-03
   1.1532958e-02   2.0783206e-01   4.8040513e-01   2.9659369e-04  -1.0701676e-04   7.4727454e-04
   7.3966911e-03   1.4279959e-01   4.5433125e-01  -8.8902267e-04  -3.6312415e-04   6.8157244e-04
   1.4883264e-02   1.5937927e-01   4.3843378e-01  -4.1005124e-04  -2.6553396e-04   8.7464698e-04
   1.9701689e-02   2.1775115e-01   5.0315332e-01   3.9939113e-04  -3.1763177e-05   9.8308465e-04
   1.8080699e-02   1.6455167e-01   4.6262253e-01  -2.8498543e-04  -2.5234976e-04   7.4501507e-04
   1.5933869e-02   1.8337684e-01   4.0359040e-01  -2.1680115e-05  -2.2184620e-04   7.6610359e-04
   1.4122992e-02   2.1972007e-01   4.6332556e-01   5.9724339e-04  -6.8467769e-05   9.0228488e-04
   1.6268349e-02   2.2712912e-01   5.1418108e-01   6.5219366e-04  -1.8278325e-04   7.7656742e-04
   2.1872599e-02   1.5487827e-01   4.9143902e-01  -6.7762599e-04  -8.1846346e-05   7.9924387e-04
   3.5093151e-02   1.4433863e-01   4.5537278e-01  -3.2558628e-04  -1.7277216e-04   7.7787950e-04
   3.0260377e-02   1.9797216e-01   4.5169865e-01   1.6657500e-04  -1.8335569e-04   9.7451402e-04
   2.7950211e-02   2.0706381e-01   4.9831055e-01   2.7292372e-04  -7.7739242e-05   1.1258237e-03
   3.5939246e-02   1.5750577e-01   4.9489022e-01  -9.9961904e-04  -9.4697490e-05   7.4547816e-04
   2.9689055e-02   1.3519647e-01   4.2459092e-01  -7.6877264e-04  -2.0291165e-04   8.7836423e-04
   3.2604961e-02   2.2900694e-01   4.6288486e-01   6.4716842e-04   5.4723620e-05   1.0355296e-03
   2.6483765e-02   2.0543133e-01   4.6806467e-01   3.7186972e-04  -7.4550670e-05   1.0473220e-03
   3.3107042e-02   1.6974113e-01   4.8803493e-01  -1.1103912e-03   2.8166070e-05   8.5683699e-04
   3.4908082e-02   1.3288972e-01   3.9791972e-01  -6.5441440e-04  -1.1804254e-04   8.8245198e-04
   3.5116227e-02   2.3819126e-01   4.4171196e-01   6.3251227e-04   1.7173619e-05   1.0618428e-03
   3.6404148e-02   1.9702087e-01   4.8870603e-01  -6.4114879e-05  -1.1703853e-04   8.4402810e-04
   3.3485557e-02   8.5267656e-02   4.4564464e-01  -1.0942871e-03  -1.6776191e-04   1.0775074e-03
   5.0053614e-02   1.7306822e-01   4.6281034e-01  -5.0358368e-04   7.5870010e-05   1.3263221e-03
   5.0517983e-02   1.7625161e-01   4.5657026e-01   1.4812856e-04   3.2042597e-04   1.5007284e-03
   4.8353253e-02   2.0971420e-01   5.0367904e-01   2.4868333e-05   2.0692560e-05   1.2737016e-03
   5.2997187e-02   1.3932616e-01   4.7984217e-01  -1.1123080e-03  -3.7538624e-05   1.1401602e-03
   6.1393103e-02   1.1876710e-01   4.4775176e-01  -7.9243705e-04   1.6217491e-04   1.1731309e-03
   5.2495108e-02   2.3134453e-01   4.5856114e-01   3.5733677e-04   1.2865347e-05   1.4197710e-03
   5.9586187e-02   2.2164339e-01   4.6175756e-01   5.6882028e-04   3.2760384e-04   1.2851487e-03
   6.3629273e-02   1.6606833e-01   4.6084446e-01  -6.6157272e-04   3.1075362e-04   1.2402746e-03
   6.5083841e-02   1.5145465e-01   4.7330438e-01  -1.2587354e-03   3.3810150e-04   1.2167867e-03
   5.4088453e-02   2.2168277e-01   4.3244705e-01   6.2429961e-04   1.5836109e-04   1.5830974e-03
   5.5888337e-02   2.1662530e-01   4.9451946e-01  -2.4029232e-04   3.5774665e-04   1.3859350e-03
   6.6251823e-02   1.1931144e-01   4.3728518e-01  -1.1264204e-03   4.3746121e-04   1.2262738e-03
   6.0814834e-02   1.9112963e-01   4.4316940e-01  -1.2545785e-04   3.0555327e-04   1.5099788e-03
   5.9969710e-02   2.0513824e-01   4.8527794e-01   1.5423132e-04   4.1114406e-04   1.6420361e-03
   5.7764866e-02   1.6632342e-01   4.7699155e-01  -5.4407549e-04   3.7984527e-04   1.4472725e-03
   5.9533829e-02   1.2043777e-01   4.2530305e-01  -1.2336655e-03   5.4246838e-04   1.4879857e-03
   5.6600397e-02   1.8936317e-01   4.3932473e-01  -1.9744193e-04   5.7854824e-04   1.4301739e-03
   4.8294443e-02   2.3538334e-01   4.7948523e-01   2.3407759e-04   6.4210519e-04   1.6741720e-03
   5.3616272e-02   1.4226777e-01   4.6151998e-01  -9.5210951e-04   7.0423076e-04   1.4161718e-03
   5.3142809e-02   1.1735989e-01   4.0525230e-01  -1.0338707e-03   6.6692482e-04   1.5054104e-03
   4.8195619e-02   2.1528488e-01   4.7271186e-01   6.2468323e-05   6.7857531e-04   1.8468008e-03
   5.7055981e-02   1.8566173e-01   4.8738357e-01  -1.4382175e-04   7.5626619e-04   1.6156492e-03
   5.8925989e-02   1.1923877e-01   4.5422443e-01  -1.3541269e-03   8.2019493e-04   1.4719815e-03
   4.7856106e-02   1.7113366e-01   4.6305270e-01  -3.7097769e-04   8.0514316e-04   1.6872547e-03
   3.8691796e-02   2.3241207e-01   4.5927025e-01   7.4194457e-04   6.9487267e-04   1.8191156e-03
   4.6291875e-02   2.0971584e-01   4.9569411e-01   1.1330479e-04   1.0761739e-03   1.5294857e-03
   4.0131493e-02   1.3306165e-01   4.6856472e-01  -1.0446357e-03   7.4490838e-04   1.4979009e-03
   2.9949690e-02   1.6395171e-01   4.5078931e-01   4.6249176e-05   5.1330592e-04   1.8290672e-03
   2.7613912e-02   2.8061548e-01   5.1187092e-01   9.1381314e-04   4.6801239e-04   1.9208412e-03
   3.2948150e-02   1.4436732e-01   4.9127676e-01  -9.1537858e-04   1.0319666e-04   1.3639790e-03
   2.7717150e-02   1.5673300e-01   4.6870720e-01  -3.4050258e-04   1.0449167e-04   1.6089997e-03
   2.6311073e-02   1.9688690e-01   5.0096285e-01   4.3784301e-04   2.4707723e-04   1.8823970e-03
   3.6635942e-02   2.3548303e-01   5.5804820e-01   5.3759687e-04   3.8071745e-04   1.5776490e-03
   3.6481708e-02   1.6086353e-01   4.9665085e-01  -2.6591604e-04   2.0592098e-04   1.3308004e-03
   3.2089764e-02   1.4688279e-01   4.8296539e-01  -6.0405629e-04   2.0758306e-04   1.4715453e-03
   2.9332498e-02   2.1407926e-01   5.0702923e-01   6.2149212e-04   2.3583137e-04   1.6573653e-03
   3.0955545e-02   2.3329696e-01   5.2597815e-01   8.0205976e-04   3.7717050e-04   1.6850693e-03
   3.7714728e-02   1.3659280e-01   4.9946070e-01  -4.5065898e-04   5.3893623e-04   1.5110854e-03
   2.6776937e-02   1.7042954e-01   4.7628966e-01   6.3781957e-04   5.2584604e-04   1.7600715e-03
   1.8351564e-02   2.7234331e-01   5.7389198e-01   1.1052122e-03   6.8347144e-04   1.7623113e-03
   2.4774209e-02   1.9431916e-01   5.1117609e-01   8.0798522e-04   8.0730990e-04   1.5138023e-03
   1.9634243e-02   1.6926534e-01   5.1811833e-01  -2.4069734e-04   5.8570307e-04   1.4756447e-03
   1.6967778e-02   2.1876445e-01   5.2458913e-01   9.7622554e-04   6.6269466e-04   1.7854526e-03
   2.2249992e-02   2.4953505e-01   5.5884681e-01   1.3613009e-03   8.6247352e-04   1.6939412e-03
   2.1331903e-02   1.8227528e-01   5.2091660e-01   3.2422135e-04   6.0597976e-04   1.3855000e-03
   2.1367518e-02   1.7290672e-01   4.8746837e-01   4.4880815e-04   6.6614315e-04   1.6036006e-03
   1.2130336e-02   2.6161557e-01   5.3796344e-01   2.0933902e-03   5.3449680e-04   1.7955346e-03
   1.8313776e-02   2.6532903e-01   5.8444649e-01   1.3738484e-03   7.3201138e-04   1.6427327e-03
   2.2542833e-02   1.2609566e-01   4.7937234e-01  -2.4296539e-04   8.1863361e-04   1.4879681e-03
   2.0243072e-02   2.0155325e-01   5.1632384e-01   1.0773486e-03   9.5960365e-04   1.7095803e-03
   1.8104176e-02   2.5224545e-01   5.5074253e-01   1.8159477e-03   8.8865480e-04   1.7900450e-03
   2.1137922e-02   2.0693260e-01   5.6752025e-01   7.6882404e-04   1.0626208e-03   1.5052191e-03
   6.1053587e-03   2.2684144e-01   5.0908598e-01   2.9092987e-03   5.3738453e-04   1.7449656e-03
  -8.0694298e-03   3.4656760e-01   5.7228429e-01   4.3609439e-03   5.0610262e-04   1.9956227e-03
   3.9941391e-04   2.7481393e-01   6.1287100e-01   2.6807379e-03   8.1131956e-04   1.7986469e-03
  -1.6132538e-03   2.0153235e-01   5.4110313e-01   1.9731604e-03   6.8791598e-04   1.7157641e-03
  -1.3735799e-02   2.6034344e-01   5.6329985e-01   2.9238013e-03   7.9239361e-04   2.1618015e-03
  -2.5950206e-03   3.2248011e-01   6.2102445e-01   2.9189469e-03   1.0017123e-03   2.0428985e-03
   2.6337543e-03   1.8359809e-01   5.3613185e-01   1.7124094e-03   1.1223840e-03   1.8958786e-03
  -2.0627474e-03   2.5055268e-01   5.4649402e-01   2.7856217e-03   1.1684170e-03   2.1105867e-03
  -6.7423134e-03   3.1119380e-01   5.6765617e-01   3.2393722e-03   1.2097306e-03   2.1514652e-03
   5.0399685e-03   2.3423188e-01   5.6370775e-01   1.7533393e-03   1.3422868e-03   1.8267420e-03
  -6.3380668e-03   2.1096164e-01   5.1722369e-01   2.2973534e-03   1.1512623e-03   2.0755859e-03
  -1.4448741e-03   3.4671503e-01   5.8402609e-01   3.5807238e-03   1.3550969e-03   2.2569851e-03
   4.9064553e-03   2.4276681e-01   5.2136713e-01   2.6152485e-03   1.4291758e-03   1.9324902e-03
   1.5786761e-03   2.2474524e-01   4.6339576e-01   2.5238646e-03   1.2656923e-03   1.9427419e-03
  -3.9099353e-03   2.7289738e-01   4.4632739e-01   3.2433434e-03   1.4336335e-03   2.1559583e-03
  -5.2049409e-03   3.2783579e-01   5.2361201e-01   3.3523576e-03   1.3258155e-03   2.0533961e-03
  -2.1462398e-03   3.1138241e-01   5.8900068e-01   5.0021152e-03   9.9483973e-04   1.5938534e-03
  -1.6766834e-02   3.4779177e-01   6.2520869e-01   5.1934567e-03   1.0031924e-03   1.9080174e-03
  -2.9911851e-03   3.9075653e-01   6.8259486e-01   4.7954835e-03   8.4766406e-04   1.8456979e-03
   1.3762531e-02   2.9843235e-01   6.6313294e-01   3.7284444e-03   1.2965877e-03   1.7152737e-03
   1.5623785e-02   2.5200652e-01   6.3009321e-01   3.1791596e-03   1.4267931e-03   1.7476056e-03
   1.2009509e-02   3.3774131e-01   6.4115308e-01   4.1211187e-03   1.4995181e-03   2.0238318e-03
   7.5866384e-03   3.2949128e-01   6.8074339e-01   3.9959723e-03   1.7163561e-03   2.0260001e-03
   2.8471821e-03   2.4716643e-01   6.1956544e-01   3.0977096e-03   1.5667793e-03   1.9166395e-03
   3.7902676e-03   3.0794018e-01   6.4075883e-01   4.2331393e-03   1.8799986e-03   1.9779998e-03
  -3.3408333e-03   3.6391674e-01   6.6887198e-01   4.5336823e-03   1.7619744e-03   2.1838789e-03
  -6.7848377e-03   3.0945398e-01   6.7927864e-01   3.6703276e-03   1.7874060e-03   1.9912100e-03
  -9.4394144e-03   2.4970827e-01   5.6387359e-01   3.3844122e-03   1.6721057e-03   1.9267858e-03
  -6.1537308e-03   3.3414531e-01   6.2074475e-01   4.1766744e-03   1.9976180e-03   2.2077738e-03
   4.3858424e-03   3.5853726e-01   6.5790985e-01   4.5442121e-03   2.0645026e-03   1.9378169e-03
   4.7191152e-04   3.2370919e-01   6.3309914e-01   4.1283068e-03   1.9622150e-03   1.7678725e-03
  -3.2681497e-03   2.7689850e-01   6.1915073e-01   3.2821971e-03   2.0759464e-03   1.7539703e-03
  -7.4116149e-03   3.1910579e-01   6.0067866e-01   4.3121091e-03   1.9864584e-03   2.0420232e-03
  -1.4837789e-02   3.5051802e-01   6.3865865e-01   4.6995244e-03   2.1011448e-03   2.2743950e-03
  -1.4276513e-02   3.1120588e-01   6.3117018e-01   4.0178996e-03   2.0232593e-03   1.9744390e-03
  -2.3262118e-02   3.0134026e-01   5.9407475e-01   3.9047003e-03   2.0355046e-03   2.1273425e-03
  -2.3133810e-02   3.6310654e-01   6.0469952e-01   5.2866569e-03   2.2540477e-03   2.2029810e-03
  -1.9268078e-02   3.5195550e-01   6.6766745e-01   4.0636127e-03   2.1940344e-03   1.9887940e-03
  -2.1627088e-02   2.8507681e-01   5.8590275e-01   3.9223399e-03   2.3278944e-03   1.8949795e-03
  -3.3419234e-02   4.1766438e-01   5.8707452e-01   5.6456496e-03   2.0421592e-03   2.1136534e-03
  -2.5869753e-02   3.7437598e-01   6.0383585e-01   4.7048676e-03   2.4797548e-03   2.1058969e-03
  -2.7709481e-02   2.8668012e-01   5.6208097e-01   3.9260828e-03   2.1397404e-03   2.1955811e-03
  -2.5522603e-02   3.9235467e-01   6.7120840e-01   5.0814717e-03   1.8260872e-03   2.4267303e-03
  -1.1477852e-02   3.5859332e-01   6.5970051e-01   4.4649375e-03   2.0716327e-03   2.2078919e-03
  -2.1758244e-02   2.9026115e-01   5.9218084e-01   3.5078994e-03   2.0731537e-03   2.3637257e-03
  -1.9461822e-02   4.1568002e-01   6.2406114e-01   5.6846887e-03   2.0212949e-03   2.4186282e-03
  -9.0403243e-03   4.0709947e-01   6.8836389e-01   5.1091430e-03   2.3153435e-03   2.3367437e-03
  -1.3914721e-02   2.8473982e-01   6.4297691e-01   3.6287404e-03   2.0994080e-03   2.2265496e-03
  -1.2615108e-02   3.3310154e-01   6.3645993e-01   4.2440297e-03   2.3492478e-03   2.6219637e-03
  -7.3824868e-03   3.9911972e-01   6.7858558e-01   4.6913471e-03   2.3446176e-03   2.4131045e-03
  -1.0783387e-03   2.8947200e-01   6.1933041e-01   3.3920049e-03   2.4970334e-03   2.2964794e-03
  -4.6308593e-03   3.0598785e-01   6.1389129e-01   3.7280246e-03   2.3855530e-03   2.3415134e-03
  -1.2972595e-02   3.6551546e-01   6.6861659e-01   4.6772150e-03   2.4103597e-03   2.5974456e-03
  -9.1444621e-03   3.3026531e-01   6.3266217e-01   3.9952613e-03   2.4395964e-03   2.2546476e-03
  -1.2398921e-02   2.9254389e-01   5.8400414e-01   4.0917377e-03   2.7104887e-03   2.4303259e-03
  -1.1884136e-02   4.1375682e-01   6.6495630e-01   4.8004496e-03   2.5585831e-03   2.5197404e-03
  -6.3602523e-03   3.1643189e-01   6.1037789e-01   3.7651741e-03   2.6383747e-03   2.2788720e-03
  -9.8010555e-03   3.2831786e-01   5.6633869e-01   4.4169679e-03   2.5051434e-03   2.3191072e-03
  -1.4049820e-02   4.2700843e-01   6.8662132e-01   5.0950188e-03   2.6117947e-03   2.6655071e-03
  -1.4018486e-02   2.8743743e-01   6.4478292e-01   3.4918195e-03   2.5226880e-03   2.4768165e-03
  -2.5767860e-02   3.3670849e-01   6.4274955e-01   4.5526317e-03   2.6457961e-03   2.8577206e-03
  -2.2718284e-02   4.0302385e-01   6.6789261e-01   4.9329498e-03   2.5700919e-03   2.6819530e-03
  -1.8565104e-02   3.1998132e-01   6.3002593e-01   3.7469925e-03   2.7448724e-03   2.4526071e-03
  -3.1469441e-02   3.3398768e-01   6.4910971e-01   4.2344583e-03   2.6590911e-03   2.6238884e-03
  -3.2241191e-02   3.8781803e-01   6.5417911e-01   5.0824258e-03   2.6933565e-03   2.7448417e-03
  -2.7520501e-02   3.8745073e-01   6.6960072e-01   5.1622469e-03   2.7389960e-03   2.5635261e-03
  -3.1094852e-02   3.1592881e-01   6.2380093e-01   3.9186157e-03   2.5880357e-03   2.5074882e-03
  -3.2572218e-02   3.4590428e-01   6.3094871e-01   4.7783553e-03   2.8282099e-03   2.6914122e-03
  -3.4325959e-02   4.3476420e-01   6.6125987e-01   5.4704556e-03   2.6773166e-03   2.5355762e-03
  -3.7338707e-02   3.3959209e-01   5.9732559e-01   4.3882949e-03   2.6378522e-03   2.3342623e-03
  -5.5763200e-02   3.6837675e-01   6.0374405e-01   5.0074306e-03   2.3830236e-03   2.8293192e-03
  -4.3397811e-02   4.3149751e-01   6.9352199e-01   5.3131747e-03   2.3891403e-03   2.9061600e-03
  -4.5192257e-02   3.3785357e-01   6.3392982e-01   4.4782493e-03   2.1967287e-03   2.5341489e-03
  -5.0504053e-02   3.5306903e-01   6.0012378e-01   4.3855422e-03   2.2514557e-03   2.6340960e-03
  -4.2740019e-02   4.2946890e-01   6.4977847e-01   5.8455810e-03   2.5062829e-03   2.8531219e-03
  -5.1184349e-02   3.9935275e-01   6.9024138e-01   4.9828226e-03   2.3331722e-03   2.7108597e-03
  -6.2169215e-02   3.2666053e-01   6.3573160e-01   4.2479309e-03   2.2874926e-03   2.9439241e-03
  -5.5121177e-02   4.1934898e-01   6.5304589e-01   5.9480580e-03   2.2886821e-03   3.1223788e-03
  -4.8492186e-02   4.0731737e-01   6.9288639e-01   5.0983268e-03   2.3405068e-03   2.8652577e-03
  -4.9885742e-02   3.0594829e-01   6.1579211e-01   4.3453579e-03   2.3384204e-03   2.7334847e-03
  -6.3819405e-02   4.0518568e-01   6.1656533e-01   5.7745941e-03   2.0687748e-03   3.0732951e-03
  -5.3208812e-02   4.2030308e-01   7.0180497e-01   5.4621967e-03   2.3033028e-03   2.9350948e-03
  -6.1352559e-02   3.2627658e-01   6.4824533e-01   4.7374382e-03   2.3250054e-03   2.7755628e-03
  -7.3357491e-02   4.0103348e-01   6.1216795e-01   5.5872852e-03   2.1593453e-03   2.8782775e-03
  -7.1694665e-02   4.7639235e-01   6.2950990e-01   7.0479442e-03   2.5206170e-03   3.2268667e-03
  -1.0834904e-01   4.9773817e-01   6.0081173e-01   7.3384163e-03   2.4306984e-03   3.6468681e-03
  -1.3886304e-01   3.7255005e-01   5.3897934e-01   6.5262209e-03   2.2296586e-03   4.4871527e-03
  -1.1214418e-01   4.5224282e-01   7.2014267e-01   4.8979605e-03   2.2282039e-03   4.3786219e-03
  -1.0961050e-01   2.7583523e-01   5.9743646e-01   3.5382155e-03   1.7357061e-03   4.2427293e-03
  -9.8123186e-02   3.9434144e-01   6.2612270e-01   4.9526640e-03   1.6972325e-03   4.6403089e-03
  -9.1553447e-02   3.8899404e-01   6.7106791e-01   4.9911233e-03   1.8846666e-03   4.7695175e-03
  -9.5228076e-02   3.2790850e-01   6.4116839e-01   3.8736931e-03   1.5161037e-03   4.5919876e-03
  -1.0214056e-01   3.4951739e-01   6.4796842e-01   4.7328665e-03   1.4700486e-03   4.9577470e-03
  -9.3884078e-02   4.0941862e-01   7.2504707e-01   5.3395316e-03   1.7195034e-03   5.0280661e-03
  -1.0556021e-01   2.9995347e-01   6.9154608e-01   3.8851207e-03   1.7082629e-03   5.0623540e-03
  -1.2375070e-01   2.8055607e-01   6.6186241e-01   3.8682879e-03   1.2807889e-03   5.3077199e-03
  -1.1464411e-01   3.8256893e-01   7.1672332e-01   4.8088530e-03   1.3673025e-03   5.4997195e-03
  -1.1663765e-01   3.1370826e-01   7.2765447e-01   3.3001952e-03   1.5846501e-03   5.5725937e-03
  -1.2180175e-01   2.5843565e-01   6.8440276e-01   3.0833952e-03   1.4254170e-03   5.5656090e-03
  -1.3219988e-01   3.8274579e-01   7.2830724e-01   4.6479993e-03   1.5346836e-03   6.1384887e-03
  -1.2322071e-01   3.6048325e-01   7.7315220e-01   4.0489189e-03   1.6252251e-03   5.9057203e-03
  -1.2760568e-01   2.6021625e-01   7.2746463e-01   2.8979447e-03   1.5965376e-03   5.9363131e-03
  -1.2864654e-01   3.7089209e-01   7.4098684e-01   4.9819415e-03   1.5386918e-03   6.1796497e-03
  -1.2644350e-01   3.5671539e-01   7.8687585e-01   4.1855130e-03   1.7699140e-03   6.0881853e-03
  -1.3798802e-01   2.7088452e-01   7.4177989e-01   3.2313886e-03   1.5225837e-03   6.0967550e-03
  -1.5528228e-01   2.8793950e-01   7.5605916e-01   3.0224387e-03   1.5551183e-03   6.4937694e-03
  -1.5270436e-01   3.6436712e-01   7.9141542e-01   4.4248621e-03   1.5611505e-03   6.7674795e-03
  -1.4882191e-01   3.1885368e-01   8.0868093e-01   3.2785465e-03   1.6265485e-03   6.5514530e-03
  -1.5442841e-01   2.4208821e-01   7.3656479e-01   3.4065306e-03   1.5924992e-03   6.6347230e-03
  -1.5145387e-01   3.6086174e-01   7.8665977e-01   4.3425622e-03   1.9127105e-03   6.9637600e-03
  -1.4449796e-01   2.9569937e-01   7.9864749e-01   3.4216043e-03   1.9936567e-03   6.7072879e-03
  -1.4822649e-01   2.5132755e-01   7.2911217e-01   3.4395440e-03   2.1026456e-03   6.8942809e-03
  -1.4130494e-01   3.6115677e-01   7.9805428e-01   4.6836626e-03   2.3115885e-03   7.1002106e-03
  -1.4502538e-01   3.2642129e-01   8.0777607e-01   4.0759946e-03   2.2084566e-03   7.0183160e-03
  -1.5214444e-01   2.4770989e-01   7.5628099e-01   3.0402217e-03   2.3225442e-03   7.3141777e-03
  -1.4921370e-01   3.8443006e-01   8.1293240e-01   5.0022474e-03   2.1044558e-03   7.6029208e-03
  -1.2330380e-01   3.4656392e-01   8.5175642e-01   3.8143483e-03   2.1904117e-03   6.6586387e-03
  -1.2664931e-01   2.2810524e-01   7.5735667e-01   3.1352620e-03   2.1119047e-03   6.8501461e-03
  -1.3188083e-01   3.2170221e-01   7.7423934e-01   4.3462137e-03   2.2639084e-03   7.4428128e-03
  -1.2812823e-01   5.2302195e-01   8.2922730e-01   1.2392093e-02   2.1744858e-03   7.7952420e-03
  -1.5291939e-01   4.1285589e-01   7.1079165e-01   9.9676546e-03   2.0060847e-03   7.6832451e-03
  -1.5175856e-01   4.7190749e-01   8.2297749e-01   9.7516777e-03   2.2814607e-03   7.8217229e-03
  -1.4996517e-01   5.1842296e-01   8.5992570e-01   1.0475684e-02   2.3877949e-03   8.0776497e-03
  -1.4196718e-01   4.7423266e-01   9.1260481e-01   9.4100138e-03   2.5475793e-03   7.7468455e-03
  -1.5588012e-01   4.0124418e-01   8.1376724e-01   8.8575016e-03   2.2742787e-03   7.9500547e-03
  -1.5460925e-01   5.5655776e-01   8.9167544e-01   1.0784549e-02   2.4869990e-03   8.2049124e-03
  -1.4853371e-01   4.4042538e-01   8.7934410e-01   8.5372043e-03   2.6191759e-03   8.0487736e-03
  -1.5094115e-01   3.8850652e-01   8.5576289e-01   7.7293950e-03   2.6245024e-03   7.9718749e-03
  -1.6142524e-01   4.6551602e-01   8.5945806e-01   8.6199935e-03   2.6727657e-03   8.4176132e-03
  -1.5656253e-01   4.5329616e-01   9.1978639e-01   8.0064693e-03   2.9818846e-03   8.2910911e-03
  -1.7957619e-01   3.6573694e-01   8.3600220e-01   7.4304230e-03   2.6327393e-03   8.3033331e-03
  -1.7878174e-01   4.2334794e-01   8.3587425e-01   8.3797791e-03   2.9795478e-03   8.5295889e-03
  -1.7000468e-01   4.8891127e-01   8.9894402e-01   8.7674138e-03   3.1348121e-03   8.5014190e-03
  -1.7349771e-01   3.8052523e-01   8.6444012e-01   7.2944218e-03   3.1903980e-03   8.4928658e-03
  -1.6874592e-01   4.1130542e-01   8.4835264e-01   8.2941855e-03   3.2358269e-03   8.6414316e-03
  -1.6465738e-01   4.9023874e-01   9.0160194e-01   8.5865010e-03   3.5005954e-03   8.6815372e-03
  -1.6598736e-01   3.6943291e-01   8.6822978e-01   6.7350426e-03   3.4524037e-03   8.4056239e-03
  -1.6597599e-01   3.7132503e-01   8.5925426e-01   6.8243723e-03   3.6303909e-03   8.7313400e-03
  -1.5319452e-01   4.4178993e-01   8.9420203e-01   8.2001186e-03   3.8715428e-03   8.8384886e-03
  -1.5580089e-01   3.9188619e-01   8.6611498e-01   7.1378857e-03   3.9728832e-03   8.7777603e-03
  -1.5338199e-01   3.4501118e-01   8.1325853e-01   6.5043360e-03   3.9943243e-03   8.7633674e-03
  -1.4759274e-01   4.6057813e-01   8.4793877e-01   8.2458771e-03   3.9505722e-03   8.8912307e-03
  -1.4290521e-01   4.5484661e-01   9.0076057e-01   7.5098415e-03   4.2114033e-03   8.7238329e-03
  -1.4989243e-01   3.4883051e-01   8.2341806e-01   6.9696090e-03   4.1627617e-03   8.8222292e-03
  -1.5979553e-01   5.1542951e-01   8.4183029e-01   9.2487868e-03   3.9414347e-03   9.2702735e-03
  -1.5008585e-01   4.3840276e-01   8.7664877e-01   7.3599957e-03   4.2100778e-03   8.9134822e-03
  -1.6870775e-01   3.4497269e-01   7.6327723e-01   7.1260312e-03   3.8225602e-03   9.1162040e-03
  -1.6999758e-01   4.9288448e-01   8.3790602e-01   8.4869359e-03   4.0201666e-03   9.3391968e-03
  -1.6905472e-01   4.0165487e-01   8.2308563e-01   7.0006486e-03   4.2320895e-03   8.9523264e-03
  -1.8286517e-01   3.8810248e-01   7.5894522e-01   7.2391042e-03   3.9802119e-03   9.0181408e-03
  -1.6579906e-01   4.5790357e-01   8.0215656e-01   8.1475802e-03   4.1999094e-03   9.2105327e-03
  -1.5435955e-01   4.9948202e-01   8.5725490e-01   8.6885243e-03   4.3275575e-03   9.1753103e-03
  -1.6213059e-01   3.7274435e-01   7.9031428e-01   6.9001132e-03   3.9961956e-03   9.0373546e-03
  -1.6910546e-01   4.1296028e-01   7.9751862e-01   7.7893072e-03   4.1451425e-03   9.3835385e-03
  -1.5813617e-01   4.8769967e-01   8.4315219e-01   8.5449438e-03   4.3012476e-03   9.1017891e-03
  -1.5910699e-01   4.2957357e-01   8.2862180e-01   7.8993388e-03   4.0951065e-03   8.8242359e-03
  -1.5330810e-01   3.8541091e-01   8.1211409e-01   7.1847151e-03   4.1529282e-03   8.9658081e-03
  -1.4294071e-01   4.7484175e-01   8.6108954e-01   8.0761974e-03   4.2755331e-03   9.3545651e-03
  -1.3881116e-01   4.2098940e-01   8.6176492e-01   7.3856736e-03   4.2849853e-03   9.2137033e-03
  -1.4908912e-01   3.6173390e-01   8.0619620e-01   6.5293975e-03   4.2591727e-03   9.3401693e-03
  -1.4798941e-01   4.2694682e-01   8.3338076e-01   7.7404188e-03   4.3710520e-03   9.4256895e-03
  -1.4703349e-01   4.7320747e-01   8.6316523e-01   8.3602831e-03   4.4440219e-03   9.5659630e-03
  -1.5467484e-01   4.1037091e-01   8.6608113e-01   7.3667459e-03   4.4337870e-03   9.3851005e-03
  -1.6600848e-01   3.8209295e-01   8.2439892e-01   7.1819820e-03   4.2271430e-03   9.3926169e-03
  -1.7112067e-01   4.4753540e-01   8.3096712e-01   7.8152857e-03   4.2295867e-03   9.3497154e-03
  -1.6729902e-01   4.7716509e-01   8.5582880e-01   8.7770636e-03   4.2171826e-03   9.4025985e-03
  -1.5818171e-01   4.1826544e-01   8.7463571e-01   6.8853666e-03   4.1302230e-03   9.3413062e-03
  -1.7188797e-01   3.7984258e-01   8.1326145e-01   7.1991919e-03   4.0478090e-03   9.6745633e-03
  -1.7107128e-01   4.8771993e-01   8.4928124e-01   8.4092284e-03   3.9565086e-03   9.6941390e-03
  -1.5797520e-01   4.3931520e-01   8.6038745e-01   7.2128178e-03   4.3187667e-03   9.6137047e-03
  -1.6649182e-01   3.8709568e-01   8.0716237e-01   7.0609093e-03   4.1923421e-03   9.8044323e-03
  -1.6840214e-01   5.0346290e-01   8.8036258e-01   8.3169333e-03   4.2190998e-03   9.9788719e-03
  -1.6722884e-01   4.3316543e-01   8.6531473e-01   7.8869894e-03   4.3107418e-03   9.7424697e-03
  -1.7611964e-01   3.9832900e-01   8.1685043e-01   7.2298731e-03   3.9760257e-03   9.4932660e-03
  -1.8211692e-01   4.1983999e-01   8.0036953e-01   7.8322871e-03   3.8883681e-03   9.5104275e-03
  -1.7015889e-01   4.6023906e-01   8.5422733e-01   8.1592309e-03   4.1692217e-03   9.9950979e-03
  -1.5481964e-01   4.5043805e-01   9.0813039e-01   7.2506130e-03   4.3677307e-03   9.8528726e-03
  -1.5909480e-01   3.5325691e-01   7.8067317e-01   6.2159143e-03   3.8641680e-03   9.5241299e-03
  -1.5363124e-01   4.6101263e-01   7.9990357e-01   8.1263824e-03   3.9890599e-03   9.2891542e-03
  -1.4562345e-01   4.9363643e-01   8.6664157e-01   8.3279446e-03   4.2222252e-03   9.1936253e-03
  -1.4960439e-01   3.9890231e-01   8.1705772e-01   7.3781479e-03   4.0880896e-03   9.2110393e-03
  -1.4958001e-01   4.0978864e-01   8.4380513e-01   7.5506896e-03   4.1724093e-03   9.3948208e-03
  -1.5073429e-01   4.9442798e-01   8.6550319e-01   8.6205365e-03   4.2080654e-03   9.5639790e-03
  -1.4748538e-01   4.4982690e-01   8.9908043e-01   7.8050779e-03   4.4594600e-03   9.4113741e-03
  -1.6418464e-01   4.0290578e-01   8.5196940e-01   7.3434992e-03   4.0327678e-03   9.4638886e-03
  -1.7544842e-01   5.2923631e-01   8.7395790e-01   9.3470987e-03   3.9872710e-03   9.8444523e-03
  -1.5309773e-01   4.8624616e-01   9.0475225e-01   8.1582539e-03   4.2348507e-03   9.6434633e-03
  -1.5467754e-01   4.0351802e-01   8.7088373e-01   6.9378014e-03   4.3893404e-03   9.7677669e-03
  -1.6752601e-01   4.5556971e-01   8.5091181e-01   8.3541522e-03   4.2929240e-03   1.0064607e-02
  -1.6838649e-01   5.0913855e-01   8.9270448e-01   8.3895686e-03   4.4357058e-03   9.8469434e-03
  -1.7337245e-01   4.4903419e-01   8.4331305e-01   8.0016495e-03   4.1681893e-03   9.5753072e-03
  -1.9122179e-01   4.8630012e-01   8.5943328e-01   9.2148941e-03   3.8604830e-03   1.0206116e-02
  -1.7890498e-01   4.8722822e-01   8.6306558e-01   9.0314590e-03   3.8833003e-03   1.0121341e-02
  -1.8189833e-01   5.0687473e-01   9.0528012e-01   8.8356121e-03   4.0519021e-03   1.0135558e-02
  -1.7892199e-01   4.2481997e-01   8.4869304e-01   7.7513413e-03   3.9960351e-03   9.8883345e-03
  -1.9412220e-01   5.1399334e-01   8.2635424e-01   9.1861408e-03   3.7798945e-03   1.0202973e-02
  -1.6997838e-01   5.4204802e-01   9.1359495e-01   9.0716920e-03   4.3216667e-03   1.0251919e-02
  -1.7110270e-01   4.1136039e-01   8.5003935e-01   7.2929634e-03   4.2036521e-03   1.0231724e-02
  -1.8104668e-01   4.3112450e-01   7.9518676e-01   8.0362106e-03   4.2415663e-03   1.0698059e-02
  -1.5053583e-01   5.3471190e-01   8.6692081e-01   9.5528483e-03   4.5956291e-03   1.0610064e-02
  -1.5534739e-01   4.4269240e-01   8.5727287e-01   8.0568701e-03   4.5548781e-03   1.0505239e-02
  -1.6002009e-01   4.8345373e-01   8.3060910e-01   9.7883647e-03   4.5696542e-03   1.0887463e-02
  -1.5846962e-01   5.3283835e-01   8.9385163e-01   9.4372040e-03   4.7602524e-03   1.0956015e-02
  -1.5183989e-01   3.9801772e-01   8.4355746e-01   7.7979313e-03   4.8468616e-03   1.0761834e-02
  -1.6685438e-01   4.1198373e-01   8.3834483e-01   8.2290374e-03   4.8353206e-03   1.1165701e-02
  -1.5751457e-01   4.9940466e-01   8.9521072e-01   9.3950557e-03   5.1663316e-03   1.1237779e-02
  -1.6180258e-01   4.2716028e-01   8.7792343e-01   8.1613618e-03   5.0701660e-03   1.1170386e-02
  -1.7075975e-01   4.1951766e-01   8.5161936e-01   8.7262215e-03   5.2226384e-03   1.1376385e-02
  -1.7028667e-01   5.2337984e-01   8.6281207e-01   9.8577436e-03   5.0833934e-03   1.1437114e-02
  -1.6573244e-01   4.9064873e-01   8.7576264e-01   9.5046623e-03   5.2265630e-03   1.1169222e-02
