   1.4210855e-14   0.0000000e+00   0.0000000e+00   0.0000000e+00   0.0000000e+00   7.7037198e-34
  -4.9323461e-03   3.0275146e-02   3.9043404e-02   2.5370093e-03   3.5427466e-04   2.7848375e-04
   2.5087040e-02   6.5078820e-02  -8.0021122e-02   2.4220034e-03   8.3172568e-04   5.3173526e-05
   1.1921513e-02   1.0937842e-01   8.4666887e-02   2.5212606e-03   1.6712461e-03   1.4014455e-04
   3.9396910e-02   7.6058800e-02   1.4644625e-01   1.3689648e-03   2.0899817e-03   8.1793529e-04
   5.7754079e-02   7.7707182e-02   1.7854901e-01   5.7923547e-04   2.0781704e-03   1.0270057e-03
   5.7735737e-02   3.2610959e-02   1.4025494e-01   1.1684122e-03   2.7578184e-03   1.0939876e-03
   5.4385646e-02   6.0175860e-02   1.6966768e-01   1.4575266e-03   2.6010088e-03   1.2123104e-03
   5.5441130e-02   7.1490800e-02   1.8199651e-01   2.0051828e-04   2.3700131e-03   1.3240510e-03
   6.5413553e-02  -2.5889931e-05   1.3723211e-01   1.0549605e-03   2.7984997e-03   1.2412260e-03
   4.3792671e-02   6.6859802e-02   2.0379994e-01   1.0800079e-03   2.9329569e-03   1.3066294e-03
   5.5660662e-02   5.4059663e-02   2.0634106e-01   8.0430072e-04   3.0015614e-03   1.6479032e-03
   6.3686771e-02   7.5332907e-02   1.9756382e-01   3.1637243e-04   2.9228851e-03   1.6639182e-03
   6.8151780e-02   2.5800089e-02   1.7756926e-01   4.9546695e-04   3.3289831e-03   1.5772451e-03
   6.1863406e-02   4.7270081e-02   1.7519195e-01   9.5859886e-04   3.3472507e-03   1.7291456e-03
   7.0654199e-02   5.8214259e-02   1.8727646e-01   4.7867813e-04   3.4316717e-03   1.8728182e-03
   6.4377792e-02   9.4727962e-02   1.9594685e-01   2.4364090e-03   3.6147117e-03   1.7620095e-03
   6.8400151e-02   4.7725937e-02   2.0203009e-01   5.8016890e-04   4.4614600e-03   1.8326089e-03
   7.8946882e-02   5.4591444e-02   2.0044872e-01   3.5200435e-04   4.4980285e-03   1.9358500e-03
   8.8790850e-02   8.0889220e-02   1.9989533e-01  -2.5610486e-04   3.9815911e-03   2.3006176e-03
   8.0732333e-02   6.4895042e-02   1.6746922e-01   1.3538351e-03   4.6500435e-03   2.3580503e-03
   8.0799111e-02   8.4894415e-02   2.2689730e-01   8.1618260e-04   4.5719999e-03   2.4171409e-03
   9.2103709e-02   8.2385244e-02   2.0327859e-01  -4.9662078e-05   4.6675758e-03   2.2442880e-03
   8.9945777e-02   4.0502571e-02   1.8326202e-01   7.0123299e-04   4.9911912e-03   2.3160190e-03
   7.9382218e-02   7.9324122e-02   1.9008515e-01   7.3240337e-04   5.0996449e-03   2.3523691e-03
   1.0058892e-01   5.2261522e-02   1.9543504e-01  -3.4387228e-04   5.1099905e-03   2.0909315e-03
   6.9691008e-02   8.1858568e-02   2.5845096e-01   2.4110619e-03   5.9407325e-03   2.5630276e-03
   7.2949750e-02   6.3054467e-02   2.8075098e-01   1.3464928e-03   5.5529212e-03   3.0993298e-03
   7.5711522e-02   9.0759148e-02   2.6894157e-01   4.8243032e-04   5.5066953e-03   3.2050004e-03
   8.8659798e-02   5.5031396e-02   2.3531208e-01   2.2427783e-04   5.8723204e-03   3.3264021e-03
   8.7136154e-02   8.0560935e-02   2.5795259e-01   1.4155074e-03   6.1935499e-03   3.4059289e-03
   8.1092958e-02   7.6546463e-02   3.0039843e-01   6.7848356e-04   6.3156492e-03   3.2971843e-03
   8.5253696e-02   9.0831181e-02   2.9465747e-01   3.0505617e-04   6.6017076e-03   3.3823625e-03
   9.7519698e-02   5.7506350e-02   2.9475787e-01   7.5939452e-04   6.7207456e-03   3.5181731e-03
   9.2215441e-02   9.2499070e-02   3.0659426e-01   1.0429039e-03   6.8614787e-03   3.6587438e-03
   9.7115215e-02   8.9342669e-02   2.9702633e-01   4.1738289e-04   6.8202612e-03   3.6995645e-03
   1.0913364e-01   8.9633378e-02   2.9020872e-01  -5.4888022e-04   6.5374552e-03   3.9277125e-03
   1.0205297e-01   6.9132837e-02   2.6031504e-01   9.7567503e-04   6.9698153e-03   3.8565444e-03
   1.0468191e-01   1.1635959e-01   2.9085233e-01   6.4067559e-04   6.9580501e-03   3.8418388e-03
   1.1530049e-01   1.0237094e-01   3.0174740e-01  -6.8131066e-05   7.1788400e-03   3.9281529e-03
   1.1694186e-01   7.2054352e-02   3.1034573e-01   4.5306196e-04   7.4792827e-03   4.2769990e-03
   1.1481135e-01   1.1668292e-01   3.3337966e-01   1.0493605e-03   7.6987508e-03   4.2999072e-03
   1.2672942e-01   1.1722249e-01   3.4116650e-01   2.4057972e-04   7.3829953e-03   4.5893867e-03
   1.2765405e-01   6.1385451e-02   2.9741529e-01   7.8470804e-04   7.4681873e-03   4.6142114e-03
   1.1866283e-01   1.0726946e-01   2.9926414e-01   1.1100490e-03   7.6239035e-03   4.4649101e-03
   1.2242207e-01   1.1174778e-01   3.2786083e-01   2.3111425e-04   7.3288005e-03   4.4642190e-03
   1.3185801e-01   7.9579117e-02   3.1071603e-01   2.9030319e-04   7.5030098e-03   4.6156997e-03
   1.2373861e-01   1.1195596e-01   3.0696086e-01   1.0413829e-03   7.8498532e-03   4.5652872e-03
   1.3369044e-01   1.2840486e-01   3.4389264e-01   7.3740837e-05   7.6256686e-03   4.7031724e-03
   1.4063453e-01   8.3052652e-02   3.0271681e-01   2.7572584e-04   7.7630743e-03   4.6924557e-03
   1.3468188e-01   1.0893693e-01   2.9356799e-01   6.9066302e-04   7.8852764e-03   4.5481292e-03
   1.3378452e-01   1.1834716e-01   3.2960880e-01   4.7758636e-04   7.9432012e-03   4.6565047e-03
   1.3873881e-01   1.1545176e-01   3.3201751e-01  -3.5353303e-04   7.9938943e-03   4.6698291e-03
   1.3985651e-01   7.8858123e-02   3.0488969e-01   7.8114939e-04   8.0270390e-03   4.8618894e-03
   1.4051631e-01   1.3371766e-01   3.3788845e-01   4.3385437e-04   8.0658374e-03   4.9035879e-03
   1.4416458e-01   1.1670242e-01   3.2891055e-01  -4.1405308e-04   7.9528334e-03   4.9544066e-03
   1.5544512e-01   5.9821637e-02   3.1449048e-01   6.1394684e-04   8.1611300e-03   5.0131063e-03
   1.5817068e-01   1.0887355e-01   3.3631634e-01   7.8109826e-04   8.4573047e-03   4.8743709e-03
   1.5854548e-01   9.9021342e-02   3.5889298e-01   3.6969573e-04   8.2146751e-03   5.0574289e-03
   1.6631504e-01   9.0618350e-02   3.3611071e-01  -2.3132780e-04   8.0619858e-03   5.1941251e-03
   1.5419735e-01   1.0061783e-01   2.7822354e-01   8.6924200e-04   8.2627249e-03   5.0414618e-03
   1.5007397e-01   1.2417675e-01   3.3198754e-01   1.5782482e-04   8.2324384e-03   4.9538112e-03
   1.6087144e-01   8.6288260e-02   3.2512486e-01  -3.6419914e-04   8.1927532e-03   5.0976560e-03
   1.5755596e-01   8.9709941e-02   3.1505287e-01   6.3589491e-04   8.3308624e-03   5.2036706e-03
   1.5175964e-01   1.1727841e-01   3.3161823e-01   5.6534805e-04   8.2781711e-03   5.3138528e-03
   1.5360249e-01   1.0361569e-01   3.1739693e-01   4.3083467e-04   8.3319984e-03   5.2413540e-03
   1.7418632e-01   6.2816246e-02   2.6559002e-01   1.0672138e-03   8.0267916e-03   5.8062080e-03
   1.6403519e-01   1.0867349e-01   2.6120061e-01   1.6078057e-03   8.3089538e-03   5.4940667e-03
   1.7005299e-01   1.0034630e-01   3.1559388e-01   1.0373367e-03   8.4210756e-03   5.5707783e-03
   1.7589612e-01   1.2317133e-01   3.3228951e-01   8.4585771e-04   8.2163376e-03   5.6253926e-03
   1.8490650e-01   8.6895323e-02   3.2450813e-01   9.8147263e-04   8.4605036e-03   5.6763134e-03
   1.6181361e-01   9.3276516e-02   2.6333184e-01   5.0625938e-03   7.6227294e-03   6.0323251e-03
   1.9087848e-01   6.9086737e-02   1.8448206e-01   2.0132209e-03   7.7292112e-03   5.5200171e-03
   2.0047688e-01   8.3530536e-02   2.5408885e-01   2.5582719e-03   8.3928602e-03   5.9741841e-03
   1.9895512e-01   1.1719209e-01   2.9302446e-01   1.5542525e-03   8.1270343e-03   6.2876174e-03
   2.0042104e-01   8.1655348e-02   2.9716528e-01   9.8621644e-04   8.2032090e-03   6.5306559e-03
   1.9454143e-01   7.0381156e-02   2.7901218e-01   2.2898783e-03   8.4474611e-03   6.5302835e-03
   1.9342026e-01   1.3657222e-01   2.8858275e-01   1.3016085e-03   8.1573577e-03   6.6260335e-03
   2.0784582e-01   7.5187267e-02   2.4707965e-01   1.1840157e-03   8.4698100e-03   6.4829224e-03
   1.9390521e-01   9.9617511e-02   2.0716114e-01   2.1636838e-03   8.2247203e-03   6.3461029e-03
   1.9945640e-01   1.2461752e-01   2.5718181e-01   9.3239239e-04   8.1839079e-03   6.3729612e-03
   2.0942957e-01   9.3978134e-02   2.8756666e-01   7.2714852e-04   8.5277356e-03   6.4436255e-03
   1.9865213e-01   8.0853953e-02   3.0038478e-01   1.9761793e-03   8.6720706e-03   6.6975950e-03
   1.9082706e-01   1.1677640e-01   3.1733422e-01   1.9149868e-03   8.6238902e-03   6.8140510e-03
   1.9895809e-01   1.1452779e-01   3.2769633e-01   1.0245304e-03   8.5797577e-03   6.5637479e-03
   2.0814578e-01   7.9544175e-02   3.2205068e-01   1.0957329e-03   8.8965926e-03   6.6310377e-03
   1.9727821e-01   1.0891947e-01   3.1728101e-01   1.7403535e-03   8.6650484e-03   6.7193206e-03
   1.9657081e-01   1.2627930e-01   3.2044562e-01   8.7216664e-04   8.6864220e-03   6.5944680e-03
   2.0790909e-01   9.2613201e-02   3.0808514e-01   7.4319697e-04   8.8707023e-03   6.6351471e-03
   1.9685867e-01   9.9339012e-02   2.7640346e-01   1.6831578e-03   8.8584643e-03   6.6688017e-03
   1.9938764e-01   9.9068526e-02   3.3486573e-01   1.2176227e-03   8.8973415e-03   6.6934731e-03
   2.1255377e-01   8.7505049e-02   3.2667810e-01   6.5670890e-04   8.8005784e-03   6.7973542e-03
   2.0781248e-01   8.8437164e-02   3.0949174e-01   1.7064454e-03   8.8584503e-03   6.7828639e-03
   1.9842291e-01   1.2264068e-01   3.4367346e-01   1.7915964e-03   8.8097483e-03   6.8696263e-03
   2.0947177e-01   1.1926443e-01   3.4179196e-01   8.5554435e-04   8.7901181e-03   6.7435630e-03
   2.1789572e-01   1.1161621e-01   3.4305138e-01   3.5272815e-04   8.9055244e-03   6.8176436e-03
   2.1100903e-01   1.1210358e-01   3.1718880e-01   2.0497271e-03   8.9230341e-03   6.9770681e-03
   2.0578147e-01   1.4447941e-01   3.6055745e-01   9.4583201e-04   8.8385204e-03   6.9238883e-03
   2.1749979e-01   8.7266438e-02   3.2554617e-01   8.3287557e-04   9.0439968e-03   6.9281595e-03
   2.1301516e-01   9.7704710e-02   3.0281330e-01   1.8548044e-03   9.2252076e-03   6.8569219e-03
   2.1931206e-01   1.1174294e-01   3.4184958e-01   1.0488208e-03   9.3262547e-03   7.0167787e-03
   2.3824063e-01   8.9025068e-02   3.4079492e-01   6.5799471e-04   9.5193959e-03   7.1663260e-03
   2.3437400e-01   9.4928437e-02   3.2693858e-01   1.4655926e-03   9.3569779e-03   7.3916150e-03
   2.2395442e-01   1.3287480e-01   3.3322348e-01   1.6295176e-03   9.2313470e-03   7.5058494e-03
   2.2157190e-01   1.2888837e-01   3.4484455e-01   1.0116408e-03   9.2121283e-03   7.4169235e-03
   2.2838752e-01   1.4220353e-01   3.2614867e-01   9.1059732e-04   9.1955257e-03   7.5980172e-03
   2.2716650e-01   1.3089023e-01   3.2517609e-01   1.4158002e-03   9.5160232e-03   7.4711632e-03
   2.2397380e-01   1.1828685e-01   3.1641493e-01   2.0706488e-03   9.4676974e-03   7.4957310e-03
   2.2233415e-01   1.3368301e-01   3.6384139e-01   1.4715423e-03   9.6499558e-03   7.5842802e-03
   2.2542322e-01   1.1650026e-01   3.6146785e-01   1.1812783e-03   9.7618955e-03   7.5366373e-03
   2.3248836e-01   1.1456770e-01   3.6352744e-01   1.0992781e-03   9.6920918e-03   7.6788391e-03
   2.2612676e-01   1.1766084e-01   3.1009501e-01   2.6061159e-03   9.6904053e-03   7.6776031e-03
   2.2524534e-01   1.4243084e-01   4.0035005e-01   7.8746088e-04   9.4076469e-03   7.6326975e-03
   2.3340731e-01   1.1828881e-01   4.3869470e-01   6.4388016e-04   9.5243717e-03   7.5700973e-03
   2.3901647e-01   9.4563384e-02   4.0055662e-01   1.5854855e-03   9.7291897e-03   7.6990380e-03
   2.4102821e-01   1.3275128e-01   3.9274615e-01   2.0625649e-03   9.7305155e-03   7.9842149e-03
   2.4614518e-01   1.5032730e-01   4.0169960e-01   1.1777294e-03   1.0072961e-02   7.9081927e-03
   2.5288723e-01   1.2876629e-01   3.6695679e-01   9.6689699e-04   1.0220396e-02   8.0003430e-03
   2.4932331e-01   1.2296584e-01   3.5643809e-01   2.0347928e-03   1.0402346e-02   7.9911659e-03
   2.4888573e-01   1.4599533e-01   4.0549395e-01   1.5576175e-03   1.0691248e-02   8.2240838e-03
   2.6335042e-01   1.4063409e-01   4.0445681e-01   1.3781733e-03   1.0871284e-02   8.5096748e-03
   2.7361194e-01   1.5288280e-01   4.1527110e-01   9.8688168e-04   1.1262757e-02   8.8562967e-03
   2.7253994e-01   1.3532481e-01   4.0328472e-01   1.8863478e-03   1.1804373e-02   9.1058569e-03
   2.6585180e-01   1.6274575e-01   3.8741601e-01   2.2674213e-03   1.1571076e-02   8.9703394e-03
   2.7752370e-01   1.7327692e-01   3.9445238e-01   1.2711828e-03   1.1475642e-02   8.8491990e-03
   2.6901971e-01   1.1249659e-01   3.4933381e-01   2.2616168e-03   1.1682188e-02   8.6783477e-03
   2.6295851e-01   1.7366686e-01   3.9057522e-01   2.3875120e-03   1.1621902e-02   8.8632465e-03
   2.6335417e-01   1.6616994e-01   4.1692599e-01   1.8653034e-03   1.1575303e-02   8.9512575e-03
   2.7168760e-01   1.4023675e-01   4.0361209e-01   1.7593052e-03   1.1806656e-02   9.1556419e-03
   2.7271141e-01   1.4658389e-01   3.9941036e-01   2.2618745e-03   1.1914878e-02   9.1231304e-03
   2.6992980e-01   1.5962277e-01   4.2101220e-01   2.0173068e-03   1.1899755e-02   9.3586173e-03
   2.7847582e-01   1.4513178e-01   4.2318452e-01   1.4063879e-03   1.2261192e-02   9.2181952e-03
   2.9069278e-01   1.4048208e-01   4.3398613e-01   1.4678636e-03   1.2307608e-02   9.3009689e-03
   2.8822842e-01   1.4792205e-01   4.1305899e-01   2.1479280e-03   1.2233360e-02   9.3850875e-03
   2.8172767e-01   1.7190976e-01   4.3462310e-01   2.3949572e-03   1.2254017e-02   9.4752959e-03
   2.8363764e-01   1.6544785e-01   4.4550783e-01   1.8176346e-03   1.2399950e-02   9.3661101e-03
   2.9608064e-01   1.5747626e-01   4.4625695e-01   1.4842052e-03   1.2412522e-02   9.4173798e-03
   2.9016067e-01   1.5216736e-01   4.2352668e-01   2.0084651e-03   1.2549078e-02   9.4920784e-03
   2.8835153e-01   1.7475052e-01   4.2436929e-01   2.5083583e-03   1.2611687e-02   9.4625446e-03
   2.9348309e-01   1.7484019e-01   4.5685801e-01   1.4877396e-03   1.2344473e-02   9.5909926e-03
   2.9733344e-01   1.3136992e-01   4.4583564e-01   1.6391143e-03   1.2520883e-02   9.6118504e-03
   2.9264533e-01   1.5779114e-01   4.2487577e-01   2.6335811e-03   1.2616550e-02   9.6691857e-03
   2.9731541e-01   1.8522545e-01   4.6575194e-01   2.1366015e-03   1.2628521e-02   9.9264925e-03
   3.0587350e-01   1.6469877e-01   4.6811089e-01   1.9245314e-03   1.2699216e-02   9.9225407e-03
   3.0573436e-01   1.5745339e-01   4.4722188e-01   2.3595787e-03   1.2822589e-02   9.9771204e-03
   3.0715561e-01   1.7230330e-01   4.4543860e-01   2.8316137e-03   1.2719208e-02   9.9741486e-03
   3.0453912e-01   1.7678224e-01   4.8883764e-01   2.0454334e-03   1.2644404e-02   1.0240185e-02
   3.1320998e-01   1.5642400e-01   4.8062852e-01   1.4596166e-03   1.2675335e-02   1.0475301e-02
   3.1293264e-01   1.7092607e-01   4.4017874e-01   2.5441359e-03   1.2644941e-02   1.0641956e-02
   3.1523454e-01   1.7595419e-01   4.7350778e-01   2.4121224e-03   1.2960992e-02   1.0750656e-02
   3.2161948e-01   1.4376646e-01   4.8455674e-01   2.5002846e-03   1.3062586e-02   1.0804337e-02
   3.2110286e-01   2.0034338e-01   5.0248130e-01   1.8336387e-03   1.2667391e-02   1.0788758e-02
   3.3278845e-01   1.5963842e-01   4.7769159e-01   1.6317505e-03   1.2899722e-02   1.0899483e-02
   3.2926199e-01   1.7139724e-01   4.6895377e-01   2.4414716e-03   1.2915381e-02   1.0890272e-02
   3.2350917e-01   2.0016561e-01   5.0519976e-01   2.3812907e-03   1.2795636e-02   1.1145818e-02
   3.2920229e-01   1.8490010e-01   4.8884302e-01   1.6832466e-03   1.2910211e-02   1.1214922e-02
   3.4103453e-01   1.4618746e-01   4.6498734e-01   1.8486877e-03   1.3312856e-02   1.1073425e-02
   3.3547242e-01   1.8212467e-01   4.8252047e-01   2.5178272e-03   1.3192286e-02   1.1207722e-02
   3.3648198e-01   1.8499322e-01   4.9334089e-01   1.9048310e-03   1.3128501e-02   1.1238259e-02
   3.4389783e-01   1.8248088e-01   4.9244906e-01   1.8036741e-03   1.2974775e-02   1.1173995e-02
   3.3843545e-01   1.5905738e-01   4.6819485e-01   2.3477929e-03   1.3117284e-02   1.1174368e-02
   3.2908234e-01   1.9241136e-01   4.7967860e-01   2.7575721e-03   1.3057943e-02   1.1246833e-02
   3.3152021e-01   2.0389134e-01   4.9632782e-01   1.9078418e-03   1.3047653e-02   1.1168051e-02
   3.3637235e-01   1.7595678e-01   4.5703648e-01   2.2244414e-03   1.3174321e-02   1.1097869e-02
   3.2888345e-01   2.0752206e-01   4.4458590e-01   3.0518775e-03   1.3105793e-02   1.1062892e-02
   3.2735168e-01   2.1350823e-01   4.8892876e-01   2.1482902e-03   1.3116259e-02   1.0990059e-02
   3.3716648e-01   1.7462832e-01   4.6746984e-01   2.4169481e-03   1.3250338e-02   1.1108848e-02
   3.3133298e-01   1.9474844e-01   4.3917296e-01   3.3650474e-03   1.3032770e-02   1.1231115e-02
   3.2313214e-01   2.1399448e-01   5.0949743e-01   2.6153470e-03   1.3014702e-02   1.1363207e-02
   3.3587684e-01   1.7864633e-01   5.0663567e-01   2.7721314e-03   1.3300982e-02   1.1350255e-02
   3.4312902e-01   1.8683025e-01   4.9576032e-01   2.3515536e-03   1.3401955e-02   1.1373441e-02
   3.3802264e-01   1.8918637e-01   4.7139582e-01   3.2640948e-03   1.3493389e-02   1.1339511e-02
   3.3692843e-01   2.0754946e-01   5.0041092e-01   2.9932561e-03   1.3446715e-02   1.1425955e-02
   3.3796491e-01   2.0035993e-01   4.9702839e-01   2.6225957e-03   1.3411775e-02   1.1544449e-02
   3.4944669e-01   2.0251420e-01   4.9033639e-01   1.9391357e-03   1.3761601e-02   1.1506882e-02
   3.6028839e-01   1.6753020e-01   4.6642865e-01   3.1709370e-03   1.3743111e-02   1.1655132e-02
   3.5742529e-01   2.1635612e-01   4.9238430e-01   2.8865816e-03   1.3845764e-02   1.1715806e-02
   3.6913433e-01   2.0500568e-01   4.9310577e-01   2.0957748e-03   1.3707456e-02   1.1728883e-02
   3.7243414e-01   1.7221366e-01   4.9084161e-01   2.6246756e-03   1.3997333e-02   1.2058283e-02
   3.6315371e-01   2.0221802e-01   4.9179539e-01   3.1454794e-03   1.3739829e-02   1.2201988e-02
   3.7037477e-01   2.0429597e-01   5.1561905e-01   2.1779095e-03   1.3839687e-02   1.2128007e-02
   3.8590260e-01   1.8912665e-01   5.2211751e-01   2.4135010e-03   1.4435958e-02   1.2248764e-02
   3.8548975e-01   2.0217763e-01   5.1751963e-01   2.5711055e-03   1.4375656e-02   1.2608795e-02
   3.8027486e-01   1.9357515e-01   4.8691998e-01   3.6278958e-03   1.3941148e-02   1.2640289e-02
   3.7634203e-01   2.3383126e-01   5.1187505e-01   2.7560719e-03   1.3871055e-02   1.2696725e-02
   3.8914681e-01   2.0617486e-01   4.9990866e-01   2.3332624e-03   1.4154054e-02   1.2804789e-02
   3.8359065e-01   2.0944580e-01   4.7486603e-01   3.3151276e-03   1.4281035e-02   1.2834336e-02
   3.8747179e-01   2.3819450e-01   5.0095340e-01   2.7381729e-03   1.4229624e-02   1.2933806e-02
   3.9401298e-01   2.2220836e-01   5.0549919e-01   2.9965702e-03   1.4389315e-02   1.2846182e-02
   3.9717154e-01   2.0277075e-01   5.0760308e-01   2.2067438e-03   1.4338355e-02   1.2945231e-02
   3.8917521e-01   2.1525449e-01   4.7834002e-01   3.2916286e-03   1.4432007e-02   1.2885471e-02
   3.8934745e-01   2.3006875e-01   5.2216023e-01   2.9571965e-03   1.4392025e-02   1.2975950e-02
   3.9672969e-01   2.0516328e-01   5.2465960e-01   2.3594483e-03   1.4384043e-02   1.2833859e-02
   3.9824089e-01   1.9659540e-01   4.9392920e-01   3.1379110e-03   1.4205198e-02   1.3006838e-02
   3.9205225e-01   2.3644228e-01   4.9829351e-01   3.4284240e-03   1.4076800e-02   1.3180885e-02
   3.9585913e-01   2.2656657e-01   5.2646199e-01   2.9468813e-03   1.3975052e-02   1.2915995e-02
   4.0381882e-01   2.2371683e-01   5.3083131e-01   2.4131960e-03   1.3854529e-02   1.3041881e-02
   4.0862544e-01   2.0585378e-01   5.1347377e-01   3.3530317e-03   1.4135935e-02   1.3244120e-02
   3.9384237e-01   2.4730073e-01   5.4059772e-01   3.1930263e-03   1.3928837e-02   1.3382005e-02
   4.0135915e-01   2.3360322e-01   5.2412543e-01   2.3696094e-03   1.3910210e-02   1.3016840e-02
   4.1204358e-01   1.9634535e-01   4.9369732e-01   2.9579672e-03   1.4061991e-02   1.3316423e-02
   3.9828579e-01   2.2337148e-01   4.8876158e-01   3.4070912e-03   1.4101623e-02   1.3306434e-02
   3.9761964e-01   2.2611405e-01   5.0979948e-01   2.9372341e-03   1.3853006e-02   1.3257352e-02
   4.0792729e-01   1.9451749e-01   4.7469549e-01   2.8646420e-03   1.3500741e-02   1.3292101e-02
   4.0585129e-01   2.0836406e-01   5.0183619e-01   4.0510314e-03   1.3945520e-02   1.3336102e-02
   3.9975329e-01   2.5529406e-01   5.2609204e-01   3.5819533e-03   1.3848796e-02   1.3444804e-02
   4.1370621e-01   2.4671230e-01   5.1069631e-01   2.9353910e-03   1.4108351e-02   1.3531155e-02
   4.1363891e-01   1.9537807e-01   4.7727440e-01   3.2023717e-03   1.4189547e-02   1.3454169e-02
   4.1669185e-01   2.2126600e-01   4.8094294e-01   3.8445478e-03   1.4293699e-02   1.3442441e-02
   4.1847380e-01   2.2850614e-01   5.0821589e-01   3.1312152e-03   1.4021341e-02   1.3577310e-02
   4.2244669e-01   1.8837699e-01   4.6471023e-01   3.5424178e-03   1.3999206e-02   1.3603241e-02
   3.9585729e-01   2.5701140e-01   4.1087491e-01   3.6853251e-03   1.3517186e-02   1.3349326e-02
   4.1039658e-01   2.0782674e-01   4.7156766e-01   3.1793743e-03   1.3815203e-02   1.3209452e-02
   4.0363348e-01   2.1254063e-01   4.6464714e-01   4.1414742e-03   1.3972993e-02   1.3196206e-02
   4.0208880e-01   2.4436599e-01   5.0238318e-01   4.1884595e-03   1.3860958e-02   1.3372325e-02
   4.0797542e-01   2.4609391e-01   5.0281728e-01   3.2376568e-03   1.3763156e-02   1.3371781e-02
   4.1490806e-01   2.1146658e-01   5.0258463e-01   3.4485321e-03   1.3668619e-02   1.3482742e-02
   4.0775281e-01   2.4190739e-01   4.8058110e-01   4.2464858e-03   1.3443275e-02   1.3472087e-02
   3.9547975e-01   2.5555342e-01   5.0007747e-01   3.6096341e-03   1.3450120e-02   1.3426894e-02
   4.0404659e-01   2.2913670e-01   4.9633189e-01   3.1647202e-03   1.3383349e-02   1.3203449e-02
   4.1250536e-01   2.0759846e-01   4.7719576e-01   3.9654260e-03   1.3737262e-02   1.3416756e-02
   4.0950620e-01   2.4581723e-01   4.7700631e-01   3.8609516e-03   1.3846799e-02   1.3739801e-02
   4.1870819e-01   2.2168501e-01   4.9333975e-01   3.1197181e-03   1.4087754e-02   1.3586085e-02
   4.2345761e-01   2.1576657e-01   4.8407328e-01   2.7446534e-03   1.3789999e-02   1.3823885e-02
   4.1920142e-01   2.3290084e-01   4.8907542e-01   3.5329379e-03   1.4001802e-02   1.3858205e-02
   4.0882064e-01   2.4816915e-01   5.0603917e-01   4.2049600e-03   1.4086211e-02   1.3884996e-02
   4.0619151e-01   2.6087257e-01   5.0537063e-01   3.2220258e-03   1.3787558e-02   1.3839869e-02
   4.2312370e-01   2.0484336e-01   4.7512694e-01   3.7609471e-03   1.4003094e-02   1.3644854e-02
   4.1936916e-01   2.5410483e-01   4.6995388e-01   4.3756888e-03   1.4161624e-02   1.3865250e-02
   4.1722260e-01   2.4979862e-01   5.2075259e-01   3.4384525e-03   1.4097339e-02   1.3673522e-02
   4.2748444e-01   2.0494757e-01   5.0920680e-01   3.5391261e-03   1.3795962e-02   1.3805981e-02
   4.2094508e-01   2.3687833e-01   4.8158865e-01   4.6893583e-03   1.3783424e-02   1.3815200e-02
   4.1344985e-01   2.5572812e-01   5.1693029e-01   3.9388180e-03   1.3772915e-02   1.3798834e-02
   4.2094409e-01   2.5055171e-01   5.0902416e-01   3.7290497e-03   1.4052271e-02   1.3597646e-02
   4.2375959e-01   2.6163675e-01   4.8920987e-01   2.8691249e-03   1.3795990e-02   1.3736655e-02
   4.1857446e-01   2.2463002e-01   4.6392007e-01   4.4885449e-03   1.4242435e-02   1.3769137e-02
   4.1209693e-01   2.6415393e-01   5.0811493e-01   3.8208903e-03   1.4025022e-02   1.3860083e-02
   4.1467159e-01   2.7355962e-01   4.9012432e-01   4.4337048e-03   1.4040943e-02   1.3618691e-02
   4.1616511e-01   2.4508523e-01   5.0121748e-01   3.6701721e-03   1.4143730e-02   1.3424988e-02
   4.2094214e-01   2.3856844e-01   5.0696690e-01   3.1543180e-03   1.4269088e-02   1.3640512e-02
   4.2600291e-01   2.2879243e-01   4.8718669e-01   3.8866145e-03   1.4177959e-02   1.3644797e-02
   4.2242811e-01   2.4768233e-01   4.9743475e-01   3.7800291e-03   1.3943297e-02   1.3841636e-02
   4.1993861e-01   2.1973751e-01   4.9670750e-01   4.3524090e-03   1.4057890e-02   1.3687092e-02
   3.8677107e-01   3.2058131e-01   5.8606967e-01   3.8763208e-03   1.2529887e-02   1.3125977e-02
   3.6917683e-01   1.3496761e-01   2.4635881e-01   5.8352115e-03   1.1580927e-02   1.1742814e-02
   3.9419949e-01   2.3883848e-01   3.9333078e-01   5.4246622e-03   1.2776670e-02   1.2166895e-02
   3.9590004e-01   2.5378761e-01   4.2080931e-01   5.0826310e-03   1.2968115e-02   1.2424715e-02
   3.9017458e-01   2.4991153e-01   4.3835278e-01   5.3432988e-03   1.3341403e-02   1.2631126e-02
   4.0693787e-01   2.4104598e-01   4.4823425e-01   5.2631346e-03   1.3605638e-02   1.2502194e-02
   4.0260425e-01   2.4728726e-01   4.7847528e-01   4.9535589e-03   1.3551824e-02   1.2843851e-02
   4.1070020e-01   2.2814087e-01   4.7574587e-01   4.6716281e-03   1.4042794e-02   1.2651661e-02
   4.1926192e-01   2.3560730e-01   4.5654408e-01   4.8683521e-03   1.3770353e-02   1.2826300e-02
   4.1284817e-01   2.3269575e-01   4.6229454e-01   5.2715587e-03   1.3794265e-02   1.2782514e-02
   4.0766810e-01   2.3959285e-01   5.0423359e-01   4.5016957e-03   1.3585628e-02   1.2839148e-02
   4.2516199e-01   2.3983450e-01   4.7988601e-01   3.4359415e-03   1.3431932e-02   1.2914886e-02
   4.2880160e-01   1.9218351e-01   4.3908994e-01   4.7958238e-03   1.3952065e-02   1.3037206e-02
   4.1534413e-01   2.4369426e-01   4.7453466e-01   5.1746373e-03   1.3813580e-02   1.2939408e-02
   4.1297783e-01   2.5436132e-01   4.5573988e-01   4.0615461e-03   1.3576329e-02   1.2951047e-02
   4.2910471e-01   2.1818265e-01   4.3059842e-01   4.4520383e-03   1.3751563e-02   1.2942284e-02
   4.2585827e-01   2.3237777e-01   4.5108797e-01   4.1914431e-03   1.3789862e-02   1.3061666e-02
   4.2698578e-01   2.4151851e-01   4.6887685e-01   5.1209513e-03   1.3847763e-02   1.3242064e-02
   4.1881836e-01   2.6128682e-01   5.1753284e-01   4.7320995e-03   1.3786753e-02   1.3139308e-02
   4.3183906e-01   2.4532513e-01   4.7394998e-01   4.5122666e-03   1.3278861e-02   1.3260959e-02
   4.3350940e-01   2.3890073e-01   5.3001876e-01   3.3220082e-03   1.3451524e-02   1.3265133e-02
   4.2228751e-01   2.6571325e-01   6.5776113e-01   4.8417804e-03   1.3529358e-02   1.3113671e-02
   4.1957759e-01   2.4285634e-01   5.3870069e-01   5.5349421e-03   1.3114445e-02   1.3178504e-02
   4.2562891e-01   2.5847017e-01   5.2737694e-01   4.9295030e-03   1.3191846e-02   1.3428815e-02
   4.2770076e-01   2.6960446e-01   5.4800322e-01   4.8850934e-03   1.3499722e-02   1.3328251e-02
   4.2944572e-01   2.6250306e-01   5.4583536e-01   4.6038494e-03   1.3379657e-02   1.3331548e-02
   4.3311349e-01   2.4979177e-01   5.3523841e-01   5.1735632e-03   1.3569333e-02   1.3368726e-02
   4.2332358e-01   2.7890129e-01   5.4150870e-01   5.2025659e-03   1.3260968e-02   1.3603479e-02
   4.3027687e-01   2.8195770e-01   5.4693064e-01   4.4603878e-03   1.3258621e-02   1.3375381e-02
   4.3541577e-01   2.6034089e-01   5.3860494e-01   4.6169088e-03   1.3355150e-02   1.3348951e-02
   4.1912070e-01   2.7262416e-01   4.9564318e-01   5.4113151e-03   1.3350090e-02   1.3341467e-02
   4.2400455e-01   2.7917218e-01   5.7332886e-01   4.7749170e-03   1.3361379e-02   1.3015030e-02
   4.2875989e-01   2.8437685e-01   5.7729491e-01   4.6828911e-03   1.3368382e-02   1.2968960e-02
   4.2187732e-01   2.5627939e-01   5.6407757e-01   5.2737239e-03   1.3566773e-02   1.2936511e-02
   4.0986105e-01   3.0233372e-01   5.6704750e-01   5.6282828e-03   1.3349515e-02   1.2993878e-02
   4.0929356e-01   2.9791651e-01   5.8626418e-01   5.1352765e-03   1.3453778e-02   1.2946481e-02
   4.1584933e-01   2.7145880e-01   5.7369142e-01   4.9561391e-03   1.3948360e-02   1.2691139e-02
   4.1956166e-01   2.6911513e-01   5.7663988e-01   5.0766534e-03   1.4164896e-02   1.2822427e-02
   4.1970520e-01   2.9098239e-01   6.0294844e-01   5.0643304e-03   1.3954334e-02   1.3001466e-02
   4.2131991e-01   2.9380478e-01   5.8792946e-01   5.8971508e-03   1.4007797e-02   1.3151630e-02
   4.2190718e-01   2.8753639e-01   6.1287983e-01   5.3511798e-03   1.4057306e-02   1.3094741e-02
   4.3408106e-01   2.8689299e-01   6.0559853e-01   5.0411183e-03   1.3969863e-02   1.3237799e-02
   4.3884803e-01   2.8954585e-01   5.9836668e-01   4.2997886e-03   1.3930208e-02   1.3386547e-02
   4.2952972e-01   2.6265496e-01   5.4661069e-01   5.9276306e-03   1.4120291e-02   1.3301013e-02
   4.2124756e-01   3.3247400e-01   5.6681221e-01   4.5421947e-03   1.3664950e-02   1.3079800e-02
   4.2730603e-01   2.4134374e-01   5.3187456e-01   5.3685922e-03   1.3775624e-02   1.2908030e-02
   4.1162874e-01   2.9718074e-01   5.4611504e-01   5.9359914e-03   1.3591810e-02   1.3025280e-02
   4.0943137e-01   2.8490904e-01   5.8081614e-01   5.1493552e-03   1.3597806e-02   1.3043253e-02
   4.3082322e-01   2.5546875e-01   5.7127468e-01   5.2900638e-03   1.3542997e-02   1.3116992e-02
   4.2894780e-01   2.9037811e-01   5.5997743e-01   5.3912338e-03   1.3414856e-02   1.3173248e-02
   4.3179378e-01   2.7949411e-01   5.6614369e-01   5.5153121e-03   1.3614465e-02   1.3341281e-02
   4.3243431e-01   3.0709830e-01   5.7912862e-01   5.7180239e-03   1.3553329e-02   1.3596877e-02
   4.2609353e-01   2.9613984e-01   5.7484211e-01   5.0975904e-03   1.3662568e-02   1.3413446e-02
   4.3062679e-01   2.8101940e-01   5.7993754e-01   4.7383373e-03   1.3800138e-02   1.3285764e-02
   4.4083584e-01   2.7423518e-01   5.6573646e-01   4.9028639e-03   1.3448430e-02   1.3504339e-02
   4.3767603e-01   2.9160959e-01   5.0309747e-01   6.0225975e-03   1.3109144e-02   1.3536994e-02
   4.2785827e-01   2.6254540e-01   4.3991465e-01   6.9281176e-03   1.2922446e-02   1.3349935e-02
   4.3804746e-01   2.0588213e-01   3.0973348e-01   6.5447786e-03   1.3705213e-02   1.3109225e-02
   4.3980739e-01   2.5884874e-01   5.4682622e-01   4.2549648e-03   1.3945315e-02   1.3426079e-02
   4.2029463e-01   3.4763356e-01   7.5033784e-01   9.0171295e-03   1.3714095e-02   1.3318030e-02
   4.2210356e-01   2.8526165e-01   6.3894558e-01   7.0353232e-03   1.3749636e-02   1.3333704e-02
   4.3241474e-01   3.2933569e-01   6.9380678e-01   6.4611164e-03   1.3771611e-02   1.3430598e-02
   4.4102599e-01   3.0331263e-01   6.9137246e-01   6.3760705e-03   1.3902975e-02   1.3570752e-02
   4.2594227e-01   3.4000333e-01   6.5965086e-01   6.8783857e-03   1.3843530e-02   1.3749892e-02
   4.3494690e-01   3.3258259e-01   6.9135741e-01   5.9654021e-03   1.3879256e-02   1.3514868e-02
   4.4559534e-01   3.1089317e-01   7.0421242e-01   6.2502576e-03   1.4103514e-02   1.3586300e-02
   4.4378829e-01   2.9143117e-01   6.9617863e-01   6.8532454e-03   1.4204540e-02   1.3608325e-02
   4.3171232e-01   3.3118749e-01   7.2987568e-01   6.9431113e-03   1.4013436e-02   1.3804328e-02
   4.3129059e-01   3.3309204e-01   7.2889048e-01   6.5670955e-03   1.3985855e-02   1.3614415e-02
   4.3417635e-01   3.1773086e-01   7.2028541e-01   6.6168145e-03   1.4136778e-02   1.3550315e-02
   4.2557525e-01   3.3031768e-01   7.1705451e-01   7.0276019e-03   1.4255023e-02   1.3499700e-02
   4.1391779e-01   3.3696314e-01   7.5536603e-01   7.2243105e-03   1.4147211e-02   1.3319774e-02
   4.0852898e-01   3.4380740e-01   7.5003454e-01   6.6594462e-03   1.4356147e-02   1.3389102e-02
   4.1901372e-01   3.1366732e-01   7.4645659e-01   6.1919393e-03   1.4476776e-02   1.3015920e-02
   4.2311718e-01   3.2115556e-01   7.4560682e-01   6.7502247e-03   1.4294550e-02   1.3161767e-02
   4.1781426e-01   3.3362324e-01   7.1192200e-01   7.0727633e-03   1.4102906e-02   1.3382668e-02
   4.1292902e-01   3.6150179e-01   7.6253309e-01   7.3842534e-03   1.4166082e-02   1.3270249e-02
   4.2474536e-01   3.1644261e-01   7.5348889e-01   6.1313950e-03   1.4448647e-02   1.3158221e-02
   4.2855194e-01   3.0746043e-01   7.5237442e-01   6.7707548e-03   1.4530425e-02   1.3306804e-02
   4.2439655e-01   3.4779683e-01   7.7342747e-01   7.2543450e-03   1.4321126e-02   1.3646697e-02
   4.2609902e-01   3.4961737e-01   7.9084753e-01   6.4047861e-03   1.4364505e-02   1.3436598e-02
   4.3861405e-01   3.0845879e-01   7.8379208e-01   6.6370522e-03   1.4251030e-02   1.3514949e-02
   4.3097896e-01   3.3850902e-01   7.7466571e-01   7.0608126e-03   1.4387763e-02   1.3646659e-02
   4.2466223e-01   3.4400366e-01   8.0541876e-01   6.5098376e-03   1.4234764e-02   1.3721244e-02
   4.3695040e-01   3.1394155e-01   7.8392296e-01   5.7014444e-03   1.4507727e-02   1.3335133e-02
   4.3354127e-01   3.2995822e-01   7.8003075e-01   6.6020988e-03   1.4434856e-02   1.3402909e-02
   4.3230452e-01   3.4488100e-01   7.9821613e-01   7.3271992e-03   1.4412575e-02   1.3493817e-02
   4.2189918e-01   3.6588721e-01   8.2023803e-01   6.3697840e-03   1.4071138e-02   1.3417126e-02
   4.3337564e-01   3.2535852e-01   7.8624992e-01   6.6171488e-03   1.4017760e-02   1.3207169e-02
   4.2508980e-01   3.7194500e-01   7.3166713e-01   7.3376216e-03   1.4099689e-02   1.3351928e-02
   4.2063193e-01   3.8800847e-01   8.0066527e-01   6.7402258e-03   1.4069687e-02   1.3001648e-02
   4.2841973e-01   3.5465708e-01   7.8327774e-01   5.8570732e-03   1.3832341e-02   1.2973034e-02
   4.2389229e-01   3.1077484e-01   7.0452066e-01   7.7253883e-03   1.3949459e-02   1.3126082e-02
   3.9380748e-01   4.5689599e-01   8.5943435e-01   7.5351226e-03   1.2668195e-02   1.2638768e-02
   3.9804913e-01   2.5084040e-01   4.1681584e-01   8.6170807e-03   1.2140734e-02   1.1218325e-02
   4.1068750e-01   2.8502714e-01   6.6010049e-01   7.9616567e-03   1.3155175e-02   1.1525460e-02
   4.0263870e-01   3.6571432e-01   7.0671163e-01   7.6847735e-03   1.3867032e-02   1.1879186e-02
   4.0890893e-01   3.5060927e-01   7.5086042e-01   7.5370221e-03   1.4649897e-02   1.1933720e-02
   4.1638181e-01   3.5323973e-01   7.7834384e-01   7.6831046e-03   1.4705094e-02   1.1790743e-02
   4.1651387e-01   3.7258260e-01   8.0691235e-01   6.9648407e-03   1.4583795e-02   1.1853704e-02
   4.1959350e-01   3.3856260e-01   7.8251360e-01   7.7578052e-03   1.5003674e-02   1.1816587e-02
   4.1306627e-01   3.6864794e-01   8.0182441e-01   6.9397134e-03   1.5085147e-02   1.1716335e-02
   4.2423271e-01   3.5447406e-01   7.9422745e-01   6.2952106e-03   1.5161263e-02   1.1523153e-02
   4.2627277e-01   3.3611304e-01   7.7958318e-01   6.4394392e-03   1.5325428e-02   1.1608557e-02
   4.1902759e-01   3.5792650e-01   7.5380927e-01   7.0928311e-03   1.5226330e-02   1.1634596e-02
   4.0689806e-01   3.9141135e-01   7.6307701e-01   6.9699823e-03   1.5336425e-02   1.1555726e-02
   4.1576474e-01   3.6986446e-01   7.5427544e-01   6.6030716e-03   1.5195438e-02   1.1478251e-02
   4.3748535e-01   3.3459838e-01   7.5657300e-01   6.5473502e-03   1.5212637e-02   1.1294376e-02
   4.2706333e-01   3.7522494e-01   7.5197945e-01   7.3635770e-03   1.4876066e-02   1.1580255e-02
   4.2545689e-01   3.7737115e-01   7.4847784e-01   6.4976373e-03   1.4366893e-02   1.1563853e-02
   4.3002975e-01   3.5883514e-01   7.4196573e-01   6.4670227e-03   1.4867806e-02   1.1615673e-02
   4.2194869e-01   3.6699851e-01   7.2661403e-01   7.6529389e-03   1.4825428e-02   1.1524973e-02
   4.1715781e-01   3.7199144e-01   7.7657670e-01   7.2538612e-03   1.4824353e-02   1.1642329e-02
   4.1705777e-01   3.7741068e-01   7.9058153e-01   6.6075292e-03   1.4983054e-02   1.1480760e-02
   4.2365287e-01   3.4150703e-01   7.5945058e-01   7.5742179e-03   1.5053565e-02   1.1658319e-02
   4.2176823e-01   3.8644946e-01   7.9196469e-01   7.2962060e-03   1.5238084e-02   1.1559952e-02
   4.1069519e-01   3.7011916e-01   8.0329714e-01   6.9987607e-03   1.5123248e-02   1.1438958e-02
   4.1354508e-01   3.7710650e-01   7.7858652e-01   6.6273349e-03   1.5050540e-02   1.1413614e-02
   4.2947948e-01   3.6470035e-01   7.4353997e-01   6.5491655e-03   1.4919036e-02   1.1384422e-02
   4.2740325e-01   3.4825108e-01   7.3908615e-01   7.1109360e-03   1.4965041e-02   1.1380702e-02
   4.1614976e-01   3.6977480e-01   7.5880009e-01   6.9354960e-03   1.5116886e-02   1.1463719e-02
   4.1913740e-01   3.6650498e-01   7.7863833e-01   6.3511700e-03   1.5107364e-02   1.1355942e-02
   4.3705166e-01   3.5316921e-01   7.2226964e-01   5.9041945e-03   1.5180917e-02   1.1352334e-02
   4.2890718e-01   3.5280107e-01   7.0393513e-01   7.5674105e-03   1.5225826e-02   1.1533463e-02
   4.2382552e-01   3.8581652e-01   7.9573739e-01   6.8884783e-03   1.5380348e-02   1.1638995e-02
   4.2561393e-01   3.5652885e-01   8.0503851e-01   7.1339559e-03   1.5461754e-02   1.1628250e-02
   4.1825014e-01   3.8284993e-01   8.0898151e-01   6.7207463e-03   1.5649399e-02   1.1464447e-02
   4.3182201e-01   3.7560436e-01   7.9626334e-01   6.2482227e-03   1.5624718e-02   1.1301280e-02
   4.3308599e-01   3.7856241e-01   7.8324537e-01   7.3768935e-03   1.5610220e-02   1.1500905e-02
   4.2110964e-01   4.0869536e-01   8.0493009e-01   7.3973849e-03   1.5830885e-02   1.1517783e-02
   4.1756329e-01   3.8879739e-01   8.1594601e-01   6.7230616e-03   1.6082823e-02   1.1342109e-02
   4.3310599e-01   3.8736374e-01   8.1303824e-01   6.6449912e-03   1.6066438e-02   1.1442081e-02
   4.4075247e-01   3.6246778e-01   8.2003588e-01   6.7876442e-03   1.6235877e-02   1.1447711e-02
   4.3605748e-01   3.9867376e-01   8.1338403e-01   7.2488612e-03   1.6025015e-02   1.1465111e-02
   4.3762912e-01   3.8566691e-01   8.1668313e-01   7.2314540e-03   1.6066227e-02   1.1546429e-02
   4.3814123e-01   3.8225866e-01   8.4275680e-01   6.6854302e-03   1.5924118e-02   1.1374659e-02
   4.4077017e-01   3.3889708e-01   7.6005025e-01   7.3015829e-03   1.5609594e-02   1.1403799e-02
   4.3764529e-01   3.8933689e-01   7.7119192e-01   7.4348267e-03   1.5949613e-02   1.1457282e-02
