   0.0000000e+00   0.0000000e+00   0.0000000e+00   0.0000000e+00   0.0000000e+00   0.0000000e+00
   2.9854504e-02  -9.9964096e-02  -3.7849154e-01   2.7506705e-03   9.7818249e-04   6.0961814e-04
   4.6082689e-02   1.5014914e-02   8.1374524e-02  -3.1809898e-03   8.7675464e-04   8.2654993e-04
   9.2114627e-03   7.2865453e-02   9.3968905e-02  -1.1575035e-03   2.7979296e-04   2.9757327e-04
  -3.5438192e-05  -2.6412678e-02   2.0926252e-02  -2.0349171e-03   3.9239595e-04  -1.7512505e-04
   2.8365361e-02  -1.9349836e-03   2.0549543e-01  -2.9956777e-03   6.7687840e-04   6.5474105e-04
   2.3857272e-02   5.7229298e-03   9.9657260e-02  -2.3456741e-03   4.4960848e-04   1.4759550e-04
   2.7746052e-02  -5.6578180e-02   1.5787853e-01  -3.3446644e-03   5.8894380e-04   6.3258445e-04
   2.4328550e-02   4.3651536e-02   1.6657325e-01  -2.0133620e-03   3.9884857e-04   4.0746645e-04
   4.3212666e-03  -6.0924158e-02   5.0237674e-02  -2.4325311e-03   2.6961631e-04  -2.8274440e-05
   6.8964538e-03  -2.0601170e-02   9.1483022e-02  -2.1611255e-03   4.6019680e-04  -6.2887697e-05
   3.7139099e-02  -2.6518874e-02   2.3884862e-01  -3.4180977e-03   8.5791282e-04   6.4417287e-04
   3.5376672e-02   3.0816525e-02   2.7239376e-01  -2.2363703e-03   7.4520493e-04   4.0933114e-04
  -8.3899709e-03  -4.7633456e-02   7.5465232e-02  -1.4499814e-03   9.9918879e-05  -9.1704004e-05
  -7.6581549e-03  -5.6327459e-02   1.2654079e-01  -3.0924385e-03   1.5365995e-04   4.3264092e-04
  -7.4826508e-03  -1.0235335e-01   1.3975440e-01  -3.7567386e-03   1.4255877e-04   3.8486951e-04
   1.9263167e-02  -3.0999195e-02   2.4494085e-01  -3.2769022e-03   4.1144729e-04   5.2893050e-04
  -1.7784901e-02  -9.3883371e-02   9.2081071e-02  -3.3761611e-03   1.7484074e-04   2.7702883e-04
  -1.5672313e-02  -8.3103119e-02   1.3656585e-01  -3.2674947e-03   2.8055583e-04   1.7671508e-04
   1.2624474e-02  -5.9671896e-02   3.0052967e-01  -3.9357469e-03   6.5893238e-04   7.4190456e-04
  -1.1698901e-02  -8.2957116e-02   1.2790753e-01  -2.9388149e-03   1.0086797e-04   3.2336250e-04
  -1.4102943e-02  -9.4826806e-02   1.5253340e-01  -3.6618426e-03   2.0553567e-04   4.6636877e-04
  -7.9965416e-03  -4.4051270e-02   1.5825432e-01  -3.3489495e-03   1.7343651e-04   3.3675236e-04
   4.2300600e-03  -9.1566782e-02   2.3862538e-01  -4.1527058e-03   3.7981039e-04   8.6970393e-04
  -7.3196902e-03  -3.6121113e-02   1.9773018e-01  -3.0039111e-03   1.3121209e-04   5.8089817e-04
  -1.9744001e-02  -1.2975538e-01   6.9722646e-02  -3.0139245e-03  -1.9565878e-04   6.1297675e-04
   4.6393518e-02  -4.8714298e-02  -4.3972996e-01   2.3857258e-03   1.2240825e-03   6.6982950e-04
   8.5810252e-03   6.3246463e-02  -6.5112136e-02  -4.1133042e-04   5.2400207e-04   3.6415279e-04
   1.1995610e-02  -3.3970216e-03   7.8665015e-02  -1.8211681e-03   5.5020026e-04   7.9200854e-04
   1.6509499e-02   5.1413084e-02   1.7800775e-01  -8.0836971e-04   4.3073693e-04   5.5109418e-04
  -1.0107381e-02  -5.0084630e-02   2.3804564e-02  -1.0055806e-03   2.7597477e-04   1.6343841e-04
  -1.5466973e-02  -2.7433789e-02   4.3740060e-02  -1.4096620e-03   2.0521424e-04   2.8745817e-04
  -8.9561128e-04   2.2804217e-02   1.4237957e-01  -1.3290020e-03   3.2135268e-04   9.0910517e-04
   4.6681030e-03   1.2275952e-02   1.1001095e-01  -1.5717769e-03   4.2760332e-04   6.4602977e-04
  -1.2189258e-02  -5.8271261e-02   3.1237201e-02  -1.4807176e-03   3.3406672e-04   3.5142050e-04
  -5.5533543e-03  -1.4293962e-02   1.2362248e-01  -1.7407240e-03   5.5273190e-04   7.0597652e-04
   7.4654801e-03   4.6767134e-02   1.6149669e-01  -1.1174774e-03   4.2421547e-04   5.7313444e-04
  -1.2048763e-02  -7.1125362e-02   4.8027473e-02  -2.2425992e-03   2.2293472e-04   3.0158744e-04
   4.3773407e-03  -6.0558186e-02   1.7930587e-01  -3.4217669e-03   5.7619697e-04   8.0828925e-04
  -7.7389305e-03  -5.2676676e-03   1.4639256e-01  -1.7688351e-03   2.6718766e-04   5.0076707e-04
  -1.2816664e-02  -8.6224158e-02   8.0733163e-02  -2.6771777e-03   3.3611825e-04   4.0093789e-04
   1.3210118e-02  -3.7504344e-02   2.8666809e-01  -3.3428079e-03   6.1288237e-04   9.1247125e-04
  -2.1409968e-02  -4.9152475e-02   9.9223890e-02  -1.9012624e-03   1.1080189e-04   4.8595273e-04
   7.6509198e-03  -6.0160950e-02   2.4352254e-01  -3.3249906e-03   6.4250344e-04   8.7144718e-04
  -2.1094242e-02  -6.8713122e-02   1.3344215e-01  -3.1844240e-03   3.9279052e-04   2.9681589e-04
  -2.2919879e-02  -1.0727281e-01   1.6020876e-01  -3.0673048e-03   3.8136866e-04   2.7233088e-04
   6.5752202e-03   1.5531558e-02   2.6235097e-01  -1.9611693e-03   5.3523573e-04   6.6394976e-04
  -9.4903766e-03  -9.5498900e-02   1.4135086e-01  -2.7798545e-03   4.1270520e-04   6.1714639e-04
  -1.0239646e-02  -9.1433997e-02   1.7218485e-01  -3.2890221e-03   4.8076385e-04   5.6169700e-04
   1.1938498e-02  -5.1176860e-02   3.2794529e-01  -3.6443114e-03   6.6514736e-04   8.6128928e-04
  -1.1546150e-02  -9.4904481e-02   1.1955626e-01  -2.9859117e-03   3.1967276e-04   4.5431055e-04
  -2.1104613e-02  -1.0766150e-01   1.2674628e-01  -3.2031253e-03   2.0442212e-04   3.4359474e-04
   1.6516946e-02  -7.6850832e-02   2.8460808e-01  -3.9423261e-03   7.7849352e-04   7.9045481e-04
   1.9803169e-02  -2.8911244e-02   2.6707417e-01  -3.0102565e-03   5.2515999e-04   6.4028904e-04
  -1.5975104e-02  -1.0731651e-01   1.0126209e-01  -3.0358182e-03   2.0336845e-04   2.9911185e-04
   2.6031582e-04  -7.6053858e-02   2.1115313e-01  -3.8722964e-03   5.4671476e-04   6.2362269e-04
   4.2636512e-03  -4.0753998e-02   2.1497665e-01  -3.2343752e-03   4.2608732e-04   6.0392187e-04
  -1.6475179e-02  -1.0783367e-01   1.4885915e-01  -3.1217222e-03   3.4834971e-04   2.5617065e-04
  -6.3136189e-03  -8.8631614e-02   2.3922951e-01  -3.2851374e-03   6.9764378e-04   5.4183475e-04
   1.8383442e-02  -2.1551817e-02   3.4000974e-01  -3.0168397e-03   7.8864682e-04   9.5574764e-04
  -1.9454968e-02  -1.1170890e-01   1.3749777e-01  -2.6418338e-03   3.4168964e-04   3.9217063e-04
  -1.6167714e-02  -9.6729958e-02   1.5680451e-01  -2.9945416e-03   4.0280659e-04   4.1447114e-04
   2.3093119e-02  -4.8665865e-02   3.1665375e-01  -3.1682877e-03   7.8058786e-04   9.3425518e-04
  -6.8475370e-03  -7.7111398e-02   1.6007587e-01  -2.7848891e-03   3.8044570e-04   4.6662339e-04
  -2.7393533e-02  -7.6886881e-02   1.4635645e-01  -2.5915996e-03   2.3176409e-04   2.9238782e-04
   4.0190097e-03  -6.9049866e-02   3.1004862e-01  -3.8372858e-03   7.0098465e-04   9.9908461e-04
  -1.5611963e-02  -6.3641531e-02   1.8976973e-01  -2.9969901e-03   3.8672283e-04   5.5057333e-04
  -3.1739890e-02  -1.2249426e-01   1.4155514e-01  -3.4780047e-03   2.5475663e-04   3.2582366e-04
  -1.2302788e-02  -7.9789544e-02   2.5767327e-01  -4.0249115e-03   6.0565894e-04   7.7119500e-04
  -3.1849212e-02  -6.6899931e-02   1.8906191e-01  -3.3735710e-03   2.7251636e-04   4.4871176e-04
  -3.5319981e-02  -8.7414251e-02   1.9262809e-01  -3.1566970e-03   4.2678012e-04   3.6760194e-04
  -4.8697170e-03  -3.4118449e-02   3.3690505e-01  -3.5870453e-03   8.6136333e-04   7.8886998e-04
  -2.4022844e-02  -9.5289114e-02   1.8279326e-01  -3.1690629e-03   5.6361773e-04   5.4282844e-04
  -1.3064454e-02  -9.2626817e-02   2.8485386e-01  -3.4889579e-03   8.7181100e-04   6.9037774e-04
  -3.1891764e-02  -3.1991429e-02   2.7410184e-01  -2.3323730e-03   5.4682483e-04   4.1183612e-04
  -5.0678271e-02  -8.5890181e-02   2.0222663e-01  -2.4558805e-03   2.2583961e-04   3.0419407e-04
  -1.1329227e-02  -7.3036478e-02   3.5411401e-01  -3.9687143e-03   9.2475634e-04   8.7182199e-04
  -1.7856520e-02  -6.3908242e-02   2.7514985e-01  -2.8942305e-03   7.3794920e-04   5.2366948e-04
  -3.8383067e-02  -6.9741811e-02   2.2361251e-01  -2.3254199e-03   2.8275255e-04   4.7019162e-04
  -1.8297927e-02  -7.5863011e-02   3.5286083e-01  -3.8268559e-03   8.8620781e-04   8.0216435e-04
  -3.1384928e-02  -5.4087231e-02   2.7475906e-01  -2.9618216e-03   5.4448582e-04   6.4148790e-04
  -3.9267902e-02  -1.1431865e-01   2.2060774e-01  -3.1867120e-03   4.0490750e-04   3.8577927e-04
  -3.4172095e-02  -9.0595297e-02   2.5051015e-01  -3.4227284e-03   6.0099240e-04   3.5225436e-04
  -3.3670990e-02  -9.1246979e-02   2.7252042e-01  -3.5000216e-03   6.2036652e-04   4.5399347e-04
  -4.4729417e-03  -5.3267105e-02   4.1504281e-01  -3.6776620e-03   9.8246248e-04   9.2585995e-04
  -3.7704413e-02  -9.9371720e-02   2.2170811e-01  -3.3108342e-03   5.7715159e-04   4.8001337e-04
  -5.5263287e-02  -7.9119556e-02   2.5700242e-01  -2.9731520e-03   4.8715598e-04   3.8364276e-04
  -2.4354119e-02  -2.3487427e-02   4.1310896e-01  -3.5426582e-03   8.3062963e-04   8.7519939e-04
  -3.8679232e-02  -1.0223689e-01   2.1834528e-01  -3.2550844e-03   6.7935238e-04   2.6954980e-04
  -5.4980528e-02  -1.0297137e-01   2.1036593e-01  -3.3152893e-03   6.7790753e-04   1.3826342e-04
  -2.8385313e-02  -8.3551001e-02   3.2308489e-01  -3.7827794e-03   1.0029200e-03   6.7836302e-04
  -2.1481787e-02  -5.8450190e-02   3.1355298e-01  -3.1568737e-03   8.5375262e-04   4.6713370e-04
  -5.1333504e-02  -1.0502662e-01   2.1636347e-01  -3.1081260e-03   6.6699911e-04   1.8219826e-04
  -3.7659960e-02  -6.5923555e-02   3.2916777e-01  -3.8118522e-03   9.2903395e-04   6.7385044e-04
  -4.4963868e-02  -4.8328136e-02   2.6245760e-01  -3.1023557e-03   6.9163903e-04   4.1935165e-04
  -6.9171497e-02  -8.2161627e-02   2.4511952e-01  -1.5540255e-03   2.2463652e-04   3.5899041e-04
  -1.5486513e-03  -9.7175619e-03  -2.8466450e-02  -1.8904338e-03   1.5837108e-03   6.1739517e-04
   1.1004715e-02  -7.0969284e-02   3.0622051e-01  -4.4088951e-03   1.6902481e-03   8.7583248e-04
   1.2631456e-04  -3.7682637e-02   3.0303583e-01  -3.4325769e-03   1.4496967e-03   6.2444637e-04
  -1.7928576e-02  -7.8588083e-02   1.7481082e-01  -3.2646480e-03   1.2578165e-03   2.1658978e-04
   1.2662284e-02  -7.4272483e-02   3.9411380e-01  -4.9284833e-03   1.6530176e-03   1.0775295e-03
  -1.8040329e-02  -1.1982993e-01   2.7223482e-01  -4.4300808e-03   1.2709164e-03   6.1168977e-04
  -2.1970324e-02  -1.5136509e-01   2.9994105e-01  -4.9841332e-03   1.3233494e-03   5.2957217e-04
  -7.4928103e-03  -4.1385386e-02   3.8602790e-01  -4.3031045e-03   1.4859597e-03   6.8031803e-04
  -4.3863305e-02  -1.3809222e-01   2.3021200e-01  -4.1626772e-03   9.6919307e-04   5.4435170e-04
  -3.2311132e-02  -6.5724551e-02   2.6716405e-01  -3.7785459e-03   1.2050082e-03   5.1215264e-04
  -3.5417570e-02  -1.0633456e-01   3.4533683e-01  -5.6136670e-03   1.1234582e-03   8.1967763e-04
  -7.8703882e-03  -6.8772148e-02   4.5584371e-01  -5.1523391e-03   1.4864127e-03   1.1173248e-03
  -3.3469860e-02  -1.7080712e-01   2.8230263e-01  -5.1662801e-03   1.1150839e-03   6.7031696e-04
  -4.2204375e-02  -1.5694580e-01   3.1189959e-01  -5.6387958e-03   1.0981807e-03   6.0583477e-04
  -1.4913529e-02  -1.1108473e-01   4.4020290e-01  -5.7272468e-03   1.4219806e-03   8.8962852e-04
  -3.8961890e-02  -1.2433857e-01   3.1700280e-01  -5.1084786e-03   1.0839225e-03   4.4082902e-04
  -2.7408035e-02  -1.4957642e-01   3.1527884e-01  -6.0736365e-03   1.2708569e-03   3.2942760e-04
  -1.7226114e-02  -1.0264427e-01   5.0567107e-01  -6.5637420e-03   1.6070796e-03   9.8573894e-04
  -4.3989920e-02  -1.3026221e-01   3.5550928e-01  -5.5878447e-03   1.0739694e-03   5.9692422e-04
  -5.4062785e-02  -1.6831390e-01   2.1222240e-01  -6.0814202e-03   9.8740662e-04  -3.1682231e-04
  -3.1282208e-02  -1.2046878e-01   4.2363210e-01  -6.9811201e-03   1.4436155e-03   4.5858123e-04
  -4.5010606e-02  -1.0761995e-01   3.9542844e-01  -5.7910515e-03   1.1945174e-03   2.6532367e-04
  -5.2587924e-02  -1.8029039e-01   3.0706658e-01  -5.8297350e-03   1.1966758e-03  -4.5015687e-05
  -4.8075832e-02  -1.3015213e-01   3.8897140e-01  -5.9175757e-03   1.4098804e-03   1.6880390e-04
  -3.9684043e-02  -1.0455691e-01   4.1788332e-01  -5.6770051e-03   1.3377368e-03   1.8904126e-04
  -3.7755568e-02  -1.8302732e-01   3.1440627e-01  -5.8551181e-03   1.1883171e-03  -1.0230381e-04
  -2.6654707e-02  -1.2847675e-01   4.7144262e-01  -6.2028668e-03   1.5463778e-03   3.2610565e-04
  -5.9493987e-02  -1.0302414e-01   3.5340399e-01  -4.9666372e-03   9.7709326e-04  -1.0114082e-05
  -4.6737357e-02  -1.6036566e-01   3.1413435e-01  -5.6612840e-03   1.2182692e-03  -2.5505298e-04
  -2.8537781e-02  -1.4437552e-01   4.4359578e-01  -6.6393788e-03   1.5556142e-03   3.0051738e-04
  -4.5190552e-02  -1.3428531e-01   3.8107354e-01  -5.8175115e-03   1.1895696e-03   3.3954048e-05
  -4.9495913e-02  -1.8352579e-01   3.3087193e-01  -6.1403385e-03   1.2344734e-03  -1.3580630e-04
  -3.8852621e-02  -9.2062003e-02   4.6412016e-01  -5.8579904e-03   1.4035818e-03   5.1675830e-05
  -6.6117207e-02  -1.5118588e-01   3.1516173e-01  -5.3321142e-03   9.9561711e-04  -1.0452941e-04
  -5.6224593e-02  -1.5870350e-01   3.3132663e-01  -6.9154313e-03   1.2675576e-03  -5.7404896e-05
  -3.9171592e-02  -1.4046982e-01  -2.4093523e-01   5.7283186e-03   4.8420522e-04   1.9407869e-03
  -6.4233368e-02   7.2283297e-02   1.5398105e-01  -1.0952662e-03   3.0962928e-04   1.1783845e-03
  -7.2616481e-02   8.4974446e-02   2.9262517e-01  -4.6369933e-04   2.6712393e-04   6.6417589e-04
  -8.9789255e-02  -1.4256369e-02   2.0055029e-01  -1.3429844e-03   1.8422592e-04   1.6201660e-04
  -8.0554034e-02   6.0720141e-03   2.3771424e-01  -1.7927134e-03   3.9439456e-04   4.2646850e-05
  -5.0632960e-02  -1.7279452e-03   4.0386566e-01  -2.6989710e-03   7.7641027e-04   4.7836647e-04
  -8.6344894e-02  -6.8877172e-03   2.6704033e-01  -1.3770471e-03   2.1068425e-04   7.8992527e-05
  -8.7919743e-02  -5.3476270e-02   2.3598582e-01  -2.4665627e-03   3.1103015e-04   4.7237925e-05
  -9.5119574e-02  -1.4582693e-02   2.3842581e-01  -2.2991261e-03   2.3195725e-04   1.7690997e-04
  -6.7100719e-02   1.3493963e-02   3.2473200e-01  -2.3302596e-03   4.6779095e-04   2.4343834e-04
  -8.6159556e-02  -5.1039984e-02   2.1813111e-01  -2.4392245e-03   1.7615985e-04   4.7102526e-05
  -7.2672224e-02  -5.8851860e-02   3.2783560e-01  -3.6677081e-03   5.6548738e-04   2.1204630e-04
  -5.8650535e-02  -3.2563139e-03   4.5618013e-01  -3.7973459e-03   7.4904686e-04   3.6556617e-04
  -8.5420113e-02  -6.9540091e-02   2.1296022e-01  -3.1603825e-03   2.5058262e-04  -4.2416408e-05
  -9.1444302e-02  -6.7348984e-02   2.0523590e-01  -3.2285830e-03   4.1846847e-04  -4.5079125e-04
  -9.6942947e-02  -2.2022688e-02   2.3891620e-01  -2.3976359e-03   2.5323821e-04  -5.7807913e-04
  -7.5273326e-02  -4.9012061e-02   3.1580551e-01  -3.5293322e-03   5.7622389e-04  -2.2240888e-04
  -6.1858486e-02  -1.0766720e-02   2.9752748e-01  -2.5083729e-03   3.8301438e-04  -4.5305068e-04
  -7.8398203e-02  -9.1551808e-02   1.9619946e-01  -3.8051003e-03   1.3890199e-04  -7.6504288e-04
  -8.1350410e-02  -5.9041007e-02   2.1669713e-01  -3.8637851e-03   2.1092503e-04  -8.6997384e-04
  -6.1570496e-02  -3.2402560e-02   2.3684429e-01  -3.2549412e-03   5.8441386e-04  -2.0713296e-04
   8.4443233e-02   7.9653988e-02   4.4364379e-01  -1.7910950e-03   1.8880301e-03   4.4477280e-03
   1.4483321e-01   1.2119806e-01   5.2487527e-01  -1.0325569e-03   1.9146622e-03   4.3010667e-03
   7.2427560e-02  -2.0350926e-01  -5.1190023e-01   2.5900837e-03   1.4413859e-03   4.0299044e-03
   2.4993029e-01   2.6741566e-02  -6.6886060e-02  -4.4244798e-03   5.1894030e-03   2.4413213e-03
   3.0473743e-01   2.6085839e-02  -3.9731193e-01   5.9711208e-03   6.0052073e-03   3.8439088e-03
   1.3711893e-01   1.0152745e-01   9.4895860e-02  -4.1119041e-03   3.3022412e-03   2.1640277e-03
   1.5349327e-01  -3.0524513e-02   1.3673452e-01  -5.5313808e-03   3.7718072e-03   1.2912496e-03
   1.8293562e-01  -1.9877448e-03   3.3023510e-01  -5.8642919e-03   4.0670538e-03   2.0910161e-03
   1.5114327e-01  -2.3091037e-02   2.3475480e-01  -4.7986814e-03   3.6737938e-03   1.3425215e-03
   1.2743778e-01  -3.7927963e-02   1.7218308e-01  -4.8732574e-03   3.5124256e-03   1.2632009e-03
   1.5380836e-01  -3.8926165e-02   3.5133153e-01  -5.8119123e-03   4.0995122e-03   1.7425590e-03
   1.2483697e-01  -7.1366804e-02   2.4746983e-01  -4.9512866e-03   3.6780392e-03   1.3756939e-03
   2.0154481e-01  -3.5908142e-02  -4.3884915e-01   8.1068544e-03   4.1669504e-03   4.9478042e-03
   1.6880776e-01   1.4269248e-01  -4.5369516e-02  -7.8481123e-04   3.8262164e-03   3.0277053e-03
   1.6441425e-01   9.5639162e-02   1.1496806e-01  -5.7855782e-04   3.5071367e-03   2.8090595e-03
   1.6343315e-01   7.3423895e-02   4.9895395e-02  -5.2253257e-04   3.7374553e-03   2.7506115e-03
   1.7532368e-01   7.3781645e-02   2.0298503e-01  -1.8686974e-03   4.1740792e-03   2.8975171e-03
   1.4183874e-01   7.3947005e-02   1.1880585e-01  -6.0758247e-04   3.7384092e-03   2.2476198e-03
   1.1986509e-01   4.9592946e-02   4.6905918e-02  -8.0288557e-04   3.4955641e-03   2.1691982e-03
   1.4870093e-01   9.7943284e-02   2.3790928e-01  -1.2837171e-03   3.9684254e-03   2.4775616e-03
   1.1862173e-01   2.2374070e-02   9.3693873e-02  -1.6132733e-03   3.7704951e-03   2.1229672e-03
   1.3541794e-01   4.4040439e-02   6.2225355e-02  -1.4375318e-03   3.9197748e-03   2.4202283e-03
   1.0015964e-01   1.7120289e-01  -1.3799658e-03   4.8850516e-03   3.0530144e-03   1.7514491e-03
   1.4234660e-01   2.0631368e-01  -4.0192750e-01   3.8629246e-03   3.6243792e-03   2.3714339e-03
   1.2286487e-01   1.5848495e-01  -7.4997082e-02   6.6255988e-04   3.2297104e-03   2.3563959e-03
   1.3736638e-01   1.7415223e-01   8.3974705e-02   3.0790493e-04   3.4840646e-03   2.2491421e-03
   1.1520824e-01   9.6530293e-02  -1.6584923e-02   5.5838772e-05   3.3597931e-03   2.0800755e-03
   1.4324542e-01   1.5732777e-01   1.2723903e-01  -1.3219613e-04   3.7627348e-03   2.2677888e-03
   1.0983163e-01   8.4652438e-02   2.0256396e-03  -3.4109317e-04   3.4137226e-03   1.9424613e-03
   1.0327863e-01   1.0611245e-01   4.6796766e-03  -5.6132278e-04   3.3854111e-03   2.0562756e-03
   1.2767449e-01   1.0793033e-01   1.0961900e-01  -1.8238196e-03   3.9098537e-03   2.3483893e-03
   1.0723816e-01   1.5703053e-01   5.9947265e-02  -3.6242868e-04   3.5342009e-03   1.7635538e-03
   1.1523854e-01   5.2362189e-02  -8.4386088e-03  -1.0030482e-03   3.5889550e-03   2.1008052e-03
   1.3453799e-01   1.6398046e-01   1.0527842e-01  -4.6698631e-04   4.0207554e-03   2.5072141e-03
   1.3549285e-01   1.6473054e-01   1.0757847e-01   2.6329959e-04   4.0067726e-03   2.3433472e-03
   1.1504968e-01   1.2491325e-01   1.9380067e-02   7.9452854e-04   3.9439414e-03   1.8781953e-03
   1.3085801e-01   1.1965607e-01   8.2580768e-02  -2.6266584e-04   4.1355387e-03   2.3230258e-03
   1.3991877e-01   1.6830593e-01   1.5592097e-01   2.4067341e-04   4.1199207e-03   2.2480946e-03
   1.1934729e-01   1.2040005e-01   4.9896741e-02   6.2707812e-04   3.7819617e-03   2.0586266e-03
   1.1905477e-01   1.4523760e-01   6.7727308e-02   2.4486169e-04   3.8273028e-03   2.0033347e-03
   1.4495896e-01   1.3949920e-01   2.0079733e-01  -6.4663573e-04   4.4321800e-03   2.3776114e-03
   1.0048769e-01   1.1449902e-01   6.8401416e-02   3.7153532e-04   3.7416011e-03   1.8534229e-03
   1.2570754e-01   1.2838504e-01   7.5557198e-02   3.2629615e-05   4.1278758e-03   1.9625239e-03
   1.2252995e-01   8.9393217e-02   5.7277005e-02  -6.3013225e-04   4.2330290e-03   1.9238765e-03
   1.1188622e-01   8.9461298e-02   5.7759736e-02  -1.0515518e-03   4.2927811e-03   1.7598834e-03
   1.3941796e-01   8.8754459e-02  -3.7771460e-01   5.4683220e-03   5.6253055e-03   1.7748348e-03
   1.7509561e-01   2.1805140e-01   8.5728584e-02   1.6099057e-03   5.9840370e-03   1.6961257e-03
   1.6129419e-01   2.3276611e-01   9.4684225e-02   2.7568638e-03   5.7278610e-03   1.0776411e-03
   1.2954778e-01   1.2078967e-01  -3.0902622e-02   2.2077862e-03   5.5371265e-03   8.3046698e-04
   1.5881248e-01   1.5781417e-01   1.4585803e-01   1.1225163e-03   6.0123872e-03   1.5433125e-03
   1.4963842e-01   1.3138178e-01   6.9367156e-02   1.5155684e-03   5.8297292e-03   1.2849836e-03
   1.3885529e-01   1.0622620e-01   6.1908641e-02   1.7465438e-03   5.5689185e-03   1.2200889e-03
   1.4804455e-01   1.1430462e-01   1.1334023e-01   4.7159096e-04   6.0701414e-03   1.3802581e-03
   1.3437510e-01   1.3679121e-01   4.6904140e-02   9.3785592e-04   5.8200358e-03   1.1806841e-03
   1.5003198e-01   1.3196806e-01   1.3746364e-01   3.5508298e-04   5.9926682e-03   1.5161537e-03
   1.3138688e-01   1.3796948e-01   6.6713471e-02   1.0090267e-03   5.6766046e-03   1.2738240e-03
   1.5241460e-01   9.3266158e-02   8.8350940e-02   5.5037429e-04   5.9053406e-03   1.3050668e-03
   1.7154144e-01   1.7003092e-01   1.9470881e-01   1.2160511e-03   6.2112258e-03   1.3314078e-03
   1.5028239e-01   1.0322081e-01   8.5118484e-02   5.8442300e-04   5.8872399e-03   1.3301250e-03
   1.6107130e-01   1.1284966e-01   1.3316763e-01   1.6596460e-04   6.0621213e-03   1.3930844e-03
   1.8746475e-01   1.2668040e-01   2.7509389e-01  -4.4601307e-04   6.4308679e-03   1.9831719e-03
   2.4029566e-01   1.6997136e-01   3.6795335e-01   1.5420832e-04   6.8818599e-03   2.8655529e-03
   2.1036998e-01   1.1834994e-01   3.4077746e-01   1.0208679e-03   6.6633125e-03   2.4599810e-03
   1.5665926e-01   7.8422310e-02   2.0408172e-01   1.0230899e-03   6.0242617e-03   1.9187317e-03
   1.5745378e-01   7.5333106e-02   1.4250371e-01  -1.3928914e-04   5.9760499e-03   1.2449592e-03
   1.4608676e-01   7.9913341e-02   1.7269029e-01  -6.2720903e-04   5.9586913e-03   1.1619816e-03
   1.7295453e-01   8.9068732e-02  -1.5768301e-01   6.6042429e-03   5.6418831e-03   2.8652298e-03
   1.9168278e-01   1.4250780e-01   4.5475942e-02  -1.6225913e-03   5.4125083e-03   2.6412165e-03
   1.8798397e-01   1.6144101e-01   3.0345000e-01  -1.8026276e-04   5.4459849e-03   2.7332936e-03
   1.7969100e-01   6.4895728e-02   1.7245039e-01  -2.6898264e-05   5.3463148e-03   2.2107802e-03
   1.6822361e-01   2.9878339e-02   1.8094467e-01  -6.9920799e-04   5.4900890e-03   2.0582451e-03
   1.7983071e-01   7.2552512e-02   2.4103845e-01  -5.0542782e-04   5.5657075e-03   2.1501892e-03
   2.1855749e-01   1.1503096e-01   3.4050835e-01  -6.1072158e-04   6.0123342e-03   2.1444772e-03
   2.0724227e-01   3.2647793e-02   2.0715661e-01   1.5298078e-04   5.8169362e-03   2.4785524e-03
   2.1479628e-01   1.4681937e-01   1.3389721e-01   2.1919888e-03   6.3444116e-03   2.6623001e-03
   2.3951422e-01   2.3294597e-01  -1.1179706e-01   8.7045828e-03   5.9805667e-03   3.1164052e-03
   3.1986602e-01   1.5770184e-01  -1.1530864e-01  -1.2599847e-03   7.4515019e-03   2.5056482e-03
   3.2196646e-01   1.6944775e-01   2.5801170e-01  -1.1234523e-04   7.6467557e-03   2.5099020e-03
   2.8299395e-01   7.6315051e-02   1.3122010e-01  -1.4604649e-04   7.3073325e-03   1.7036041e-03
   2.8867463e-01   1.0235517e-01   1.4767033e-01  -2.7676720e-05   7.4527712e-03   1.5832043e-03
   3.0529343e-01   1.0602764e-01   2.9232643e-01  -1.1662547e-03   7.6580566e-03   2.0844964e-03
   2.8782063e-01   8.9964269e-02   2.0250771e-01  -4.1854096e-04   7.6306718e-03   1.5681778e-03
   2.8472842e-01   5.0319180e-02   1.8627530e-01  -8.8668534e-04   7.6814332e-03   1.5452245e-03
   3.0426525e-01   1.3325328e-01   3.0572823e-01  -9.6801359e-04   7.8374025e-03   2.0092759e-03
   2.8186122e-01   8.0028010e-02   1.7047643e-01  -9.0314232e-04   7.5284333e-03   1.6540343e-03
   2.8326438e-01   7.7220726e-02   2.1690782e-01  -1.2345267e-03   7.5684758e-03   1.7384318e-03
   3.0596478e-01   1.3926458e-01   3.0061013e-01  -7.2959667e-04   7.9311734e-03   1.8007828e-03
   2.7560092e-01   5.9196461e-02   2.1844909e-01  -6.4998365e-04   7.5479958e-03   1.4968898e-03
   2.8688381e-01   6.2616214e-02   2.6938729e-01  -1.5482634e-03   7.8984166e-03   1.6190598e-03
   2.9055077e-01   8.8818531e-02   2.6395406e-01  -1.1486444e-03   7.7385921e-03   1.6091129e-03
   2.9935093e-01   2.9891979e-02   2.6015389e-01  -1.8641415e-03   7.9613966e-03   1.8099174e-03
   3.1216616e-01   1.0644967e-01   3.2688542e-01  -1.3501537e-03   8.0562233e-03   1.8400694e-03
   2.9100506e-01   3.9046496e-02   2.5088162e-01  -1.2719338e-03   7.7083800e-03   1.7055105e-03
   2.9574226e-01   5.1508590e-02   2.8014677e-01  -1.8462664e-03   8.0322871e-03   1.7564171e-03
   3.0056702e-01   1.0832299e-01   3.0741999e-01  -1.1454156e-03   7.9677799e-03   1.7763444e-03
   3.0556308e-01   9.6662308e-02   3.9045007e-01  -1.8770126e-03   7.8522950e-03   1.9940507e-03
   3.3060497e-01   1.2229045e-01   4.7282114e-01  -2.0609629e-03   8.1259378e-03   2.6639186e-03
   3.6588537e-01   1.1595129e-01   5.2411727e-01  -9.2116439e-04   8.4907049e-03   2.3904189e-03
   2.9996214e-01   3.0929399e-02   2.9029103e-01  -9.8982712e-04   7.9244350e-03   2.1297718e-03
   2.9679213e-01   3.7431310e-02   2.8744260e-01  -1.4352259e-03   7.8058845e-03   1.6103617e-03
   3.0258072e-01   5.1233808e-02   3.2905749e-01  -1.7299118e-03   7.8940440e-03   1.5234843e-03
   3.0413502e-01   5.6126860e-02   3.4352792e-01  -1.6140752e-03   7.8445561e-03   1.5030271e-03
   4.9405104e-01   1.0245067e-01   4.2074123e-01  -1.9124092e-03   1.1078281e-02   4.0596915e-03
   4.4699296e-01   8.1528012e-02   3.3986744e-01  -1.9303311e-03   9.9095972e-03   3.0306525e-03
   4.5417784e-01   7.9870847e-02   3.5498562e-01  -1.3476528e-03   1.0143204e-02   3.2139948e-03
   4.3777829e-01   1.5128987e-01   3.9183880e-01   3.4027749e-05   9.8901788e-03   3.4824419e-03
   3.9480175e-01   1.0801498e-02  -1.9182314e-02   3.7889344e-04   9.5613228e-03   5.5069375e-03
   4.4089296e-01   1.8776149e-02  -4.8322408e-01   4.1244077e-03   1.0031244e-02   2.8336951e-03
   3.7406986e-01   1.4155736e-01   1.2258898e-01  -6.7892403e-04   8.1583578e-03   2.5712789e-03
   3.7653753e-01   1.1246252e-01   2.0924519e-01  -7.2352950e-04   8.1886599e-03   2.4103188e-03
   3.8504861e-01   9.5692135e-02   2.1358753e-01  -1.0722739e-03   8.4645375e-03   2.0516704e-03
   3.8421214e-01   9.4968514e-02   2.7740300e-01  -1.5883667e-03   8.8879549e-03   2.1334243e-03
   3.7459563e-01   8.8255311e-02   2.6087955e-01  -1.5152198e-03   8.6587706e-03   2.1435707e-03
   3.8863208e-01   5.5875992e-02   2.9041030e-01  -1.7012860e-03   8.6859034e-03   2.0304944e-03
   4.0329161e-01   7.6134914e-02   2.9122675e-01  -8.4637512e-04   8.9825761e-03   1.7173422e-03
   4.0151099e-01   3.7194432e-02   3.7045314e-01  -2.3911887e-03   9.1287547e-03   2.0203144e-03
   3.8716422e-01   4.2521180e-02   3.0172015e-01  -2.0330666e-03   8.6668786e-03   1.8425564e-03
   3.9835246e-01   5.0655278e-02   3.4101183e-01  -2.2693660e-03   9.0530750e-03   1.9735537e-03
   3.7955605e-01   4.6237405e-02   2.9576372e-01  -2.2451460e-03   8.8359486e-03   1.9731693e-03
   4.0089527e-01   1.0282016e-01   3.5784788e-01  -2.0148270e-03   8.9824059e-03   2.0645151e-03
   3.6885945e-01   4.9851289e-02   2.7632934e-01  -2.0737698e-03   8.5346714e-03   2.0072877e-03
   3.7231192e-01   1.2790140e-01   3.5344150e-01  -2.0661994e-03   8.6792519e-03   1.9048729e-03
   4.0121658e-01   8.7105822e-02   3.7949071e-01  -2.2753132e-03   9.2844627e-03   2.1854703e-03
   4.3201498e-01   1.1032028e-01   5.4805018e-01  -2.3935350e-03   9.9115642e-03   2.6715101e-03
   4.1808806e-01   8.0403433e-02   3.8083584e-01  -1.3181936e-03   9.7459939e-03   2.3091482e-03
   4.1147933e-01   2.0688836e-02   3.0188028e-01  -2.3765486e-03   9.6410270e-03   2.1440012e-03
   4.1380096e-01   5.9709598e-02   3.4401088e-01  -2.9289873e-03   9.6779148e-03   2.2036543e-03
   4.0652889e-01   1.6564432e-01   1.3231263e-01   7.6412325e-03   9.1691867e-03   2.9473312e-03
   4.7579882e-01   2.4579932e-01  -1.2384030e-01   3.5277971e-03   1.0475636e-02   3.0340761e-03
   4.9822984e-01   2.1564189e-01   2.0470005e-01   2.0357398e-03   1.0920998e-02   2.7389195e-03
   4.5729709e-01   2.0848865e-01   1.9652648e-01   1.7179023e-03   1.0225690e-02   2.5529476e-03
   4.6189992e-01   1.6192775e-01   2.3848059e-01   4.6619034e-04   1.0400976e-02   2.6491349e-03
   4.7454771e-01   1.7996806e-01   2.8257815e-01   5.4151605e-04   1.0606372e-02   2.7020709e-03
   4.8201980e-01   1.2683849e-01   3.1907272e-01   5.0762620e-05   1.0861781e-02   2.7459534e-03
   4.5360982e-01   1.6376793e-01   2.5995397e-01   4.0141516e-04   1.0278715e-02   2.6707927e-03
   4.6186359e-01   1.2832583e-01   2.8523703e-01  -1.0271544e-03   1.0764778e-02   2.6535065e-03
   4.5312675e-01   2.0619981e-01   2.6737583e-01   8.4101701e-04   1.0552072e-02   2.5531421e-03
   4.5558076e-01   1.3686224e-01   2.3594916e-01   6.0464053e-04   1.0456715e-02   2.5538836e-03
   5.8861104e-01   8.9820712e-02   2.7986787e-01   4.9289253e-04   1.3556005e-02   1.9454979e-03
   6.2357793e-01   6.1502987e-02  -1.3402180e-01   6.8448731e-03   1.2703442e-02   4.1729440e-03
   5.5687363e-01   2.3328692e-01   2.1612640e-01  -3.1540112e-04   1.2324281e-02   2.5313372e-03
   5.6420418e-01   2.2831953e-01   2.7385856e-01   1.4094492e-03   1.2336046e-02   2.4169204e-03
   5.4720357e-01   1.3296191e-01   2.4459377e-01   8.0175419e-04   1.2212601e-02   2.2571131e-03
   5.5437204e-01   1.4785238e-01   2.9202178e-01   3.2376142e-04   1.2420056e-02   2.2109587e-03
   5.6478753e-01   1.4099559e-01   3.5969422e-01  -2.7264756e-05   1.2571937e-02   2.1496621e-03
   5.7941071e-01   1.0619608e-01   3.7169697e-01   1.2815644e-04   1.2602875e-02   2.4225549e-03
   5.6161880e-01   9.8858195e-02   2.9996002e-01   2.6238702e-04   1.2391525e-02   2.3617143e-03
   5.5260796e-01   1.1079954e-01   3.2113670e-01  -7.5503661e-04   1.2451862e-02   2.3394400e-03
   5.8166708e-01   1.2605521e-01   4.1001343e-01  -7.5499809e-04   1.2541456e-02   3.4788477e-03
   6.0952245e-01   1.6224740e-01   5.8678226e-01   2.9287046e-04   1.2680820e-02   3.7194606e-03
   6.5549325e-01   1.2070655e-01   6.0129430e-01   1.2432515e-03   1.2873824e-02   3.7406517e-03
   5.3882166e-01   8.0356776e-02   3.1676027e-01  -1.5813509e-04   1.1534111e-02   3.4827846e-03
   5.4636633e-01  -9.1928929e-03  -3.9214312e-02   4.7591120e-03   1.1543181e-02   4.0544123e-03
   4.8662119e-01   1.9631198e-01   2.8639010e-01   3.0928304e-04   1.0249676e-02   3.2141480e-03
   4.8909020e-01   1.7589221e-01   3.0238590e-01   4.0306618e-04   1.0339499e-02   3.2085406e-03
   4.7952908e-01   1.8518605e-01   2.9897406e-01   3.7208463e-04   1.0254091e-02   3.0585580e-03
   4.7116282e-01   1.5964298e-01   3.2216820e-01  -2.2480489e-04   1.0273938e-02   2.7532234e-03
   4.7788783e-01   1.3661172e-01   3.3672908e-01  -1.6946402e-04   1.0533613e-02   2.6181738e-03
   4.9610551e-01   1.4095883e-01   3.8480246e-01  -1.1475540e-04   1.0584464e-02   2.7303370e-03
   4.8558458e-01   1.3073680e-01   3.7356470e-01  -4.1075452e-04   1.0501118e-02   2.6194016e-03
   4.8365124e-01   1.1694893e-01   3.5666303e-01  -4.7819435e-04   1.0491453e-02   2.6457749e-03
   4.8705763e-01   1.4723106e-01   4.2482506e-01  -4.4631137e-04   1.0588662e-02   2.5975699e-03
   4.8332888e-01   1.1186620e-01   3.9707202e-01  -1.1098036e-03   1.0852078e-02   2.8346110e-03
   4.6731481e-01   1.1903211e-01   3.5509655e-01  -1.0558590e-03   1.0496603e-02   2.9415042e-03
   4.6758808e-01   1.0809117e-01   3.5270245e-01  -6.0631005e-04   1.0754092e-02   2.8723802e-03
   4.6700611e-01   1.3789814e-01   3.9354584e-01  -5.6306668e-04   1.0606230e-02   2.7859105e-03
   4.7900203e-01   8.6689514e-02   4.1131160e-01  -1.5987999e-03   1.0946250e-02   2.8698836e-03
   4.6394133e-01   1.4057383e-01   3.6053605e-01  -1.3048229e-04   1.0421236e-02   2.8526605e-03
   4.6539967e-01   1.1395005e-01   3.6332827e-01  -7.8943864e-04   1.0387490e-02   3.0534774e-03
   4.9424997e-01   1.7230707e-01   4.4903376e-01  -1.1183389e-03   1.1086905e-02   2.9920396e-03
   4.6818245e-01   1.1380935e-01   3.6797186e-01  -8.7094981e-04   1.0462275e-02   3.1536426e-03
   4.9305156e-01   1.1503883e-01   4.3171728e-01  -1.8761385e-03   1.1139155e-02   3.3495819e-03
   5.0195117e-01   2.2017513e-01   4.7153064e-01  -4.2092377e-04   1.1242309e-02   3.2250428e-03
   4.6692990e-01   2.9295762e-02   3.5518320e-01  -1.6138354e-03   1.0847080e-02   3.1784273e-03
   5.1075321e-01   2.4723634e-02  -1.0863401e-01   4.9298158e-03   1.1894075e-02   4.0114611e-03
   4.9913910e-01   2.5461200e-01   1.9418395e-01   1.1778173e-03   1.1733211e-02   3.2123242e-03
   4.9553318e-01   1.8693902e-01   2.4904595e-01   4.2110643e-04   1.1736291e-02   3.1208290e-03
   5.0270865e-01   1.8848310e-01   2.7713128e-01   2.1484791e-04   1.1728197e-02   3.0395620e-03
   5.3109633e-01   1.7801375e-01   3.9919612e-01  -3.8855569e-04   1.2122088e-02   3.1623139e-03
   5.0931501e-01   1.3666509e-01   2.9035488e-01  -4.1238136e-04   1.1684336e-02   2.5577071e-03
   5.3511266e-01   1.1280688e-01   2.7157570e-01   3.8193382e-04   1.1753792e-02   2.9379101e-03
   5.7444919e-01   1.7272855e-01   2.4987926e-01   1.3340843e-03   1.1744492e-02   3.9881061e-03
   5.3919424e-01   2.1415062e-01   2.5079155e-01   6.2654219e-04   1.1567460e-02   3.1714778e-03
   5.6748378e-01   1.5148994e-01  -3.8924004e-01   3.7508048e-03   1.2335352e-02   2.9836620e-03
   5.4977896e-01   2.6945386e-01   2.9141574e-01   1.4427462e-03   1.2208695e-02   2.9229345e-03
   5.0930653e-01   1.7268686e-01   1.8296179e-01   9.5476736e-04   1.1531506e-02   2.6803126e-03
   5.4341012e-01   1.7749923e-01   3.5927193e-01  -2.6948846e-04   1.2105515e-02   2.9864986e-03
   5.2035222e-01   1.8738560e-01   2.9826854e-01   7.1136886e-04   1.1531027e-02   2.8456699e-03
   5.2368422e-01   1.3000496e-01   3.3170896e-01  -4.1717191e-05   1.1886861e-02   2.8582427e-03
   5.3263366e-01   1.9923834e-01   3.8535360e-01   9.3208048e-04   1.1763740e-02   2.7370716e-03
   5.2748023e-01   2.4767272e-01   4.0417688e-01   6.1684724e-04   1.1665656e-02   2.7522802e-03
   5.3235643e-01   2.3230524e-01   4.0220306e-01   4.2462731e-04   1.1614381e-02   2.7843558e-03
   5.2028717e-01   1.8531334e-01   3.4938687e-01  -1.7587917e-04   1.1768992e-02   3.0160850e-03
   5.1908522e-01   2.3157849e-01   3.6581880e-01   4.1971941e-04   1.1600025e-02   3.1341932e-03
   5.2681072e-01   1.9031523e-01   4.0125025e-01  -6.3236182e-04   1.1790827e-02   3.1717147e-03
   5.2071049e-01   2.0653477e-01   4.1308127e-01  -3.3478519e-05   1.1596283e-02   3.1437787e-03
   5.2275240e-01   1.8621713e-01   3.5916999e-01   2.7355223e-04   1.1462399e-02   3.3496266e-03
   5.1485058e-01   2.1545074e-01   3.9126563e-01   1.0983622e-04   1.1550019e-02   3.2649099e-03
   5.4734869e-01   1.9903332e-01   4.9733836e-01  -1.1694729e-03   1.2395133e-02   4.2688804e-03
   6.9906782e-01   2.9363835e-01   6.0133332e-01   1.6736506e-04   1.2952349e-02   6.6540060e-03
   6.2812635e-01   9.1137191e-02   6.5927123e-01  -2.5363818e-03   1.0607437e-02   6.2632091e-03
   5.6570714e-01   5.5406602e-02   4.9590840e-01  -2.4010337e-03   9.9399628e-03   5.9580267e-03
   5.6058523e-01   8.6613883e-02   5.8423056e-01  -3.0180843e-03   1.0114777e-02   6.3648678e-03
   5.5739214e-01   6.2905851e-02   6.2403297e-01  -3.1813189e-03   1.0118918e-02   6.0056197e-03
   5.5495018e-01   1.1392793e-01   7.2837753e-01  -2.5979756e-03   1.0195093e-02   6.0665046e-03
   5.4008648e-01   7.8448350e-02   6.5169616e-01  -2.7208129e-03   9.7960973e-03   5.8373988e-03
   5.5178053e-01   5.4625230e-02   6.8403226e-01  -3.4073799e-03   9.6470728e-03   5.7546497e-03
   5.6657111e-01   7.1683340e-02   7.4051014e-01  -3.1402592e-03   1.0033625e-02   5.6449077e-03
   5.6202045e-01   1.3664628e-02   6.9347597e-01  -3.7488022e-03   9.8079079e-03   5.5359940e-03
   5.5146215e-01  -2.2615031e-03   7.0958714e-01  -4.3762427e-03   9.9360232e-03   5.7636816e-03
   5.6052973e-01   2.5593003e-02   6.6968840e-01  -4.2273070e-03   9.7415020e-03   6.0761754e-03
   5.6063039e-01  -4.0031374e-03   6.4387849e-01  -4.5761840e-03   9.8178609e-03   6.0259577e-03
   5.6149211e-01   2.0653943e-02   6.5477096e-01  -4.3297825e-03   9.8469343e-03   6.0919000e-03
   5.7051594e-01   7.5908713e-02   7.0176890e-01  -4.0056064e-03   9.9932771e-03   5.9806878e-03
   5.5100930e-01   5.8900009e-02   6.4956906e-01  -3.3674719e-03   9.5833529e-03   5.8781269e-03
   5.6473731e-01   5.7519020e-02   7.1240815e-01  -4.2768617e-03   1.0037514e-02   6.0013401e-03
   5.6004724e-01   7.0102063e-02   7.1620236e-01  -3.8997141e-03   9.7049159e-03   6.1173147e-03
   5.5664037e-01   4.3744900e-02   6.6195710e-01  -3.9742636e-03   9.5380865e-03   6.1616894e-03
   5.7621552e-01   9.6638300e-02   6.9703314e-01  -4.3430838e-03   9.9772212e-03   6.1458494e-03
   5.7081537e-01   7.5960916e-02   6.6583675e-01  -4.2235668e-03   9.6515758e-03   6.2522545e-03
   5.8177758e-01   3.7977086e-02   6.7951993e-01  -4.9321164e-03   9.8914192e-03   6.3732323e-03
   6.1479745e-01   1.3329584e-01   7.8566093e-01  -5.0150122e-03   1.0647093e-02   6.9269154e-03
   6.0005277e-01   5.2977191e-02   7.0918981e-01  -4.6499143e-03   1.0138087e-02   7.0879426e-03
   5.8959996e-01   2.2287256e-02   6.6368232e-01  -4.6221969e-03   9.7989568e-03   6.8556178e-03
   6.0046642e-01   9.0983178e-02   7.2399502e-01  -4.6103353e-03   9.8939646e-03   7.0296938e-03
   6.0870436e-01   6.0498727e-02   6.9687918e-01  -4.3884228e-03   1.0004705e-02   7.0016952e-03
   6.2681950e-01   8.6487703e-02   7.5602345e-01  -4.5152069e-03   1.0334369e-02   6.9692621e-03
   6.0247195e-01   6.7912531e-02   6.7980128e-01  -4.3874668e-03   9.8520712e-03   6.9256966e-03
   6.1260747e-01   6.3013829e-02   7.1002032e-01  -5.0017214e-03   1.0134502e-02   7.0870317e-03
