   0.0000000e+00   0.0000000e+00  -1.4210855e-14   0.0000000e+00   0.0000000e+00   0.0000000e+00
  -5.9674758e-03   4.9652179e-02   1.1213026e-01  -6.8358878e-04  -2.4180384e-04   2.2241497e-04
  -6.5752218e-03  -4.9572829e-03   4.8453967e-02  -7.8884373e-04  -4.1084502e-04   1.0886055e-04
  -1.4887344e-02   5.6305072e-02   1.5620351e-01  -8.9575457e-04  -5.6616541e-04   4.8573719e-04
   3.1252300e-03  -7.1545310e-02   1.6745216e-02  -1.1553936e-03  -5.6331552e-04   1.7615986e-04
  -1.5898322e-02   6.2924233e-02   1.3968771e-01  -5.7900482e-04  -7.2071832e-04   3.2754995e-04
  -1.5961028e-02  -5.4235252e-02   6.6874783e-02  -1.2159312e-03  -6.4110679e-04   2.9061154e-04
  -1.7228856e-02   6.4529522e-02   1.2018303e-01  -2.0912551e-04  -6.1187566e-04   3.8635901e-04
  -2.0440843e-02   9.1292213e-03   1.5059725e-01  -1.2230170e-03  -7.7104132e-04   3.3988217e-04
  -8.9243723e-03   1.2230813e-02   6.5715957e-02  -2.8927671e-04  -4.7754016e-04   1.1216573e-04
  -1.9331833e-02   2.4748374e-02   1.7684939e-01  -1.3314181e-03  -6.1122415e-04   4.0874168e-04
  -1.3420464e-02  -3.3536445e-02   1.1056711e-01  -5.2490103e-04  -6.0691610e-04   1.4408534e-04
  -1.7815572e-02   4.7796318e-02   2.2097167e-01  -8.1083526e-04  -8.3315341e-04   4.3781379e-04
  -2.3249387e-02  -6.3441919e-02   6.4558294e-02  -8.0941032e-04  -8.4471110e-04   1.1093415e-04
  -3.6914252e-02   6.8826355e-02   1.8832639e-01  -4.7300159e-04  -9.5327572e-04   2.8421784e-04
  -2.7098723e-02  -2.8798366e-02   1.1374808e-01  -5.9702652e-04  -8.1709765e-04   2.6744951e-04
  -3.7923698e-02   5.3889311e-02   1.5532847e-01  -1.8237681e-04  -8.7754063e-04   8.2517786e-05
  -4.7307991e-02   2.7189508e-03   1.4373414e-01  -1.1780463e-03  -1.0808121e-03   2.9319039e-04
  -4.1112792e-02  -5.1680863e-03   7.5574658e-02  -4.5886504e-04  -9.7125864e-04  -3.2612937e-05
  -5.4326654e-02   7.0592966e-02   1.9282258e-01  -6.9891837e-04  -1.0570149e-03   4.6006662e-04
  -4.9093614e-02  -3.0986366e-02   5.2002958e-02  -6.1184496e-04  -1.0552707e-03   2.5107218e-04
  -4.6884825e-02   9.9536086e-02   2.3404117e-01  -5.4386939e-04  -9.7086116e-04   4.5578858e-04
  -3.8273646e-02  -7.6313390e-02   6.0307128e-02  -9.2966892e-04  -1.0464111e-03   4.8704458e-04
  -4.3954099e-02   7.6560483e-02   1.7370842e-01  -2.6669465e-04  -9.6372069e-04   4.1506085e-04
  -5.5200011e-02  -3.6364621e-02   1.0720041e-01  -9.8434230e-04  -1.0615364e-03   3.3431254e-04
  -5.3904325e-02   7.6857851e-02   1.4955972e-01  -1.3560290e-04  -1.2293427e-03   8.1921995e-05
  -6.5713100e-02  -2.2275293e-02   1.4420118e-01  -1.1807269e-03  -1.2867083e-03   1.8168743e-04
  -4.8296734e-02   5.7637324e-02   1.1983036e-01   1.9912097e-04  -1.1737512e-03   1.9381114e-04
  -6.4249285e-02   7.8649139e-03   1.6388106e-01  -1.1010521e-03  -1.2922179e-03   4.0084254e-04
  -5.7669615e-02   5.9509200e-02   5.0354149e-02  -4.2508034e-04  -1.3549159e-03   2.1319218e-04
  -9.9009569e-02   1.0915390e-01   2.0395069e-01  -2.6585964e-04  -1.7745573e-03   8.9150479e-05
  -8.6895192e-02   4.7847275e-02   5.7905347e-02  -1.4985153e-04  -1.5556335e-03  -5.3215072e-06
  -8.4449752e-02   8.2047010e-02   1.7799206e-01  -6.4606729e-04  -1.6899178e-03   3.4462706e-04
  -6.5105179e-02   2.0136838e-02   5.9125186e-02   1.4697254e-04  -1.5676581e-03   4.1795817e-05
  -6.2604721e-02   5.3707126e-02   1.2598167e-01  -6.4024933e-04  -1.4944402e-03   5.3779502e-04
  -6.6638553e-02   7.7561037e-03   4.7467465e-02  -8.2661695e-05  -1.5117249e-03   6.4697767e-04
  -7.6625073e-02   1.1107166e-01   1.6748800e-01   1.3664883e-05  -1.4782380e-03   6.5039189e-04
  -7.7595163e-02  -5.8831234e-03   6.3188197e-02  -6.6400304e-04  -1.4372585e-03   4.3625387e-04
  -8.4984793e-02   6.9607090e-02   1.0405811e-01   1.2845665e-04  -1.5772140e-03   5.1273126e-04
  -8.7874321e-02  -3.0044197e-02   2.2788272e-02  -4.8295371e-04  -1.3928249e-03   1.3385888e-04
  -9.6522616e-02   1.2234140e-01   1.6853590e-01  -1.9149233e-04  -1.7053516e-03   6.7217429e-04
  -7.8682547e-02  -4.0066187e-02   2.4242305e-03  -2.6528367e-04  -1.6022276e-03   3.9855268e-04
  -8.7125514e-02   1.3391856e-01   1.5965293e-01   4.0207104e-04  -1.7451376e-03   6.7507203e-04
  -8.2726768e-02  -2.0358051e-02   4.5160006e-02  -3.9740390e-04  -1.6173011e-03   2.1416556e-04
  -8.2944745e-02   1.2145036e-01   9.9612785e-02   3.8300929e-04  -1.5520224e-03   1.6949139e-04
  -9.1739646e-02   7.3654039e-02   1.1529345e-01   5.9094719e-04  -2.0011357e-03   5.8350157e-04
  -9.1209955e-02   1.0690775e-01   1.1542260e-01   4.3673887e-04  -1.9125832e-03   3.2983445e-04
  -7.2449109e-02   1.2955205e-02   6.6010674e-02  -5.2804116e-04  -1.6663349e-03   5.0416187e-04
  -8.1704310e-02   1.2963919e-01   1.4810393e-01   4.9816250e-04  -1.6977158e-03   9.7309554e-04
  -9.5243412e-02   8.0991826e-03   1.0314864e-01  -3.4074574e-04  -2.0957084e-03   8.5732233e-04
  -7.5377712e-02   9.8850033e-02   9.0427815e-02   4.5682378e-04  -1.8196883e-03   6.3144318e-04
  -8.0468594e-02   3.0346002e-02   2.5773851e-02  -6.0254954e-04  -1.8728361e-03   5.4470751e-04
  -9.1189323e-02   1.2673809e-01   4.9674368e-02   1.6562482e-03  -2.2844017e-03   7.8063337e-04
  -1.0552361e-01   2.7116548e-02   4.9600155e-02  -3.5871709e-06  -2.3633984e-03   7.6346231e-04
  -9.2474957e-02   1.1507475e-01   1.0083912e-01   7.2336213e-04  -2.5596500e-03   1.0902430e-03
  -1.0173688e-01   6.8216049e-02   1.1561935e-01  -7.0552360e-05  -2.4749863e-03   1.1609795e-03
  -8.6921726e-02   5.8470685e-02   4.1494684e-02   6.0868697e-04  -2.3881152e-03   8.6152571e-04
  -1.0147028e-01   9.1809986e-02   1.1084102e-01  -1.4856398e-04  -2.3307612e-03   1.2251251e-03
  -7.6998864e-02   3.5141155e-02  -3.2956728e-03   6.9626262e-04  -2.1691854e-03   1.0662560e-03
  -9.6676893e-02   1.2110482e-01   1.3662679e-01   6.4463829e-04  -2.4689470e-03   1.3571234e-03
  -9.2056525e-02   1.3474991e-02  -5.2345397e-02   3.5227489e-04  -2.3347110e-03   7.8997120e-04
  -1.0525666e-01   1.5856884e-01   1.6256375e-01   7.7026546e-04  -2.5105147e-03   1.3173466e-03
  -9.4756346e-02  -2.3328195e-02  -4.9887056e-03   4.8994779e-04  -2.6003060e-03   8.3063677e-04
  -1.0400156e-01   1.3357589e-01   1.6021329e-01   6.2914448e-04  -2.6621287e-03   1.2823681e-03
  -9.2453547e-02  -1.0672916e-02  -1.0773551e-02   2.8579096e-04  -2.5382844e-03   1.0007848e-03
  -1.1350370e-01   1.5439314e-01   1.3605494e-01   1.1922033e-03  -2.7450813e-03   1.2633003e-03
  -1.0006048e-01  -1.2743574e-02   9.6503990e-03   4.9964036e-04  -2.8719066e-03   1.2345290e-03
  -9.0410595e-02   1.3588317e-01   1.2563543e-01   4.9291965e-04  -2.3665060e-03   1.1548989e-03
  -9.2699379e-02   6.2856930e-02  -1.8026651e-02   7.2222490e-04  -2.2348894e-03   5.9982778e-04
  -1.3117319e-01   1.1926186e-01   1.5220569e-01  -2.2647145e-04  -2.9800419e-03   1.2126182e-03
  -1.0696230e-01   5.7554092e-02   4.5899503e-02   9.8854197e-04  -2.9308354e-03   1.3504711e-03
  -1.0717415e-01   1.2694880e-01   1.6116724e-01   3.5795239e-04  -2.9269273e-03   1.5818803e-03
  -7.4531626e-02   1.2764830e-01  -3.3047385e-02   3.4816861e-03  -1.8632737e-03   5.9245921e-04
  -2.3154550e-02   1.9528247e-01   6.1599943e-02   2.2469207e-03  -1.1983029e-03   9.5852892e-04
  -1.2081448e-02   8.6279476e-02  -1.4928629e-01   2.2806125e-03  -1.1160477e-03   1.1869666e-03
   5.8548473e-03   1.3507412e-01   1.4426457e-01   1.9811812e-03  -8.9056013e-04   1.6483953e-03
   1.7819586e-02   1.4812035e-01   2.7665712e-01   1.4022039e-03  -9.5018683e-04   2.0042281e-03
   3.1859314e-02   5.4419497e-02   8.4268514e-02   3.3212856e-03  -7.4795042e-04   1.6849714e-03
   2.9083270e-02   1.5559667e-01  -2.8362308e-02   5.7779669e-03  -1.6597255e-04   1.7303107e-03
   2.0175873e-02   2.0540857e-01   6.4877200e-02   3.2493504e-03  -5.4543070e-04   1.9390625e-03
   1.1368552e-02   2.6476409e-01   1.4747781e-01   3.6707685e-03  -6.3116340e-04   1.9687986e-03
   2.1966851e-02   1.3161385e-01   5.6309759e-02   2.4622231e-03  -3.4361985e-04   2.0724736e-03
   1.5503077e-02   2.3612485e-01   8.4467196e-02   3.8764328e-03  -5.0859183e-04   2.0878936e-03
   1.3142895e-02   2.4920695e-01   1.7816334e-01   4.0931737e-03  -6.4805469e-04   2.5981480e-03
   2.8140434e-02   1.2238146e-01   5.4361702e-02   3.6029869e-03  -3.1787798e-04   2.2409403e-03
   5.5792295e-03   2.5480470e-01   1.7064918e-01   3.5999412e-03  -7.1619557e-04   2.4927706e-03
  -6.7896212e-03   1.1247947e-01   8.5976838e-02   2.5469358e-03  -8.7905206e-04   2.4377024e-03
  -8.3546599e-02   4.2965880e-01   3.3070186e-01   1.6964756e-03  -1.2047460e-03   1.0250659e-03
  -4.3812460e-02   1.3785246e-01   6.7235926e-02   3.0860607e-03  -7.1616113e-04   1.8825052e-03
  -2.0621706e-02   1.5579036e-01   1.3492489e-01   3.7834423e-03  -7.6536185e-04   2.1314280e-03
  -7.2249850e-03   1.6570610e-01   1.3996377e-01   4.1869388e-03  -6.1983867e-04   2.3299421e-03
  -1.4074512e-02   2.4613947e-01   2.8440539e-01   3.8782051e-03  -7.4486186e-04   2.4743081e-03
  -1.4051008e-02   1.5656608e-01   1.2044261e-01   4.7372322e-03  -6.4188508e-04   2.5637691e-03
  -2.8669739e-02   2.6342158e-01   2.8140576e-01   3.9679061e-03  -8.5647313e-04   2.9116907e-03
   6.8792093e-03   1.9975646e-01   1.7950211e-01   4.0210141e-03  -2.5404023e-04   2.9038561e-03
  -8.4855005e-03   2.3247795e-01   1.1703659e-01   4.2774163e-03  -2.4905495e-04   2.8556498e-03
  -2.8317861e-02   2.2336169e-01   1.9080502e-01   3.0592427e-03  -6.9994644e-04   2.8803811e-03
  -3.2010167e-02   2.0554686e-01   1.7225173e-01   3.9913576e-03  -1.1017354e-03   2.8939677e-03
  -1.4791411e-02   1.3647067e-01   1.9963750e-01   2.7766849e-03  -1.1478941e-03   3.4453308e-03
  -2.1033129e-02   2.3474191e-01   2.0012396e-01   3.6074550e-03  -1.2539537e-03   3.2268984e-03
   2.3510249e-03   1.3714123e-01   1.2473553e-01   2.7860835e-03  -7.0044928e-04   3.2130975e-03
  -8.3461188e-03   2.4155492e-01   1.6229690e-01   3.3756427e-03  -6.7808303e-04   3.3106931e-03
  -5.2491291e-03   1.8157205e-01   1.2055342e-01   2.9995139e-03  -5.5766622e-04   3.7764204e-03
  -1.3286443e-02   2.3095857e-01   1.4853516e-01   3.5949679e-03  -6.2231387e-04   3.4327583e-03
  -1.1217438e-02   1.2032880e-01   8.2681975e-02   2.5890292e-03  -8.2882624e-04   3.7043038e-03
  -4.0926154e-03   2.7609945e-01   1.7665626e-01   3.7843041e-03  -4.4430975e-04   3.8084767e-03
  -2.4712635e-03   1.6601607e-01   5.6833394e-02   3.8622895e-03  -7.8858503e-04   3.8800524e-03
  -5.1630569e-03   2.4561205e-01   1.6636136e-01   3.5577069e-03  -8.3900635e-04   4.0023615e-03
   1.1197751e-02   1.7700615e-01   8.6135047e-02   3.5558962e-03  -5.8969354e-04   3.8231171e-03
  -1.1614770e-02   2.6639382e-01   2.1923925e-01   3.2028773e-03  -9.9289081e-04   4.2896716e-03
  -9.3808834e-03   1.3644835e-01   7.4510052e-02   3.4191837e-03  -9.4260054e-04   4.2403027e-03
  -1.7389932e-02   3.4119249e-01   2.5072262e-01   3.5565704e-03  -1.3282822e-03   3.7914558e-03
  -2.5477036e-02   1.5684642e-01   1.1045355e-01   4.0235354e-03  -1.3507495e-03   3.7710257e-03
  -3.9898053e-02   2.2451604e-01   2.1818123e-01   3.2879916e-03  -1.2860425e-03   4.2342290e-03
  -1.1081692e-02   1.7023463e-01   5.7082673e-02   4.0146669e-03  -9.3774398e-04   3.9286743e-03
  -3.7128521e-02   1.9162990e-01   1.9235249e-01   2.4376994e-03  -1.0748588e-03   4.0530998e-03
  -3.2489562e-02   2.1342244e-01   9.7617846e-02   3.9337873e-03  -1.1358192e-03   3.9377883e-03
  -4.3623341e-02   2.2888212e-01   1.6145773e-01   3.3473927e-03  -1.0403682e-03   3.9076253e-03
  -3.5487910e-02   1.5642435e-01   4.2476913e-02   3.8742302e-03  -1.0194401e-03   3.6860945e-03
  -2.9141170e-02   2.3540424e-01   1.6090804e-01   3.1070068e-03  -7.8006856e-04   4.2941857e-03
  -2.9828773e-02   1.4770279e-01   1.2890993e-03   3.8208733e-03  -8.8251828e-04   4.1547853e-03
  -4.0099203e-02   2.6841809e-01   1.4556497e-01   3.6870593e-03  -9.1796482e-04   4.4807846e-03
  -3.9724235e-02   1.8418604e-01   4.4327267e-02   3.3564301e-03  -8.0636635e-04   4.3813461e-03
  -3.4993992e-02   2.4223062e-01   1.2470334e-01   3.6900673e-03  -1.0494811e-03   4.5735223e-03
  -3.8731900e-02   1.5224816e-01   1.3375347e-02   3.8705714e-03  -1.0780742e-03   4.0710168e-03
  -3.7105666e-02   3.0024257e-01   1.3996158e-01   4.2136841e-03  -7.3822821e-04   4.3909355e-03
  -4.9435609e-02   1.7372469e-01   5.6907510e-02   2.7012989e-03  -9.6370579e-04   4.7593841e-03
  -5.0395182e-02   1.9519441e-01   4.9011133e-02   4.4105747e-03  -9.1727015e-04   4.7319749e-03
  -6.3129556e-02   2.0411831e-01   1.3736907e-01   3.1644916e-03  -1.0515140e-03   4.6053056e-03
  -3.5684931e-02   2.3384359e-01   1.3258704e-01   4.9444040e-03  -8.0902205e-04   4.4868361e-03
  -3.2095204e-03   2.5206689e-01   1.7229883e-01   3.6622129e-03   7.1002424e-05   5.0722410e-03
   1.0112485e-02   1.4545259e-01   5.0867510e-02   3.4817784e-03   2.4818180e-04   5.4757040e-03
   1.4593071e-02   2.4818164e-01   1.9148770e-01   3.5919597e-03   2.8378624e-04   5.8868354e-03
  -1.4640080e-03   1.5622835e-01   1.0514414e-01   3.7656063e-03   1.1734879e-04   6.0173978e-03
   1.9142951e-02   2.3370994e-01   1.1854785e-01   4.3572506e-03   3.8957410e-04   5.9896181e-03
   4.6773083e-04   1.7189175e-01   1.1441071e-01   3.1332540e-03   2.7470966e-04   6.1920862e-03
  -3.5219539e-03   1.9826769e-01   7.0262917e-02   4.2319131e-03   3.7364981e-05   5.9693143e-03
  -2.2829942e-02   1.7950051e-01   1.4772732e-01   3.2185473e-03  -3.4240392e-05   5.9870242e-03
  -1.3447289e-02   2.0645136e-01   1.2627125e-01   4.1874214e-03  -4.0957827e-05   5.7660166e-03
  -1.6659477e-02   2.2762061e-01   2.0570752e-01   3.4869474e-03   1.4907166e-04   6.2119028e-03
  -1.1776722e-02   1.7814568e-01   8.5657429e-02   4.5483801e-03   1.3199415e-04   6.1118264e-03
   6.9639957e-03   2.3366712e-01   2.1142783e-01   3.3165393e-03   4.4873784e-04   6.7420919e-03
   1.9665968e-02   2.0975108e-01   1.3144911e-01   4.5620013e-03   1.9217156e-04   6.1615503e-03
   1.2872187e-02   2.3350610e-01   2.1593974e-01   3.8810772e-03   2.3886752e-04   6.5517634e-03
   3.7418388e-02   1.9055600e-01   9.0670092e-02   4.3378737e-03   3.1062619e-04   6.1982727e-03
   1.3531342e-02   2.1178209e-01   1.8637484e-01   3.3326656e-03   4.0431079e-04   6.7940930e-03
   1.2889123e-03   1.5997519e-01   3.3182668e-02   4.5407345e-03   3.4059289e-04   6.4739497e-03
  -1.9709640e-02   2.6003394e-01   1.9989652e-01   3.8810468e-03   3.4243947e-05   6.5491414e-03
   7.3143230e-04   1.3835601e-01   5.6202360e-02   4.3816821e-03   3.7020190e-04   6.3180594e-03
  -1.1608342e-02   1.8285687e-01   1.1417795e-01   3.2845531e-03   1.9366664e-04   6.3499168e-03
  -8.1947336e-03   2.1454255e-01   1.2802048e-01   4.2631130e-03   1.5132938e-04   6.6298457e-03
  -3.0181333e-02   1.4007898e-01   1.0291874e-01   3.2476955e-03  -6.9788079e-05   6.6110177e-03
  -1.7608399e-02   2.1030335e-01   8.5853718e-02   4.4661128e-03   1.3696834e-04   6.4883354e-03
  -3.6106163e-02   2.1338994e-01   1.5800209e-01   3.7530331e-03  -2.1950332e-04   6.7473693e-03
  -1.4850619e-02   1.7323058e-01   9.9725005e-02   4.6211216e-03  -1.7677902e-04   7.0607106e-03
  -1.7333337e-02   2.4732419e-01   2.2256153e-01   3.8362620e-03  -1.1402014e-04   7.2636783e-03
   3.9176666e-03   1.7865583e-01   8.6930639e-02   4.4628709e-03   1.3248600e-04   7.0355745e-03
  -2.0165000e-02   2.8849574e-01   2.5270290e-01   3.8621513e-03  -3.9944971e-04   6.7791805e-03
  -2.8040947e-02   1.4132556e-01   6.0833693e-02   4.6093526e-03  -2.7717148e-04   6.8417438e-03
  -5.1956572e-02   2.4826611e-01   2.0148388e-01   3.9294384e-03  -5.1944203e-04   6.7272643e-03
  -4.2213709e-02   2.0470387e-01   9.9397971e-02   4.6711447e-03  -4.5940953e-04   6.5558524e-03
  -4.4336958e-02   2.1022638e-01   2.0329161e-01   3.5514135e-03  -1.4566477e-04   6.8273190e-03
  -3.0148003e-02   2.0242215e-01   1.0697876e-01   5.1169727e-03  -2.1198138e-04   6.5635896e-03
  -1.6074540e-02   2.8546530e-01   2.6013381e-01   4.4613469e-03   3.6531143e-04   6.7609126e-03
  -2.0698821e-02   1.6747030e-01   1.1392658e-01   4.5158088e-03   6.8456553e-05   6.5077688e-03
  -2.5651944e-02   2.4130205e-01   1.9358772e-01   3.7847185e-03   3.8093616e-05   6.9224476e-03
  -3.3910336e-02   1.6886764e-01   1.9525535e-01   4.1954951e-03  -2.1889517e-04   6.5709176e-03
  -3.4831194e-02   2.9701392e-01   2.3644181e-01   4.4541818e-03   1.4299247e-04   6.8012262e-03
  -1.6931573e-02   1.4839449e-01   5.4676572e-02   4.5517604e-03   3.3458697e-04   6.6201203e-03
  -2.9966201e-02   2.7849630e-01   2.1426550e-01   4.5509050e-03   2.1104869e-04   6.6292129e-03
  -3.4871322e-02   1.4532658e-01   1.0113058e-01   4.0186585e-03   3.3135845e-05   6.5834674e-03
  -1.4811296e-02   2.4808678e-01   2.1993630e-01   3.4692207e-03   5.0630934e-04   6.9120521e-03
  -6.9499768e-03   2.4297836e-01   1.2532430e-01   4.7294296e-03   6.9338117e-04   7.2171752e-03
   3.8038512e-03   2.2829869e-01   1.5300505e-01   4.6924317e-03   7.9433170e-04   7.1292112e-03
   4.0095921e-04   1.8977862e-01   1.6879633e-01   3.7283880e-03   7.5417993e-04   7.3376446e-03
   1.8197959e-02   1.7556455e-01   9.6553163e-02   4.4605735e-03   9.6425996e-04   7.3360331e-03
   1.8731584e-02   2.5159013e-01   2.1982933e-01   4.3635323e-03   9.7650063e-04   7.6847114e-03
   2.3070363e-02   1.6370618e-01   7.4336589e-02   4.6175416e-03   9.6811767e-04   7.4825384e-03
   2.0169392e-02   2.1468340e-01   1.8663848e-01   3.9771928e-03   8.7330757e-04   7.7341185e-03
   3.5470133e-02   1.5123726e-01   5.5698258e-02   4.6809684e-03   1.1189932e-03   7.3436465e-03
   3.0126727e-02   2.2729501e-01   2.0638825e-01   3.9938107e-03   9.9392962e-04   7.7860151e-03
   2.2429556e-02   1.5486450e-01   6.9611983e-02   4.4802476e-03   1.0708441e-03   7.2859316e-03
   1.4727006e-02   2.7150191e-01   2.4417643e-01   3.8314683e-03   1.0513369e-03   7.9306828e-03
   1.1327574e-02   1.3130834e-01   8.6846138e-02   4.4448775e-03   7.2451575e-04   7.9419263e-03
   7.9815784e-03   1.9915206e-01   1.3452503e-01   3.2854859e-03   8.3321328e-04   7.8172067e-03
   3.0280089e-03   2.3460000e-01   1.5795646e-01   4.1986693e-03   7.0542397e-04   7.8277760e-03
   7.8111120e-03   1.3543933e-01   1.6251503e-01   3.0534874e-03   4.9385233e-04   8.3914490e-03
   3.0242161e-02   2.6116296e-01   1.6044830e-01   4.0412083e-03   6.6944490e-04   8.3316771e-03
  -1.6517639e-03   1.7624953e-01   1.7977583e-01   3.0619657e-03   6.5885993e-04   8.0846976e-03
   6.8952493e-03   1.8873991e-01   1.1499194e-01   3.9833612e-03   6.2250756e-04   7.9845614e-03
   7.5293453e-03   2.1516360e-01   2.2106933e-01   3.7534101e-03   8.0544359e-04   8.4459628e-03
   1.2467997e-03   1.5037921e-01   9.4533051e-02   3.7373306e-03   3.9181068e-04   8.0403544e-03
  -5.1665133e-04   2.3498391e-01   2.0268402e-01   3.6056451e-03   6.0716964e-04   8.2425359e-03
  -6.3601945e-03   1.3637363e-01   8.0937093e-02   3.1369143e-03   4.5800385e-04   8.2119835e-03
  -1.8110753e-02   2.5426018e-01   1.7897374e-01   4.2386283e-03   4.6904484e-04   7.9264010e-03
  -3.8788086e-02   1.1549235e-01   6.0133599e-02   3.3854502e-03  -1.6170235e-05   7.9880424e-03
  -1.2992485e-02   2.3750739e-01   1.3586989e-01   3.8905205e-03   2.2234527e-04   8.1669993e-03
  -1.8816108e-02   1.2303204e-01   8.2825341e-02   2.9973818e-03   7.8041665e-06   7.9875122e-03
  -1.6314768e-02   2.4906900e-01   1.6612731e-01   3.5393192e-03  -4.3440340e-05   8.0409675e-03
  -1.4972590e-02   8.2483593e-02   9.7949079e-03   2.9194503e-03   6.6923682e-05   8.0249964e-03
  -1.3286426e-03   2.3156497e-01   1.5058631e-01   3.8138033e-03   3.5997620e-04   8.2907916e-03
   2.2524099e-02   1.1353996e-01   4.5672856e-02   3.7305879e-03   5.7789308e-04   8.4482828e-03
   2.8341842e-02   2.2294697e-01   1.9227547e-01   3.3062058e-03   6.9589530e-04   8.6253894e-03
   2.0123451e-02   6.6772592e-02   6.5449064e-02   3.1799544e-03   5.3812679e-04   8.5345674e-03
   1.9113961e-02   2.3381395e-01   1.4786182e-01   3.9954697e-03   8.5439862e-04   8.5450902e-03
  -6.6482059e-03   8.6018212e-02   1.5229516e-02   3.2258298e-03   2.1928585e-04   8.5286891e-03
   3.3440335e-02   2.2137687e-01   1.5167209e-01   3.7107913e-03   7.0830699e-04   8.7776399e-03
   4.9301545e-02   9.2955044e-02   7.8116178e-03   3.7712366e-03   8.3175934e-04   8.7343514e-03
   3.8451256e-02   2.2221295e-01   1.1612054e-01   3.6664917e-03   1.0375269e-03   8.8552001e-03
   1.3478764e-02   9.0235416e-02   3.1114379e-02   3.5802760e-03   6.3436230e-04   8.6378698e-03
   1.9911765e-03   2.2799225e-01   1.5144491e-01   3.9088273e-03   6.7199299e-04   8.7934940e-03
   3.6107170e-02   1.0568095e-01   5.3450865e-03   3.8760934e-03   9.7227688e-04   8.8913810e-03
   4.4679600e-02   2.2677595e-01   1.2528704e-01   3.7887320e-03   1.2169850e-03   9.0850014e-03
   3.6570561e-02   8.3198750e-02  -7.0069745e-03   3.5181368e-03   1.0716526e-03   9.0912526e-03
   3.6234788e-02   2.3541044e-01   1.4646987e-01   4.0148340e-03   1.1058430e-03   9.3192346e-03
   2.1508688e-02   8.6053990e-02   2.1450720e-02   2.9731693e-03   1.0363693e-03   9.2521205e-03
   3.5654028e-02   2.2633035e-01   1.0916412e-01   4.5029332e-03   1.3259801e-03   9.1341304e-03
   3.5851426e-02   1.3576884e-01   7.5061726e-02   3.4958604e-03   1.3183199e-03   9.4053268e-03
   4.1865145e-02   1.9529698e-01   3.9357574e-02   4.6045248e-03   1.4607894e-03   9.0577574e-03
   1.4412083e-02   1.8226030e-01   1.2495098e-01   3.4636161e-03   1.0776960e-03   9.0134914e-03
   2.7936662e-02   1.8727537e-01   4.0253810e-02   4.8837964e-03   1.0627563e-03   8.5504245e-03
   3.7918098e-02   1.8454108e-01   1.1236327e-01   3.4488174e-03   1.4897594e-03   8.3187066e-03
   7.1430136e-02   2.0081077e-01   4.7560375e-02   3.9074080e-03   1.9269065e-03   8.5083946e-03
   4.8567563e-02   1.9699118e-01   9.7390531e-02   3.2467388e-03   1.5744536e-03   8.4377912e-03
  -2.6172604e-02   3.8063482e-01   3.4191736e-01   2.7777175e-03   6.7190145e-04   7.4448693e-03
  -5.1619067e-02   1.4292498e-01   2.5938269e-01   3.2427796e-03   7.0150349e-04   8.0935185e-03
  -2.7937733e-02   1.4393103e-01   1.4674038e-01   5.1105468e-03   1.0121040e-03   8.3678994e-03
  -1.7985652e-02   1.2300875e-01   1.8347138e-01   3.6454711e-03   9.2646733e-04   8.6371373e-03
   1.7052979e-03   2.3004697e-01   2.8171209e-01   4.1637844e-03   1.3610409e-03   8.7184531e-03
   7.8299101e-03   9.1740985e-02   1.6264723e-01   3.6513770e-03   1.5514801e-03   8.7253130e-03
   1.0585842e-02   2.1728611e-01   2.2988254e-01   3.8146529e-03   1.6704077e-03   8.9018234e-03
   9.2735437e-03   1.2432066e-01   1.5958174e-01   3.5548375e-03   1.7440751e-03   8.8399097e-03
   3.5620064e-02   2.2925644e-01   2.9339572e-01   3.0404795e-03   2.0902172e-03   9.0037149e-03
   4.2964524e-02   1.3704205e-01   1.7458313e-01   3.7775186e-03   1.8825931e-03   8.9717656e-03
   3.9469487e-02   2.0577295e-01   2.7758827e-01   3.3386550e-03   1.6915745e-03   9.0836765e-03
   4.0491158e-02   1.2592123e-01   1.6805687e-01   3.6825480e-03   1.8005144e-03   9.1467185e-03
   7.2433571e-02   2.3759908e-01   2.4561383e-01   3.9102860e-03   1.7342753e-03   8.9517807e-03
   7.5135410e-02   1.4362682e-01   2.3436852e-01   2.4214686e-03   2.1136787e-03   9.2758409e-03
   5.9391761e-02   1.1007919e-01   1.2572082e-01   3.3478307e-03   2.0585971e-03   9.1155508e-03
   5.2376975e-02   1.7219160e-01   2.1608052e-01   2.5044437e-03   1.8906829e-03   9.2674509e-03
   3.9222358e-02   1.2071029e-01   1.0141451e-01   3.5547531e-03   1.6389501e-03   8.8187260e-03
   6.4952299e-02   1.9821873e-01   2.6732763e-01   1.9915942e-03   2.1237086e-03   9.2412181e-03
   1.0338970e-01   1.0996498e-01   1.0975521e-01   3.3255645e-03   2.7296088e-03   9.0757398e-03
   9.8979610e-02   1.5412018e-01   2.1488874e-01   1.9356160e-03   2.5678366e-03   9.2852422e-03
   9.1573232e-02   7.2314643e-02   6.9650031e-02   2.7458236e-03   2.4711803e-03   9.0834613e-03
   9.8495986e-02   1.8789423e-01   1.8231733e-01   2.0099155e-03   2.7604345e-03   9.3599384e-03
   9.2138232e-02   1.0690243e-01   5.9460561e-02   3.1401364e-03   2.3767573e-03   9.5296157e-03
   6.7920654e-02   2.2376627e-01   2.0838568e-01   3.0085804e-03   2.1459800e-03   8.8903191e-03
   8.7064468e-02   3.6803457e-02  -2.3224465e-02   2.1783245e-03   2.3638289e-03   8.5068525e-03
   1.3483542e-01   2.4039874e-01   1.4931286e-01   2.6551296e-03   2.8896010e-03   8.5544861e-03
   1.1224792e-01  -3.0303527e-03  -1.9892406e-01   2.5034142e-03   2.0868873e-03   8.7909073e-03
   1.2266444e-01   1.9938206e-01   1.4110193e-01   2.7624741e-03   2.3227358e-03   9.3326188e-03
   1.3831663e-01   2.0252548e-02   4.2181642e-02   1.4897686e-03   2.4042317e-03   9.5447539e-03
   1.4419737e-01   1.4836140e-01   2.7002326e-01   1.5239417e-03   2.7011804e-03   9.6131759e-03
   1.4106820e-01   8.3812219e-02   2.1755316e-01   2.6332907e-03   2.7300142e-03   9.5897137e-03
   2.2276424e-01   2.6761526e-01  -5.0570120e-02   7.1387826e-03   4.7488202e-03   8.9754574e-03
   1.8416879e-01   2.0887610e-01   2.7384115e-02   3.5388759e-03   3.7348515e-03   9.7738706e-03
   1.8446083e-01   2.3201771e-01   1.0159577e-01   3.8086087e-03   3.6119762e-03   1.0050943e-02
   2.0745863e-01   1.8132159e-01   1.0537133e-01   3.1869952e-03   4.0538198e-03   1.0447059e-02
   2.0235217e-01   1.8730485e-01   4.9882617e-02   3.9810572e-03   3.9500517e-03   1.0458713e-02
   1.9302049e-01   1.9755709e-01   1.4310684e-01   2.9777902e-03   3.6229561e-03   1.0569730e-02
   1.8051146e-01   1.0857572e-01  -1.3584389e-02   3.4030074e-03   3.4084885e-03   1.0361424e-02
   1.6687678e-01   3.0703650e-01   1.7637455e-01   4.4306795e-03   3.3984760e-03   1.0846038e-02
   1.4311291e-01   1.6628329e-01   8.0077010e-02   4.1074154e-03   2.8679197e-03   1.0352077e-02
   1.3442099e-01   2.0872394e-01   1.8891041e-01   3.2580886e-03   2.8920057e-03   1.0680687e-02
   1.7608273e-01   1.1183097e-01   1.3992136e-02   3.4399020e-03   3.1381533e-03   1.0743129e-02
   1.4199054e-01   1.9788039e-01   1.7534054e-01   2.5838437e-03   2.5762460e-03   1.1085278e-02
   1.3651825e-01   1.4318490e-01   8.8378032e-03   4.3732291e-03   2.4870039e-03   1.1123862e-02
   1.4535443e-01   2.0088643e-01   1.5150624e-01   3.0432243e-03   2.6977528e-03   1.1588346e-02
   1.5623516e-01   1.8353909e-01   7.5822142e-02   4.6080954e-03   2.7982031e-03   1.1248831e-02
   1.1623868e-01   2.1169101e-01   2.1029364e-01   3.0165767e-03   2.2122268e-03   1.1191736e-02
   1.2543880e-01   1.3563253e-01   5.4466509e-02   3.9045739e-03   2.1932589e-03   1.0976046e-02
   9.7099062e-02   2.4756717e-01   2.5215108e-01   3.4328901e-03   2.0342880e-03   1.0754967e-02
   7.5107657e-02   1.1367405e-01   8.4576409e-02   3.5899459e-03   1.8483496e-03   1.0093504e-02
   1.2672060e-01   1.6753269e-01   1.8526787e-01   1.6706981e-03   2.5025196e-03   1.0911593e-02
   1.2872005e-01   1.5358157e-01   1.0588795e-01   3.0481849e-03   2.4400423e-03   1.0809194e-02
   1.2016024e-01   1.5959527e-01   1.9652627e-01   1.9936470e-03   2.0963904e-03   1.1228938e-02
   1.1366348e-01   1.7445042e-01   1.3233533e-01   2.8504377e-03   1.8153079e-03   1.0605682e-02
   1.3531346e-01   1.6242516e-01   2.3069377e-01   1.8951199e-03   1.7933551e-03   1.1520110e-02
   9.9073296e-02   5.8879441e-02   7.3187286e-02   2.3036560e-03   1.4160881e-03   1.1054090e-02
   1.0696295e-01   1.9194704e-01   1.8645794e-01   2.3535538e-03   1.5862067e-03   1.1014835e-02
   8.4318603e-02   5.7757418e-02   9.7791247e-02   2.2213446e-03   1.0237802e-03   1.1168464e-02
   9.1694673e-02   1.9914105e-01   2.0528169e-01   3.1738573e-03   1.3072085e-03   1.0937367e-02
   9.4321671e-02   5.3677829e-02   7.1401543e-02   2.5245245e-03   1.2794165e-03   1.0846942e-02
   1.0390757e-01   1.9606659e-01   2.2814117e-01   2.4305353e-03   1.4502646e-03   1.0978933e-02
   9.3419101e-02   5.6467358e-02   7.5775157e-02   2.6503732e-03   1.3423862e-03   1.0667908e-02
   1.1560196e-01   1.8914405e-01   2.2102417e-01   1.9867817e-03   1.9003438e-03   1.0806138e-02
   1.2377323e-01   6.6893108e-02   4.7978655e-02   2.8537605e-03   1.9661673e-03   1.0197012e-02
   1.3016415e-01   1.6205293e-01   2.0792157e-01   1.8215199e-03   2.2333241e-03   1.0146900e-02
   1.7880230e-01   2.2537732e-02   1.0455043e-01   1.9726519e-03   2.7311409e-03   1.0079312e-02
   1.8305354e-01   1.6639065e-01   2.0715780e-01   1.3485354e-03   2.8396209e-03   1.0077332e-02
   1.5885611e-01   9.9756745e-02   8.7291515e-02   1.6774071e-03   2.4520580e-03   9.8485288e-03
   1.5286783e-01   1.0317933e-01   1.7996482e-01   6.7748164e-04   2.4708070e-03   1.0096195e-02
   1.2957833e-01   7.9238550e-02   9.7165747e-02   1.9162434e-03   2.1363086e-03   9.6983033e-03
   1.1187812e-01   1.2243543e-01   2.3218490e-01   1.1238393e-03   1.9660848e-03   9.6827272e-03
   1.0608281e-01   6.1684778e-02   1.2748607e-01   2.0952415e-03   2.0562996e-03   9.6491326e-03
   1.2466628e-01   6.9165397e-02   2.3576038e-01  -1.2177043e-04   2.2330525e-03   9.8376863e-03
   1.1569224e-01   1.5468197e-01   4.1797963e-01   1.1256369e-03   3.0571657e-03   9.3778021e-03
   9.8464915e-02   8.4962780e-02   1.5472860e-01   4.0986732e-04   1.9155949e-03   9.1430665e-03
   9.8259855e-02   1.0720043e-01   1.0007836e-01   7.0557534e-04   1.6704814e-03   8.9922102e-03
   9.6875930e-02   2.0114981e-02   1.2511730e-01  -3.6519984e-04   1.4732920e-03   9.2264587e-03
   9.1244285e-02   1.0606773e-01   1.3607828e-01   5.8764857e-04   1.2246464e-03   9.3843663e-03
   8.5186661e-02   2.7242775e-02   1.8654172e-01  -5.2717072e-04   1.6223007e-03   9.5262888e-03
   1.0224642e-01   1.2076123e-01   2.2713767e-01   5.9279818e-04   2.0313543e-03   9.5650760e-03
   1.1729000e-01   8.9014704e-03   1.7205348e-01  -2.4556852e-04   2.0188458e-03   9.3898412e-03
   1.1590042e-01   1.2638986e-01   2.7110652e-01   4.2140744e-04   1.9454795e-03   8.8799654e-03
   1.0252216e-01  -6.8477422e-02   8.7073094e-02  -9.2976743e-04   1.6356845e-03   8.5748532e-03
   1.3823632e-01   7.9446429e-02   3.3533662e-01  -1.5697199e-03   2.0328557e-03   9.5607341e-03
   1.5507124e-01   2.3026216e-02   2.0568382e-01  -2.4269411e-04   2.0351046e-03   8.7840737e-03
   1.1799334e-01   7.4015580e-02   3.5378810e-01  -1.4142032e-03   1.6112813e-03   9.2651471e-03
   1.5007899e-01  -2.2895670e-02   1.7756878e-01  -5.6543249e-04   2.0095598e-03   9.0327423e-03
   1.4218579e-01   5.0683426e-02   2.8217839e-01  -1.5728156e-03   2.0095934e-03   9.2478961e-03
   1.3287563e-01  -2.1702132e-02   1.0891226e-01  -6.4829436e-04   1.7701496e-03   9.0625628e-03
   9.9696627e-02   9.6261636e-02   3.4701146e-01  -1.3042082e-03   1.6954156e-03   8.9939997e-03
   1.3024764e-01  -8.5745157e-02   2.1097186e-01  -1.6989650e-03   2.1471580e-03   9.1981985e-03
   9.8302756e-02  -1.0896916e-01   2.6770499e-01  -2.9491013e-03   8.1838958e-04   9.7594955e-03
   6.2844188e-02   1.0499969e-01   5.7197450e-01  -1.0808171e-03   9.1229100e-04   8.5924547e-03
   1.0274681e-01   1.0917416e-01   3.8055119e-01  -9.5254616e-04  -2.5428207e-04   7.8196855e-03
   8.2265282e-02   2.6985683e-01   5.9381763e-01   4.6695762e-04  -5.3903788e-04   7.6837226e-03
   1.1732058e-01   7.8405743e-02   4.9409990e-01  -1.2082566e-03  -2.0174898e-04   7.4807709e-03
   1.2592438e-01   2.1631879e-01   5.8289128e-01  -3.5441889e-04   1.2825996e-04   7.2388045e-03
   1.6513485e-01   1.0182058e-01   5.6946418e-01  -1.9302637e-03   3.8521045e-04   7.5698592e-03
   1.0103408e-01   1.4569847e-01   4.9979658e-01  -8.0334974e-04  -5.0607930e-06   6.6582355e-03
   1.3228332e-01   1.3014104e-01   5.2100647e-01  -2.0292868e-03   1.3694339e-04   7.1040557e-03
   1.5541797e-01   1.5931965e-01   4.6338805e-01  -7.9656775e-04   4.5585488e-04   7.0116472e-03
   1.7575657e-01   1.3638186e-01   5.4633691e-01  -2.1117311e-03   6.7021777e-04   7.2375321e-03
   1.9467727e-01   1.3316990e-01   4.8336765e-01  -1.0692354e-03   1.1016018e-03   7.1120905e-03
   1.9456483e-01   6.8065446e-02   4.3173259e-01  -2.1890962e-03   1.0331645e-03   7.1468434e-03
   1.6925654e-01   1.9177958e-01   4.7182126e-01  -1.0233716e-03   9.4860447e-04   7.0291447e-03
   1.8603898e-01   7.2085695e-02   3.6541746e-01  -1.7576790e-03   1.2900029e-03   6.9509416e-03
   1.4505252e-01   2.2832286e-01   4.7638581e-01  -7.3364591e-04   1.0483471e-03   7.1376856e-03
   1.2005378e-01   1.7617986e-02   2.5054106e-01  -1.5948318e-03   8.6561652e-04   7.6706692e-03
   1.2309344e-01   1.9287705e-01   4.9758584e-01  -2.2858263e-03   7.2331090e-04   8.1358235e-03
   1.1103544e-01   5.2783987e-02   3.2154429e-01  -1.3009327e-03   6.5219805e-04   7.5489620e-03
   8.6554638e-02   1.8507819e-01   4.7191123e-01  -1.8544329e-03   3.9866866e-04   7.7562366e-03
   6.0717825e-02   1.0104172e-01   3.2124139e-01  -1.1302175e-03   2.2903795e-04   7.0471196e-03
   4.1415122e-02   1.7934339e-01   4.6365119e-01  -2.0459809e-03  -2.5797688e-04   7.9701873e-03
   6.4294132e-02   7.2074564e-02   3.4719944e-01  -1.3223483e-03   9.0738264e-05   7.7172961e-03
   5.1742918e-02   1.5196617e-01   4.2655026e-01  -2.2719691e-03  -5.2221235e-04   7.7247505e-03
   5.4012983e-02   1.3370953e-01   5.9083347e-01  -1.3026053e-03  -3.4887970e-04   6.9378074e-03
   3.0395471e-02   1.8248694e-01   8.1430333e-01  -3.0725669e-03  -7.7408226e-04   7.1089226e-03
   1.7191276e-02   1.1487508e-01   6.5401549e-01  -1.7514837e-03  -7.9738226e-04   6.6845631e-03
   2.1952453e-02   1.7602589e-01   8.1730642e-01  -2.6920827e-03  -9.4389754e-04   6.9958715e-03
  -6.1278237e-03   1.0091749e-01   6.5128587e-01  -1.9141710e-03  -1.1407916e-03   6.6411217e-03
   2.7329560e-03   1.2004731e-01   7.1071438e-01  -2.9400404e-03  -1.1830136e-03   7.3427929e-03
   6.2623547e-03   1.5472464e-01   7.4743424e-01  -2.1495245e-03  -1.1569678e-03   7.0174797e-03
   5.8314650e-03   7.5017340e-02   7.2641092e-01  -3.1493910e-03  -1.5484869e-03   8.0079057e-03
   4.5002684e-02   1.9125408e-01   7.0863279e-01  -1.8106234e-03  -7.9009478e-04   7.8258572e-03
  -1.3275108e-02   1.3635485e-01   7.0657977e-01  -2.6521814e-03  -1.4205658e-03   6.9639774e-03
  -6.0222117e-02   1.2607717e-01   6.0412905e-01  -1.5277014e-03  -1.9887828e-03   6.8597028e-03
  -7.0286305e-03   7.5047824e-02   6.7622000e-01  -3.4164084e-03  -9.0476729e-04   7.3200979e-03
  -4.0179078e-02   2.2741917e-01   9.2851410e-01  -2.4092042e-03  -1.6718910e-03   6.8033568e-03
  -2.2618752e-02   4.6892445e-02   7.8708271e-01  -1.6163043e-03  -1.8158965e-03   6.8199857e-03
  -5.6500073e-03   1.1559186e-01   9.4159376e-01  -2.8626705e-03  -1.7206107e-03   7.1386512e-03
  -8.8354668e-03   2.0806693e-01   9.4818536e-01  -1.2323907e-03  -1.4837930e-03   6.9250444e-03
  -2.1366264e-02   8.4709954e-02   8.4978642e-01  -2.2689004e-03  -1.7826978e-03   6.9227102e-03
   1.0828470e-02   2.3175368e-01   9.5985348e-01  -1.3975881e-03  -1.2690143e-03   6.7919305e-03
  -1.3313907e-02   6.9922245e-02   8.4148766e-01  -2.2170627e-03  -1.7022545e-03   6.7545612e-03
   1.9715314e-02   1.8504388e-01   9.2393162e-01  -2.1792136e-03  -1.2212148e-03   6.9472395e-03
   3.4140678e-02   6.6340558e-02   8.2304111e-01  -2.6166598e-03  -9.1065237e-04   6.9092442e-03
   2.7869259e-02   2.1295942e-01   8.9606896e-01  -1.2609160e-03  -8.7511258e-04   6.8601689e-03
   1.6962888e-02   5.8953431e-02   7.3680102e-01  -2.6085221e-03  -1.0760968e-03   6.5002194e-03
   5.4046225e-03   1.9606787e-01   9.2653169e-01  -2.5001096e-03  -1.0321435e-03   6.5896704e-03
   1.5475858e-02   1.6428193e-02   7.3409924e-01  -2.9010749e-03  -9.7086164e-04   6.7058632e-03
   1.1188244e-02   1.8932697e-01   9.1144476e-01  -2.6791699e-03  -7.8966718e-04   6.5488549e-03
   2.7880377e-02   4.4149344e-02   7.3438393e-01  -2.1926393e-03  -8.7703038e-04   6.1293651e-03
  -7.9722808e-02   1.2711033e-01   1.2276453e+00  -4.9464588e-03  -2.4908825e-03   5.8206760e-03
  -1.0162277e-01   3.4626376e-01   1.4565971e+00  -2.1709300e-03  -2.8046298e-03   5.3111031e-03
  -3.8455141e-02   5.5347460e-02   1.1125585e+00  -1.4414952e-03  -2.1415338e-03   5.6307628e-03
  -3.5457638e-02   6.2019741e-02   1.0982179e+00  -1.1131390e-03  -2.1647694e-03   5.6211340e-03
  -3.5516214e-02   1.5923293e-01   1.1602975e+00  -1.8905979e-03  -2.0876856e-03   5.8855443e-03
  -9.4458671e-02   1.8855867e-01   1.1338565e+00  -1.2446284e-03  -2.7750670e-03   5.2357893e-03
  -1.7200744e-01   1.3306414e-01   9.7155797e-01  -1.3409740e-03  -3.4817985e-03   5.1707431e-03
  -1.4916892e-01   1.6682863e-01   1.0486129e+00  -2.6266925e-03  -3.3300749e-03   5.6380315e-03
  -1.2539863e-01   1.8989030e-01   1.0405526e+00  -1.8320690e-03  -3.0328730e-03   5.1570527e-03
  -1.3488752e-01   1.4362177e-01   9.8545454e-01  -1.8221648e-03  -3.0896852e-03   4.7901905e-03
  -4.2156549e-02  -6.6682911e-03   2.2681203e+00  -1.0650047e-02   4.5330302e-04   4.4122146e-03
   9.9873146e-02   1.0978410e-01   1.3940369e+00   1.0068589e-04   1.7731528e-03   5.2779597e-03
   5.5878881e-02   1.6699644e-01   1.3067692e+00  -5.2003519e-04   5.1077066e-04   5.6049788e-03
   5.3184940e-02   1.6274048e-01   1.3392734e+00  -6.9154414e-04   7.8193453e-04   6.2376586e-03
   5.1196579e-02   1.1867841e-01   1.2636504e+00  -1.5612926e-03   1.0119071e-03   6.2434854e-03
