   0.0000000e+00   0.0000000e+00   0.0000000e+00   0.0000000e+00   0.0000000e+00   0.0000000e+00
  -1.1180750e+00   6.0887594e-01   9.4905185e-01   1.8784798e-02  -1.6397431e-02   7.1076421e-03
  -5.4794965e-01   4.3694467e-01   1.1562408e+00   1.6283178e-02  -9.5502286e-03   4.1020487e-03
  -4.8624366e-01   2.7825050e-01   6.3140170e-01   1.4196143e-02  -9.0657489e-03   3.2382510e-03
  -4.3036216e-01   4.2764849e-01   6.8672450e-01   1.2288141e-02  -9.1843672e-03   3.0378299e-03
  -4.3381729e-01   3.3081307e-01   7.3444984e-01   1.3556802e-02  -9.3100947e-03   2.6824181e-03
  -4.3995002e-01   2.8883953e-01   7.6533205e-01   1.0877675e-02  -9.3973041e-03   3.4642648e-03
  -4.3508413e-01   4.6709094e-01   1.2026636e+00   1.2888353e-02  -9.2765262e-03   3.9493014e-03
  -4.2964772e-01   2.6109109e-01   7.2457031e-01   1.4269745e-02  -9.7579896e-03   3.0696348e-03
  -4.2442141e-01   3.9066864e-01   7.7580540e-01   1.2963379e-02  -1.0121293e-02   3.3884893e-03
  -4.1151328e-01   4.2666689e-01   9.9540537e-01   1.3826513e-02  -1.0219870e-02   3.5794751e-03
  -4.2510311e-01   2.7046071e-01   7.8802844e-01   1.3992978e-02  -9.5509850e-03   2.8302317e-03
  -4.1192055e-01   3.3130758e-01   6.5238216e-01   1.2635899e-02  -9.9246204e-03   2.5290851e-03
  -3.9529158e-01   3.8203521e-01   7.0402008e-01   1.2402468e-02  -1.0069403e-02   2.5240370e-03
  -3.8842780e-01   3.5329519e-01   7.3008283e-01   1.1620930e-02  -1.0171289e-02   2.5905598e-03
  -3.8743107e-01   3.1268099e-01   6.1971052e-01   1.2280354e-02  -1.0110801e-02   2.4814336e-03
  -3.7993016e-01   4.1249970e-01   7.4768278e-01   1.1683331e-02  -1.0249392e-02   2.5413510e-03
  -3.3464160e-01   2.5895998e-01   4.8007126e-01   1.0590958e-02  -7.7493568e-03   2.6916444e-03
  -3.3946271e-01   3.5091556e-01   5.9542587e-01   1.0383853e-02  -9.2117747e-03   2.7654937e-03
  -3.4436758e-01   3.0568893e-01   5.7704409e-01   1.1300606e-02  -9.4037538e-03   2.9458242e-03
  -3.4356774e-01   4.0527065e-01   7.7342692e-01   1.0698694e-02  -9.6973862e-03   3.2628884e-03
  -3.4147269e-01   2.6834952e-01   6.7234620e-01   1.1587119e-02  -1.0077945e-02   2.8414126e-03
  -3.4487576e-01   3.1071193e-01   5.7320407e-01   1.0213892e-02  -1.0214984e-02   2.7283517e-03
  -3.4343390e-01   3.4876857e-01   7.0257055e-01   1.1040826e-02  -1.0090876e-02   2.6617082e-03
  -3.4371160e-01   3.0505704e-01   5.9844930e-01   9.6890559e-03  -1.0309131e-02   2.7985070e-03
  -3.4055406e-01   3.2917599e-01   6.4107882e-01   1.0699661e-02  -1.0068463e-02   2.5021360e-03
  -3.5348004e-01   3.3053059e-01   6.0461965e-01   9.8606800e-03  -1.0515458e-02   2.7536595e-03
  -3.4510104e-01   3.0848214e-01   6.4719054e-01   1.0829924e-02  -1.0232320e-02   2.5303799e-03
  -3.4989843e-01   3.4156087e-01   6.2765183e-01   9.4939133e-03  -1.0272046e-02   2.8473668e-03
  -3.5222196e-01   2.7569679e-01   5.2177193e-01   1.0759522e-02  -9.7850345e-03   2.9551997e-03
  -3.5534165e-01   3.8909754e-01   6.3420867e-01   1.0338042e-02  -1.0195193e-02   3.1136565e-03
  -3.6402105e-01   2.4081508e-01   5.2853186e-01   1.2464333e-02  -1.0899370e-02   4.1185389e-03
  -2.5807684e-01   5.3477860e-01   6.2714760e-01   1.9537478e-02  -6.8682572e-03   1.5641587e-03
  -2.5226593e-01   2.6396265e-01   5.8684701e-01   1.5379407e-02  -7.8345618e-03   1.8732752e-03
  -2.6358737e-01   3.7449383e-01   5.9519607e-01   1.3226323e-02  -8.4410895e-03   2.0282345e-03
  -2.6433893e-01   3.1638532e-01   5.0344460e-01   1.3004843e-02  -8.3596775e-03   2.0364201e-03
  -2.7975386e-01   4.2663989e-01   7.0417846e-01   1.3964258e-02  -8.7461587e-03   1.8398364e-03
  -2.7037806e-01   2.8604732e-01   4.2954392e-01   1.2032570e-02  -8.9603645e-03   1.8962330e-03
  -2.6932232e-01   3.0755262e-01   6.4868060e-01   1.3170593e-02  -8.7576315e-03   1.3959195e-03
  -3.0638896e-01   4.2721664e-01   8.9721960e-01   1.1855368e-02  -8.8449733e-03   2.4871489e-03
  -2.9761656e-01   2.2926320e-01   8.1237136e-01   1.2924051e-02  -8.8903386e-03   1.6297908e-03
  -2.8081944e-01   3.2333875e-01   7.2289522e-01   1.1659662e-02  -8.9128868e-03   1.8287726e-03
  -2.9168953e-01   2.6456513e-01   6.5474128e-01   1.1904176e-02  -8.9307832e-03   1.5318757e-03
  -2.9532119e-01   3.6964629e-01   7.5952383e-01   1.2075389e-02  -9.0369817e-03   1.7000853e-03
  -2.7102104e-01   2.2369394e-01   5.2219221e-01   1.1436237e-02  -9.2155303e-03   1.4229748e-03
  -2.8079238e-01   3.8415020e-01   7.7253801e-01   1.1610070e-02  -9.2321902e-03   1.7536258e-03
  -2.8023370e-01   2.5236399e-01   5.8714279e-01   1.2176949e-02  -9.0924747e-03   1.2542727e-03
  -2.7426171e-01   3.4687705e-01   6.9920557e-01   1.1520131e-02  -9.2682137e-03   1.3913729e-03
  -2.9104836e-01   2.6703878e-01   6.1423132e-01   1.1592864e-02  -9.3594555e-03   1.2237595e-03
  -2.8034760e-01   3.5392973e-01   7.7082909e-01   1.1226097e-02  -9.3406152e-03   1.3288277e-03
  -2.7272150e-01   2.3771891e-01   5.5204351e-01   1.0873797e-02  -9.1579978e-03   1.1558198e-03
  -2.7657605e-01   3.4711362e-01   6.8361288e-01   1.1157226e-02  -9.3335104e-03   1.2560162e-03
  -2.7562531e-01   2.7034436e-01   5.3975290e-01   1.0792057e-02  -9.5517950e-03   1.3370101e-03
  -2.7881511e-01   3.6620717e-01   6.8666071e-01   1.1202906e-02  -9.3129531e-03   1.2445009e-03
  -2.8968556e-01   2.6448533e-01   5.2314176e-01   9.8824421e-03  -9.4339066e-03   1.5531369e-03
  -2.9357191e-01   4.1213390e-01   8.4935742e-01   1.1730555e-02  -9.4711805e-03   1.4853275e-03
  -3.1548462e-01   2.1257041e-01   3.5273700e-01   1.1916300e-02  -9.3310897e-03   5.1864557e-04
  -2.7931671e-01   3.6237108e-01   6.3720889e-01   1.1057012e-02  -9.7053776e-03   8.2166394e-04
  -2.8124491e-01   3.1194492e-01   5.5970910e-01   1.0418762e-02  -9.7604062e-03   8.7530570e-04
  -2.7565008e-01   3.4675548e-01   6.9287424e-01   1.1404063e-02  -9.6795818e-03   8.9372881e-04
  -2.7579319e-01   3.0230319e-01   6.1463435e-01   1.0295233e-02  -9.9472267e-03   1.0024026e-03
  -2.8261302e-01   3.5234356e-01   7.1473096e-01   1.1386811e-02  -9.9229063e-03   1.1690808e-03
  -3.0133909e-01   2.5114366e-01   6.2420413e-01   1.3643056e-02  -1.1482395e-02   2.1886625e-03
  -6.9692762e-01   6.9376153e-01   1.2340616e+00   3.3908443e-02  -1.7191108e-02   9.2351712e-03
  -6.0974087e-01   4.5934233e-01   1.1457542e+00   2.7877238e-02  -1.7368689e-02   6.3508727e-03
  -5.9608309e-01   5.3301576e-01   1.1209836e+00   2.4810694e-02  -1.7543344e-02   6.0670959e-03
  -5.7025179e-01   4.6925069e-01   1.0875598e+00   2.3275982e-02  -1.6947705e-02   5.2484211e-03
  -5.4062660e-01   4.9733130e-01   1.0968015e+00   2.1436648e-02  -1.6586109e-02   4.7850289e-03
  -5.1858790e-01   4.3993225e-01   8.0609890e-01   1.9918885e-02  -1.6216393e-02   3.9633925e-03
  -5.2448394e-01   4.9421701e-01   9.6744922e-01   2.0047811e-02  -1.6356098e-02   4.1229683e-03
  -5.2412627e-01   4.3902291e-01   8.8934056e-01   1.8271097e-02  -1.6586927e-02   4.1301733e-03
  -5.0724796e-01   3.7957527e-01   7.5973018e-01   1.9849579e-02  -1.6129108e-02   3.8931513e-03
  -5.0595206e-01   4.9015006e-01   9.4217265e-01   1.8359756e-02  -1.6143139e-02   3.9843496e-03
  -5.0919576e-01   3.9321632e-01   7.2623727e-01   1.7395293e-02  -1.6141366e-02   3.8999063e-03
  -4.9710294e-01   4.0892396e-01   7.7878473e-01   1.6563680e-02  -1.5555911e-02   2.8900486e-03
  -4.8607027e-01   4.5915705e-01   9.1840470e-01   1.5280419e-02  -1.5491880e-02   3.1509693e-03
  -4.7863074e-01   3.3686774e-01   6.1110689e-01   1.4753142e-02  -1.5468447e-02   2.9597742e-03
  -4.8256496e-01   4.4068882e-01   8.8353621e-01   1.5564862e-02  -1.5184235e-02   2.8825778e-03
  -4.8034143e-01   3.7832362e-01   8.1015214e-01   1.5056503e-02  -1.5614247e-02   2.9545073e-03
  -4.7660197e-01   4.3969758e-01   9.4547887e-01   1.5497951e-02  -1.5217683e-02   2.7180109e-03
  -4.7406890e-01   3.2871874e-01   8.3932800e-01   1.3446197e-02  -1.5142549e-02   2.8788273e-03
  -4.4106835e-01   2.7405702e-01   9.9468277e-01   1.0835099e-02  -1.4613367e-02   3.0301327e-03
  -4.4392760e-01   3.3347635e-01   8.6398487e-01   1.0384399e-02  -1.4474124e-02   3.0138249e-03
  -4.6946993e-01   3.1777696e-01   8.0552355e-01   1.2759362e-02  -1.3963978e-02   3.0098427e-03
  -5.0717672e-01   4.2404792e-01   5.7339158e-01   1.1605035e-02  -1.3745056e-02   3.4584293e-03
  -4.6876672e-01   3.5195330e-01   9.2047941e-01   1.2974452e-02  -1.3708886e-02   2.8849621e-03
  -4.5972297e-01   3.2882149e-01   8.9650482e-01   1.1829477e-02  -1.4262605e-02   3.0682656e-03
  -4.7886007e-01   2.5775488e-01   5.6497770e-01   1.6058480e-02  -1.3453585e-02   3.1427033e-03
  -4.6674216e-01   4.8213918e-01   8.4434415e-01   1.0387674e-02  -1.3188805e-02   3.4025711e-03
  -4.3939376e-01   2.2091768e-01   5.1710645e-01   1.2540052e-02  -1.2603122e-02   2.6006708e-03
  -4.7179889e-01   4.0893594e-01   5.2677405e-01   1.0810051e-02  -1.3654052e-02   2.9638954e-03
  -4.8206410e-01   3.0304781e-01   5.4686765e-01   1.2027387e-02  -1.3127593e-02   2.0129341e-03
  -4.7253707e-01   3.5741401e-01   6.6062803e-01   1.1738979e-02  -1.3418673e-02   1.7449374e-03
  -4.9097908e-01   3.4177342e-01   6.9577860e-01   1.1214236e-02  -1.3607971e-02   2.0593458e-03
  -4.6892050e-01   3.0965518e-01   6.7831693e-01   1.1783777e-02  -1.3539026e-02   1.5390048e-03
  -4.9745868e-01   4.0395048e-01   8.4931023e-01   1.2351221e-02  -1.4784715e-02   3.6376239e-03
  -4.8763428e-01   2.8258960e-01   6.7117473e-01   1.2205384e-02  -1.3864385e-02   2.6023728e-03
  -4.8884395e-01   4.0758819e-01   7.9857283e-01   1.1427504e-02  -1.4153131e-02   3.1630323e-03
  -4.7961049e-01   2.9072857e-01   7.4845182e-01   1.2789614e-02  -1.3488527e-02   2.6920834e-03
  -4.8921156e-01   3.5414763e-01   7.9265477e-01   1.1374883e-02  -1.3928251e-02   3.0780406e-03
  -4.8677185e-01   2.9500011e-01   7.6389587e-01   1.2755840e-02  -1.3701756e-02   2.7493145e-03
  -4.9571662e-01   3.2909573e-01   6.5539588e-01   1.1214490e-02  -1.3787409e-02   3.2721165e-03
  -4.8424134e-01   3.4890330e-01   6.8511358e-01   1.2235039e-02  -1.3699432e-02   2.8920738e-03
  -4.8951218e-01   3.9200251e-01   8.7134796e-01   1.4250793e-02  -1.4780908e-02   4.2788047e-03
  -5.4759723e-01   6.1309209e-01   7.4049197e-01   3.6486349e-02  -1.4020175e-02   6.8750965e-03
  -5.3273637e-01   6.3186135e-01   1.0331464e+00   3.0926032e-02  -1.4347198e-02   5.7417052e-03
  -5.2234983e-01   5.6876290e-01   9.9715307e-01   2.7025039e-02  -1.4700209e-02   5.3603542e-03
  -5.4810290e-01   5.4608002e-01   1.0190769e+00   2.3318613e-02  -1.4824334e-02   4.6081365e-03
  -5.0265088e-01   5.3043939e-01   1.0568221e+00   2.1742866e-02  -1.4567154e-02   4.2947062e-03
  -5.2073461e-01   4.6236954e-01   9.3193310e-01   2.1569650e-02  -1.4849811e-02   4.1781376e-03
  -5.2363712e-01   5.2489895e-01   1.0202379e+00   2.1375981e-02  -1.4864014e-02   4.0703338e-03
  -5.1866512e-01   5.0109099e-01   9.7754276e-01   2.0217292e-02  -1.5187208e-02   4.2893171e-03
  -5.3632258e-01   4.5258910e-01   9.9362131e-01   1.9640903e-02  -1.5992267e-02   4.0404435e-03
  -5.8050858e-01   4.7292399e-01   1.0559393e+00   1.9556907e-02  -1.7031506e-02   3.5729167e-03
  -5.7060832e-01   4.5264857e-01   1.0166436e+00   1.8508313e-02  -1.7028490e-02   3.6882159e-03
  -6.0313017e-01   4.2168102e-01   8.7915518e-01   1.9631577e-02  -1.6807138e-02   3.7081924e-03
  -6.0238961e-01   5.3715146e-01   1.0383566e+00   1.9476024e-02  -1.7083748e-02   4.1602325e-03
  -6.3535082e-01   4.3422438e-01   9.6860290e-01   1.8183080e-02  -1.7562510e-02   3.5370458e-03
  -7.1197264e-01   3.7091077e-01   9.5698335e-01   1.3886762e-02  -1.8032265e-02   3.4802625e-03
  -6.6505995e-01   3.0971820e-01   8.0466406e-01   1.0541305e-02  -1.8154471e-02   3.7966062e-03
  -6.9677195e-01   2.9689075e-01   4.7523986e-01   1.0994355e-02  -1.7860311e-02   3.0696932e-03
  -6.2492143e-01   3.9993826e-01   7.9633495e-01   1.0512499e-02  -1.7641592e-02   3.4834472e-03
  -6.0571963e-01   2.9173089e-01   8.7897173e-01   1.0623016e-02  -1.7199941e-02   4.1220839e-03
  -6.2456882e-01   4.1020840e-01   9.9641354e-01   1.1999008e-02  -1.6210145e-02   4.1819466e-03
  -6.0022694e-01   2.1686931e-01   9.2699777e-01   1.0756955e-02  -1.5869040e-02   4.7719190e-03
  -5.6390193e-01   3.1358531e-01   9.0706147e-01   1.2118979e-02  -1.5432779e-02   4.5248668e-03
  -5.2782279e-01   3.3481218e-01   8.1410372e-01   1.7589109e-02  -1.5206827e-02   5.6366340e-03
  -5.2290485e-01   3.0155670e-01   4.5441984e-01   1.1906805e-02  -1.4332316e-02   5.7615135e-03
  -5.0833836e-01   1.2370392e-01   8.3537840e-01   7.6586765e-03  -1.4471612e-02   6.2358763e-03
  -5.0323069e-01   1.7174806e-01   8.7530739e-01   9.5607519e-03  -1.4387779e-02   6.1303000e-03
  -4.2264525e-01   3.1809887e-01   9.8315790e-01   1.1591301e-02  -1.3558930e-02   6.8084583e-03
  -4.8979734e-01   1.3074180e-01   7.0823516e-01   1.0854290e-02  -1.3493166e-02   6.0962150e-03
  -5.0549161e-01   2.9240274e-01   9.0521579e-01   1.0339759e-02  -1.4311625e-02   6.1374573e-03
  -5.2886579e-01   1.7188747e-01   8.3849678e-01   9.4848141e-03  -1.4975361e-02   6.0916206e-03
  -5.2144243e-01   2.5586560e-01   9.0252471e-01   9.8456549e-03  -1.4850864e-02   5.7309768e-03
  -5.2893193e-01   1.5775174e-01   7.3309745e-01   9.5882912e-03  -1.4787175e-02   6.1634107e-03
  -5.3381976e-01   2.5575038e-01   9.3353207e-01   1.0179245e-02  -1.4686809e-02   5.7376592e-03
  -5.3486439e-01   2.5978756e-01   8.9128781e-01   8.7100781e-03  -1.4772443e-02   6.3662880e-03
  -5.4331239e-01   1.1779534e-01   5.8982766e-01   8.8746167e-03  -1.3831667e-02   5.9510616e-03
  -5.4543952e-01   2.1013369e-01   7.4588597e-01   5.7561041e-03  -1.5407143e-02   6.1108614e-03
  -5.7645363e-01   1.1937019e-01   7.8876712e-01   8.3117622e-03  -1.5987113e-02   6.3646395e-03
  -5.5569766e-01   2.2334677e-01   8.9810437e-01   7.9238835e-03  -1.5705656e-02   5.9840754e-03
  -4.9442841e-01   1.7256404e-01   7.7414796e-01   9.1812817e-03  -1.3690986e-02   3.4001018e-03
  -5.6331030e-01   3.1689928e-01   9.4236793e-01   1.3104861e-02  -1.4176447e-02   4.0772441e-03
  -5.6427436e-01   2.4041112e-01   7.4378621e-01   8.0582697e-03  -1.4584653e-02   4.5655760e-03
  -5.3987072e-01   1.8207889e-01   8.8516508e-01   8.7412224e-03  -1.4850292e-02   4.0325222e-03
  -5.2574671e-01   2.3837625e-01   8.7053899e-01   7.9721932e-03  -1.4915656e-02   4.2996854e-03
  -5.2936985e-01   1.9715487e-01   7.9300386e-01   8.0844964e-03  -1.5014244e-02   4.0259263e-03
  -4.9829319e-01   2.7245632e-01   9.0192619e-01   1.2068671e-02  -1.4455211e-02   4.0902531e-03
  -5.0822810e-01   2.1691356e-01   8.3211410e-01   9.4029258e-03  -1.4692952e-02   4.0945234e-03
  -5.2704536e-01   2.5750873e-01   9.6172505e-01   9.2657767e-03  -1.5016374e-02   4.1387632e-03
  -5.4139299e-01   2.0478106e-01   8.1388113e-01   8.9300084e-03  -1.5471905e-02   4.0744598e-03
  -5.1937816e-01   3.1302130e-01   1.0584465e+00   9.7309294e-03  -1.5166479e-02   4.3730825e-03
  -5.2250674e-01   1.5105476e-01   8.2958023e-01   9.0949418e-03  -1.5442836e-02   3.9169013e-03
  -4.9771865e-01   2.5382041e-01   9.3134500e-01   9.7319076e-03  -1.4801168e-02   3.9323172e-03
  -5.0252273e-01   2.4628418e-01   8.7074493e-01   8.1435558e-03  -1.4945236e-02   4.4775284e-03
  -5.1790495e-01   2.0835755e-01   9.0689076e-01   1.2307834e-02  -1.5150639e-02   4.3643123e-03
  -5.2143573e-01   4.4132144e-01   8.4789231e-01   1.8981820e-02  -1.4196561e-02   4.1742389e-03
  -5.0702039e-01   3.6219363e-01   8.0558650e-01   1.3326083e-02  -1.3632977e-02   3.6805561e-03
  -4.2543179e-01   5.7671914e-01   8.5672343e-01   2.3287818e-02  -1.0192810e-02   3.9222813e-03
  -4.1733041e-01   3.6392482e-01   3.8968218e-01   2.5869873e-02  -7.8453008e-03   3.4990240e-03
  -4.4094510e-01   4.9202462e-01   3.3216958e-01   2.2484806e-02  -9.4076158e-03   3.4695565e-03
  -4.6871845e-01   5.8476202e-01   5.5836291e-01   2.1498489e-02  -1.0399456e-02   3.6119766e-03
  -4.6880034e-01   5.0047270e-01   4.2111000e-01   2.1793078e-02  -1.0749921e-02   3.1599375e-03
  -4.6272635e-01   5.3606931e-01   5.9604517e-01   2.0763572e-02  -1.1078638e-02   2.9826668e-03
  -4.7819608e-01   4.3067195e-01   4.6990508e-01   2.0549353e-02  -1.1376431e-02   3.0072150e-03
  -4.7200181e-01   5.0687226e-01   6.2035742e-01   2.0557453e-02  -1.1376214e-02   2.7123794e-03
  -4.7914424e-01   4.4154485e-01   6.0863753e-01   1.9671673e-02  -1.1968798e-02   2.9259966e-03
  -4.8742747e-01   4.8055140e-01   7.9423494e-01   2.0772969e-02  -1.2147239e-02   2.8587936e-03
  -4.8980676e-01   4.0043209e-01   5.9256813e-01   2.0344237e-02  -1.2116220e-02   2.7795340e-03
  -4.8665373e-01   4.8912125e-01   6.4478035e-01   1.9897273e-02  -1.2231895e-02   2.7360664e-03
  -4.7787360e-01   4.4741766e-01   7.8008117e-01   1.7591655e-02  -1.2517928e-02   3.1285955e-03
  -4.8906965e-01   3.7250881e-01   7.0978059e-01   1.8746868e-02  -1.2589029e-02   3.2525374e-03
  -4.9661281e-01   4.9861343e-01   7.8132640e-01   1.8401509e-02  -1.2398764e-02   3.6816444e-03
  -5.0673120e-01   3.8771401e-01   5.7176698e-01   1.7871069e-02  -1.2535544e-02   3.8755890e-03
  -4.8318152e-01   4.6764768e-01   6.7601638e-01   1.8739034e-02  -1.1860624e-02   3.7986007e-03
  -4.9990973e-01   4.4806270e-01   6.4105995e-01   1.7763712e-02  -1.2700677e-02   3.8019315e-03
  -4.9390710e-01   4.0468144e-01   6.4079911e-01   1.8671118e-02  -1.2393470e-02   3.4570066e-03
  -5.0517125e-01   4.7824350e-01   7.3809695e-01   1.7711805e-02  -1.2633680e-02   3.7023824e-03
  -5.1908699e-01   3.8072297e-01   6.0568370e-01   1.7788160e-02  -1.2387694e-02   3.4924775e-03
  -4.4554009e-01   7.8107428e-01   9.9956677e-01   4.0477496e-02   3.9246299e-03   7.3667515e-03
  -8.8774634e-02   7.5795834e-01   6.5876126e-01   3.7403849e-02   6.6374270e-03   7.3760263e-03
  -9.4302788e-02   7.3060999e-01   8.6308671e-01   3.5447334e-02   3.6130125e-03   5.9966429e-03
  -1.8487862e-01   6.9789676e-01   8.2673006e-01   3.2607909e-02  -6.3489640e-05   5.0959253e-03
  -2.1872503e-01   6.5535521e-01   8.3626213e-01   3.2333137e-02  -1.0529898e-03   4.5804613e-03
  -2.3789997e-01   6.6490395e-01   8.4592230e-01   3.0205921e-02  -1.9725201e-03   5.1493065e-03
  -2.4272064e-01   6.2271054e-01   8.1433436e-01   3.0558993e-02  -2.5387660e-03   5.2448061e-03
  -2.3337882e-01   6.5061379e-01   8.7188602e-01   2.8139770e-02  -2.9156461e-03   5.6676380e-03
  -2.8409048e-01   5.4332822e-01   8.6599328e-01   2.9112142e-02  -3.6556768e-03   5.4666041e-03
  -2.8654758e-01   6.3859583e-01   8.8150950e-01   2.8404072e-02  -3.6167461e-03   5.0378587e-03
  -3.0251502e-01   5.6583408e-01   7.0882906e-01   2.7496470e-02  -3.9826397e-03   5.3542637e-03
  -3.0312543e-01   6.0516001e-01   7.9011886e-01   2.8150919e-02  -3.8236296e-03   4.8814090e-03
  -2.9208807e-01   6.1650339e-01   8.5012055e-01   2.7062656e-02  -4.1195123e-03   5.2358286e-03
  -3.0664441e-01   5.0843636e-01   7.3103738e-01   2.6705948e-02  -4.6000842e-03   4.9088765e-03
  -2.9361137e-01   6.0062178e-01   8.9034866e-01   2.6623092e-02  -4.4929536e-03   5.4131970e-03
  -2.7836963e-01   5.2904740e-01   7.5955696e-01   2.6558851e-02  -4.3697037e-03   5.2937438e-03
  -2.9298838e-01   6.2738097e-01   8.9967085e-01   2.6870182e-02  -4.4456013e-03   5.4222149e-03
  -2.9797254e-01   5.4032186e-01   6.8035675e-01   2.5677806e-02  -4.3227605e-03   5.9947757e-03
  -3.6292883e-01   5.4045485e-01   5.9883291e-01   2.6713124e-02  -4.6397445e-03   5.5624181e-03
  -3.0420032e-01   5.7603036e-01   7.9007549e-01   2.3670109e-02  -4.1074231e-03   6.0028907e-03
  -2.9585867e-01   5.4412800e-01   7.8568904e-01   2.2649163e-02  -4.5976966e-03   6.2930062e-03
  -3.3957435e-01   4.3025538e-01   4.9819377e-01   2.5214214e-02  -3.7559718e-03   5.9742844e-03
  -3.4603178e-01   6.7611628e-01   8.7652967e-01   2.5041836e-02  -4.5135208e-03   6.1459409e-03
  -3.2729368e-01   5.0514661e-01   6.9867553e-01   2.6896627e-02  -4.1817507e-03   5.4646501e-03
  -3.2711084e-01   6.3614903e-01   8.4541650e-01   2.5712411e-02  -3.6170698e-03   5.0637463e-03
  -3.3775556e-01   5.3892864e-01   7.1207139e-01   2.4158932e-02  -4.3688078e-03   5.2810369e-03
  -3.5315919e-01   5.6004434e-01   7.1215840e-01   2.5040997e-02  -4.2714413e-03   4.9896135e-03
  -3.3442148e-01   5.8530839e-01   7.9309388e-01   2.3538264e-02  -4.4741087e-03   5.5830926e-03
  -3.1713789e-01   4.9120661e-01   7.0131148e-01   2.4344565e-02  -4.0993928e-03   5.3209778e-03
  -3.1808200e-01   5.7695708e-01   7.8342984e-01   2.3976791e-02  -4.2506836e-03   5.5038476e-03
  -3.5347989e-01   5.0440090e-01   6.8392038e-01   2.3178441e-02  -5.3120047e-03   5.5324746e-03
  -3.5144229e-01   5.0426825e-01   7.0001527e-01   2.3290946e-02  -5.2946932e-03   5.2889951e-03
  -3.2253413e-01   5.4135197e-01   8.0953957e-01   2.2634382e-02  -5.2630232e-03   5.5138380e-03
  -3.4262108e-01   4.5067320e-01   7.3639553e-01   2.3267743e-02  -5.3628344e-03   5.1964921e-03
  -3.5165518e-01   5.9050800e-01   8.1477683e-01   2.2635754e-02  -5.9452889e-03   5.2749763e-03
  -3.5927380e-01   4.8407323e-01   6.9942122e-01   2.2835785e-02  -6.0256119e-03   5.3700386e-03
  -3.3295032e-01   5.2584050e-01   7.7226674e-01   2.3307101e-02  -5.5693490e-03   5.3975269e-03
  -3.3244417e-01   5.3417875e-01   7.6598612e-01   2.2108459e-02  -5.8465672e-03   5.5071511e-03
  -3.3124729e-01   4.6721422e-01   7.5636117e-01   2.3534140e-02  -5.7363518e-03   5.3298034e-03
  -3.3892663e-01   5.9201094e-01   9.2452369e-01   2.2702917e-02  -6.1410630e-03   5.8004304e-03
  -3.4189262e-01   4.7382387e-01   8.0020971e-01   2.3034746e-02  -6.2658279e-03   5.4112000e-03
  -3.6667398e-01   5.6552540e-01   8.6831466e-01   2.2489356e-02  -7.1223973e-03   5.1808689e-03
  -3.6619091e-01   4.8251644e-01   7.3985134e-01   2.1958994e-02  -7.0097681e-03   5.5832255e-03
  -3.5708759e-01   5.6611008e-01   9.3322832e-01   2.0444215e-02  -6.5783120e-03   6.2293678e-03
  -3.4721108e-01   4.2558047e-01   7.6530386e-01   2.1765168e-02  -5.5656837e-03   5.4930354e-03
  -3.8537749e-01   5.8257604e-01   8.3536414e-01   2.0803515e-02  -6.8221592e-03   6.1898155e-03
  -3.3559778e-01   3.8021223e-01   6.0245443e-01   1.9151847e-02  -5.6088634e-03   6.1827899e-03
  -3.7475281e-01   5.6105819e-01   9.3242144e-01   1.9931746e-02  -6.5771415e-03   5.6585561e-03
  -3.1799351e-01   3.7806046e-01   4.8992014e-01   1.9331959e-02  -5.5621140e-03   4.8489487e-03
  -3.1114023e-01   5.4865635e-01   9.5876079e-01   1.9770324e-02  -5.9441206e-03   5.0601372e-03
  -3.0974422e-01   3.7180598e-01   7.9517987e-01   1.9080625e-02  -5.9513129e-03   4.6677889e-03
  -3.2147779e-01   5.2196427e-01   8.9868771e-01   1.9471255e-02  -5.7796239e-03   4.5604461e-03
  -3.3157319e-01   4.7089535e-01   6.9703333e-01   1.8811182e-02  -6.0193654e-03   4.5059018e-03
  -3.2462995e-01   4.4921932e-01   8.0420045e-01   1.9641145e-02  -5.9482629e-03   4.2782619e-03
  -3.2251817e-01   4.7186416e-01   8.5075512e-01   1.8650229e-02  -6.0813603e-03   4.6485392e-03
  -2.9845588e-01   4.1454028e-01   8.2876903e-01   1.9298756e-02  -5.8013678e-03   4.5368980e-03
  -3.1541425e-01   4.9326968e-01   9.4682740e-01   1.9141584e-02  -6.1592509e-03   4.7763929e-03
  -3.1765415e-01   4.0530271e-01   7.2373557e-01   1.8937913e-02  -6.0222624e-03   4.6313989e-03
  -3.2282433e-01   5.0337436e-01   8.5730590e-01   1.8113090e-02  -6.1175374e-03   4.8091741e-03
  -3.3193613e-01   4.1027924e-01   7.4745977e-01   1.8067517e-02  -6.5755152e-03   4.8315245e-03
  -3.2811364e-01   4.8548956e-01   8.2465143e-01   1.9210386e-02  -6.6825284e-03   4.5379756e-03
  -3.2537916e-01   4.7360259e-01   7.6456735e-01   1.7996621e-02  -6.8485432e-03   4.7477509e-03
  -3.1677845e-01   4.0987484e-01   7.8164665e-01   1.8940743e-02  -6.7134722e-03   4.3628364e-03
  -3.3503581e-01   5.0021277e-01   9.2168240e-01   1.8493412e-02  -7.1315641e-03   4.7236589e-03
  -3.3200486e-01   4.0537950e-01   7.9936134e-01   1.8424709e-02  -7.2593128e-03   4.5789392e-03
  -3.2734028e-01   5.0225643e-01   8.9177016e-01   1.9267829e-02  -7.2768476e-03   4.6749182e-03
  -3.3213001e-01   4.5597824e-01   8.3656809e-01   1.7884801e-02  -7.3784036e-03   4.7320613e-03
  -3.4474977e-01   4.1442504e-01   7.7728111e-01   1.9318170e-02  -7.1881759e-03   4.4672336e-03
  -3.3559340e-01   5.3534537e-01   8.8873370e-01   1.8732874e-02  -7.3371215e-03   4.8415821e-03
  -3.3691067e-01   4.4661682e-01   7.9271913e-01   1.8138201e-02  -7.4369214e-03   4.7290539e-03
  -3.3313591e-01   4.5601754e-01   8.3035041e-01   2.1534761e-02  -6.3547809e-03   5.1681838e-03
  -3.6476683e-01   5.0956517e-01   9.2300777e-01   1.6837548e-02  -7.6153114e-03   4.9366826e-03
  -3.6071476e-01   3.7731737e-01   7.3980637e-01   1.8497835e-02  -7.4160079e-03   5.0097008e-03
  -3.5462140e-01   5.0511395e-01   8.8945567e-01   1.8646865e-02  -7.4204981e-03   4.8258335e-03
  -3.5689045e-01   4.6013385e-01   8.0138868e-01   1.7546818e-02  -7.3437291e-03   5.0483040e-03
  -3.6798606e-01   3.8349041e-01   5.7308044e-01   1.9369923e-02  -6.8650803e-03   4.1156050e-03
  -3.5713402e-01   5.2978946e-01   8.4907958e-01   1.7921950e-02  -7.1117781e-03   4.4056685e-03
  -3.6489386e-01   4.1680737e-01   7.4841662e-01   1.7844503e-02  -7.3085123e-03   4.5901540e-03
  -3.5034333e-01   4.8355843e-01   8.9118620e-01   1.8659665e-02  -6.9919481e-03   4.4217043e-03
  -3.5007214e-01   4.4094032e-01   8.0020745e-01   1.7243295e-02  -7.0068066e-03   4.8396830e-03
  -3.4709998e-01   4.4197304e-01   9.1711148e-01   1.8278982e-02  -7.1545776e-03   5.0917917e-03
  -3.3804936e-01   4.1728590e-01   8.7959671e-01   1.6661851e-02  -6.8484343e-03   4.8229137e-03
  -3.6462151e-01   4.4599103e-01   8.6065263e-01   1.7854980e-02  -6.9131911e-03   4.7079512e-03
  -3.8096300e-01   5.5447655e-01   8.3012431e-01   1.9798180e-02  -6.6825028e-03   5.0125520e-03
  -3.4002656e-01   4.9615595e-01   8.6921696e-01   2.0539293e-02  -5.6577384e-03   3.9668573e-03
  -3.4430872e-01   5.3473126e-01   8.0166272e-01   1.7849940e-02  -6.8794590e-03   4.4966011e-03
  -3.7301039e-01   4.1101836e-01   7.7405553e-01   1.8688742e-02  -6.9049509e-03   3.6607265e-03
  -3.8281666e-01   6.8200336e-01   1.0969390e+00   2.1894278e-02  -7.6528478e-03   4.7380898e-03
  -3.8397641e-01   3.8486966e-01   7.4196861e-01   1.9568957e-02  -7.4093940e-03   3.6871945e-03
  -3.7730878e-01   4.9243041e-01   8.8564258e-01   1.8080661e-02  -7.8178324e-03   4.3224061e-03
  -3.9766589e-01   4.4418760e-01   8.6779566e-01   1.8021239e-02  -8.0231484e-03   4.1578154e-03
  -3.6227169e-01   4.5112085e-01   9.0428933e-01   1.8268715e-02  -7.5351043e-03   4.0956958e-03
  -3.7501824e-01   4.9320172e-01   9.3177144e-01   1.7191142e-02  -8.0272992e-03   4.4149737e-03
  -3.8774197e-01   4.5407894e-01   8.9423816e-01   1.8795812e-02  -7.9191836e-03   4.3333234e-03
  -3.8045705e-01   4.8385890e-01   8.9805596e-01   1.7930404e-02  -8.0684345e-03   4.3571679e-03
  -3.9383551e-01   4.5840851e-01   9.7735633e-01   2.2731777e-02  -7.2489930e-03   4.1766475e-03
  -4.8417009e-01   5.4363196e-01   7.3087339e-01   3.3295101e-02  -6.4186486e-03   5.7311824e-03
  -4.2844210e-01   4.5758513e-01   5.2441846e-01   1.2029656e-02  -4.7899833e-03   4.0947604e-03
  -4.5351280e-01   3.5729785e-01   4.7542001e-01   8.2366403e-03  -5.6934907e-03   3.5067262e-03
  -4.1511674e-01   4.6223331e-01   9.4787017e-01   1.1711041e-02  -4.8881279e-03   2.4933722e-03
  -4.4472536e-01   2.9563740e-01   7.0888279e-01   9.5920889e-03  -6.8983337e-03   1.5641150e-03
  -4.4420444e-01   3.8484101e-01   9.1650053e-01   1.0502507e-02  -6.3608166e-03   6.3612433e-04
  -4.7055693e-01   3.7581826e-01   8.9894222e-01   8.8834038e-03  -7.7444581e-03   1.1402112e-03
  -4.6868530e-01   3.3121481e-01   8.7049519e-01   1.0097009e-02  -7.7668519e-03   8.1166247e-04
  -4.8363558e-01   3.8555809e-01   8.8612466e-01   9.4484381e-03  -8.1603288e-03   1.2169288e-03
  -4.9718826e-01   3.1652771e-01   7.9075891e-01   1.0390736e-02  -7.9767886e-03   3.5858966e-04
  -5.4603796e-01   3.8994374e-01   9.4217243e-01   9.2954550e-03  -8.9440743e-03  -4.7966664e-04
  -6.1390443e-01   3.1675687e-01   7.4090176e-01   8.8273448e-03  -9.4376194e-03  -7.7355234e-04
  -5.9089886e-01   4.2478025e-01   9.2523295e-01   9.1009243e-03  -8.5844777e-03  -8.1109013e-04
  -5.9736737e-01   3.4734294e-01   5.9972101e-01   8.3445525e-03  -8.9352184e-03  -8.3209018e-05
  -5.8038927e-01   4.2544275e-01   9.2079307e-01   9.8680131e-03  -8.6308926e-03  -4.4729127e-04
  -5.6585617e-01   3.3312560e-01   7.6009389e-01   9.1825559e-03  -8.9410758e-03  -2.7866592e-04
  -5.5568583e-01   3.7036165e-01   9.2373810e-01   9.7110641e-03  -9.0281051e-03  -7.8724124e-04
  -5.7638531e-01   3.5952911e-01   8.8414325e-01   8.6619787e-03  -9.6720053e-03  -4.2853404e-04
  -5.8645369e-01   3.7698067e-01   9.4955355e-01   9.9373025e-03  -9.5292319e-03  -8.2374536e-04
  -5.7748884e-01   3.9503096e-01   8.9234408e-01   8.9138921e-03  -9.7456193e-03  -3.4946517e-04
  -5.6126484e-01   3.3498983e-01   9.0205403e-01   9.1493991e-03  -9.8481272e-03  -5.1611772e-04
  -5.7258189e-01   4.2820765e-01   9.9413932e-01   9.4161315e-03  -9.6594482e-03  -7.0122077e-04
  -5.9695579e-01   3.2929562e-01   7.7239845e-01   8.0255264e-03  -9.5881485e-03  -1.1703338e-03
  -5.9374232e-01   3.8796045e-01   9.1234762e-01   8.7746296e-03  -9.4208341e-03  -1.2400274e-03
  -5.9340290e-01   3.5290673e-01   7.7956871e-01   8.9242204e-03  -9.6402920e-03  -8.1732421e-04
  -5.9198057e-01   3.8786863e-01   8.6475263e-01   1.0117888e-02  -9.5566340e-03  -1.4630177e-03
  -5.9045995e-01   4.5103073e-01   8.9502130e-01   9.7260637e-03  -1.0375589e-02  -2.0185999e-03
  -6.3440094e-01   3.8720252e-01   8.4627202e-01   8.5404952e-03  -1.1239085e-02  -2.6353549e-03
  -6.0852095e-01   3.6207913e-01   9.1305616e-01   9.4992679e-03  -1.0144197e-02  -2.0446152e-03
  -6.3416184e-01   4.2687801e-01   8.8431409e-01   8.0002179e-03  -1.0379432e-02  -1.2317235e-03
  -6.4150963e-01   3.1721088e-01   5.6144216e-01   9.7222465e-03  -9.3827447e-03  -1.5695247e-03
  -6.3761939e-01   4.2818210e-01   8.1072159e-01   8.7930816e-03  -1.0376353e-02  -1.0898592e-03
  -6.5306613e-01   3.8791298e-01   9.0957513e-01   9.9261045e-03  -1.1257730e-02  -2.9756798e-03
  -6.2682430e-01   3.6501014e-01   9.1051131e-01   8.1054405e-03  -1.1160843e-02  -2.0802441e-03
  -6.3105108e-01   3.4950770e-01   9.5163498e-01   9.8938580e-03  -1.0607856e-02  -2.3516044e-03
  -6.3385066e-01   4.0334977e-01   8.8564664e-01   8.5027879e-03  -1.0902609e-02  -1.8151239e-03
  -7.0921210e-01   4.0993214e-01   9.9383497e-01   1.0812509e-02  -1.3619718e-02  -2.3009892e-03
  -7.5984641e-01   4.3753458e-01   1.0863909e+00   1.0299893e-02  -1.4281629e-02  -1.6215077e-03
  -7.5338335e-01   3.2961613e-01   1.0040161e+00   1.0527884e-02  -1.3796927e-02  -1.1229616e-03
  -7.4568023e-01   4.4071058e-01   1.0937745e+00   1.1094979e-02  -1.2986259e-02  -1.0775517e-03
  -7.3433678e-01   4.7908037e-01   8.9345790e-01   1.1885917e-02  -1.2693821e-02  -4.9942512e-04
  -7.3487874e-01   3.9579898e-01   8.8380263e-01   1.2466330e-02  -1.1928498e-02  -1.3113582e-03
  -7.2338399e-01   4.7882951e-01   1.0362257e+00   1.1077849e-02  -1.2601564e-02  -5.0916155e-04
  -7.2129907e-01   3.7900401e-01   9.2765590e-01   1.1536818e-02  -1.2718393e-02  -6.7139889e-04
  -7.2424744e-01   5.0328161e-01   1.1992363e+00   1.1125738e-02  -1.2566509e-02  -5.6761121e-04
  -7.3560175e-01   3.6034287e-01   9.3722779e-01   1.1848445e-02  -1.2892366e-02  -9.3129203e-04
  -7.3869011e-01   4.9607024e-01   1.1200392e+00   1.1509981e-02  -1.3172824e-02  -8.8830494e-04
  -7.1541500e-01   3.9951679e-01   9.7755906e-01   1.1298534e-02  -1.2688694e-02  -1.0429649e-03
  -7.1257482e-01   4.5258724e-01   1.0308586e+00   1.1675885e-02  -1.2588407e-02  -5.8907873e-04
  -6.9649174e-01   4.7029482e-01   9.3375473e-01   1.0746312e-02  -1.2502233e-02  -1.6920219e-04
  -7.0000432e-01   4.1421283e-01   9.8354649e-01   1.1438734e-02  -1.2602808e-02  -6.7262781e-04
  -6.7265725e-01   5.7209765e-01   1.2609668e+00   1.6626791e-02  -1.2025247e-02   8.8714960e-04
  -6.4175892e-01   4.0961607e-01   8.8899353e-01   1.7748209e-02  -1.1114226e-02   6.1622155e-04
  -5.3186052e-01   5.9608295e-01   9.9642619e-01   1.9033112e-02  -7.8302193e-03  -6.6834097e-04
  -6.0336742e-01   6.1140166e-01   9.2839161e-01   1.6702193e-02  -9.2300271e-03   1.0184999e-04
  -5.9338237e-01   5.3736559e-01   9.5702084e-01   1.7603816e-02  -9.4523456e-03  -8.5619908e-05
  -6.2345252e-01   5.9990579e-01   8.5041823e-01   1.5408393e-02  -1.0444685e-02   2.2517693e-04
  -6.5025264e-01   5.0452651e-01   8.2245408e-01   1.6544548e-02  -1.0586749e-02  -1.0206349e-03
  -6.5503932e-01   5.9058908e-01   9.6586734e-01   1.5079355e-02  -1.1549050e-02  -7.5208932e-04
  -6.4964313e-01   5.2302320e-01   1.0115030e+00   1.4244082e-02  -1.1680189e-02  -1.0851204e-03
  -6.7485743e-01   5.0704865e-01   9.0218054e-01   1.5723382e-02  -1.1654849e-02  -1.5526081e-03
  -6.9718657e-01   5.8020351e-01   9.7083600e-01   1.4421502e-02  -1.2926115e-02  -1.1754223e-03
  -7.8032352e-01   5.3001212e-01   9.5146651e-01   1.5384688e-02  -1.3985181e-02  -2.3443664e-03
  -7.1022618e-01   5.4260136e-01   1.0806301e+00   1.3762859e-02  -1.2768503e-02  -1.9184258e-03
  -7.3425344e-01   4.1936938e-01   1.0338990e+00   1.4440192e-02  -1.3081485e-02  -1.4037856e-03
  -7.3090112e-01   5.8057891e-01   1.2428214e+00   1.2788722e-02  -1.3219411e-02  -6.8869892e-04
  -7.6468345e-01   3.8628737e-01   8.9298624e-01   1.3771277e-02  -1.3277745e-02  -1.1862418e-03
  -7.3299034e-01   5.4674852e-01   1.1100272e+00   1.3955378e-02  -1.2888458e-02  -1.1491810e-03
  -7.3581980e-01   4.7007031e-01   1.0621575e+00   1.3339421e-02  -1.3098212e-02  -1.0261558e-03
  -7.2668352e-01   5.0459045e-01   1.1569069e+00   1.4560589e-02  -1.2788527e-02  -1.4302260e-03
  -7.5765405e-01   4.8994714e-01   9.6170716e-01   1.2753420e-02  -1.3214847e-02  -8.5761304e-04
  -7.3652990e-01   5.5315201e-01   1.1378961e+00   1.4257022e-02  -1.2908169e-02  -1.4482561e-03
  -7.4757798e-01   5.0878027e-01   1.0114131e+00   1.3222594e-02  -1.3412905e-02  -9.2606626e-04
  -7.3755229e-01   4.9858247e-01   1.1836541e+00   1.4332762e-02  -1.3115371e-02  -1.5881472e-03
  -7.3995293e-01   5.0705273e-01   1.2643404e+00   1.3377539e-02  -1.3391115e-02  -1.5126732e-03
  -7.5383936e-01   4.2162766e-01   1.1847614e+00   1.4125798e-02  -1.3593271e-02  -1.8699802e-03
  -7.0873562e-01   6.2958805e-01   1.1656236e+00   1.4558044e-02  -1.0517050e-02  -2.0793524e-03
  -5.7658861e-01   3.6548868e-01   1.1608939e+00   1.0094016e-02  -6.9338290e-03  -3.2095522e-03
  -6.7962074e-01   4.8368557e-01   7.8966218e-01   1.1110815e-02  -9.8863966e-03  -2.4837487e-03
  -7.0310675e-01   4.3223157e-01   9.5339241e-01   1.2764122e-02  -1.0862012e-02  -2.6811033e-03
  -7.0786906e-01   5.2625161e-01   1.0895997e+00   1.2796825e-02  -1.1201613e-02  -3.1604575e-03
  -7.2282904e-01   4.5519837e-01   9.6911311e-01   1.0848634e-02  -1.1927015e-02  -3.2971823e-03
  -7.3325840e-01   4.5613144e-01   1.0264004e+00   1.2044859e-02  -1.2256269e-02  -3.6381790e-03
  -7.3768791e-01   4.8933580e-01   1.1301737e+00   1.1783689e-02  -1.2608480e-02  -3.1775145e-03
  -7.5038970e-01   4.3524715e-01   1.0772372e+00   1.2498377e-02  -1.2741770e-02  -3.5366535e-03
  -7.4517926e-01   5.0118871e-01   1.1777020e+00   1.2134427e-02  -1.2519451e-02  -3.4325793e-03
  -7.7283667e-01   4.3555617e-01   1.0715109e+00   1.1759923e-02  -1.3558001e-02  -3.6125887e-03
  -7.6993399e-01   4.6764557e-01   1.1828520e+00   1.2580840e-02  -1.3111959e-02  -3.5963297e-03
  -7.6530569e-01   5.0609160e-01   1.2144855e+00   1.2044164e-02  -1.3234539e-02  -2.7759636e-03
  -7.3162345e-01   4.0402104e-01   9.5366058e-01   1.7801071e-02  -1.0843951e-02  -1.4890304e-03
  -7.1462342e-01   6.7957542e-01   1.4057033e+00   1.6648134e-02  -1.0941379e-02  -1.3327130e-03
  -7.4617622e-01   4.4176075e-01   8.1334181e-01   1.6535554e-02  -1.1619105e-02  -1.3531295e-03
  -7.5143421e-01   5.8747157e-01   1.0426511e+00   1.7066036e-02  -1.1852202e-02  -2.1337071e-03
  -7.6375416e-01   6.6152821e-01   1.1206066e+00   1.8550654e-02  -1.1421812e-02  -1.8007748e-03
  -7.3338072e-01   5.6693747e-01   1.1023319e+00   2.0432929e-02  -9.9707602e-03  -2.0211588e-03
  -7.3763478e-01   6.3692814e-01   1.0343059e+00   1.7555915e-02  -1.0846150e-02  -1.4731839e-03
  -7.2006517e-01   5.4117352e-01   1.1174874e+00   1.8848141e-02  -1.0679598e-02  -2.3419790e-03
  -7.1979375e-01   6.3871522e-01   1.1055887e+00   1.8219333e-02  -1.1070367e-02  -1.9902143e-03
  -7.3916523e-01   5.3484673e-01   9.3932546e-01   1.8666338e-02  -1.1362906e-02  -2.6494978e-03
  -7.4722728e-01   6.3613565e-01   1.0993571e+00   1.8080387e-02  -1.1641267e-02  -2.7312032e-03
  -7.2982030e-01   5.7319399e-01   1.0032989e+00   1.7514953e-02  -1.1998397e-02  -2.6521667e-03
  -7.2747566e-01   5.8928855e-01   1.0356778e+00   1.9414755e-02  -1.1552114e-02  -3.0450070e-03
  -7.3746382e-01   6.4511210e-01   1.0504549e+00   1.7493992e-02  -1.2152412e-02  -2.4997676e-03
  -7.4061109e-01   6.4408578e-01   1.0287110e+00   1.9349145e-02  -1.1495207e-02  -2.8610801e-03
  -7.3591858e-01   5.8787761e-01   8.0074939e-01   1.7648065e-02  -1.1806059e-02  -2.8242882e-03
