   0.0000000e+00   0.0000000e+00   0.0000000e+00   0.0000000e+00   0.0000000e+00   0.0000000e+00
  -8.3369851e-03  -4.5290265e-04   5.2887578e-02  -3.2467191e-04  -2.0853213e-04   2.3414286e-04
  -9.2968376e-03  -4.8595643e-02   1.0730005e-01  -1.7812342e-03  -4.3965122e-04   4.6066763e-04
  -9.3778710e-04  -1.7564661e-02   8.9056973e-02  -4.0502431e-04  -4.2369616e-04   3.1264322e-04
   2.7605711e-02  -7.6485309e-02   2.8123559e-02  -8.2874889e-04   2.7904591e-04   7.2523494e-05
   2.2630950e-02  -2.6349015e-02   4.8802909e-02  -8.1732378e-04   2.7791926e-04   1.4812087e-04
   2.2889027e-02  -1.5997694e-02   7.7221792e-03  -7.6466301e-04  -1.8222865e-04   1.1901465e-04
   2.9153449e-02   3.1612946e-02   6.5006521e-02  -1.4120623e-04  -6.5935888e-04   4.3109073e-04
   2.0477256e-02  -2.0239236e-02   5.4289896e-02  -8.0567971e-04  -8.5125467e-04   5.3497334e-04
   2.6450020e-02   1.0767333e-02   4.0876797e-02  -4.3379055e-04  -8.0705338e-04   5.1682192e-04
   2.9936238e-02  -1.5626989e-02   2.9951596e-02  -1.1709384e-03  -7.4180177e-04   4.6140601e-04
   3.6518872e-02  -2.0120505e-03   3.4010981e-02  -1.0543082e-03  -9.2282105e-04   5.4374913e-04
   1.2828153e-02  -3.6501236e-02   1.6444108e-01  -2.2019122e-03  -2.1077453e-03   7.7800962e-04
   1.5027283e-02  -2.0078756e-02  -1.3684162e-02  -8.5109483e-04  -1.0632308e-03   4.1530823e-04
   4.2464061e-02  -2.4158954e-02  -4.8002649e-03  -1.3283505e-03  -8.4628633e-04   5.0088155e-04
   3.5414130e-02  -4.0658089e-02  -1.4131985e-02  -1.7668071e-03  -1.2248319e-03   6.9928496e-04
   4.1820500e-02  -1.4857210e-02  -5.9107603e-02  -1.0991429e-03  -1.0991096e-03   7.0938064e-04
   3.8348753e-02   2.5853455e-02   1.5898403e-02  -1.1881473e-03  -1.1136140e-03   7.2567478e-04
   5.8471379e-02  -9.6328119e-03  -1.1864713e-01  -1.0127803e-03  -2.1751155e-04   6.1043415e-04
   6.2091947e-02  -4.1038098e-03  -5.4617144e-02  -1.7161930e-03  -4.4595120e-04   9.4531735e-04
   6.1734674e-02  -5.4759258e-02  -5.4861898e-02  -2.5880863e-03  -5.2631296e-04   1.0942244e-03
   7.9738220e-02  -6.0839641e-02  -7.4769736e-02  -2.4610341e-03  -3.3388517e-04   9.7098734e-04
   7.6089286e-02  -6.6845848e-02  -8.8753298e-02  -2.6125164e-03  -1.9615186e-04   9.0518128e-04
   8.3336553e-02  -3.6191674e-02  -7.2992321e-02  -1.9490944e-03  -9.0787577e-05   7.2005890e-04
   8.2843481e-02  -2.7615692e-02  -7.6623813e-02  -1.4386239e-03  -2.5283523e-04   8.2616091e-04
   6.7346913e-02  -1.3270060e-02  -1.2584113e-01  -1.6346088e-03  -4.8561352e-04   3.6160505e-04
  -1.6626553e-02  -3.6195017e-02  -1.0554148e-01  -7.8693964e-04  -8.0916656e-04   2.6032245e-04
  -8.3985622e-03  -1.9535033e-02  -3.3748656e-02  -5.4775326e-04  -1.1622914e-03   2.2413268e-04
  -2.9021493e-03  -6.3814310e-02  -4.7416506e-02  -1.6256715e-03  -1.7140227e-03   4.2501818e-04
   8.1419227e-03  -7.2606433e-02  -5.3272653e-02  -1.5283175e-03  -1.9441023e-03   5.0523082e-04
  -3.1642465e-02  -2.0902106e-02   1.7150221e-02  -1.7212287e-03  -3.0881930e-03   8.2898422e-04
  -2.9814906e-03  -1.5095306e-01  -1.0853455e-01  -2.4912854e-03  -2.3545483e-03   6.4172389e-04
  -1.3623201e-03  -9.6571807e-02  -6.1238441e-02  -2.4461659e-03  -2.4064578e-03   5.7454656e-04
   1.6357760e-02  -6.0562103e-02  -7.4545003e-02  -1.6351450e-03  -2.0376769e-03   5.6379347e-04
   1.6489173e-02  -5.2649455e-02  -5.9957155e-02  -1.6071761e-03  -2.1970320e-03   5.9949127e-04
   2.3505902e-02  -6.3034016e-02  -9.2179834e-02  -2.1153426e-03  -2.0022603e-03   6.2467137e-04
   2.4927321e-02  -3.9544550e-02  -6.7049120e-02  -1.8954259e-03  -1.9899246e-03   5.8572585e-04
   2.1222571e-02  -7.8867082e-02  -5.7806639e-02  -2.8503938e-03  -2.0700919e-03   7.8120887e-04
   1.7830556e-02  -1.0909475e-01  -5.4386040e-02  -3.6389319e-03  -2.2306426e-03   9.4993141e-04
   1.8618697e-02  -6.9514819e-02  -6.6114857e-02  -2.4245582e-03  -2.2760439e-03   7.2077677e-04
  -6.5250217e-03  -1.9983637e-04   1.0754329e-01  -2.0438402e-03  -3.0711072e-03   1.1466808e-03
   6.3984436e-03  -1.3736213e-01  -9.5288519e-02  -2.6583393e-03  -2.5723950e-03   9.0493818e-04
   2.9571358e-02  -4.4979924e-02  -6.5392278e-02  -1.9853003e-03  -2.4530893e-03   8.8641011e-04
   4.2372556e-02  -7.1072380e-02  -4.6326857e-02  -2.6428085e-03  -2.1636247e-03   8.5320695e-04
   3.6889790e-02  -1.0234599e-01  -3.5261644e-02  -3.2314398e-03  -2.2999767e-03   1.1678893e-03
   2.9080254e-02  -1.1099891e-01  -2.2944019e-02  -3.4988539e-03  -2.7989312e-03   1.3760665e-03
   3.4643830e-02  -2.4105959e-02  -1.0398491e-01  -1.4085409e-03  -2.0449194e-03   9.6176341e-04
   4.4430618e-02  -4.4590137e-02  -5.0154870e-02  -2.1264105e-03  -2.0056444e-03   1.0588177e-03
   3.9673545e-02  -3.0461253e-02  -2.2825396e-02  -1.9948418e-03  -2.4609295e-03   1.4353279e-03
   2.1315511e-02  -1.0632974e-01  -4.3299895e-02  -3.2326558e-03  -3.0048504e-03   1.3623885e-03
   5.4432872e-03  -7.3247837e-02  -3.5811044e-02  -2.3392615e-03  -3.4905149e-03   1.0943185e-03
   2.3451046e-02  -1.0626349e-01  -2.7778040e-02  -2.8115474e-03  -3.3175031e-03   1.2087001e-03
   3.5364894e-02  -5.5212831e-02  -3.1616960e-02  -2.1451499e-03  -3.4737091e-03   1.2172802e-03
   4.2198329e-02  -6.9287838e-02  -3.2202728e-02  -2.6810293e-03  -3.3606731e-03   1.3614074e-03
   3.9222825e-02  -5.5967187e-02   1.1531272e-02  -2.9491903e-03  -3.7392669e-03   1.6523299e-03
   3.8342401e-02  -6.2016540e-02  -9.4161509e-02  -1.8904266e-03  -2.8361095e-03   1.1708241e-03
   6.0455947e-02  -6.2872510e-02  -5.0018414e-02  -2.5946112e-03  -2.6882211e-03   1.3815628e-03
   7.1043515e-02  -9.9742677e-02  -5.7356620e-04  -3.6746209e-03  -2.9162719e-03   1.7542613e-03
   7.1691043e-02  -9.1257583e-02  -2.9671078e-02  -3.1567816e-03  -2.9056524e-03   1.8013410e-03
   6.8924378e-02  -8.7533847e-03   4.0361693e-02  -1.7073652e-03  -3.2574458e-03   2.4113292e-03
   9.8277049e-02  -1.0070509e-01  -1.3798621e-02  -2.6856153e-03  -2.4878527e-03   2.2983456e-03
   1.0000864e-01  -8.9495474e-02  -4.7299184e-02  -3.1229428e-03  -2.4590724e-03   2.2922880e-03
   1.1911066e-01  -2.9849658e-02  -4.4278285e-02  -1.7800475e-03  -2.3058111e-03   2.3765651e-03
   1.1161517e-01   1.4964383e-02  -2.5378456e-02  -1.0356017e-03  -2.3198164e-03   2.4583015e-03
   1.0747903e-01  -6.4932402e-02  -8.7948402e-02  -1.7447683e-03  -2.1318719e-03   2.6942459e-03
   1.2059844e-01  -3.0466884e-02  -6.1911880e-02  -1.7106658e-03  -2.2711394e-03   2.6207586e-03
   1.2819312e-01   8.1148422e-03  -7.5694303e-02  -9.3010200e-04  -1.7824374e-03   2.7208207e-03
  -6.1992241e-02   1.1721844e-01  -1.5424858e-01   1.5305296e-03  -6.7253792e-03   8.8516898e-04
  -4.1627966e-01   7.8072001e-02  -4.2638663e-01   4.7258894e-03  -1.1564990e-02  -7.1185761e-04
  -3.5838811e-01   1.9179328e-01  -2.7487096e-01   5.1891544e-03  -1.0574226e-02  -1.9693397e-04
  -2.8135346e-01   3.1833583e-01  -1.1759025e-01   7.1234779e-03  -1.0307596e-02   1.2280550e-03
  -1.8120234e-01   1.2054403e-01  -2.1252437e-01   3.7546996e-03  -8.2871075e-03   1.9722067e-03
  -1.2557140e-01   1.2985782e-01  -1.9557484e-01   3.6382624e-03  -7.4407159e-03   2.3818953e-03
  -8.2710059e-02   1.4740402e-01  -1.6228332e-01   4.0245325e-03  -6.8322051e-03   2.7784440e-03
  -5.7011538e-02   1.4467823e-01  -2.0095879e-01   4.3871283e-03  -6.4531741e-03   2.7255688e-03
  -3.1352467e-02   1.4730897e-01  -1.7642096e-01   3.9937081e-03  -6.4002705e-03   3.3357088e-03
   7.0951180e-03   1.7769907e-01  -2.2131143e-01   4.2461981e-03  -5.7184647e-03   3.9287206e-03
   7.6338197e-02   1.6185983e-01  -2.0406552e-01   4.0395675e-03  -4.2953052e-03   4.5072937e-03
   1.1935599e-01   2.0040894e-01  -1.8097179e-01   4.5525066e-03  -3.2358155e-03   4.3490145e-03
   9.0136628e-02   2.5485847e-01  -1.6861487e-01   4.0547067e-03  -2.9701960e-03   4.6806918e-03
   1.2370776e-01   9.9151344e-02  -1.8239896e-01   2.0946969e-03  -2.9206692e-03   4.8181818e-03
   1.0840995e-01   9.9674961e-02  -1.9978391e-01   2.6460357e-03  -4.2842407e-03   5.0426779e-03
   1.0886591e-01   2.2399796e-01  -1.8163918e-01   5.0511733e-03  -4.2624813e-03   5.0107559e-03
   1.6625684e-01   8.4149918e-02  -3.5320763e-01   3.7071198e-03  -2.7456658e-03   5.3932150e-03
   1.7723717e-01   1.2877142e-01  -3.7435539e-01   3.9117782e-03  -2.3502540e-03   5.3335652e-03
   1.6328822e-01   1.7210330e-01  -3.3096628e-01   4.4194296e-03  -2.6471504e-03   5.8179375e-03
   1.9129387e-01   2.1382458e-01  -3.7758998e-01   5.2729868e-03  -1.7918575e-03   5.8958301e-03
   1.0706662e-01   1.2311540e-01  -4.9627943e-01   1.9056867e-03  -9.5785275e-04   2.5971195e-03
   1.4742391e-02   6.6820175e-02  -3.1169668e-01   1.4390959e-03  -1.9233526e-03   3.4313593e-03
   1.0401443e-01   1.8330266e-01  -1.1282952e-01   4.2199309e-03  -1.1367233e-03   5.1760839e-03
   1.7138958e-01   1.7122410e-01  -1.5128366e-01   3.9362973e-03   1.4396612e-04   5.9791427e-03
   1.6974076e-01   1.8027463e-01  -1.4097378e-01   4.6436232e-03   2.9729309e-04   5.9264674e-03
   1.4565636e-01   1.9690426e-01  -8.1630932e-02   4.5409561e-03  -1.4111275e-03   6.5534608e-03
   8.8536934e-02   4.5766342e-02  -8.3763159e-02   2.1839102e-03  -2.3365824e-03   5.8570663e-03
   3.7976274e-02   9.4881765e-02  -1.3745522e-01   3.5002089e-03  -3.6588340e-03   5.2612051e-03
   8.8071189e-02   1.4405398e-01  -1.5929458e-01   4.4531684e-03  -3.4437274e-03   5.8341982e-03
   9.3993963e-02   1.7457475e-01  -1.4080747e-01   3.9298846e-03  -3.6661045e-03   6.0431670e-03
   9.9233191e-02   1.6872042e-01  -1.8854647e-01   3.8378290e-03  -3.6410267e-03   6.3024527e-03
   1.2295411e-01   2.4694026e-01  -2.0902718e-01   4.9110607e-03  -3.1766698e-03   6.8694394e-03
   1.3904068e-01   1.8232457e-01  -2.2933988e-01   4.1668940e-03  -2.9520285e-03   6.5356222e-03
   1.4063343e-01   1.9362911e-01  -2.2059202e-01   4.5926727e-03  -3.0243465e-03   6.4135743e-03
   1.4776392e-01   2.1193445e-01  -1.9706540e-01   4.6890062e-03  -3.2019587e-03   6.5395434e-03
   1.5788058e-01   2.0419034e-01  -2.3000862e-01   4.7833725e-03  -3.0587337e-03   6.7263349e-03
   1.3779552e-01   2.0709547e-01  -2.7228386e-01   4.8571394e-03  -2.5208858e-03   6.7395581e-03
   1.4419542e-01   1.8982658e-01  -2.2426161e-01   4.3283699e-03  -2.9880492e-03   6.9070044e-03
   1.5622406e-01   2.7208429e-01  -1.7581116e-01   5.9666205e-03  -2.6360484e-03   7.1584126e-03
   1.9402922e-01   2.1999132e-01  -2.6574784e-01   5.5955067e-03  -1.3688846e-03   7.1979044e-03
   1.8499433e-01   2.5547665e-01  -2.3677454e-01   5.8173000e-03  -1.5729212e-03   7.4488866e-03
   2.0069886e-01   1.9167704e-01  -1.3657622e-01   3.7828641e-03  -9.5748131e-04   7.2305121e-03
   1.9178910e-01   1.5165452e-01  -6.5676068e-02   3.9405781e-03  -7.9066824e-04   6.6131756e-03
   2.0018087e-01   9.5164342e-02  -3.6358513e-02   2.0482274e-03  -1.0132582e-03   6.6316778e-03
   1.7227054e-01   1.4350494e-01  -4.9232667e-02   3.6573585e-03  -1.5088482e-03   6.8082526e-03
   1.2662252e-01   2.6804976e-01   4.7313910e-02   5.9650934e-03  -2.6116363e-03   7.6546945e-03
   1.1747421e-01   1.5091771e-01  -2.1896253e-01   4.9608922e-03  -2.1468116e-03   6.5709074e-03
   9.5876555e-02   1.9593278e-01  -2.4292671e-01   4.9580145e-03  -2.9254452e-03   6.3377866e-03
   1.0401613e-01   1.7789251e-01  -1.4014133e-01   3.7930243e-03  -2.9179126e-03   6.2255585e-03
   8.1275093e-02   2.0465246e-01  -5.0280394e-02   3.9518122e-03  -3.6328046e-03   6.5081546e-03
   9.4499709e-02   1.0715577e-01  -1.5159590e-01   2.7205396e-03  -3.0336214e-03   5.4680996e-03
   1.3519032e-01   1.2098319e-01  -1.0311044e-01   2.0488794e-03  -2.4994186e-03   5.2775386e-03
   1.4391672e-01   1.5755505e-01  -1.0961908e-01   2.6218645e-03  -2.7013645e-03   5.6079368e-03
   1.6017647e-01   9.9159975e-02  -1.5623754e-01   1.4108011e-03  -2.4238586e-03   5.4253349e-03
   1.5165003e-01   1.0281431e-01  -8.1705261e-02   1.0019116e-03  -2.7176643e-03   5.8241754e-03
   1.6498025e-01   4.4250953e-02  -1.3272367e-01   7.1150845e-04  -2.5081426e-03   5.8318814e-03
   1.7288161e-01   5.3159085e-02  -1.7561635e-01   1.3512313e-03  -2.1633983e-03   5.6035069e-03
   1.7348926e-01   8.1296225e-02  -1.8019517e-01   1.3864005e-03  -2.1508667e-03   5.7225614e-03
   1.6279670e-01   1.0763688e-01  -1.1134273e-01   1.7251249e-03  -2.4811923e-03   6.2340216e-03
   1.7887669e-01   8.1938369e-02  -1.9528075e-01   1.6204898e-03  -2.1786556e-03   6.1852608e-03
   1.8554231e-01   9.5438064e-02  -1.9829229e-01   1.5635096e-03  -2.1792979e-03   6.3266394e-03
   1.5900213e-01   8.4051695e-02  -2.4973858e-01   1.8077583e-03  -2.6244657e-03   6.5047124e-03
   1.5522145e-01   1.3962096e-01  -2.8015506e-01   3.4818901e-03  -2.3695416e-03   6.0186698e-03
   1.7400588e-01   1.1034433e-01  -2.5772547e-01   2.6106922e-03  -2.0183838e-03   6.4318514e-03
   1.7782900e-01   7.9563210e-02  -3.3431724e-01   2.4354326e-03  -1.2350765e-03   6.1208722e-03
   1.7994734e-01   8.4591185e-02  -2.8797742e-01   2.1604469e-03  -1.4332096e-03   6.2085611e-03
   1.8388744e-01   1.1872108e-01  -2.5375201e-01   2.8152074e-03  -1.7199955e-03   6.2794380e-03
   1.8849379e-01   1.7532520e-01  -2.4565788e-01   3.5725974e-03  -1.9611445e-03   6.5441130e-03
   1.8474637e-01   1.2609901e-01  -2.9483260e-01   2.4873126e-03  -2.1555020e-03   6.6226572e-03
   1.8820938e-01   1.8506200e-01  -2.7402604e-01   3.3676705e-03  -2.2476985e-03   6.6210378e-03
   1.9465406e-01   1.1769854e-01  -2.5372840e-01   2.1768511e-03  -2.2191410e-03   6.9656877e-03
   2.0058755e-01   9.2824854e-02  -3.1701973e-01   2.6453835e-03  -1.7683552e-03   6.7297411e-03
   1.9951092e-01   9.0147909e-02  -3.1433197e-01   2.1034611e-03  -1.9724545e-03   6.9598783e-03
   2.0668573e-01   1.4050490e-01  -3.4076615e-01   3.4956823e-03  -1.7844792e-03   6.5853176e-03
   2.1580631e-01   1.7335884e-01  -3.3322504e-01   3.8345136e-03  -1.7459324e-03   6.5277973e-03
   1.9988836e-01   1.4333938e-01  -3.4319740e-01   3.5838012e-03  -1.9158775e-03   6.6247169e-03
   1.9865896e-01   1.2391542e-01  -3.0600628e-01   3.0854982e-03  -2.2600614e-03   7.0493967e-03
   1.7553170e-01   1.1875334e-01  -3.4728600e-01   3.2020948e-03  -2.0603989e-03   6.8157405e-03
   1.8936056e-01   1.9382341e-01  -3.5442456e-01   4.5713132e-03  -2.7840950e-03   6.9866111e-03
   1.9027579e-01   1.3854972e-01  -3.8409748e-01   3.4382555e-03  -2.7997206e-03   7.6214491e-03
   2.1135966e-01   2.1127103e-01  -4.4850679e-01   5.3261980e-03  -2.0382090e-03   7.2662308e-03
   2.0627188e-01   2.4317462e-01  -3.9162201e-01   5.5292071e-03  -2.2695899e-03   7.3792379e-03
   2.2545460e-01   2.0455421e-01  -3.7470891e-01   5.1179681e-03  -2.0951251e-03   7.2586776e-03
   2.3216297e-01   1.8859693e-01  -3.6549693e-01   4.5600322e-03  -2.3529627e-03   7.8227745e-03
   2.3090472e-01   1.9157213e-01  -3.8086201e-01   4.7253538e-03  -2.2631559e-03   7.8908551e-03
   2.3934320e-01   2.0884766e-01  -3.9699991e-01   4.9123151e-03  -2.0541697e-03   8.0041304e-03
   2.5459462e-01   2.6130562e-01  -3.9925325e-01   6.1709017e-03  -1.4410020e-03   7.8388273e-03
   2.3007995e-01   2.4578483e-01  -3.3750137e-01   5.3533484e-03  -1.7911099e-03   8.1389627e-03
   2.4019535e-01   2.3323858e-01  -3.2350831e-01   5.0016113e-03  -2.0663301e-03   8.6688747e-03
   2.4509347e-01   2.2391059e-01  -3.6742388e-01   5.8012984e-03  -1.5495661e-03   8.3968866e-03
   2.4487994e-01   2.8135936e-01  -3.7190629e-01   6.8048345e-03  -2.0511921e-03   8.5850552e-03
   8.5873368e-02   3.4671443e-01  -7.1678652e-01   1.2212782e-02  -6.8563517e-03   9.3328687e-03
  -2.9028497e-02   4.8786140e-01  -1.0795144e+00   1.4211069e-02  -8.3298013e-03   9.1968694e-03
  -7.9696267e-03   3.8977446e-01  -1.0319781e+00   1.3605025e-02  -7.1687354e-03   8.9216023e-03
   5.6635206e-02   4.7613260e-01  -9.0275005e-01   1.3714210e-02  -6.2237405e-03   9.2441976e-03
   1.0262590e-01   4.8244698e-01  -8.8028623e-01   1.3927240e-02  -5.7727034e-03   9.5761911e-03
   1.1322925e-01   4.6761835e-01  -8.9178927e-01   1.3994198e-02  -5.1668254e-03   9.5952954e-03
   1.3048306e-01   4.2238269e-01  -8.4093204e-01   1.2490267e-02  -4.6610401e-03   9.8353362e-03
   1.5588686e-01   4.2364247e-01  -8.5205286e-01   1.2823381e-02  -4.2715668e-03   9.9116501e-03
   1.9234735e-01   4.9729304e-01  -8.1829160e-01   1.4016326e-02  -3.6687611e-03   1.0738206e-02
   2.0006412e-01   4.8645767e-01  -8.3409100e-01   1.3253920e-02  -3.3945789e-03   1.1157907e-02
   1.9917790e-01   4.1212058e-01  -8.0696262e-01   1.2021717e-02  -4.1706912e-03   1.1758737e-02
   2.0800152e-01   4.4628523e-01  -8.1916570e-01   1.3078203e-02  -3.8914399e-03   1.1574849e-02
   2.3264493e-01   4.9463216e-01  -7.9470080e-01   1.3620390e-02  -3.6925037e-03   1.1800165e-02
   2.4128209e-01   4.9210089e-01  -8.1812386e-01   1.3261844e-02  -3.4616000e-03   1.2507506e-02
   2.3213261e-01   4.3619298e-01  -7.8809596e-01   1.2218810e-02  -3.6359996e-03   1.2808956e-02
   2.4295020e-01   4.6239190e-01  -7.9848143e-01   1.2861385e-02  -3.5463905e-03   1.2691684e-02
   2.1216241e-01   4.5531130e-01  -6.2707543e-01   1.2016547e-02  -4.7006574e-03   1.1978775e-02
   2.0462451e-01   4.5252407e-01  -8.0923939e-01   1.3220994e-02  -3.4456402e-03   1.2674295e-02
   2.6455150e-01   5.6079513e-01  -7.9124037e-01   1.4813645e-02  -1.8695813e-03   1.2464256e-02
   2.8706170e-01   5.5103281e-01  -7.4177165e-01   1.4363473e-02  -2.4170950e-03   1.2812611e-02
   2.7950062e-01   7.5493220e-01  -6.5310690e-01   1.9526455e-02  -3.0140079e-03   1.4274629e-02
   3.0381999e-01   6.0232668e-01  -7.2250575e-01   1.6276721e-02  -1.8796270e-03   1.3826523e-02
   2.9855023e-01   5.8878406e-01  -6.9419084e-01   1.5163260e-02  -2.8607145e-03   1.3791588e-02
   2.7559997e-01   5.6118596e-01  -6.2209918e-01   1.4943998e-02  -3.4095382e-03   1.3665502e-02
  -6.0249656e-02  -1.5883497e-01  -5.1069745e-01  -4.6473904e-03  -6.6891766e-03   3.8680054e-03
  -1.2092239e-01  -6.5673737e-02  -2.3575645e-01  -4.5864239e-03  -7.9681456e-03   2.5690968e-03
   1.3195239e-02   2.6134475e-02  -3.3062121e-01  -1.2841959e-03  -4.3979519e-03   3.9838496e-03
   3.8157346e-02   1.8579791e-01  -3.9274862e-01   3.6524713e-03  -5.7967233e-03   6.1299459e-03
   1.1335079e-01   1.1547777e-01  -5.5867804e-01   3.4712851e-03  -3.6685273e-03   6.9260069e-03
   9.2442520e-02   6.7220595e-01  -8.2859958e-01   2.1549224e-02  -3.0764150e-03   7.5292743e-03
   6.1283028e-02   6.9139112e-01  -1.1641769e+00   1.9506911e-02  -2.5088852e-03   8.0111893e-03
   8.9668808e-02   6.5270292e-01  -7.5925516e-01   1.6875302e-02  -2.6544529e-03   8.7846955e-03
   1.1363528e-01   6.4839335e-01  -8.3365889e-01   1.6598091e-02  -2.1606832e-03   9.6833567e-03
   1.1089529e-01   6.6549716e-01  -8.0745846e-01   1.6412224e-02  -2.5057235e-03   1.0479109e-02
   9.0215099e-02   6.1842025e-01  -7.8687171e-01   1.6285305e-02  -3.3192516e-03   1.1022811e-02
   7.5433927e-02   6.1224100e-01  -7.7919417e-01   1.6263664e-02  -4.4953624e-03   1.1762563e-02
   1.2019798e-01   7.3798946e-01  -9.3754461e-01   1.9401725e-02  -3.4220549e-03   1.2354195e-02
   1.1621170e-01   6.5389574e-01  -8.3257758e-01   1.7467229e-02  -3.1960401e-03   1.2521383e-02
   1.3588855e-01   6.5195637e-01  -8.1420156e-01   1.6925096e-02  -3.8277708e-03   1.3028955e-02
   1.7410914e-01   7.0729554e-01  -8.4944919e-01   1.8474184e-02  -2.6721135e-03   1.3299096e-02
   2.1815227e-01   7.2741627e-01  -7.8336620e-01   1.8065134e-02  -1.7402822e-03   1.3509303e-02
   2.1230004e-01   6.5359089e-01  -7.6059981e-01   1.6695449e-02  -2.1099290e-03   1.3514516e-02
   1.1538071e-01   5.0699294e-01  -5.8717275e-01   1.2285016e-02  -5.7684239e-03   1.2607231e-02
  -4.0692747e-01  -1.9072173e-01  -3.6548129e-01  -6.3484148e-03  -1.1702390e-02   2.5314112e-03
  -1.8276339e-01  -1.1592568e-01  -2.4746409e-01  -5.3781047e-03  -6.5657690e-03   2.4321052e-03
  -1.4454968e-01  -1.9190953e-01  -3.7411424e-02  -8.5615077e-03  -6.3605163e-03   2.8845841e-03
  -4.5526147e-02  -1.2133251e-01  -6.8802202e-02  -6.4449230e-03  -5.2853075e-03   3.6136505e-03
   4.8860758e-03  -7.5150827e-03  -1.5431683e-01  -3.0383871e-03  -5.3908689e-03   4.9523227e-03
   6.4311362e-02   2.0079992e-01   5.5937504e-02   5.2445386e-04  -4.2702568e-03   5.8801068e-03
   1.0802864e-01   3.9911006e-02  -1.8728288e-01   2.0588258e-03  -2.8092950e-03   6.5010130e-03
   2.1647702e-01   8.1123299e-02  -4.6310856e-01   1.5115105e-03  -2.4991866e-04   6.4906825e-03
   2.6296301e-01   1.6104215e-01  -5.5231974e-01   2.2468103e-03   7.4836767e-04   7.4379687e-03
   2.6274327e-01   1.8926537e-01  -4.8123516e-01   2.7466594e-03   3.7118665e-04   7.9157592e-03
   2.8307335e-01   2.6076428e-01  -4.4795305e-01   3.6653099e-03   7.0962011e-04   8.4463008e-03
   2.9144635e-01   1.9023489e-01  -4.2444148e-01   2.5447217e-03   3.0684385e-04   8.8997723e-03
   3.0730608e-01   1.9746560e-01  -4.6339831e-01   3.2054922e-03   5.3731192e-04   9.0769699e-03
   2.8799425e-01   2.4794143e-01  -4.4532763e-01   4.1403955e-03   3.8217293e-04   9.4594670e-03
   2.8007741e-01   3.0064226e-01  -4.0893258e-01   5.3717153e-03   1.5320200e-04   9.9043970e-03
   2.7311780e-01   2.9262081e-01  -3.4901335e-01   5.4306870e-03  -3.0248200e-04   1.0764047e-02
   2.5725391e-01   2.6637738e-01  -2.7838229e-01   5.3842972e-03  -7.3716424e-04   1.1697781e-02
   2.6372370e-01   2.7931197e-01  -3.3447641e-01   4.5288013e-03  -5.8479500e-04   1.0566261e-02
   5.0497902e-02   7.1061808e-02  -1.6725650e+00   1.0807740e-02  -5.2033642e-03   8.4853701e-03
   1.6560436e-02   5.0045541e-01  -1.3552875e+00   1.3126043e-02  -5.6188745e-03   1.0222140e-02
   4.4298288e-02   5.7204482e-01  -1.0169141e+00   1.5026504e-02  -5.4620467e-03   1.1661375e-02
   8.2600553e-02   6.1115987e-01  -8.5908162e-01   1.5488311e-02  -4.6910637e-03   1.1911820e-02
   1.0959070e-01   5.4844216e-01  -8.7849527e-01   1.4829263e-02  -5.0221871e-03   1.1666222e-02
   1.3862949e-01   5.2394877e-01  -7.8665873e-01   1.4156298e-02  -4.6159094e-03   1.1388349e-02
   1.3901756e-01   4.4844496e-01  -7.7760893e-01   1.2012697e-02  -4.6194315e-03   1.0947321e-02
   1.6495315e-01   3.5710227e-01  -7.0393348e-01   9.5670734e-03  -4.1869573e-03   1.0823327e-02
   1.8272002e-01   4.7490737e-01  -6.0322205e-01   1.1743901e-02  -2.8928914e-03   1.0268427e-02
   1.9404752e-01   4.1695053e-01  -5.2616978e-01   1.0786725e-02  -2.8943862e-03   1.0802846e-02
   1.9550527e-01   3.5302220e-01  -5.2839228e-01   9.2451307e-03  -3.7281571e-03   1.0907150e-02
   2.1225312e-01   3.9804563e-01  -6.1364514e-01   1.0427500e-02  -2.8129592e-03   1.0681901e-02
   1.8005361e-01   4.4276091e-01  -6.3952728e-01   1.1392748e-02  -2.7183398e-03   1.1275667e-02
   1.9352289e-01   4.8459466e-01  -6.3407990e-01   1.1605112e-02  -2.5316788e-03   1.1299725e-02
   1.1633241e-01   4.2641070e-01  -5.5905379e-01   1.0906759e-02  -3.5244284e-03   1.2107869e-02
   1.1042545e-01   4.1782854e-01  -4.1571535e-01   1.0642937e-02  -3.8596499e-03   1.2672939e-02
   1.4213047e-01   3.5233939e-01  -2.9281391e-01   8.5288326e-03  -3.0244962e-03   1.1685857e-02
   1.8961150e-01   2.8941655e-01  -2.5187358e-01   7.0147761e-03  -1.3576982e-03   1.1649052e-02
   2.2721387e-01   3.0286499e-01  -2.6003237e-01   6.5823823e-03  -8.7384283e-04   1.2108809e-02
   2.4779508e-01   2.3099227e-01  -1.7829906e-01   4.4173949e-03  -3.3273087e-04   1.1956948e-02
   2.5935524e-01   2.8466580e-01  -1.5627491e-01   6.0872005e-03   2.7357753e-06   1.2056427e-02
   2.9374160e-01   3.1567873e-01  -1.8624828e-01   5.9011556e-03   8.6242694e-04   1.1108823e-02
   2.5879182e-01   2.5323321e-01  -2.8793904e-01   4.1044757e-03   1.4337328e-03   9.6313775e-03
   1.7668541e-01   2.4434847e-01  -3.2194474e-01   4.0428097e-03   5.2252623e-04   8.1866806e-03
   2.2142645e-01   2.5744355e-01  -2.1196463e-01   3.7968340e-03   1.1253547e-03   8.9919339e-03
   9.8660178e-02   1.7709232e-01  -2.7513839e-01   2.4270863e-03   4.5214851e-04   6.1496462e-03
   8.7177384e-02   1.9628821e-01  -2.2227164e-01   3.0361712e-03   1.5382245e-03   4.9499517e-03
   1.2129832e-01   1.4833874e-01  -2.0616308e-01   1.5494242e-03   2.1037074e-03   4.7528836e-03
   8.6651059e-02   1.7217277e-01  -2.7807226e-01   2.4673883e-03   1.2776389e-03   4.2847078e-03
   7.9562994e-02   2.1061441e-01  -2.2910773e-01   2.7581621e-03   1.0552017e-03   4.4888187e-03
   8.6219095e-02   1.3529961e-01  -2.4501542e-01   1.4708083e-03   1.5567099e-03   4.0561009e-03
   1.3211972e-01   1.6916165e-01  -2.3302142e-01   2.2198957e-03  -1.2072954e-04   5.1683999e-03
   1.2869241e-01   1.5929728e-01  -2.0225337e-01   1.4042440e-03  -1.1532294e-03   5.4669523e-03
   9.6443836e-02   1.0946661e-01  -2.6003105e-01   6.8771595e-04  -6.2063997e-05   4.2632036e-03
   6.9922446e-02   1.6696976e-01  -2.6636894e-01   1.9996252e-03  -4.5460686e-04   4.3451234e-03
   8.0036113e-02   1.2186686e-01  -2.5883257e-01   9.5410041e-04  -3.8969295e-04   4.3489539e-03
   9.2417513e-02   1.3330902e-01  -2.6481709e-01   1.4532759e-03  -4.7720980e-04   4.5746637e-03
   7.4959096e-02   1.7102675e-01  -2.2968266e-01   1.5046199e-03  -9.5566635e-04   4.3050969e-03
   6.5525830e-02   1.0180817e-01  -2.6211986e-01   4.6609781e-04  -7.8079604e-04   4.0287717e-03
   6.5808607e-02   1.6952803e-01  -2.7218466e-01   1.6023235e-03  -7.7881563e-04   4.0094868e-03
   5.6080702e-02   1.4927646e-01  -2.5011564e-01   8.9059947e-04  -1.0256312e-03   3.9128672e-03
   5.5396435e-02   1.3935085e-01  -2.9446140e-01   1.7312170e-03  -7.8867041e-04   3.8746005e-03
   4.9647811e-02   1.7461984e-01  -2.3708198e-01   1.5846147e-03  -1.1401019e-03   3.8259165e-03
   6.0086172e-02   1.1120294e-01  -2.7535036e-01   1.0223098e-03  -8.5171519e-04   3.8531447e-03
   6.3395487e-02   1.5946420e-01  -2.7465661e-01   1.6771946e-03  -1.0867886e-03   4.0636648e-03
   6.1420919e-02   1.1396871e-01  -2.4556437e-01   2.3734152e-04  -8.2789269e-04   3.7535640e-03
   5.4350982e-02   1.2743009e-01  -2.8811717e-01   1.2983350e-03  -9.0973014e-04   3.8707741e-03
   4.5604739e-02   1.5766372e-01  -2.5377796e-01   8.9985342e-04  -1.3204897e-03   4.0458070e-03
   5.2021687e-02   9.0135981e-02  -2.7583626e-01   5.1304132e-05  -9.1521508e-04   3.9346056e-03
   4.9830049e-02   1.5676186e-01  -2.7851575e-01   1.3426906e-03  -1.1288451e-03   4.0301607e-03
   4.9748384e-02   1.3961484e-01  -2.3627006e-01   6.3139264e-04  -1.0511100e-03   3.8084991e-03
   4.9424997e-02   1.1923462e-01  -2.6638190e-01   1.3098705e-03  -1.1493540e-03   3.6129173e-03
   1.6627920e-02   1.5823296e-01  -2.0623064e-01   1.6276888e-03  -1.3643468e-03   3.3446394e-03
   2.8760133e-02   9.6829044e-02  -2.4468197e-01   7.6596691e-04  -9.8579774e-04   3.2119497e-03
   3.8988775e-02   1.1795246e-01  -2.4290963e-01   1.3035172e-03  -1.4017488e-03   3.8235200e-03
   8.4040035e-02   1.2932726e-01  -2.6675213e-01   4.8425540e-04  -9.2263860e-04   3.2239439e-03
   1.3727587e-01  -2.0579149e-02  -2.2074127e-01  -3.3720564e-03   8.8111009e-04   4.2577721e-03
   4.3639774e-01  -1.9593892e-01  -1.6023980e-01  -8.5251849e-03   6.8783380e-03   5.2226344e-03
   3.3096897e-01  -1.0680624e-01  -2.7440828e-01  -5.8118500e-03   5.5822092e-03   3.5683323e-03
   4.3498911e-01  -9.5349814e-02  -1.5500891e-01  -5.9814416e-03   7.2161524e-03   4.1261750e-03
   4.5515023e-01  -9.4068491e-02  -1.2099532e-01  -6.0720853e-03   7.5698459e-03   4.3017519e-03
   4.8064895e-01  -8.5892202e-02  -4.4970868e-02  -5.6654480e-03   7.9240861e-03   4.8846852e-03
   5.1558712e-01  -1.4115391e-01  -3.8928750e-02  -6.8277542e-03   8.7978104e-03   5.3016481e-03
   5.1080511e-01  -1.3360934e-01  -3.1826414e-02  -6.9238746e-03   8.6836175e-03   5.2521307e-03
   5.5423940e-01  -1.1612632e-01  -3.0958017e-02  -6.6926838e-03   9.5268335e-03   5.2964051e-03
   5.9195503e-01  -1.6482805e-01   8.0829292e-03  -7.7287636e-03   1.0146648e-02   5.5371218e-03
   6.0006228e-01  -1.9116594e-01   7.1310701e-03  -8.1763690e-03   1.0572188e-02   5.3308988e-03
   6.1396385e-01  -1.5398928e-01   2.5727919e-02  -7.7563850e-03   1.0852972e-02   5.2632430e-03
   6.1027512e-01  -1.3672522e-01   4.7025324e-02  -7.4550877e-03   1.0798042e-02   5.1852992e-03
   6.3365839e-01  -1.6804257e-01   4.0900554e-02  -7.8677775e-03   1.1249633e-02   5.5774188e-03
   6.4941817e-01  -1.1242557e-01   5.9295401e-02  -6.9927235e-03   1.1525809e-02   5.5833459e-03
   6.5073669e-01  -1.5153579e-01   7.0897141e-02  -7.8787145e-03   1.1225336e-02   5.8140270e-03
   6.5746859e-01  -1.5186938e-01   5.7769126e-02  -7.9607793e-03   1.1341186e-02   5.9283308e-03
   6.7721865e-01  -1.5029852e-01   6.9348295e-02  -7.9148896e-03   1.1499314e-02   6.1289653e-03
   6.7723927e-01  -1.6595632e-01   7.8210822e-02  -8.2808055e-03   1.1464820e-02   6.3308145e-03
   6.8466664e-01  -1.7665961e-01   8.3632889e-02  -8.4346790e-03   1.1462215e-02   6.4897085e-03
   6.6545961e-01  -2.0021207e-01   4.7218849e-02  -8.6563925e-03   1.1248251e-02   6.3150292e-03
   6.8295539e-01  -1.8628824e-01   3.3027858e-02  -8.4785362e-03   1.1451786e-02   6.5546682e-03
   6.9762779e-01  -1.5546393e-01   2.3977993e-02  -8.0189543e-03   1.1545543e-02   6.9592293e-03
   6.8285103e-01  -1.2653437e-01   4.2721963e-02  -7.5921204e-03   1.1275046e-02   6.8925777e-03
   6.8202609e-01  -1.7428312e-01   3.0144686e-02  -8.2943459e-03   1.1511069e-02   7.0069529e-03
   6.8255993e-01  -1.8244167e-01  -1.8420002e-03  -8.4180328e-03   1.1494276e-02   6.8077783e-03
   6.7752317e-01  -1.7528175e-01  -3.8721211e-02  -8.0803374e-03   1.1270453e-02   6.7525528e-03
   6.9776703e-01  -1.3578926e-01  -4.6674268e-02  -7.3591211e-03   1.1420092e-02   6.9849879e-03
   7.1505543e-01  -1.2048572e-01  -1.0191435e-02  -7.4460337e-03   1.1551083e-02   7.2801566e-03
   7.1246507e-01  -1.3355374e-01  -2.5061376e-02  -7.7185233e-03   1.1622424e-02   7.4030230e-03
   7.1111005e-01  -1.3087470e-01  -2.5417032e-02  -7.6344311e-03   1.1624877e-02   7.3950380e-03
   6.6581573e-01  -1.5191662e-01  -4.8784211e-02  -7.7432215e-03   1.1361195e-02   6.7800356e-03
   6.8023438e-01  -1.7327542e-01  -7.7122050e-02  -7.9353623e-03   1.1796779e-02   6.8795231e-03
   6.8339522e-01  -1.2960233e-01  -9.6499935e-02  -7.2291026e-03   1.1767712e-02   6.8872564e-03
   6.3017464e-01  -6.7367492e-02  -1.7839893e-01  -5.6795347e-03   1.0278480e-02   6.9051621e-03
   6.6854383e-01  -9.3380735e-02  -9.9870999e-02  -6.3653057e-03   1.1132820e-02   7.0932157e-03
   6.6275594e-01  -6.4084518e-02  -1.0985246e-01  -6.0496287e-03   1.1055631e-02   7.1880737e-03
   6.7093730e-01  -9.8169131e-02  -1.1860501e-01  -6.7657945e-03   1.0973987e-02   7.4154261e-03
   6.6173467e-01  -1.0329583e-01  -1.2351486e-01  -6.8086810e-03   1.0692245e-02   7.3613895e-03
   6.8594643e-01  -7.8147247e-02  -1.4228554e-01  -5.8610591e-03   1.1148958e-02   7.1530493e-03
   6.9627188e-01  -6.6541021e-02  -1.1172861e-01  -6.0569663e-03   1.1193319e-02   7.2323012e-03
   6.9140243e-01  -1.0115228e-01  -1.5164181e-01  -6.8800810e-03   1.1310190e-02   7.2112211e-03
   6.6372032e-01  -6.1961491e-02  -2.1518028e-01  -5.8568686e-03   1.0961737e-02   6.9122557e-03
   6.6293158e-01  -3.6772172e-02  -1.6603459e-01  -5.5463609e-03   1.0369921e-02   6.8622552e-03
   6.5264281e-01  -1.3449501e-01  -2.0625937e-01  -6.4260587e-03   1.0591306e-02   6.5294001e-03
   6.3024579e-01  -1.0655410e-01  -2.2043448e-01  -6.2077786e-03   1.0625060e-02   6.0324283e-03
   6.2266508e-01  -9.0039319e-02  -2.3500678e-01  -5.7954371e-03   1.0530366e-02   5.8624911e-03
   6.4792238e-01  -5.9784039e-02  -1.9464229e-01  -5.1097327e-03   1.0600598e-02   6.2958691e-03
   5.7667324e-01  -6.2939963e-03  -1.9646083e-01  -3.5932446e-03   7.8289165e-03   6.4775937e-03
   5.2922588e-01  -6.3206933e-02  -3.8324467e-01  -3.8216918e-03   8.6439994e-03   5.2485043e-03
   3.6544503e-01  -6.8344803e-02  -4.7616149e-01  -3.9267931e-03   6.7020137e-03   3.7144294e-03
   4.3028853e-01  -2.6944671e-02  -2.9148018e-01  -4.2336110e-03   7.4354121e-03   4.5466876e-03
   4.6684628e-01  -2.6580158e-02  -3.1692112e-01  -4.2874798e-03   7.9207853e-03   4.5420902e-03
   4.6673757e-01  -1.9933014e-02  -3.1695540e-01  -4.2637945e-03   8.0338865e-03   4.6056145e-03
   4.5989341e-01  -3.3919504e-02  -3.0768335e-01  -4.4749950e-03   7.9278178e-03   5.0063240e-03
   4.4351399e-01  -4.8764011e-02  -3.1583813e-01  -4.7469194e-03   7.7285703e-03   4.9141147e-03
   4.4194037e-01  -1.7892564e-02  -3.3102309e-01  -3.7535691e-03   7.6494613e-03   4.6171243e-03
   4.3011816e-01   6.0618802e-02  -3.3188591e-01  -2.2742984e-03   6.9804936e-03   4.8124799e-03
   4.6417771e-01  -8.3961076e-03  -3.7028710e-01  -3.2980480e-03   7.8951026e-03   4.8622934e-03
   4.5703440e-01   1.2081844e-02  -3.5913045e-01  -3.6083022e-03   7.7451547e-03   4.9332028e-03
   4.3029298e-01   1.3545445e-02  -3.9034243e-01  -3.2001763e-03   7.8155712e-03   4.4001193e-03
   4.2776573e-01   1.6640928e-02  -3.9397059e-01  -2.8415478e-03   7.7490585e-03   4.0090345e-03
   2.3267882e-01   2.0122223e-01  -3.6763026e-01   3.2792212e-03   1.6930969e-03   3.1245886e-03
   1.5796042e-01   2.0058615e-01  -3.4670775e-01   2.7039401e-03   1.8156628e-03   2.1092108e-03
   1.7968897e-01   6.6657987e-02  -6.3935895e-01   2.3876162e-03   2.6219647e-03   1.0052361e-03
   1.8161807e-01   1.2884056e-01  -5.2740923e-01   1.5261587e-03   3.2152082e-03   8.4627338e-04
   1.8159163e-01   1.1225895e-01  -5.5592409e-01   1.3556359e-03   3.4264695e-03   9.9517366e-04
   1.8729458e-01   1.1183582e-01  -5.7615452e-01   1.1222495e-03   3.7356743e-03   8.5398256e-04
   1.8785734e-01   1.2177615e-01  -5.1542416e-01   1.2298911e-03   3.7034884e-03   9.1964133e-04
   1.9504892e-01   9.7905824e-02  -5.1685144e-01   8.7354091e-04   3.7382529e-03   1.0415138e-03
   1.9700599e-01   7.1921816e-02  -5.4864052e-01   8.4148226e-04   3.9941382e-03   1.0703313e-03
   1.9315016e-01   6.0995894e-02  -5.3289682e-01   1.8502124e-04   3.8455042e-03   1.1345820e-03
   1.8789658e-01   7.9615734e-02  -5.5409848e-01   4.1332142e-04   3.7153892e-03   1.1047951e-03
   1.8708156e-01   1.0219368e-01  -5.5798120e-01   8.2245393e-04   3.9285159e-03   9.2531976e-04
   1.5765071e-01   9.3021023e-02  -3.6673180e-01  -6.9882339e-04   1.8903649e-03   1.2773822e-03
   1.6235797e-01   5.4412773e-02  -5.6459267e-01   8.4980653e-04   3.1506015e-03   4.2820958e-04
   1.7828772e-01   1.0408686e-01  -5.4505367e-01   8.9140992e-04   3.6731658e-03   8.0069124e-04
   1.8540552e-01   1.0723808e-01  -5.4244629e-01   8.9269008e-04   3.6629112e-03   5.6276450e-04
   1.6098209e-01   1.0330958e-01  -5.5764752e-01   6.5201871e-04   3.1253112e-03   4.2204929e-04
   1.6425071e-01   9.8858553e-02  -5.8276956e-01   2.6634902e-04   2.8970508e-03   7.0862488e-04
   1.7635656e-01   1.2923168e-01  -6.0397861e-01   9.1082007e-04   3.2001343e-03   8.1914455e-04
   1.7107055e-01   1.6098321e-01  -5.5385911e-01   1.4265120e-03   2.8539466e-03   8.6940626e-04
   1.6820577e-01   1.2128459e-01  -5.4081445e-01   6.6179500e-04   2.8352174e-03   4.3169019e-04
   1.6781351e-01   1.1409676e-01  -5.7029334e-01   5.4037807e-04   2.8805913e-03   5.9339763e-04
   1.7251353e-01   1.2208228e-01  -5.9142471e-01   7.0606274e-04   2.8538974e-03   7.6948748e-04
   1.7430547e-01   1.1812375e-01  -5.3628313e-01   2.6911675e-04   2.4551934e-03   9.5056398e-04
   1.7084063e-01   1.0519989e-01  -5.9505383e-01   7.7656044e-04   2.5867364e-03   6.1827383e-04
   6.3773315e-02   6.1538991e-03  -1.7281264e-01  -4.2621070e-03  -2.3213251e-03   2.2123104e-03
   1.9813852e-02   2.2777746e-02  -4.1831213e-01  -5.2782194e-04  -3.2570337e-03   2.0950689e-03
  -6.5215486e-02   8.8660354e-02  -6.5605895e-01   4.0843498e-04  -2.6377358e-03  -6.8749130e-05
  -9.4795908e-03   8.3598370e-02  -5.1943128e-01  -6.0475501e-04  -2.2598252e-03  -2.2114844e-04
   4.0585592e-03   7.2478943e-02  -4.7635391e-01  -7.9514259e-04  -2.3032776e-03  -6.3041555e-04
   6.9893640e-04   6.7208382e-02  -4.3509033e-01  -1.2325956e-03  -2.4734859e-03  -7.6922578e-04
  -1.0249279e-02   4.7401135e-02  -4.5172260e-01  -1.4105244e-03  -2.7974655e-03  -8.1119538e-04
  -1.0114163e-02   4.9449533e-02  -4.3411134e-01  -1.2588135e-03  -2.7428792e-03  -7.2709214e-04
   4.0684361e-03   6.9579038e-03  -4.6125402e-01  -1.9377338e-03  -1.8980917e-03  -7.2690335e-04
  -3.4689893e-03   1.6358372e-02  -5.1623326e-01  -1.3605923e-03  -1.6465146e-03  -7.2905587e-04
   2.6186650e-03   9.0631226e-02  -3.8945598e-01  -9.5514227e-04  -1.4022953e-03  -6.4739505e-04
   2.8619689e-02   2.6281795e-02  -6.2931909e-01  -9.4910694e-04  -9.3504080e-04  -6.1797036e-04
   2.1279022e-02   5.6333379e-02  -6.1455206e-01  -8.6068783e-04  -9.5645533e-04  -7.9908529e-04
   1.7279065e-02   1.0987990e-01  -5.7364704e-01   5.5002319e-05  -1.3697246e-03  -5.9063910e-04
   3.2140125e-02   9.5389053e-02  -5.7299595e-01  -4.3470967e-04  -1.3494280e-03  -5.9273364e-05
  -1.2788448e-01   1.8052977e-01  -5.0414801e-01   1.5377637e-03  -6.4723802e-03  -2.0877227e-03
  -1.5253101e-01   1.9104834e-02  -4.1084680e-01  -1.9109095e-03  -5.2666609e-03  -1.4512345e-03
  -9.1769409e-02   6.6196111e-02  -4.3212544e-01  -1.1451076e-03  -4.5367496e-03  -1.2810634e-03
  -8.6805909e-02   9.2237881e-02  -4.0101599e-01  -7.0669090e-04  -4.5880230e-03  -1.2418502e-03
