   0.0000000e+00   0.0000000e+00   0.0000000e+00   0.0000000e+00   0.0000000e+00   0.0000000e+00
   5.4903086e-03   7.0090829e-02  -8.4870487e-03   1.0585019e-03  -1.9388450e-04   6.3496071e-05
  -1.3253295e-02   3.4452748e-02   1.3082308e-02   1.5686483e-03  -1.1313123e-04   2.9196464e-04
  -7.2912155e-03   1.0821375e-01   4.7118952e-02   2.6285312e-04  -4.4525178e-04   3.3883342e-04
  -8.9280921e-03   4.1843518e-02   1.1786043e-02   6.9062619e-04  -5.3970504e-04   3.2147301e-04
  -1.3746595e-02   8.3137262e-02   4.0530351e-02  -4.9259131e-05  -2.6445648e-04   3.7281412e-04
  -4.1091491e-03   5.9142684e-02   4.4582065e-03   6.8106134e-04   9.1625636e-06   3.2785178e-04
  -1.0057078e-02   7.0394213e-02   4.9964227e-02  -1.5313570e-04  -1.4711517e-04   5.2072364e-04
   2.3299746e-02   8.8071163e-02  -8.3965874e-03   2.5655186e-04   8.0553501e-04   4.7391101e-04
   5.8539458e-02   8.8742194e-02   1.3322457e-02   2.3294944e-03   2.2934847e-03   7.6018813e-04
   6.0536105e-02   8.8701112e-02   3.4935302e-02   2.5693918e-05   1.8293203e-03   1.0688642e-03
   6.3094510e-02   2.8733912e-02   2.9180535e-03   3.6877714e-05   1.8126666e-03   8.1951185e-04
   6.7752076e-02   5.7022998e-02   6.4705193e-02  -6.3106017e-04   1.8744291e-03   7.8619591e-04
   7.9008462e-02   6.4998785e-02   2.6514746e-02  -5.6570886e-05   2.1654259e-03   6.9286731e-04
   6.0363648e-02   4.6061224e-02   5.4375051e-02  -1.0074122e-03   1.8451886e-03   9.6326409e-04
   8.0999429e-02   8.1684456e-02   2.3555850e-02  -3.3715940e-04   2.4576440e-03   7.7408639e-04
   6.7866768e-02   7.2486169e-02   4.0354683e-02   1.9145906e-03   2.3756925e-03   8.5262082e-04
   8.1867150e-02   6.9341158e-02   6.0621063e-02  -7.5842875e-04   2.7364836e-03   1.0835316e-03
   8.6005074e-02   3.4228154e-02   4.8207717e-02  -3.2192219e-04   2.9108062e-03   1.0218576e-03
   7.5478301e-02   5.3169365e-02   8.8172264e-02  -7.4744386e-04   2.7862635e-03   1.1582635e-03
   8.3282450e-02   7.7303723e-02   3.0359535e-02  -6.3757494e-04   2.9123709e-03   1.0356493e-03
   7.1585735e-02   3.3346081e-02   6.8947934e-02  -5.1513346e-04   2.7979478e-03   1.0860076e-03
   8.4552565e-02   8.8692653e-02   4.1602699e-02  -8.1171454e-04   3.1999123e-03   1.0718494e-03
   6.2211275e-02  -5.1934043e-04   4.1473702e-02  -1.5159723e-05   8.3348250e-04   7.1431436e-04
   4.9529689e-02   6.4909501e-02   1.4580165e-01  -4.4292911e-04   1.2546819e-03   7.5169264e-04
   5.2044411e-02   4.3066285e-02  -1.2071772e-01   1.7939077e-04   5.6826607e-04   6.9073799e-04
   3.7198508e-02  -1.3704241e-02  -3.6191431e-02   3.3521466e-04   7.6373698e-04   5.9274258e-04
   4.4079872e-02   7.8819696e-03   6.0291807e-04  -1.0345151e-03   1.0482868e-03   6.8018298e-04
   5.8502723e-02   1.0818248e-03   9.4131918e-03  -9.5535674e-04   1.2715514e-03   6.4035590e-04
   5.1116100e-02  -3.3032110e-02   7.0300964e-02  -9.5433549e-04   1.4353603e-03   8.8327303e-04
   8.0360582e-02   8.6201981e-02   4.1231653e-02   1.1259926e-03   2.1632911e-03   6.4168502e-04
   6.1627333e-02  -3.8361871e-03   5.6709657e-02  -2.5633926e-04   1.8343681e-03   9.4225678e-04
   8.8288877e-02   5.3865114e-02   8.0448237e-02  -1.6420023e-03   1.8819894e-03   9.6733467e-04
   7.6155831e-02   1.3755374e-02   4.6404704e-02  -6.4992977e-04   1.9615989e-03   8.4320640e-04
   7.2700699e-02   2.4308296e-02   4.9911928e-02  -5.4573475e-04   1.9855543e-03   9.1936054e-04
   7.8981009e-02   4.5572444e-02  -3.2759312e-03  -4.0231236e-04   1.9033209e-03   7.3982810e-04
   5.8995213e-02   2.7240280e-04   3.8775498e-02   5.7061781e-04   1.7130513e-03   8.1628442e-04
   7.3664484e-02   7.0191779e-02  -6.1246910e-03   1.2355467e-03   1.4720910e-03   3.5447985e-04
   6.0191106e-02  -1.7112409e-03  -9.3765365e-02   1.3385194e-04   1.0483540e-03   6.9631137e-04
   6.0993913e-02  -3.0513707e-03  -2.4886616e-02  -3.1476384e-04   1.5882352e-03   8.1362378e-04
   6.9260600e-02   3.0806345e-02  -5.6166108e-02  -1.9149882e-04   1.4017708e-03   6.8323444e-04
   6.1875290e-02  -1.6060175e-02  -1.6779099e-02  -2.4646992e-04   1.8374365e-03   8.2280696e-04
   8.6287734e-02   5.5182223e-02   8.7131273e-04  -1.7717054e-04   2.1867079e-03   8.3563877e-04
   6.5280704e-02   2.2629414e-03  -1.4598148e-02   3.8625955e-04   1.8664564e-03   1.0133839e-03
   7.8040960e-02   2.7253226e-02   3.4841825e-03  -4.3052433e-04   2.6061203e-03   1.1054537e-03
   8.3482468e-02   2.8237462e-02  -3.2825653e-02   3.7860341e-04   2.4419158e-03   1.0647642e-03
   6.2745658e-02   2.1560215e-02  -3.3773327e-04   7.0057157e-04   1.9776470e-03   1.1704816e-03
   8.6182521e-02   6.1394947e-02  -7.9426290e-03  -4.7942702e-05   2.7105432e-03   1.0885390e-03
   6.3864219e-02  -2.5755623e-03  -3.5214308e-03   2.7294268e-04   2.0180563e-03   1.0525597e-03
   7.9193501e-02   5.2445062e-02   2.9902940e-02  -5.9339232e-05   2.5812232e-03   1.0811502e-03
   7.8704538e-02   2.0776251e-02  -4.9244297e-02   7.2842606e-04   3.0550286e-03   1.0167380e-03
   7.3894757e-02   3.8150191e-02   4.6138271e-03  -2.7061427e-07   2.5211442e-03   1.2783826e-03
   8.6129989e-02   4.3488193e-02  -3.6885544e-02   2.6730112e-04   2.7860501e-03   1.1538489e-03
   7.4254094e-02   5.6496343e-03  -7.6870314e-03   7.1659279e-04   2.7851886e-03   1.2607253e-03
   8.6481015e-02   7.4023419e-02   3.9926223e-03   2.4921028e-04   2.9902561e-03   1.2270825e-03
   8.4321978e-02   3.9492268e-02  -6.0248005e-02   9.3411330e-04   3.1903876e-03   1.2904047e-03
   7.5182095e-02   8.6849812e-03  -4.8350914e-03   6.9561182e-04   2.9536868e-03   1.2880789e-03
   8.5832439e-02   6.6242338e-02  -2.5198586e-02   6.3444612e-04   3.2879691e-03   1.2709627e-03
   7.8431284e-02   1.2777845e-02  -1.8799529e-02   1.1696567e-03   3.2746076e-03   1.3246795e-03
   8.9446011e-02   5.9071075e-02   2.5659098e-02   3.9345471e-04   3.1820006e-03   1.2546266e-03
   8.4836156e-02   3.5401726e-02  -5.0002547e-02   1.3705736e-03   3.0283762e-03   1.3338824e-03
   8.6783246e-02   1.6554271e-02   1.7124383e-04   3.8838370e-04   3.3299977e-03   1.3424109e-03
   9.4405827e-02   4.6887801e-02  -4.8942376e-02   1.0141410e-03   3.1454654e-03   1.3553763e-03
   8.4613998e-02   1.9718176e-02  -1.8714512e-02   1.4128644e-03   3.3769494e-03   1.3697860e-03
   9.2174323e-02   4.2586418e-02   3.4982457e-03   2.7726966e-04   3.5221547e-03   1.4037271e-03
   9.4051730e-02   5.1260462e-02  -5.1626875e-02   6.2263462e-04   2.5719278e-03   1.2777240e-03
   7.9346704e-02   1.7018010e-02  -1.1937170e-02   8.0483291e-04   2.2600138e-03   1.0276481e-03
   9.5756389e-02   7.7450271e-02  -5.1744549e-03   7.4565787e-04   2.5378432e-03   1.2064707e-03
   9.7036636e-02   1.3617045e-02  -7.1013178e-02   5.0569071e-04   2.7851893e-03   1.1268554e-03
   9.5973952e-02   2.9498219e-02  -2.3570149e-02   1.2716391e-04   3.0009269e-03   1.2563696e-03
   1.0536257e-01   5.4928789e-02  -5.2927402e-02   7.6604464e-04   2.9602128e-03   1.0729941e-03
   9.0464738e-02   2.6055886e-02  -1.3436315e-02   1.0901545e-03   2.7221407e-03   1.2865344e-03
   1.1892937e-01   7.9777932e-02  -1.7758343e-02   5.8696590e-04   3.6241520e-03   1.4570028e-03
   1.1218276e-01   4.8298676e-02  -4.2178593e-02   2.6273886e-03   3.2449565e-03   1.4022788e-03
   1.1757436e-01   6.8922906e-02  -1.8132090e-04   7.8877774e-04   2.8411132e-03   1.3807696e-03
   1.2044583e-01   3.9497896e-02  -1.0221406e-01   1.3807039e-03   2.8052886e-03   1.2035210e-03
   1.1063679e-01   4.2401592e-02  -6.5216183e-02   1.0417957e-03   2.9716523e-03   1.3861144e-03
   1.1082427e-01   6.8469087e-02  -1.4931012e-01   1.1807323e-03   2.8087178e-03   1.4517148e-03
   1.0499999e-01   1.8196106e-02  -1.0673229e-01   1.5186341e-03   2.8429446e-03   1.5485763e-03
   1.1484955e-01   8.5425082e-02  -8.8219119e-02   1.6598879e-03   3.2508747e-03   1.4434026e-03
   8.5596471e-02   5.4304149e-02  -1.1370781e-01   3.1301487e-03   2.3072530e-03   1.6735258e-03
   9.8771507e-02   5.7120244e-02  -8.0748087e-02   1.2137989e-03   3.0813036e-03   1.5631125e-03
   9.7115464e-02   3.2673005e-02  -1.2899782e-01   2.0628317e-03   3.2693452e-03   1.5550763e-03
   8.7830756e-02   4.0480541e-02  -8.2677968e-02   1.5371368e-03   2.9933868e-03   1.6527589e-03
   8.2871590e-02   7.2988598e-02  -1.3775565e-01   1.5705845e-03   2.9594834e-03   1.4078862e-03
   6.4998174e-02   2.8819303e-02  -9.1551980e-02   1.9435037e-03   2.7868494e-03   1.2522917e-03
   3.7540076e-02   5.6635892e-02   1.9880031e-02  -3.2170551e-04   1.5675453e-03   3.1636197e-04
  -1.8954911e-02   9.9561287e-02   1.9974417e-01  -4.7607277e-04   2.2252355e-03   5.5854660e-04
   1.9639544e-02   2.9884366e-02   1.0654331e-01  -1.6027809e-03   2.8742571e-03   7.7570881e-04
   4.1875368e-02   3.0440833e-02   2.7306444e-02  -5.0227726e-04   3.3603621e-03   1.0122607e-03
   3.6178276e-02   8.7831505e-03   5.5035401e-02  -3.1930266e-04   3.6997090e-03   1.0098772e-03
   5.5802929e-02   5.9849654e-02   6.3383536e-02  -5.9197214e-04   4.3037475e-03   1.0885493e-03
   3.8566083e-02   6.9616658e-03   2.0392548e-02  -2.9415578e-04   3.8503913e-03   1.1475900e-03
   6.9878220e-02   3.5316250e-02   6.8499696e-02  -1.0322221e-03   4.8696361e-03   1.4610582e-03
   6.1600161e-02   5.0248030e-02   2.1932456e-02   3.1711209e-04   4.8954923e-03   1.5597777e-03
   5.2812055e-02   2.0431895e-02   6.7274227e-02  -6.4014483e-04   4.8883841e-03   1.6466520e-03
   6.5604376e-02   6.5014376e-02   5.3376333e-02  -2.6315843e-04   5.1727246e-03   1.6172110e-03
   6.4534136e-02   7.6809038e-03   4.9371219e-02   1.8312369e-04   5.0146539e-03   1.6591179e-03
   6.3654443e-02   9.5510900e-02  -4.1613191e-02   1.1878968e-03   4.2945953e-03   1.8767349e-03
   5.9066516e-02   3.1872166e-02   4.1170253e-02   2.5859800e-04   4.8256820e-03   1.4986337e-03
   6.4056618e-02   4.7544855e-02   8.5275322e-02  -4.7535833e-05   4.3047718e-03   1.5065476e-03
   6.8955634e-02   1.0837739e-01  -1.6886290e-02   1.7512097e-03   3.8103558e-03   1.3866422e-03
   6.6099186e-02   1.5371083e-02   5.2331777e-02   5.4810330e-04   4.5855012e-03   1.3945370e-03
   8.8435053e-02   8.9845974e-02   5.1535303e-02   1.0557220e-04   4.9163073e-03   1.4941358e-03
   6.7826498e-02   3.3614173e-02   9.3780595e-03   5.3554250e-04   4.4371303e-03   1.5685932e-03
   7.2185516e-02   5.8754459e-02   3.6879372e-02   3.0147576e-04   5.0341155e-03   1.7268569e-03
   8.9278673e-02   8.8077010e-02  -8.7936813e-03   7.7901649e-04   5.1683813e-03   1.8081832e-03
   8.3211015e-02   4.1847631e-02   2.9663593e-02   1.4218713e-03   5.4477424e-03   1.6474517e-03
   9.1939664e-02   6.4725607e-02   4.5649285e-02   2.1240512e-04   5.6210998e-03   1.9291910e-03
   9.3468635e-02   7.4614887e-02  -2.4888482e-02   1.1930170e-03   5.3506058e-03   1.9658872e-03
   8.7982355e-02   4.2665144e-02   4.5252730e-02   9.6878309e-04   5.3389892e-03   1.8587698e-03
   8.7617985e-02   9.0289170e-02  -9.4651103e-02   1.4967784e-03   4.9136367e-03   1.8714808e-03
   6.8012619e-02   2.9946795e-02  -4.0240424e-02   8.0200999e-04   3.8991628e-03   1.6683744e-03
   7.8277342e-02   6.9004778e-02   2.0319531e-02   2.3093403e-04   4.1592693e-03   1.7451199e-03
   9.2942613e-02   6.9895792e-02  -1.7406435e-02   3.5977262e-04   4.8204041e-03   1.5590737e-03
   6.7922882e-02   2.4359291e-02   3.3049967e-02   7.9405191e-04   4.3860060e-03   1.6861229e-03
   8.3212687e-02   9.2258575e-02   4.5560724e-02   2.3571957e-04   4.6222855e-03   1.6542685e-03
   8.2651647e-02   9.4116301e-02   1.0689674e-03   2.4205145e-03   4.6110854e-03   1.5410719e-03
   7.2224589e-02   5.9440373e-02   3.7113302e-02   9.0743148e-04   4.4476079e-03   1.7535701e-03
   8.4904136e-02   1.0393533e-01   1.2327040e-05   5.0602771e-04   4.7607197e-03   1.5919982e-03
   7.2626841e-02   2.5900857e-02   2.8850173e-02   1.1439703e-03   4.5689894e-03   1.5641138e-03
   7.5807964e-02   1.0999247e-01   5.1408674e-02   7.7662259e-04   4.4047306e-03   1.4350890e-03
   6.3438020e-02   6.3843225e-02   2.2965892e-03   1.7050536e-03   4.3514967e-03   1.4951686e-03
   7.0131597e-02   8.5323889e-02   5.8603698e-02   1.0548081e-03   4.6346345e-03   1.6189786e-03
   7.1200944e-02   1.1486770e-01   3.7057460e-03   1.7979587e-03   4.6531682e-03   1.7287568e-03
   7.4741065e-02   3.7755236e-02   1.6348351e-02   2.0483420e-03   4.7678521e-03   1.7465745e-03
   8.1581512e-02   5.9845391e-02   6.8155205e-02   1.0001656e-03   4.9059544e-03   1.6857321e-03
   8.2855152e-02   1.0084185e-01   2.4762903e-02   1.9133329e-03   4.6512363e-03   1.7292147e-03
   9.2757685e-02   2.3344775e-02   3.2808833e-02   1.8060453e-03   5.3071636e-03   1.7301196e-03
   8.7488207e-02   6.8515263e-02   6.6922577e-02   1.6898447e-03   4.9559224e-03   1.7494441e-03
   9.4819244e-02   1.0460146e-01   1.0305497e-02   2.2126859e-03   5.0141450e-03   1.8339557e-03
   9.6594081e-02   3.5458071e-02   2.0432211e-02   2.2808486e-03   5.4661008e-03   1.9260167e-03
   9.3995102e-02   8.3475837e-02   6.3855483e-02   1.3604761e-03   5.2395091e-03   1.9051220e-03
   9.4032723e-02   9.9805792e-02  -8.9068873e-03   2.2396849e-03   5.4806397e-03   1.9201058e-03
   9.0692268e-02   5.9147787e-02   3.0124275e-02   2.0926368e-03   5.6744493e-03   2.0221729e-03
   9.3322897e-02   1.2287179e-01   3.6892369e-02   1.7469513e-03   5.2759920e-03   2.0118875e-03
   9.0434002e-02   7.0991332e-02   2.4985312e-03   2.9392668e-03   5.4713317e-03   1.8474242e-03
   8.7834769e-02   1.0075498e-01   1.5916758e-02   2.2786715e-03   5.0598837e-03   2.1125063e-03
   1.0131223e-01   8.6963473e-02  -4.8490686e-02   2.6731000e-03   5.3009831e-03   2.0802866e-03
   9.4292993e-02   7.3689894e-02   7.2298129e-03   2.2580369e-03   5.1636805e-03   2.0804786e-03
   1.0766145e-01   1.0226397e-01  -3.2866138e-02   2.2607931e-03   5.6363642e-03   1.9350785e-03
   1.0254733e-01   6.7826027e-02   1.6321576e-02   2.5183859e-03   5.4446134e-03   2.1789954e-03
   9.7472314e-02   1.5125314e-01   1.3296826e-02   2.4612887e-03   5.3929470e-03   2.0962025e-03
   9.6592631e-02   7.7537919e-02  -1.1390976e-02   3.2410791e-03   5.6267375e-03   2.0910409e-03
   8.9018944e-02   1.1772654e-01   2.6518520e-02   3.4385861e-03   5.0613412e-03   2.3279949e-03
   1.0168697e-01   1.1563664e-01  -2.4423235e-02   2.3636359e-03   5.4767333e-03   2.2666802e-03
   1.0328401e-01   5.7962463e-02   1.7739701e-02   2.7001436e-03   5.6652069e-03   2.1370786e-03
   1.1424934e-01   1.2238688e-01   2.8143353e-02   2.5195498e-03   5.1988804e-03   2.1151102e-03
   1.0773441e-01   6.3967385e-02  -2.5933472e-02   2.7776199e-03   5.6186765e-03   2.1540641e-03
   1.1017812e-01   6.7888122e-02   1.0252242e-02   2.2119526e-03   6.1018879e-03   2.1553268e-03
   1.2010770e-01   1.1327034e-01  -1.5218056e-02   2.2146095e-03   5.7160689e-03   2.2749946e-03
   9.9728956e-02   8.3165688e-02  -1.1751678e-02   3.7804527e-03   5.3083535e-03   2.2364292e-03
   1.1082487e-01   1.1222432e-01   3.1219335e-02   1.9347342e-03   5.6900393e-03   2.2345573e-03
   1.1855486e-01   9.6906012e-02  -4.0553490e-02   2.3305209e-03   5.7422382e-03   2.1120114e-03
   5.9254250e-02   1.3093857e-01   1.2462300e-01   5.1405861e-03   3.1548011e-03   1.0595546e-03
   4.4314822e-02   1.5917465e-01   7.3758909e-02   3.0749079e-03   3.1063020e-03   1.3943002e-03
   6.6206748e-02   1.4411336e-01  -1.5708387e-02   3.3531053e-03   3.8469805e-03   1.3214343e-03
   7.2145245e-02   1.3746858e-01  -7.4404437e-03   5.8475603e-03   3.9979010e-03   1.2719728e-03
   6.7804295e-02   1.5499878e-01   1.5893473e-02   3.0623245e-03   3.8093083e-03   1.5328054e-03
   7.2489086e-02   9.4719941e-02  -2.4525320e-02   3.8135135e-03   4.0955020e-03   1.4904585e-03
   7.2832483e-02   1.1306750e-01   2.3400683e-02   2.7223197e-03   4.1788859e-03   1.5157101e-03
   7.2419835e-02   1.1931345e-01  -2.4668886e-02   3.5178333e-03   4.0170831e-03   1.6413039e-03
   6.2912516e-02   1.1519680e-01   3.5481521e-02   3.3351395e-03   4.0559482e-03   1.6353610e-03
   6.5792617e-02   1.6248114e-01   4.3212704e-03   3.8542015e-03   4.3352281e-03   1.5561526e-03
   7.3655960e-02   1.1387461e-01   3.5901348e-02   4.3675290e-03   4.4054728e-03   1.3211974e-03
   6.9882971e-02   1.4468362e-01   4.3221904e-02   2.9431114e-03   4.1901517e-03   1.5871415e-03
   8.0569531e-02   1.1493541e-01   4.1914439e-03   3.3232867e-03   4.5898056e-03   1.4646696e-03
   7.7615579e-02   1.0984688e-01   3.6463851e-02   3.2469187e-03   4.3509737e-03   1.5232897e-03
   7.3950217e-02   1.5367703e-01  -3.7014350e-03   3.2013047e-03   4.2798790e-03   1.5336220e-03
   7.7040489e-02   9.9503757e-02   2.8638271e-02   3.3727382e-03   4.5152514e-03   1.4968902e-03
   7.5437042e-02   1.7303291e-01   3.4269523e-02   3.1943400e-03   4.3024203e-03   1.5015588e-03
   7.3674278e-02   1.1991002e-01   1.5521430e-02   3.8706960e-03   4.4219959e-03   1.5199910e-03
   7.2709138e-02   1.3821639e-01   4.8425337e-02   3.0566258e-03   4.2995348e-03   1.5757202e-03
   7.8988045e-02   1.4149553e-01  -4.6120958e-03   3.3032897e-03   4.0364043e-03   1.6040802e-03
   7.8107834e-02   1.1319604e-01   4.8791480e-02   3.1437425e-03   4.2046400e-03   1.5507342e-03
   7.8507505e-02   1.5450315e-01   5.5782089e-03   3.3453141e-03   4.1568612e-03   1.4784605e-03
   7.4133896e-02   1.0796294e-01   5.5424106e-02   3.1437196e-03   3.8670690e-03   1.6559924e-03
   7.3190620e-02   1.5446326e-01   4.2303624e-03   3.3640681e-03   3.8597717e-03   1.4685527e-03
   7.6001529e-02   9.9935113e-02   4.1654814e-02   3.6967949e-03   3.8634669e-03   1.4961575e-03
   7.4941586e-02   1.9714456e-01  -3.0418017e-02   5.0698347e-03   3.4524098e-03   1.6833230e-03
   8.5057109e-02   8.8466540e-02   3.0142231e-02   3.5537606e-03   3.7454793e-03   1.5118721e-03
   8.4222228e-02   1.5018809e-01   4.2395398e-02   3.0875903e-03   3.8767257e-03   1.5205976e-03
   8.9830122e-02   1.3932283e-01  -8.5216242e-03   3.7131852e-03   3.8049087e-03   1.4955976e-03
   8.5145252e-02   1.0670019e-01   5.7774713e-02   3.2169608e-03   3.8871908e-03   1.5092520e-03
   8.3519644e-02   1.6502521e-01   2.5603351e-02   3.1411545e-03   3.8282399e-03   1.4428866e-03
   7.6607694e-02   1.2159403e-01   3.5701827e-02   3.8730970e-03   3.5088375e-03   1.4227769e-03
   7.9550195e-02   1.7680478e-01   5.2357162e-02   4.2466263e-03   3.6519562e-03   1.2594896e-03
   9.6997276e-02   1.4839869e-01   7.6026084e-03   4.0965133e-03   3.6252312e-03   1.1725382e-03
   9.3000216e-02   1.2658518e-01   1.4531426e-02   5.1510712e-03   3.7824894e-03   1.3309452e-03
   9.2029061e-02   1.2485243e-01   5.4374833e-02   2.9416478e-03   3.8575482e-03   1.4517432e-03
   9.9576033e-02   1.2868670e-01   2.2219801e-03   3.9075409e-03   4.1659298e-03   1.1600169e-03
   9.2483792e-02   1.0526819e-01   4.6555150e-02   3.6029506e-03   4.0584206e-03   1.4615297e-03
   7.6344192e-02   1.8237921e-01   3.1461520e-02   3.6225474e-03   4.0008452e-03   1.4946937e-03
   7.2822706e-02   1.2372077e-01  -1.5773333e-04   4.6283657e-03   3.7692030e-03   1.6771838e-03
   7.1605092e-02   1.6691089e-01   4.1520633e-02   3.7811546e-03   3.7677142e-03   1.7629874e-03
   8.4586118e-02   1.3774076e-01  -1.2551911e-02   4.0104560e-03   4.2238834e-03   1.7301906e-03
   7.5788906e-02   1.2683583e-01   3.6187662e-02   4.0509161e-03   4.0680947e-03   1.7113337e-03
   6.7475242e-02   1.8863278e-01   4.6182621e-02   4.5070095e-03   3.5193914e-03   1.7290957e-03
   9.4177169e-02   1.1861727e-01   5.2457750e-02   3.9631263e-03   3.8141230e-03   1.7272668e-03
   8.9916376e-02   1.4050963e-01   5.8085880e-02   3.1231151e-03   3.7418839e-03   1.7649381e-03
   8.2348584e-02   1.9207534e-01   8.8371758e-03   5.0692387e-03   3.4936749e-03   1.6236179e-03
   9.4495693e-02   1.1544391e-01   6.2013112e-02   3.7126839e-03   3.7208957e-03   1.6841545e-03
   1.0415220e-01   1.7896432e-01   4.4105180e-02   4.1393001e-03   3.6958883e-03   1.5569131e-03
   1.0887473e-01   1.0549375e-01   4.6712095e-02   4.2219545e-03   4.1955174e-03   1.6409818e-03
   1.0247870e-01   2.1948723e-01   7.9132844e-02   5.6488509e-03   3.6526277e-03   1.6505585e-03
   1.0077225e-01   1.5743710e-01   3.2925106e-02   5.5901092e-03   3.5671215e-03   1.6502923e-03
   1.1336660e-01   1.5684406e-01   1.0684591e-01   4.0078944e-03   3.3385176e-03   1.7059003e-03
   1.1637492e-01   1.6530010e-01  -1.2335856e-01   5.9390332e-03   3.9075582e-03   1.9515139e-03
   8.7545296e-02   1.2481508e-01  -1.3335951e-01   6.6949434e-03   3.4772689e-03   2.0848350e-03
   8.7946648e-02   1.6150277e-01  -9.3090487e-02   5.5152795e-03   3.3554873e-03   2.0618727e-03
   7.8465209e-02   1.8489026e-01  -9.6766725e-02   5.7867139e-03   2.8339612e-03   1.9546654e-03
   7.0751427e-02   1.0145448e-01  -5.1091961e-02   4.6356404e-03   2.6808181e-03   1.6925385e-03
   5.6691714e-02   1.6319709e-01  -1.4705879e-02   5.9364353e-03   2.6105398e-03   1.9897317e-03
   5.9025723e-02   1.8292929e-01  -8.7199890e-02   5.8254921e-03   2.7863187e-03   1.9777490e-03
   4.8719078e-02   1.5578600e-01  -8.2129244e-02   6.7812736e-03   2.9133695e-03   2.0124793e-03
   4.8177333e-02   1.9352404e-01  -5.0853146e-02   6.0038366e-03   2.8055768e-03   2.0692629e-03
   5.2389138e-02   1.7858837e-01  -6.8589163e-02   6.3862898e-03   2.8227021e-03   1.9937867e-03
   6.9452386e-02   1.4370162e-01   4.7032779e-02   5.8187085e-03   3.1209452e-03   2.1405793e-03
   7.5355124e-02   1.7636582e-01   6.9236615e-02   5.8359564e-03   3.2189922e-03   1.9509378e-03
   8.5921968e-02   2.1312496e-01   6.7666540e-02   6.5040345e-03   2.5561140e-03   1.6364693e-03
   1.0087866e-01   1.4329102e-01   4.7415458e-02   7.5466621e-03   2.6325250e-03   1.7500491e-03
   1.0481819e-01   1.9621321e-01   4.2299539e-02   8.4966854e-03   3.3457364e-03   1.6884732e-03
   1.0128208e-01   1.9002188e-01   6.2318694e-02   6.1453597e-03   3.0132389e-03   1.7661309e-03
   1.0890492e-01   1.5707247e-01   3.9327554e-02   6.6915734e-03   3.3786218e-03   1.9231355e-03
   1.0547159e-01   1.5144201e-01   4.4073960e-02   6.7739598e-03   3.4813988e-03   2.0269243e-03
   1.0706043e-01   1.7628046e-01   6.5849822e-02   5.3133920e-03   3.6056096e-03   1.6352789e-03
   6.9064115e-02   1.1393173e-01   2.5499576e-01   4.2051663e-03   2.0841507e-03   1.1870957e-03
   6.1892240e-02   1.2335552e-01   2.3943293e-01   3.8657686e-03   1.9148333e-03   9.4526015e-04
   6.2251245e-02   1.6153099e-01   2.7679829e-01   4.0020308e-03   2.0564749e-03   8.3701787e-04
   5.4587182e-02   1.2653014e-01   2.4010606e-01   4.7118928e-03   2.2385702e-03   9.5432638e-04
   5.9382346e-02   1.5779680e-01   2.9727155e-01   3.2926366e-03   2.0803926e-03   8.8774629e-04
   7.6527886e-02   1.1640437e-01   2.7728499e-01   3.9368860e-03   2.5295426e-03   9.0102554e-04
   7.9739705e-02   1.3618385e-01   2.9091659e-01   3.1113441e-03   2.8282756e-03   1.0073582e-03
   8.1773514e-02   1.4930921e-01   2.5183313e-01   4.2013461e-03   3.0242046e-03   1.0592379e-03
   7.5917884e-02   1.3943233e-01   2.7835769e-01   3.5209667e-03   2.9058955e-03   1.1821684e-03
   8.1823288e-02   1.6923047e-01   2.5475806e-01   4.0508773e-03   2.7049497e-03   1.0214632e-03
   9.1695842e-02   1.3249356e-01   2.6139825e-01   5.6947405e-03   3.0428844e-03   1.0767131e-03
   9.7224053e-02   1.7229778e-01   2.9273177e-01   3.7883896e-03   2.9277134e-03   1.1794708e-03
   1.0809719e-01   1.3645547e-01   2.5250500e-01   4.5698767e-03   3.6201935e-03   1.2857744e-03
   1.1611361e-01   1.1841868e-01   2.9279766e-01   3.6437121e-03   3.9388342e-03   1.2995377e-03
   1.2083685e-01   1.7372262e-01   2.3748354e-01   4.8919197e-03   3.5141222e-03   1.3177486e-03
   1.1088468e-01   1.1102421e-01   2.3209848e-01   4.8546209e-03   3.7538556e-03   1.3216758e-03
   1.1991792e-01   1.3907079e-01   2.6594832e-01   3.9586944e-03   3.8981153e-03   1.3692677e-03
   1.2730241e-01   1.9663440e-01   2.7144779e-01   6.0157187e-03   3.8989182e-03   1.0262306e-03
   1.1968626e-01   1.2979551e-01   2.6468421e-01   4.9524593e-03   3.9894769e-03   1.4031689e-03
   1.2905795e-01   1.7583220e-01   3.0198720e-01   4.2519164e-03   3.9320929e-03   1.2945721e-03
   1.1998660e-01   1.4137011e-01   2.7482907e-01   5.4942482e-03   3.6098652e-03   1.3078711e-03
   1.3571449e-01   1.7027017e-01   2.6343131e-01   4.5375488e-03   3.6675751e-03   1.4403637e-03
   1.1554133e-01   2.1771686e-01   1.3536626e-01   4.9793065e-03   3.0151451e-03   1.4652300e-03
   1.0122649e-01   4.7066619e-02  -7.7664405e-02   4.6798298e-03   2.7455211e-03   1.3592623e-03
   7.3203561e-02   1.0963831e-01   4.0513433e-02   5.6927238e-03   2.2773948e-03   1.4034903e-03
   7.1571064e-02   1.3759481e-01   6.1627465e-02   5.4599339e-03   2.6320452e-03   1.5009757e-03
   9.4526171e-02   1.6711437e-01   1.2977435e-01   5.3965499e-03   2.8699429e-03   1.3541853e-03
   7.3999511e-02   1.1535923e-01   7.5321432e-02   5.7332112e-03   2.7078289e-03   1.5855485e-03
   7.5733238e-02   1.4442726e-01   1.0628111e-01   5.5111662e-03   2.8032275e-03   1.5841179e-03
   1.1079731e-01   1.7338906e-01   1.8654525e-01   4.8448789e-03   3.1118613e-03   1.3235022e-03
   9.2473167e-02   1.4787981e-01   1.2373633e-01   6.4092630e-03   2.4372337e-03   1.5400122e-03
   1.1062304e-01   1.3863951e-01   1.7844811e-01   4.4999272e-03   3.0865725e-03   1.3617730e-03
   1.1505517e-01   1.3983311e-01   1.0038630e-01   5.4367064e-03   3.3767184e-03   1.4838428e-03
   9.9209546e-02   1.1989713e-01   1.4372001e-01   5.6525042e-03   3.1949799e-03   1.5395419e-03
   9.4408519e-02   1.4361795e-01   1.3747868e-01   5.2187031e-03   3.2253808e-03   1.6326670e-03
   1.0687663e-01   1.7233011e-01   1.6003231e-01   5.1774567e-03   2.9543109e-03   1.4330336e-03
   9.5327895e-02   1.1130778e-01   1.4359475e-01   5.5596030e-03   3.1287330e-03   1.5593724e-03
   1.0031956e-01   1.4621472e-01   1.5632292e-01   5.7312109e-03   3.3655074e-03   1.5778905e-03
   1.2379371e-01   1.6424856e-01   2.5230027e-01   5.3202500e-03   2.7931552e-03   1.4778611e-03
   1.3474878e-01   1.8815928e-01   3.0315107e-01   6.4579820e-03   2.4202451e-03   1.0122148e-03
   1.0764261e-01   9.3093875e-02   1.9820369e-01   6.4952407e-03   2.2661615e-03   9.2913240e-04
   5.6909706e-02   2.2000478e-01   2.3176804e-01   8.1875813e-03   1.3763568e-03  -1.7548170e-04
   4.1571677e-02   4.8674349e-02   2.0362929e-01   6.7754906e-05   3.1161652e-03   1.2738943e-03
   1.0852566e-01   1.7095242e-01   4.2454109e-01   5.3213013e-03   3.2319162e-03   8.2245722e-04
   9.4977942e-02   1.6158209e-01   3.6406502e-01   6.4260615e-03   3.8690248e-03   5.3994397e-04
   9.0219617e-02   1.5054503e-01   3.5867507e-01   4.3931475e-03   3.3062333e-03   1.0627240e-03
   1.1780223e-01   2.0187471e-01   3.8384554e-01   6.4313640e-03   3.6236758e-03   1.1322432e-03
   1.1205618e-01   1.7253145e-01   3.4070571e-01   6.4259045e-03   3.4137653e-03   1.3932043e-03
   1.0540061e-01   2.2133886e-01   3.5244027e-01   5.7018695e-03   3.2205365e-03   1.1651059e-03
   1.1495033e-01   1.6408131e-01   3.0626865e-01   6.3491367e-03   3.6419277e-03   1.2861306e-03
   1.1837126e-01   2.1959964e-01   3.6738466e-01   5.7996641e-03   3.2746750e-03   1.1883611e-03
   1.3615989e-01   1.9073016e-01   3.0000533e-01   7.0537171e-03   4.2154919e-03   9.3675893e-04
   1.2356014e-01   1.8837142e-01   3.3103259e-01   5.3011066e-03   3.4787525e-03   1.2025988e-03
   1.2513854e-01   1.9600312e-01   3.1411441e-01   6.2844594e-03   3.3813571e-03   1.2581745e-03
   1.2168329e-01   1.6880620e-01   2.8931541e-01   5.8589965e-03   3.6871164e-03   1.3748533e-03
   1.2568694e-01   2.2562096e-01   3.3096908e-01   5.7001641e-03   3.5548889e-03   1.2397184e-03
   1.2509358e-01   1.7583584e-01   2.8421881e-01   6.4829107e-03   3.7496907e-03   1.3455064e-03
   1.2013324e-01   2.1539671e-01   3.3662271e-01   5.4458490e-03   3.7664962e-03   1.2670432e-03
   1.1834203e-01   1.8014986e-01   3.0087407e-01   6.1215931e-03   4.0677018e-03   1.4775673e-03
   1.2678058e-01   2.1252745e-01   3.7468719e-01   5.2896906e-03   3.7075566e-03   1.2554915e-03
   1.0835269e-01   1.9144835e-01   2.1834757e-01   6.1719507e-03   4.3049301e-03   1.7833256e-03
   1.0035225e-01   1.9323122e-01   2.6976582e-01   5.4633883e-03   3.9108139e-03   1.6805033e-03
   1.0489987e-01   1.3647467e-01   5.1771392e-01   3.1257304e-03   3.0044519e-03   8.5962442e-04
   1.4989337e-02   2.6222485e-01   2.0955835e+00  -2.6947136e-03  -5.7726044e-04  -2.5957989e-03
  -5.2783715e-02  -1.0781755e-01   1.0153783e+00   1.4977358e-04  -3.4435630e-04  -1.6972610e-03
  -5.0384462e-02   4.9155227e-02   1.1622455e+00   5.3998888e-04  -7.4480401e-04  -1.7298171e-03
  -4.8979162e-02   1.5715995e-02   1.1521790e+00  -1.0652558e-03  -1.6426324e-03  -2.1077461e-03
  -4.9776158e-02   7.9012724e-02   1.0309751e+00  -1.8647044e-03  -1.5082839e-03  -2.1589259e-03
  -6.4203018e-02  -3.5666979e-02   4.5598430e-01  -5.7496829e-03  -1.1552259e-03  -1.6609689e-03
  -3.2274896e-02   3.2803841e-03   6.6657584e-01  -5.7985988e-03  -1.2480851e-03  -1.6548204e-03
  -5.3797106e-02  -6.6999583e-02   6.3501519e-01  -4.9323271e-03  -1.3681617e-03  -1.4098518e-03
   5.4308189e-02  -6.2496899e-02   7.5784871e-01  -6.7274495e-03   2.8484398e-04  -9.0000866e-05
   7.3084573e-02  -4.6149813e-02   7.2600811e-01  -3.9060081e-03   2.0401193e-04  -3.1876782e-04
   5.2969620e-02   2.8223772e-03   7.3036476e-01  -2.3684007e-03  -3.1770693e-04  -1.7101236e-04
   9.1009831e-02  -1.4145006e-02   7.0947060e-01  -4.3032971e-03   6.4077525e-04  -5.6548919e-05
   6.8811146e-02  -6.9910964e-02   7.4578144e-01  -4.0348395e-03   2.9032989e-04   3.8809543e-05
   8.1315231e-02  -1.3548998e-02   7.6537065e-01  -4.9094554e-03   4.3036254e-04   4.4851374e-05
   7.3154854e-02  -3.9152802e-02   7.1444769e-01  -3.7311205e-03   4.5619132e-04  -1.8453619e-04
   6.0087011e-02  -4.3726551e-02   7.5978201e-01  -3.9085117e-03   2.9747637e-04  -1.0421298e-04
   7.4303624e-02   2.3460461e-02   7.1436476e-01  -4.1781172e-03   4.0202741e-04  -6.3150999e-05
   6.9461979e-02  -5.3611049e-02   7.0516966e-01  -2.1261776e-03   6.8535526e-04  -5.1997762e-04
   6.2373905e-02  -5.8313828e-02   7.4496749e-01  -4.3440570e-03   4.7917703e-04  -8.5637001e-05
   7.1500883e-02  -1.7220088e-02   6.9784751e-01  -3.8986393e-03   5.7674445e-04  -5.3200892e-05
   6.5227445e-02  -6.4060893e-02   7.2477973e-01  -3.5918668e-03   8.6059715e-04   1.0221836e-05
   7.2462990e-02  -1.2582842e-02   7.6182167e-01  -4.1662709e-03   6.4872898e-04  -2.1749968e-05
   8.7650754e-02  -2.9782781e-02   7.1872194e-01  -3.1826678e-03   1.1660376e-03   1.2026754e-04
   8.9954559e-02  -2.5321359e-02   7.4775225e-01  -3.4053434e-03   1.3890989e-03   3.5286888e-04
   9.7248806e-02   2.1977350e-03   7.6844460e-01  -4.0629056e-03   1.1408685e-03   2.2158415e-04
   1.1651225e-01  -2.9420080e-02   7.2783689e-01  -3.8340515e-03   1.5117121e-03   2.4164717e-04
   1.1036884e-01  -5.4333515e-02   7.6880355e-01  -3.5008611e-03   1.4222881e-03   3.7658815e-04
   1.1929948e-01   4.2080474e-03   7.6708106e-01  -4.4846131e-03   1.3236558e-03   3.6928046e-04
   1.1620949e-01  -1.9022001e-02   7.3764827e-01  -1.8537248e-03   1.2350745e-03   3.1598936e-04
   1.3710672e-01  -5.0942619e-02   7.8143783e-01  -4.4698413e-03   1.6932013e-03   6.8270630e-04
   1.4753007e-01   6.2435685e-03   6.9960922e-01  -2.0992202e-03   1.7980632e-03   5.6668574e-04
   1.3574755e-01   1.2820356e-02   7.1602933e-01  -6.6867318e-05   1.9341027e-03   8.8830972e-04
   1.3846618e-01  -1.2277418e-03   7.3131612e-01  -3.6022206e-03   1.9355208e-03   1.0154023e-03
   1.5176873e-01  -1.9464596e-02   7.1674202e-01  -2.4645211e-03   2.2294070e-03   7.3463937e-04
   1.4762429e-01  -1.8994212e-02   7.5837027e-01  -2.6510103e-03   2.2557822e-03   7.9033593e-04
   1.5534522e-01   4.4893899e-02   7.0899759e-01  -2.5994050e-03   2.2792080e-03   7.3837094e-04
   1.4509139e-01  -2.8185827e-02   7.3869005e-01  -1.6852905e-03   2.2997161e-03   7.0760573e-04
   1.4986617e-01   2.6789974e-02   7.4632984e-01  -2.5638973e-03   2.6116254e-03   6.4545341e-04
   1.4060921e-01   2.8063094e-03   6.6793634e-01  -2.0414380e-03   2.3404586e-03   8.1837577e-04
   1.3533228e-01  -1.5623016e-02   7.3849256e-01  -1.9301377e-03   2.3193699e-03   7.8246537e-04
   1.4100777e-01   4.0276837e-02   6.9810230e-01  -2.2414781e-03   2.6442172e-03   8.1321444e-04
   1.2461971e-01   2.2185859e-02   7.3083301e-01  -2.3691639e-04   1.6968329e-03   8.9023948e-04
   1.4006948e-01   3.4366658e-02   7.3587549e-01  -2.5020924e-03   2.6084043e-03   8.6309663e-04
   1.4461920e-01  -5.1846966e-03   6.8470412e-01  -1.9645291e-03   2.8057155e-03   7.7496375e-04
   1.5728236e-01  -5.2400760e-03   8.0552078e-01  -2.8092617e-03   2.5632117e-03   1.4140748e-03
   1.6737373e-01   6.4414110e-02   7.7585857e-01  -9.6177973e-05   2.6784230e-03   1.4950939e-03
   1.7959703e-01  -4.0384482e-03   7.7927069e-01  -1.2786398e-03   2.8961436e-03   1.6593521e-03
   1.7417355e-01   6.8963573e-02   7.4377729e-01  -1.6097764e-03   2.4479135e-03   1.6198694e-03
   1.6771341e-01  -1.1373705e-02   7.1618274e-01  -1.3494580e-03   2.9089669e-03   1.4841173e-03
   1.6027773e-01   4.3058681e-02   7.4070478e-01  -2.3076708e-03   2.5648385e-03   1.5714289e-03
   1.6333300e-01   1.6702070e-02   6.7796215e-01  -1.5439251e-03   2.6774014e-03   1.4964087e-03
   1.5956464e-01   1.6800320e-02   7.4135086e-01  -1.5735847e-03   2.9724975e-03   1.5426877e-03
   1.6689538e-01   5.6035479e-02   6.9738212e-01  -1.7884121e-03   2.8546344e-03   1.6385502e-03
   1.6046872e-01   2.1023997e-02   7.2995102e-01  -5.5190019e-04   2.2932017e-03   1.5378359e-03
   1.5944439e-01   3.9263747e-02   7.3618363e-01  -2.0228587e-03   2.7483557e-03   1.6672389e-03
   1.7116573e-01   3.4552042e-02   7.0012177e-01  -1.1582556e-03   3.0664786e-03   1.4624028e-03
   1.6661979e-01   1.6285007e-02   7.7201785e-01  -7.4765321e-05   2.9947594e-03   1.4478304e-03
   1.6995405e-01   3.4590927e-02   7.8631410e-01  -1.4195877e-03   2.9567539e-03   1.6531660e-03
   1.9380905e-01   5.3827468e-02   7.5483091e-01  -1.4653220e-03   2.4812033e-03   1.6848005e-03
   1.8792461e-01   4.7728762e-03   7.6681197e-01  -3.8393089e-06   2.9814082e-03   1.5151226e-03
   1.9067608e-01   3.1430150e-02   7.8601863e-01  -1.6584491e-03   2.6791137e-03   1.6925723e-03
   2.0346982e-01   2.8715083e-02   7.2328006e-01  -9.3918529e-04   2.7264387e-03   1.5504520e-03
   1.9397413e-01  -3.7204929e-03   7.6597186e-01  -1.9358034e-03   2.7477978e-03   1.6939056e-03
   2.0428997e-01   3.6725597e-02   7.5178548e-01  -6.6433606e-04   2.3853631e-03   1.6573635e-03
   2.1415897e-01  -5.2545003e-03   8.0466350e-01  -4.8461757e-04   2.9859535e-03   1.6707790e-03
   2.2400565e-01   3.0548330e-02   8.0554347e-01  -2.2999747e-04   3.3230389e-03   1.5786182e-03
   2.1710629e-01   2.1203219e-02   8.2456905e-01  -2.0268291e-03   2.3276545e-03   1.6031761e-03
   2.1582291e-01   1.9509938e-02   7.9548426e-01  -1.2082382e-03   2.7101660e-03   1.4828705e-03
   2.1249706e-01   3.2577128e-03   8.1917298e-01  -6.8665920e-04   2.6108221e-03   1.6557274e-03
   2.0125090e-01   4.9776238e-02   8.0437762e-01  -1.8611827e-03   2.2450012e-03   1.6393030e-03
   2.0288454e-01   3.2571626e-02   7.6367429e-01  -6.1911912e-04   2.5556051e-03   1.5509570e-03
   1.9358691e-01   3.2642506e-02   8.2702633e-01  -6.7054988e-04   1.8512958e-03   1.6239362e-03
   2.0991593e-01   1.4312141e-02   8.4735285e-01  -3.1232746e-03   1.6092051e-03   1.1701483e-03
   1.8928206e-01   1.6054481e-02   8.7718944e-01  -8.9132947e-04   9.4897083e-04   1.1400243e-03
   1.9882698e-01  -4.6379145e-03   9.0139196e-01  -3.7846229e-03   5.5086483e-04   1.3555949e-03
   2.1448404e-01  -4.5821445e-03   8.3940350e-01  -2.4468836e-03   1.1650201e-03   1.3277098e-03
   2.0891194e-01  -1.5458014e-02   8.9562982e-01  -2.6126506e-03   1.1144805e-03   1.4219010e-03
   2.1751621e-01   2.9732149e-02   8.2533102e-01  -3.4050262e-03   1.5650589e-03   1.4699798e-03
   2.1356926e-01  -3.7615020e-02   8.5223374e-01  -2.4882933e-03   1.6599836e-03   1.4122019e-03
   2.2343806e-01   2.4095024e-02   8.7758489e-01  -3.3448116e-03   1.9380112e-03   1.4592160e-03
   2.1345391e-01   3.5669465e-02   8.3814412e-01  -6.4140040e-04   2.1446428e-03   1.4308374e-03
   2.1387519e-01   1.9929261e-02   8.7963586e-01  -2.8305446e-03   2.1547302e-03   1.5178277e-03
   2.3292577e-01   3.3457697e-02   8.4200824e-01  -2.2232318e-03   2.2889502e-03   1.1918322e-03
   2.0152258e-01  -1.7802541e-02   8.6752440e-01  -2.3546764e-03   1.8577875e-03   1.5167250e-03
   2.1454693e-01   2.1150024e-02   8.5507091e-01  -3.5221620e-03   2.6169212e-03   1.4759195e-03
   2.1529621e-01  -3.7792258e-02   8.6433687e-01  -2.5294942e-03   2.6295154e-03   1.4524530e-03
   2.1553357e-01   2.0226141e-02   9.0038619e-01  -3.6914057e-03   2.5081380e-03   1.4768114e-03
   1.9491314e-01   4.8888207e-02   8.4638744e-01  -8.6140838e-04   1.8630543e-03   1.4845220e-03
   2.0022497e-01   4.7133490e-03   8.9173390e-01  -3.0023186e-03   2.1962415e-03   1.5353679e-03
   2.1166363e-01   3.5791476e-02   8.2657408e-01  -8.5415130e-04   2.8498214e-03   1.3793180e-03
   2.1942033e-01  -1.3299824e-02   9.0519178e-01  -2.8351484e-03   2.6935714e-03   1.6165083e-03
   2.1908934e-01   5.9085257e-03   8.3059727e-01  -2.6032509e-03   1.9818684e-03   1.5056050e-03
