   0.0000000e+00   0.0000000e+00   0.0000000e+00   0.0000000e+00   0.0000000e+00   0.0000000e+00
  -5.5179475e-02   2.3885627e-02   5.8507782e-02   6.7354496e-04  -3.4066377e-04   3.6871236e-05
   1.1885182e-01   2.1273212e-02   5.3776052e-02  -1.0636128e-03   1.2107037e-03   1.0114231e-03
   1.1175692e-01  -1.6061550e-02  -3.5695858e-02  -1.8049890e-04   1.2112332e-03   3.8475493e-04
   2.2232275e-02  -3.3486271e-02   5.3836681e-03  -6.2290957e-04   7.5229922e-05   3.3784271e-04
   5.0011529e-02   5.5016057e-02   9.5212340e-02   2.1092914e-04   3.5275472e-04  -4.3148249e-04
  -9.3742263e-03   2.3118748e-02   4.8635182e-02  -3.7038741e-04   7.9338906e-05  -3.3986746e-04
  -6.3100318e-02  -2.1414596e-02   4.6012806e-02   1.5243493e-05  -3.5249873e-04  -1.6980409e-04
  -4.6049600e-02   4.0786618e-02   2.1760706e-02  -6.5885264e-04  -6.5290650e-04  -4.1051907e-04
  -1.0575598e-01  -1.6434193e-02  -6.1840341e-02   3.6040827e-04  -9.6660730e-04  -4.6535752e-04
  -5.8007981e-02   9.3343336e-02   1.4011070e-02   9.7164884e-04  -3.2858287e-04  -2.0006454e-04
  -5.2792188e-02   1.5916330e-02  -8.7151231e-02  -2.5998444e-04  -5.4174650e-04  -1.7826587e-04
  -7.7328747e-02  -2.7156170e-02  -7.6650157e-02  -3.9811540e-04  -6.4515356e-04   3.8041394e-05
  -2.2298631e-02   4.1330971e-02  -9.4867698e-03  -2.8372820e-04  -1.6275964e-05   3.5143012e-04
   2.3430920e-02   8.9932048e-02  -2.0016078e-02  -4.9866309e-04   2.7655147e-04  -7.0346886e-05
   9.3594763e-02   4.7569874e-02  -7.5959789e-02   2.6979206e-03   1.5066188e-03   4.8092373e-04
   5.6263022e-02   5.4413587e-02  -3.7125121e-02   1.1748374e-03   1.2072233e-03   1.5504395e-03
   5.0397975e-02   4.8847671e-02  -6.0742021e-02   1.9959353e-03   1.1648630e-03   1.5697097e-03
   4.0439376e-02   6.8220925e-02  -4.8787474e-02   2.0246082e-03   8.4894658e-04   1.5670325e-03
   1.0773458e-01   1.6282250e-01   3.3563252e-02   2.0561296e-03   5.7624713e-04   1.6584196e-03
   1.0946126e-01   3.2486451e-02  -4.3676646e-02   7.7287577e-04   8.2830174e-04   1.5146117e-03
   5.6070078e-03   5.0392432e-02  -2.2473451e-02   1.0800545e-03  -3.2147833e-04   7.8278060e-04
   3.7229337e-02   7.8304032e-02   1.5128051e-03  -1.1485162e-05   3.2440786e-04   1.6239001e-04
  -7.7013965e-02   3.5883284e-02   3.3596197e-02   7.1422270e-04  -9.0817018e-04  -1.5216259e-04
  -9.6755256e-02   1.2126130e-01   5.2208951e-03   1.7453216e-03  -5.9700674e-04  -4.5416203e-04
  -7.7098904e-02   6.8808170e-02  -4.3783754e-02   7.6929415e-04  -2.0960037e-04  -1.1445774e-03
  -1.1051175e-01   5.5458697e-02  -6.9075243e-02   1.3112849e-03  -9.2208602e-04   2.0124565e-05
  -4.0460017e-02   1.0074040e-01  -1.7888408e-02   1.1759781e-03  -1.0167039e-04   7.7872264e-05
  -3.5515608e-02   1.0797000e-01   4.1023104e-03   2.0069868e-03   3.8298549e-04   8.3769300e-05
  -8.7385472e-02   1.0000604e-01  -7.1554927e-05   1.3200234e-03  -8.6625488e-05   4.0936408e-04
  -1.2957125e-01   1.2178902e-01  -1.9599577e-02   1.8593444e-03  -6.4140978e-04   6.9172877e-04
  -7.6627382e-02   1.7496077e-01  -2.9380484e-03   1.6681730e-03  -3.3007298e-05   7.5973938e-04
  -8.2098034e-02   1.3364132e-01  -4.0894740e-02   1.4930737e-03  -3.0088852e-04   7.9937278e-04
  -9.9962863e-02   1.2967132e-01  -3.8505887e-02   2.4157549e-03  -1.8423437e-04   1.2680041e-03
  -7.3202658e-02   1.7530235e-01   1.2896816e-02   2.3543844e-03  -1.3224450e-04   3.9934927e-04
  -5.2489927e-02   1.7491534e-01   4.9214366e-02   6.1285132e-04  -6.3239194e-04   1.5013711e-04
  -9.8617032e-02   7.0679427e-02  -2.8853735e-02   8.8823266e-04  -1.0378020e-03   4.9293404e-04
  -8.7153238e-03   2.0626351e-01  -9.2978325e-03   2.9929850e-03   3.6877209e-04   1.9206672e-04
   1.8342256e-02   1.8234163e-01   8.7234079e-02   2.1719316e-05  -5.1833160e-04  -6.6470314e-05
   1.0903545e-01   1.6350285e-01   1.0946431e-01   3.6039063e-03   3.9893626e-04   3.4589523e-04
   9.0821629e-02   2.3072137e-01   1.2523777e-01   3.5298675e-03   1.9029024e-04   5.8057725e-04
   2.8727237e-03   2.1850413e-01   1.1189768e-01   3.5877307e-03  -4.0511614e-04   1.3212970e-03
  -8.1203687e-02   2.1277675e-01   1.0534767e-01   3.6654574e-03  -1.2112066e-03   6.3478696e-04
  -2.4850742e-02   2.6013236e-01   9.9480402e-02   3.5699632e-03  -7.5957754e-04   7.3299150e-04
   3.0962104e-02   2.5678960e-01   3.0810136e-02   3.8258311e-03  -2.4632508e-04   1.3829183e-03
   6.6895875e-02   1.7579220e-01  -1.6652788e-02   1.3018430e-03  -8.9984706e-05   2.3176225e-04
  -7.3756001e-02   2.2583915e-01   5.0068557e-02   4.1367198e-03  -1.2910369e-03   5.5160717e-04
  -4.0734977e-02   2.3119259e-01   6.2086711e-02   4.2752000e-03  -1.2007873e-03   7.9668620e-04
  -1.2653897e-01   2.5031301e-01   8.4521495e-02   3.9010662e-03  -1.8481200e-03  -2.8553513e-04
  -2.1516111e-01   1.9012151e-01   3.5378990e-02   3.5731761e-03  -2.3648442e-03  -4.3165493e-04
  -1.7818593e-01   3.1393693e-01   4.8965822e-02   5.1654763e-03  -2.4032403e-03  -6.4813526e-04
  -7.3966208e-02   2.4803093e-01  -2.4419118e-02   4.5224863e-03  -1.9895367e-03  -4.5513207e-04
  -1.4650859e-01   2.7759402e-01   6.0244828e-02   4.7524122e-03  -2.5412927e-03  -3.3725480e-04
  -1.7826215e-01   3.5393750e-01   1.1508327e-01   6.6060321e-03  -2.4202583e-03  -1.8270956e-04
  -1.0554275e-01   3.0536469e-01   6.8085826e-02   5.3361014e-03  -1.4891059e-03  -6.7937951e-05
  -1.6754241e-01   2.8616223e-01   9.4235549e-02   5.5141319e-03  -2.3653661e-03  -4.8557849e-05
  -1.3820148e-01   3.2254424e-01   6.3299786e-02   6.1402231e-03  -2.0747204e-03  -3.8693423e-04
  -1.0588720e-01   3.7270168e-01   1.0900467e-01   6.3021558e-03  -1.7752929e-03  -9.4584442e-04
  -3.9528922e-02   3.3538091e-01   4.5138811e-02   6.3248400e-03  -1.1394846e-03  -2.7684022e-05
   4.4312816e-02   3.7248691e-01  -2.8333148e-01   3.4675042e-03   1.0583099e-04  -7.8699920e-05
   6.5938072e-02   2.7417902e-01  -7.3164363e-03   3.7349413e-03  -6.9236416e-04   1.2350293e-03
   1.8826647e-01   1.3660456e-01  -1.4082944e-01   1.5476286e-03   4.7973523e-04   2.7754974e-04
   1.6210259e-01   1.8926357e-01  -9.0627298e-03   1.5039777e-03   5.3318829e-04   1.3951896e-05
   1.8946154e-01   2.3720980e-01   5.5568693e-02   2.5502649e-03   8.0500868e-04   5.4384801e-04
   1.4360162e-01   1.7556978e-01   2.7954920e-02   1.9829161e-03   5.7812903e-04   3.8052858e-04
   7.6283105e-02   2.2192825e-01   6.3916929e-02   2.6573751e-03   1.1973307e-06  -4.9736287e-05
   6.2528029e-02   2.3255388e-01   8.9011197e-02   2.0034741e-03  -1.0117450e-04  -3.0677035e-04
   3.1208328e-02   2.0381163e-01   3.5521466e-02   2.6390124e-03  -8.1740760e-04  -1.4290527e-04
   1.3816950e-01   1.2824777e-01   1.1966760e-02  -2.4219348e-04   3.5591351e-04  -8.7849962e-05
   1.7547999e-01   2.4549580e-01   1.0498524e-01   2.5197845e-03   5.7003276e-04   2.1978354e-04
   1.4696048e-01   2.5263889e-01   1.7854321e-01   2.7255416e-03   3.0398840e-04  -2.8056454e-05
   9.6762176e-02   1.7637875e-01   1.6383933e-01   1.6292596e-03   1.2561312e-04  -3.6140472e-05
   9.5082705e-02   2.1007093e-01   1.3133448e-01   1.4509009e-03   5.4973046e-04  -1.1103904e-03
   5.1443692e-02   1.7611418e-01   1.6797200e-01   5.6687912e-04  -7.0486144e-04   8.6258078e-04
   7.6113230e-02   2.5843722e-01   1.1895885e-01   1.3299952e-03  -1.8758770e-04   5.2423194e-04
   5.7025771e-02   2.2212795e-01   4.9620532e-02   2.0902847e-03  -1.6500383e-04   6.0274146e-04
   3.5317614e-02   2.6481100e-01   8.6161708e-02   1.3193151e-03  -1.5015418e-04  -8.9335087e-04
   6.2673908e-03   2.1701250e-01   1.1575088e-02   7.9054415e-04  -5.7361675e-04  -6.5328317e-04
   3.6602332e-02   2.1063612e-01   2.3864085e-02   1.3900411e-03  -2.9364425e-04   5.0360849e-04
   6.6328775e-02   3.0491720e-01   1.6550909e-01   2.1308509e-04  -2.5407171e-04  -1.1769568e-03
  -5.5820955e-03   2.0462543e-01   1.2638958e-01   2.3308936e-03  -9.4272510e-04  -3.6535472e-04
   8.0491318e-02   2.7869353e-01   1.0916451e-01   2.4532010e-03  -1.9636690e-05  -1.7298064e-04
   3.5257387e-02   2.4313733e-01   1.3628723e-01   2.3550537e-03  -5.3001986e-04  -1.9156847e-04
   9.4656344e-02   3.1047750e-01   1.9883297e-01   2.3270676e-03  -1.6533222e-06  -4.3551776e-04
   5.5969051e-02   2.8193301e-01   2.2693773e-01   2.5323377e-03  -3.2028519e-04  -2.2001564e-04
   8.3296927e-02   2.4381545e-01   1.8346073e-01   2.1864848e-03  -2.6973941e-04  -1.6764713e-04
   3.5672460e-02   3.0751315e-01   2.1502323e-01   2.8108846e-03  -4.8441745e-04  -4.2455687e-04
  -2.2008692e-02   2.5805347e-01   2.0505250e-01   1.7465442e-03  -7.8977249e-04  -6.9274438e-04
  -4.2573042e-02   2.2897520e-01   1.7283238e-01   1.8777391e-03  -1.1464966e-03  -2.8532424e-04
   2.2034732e-02   3.2106324e-01   1.4756363e-01   2.4840316e-03  -6.1102100e-04  -5.7193458e-04
   6.4326646e-02   2.5834303e-01   1.6602527e-01   9.0565090e-04   5.1516869e-05  -5.8850847e-04
   1.7189393e-01   4.1533137e-01   2.4142307e-01   5.0351159e-03   6.3970193e-04  -6.1956437e-04
   8.4284936e-02   2.4368360e-01   2.5083899e-01   2.8485974e-03  -4.4689238e-05  -2.6313462e-04
   2.2641652e-02   3.6250944e-01   2.7681311e-01   5.0412526e-03  -5.1986856e-04  -1.1188758e-04
   4.8088497e-02   4.1664298e-01   2.4287336e-01   4.6478285e-03  -7.4676409e-04   1.5104177e-04
   1.7121717e-01   3.1898315e-01   1.6823204e-01   2.9165726e-03   2.6993622e-04  -1.9128819e-04
   1.2802000e-01   3.3679542e-01   2.2978710e-01   3.2628266e-03  -1.7652532e-04   4.6503687e-04
   1.7250847e-01   2.3122541e-01   1.4821645e-01   2.0445674e-03   5.3722341e-04   2.5068915e-04
   1.4999012e-01   2.4204185e-01   1.7470745e-01   1.1456545e-03   1.2812093e-04   7.7439740e-05
   1.5664942e-01   2.8865178e-01   1.8194024e-01   1.8663911e-03   1.4231209e-04   1.1981647e-04
   2.3872013e-01   3.2526987e-01   2.1020021e-01   2.8186293e-03   1.1360385e-03   3.2181234e-04
   2.7613975e-01   2.2900226e-01   4.1644450e-02   1.5668772e-03   8.5791315e-04   3.4456963e-04
   1.8834074e-01   3.3078913e-01   1.9348751e-01   1.9555640e-03  -1.1090411e-04   6.6898952e-04
   2.3063074e-01   3.1363828e-01   1.8223730e-01   2.8898605e-03   2.6739329e-04   4.6133476e-04
   2.3316953e-01   2.7575893e-01   2.0681814e-01   1.5007077e-03   3.9139603e-04   8.3989732e-04
   2.0755462e-01   2.7534355e-01   1.7337842e-01   2.1955426e-03   2.1761728e-04   6.1710154e-04
   2.0081223e-01   2.8972081e-01   1.8419887e-01   2.8003805e-03   1.9344684e-04   4.4871084e-04
   2.0384204e-01   3.1027573e-01   1.5869434e-01   2.4939073e-03   1.9396155e-04   7.8087617e-04
   2.1470549e-01   3.3238000e-01   1.8708053e-01   2.8205936e-03   6.1798924e-04   8.2086762e-04
   1.8999928e-01   2.4127904e-01   8.6842186e-02   3.3902767e-03   5.6872856e-04   7.7454247e-04
   3.2030836e-01   4.1313354e-01   2.2182459e-01   4.3801487e-03   2.5316948e-03   5.6213802e-04
   2.2474318e-01   2.2427046e-01   8.7416079e-02   1.1500897e-03   8.8364990e-04   1.6830624e-03
   3.4804778e-01   2.6031792e-01   1.5231277e-01   1.7973325e-03   1.7443043e-03   8.6029652e-04
   3.8314436e-01   2.4536950e-01   7.3031708e-02   1.9119445e-03   1.7826390e-03   1.1363573e-03
   3.6190122e-01   1.9239101e-01  -1.8197222e-01   1.8743104e-03   2.1735557e-03   1.5339678e-03
   4.5157050e-01   3.2278008e-01  -2.5845568e-02   2.8891167e-03   3.0830164e-03   1.7827856e-03
   4.1711764e-01   3.1777972e-01   2.7386024e-02   3.9349120e-03   2.6491039e-03   1.1434332e-03
   3.1890683e-01   2.3475186e-01   5.3723822e-03   3.2229981e-03   1.8930765e-03   1.0924598e-03
   2.8949408e-01   3.4587119e-01   2.8958180e-02   4.6192459e-03   1.7780057e-03   1.5285315e-03
   2.9908925e-01   3.0276891e-01   2.3643052e-02   4.1219163e-03   1.9276296e-03   1.5825984e-03
   2.8501352e-01   3.4797246e-01   4.7034738e-02   3.6454012e-03   1.6717621e-03   1.5694612e-03
   2.7499972e-01   2.9758614e-01   2.0496284e-02   3.9559361e-03   1.8210427e-03   1.7093273e-03
   2.8879912e-01   3.4032786e-01  -1.3215276e-03   3.7379997e-03   1.8729690e-03   1.4778451e-03
   2.1890031e-01   2.3587139e-01  -4.3136602e-02   2.5138624e-03   9.1463929e-04   2.0878810e-03
   2.4702532e-01   3.0499999e-01   5.6848911e-03   3.6687855e-03   1.1813552e-03   2.0061762e-03
   2.7422718e-01   3.5802767e-01  -1.3372148e-01   3.1422014e-03   1.7702746e-03   2.0731414e-03
   3.1070491e-01   2.4191992e-01  -5.0268051e-01   1.0331814e-03   1.8405208e-03   2.3607886e-03
   3.5166709e-01   3.0869184e-01   1.0047744e-01   2.5460388e-03   1.3189815e-03   2.0270399e-03
   3.3829979e-01   2.0687244e-01   1.0142872e-01   2.4898016e-03   1.4559811e-03   2.0533219e-03
   3.3788916e-01   2.7196357e-01   7.3579630e-02   3.3375676e-03   1.4481249e-03   1.9962123e-03
   3.5945338e-01   3.0166868e-01   7.7799724e-02   3.6520756e-03   1.5485360e-03   1.9186898e-03
   3.6332630e-01   2.3516102e-01   6.6923077e-02   2.5740333e-03   1.4150877e-03   1.9359717e-03
   3.5825288e-01   2.8678648e-01   4.0058085e-02   4.0492092e-03   1.4102908e-03   2.2468988e-03
   3.3309427e-01   2.7872676e-01   3.7341741e-02   3.0639078e-03   1.1857697e-03   1.9514070e-03
   2.9287438e-01   2.5623679e-01  -2.8122354e-03   3.7113745e-03   1.0848448e-03   2.0846052e-03
   2.7052729e-01   2.8432802e-01  -5.3824847e-02   3.9986350e-03   9.4847592e-04   2.2677271e-03
   2.8843479e-01   3.4462072e-01  -6.5760035e-02   4.2901109e-03   1.0797706e-03   1.8488550e-03
   2.5878839e-01   2.9174552e-01  -8.1213101e-02   1.2025208e-03   1.1321726e-03   1.7054272e-03
   2.9754454e-01   3.1771581e-01  -1.1573846e-01   3.8944293e-03   6.2289859e-04   2.2030904e-03
   3.3877789e-01   2.1076963e-01  -7.9468751e-02   4.7645338e-04   1.3162580e-03   1.8552266e-03
   2.9377377e-01   2.4841407e-01  -1.1770204e-01   3.1323261e-03   1.3668556e-03   2.3576083e-03
   3.1216334e-01   2.3533261e-01   1.6167491e-02   2.7499864e-03   1.9282712e-03   1.5449673e-03
   3.6927422e-01   5.2288038e-01   2.2363568e-01   5.3610663e-03   2.2922116e-03   1.4209671e-03
   2.9166727e-01   4.0040876e-01   5.1487313e-02   4.6424647e-03   1.8009003e-03   1.3380396e-03
   2.2548636e-01   3.0996526e-01  -8.4324382e-02   4.1868150e-03   1.0766675e-03   2.1908233e-03
   2.8725691e-01   3.4213061e-01  -3.1758746e-03   3.4171838e-03   1.7659853e-03   7.8761686e-04
   2.8651571e-01   2.4723271e-01  -8.1546185e-02   3.2796099e-03   1.3874462e-03   1.8876036e-03
   2.1537030e-01   2.9403371e-01  -6.0487768e-02   3.6767751e-03   1.0325562e-03   1.7510970e-03
   2.2802678e-01   3.4823651e-01   4.4882882e-02   3.8346532e-03   1.1259208e-03   1.3993189e-03
   1.8733352e-01   2.9008802e-01   4.3324863e-03   3.4344106e-03   6.3825900e-04   1.9057054e-03
   2.1772337e-01   2.7846555e-01  -5.5715003e-02   3.4082020e-03   1.0083803e-03   1.7563407e-03
   2.0568307e-01   4.0880827e-01   3.9172905e-02   4.9283137e-03   8.1717531e-04   1.6839140e-03
   2.1861153e-01   2.9925684e-01  -4.0906443e-02   3.7922649e-03   7.4243130e-04   2.2034304e-03
   2.4039152e-01   3.3591885e-01  -2.3960648e-03   3.0215771e-03   7.1445548e-04   1.8235006e-03
   2.1820511e-01   2.8698170e-01   2.3075706e-02   3.9888618e-03   6.8708468e-04   1.8963845e-03
   2.2659294e-01   3.4684718e-01   3.4911477e-02   3.3259457e-03   8.3357204e-04   1.6788808e-03
   2.2820216e-01   5.4754072e-02  -7.3862198e-02  -4.8656379e-03   8.1836775e-04   2.1757990e-03
   3.7968647e-01   3.6983065e-01  -1.4101326e-01  -5.7306544e-04   2.5381403e-03   7.5126112e-04
   3.4160052e-01   2.7950681e-02  -2.0799238e-02   2.4149197e-04   1.7512329e-03   1.7958833e-03
   2.2150206e-01   1.4547522e-01  -9.3665564e-03   3.8747645e-04   7.3102076e-04   2.4082362e-03
   2.1562988e-01   2.4609697e-01  -3.0415417e-02   1.7945916e-03   5.6969412e-04   2.4792650e-03
   1.6847151e-01   3.0373409e-01   3.2941428e-02   3.1273713e-03  -5.3416120e-06   2.5140734e-03
   1.5805745e-01   3.1009238e-01   4.8017760e-02   4.1497163e-03   1.2770623e-04   2.2896485e-03
   1.0462595e-01   2.9457209e-01   5.0617930e-02   3.1119147e-03  -3.4825962e-04   2.3341071e-03
   7.3929130e-02   3.1203164e-01   4.1180437e-02   4.2146586e-03  -5.3081523e-04   2.2789954e-03
   1.5562325e-01   2.6104950e-01   2.3847886e-02   2.5520402e-03  -1.0583635e-03   2.8059585e-03
   2.6396303e-01   1.5640956e-01   1.4303665e-02   3.8201993e-04  -4.1433371e-04   2.2039346e-03
   2.2591470e-01   1.2798198e-01  -1.2236509e-01   1.6828522e-03  -9.6482105e-04   2.4214440e-03
   2.3996077e-01   2.5377457e-01  -8.6977894e-04   2.3543126e-03  -2.6142719e-04   1.9392552e-03
   1.3986430e-01   2.8130609e-01   2.6319195e-02   2.8772022e-03  -9.5524879e-04   1.9959010e-03
   1.3888915e-01   2.6407824e-01  -9.5553288e-03   3.8296302e-03  -7.3862853e-04   1.8293824e-03
   1.0691605e-01   3.4531965e-01   5.3575036e-02   3.5400685e-03  -1.1494966e-03   2.0186496e-03
   9.1031733e-02   2.7558319e-01   1.6553393e-02   4.4803210e-03  -1.2564753e-03   2.3007285e-03
   8.3154900e-02   3.3809968e-01   2.8974672e-02   4.7580601e-03  -1.3950251e-03   2.1123293e-03
   1.1140932e-01   3.3372252e-01   3.9744019e-02   3.4043271e-03  -1.3213143e-03   2.0973090e-03
   8.8329032e-02   3.0018860e-01   5.8884675e-03   4.4165455e-03  -1.5354286e-03   2.3552372e-03
   8.0303246e-02   3.5736807e-01   7.5739892e-02   4.1239563e-03  -1.9109922e-03   2.2590272e-03
   7.4274312e-02   3.2610796e-01   4.8398674e-02   3.4561586e-03  -2.0709183e-03   2.5690682e-03
   6.2772511e-02   2.5229355e-01   3.8666122e-02   2.9282289e-03  -2.5286764e-03   3.0690206e-03
   5.9120626e-02   3.4806848e-01   7.1948806e-02   2.5899648e-03  -2.2778943e-03   2.9445070e-03
   6.5246965e-03   2.4225985e-02  -6.4617687e-01  -1.9511010e-03  -2.1799883e-03   5.2822839e-03
   1.2745945e-01   3.4534202e-01   1.4816891e-01   2.9355420e-03  -1.1992051e-03   3.9909121e-03
   1.8909839e-01   3.0624803e-01   1.1258984e-01   3.5271344e-03  -7.0164619e-04   4.1058014e-03
   1.7064962e-01   2.0978880e-01   2.0995398e-01   3.0150203e-04  -1.5430754e-03   3.4224895e-03
   1.3737557e-01   1.9435831e-01   1.9106465e-01   1.3686230e-03  -1.7567427e-03   3.3568243e-03
   9.0728114e-02   3.0483323e-01   2.9248318e-01   2.4235004e-03  -2.4410174e-03   2.8721014e-03
   7.4611047e-02   3.0395701e-01   2.6817740e-01   2.4786033e-03  -2.6510031e-03   3.0796652e-03
   1.0663434e-01   2.4935134e-01   2.1418978e-01   1.2958057e-03  -2.5319083e-03   2.7113215e-03
   9.3437074e-02   2.6428634e-01   1.3161861e-01   2.8900229e-03  -2.4541075e-03   3.0271810e-03
   7.1352995e-02   2.9927043e-01   1.9332111e-01   1.6963848e-03  -2.6952000e-03   2.8449443e-03
   7.3676174e-02   2.2073907e-01   1.2305902e-01   2.6383233e-03  -2.8481421e-03   3.5337444e-03
   1.8408594e-01   2.8431341e-01   3.2241125e-01   6.6128743e-04  -2.0786910e-03   2.4284701e-03
   1.6243868e-01   2.0913194e-01   1.9371266e-01   3.1051853e-03  -2.1548016e-03   2.9499087e-03
   1.5991637e-01   2.9123462e-01   1.9034926e-01   2.7259183e-03  -2.3754711e-03   2.7238507e-03
   2.0031753e-01   3.9600751e-01   7.9443449e-02   4.8024412e-03  -1.7912716e-03   2.9606667e-03
   1.7934457e-01   6.0882521e-01   5.5838952e-02   7.5738600e-03  -1.9538342e-03   3.4860175e-03
   2.1944810e-01   4.0769769e-01  -4.2173128e-02   6.0558359e-03  -1.5062748e-03   3.8059010e-03
   2.8901904e-01   4.1752965e-01  -1.9043984e-01   7.5707936e-03  -6.9813760e-04   3.6498749e-03
   2.5886350e-01   4.3449873e-01  -2.0356344e-01   7.1862918e-03  -9.5539680e-04   3.7634873e-03
   3.4777069e-01   4.5210824e-01  -2.6080084e-01   6.8343500e-03   2.1617501e-03   1.5607011e-03
   2.9258511e-01   4.6992934e-01  -3.2684988e-01   7.9963875e-03   1.7459437e-03   7.2452431e-04
   2.5852951e-01   4.4828639e-01  -3.1636614e-01   6.8706632e-03   1.2875260e-03   9.6527933e-04
   2.4455863e-01   4.1442778e-01  -3.4770984e-01   7.7597466e-03   1.1245005e-03   1.6226933e-03
   2.4454654e-01   4.3212164e-01  -3.6250036e-01   7.3685454e-03   1.2139817e-03   1.7696047e-03
   2.1607802e-01   4.5588783e-01  -3.5505849e-01   6.7164083e-03   9.4295891e-04   1.7421203e-03
   1.9455437e-01   3.9482646e-01  -3.9858463e-01   6.8468834e-03   7.5640906e-04   1.9259037e-03
   1.8896153e-01   4.8486581e-01  -4.0267471e-01   7.9254972e-03   8.2377232e-04   1.7658341e-03
   1.5392597e-01   4.6313920e-01  -4.0551325e-01   7.2957310e-03   6.6156615e-04   1.6068608e-03
   1.6037750e-01   4.6314497e-01  -2.6214330e-01   6.9654679e-03   6.0857794e-04   1.9382490e-03
   1.8266867e-01   3.8402968e-01  -2.5858679e-01   4.7211394e-03   5.4731257e-04   1.9458881e-03
   1.7967962e-01   4.6664834e-01  -1.0761452e-01   6.2478781e-03   8.9010421e-04   1.9017960e-03
   1.8879524e-01   3.6655220e-01  -2.8215707e-01   5.2042601e-03   6.5121795e-04   1.7998879e-03
   9.6738714e-02   2.9128434e-01  -2.1109251e-01   3.5642853e-03   1.8439009e-04   2.3225374e-03
   7.5265506e-02   2.6755012e-01  -6.4033724e-02   1.6238058e-03  -1.2063823e-04   3.0717550e-03
   1.9194184e-01   3.7679496e-01  -8.9706204e-02   4.4575813e-03   7.8177566e-04   2.1020449e-03
   1.2375261e-01   4.2280469e-01  -1.8050795e-01   5.2839868e-03   3.4999536e-04   2.6533592e-03
   1.4259763e-01   3.5847718e-01  -3.9410065e-01   5.9557880e-03   5.8584820e-04   3.3953725e-03
   1.6297504e-01   4.5253139e-01  -2.3648868e-01   6.2605667e-03   7.3187674e-04   3.7127599e-03
   1.5505539e-01   3.8745446e-01  -2.5644707e-01   6.0973382e-03   9.3059155e-04   3.3727360e-03
   1.4832010e-01   6.2515319e-01   1.7292123e-02   3.9532737e-03   7.9247832e-04   3.6864730e-03
   1.6874576e-01   5.4159801e-01  -2.0116061e-01   7.2000187e-03   1.2694586e-03   3.4558018e-03
   1.0357060e-01   4.3363715e-01  -3.5255899e-01   6.2270568e-03   6.9485231e-04   3.2537147e-03
   9.0546638e-02   3.9567189e-01  -2.0099023e-01   5.7355154e-03   4.4457276e-04   3.4302700e-03
   1.9820459e-02   4.5317240e-01  -1.8134957e-01   5.9609087e-03  -3.3225804e-04   3.6323875e-03
  -2.7391523e-02   3.5707167e-01  -3.3914696e-01   4.7357736e-03  -5.4597765e-04   3.6565022e-03
  -3.7668069e-02   3.7390800e-01  -4.2241302e-01   5.4815217e-03  -6.7944427e-04   3.8521508e-03
  -4.0582549e-02   4.6121270e-01  -2.3469500e-02   4.4337178e-03  -2.4282763e-04   3.8896661e-03
  -5.6291764e-02   3.1265554e-01  -1.4887478e-01   3.5541650e-03  -6.4812993e-04   4.1890140e-03
  -2.0987520e-01   4.3549152e-01  -1.6511055e-01   5.9864620e-03  -1.9405235e-03   2.9594197e-03
   2.0885211e-03   5.1551597e-01   9.9781883e-02   5.3054935e-03  -7.3580027e-04   3.8048528e-03
   9.9499027e-03   3.8515368e-01   1.1251668e-02   6.0091429e-03  -8.0877359e-04   4.1763977e-03
  -3.1200653e-02   4.3768128e-01  -1.5695999e-02   5.7053610e-03  -7.8734816e-04   4.2834208e-03
  -7.1074181e-02   4.5688525e-01   1.5486993e-02   5.2044373e-03  -1.3226539e-03   4.2014470e-03
  -7.5269744e-02   4.3821714e-01   1.4253741e-03   6.8878717e-03  -1.5314561e-03   4.3571177e-03
  -9.0465382e-02   4.9009605e-01   4.6828380e-02   6.6340792e-03  -1.1884175e-03   4.1782571e-03
  -6.6221295e-02   4.1601756e-01   3.3365936e-02   5.2465224e-03  -1.2152542e-03   4.5171481e-03
  -4.9747293e-02   4.4099130e-01   8.1659427e-02   6.7701867e-03  -1.1362520e-03   4.5739124e-03
  -2.9505948e-02   5.1551685e-01  -3.8433821e-02   8.4606526e-03  -3.0971895e-04   4.4375839e-03
   2.3232009e-02   5.3691443e-01  -8.3242750e-02   5.2722555e-03   6.8592141e-04   5.0533238e-03
  -9.5840512e-02   2.7213225e-01   6.3210170e-01   1.9978034e-03   2.0331781e-04   6.2686969e-03
   2.4035923e-02   4.2213687e-01   5.6458480e-01   5.4182664e-03   2.4283504e-03   4.4819676e-03
  -1.1394109e-02   4.3756834e-01   5.0168573e-01   6.1283549e-03   2.5268464e-03   4.8326237e-03
  -8.5347028e-02   4.6843894e-01   5.3342634e-01   6.8434460e-03   1.8897064e-03   5.7061645e-03
  -4.1012938e-02   5.0841630e-01   5.4517422e-01   7.0547665e-03   1.8498179e-03   6.0870721e-03
  -7.5323411e-02   4.2529199e-01   5.5509437e-01   6.1086227e-03   1.4749971e-03   5.8455502e-03
  -8.2345660e-02   4.7104918e-01   5.8209818e-01   6.9357265e-03   1.4011720e-03   5.9335404e-03
  -8.2849904e-02   5.2970962e-01   5.8837453e-01   7.7851303e-03   1.3556169e-03   5.9886108e-03
  -1.1788047e-01   4.5174126e-01   5.3565236e-01   6.8296954e-03   1.0180774e-03   5.8368620e-03
  -1.3135799e-01   4.6678167e-01   5.0145442e-01   7.4786883e-03   8.5704946e-04   6.0410969e-03
  -1.4883780e-01   5.1263563e-01   5.3758710e-01   7.8653968e-03   7.6331982e-04   6.0073119e-03
  -1.6302873e-01   4.9741612e-01   5.5194130e-01   7.2904668e-03   5.7099482e-04   6.1595327e-03
  -1.7425852e-01   4.9798396e-01   5.3906111e-01   8.0941319e-03   7.5966197e-05   6.7014597e-03
   3.4694350e-01   5.5933731e-01   8.5482744e-01   2.6838387e-03   2.8034367e-03   5.4013366e-03
   2.9448844e-01   4.5857093e-01   8.5629075e-01   9.9621134e-03   1.9954772e-03   5.5724493e-03
   1.4656306e-01   5.1676180e-01   8.1064743e-01   9.9622650e-03   1.1178285e-03   6.1325564e-03
   1.4708278e-01   5.7683320e-01   7.3468231e-01   1.0877523e-02   1.0986064e-03   6.1632131e-03
   1.2069400e-01   5.8065058e-01   7.4756523e-01   1.0624547e-02   1.0414918e-03   6.6085758e-03
   7.7205531e-02   5.6427220e-01   7.7194995e-01   1.1019735e-02   7.8187329e-04   7.0112945e-03
   3.7105916e-02   6.0989630e-01   8.3941732e-01   1.1519501e-02   6.9249840e-04   7.2408718e-03
   2.2583089e-01   5.4240436e-01   1.0484105e+00   8.6308837e-03   1.5424893e-03   6.7975740e-03
   1.3187237e-01   4.8307288e-01   9.0752368e-01   1.0138728e-02   1.1925025e-03   7.1135824e-03
   1.1554451e-01   5.6049823e-01   8.3743061e-01   1.2098403e-02   1.3267643e-03   6.7636325e-03
   7.3007205e-02   6.0760684e-01   8.2348816e-01   1.1746039e-02   9.4823076e-04   6.6725461e-03
   1.4105547e-01   5.6544265e-01   6.2713331e-01   1.2272172e-02   1.2834560e-03   6.8062579e-03
   1.2240478e-01   6.3726750e-01   7.5009148e-01   1.3100929e-02   9.5512836e-04   6.9262061e-03
   2.9601266e-01   7.9107705e-01   7.9990332e-01   1.6122360e-02   2.0931964e-03   6.9448984e-03
   2.7526284e-01   7.1249070e-01   7.3369945e-01   1.7275533e-02   2.3902545e-03   6.7140755e-03
   2.0699108e-01   7.0170165e-01   6.1578636e-01   1.5378620e-02   2.7233224e-03   7.8346609e-03
   3.1858771e-01   7.9291690e-01   6.5668415e-01   1.5234001e-02   3.6357076e-03   7.2243812e-03
   2.5888100e-01   6.6763630e-01   5.8289101e-01   1.5506657e-02   3.5966098e-03   7.5554172e-03
   2.2370589e-01   7.6959054e-01   6.3644438e-01   1.6409745e-02   3.5570322e-03   7.6238916e-03
   2.0112039e-01   7.5314328e-01   6.2779012e-01   1.5765619e-02   3.4265617e-03   7.6030684e-03
   2.0475641e-01   7.0666146e-01   5.9038054e-01   1.5920731e-02   3.3093098e-03   7.7370022e-03
   2.0825456e-01   7.8640717e-01   6.0876080e-01   1.6140654e-02   3.0814609e-03   7.6064319e-03
   2.4654574e-01   7.2960405e-01   5.7487586e-01   1.5002163e-02   3.3113640e-03   7.4169483e-03
   2.5462244e-01   7.2409861e-01   5.5058715e-01   1.6165085e-02   3.2898767e-03   7.8787920e-03
   2.1939503e-01   7.8682519e-01   6.2376493e-01   1.6189374e-02   2.9337203e-03   7.5470708e-03
   1.9718349e-01   7.5054443e-01   6.2561479e-01   1.5680487e-02   2.6678249e-03   7.3651261e-03
   6.3772815e-01   6.3904639e-01   4.3060328e-01   1.5825880e-02   4.2544759e-03   2.0379534e-02
   4.8866234e-01   7.7782993e-01   4.5503809e-01   1.7804811e-02   3.6665472e-03   1.4950882e-02
   2.9918632e-01   7.6219776e-01   5.9442095e-01   1.5750561e-02   3.0002753e-03   1.1497390e-02
   2.3811795e-01   7.4803388e-01   5.6221872e-01   1.7041990e-02   2.9690918e-03   1.0873183e-02
   1.8794001e-01   7.9411252e-01   6.2929802e-01   1.6212751e-02   2.4570002e-03   1.1029306e-02
   1.8309212e-01   7.3306929e-01   8.1909734e-01   1.5013501e-02   2.8130200e-03   1.0419154e-02
   2.0888757e-01   7.6657609e-01   7.6922364e-01   1.7008553e-02   4.2947455e-03   9.0338469e-03
   1.1023650e-01   7.7824767e-01   6.6507390e-01   1.6623635e-02   3.9412163e-03   8.7441117e-03
  -3.0962638e-02   7.2965880e-01   6.9592264e-01   1.6005083e-02   2.4220439e-03   8.2859768e-03
  -2.4286803e-01   7.8099110e-01   7.3375707e-01   1.6585548e-02   2.8993876e-04   6.7687395e-03
  -2.2492366e-01   8.4086740e-01   7.5448634e-01   1.6699372e-02   3.4333868e-04   6.1797952e-03
  -1.6812201e-01   7.3321362e-01   6.9621784e-01   1.4353521e-02  -2.4677765e-04   8.7839275e-03
   6.6960200e-02   7.4527743e-01   7.7139785e-01   1.3727572e-02   1.5397736e-03   6.4814702e-03
   6.1568635e-03   7.0185527e-01   7.7638900e-01   1.4634264e-02   1.0901489e-03   6.5804435e-03
  -2.0558952e-02   7.2534674e-01   7.2728570e-01   1.5984089e-02   9.1479491e-04   6.1797918e-03
   5.5770491e-02   9.3187990e-01   8.2513399e-01   1.7785608e-02   1.8317721e-03   5.8055468e-03
  -3.1610755e-02   9.1252770e-01   8.5213135e-01   1.8056530e-02   1.2263239e-03   5.7833213e-03
  -7.7700769e-02   8.6028140e-01   7.6370642e-01   1.8189743e-02   1.0306033e-03   5.9894816e-03
  -6.7347725e-02   8.5069541e-01   7.4782988e-01   1.7746876e-02   1.2931113e-03   6.4453701e-03
  -1.0755381e-02   8.6894897e-01   7.0137748e-01   1.7689431e-02   1.6644936e-03   5.9143813e-03
  -4.1731263e-02   7.6905871e-01   6.7034760e-01   1.6683394e-02   1.1540612e-03   6.3658514e-03
   1.9544136e-02   7.2001993e-01   6.5266307e-01   1.4609676e-02   1.8997891e-03   6.0111173e-03
   5.0880367e-01   8.4041063e-01   7.7069281e-01   1.3528929e-02   6.8915565e-03   6.2229494e-03
   2.3768077e-01   9.3125117e-02  -1.6730428e-02   2.7607483e-03   5.1048589e-03   7.5854904e-03
   4.2198297e-01   4.9406954e-01   5.3531011e-01   6.6406098e-03   6.5854920e-03   5.9426749e-03
   3.9393133e-01   4.0855336e-01   5.3146469e-01   8.2296809e-03   6.6378826e-03   5.5504714e-03
   3.1978563e-01   4.6028174e-01   5.2727689e-01   9.1931633e-03   6.0654229e-03   5.3035957e-03
   1.8948080e-01   4.6974091e-01   6.2251943e-01   8.0136551e-03   4.7220558e-03   3.8919933e-03
   8.9374820e-02   4.3839398e-01   6.4634564e-01   8.0359707e-03   3.7804083e-03   3.5485111e-03
   4.9050462e-02   4.5993465e-01   6.5670331e-01   8.5530956e-03   3.2699823e-03   3.4325860e-03
   1.5612902e-02   5.2840267e-01   6.9819730e-01   9.8592194e-03   3.1641209e-03   3.5544642e-03
   1.1770336e-01   2.3831492e-01   5.4897787e-01   9.5580241e-04   3.5487300e-03   5.3821370e-03
   3.6038195e-01   1.4130954e-01   4.7440882e-01  -4.2793017e-03   4.8202550e-03   2.8760855e-03
   3.2368983e-01   1.0864571e-01   5.2684456e-01   1.1394366e-03   3.8392321e-03   3.1189806e-03
   2.5323737e-01   9.2282531e-02   4.8808926e-01   6.8116289e-04   3.8275350e-03   2.7308478e-03
   1.6606559e-01   2.3216873e-01   5.5304888e-01   3.2465319e-03   3.1016425e-03   2.7322890e-03
   4.8834512e-01   2.6826490e-01   6.2149207e-01   1.5922998e-03   4.8055550e-03   4.4114443e-03
   4.9900882e-01   2.3476593e-01   4.7730798e-01   4.7982075e-03   5.2441995e-03   3.6956313e-03
   5.0915912e-01   3.5003977e-01   5.7188185e-01   4.8615312e-03   5.5806772e-03   3.8232404e-03
   3.5128290e-01   2.7235661e-01   5.5009973e-01   4.9514071e-03   4.0321542e-03   3.2511954e-03
   3.0757334e-01   3.4220759e-01   6.2797367e-01   4.6333828e-03   3.9288116e-03   2.6408794e-03
   3.0578989e-01   2.7245789e-01   5.7884220e-01   4.3275059e-03   3.6652592e-03   2.8796615e-03
   3.0564148e-01   2.8570887e-01   5.7127008e-01   5.0816947e-03   3.6804609e-03   2.7734486e-03
   4.8433462e-01   2.8620276e-01   3.4259550e-01   4.6001600e-03   5.7806352e-03   4.0629524e-03
   4.8000215e-01   3.8282060e-01   5.5810653e-01   5.1847022e-03   6.0019765e-03   4.7999845e-03
   5.4332043e-01   2.5639128e-01   4.0960561e-01   3.9520430e-03   6.3250192e-03   5.3884743e-03
   5.6405066e-01   3.0679397e-01   3.9872671e-01   5.2142490e-03   7.3053890e-03   5.2919086e-03
   4.8011709e-01   2.6867822e-01   3.5159738e-01   3.0759348e-03   6.9161117e-03   5.9375442e-03
   5.0027304e-01   3.3256121e-01   4.2206380e-01   3.7781248e-03   7.0464255e-03   4.9110897e-03
   4.9740579e-01   2.8183182e-01   4.2133495e-01   5.0446273e-03   7.0486183e-03   4.8949017e-03
   3.0121556e-01   3.7104035e-01   5.4117653e-01   4.8641824e-03   4.8915500e-03   3.7637490e-03
   3.4081419e-01   2.4562098e-01   4.3950045e-01   4.1943171e-03   5.3560765e-03   3.7346219e-03
   2.7416695e-01   3.7681764e-01   5.3207117e-01   5.7539089e-03   4.7503234e-03   2.5398352e-03
   1.7522794e-01   3.3690559e-01   5.0126080e-01   4.7550495e-03   4.1807801e-03   1.4834379e-03
   1.4928516e-01   2.9664007e-01   5.0441611e-01   4.2474884e-03   3.9894599e-03   1.5905274e-03
   1.1522090e-01   3.4618631e-01   4.9899784e-01   5.4379412e-03   3.7436644e-03   1.4645598e-03
   2.5715148e-02   4.5395796e-01   6.1715919e-01   6.6042175e-03   2.8856514e-03   1.2475921e-03
  -1.3475033e-02   5.4042812e-01   6.5977974e-01   7.3227623e-03   2.5130515e-03   1.2398446e-03
   1.3371116e-01   4.9196805e-01   6.1037399e-01   4.3646927e-03   3.2486033e-03   1.3662948e-03
   3.4638801e-01   2.4733843e-01   2.3714601e-01   3.1683873e-03   6.0585866e-03   4.3672131e-03
   3.7319904e-01   3.4561296e-01   3.4981313e-01   5.0016653e-03   6.5507110e-03   3.2694300e-03
   3.1948773e-01   3.8290157e-01   3.5407063e-01   5.3532161e-03   5.7253906e-03   3.1891043e-03
   4.0169443e-01   4.6606987e-01   4.2027376e-01   6.5046410e-03   6.6812887e-03   2.9247661e-03
   4.2658107e-01   4.0999992e-01   4.5278475e-01   6.5473317e-03   7.0873174e-03   2.9093656e-03
   3.9314003e-01   5.1738728e-01   4.8824579e-01   7.7783334e-03   6.8974022e-03   2.3269337e-03
   3.5867204e-01   4.7352229e-01   5.1192063e-01   7.1163849e-03   6.6140589e-03   2.3309325e-03
   3.4721692e-01   4.1085595e-01   4.6857619e-01   6.6311176e-03   6.4308484e-03   2.0007427e-03
   3.7226104e-01   4.8081283e-01   5.4507939e-01   7.6215647e-03   6.5782603e-03   2.6760875e-03
   3.4338339e-01   5.1057480e-01   5.9143971e-01   7.3252733e-03   6.4154718e-03   2.0986815e-03
   3.9919413e-01   4.2872495e-01   5.0608399e-01   3.1693806e-03   7.2258825e-03   3.5326972e-03
   4.1830481e-01   2.8550102e-01   8.1203219e-01   2.9607539e-04   6.0657804e-03   4.8544107e-03
   3.8834408e-01   2.6630214e-01   7.1622560e-01   2.7226273e-03   6.0298474e-03   4.8521925e-03
   3.9864957e-01   3.3174665e-01   7.3822015e-01   3.0456358e-03   6.2563977e-03   4.4071948e-03
   3.3386834e-01   4.5227075e-01   8.2827715e-01   5.1974673e-03   5.8597242e-03   3.6636224e-03
   3.5816769e-01   4.1734398e-01   7.9866049e-01   4.4027480e-03   6.0131673e-03   4.0248902e-03
   3.2476265e-01   3.9540141e-01   8.4157696e-01   3.9648534e-03   5.6713323e-03   3.4974688e-03
   3.0680041e-01   4.6025052e-01   7.8028027e-01   6.2443640e-03   5.2024106e-03   3.4055142e-03
   3.2397309e-01   4.9236158e-01   9.1045679e-01   5.4708438e-03   5.5153775e-03   3.6459582e-03
   3.3243415e-01   4.4018323e-01   8.9554781e-01   5.2985921e-03   5.5078738e-03   3.2992204e-03
   2.8258879e-01   6.3313234e-01   8.5400931e-01   9.0386059e-03   5.1576906e-03   3.2262343e-03
   3.8530367e-01   5.4087100e-01   3.2392124e-01   8.3734470e-03   6.2834906e-03   3.9812886e-03
   4.1455723e-01   4.4179274e-01   5.0317477e-01   5.7019173e-03   6.2489639e-03   3.9756107e-03
   3.8830252e-01   6.6514577e-01   8.8631467e-01   7.8946568e-03   5.7916300e-03   3.1604688e-03
   3.4868172e-01   5.6930372e-01   8.5893037e-01   6.7253568e-03   5.2521507e-03   3.4194236e-03
   3.9935559e-01   6.3520060e-01   7.1783061e-01   8.8940202e-03   5.9357109e-03   2.8640802e-03
   3.6250525e-01   5.1561555e-01   7.0378241e-01   5.9175250e-03   5.4175287e-03   3.5481076e-03
   4.3998437e-01   5.5101331e-01   7.1458714e-01   8.1313912e-03   6.1883079e-03   3.3225806e-03
   4.7161023e-01   5.7735325e-01   8.1774226e-01   6.5155376e-03   6.5643947e-03   3.6405226e-03
   4.5655911e-01   4.7749778e-01   7.1626416e-01   6.6930237e-03   6.4238294e-03   3.4209990e-03
   4.5305623e-01   5.9812756e-01   7.2922486e-01   7.9768265e-03   6.3977244e-03   3.3518641e-03
   4.3506925e-01   5.6113672e-01   7.4074007e-01   6.3255094e-03   6.2297012e-03   3.6245497e-03
   4.0803441e-01   5.5242536e-01   7.0246736e-01   7.8465809e-03   5.9238936e-03   3.6081227e-03
   4.4490741e-01   5.9165528e-01   7.5044567e-01   7.3885601e-03   6.0509001e-03   3.7679313e-03
   3.8372832e-01   5.9426551e-01   8.1960555e-01   7.1183884e-03   5.3899181e-03   2.8285898e-03
   3.6771282e-01   5.7911976e-01   7.8930745e-01   8.8108647e-03   5.3477695e-03   2.9502256e-03
   3.6667013e-01   6.2174636e-01   8.8198301e-01   7.8446682e-03   5.2222634e-03   3.3003684e-03
   3.9617496e-01   5.9576612e-01   7.7866737e-01   7.5118280e-03   5.6632474e-03   3.5044832e-03
   3.6658328e-01   5.1712153e-01   7.0809544e-01   7.7603329e-03   5.4700704e-03   3.5790339e-03
   3.3648606e-01   6.3805032e-01   6.8397887e-01   8.6966349e-03   5.2247426e-03   3.1562803e-03
   5.1468046e-01   5.8553037e-01   6.2905089e-01   6.7283818e-03   6.5662156e-03   3.9808078e-03
   4.8750889e-01   5.3816518e-01   3.1973314e-01   8.4541111e-03   6.3460710e-03   3.5647485e-03
   4.3173448e-01   6.9087070e-01   6.0064322e-01   7.8095861e-03   5.8458611e-03   2.7721199e-03
   4.2429450e-01   5.1395970e-01   5.8484240e-01   5.1026757e-03   6.1569993e-03   2.7067056e-03
