   0.0000000e+00   0.0000000e+00   0.0000000e+00   0.0000000e+00   0.0000000e+00   0.0000000e+00
  -4.7808590e-03   2.6616545e-02   4.6304836e-02  -6.4710765e-04  -1.6847521e-04   1.2562952e-04
  -7.6247451e-03   4.0298279e-02   4.8558664e-02  -3.3832749e-04  -1.0518761e-04   1.4552022e-04
  -7.5726710e-03   4.7247326e-02   8.9661807e-02  -9.6527244e-04  -1.7493921e-04   2.1918723e-04
   1.3194816e-02   2.1133515e-02   9.8472769e-02  -1.0526865e-03   3.5836634e-04   4.3501252e-04
   1.4325199e-02   3.2759090e-02   8.9115721e-02  -6.0294827e-04   2.4249918e-04   2.2567036e-04
   7.2803317e-03   6.1881314e-02   1.1715823e-01  -5.0056008e-04   6.5361434e-05   2.0949390e-04
   1.1302654e-02   9.8143201e-03   8.2084201e-02  -1.0575887e-03   7.9984625e-05   3.0473125e-04
   9.7943559e-03   7.9148364e-02   9.9019599e-02  -8.9142883e-04  -9.8688279e-05   5.0523025e-05
   7.8891622e-03   2.6262847e-02   4.3482100e-02  -9.0441739e-04   5.2587984e-05   1.7540448e-04
   1.3236456e-02   5.9915924e-02   7.4207815e-02  -7.4523035e-04  -6.3829710e-05   1.7495867e-04
   1.6085580e-02   5.2551346e-02   1.0120606e-01  -8.1467456e-04  -2.3612579e-04   1.4650608e-04
   1.9497576e-02   3.7532581e-02   6.5172747e-02  -6.8064796e-04   1.9314214e-05   2.6009585e-04
   1.9261501e-02   7.0944030e-02   9.2365648e-02  -4.8289738e-04  -2.4992959e-05   2.3538278e-04
   1.4027628e-02   1.9552129e-02   8.4448201e-02  -6.3834462e-04   3.3310547e-05   3.9521420e-04
   1.6745360e-02   3.8280832e-02   3.1126407e-02  -4.6893126e-04   9.6520035e-05   4.3629562e-04
   1.3252336e-02   7.7587576e-02   8.9473687e-02   2.5401232e-04   4.1163375e-05   3.4364733e-04
   1.8662605e-02   3.4456086e-02   7.5685154e-02  -1.0164373e-03  -1.8844315e-04   4.7714184e-04
   1.5494047e-02   4.9031659e-02   7.2088117e-02   5.9511084e-05   1.4069797e-04   4.6543388e-04
   2.7010743e-02   6.3771968e-02   1.1159195e-01  -5.0047566e-05   4.8024224e-04   4.5186774e-04
   1.4752190e-02   3.7473314e-02   5.8487739e-02  -6.2160978e-04   1.4582608e-04   5.8986925e-04
   1.3699144e-02   7.5455972e-02   8.5482789e-02  -1.0755273e-06   3.8876868e-04   3.5872718e-04
   2.0624304e-02   5.9109194e-02   1.2537330e-01  -3.6380119e-04   2.6219133e-04   5.3712916e-04
   1.6107492e-02   3.4259091e-02   4.7865388e-02  -1.0078070e-04   4.3172228e-04   5.0117551e-04
   1.4683718e-02   8.5855328e-02   1.1711438e-01   7.1441105e-05   4.4736754e-04   4.5052118e-04
   1.7855613e-02   2.0820152e-02   5.1239514e-02  -6.5764643e-04   3.3357686e-04   4.5819819e-04
   1.3760680e-02   6.7730490e-02   8.4457803e-02   2.2093299e-05   2.3309244e-04   3.2810315e-04
   2.2937558e-02   2.3081876e-02   8.4325770e-02  -7.2158762e-04   1.7812359e-04   5.5135968e-04
   2.0529218e-02   5.2302340e-02   4.5943538e-02  -1.9790071e-04   3.5921574e-04   2.6618980e-04
   2.1385390e-02   6.9504651e-02   1.0161018e-01  -2.8257550e-04   3.8013619e-04   3.5587370e-04
   1.3668778e-02   5.9021291e-02   4.9114231e-02   5.9518163e-07   2.4036437e-04   4.3087998e-04
   2.8582473e-02   8.8860754e-02   8.2559017e-02  -3.3374867e-04   3.0809792e-04   4.2014322e-04
   3.2949823e-02   3.8127058e-02   6.4388425e-02  -3.0979063e-04   2.5188331e-04   5.3403772e-04
   3.2477841e-02   7.7897188e-02   3.8165809e-02   3.7090391e-04   8.9668342e-04   8.9251396e-04
   3.9111683e-02   6.9357118e-02   7.6418224e-02  -2.1554571e-04   8.4716807e-04   7.7747617e-04
   4.1227239e-02   3.8063469e-02   1.5014678e-02  -2.9561868e-04   7.2393868e-04   7.3118955e-04
   3.0902580e-02   8.7882481e-02   8.1380363e-02   4.2239370e-04   7.4043792e-04   5.2738911e-04
   3.0971884e-02   3.9844351e-02   5.1906666e-02  -2.1342305e-04   7.7718994e-04   8.2576403e-04
   3.0873446e-02   5.6210716e-02   2.8291311e-02  -4.8421172e-05   9.2763560e-04   7.6080348e-04
   2.9800776e-02   7.3471795e-02   6.9826737e-02  -8.5909437e-05   6.8599070e-04   6.9563194e-04
   3.2184965e-02   5.3639659e-02   6.6549482e-02   5.8306049e-05   7.8018729e-04   8.0075030e-04
   2.9941008e-02   1.8248157e-02  -1.2273505e-01   3.1170736e-03   8.1304818e-04   7.1758016e-04
   1.8550511e-02   1.8166216e-02   3.3650280e-02  -2.4592066e-03   9.3698623e-04   7.2465829e-04
   4.4651062e-02   6.6736426e-02   5.4153510e-02  -8.5782149e-04   1.0717646e-03   5.7309758e-04
   4.4577117e-02   3.9000615e-02   4.8221943e-02  -1.4940784e-03   8.1958882e-04   7.9193300e-04
   7.8782818e-02   7.6855133e-02   4.0627329e-02  -4.3235305e-04   1.9426377e-03   1.0132701e-03
   4.1201526e-02   8.7262046e-02   9.6562072e-02  -1.8903452e-04   1.2118430e-03   7.1147276e-04
   5.0911852e-02   5.2778195e-02   1.1082866e-01  -9.9806286e-04   9.4576464e-04   8.5851135e-04
   5.3887049e-02   6.1089434e-02   8.7845676e-02  -2.9242108e-04   9.8179298e-04   6.9993648e-04
   4.6415478e-02   8.8695019e-02   1.4007369e-01  -4.8909305e-04   1.1500233e-03   7.4633766e-04
   6.3244005e-02   2.2020149e-02   6.4304928e-02  -8.9853244e-04   1.1901686e-03   8.5744011e-04
   5.4149971e-02   9.0916034e-02   1.1421653e-01  -2.1285451e-04   9.6566951e-04   7.3196837e-04
   5.5745674e-02   6.3587192e-02   1.3327627e-01  -6.6472129e-04   1.2106268e-03   7.6940916e-04
   5.0028851e-02   6.5232061e-02   9.3348198e-02  -7.3950200e-04   1.0606255e-03   6.6486897e-04
   4.9386098e-02   1.0014487e-01   1.5765940e-01  -2.4406199e-04   1.1456584e-03   6.6173110e-04
   6.0117859e-02   3.4947659e-02   9.8589547e-02  -1.1551589e-03   1.1647142e-03   7.6821941e-04
   4.1811735e-02   7.2056812e-02   9.8632989e-02  -4.6211572e-04   1.1069470e-03   6.7460436e-04
   4.4294199e-02   7.7613958e-02   1.5528836e-01  -6.2389023e-04   1.1345047e-03   6.9372733e-04
   4.5756429e-02   7.0052618e-02   1.3747199e-01  -9.5436643e-04   8.8075400e-04   8.5364274e-04
   5.3925282e-02   7.9637179e-02   1.2715394e-01  -3.0308331e-04   1.1933391e-03   8.5865378e-04
   6.6678620e-02   7.2316056e-02   1.3746362e-01  -1.2513521e-03   1.1405927e-03   1.0232874e-03
   6.4469388e-02   6.3198805e-02   8.4014718e-02  -7.0804558e-04   1.2336970e-03   8.0331108e-04
   6.4686640e-02   9.1664374e-02   1.3566527e-01  -5.3084869e-04   1.2532502e-03   8.9116126e-04
   6.6220262e-02   6.1011507e-02   1.1931052e-01  -1.3771873e-03   1.1285122e-03   8.6315099e-04
   6.7655822e-02   6.8352049e-02   7.6346925e-02  -5.9296191e-04   1.2592775e-03   1.0171843e-03
   6.2347075e-02   9.7523512e-02   1.4958085e-01  -7.5756341e-04   1.2799098e-03   8.6376372e-04
   6.9544566e-02   5.0888378e-02   1.0182353e-01  -9.9335963e-04   1.2318058e-03   9.6370297e-04
   6.6433444e-02   9.4816082e-02   1.1948174e-01  -5.7016745e-04   1.2433616e-03   9.0483060e-04
   9.0180226e-02   7.8523724e-02   1.4699210e-01  -6.2755488e-04   1.9838977e-03   1.4455837e-03
   1.1509172e-01   6.8323910e-02   8.5488390e-02   2.0216247e-04   2.8398891e-03   1.6138469e-03
   1.2596482e-01   1.1465047e-01   9.3732745e-02   6.1511898e-04   3.1528630e-03   1.5756484e-03
   1.3283812e-01   8.3554463e-02   9.2814622e-02   3.5470764e-04   3.0499523e-03   1.7048433e-03
   1.4295838e-01   8.1872963e-02   6.2000241e-02   3.1194055e-04   3.0027179e-03   1.7358919e-03
   1.3409134e-01   1.2926919e-01   1.0308633e-01   1.2084154e-03   2.9896295e-03   1.7114642e-03
   1.4192333e-01   8.0917330e-02   8.8298121e-02   2.5769906e-04   3.1719343e-03   1.8522538e-03
   1.3575951e-01   9.8345395e-02   5.3053115e-02   8.2859370e-04   2.8067832e-03   1.8008312e-03
   1.2954646e-01   1.2291901e-01   1.1445090e-01   8.2927944e-04   3.0619996e-03   1.7491725e-03
   1.3831587e-01   8.3842039e-02   7.1006999e-02   1.0148069e-04   2.7136164e-03   1.9527273e-03
   1.3812994e-01   1.3209683e-01   9.9859180e-02   9.0143096e-04   2.9801674e-03   1.8575612e-03
   1.4027824e-01   7.0776819e-02   8.0904572e-02   8.2419485e-05   2.9481982e-03   2.0721215e-03
   1.3801547e-01   1.4321471e-01   8.8049374e-02   1.1112669e-03   2.8254317e-03   1.8865681e-03
   1.4413065e-01   1.0259855e-01   1.2022881e-01   1.6064227e-04   2.8871948e-03   2.0973801e-03
   1.4480510e-01   9.7913714e-02   6.4032750e-02   4.5324588e-04   2.9342468e-03   2.0786507e-03
   1.3527035e-01   1.3766584e-01   1.2026040e-01   7.9685926e-04   3.2219586e-03   1.9980745e-03
   1.4509644e-01   9.2411986e-02   8.0948336e-02   9.8240213e-05   3.1473313e-03   2.2129695e-03
   1.4117526e-01   1.3512722e-01   7.9974560e-02   1.2272557e-03   3.1430886e-03   2.1786829e-03
   1.5003570e-01   1.4744248e-01   9.9666800e-02   1.7847565e-03   3.8542397e-03   2.1980491e-03
   1.5068161e-01   1.1011566e-01   1.7894123e-02   1.2842071e-03   3.6415467e-03   2.2443286e-03
   1.4826011e-01   1.5433341e-01   9.3425427e-02   1.5239643e-03   3.4385433e-03   2.1809137e-03
   1.7669511e-01   8.5664469e-02   2.9053576e-02   7.9549298e-04   3.4040588e-03   2.3295655e-03
   1.6863035e-01   1.4708257e-01   6.5401179e-02   1.5641342e-03   3.4924706e-03   2.2819734e-03
   1.7358364e-01   1.1587572e-01   8.4024078e-02   1.0036277e-03   3.5177463e-03   2.4513100e-03
   1.8410831e-01   1.0692876e-01   3.6896585e-02   1.3079608e-03   3.3829649e-03   2.4210566e-03
   1.6775287e-01   1.5432765e-01   1.0283361e-01   1.6741556e-03   3.4335334e-03   2.2644670e-03
   1.6504121e-01   1.1451245e-01   5.3514285e-02   8.7334627e-04   3.1278991e-03   2.3769787e-03
   1.5630632e-01   1.5656933e-01   4.8829609e-02   1.7918066e-03   3.1126306e-03   2.1290561e-03
   1.4598220e-01   1.2543898e-01   7.6663997e-02   9.8714174e-04   2.5786638e-03   2.4003512e-03
   1.4454403e-01   1.1835545e-01   1.7368247e-02   1.4393402e-03   2.5940913e-03   2.4034594e-03
   1.4219858e-01   1.6676015e-01   5.1675027e-02   2.2446032e-03   2.3672722e-03   2.2514821e-03
   1.3031197e-01   9.1489006e-02  -6.1057533e-03   1.7174164e-03   2.3740844e-03   2.4163109e-03
   1.3681805e-01   1.5230427e-01   4.0904651e-02   1.8670661e-03   2.2414278e-03   2.3131779e-03
   1.3632262e-01   1.0443135e-01   4.3590784e-02   1.5805320e-03   2.2625458e-03   2.5806603e-03
   1.4642673e-01   1.2649686e-01   3.6632419e-02   2.2026428e-03   2.3437810e-03   2.5228892e-03
   1.4176640e-01   1.4889283e-01   7.9539346e-02   2.1816915e-03   1.9612678e-03   2.5965259e-03
   1.5190895e-01   1.1905992e-01   2.6686375e-02   2.2210714e-03   2.3553301e-03   2.6198259e-03
   1.4566984e-01   1.6388935e-01   5.9460916e-02   2.2597795e-03   2.2561734e-03   2.5638723e-03
   1.5825451e-01   1.2336956e-01   4.4717771e-02   1.6640410e-03   2.0208541e-03   2.6816836e-03
   1.4549767e-01   1.3846733e-01   3.4834617e-02   2.3982461e-03   2.0913079e-03   2.5788596e-03
   1.4371766e-01   1.5172347e-01   5.4269533e-02   2.4390832e-03   2.1378773e-03   2.7160393e-03
   1.5355487e-01   1.2971572e-01   3.5669197e-02   1.8696560e-03   2.7142631e-03   2.7480927e-03
   1.5737978e-01   1.0698354e-01  -1.2990076e-01   2.5125220e-03   2.8272660e-03   2.5748769e-03
   1.5913441e-01   1.6833133e-01   7.5746442e-02   2.2598372e-03   2.8443030e-03   2.4455600e-03
   1.5007042e-01   1.1837719e-01   5.7259200e-02   1.3950441e-03   2.5429330e-03   2.6632039e-03
   1.5947138e-01   1.4583795e-01   5.4308354e-02   2.1358903e-03   2.8811793e-03   2.6124810e-03
   1.5590820e-01   1.6454268e-01   1.5623370e-01   2.0696995e-03   2.5363105e-03   2.6045804e-03
   1.5385077e-01   1.3290236e-01   8.5657550e-02   2.0971404e-03   2.4617204e-03   2.6217094e-03
   1.5398639e-01   1.7838890e-01   1.3136929e-01   2.6950448e-03   2.6615864e-03   2.6247004e-03
   1.4249029e-01   1.3346126e-01   1.1057509e-01   2.0162473e-03   2.1699456e-03   2.4544557e-03
   9.6399005e-02   1.5707550e-01   3.0243564e-02   2.3670614e-03   4.9990414e-04   1.3108845e-03
   1.0395937e-01   1.6218794e-01   1.1380236e-01   2.2558750e-03   7.4823807e-04   2.4668807e-03
   1.1764213e-01   1.2111195e-01   6.3349077e-02   2.4510439e-03   1.1639195e-03   2.5506902e-03
   1.1145992e-01   1.9351049e-01   1.2981275e-01   2.8723224e-03   1.0055633e-03   2.3159353e-03
   1.2123489e-01   1.2721112e-01   7.9152068e-02   2.4640170e-03   1.3034269e-03   2.6399697e-03
   1.1885409e-01   1.6692526e-01   6.7469084e-02   3.0714531e-03   1.3652657e-03   2.5221833e-03
   1.2083337e-01   1.5171774e-01   6.6996350e-02   2.6095840e-03   1.2170759e-03   2.6307961e-03
   1.1412879e-01   1.5412219e-01   1.0223015e-02   3.3145716e-03   1.5743795e-03   2.7449680e-03
   1.2341292e-01   1.6805812e-01   9.2526431e-02   2.6711064e-03   1.3506860e-03   2.6626971e-03
   1.2647398e-01   1.4268662e-01   1.9493395e-02   2.8420201e-03   1.4909529e-03   2.6108609e-03
   1.1930845e-01   1.9816720e-01   9.7180181e-02   3.2061221e-03   1.5558718e-03   2.5003058e-03
   1.2339285e-01   1.2905415e-01   4.3261277e-02   2.5737512e-03   1.2505662e-03   2.7683575e-03
   1.1824967e-01   1.8749737e-01   6.6373539e-02   3.0354453e-03   1.1512196e-03   2.6519424e-03
   1.1992611e-01   1.5227709e-01   8.2425738e-02   2.8317345e-03   1.1885401e-03   2.8050270e-03
   1.2360013e-01   1.4780660e-01   5.1817815e-02   2.9934732e-03   1.2887443e-03   3.0166472e-03
   1.2464387e-01   1.8285659e-01   1.1022418e-01   3.2048938e-03   1.2413083e-03   2.7274413e-03
   1.2926851e-01   1.3126695e-01   6.0240615e-02   2.6651870e-03   1.1074416e-03   2.9127569e-03
   1.2077377e-01   1.7791413e-01   8.2424211e-02   3.3696851e-03   1.2190517e-03   2.8356735e-03
   1.2086500e-01   1.4956395e-01   1.1209072e-01   2.6283253e-03   1.0989991e-03   2.8748637e-03
   1.1954587e-01   1.5606891e-01   5.2746597e-02   3.1872561e-03   1.2559092e-03   2.8560516e-03
   1.2149207e-01   1.9510968e-01   8.9134163e-02   3.1123676e-03   1.2098696e-03   2.8633024e-03
   1.2908222e-01   1.4440959e-01   4.0203941e-02   3.1187588e-03   1.4477028e-03   2.9716458e-03
   1.2146853e-01   1.8150301e-01   4.1018561e-02   3.3207349e-03   1.4826928e-03   2.8972911e-03
   1.2986350e-01   5.1460165e-02  -3.3418622e-01   5.1750328e-03   1.8672748e-03   3.1459853e-03
   7.0709417e-02   1.5976826e-01   1.1284176e-01  -9.5468875e-06   8.2980694e-04   2.4133781e-03
   9.7171340e-02   1.1053232e-01  -5.2453889e-02   2.6444005e-03   1.3700373e-03   2.9022523e-03
   1.0119922e-01   1.9690441e-01   5.2678075e-02   2.7431823e-03   1.4724484e-03   2.7900446e-03
   1.2250740e-01   1.4197509e-01   2.6118546e-02   1.6556800e-03   1.3552380e-03   3.1813717e-03
   1.2664459e-01   1.9418098e-01   7.9756106e-02   2.7472855e-03   1.0300404e-03   2.9102281e-03
   1.1544991e-01   1.7664845e-01   1.1898815e-01   2.6511427e-03   8.6786330e-04   2.9369172e-03
   1.2270855e-01   1.3099074e-01   7.3263294e-02   2.2542842e-03   9.8132439e-04   3.1328236e-03
   1.2340489e-01   1.9655729e-01   1.1196693e-01   2.7797649e-03   8.1090711e-04   3.0503892e-03
   1.2578548e-01   1.4286795e-01   8.9286446e-02   2.1938118e-03   7.9212787e-04   3.2327824e-03
   1.1876054e-01   1.8889310e-01   5.6906613e-02   2.8432753e-03   8.2227655e-04   3.0967035e-03
   1.2327462e-01   1.9309796e-01   1.0114623e-01   2.7342123e-03   8.4881495e-04   3.1324745e-03
   1.4069014e-01   1.4700246e-01   7.3424672e-02   2.1423262e-03   1.2207022e-03   3.3918152e-03
   1.2570754e-01   2.0582854e-01   8.8675970e-02   3.0282485e-03   1.1477874e-03   3.2353214e-03
   1.2306987e-01   1.8540887e-01   1.2870875e-01   2.7349907e-03   1.1658702e-03   3.1636967e-03
   1.3438445e-01   1.3365866e-01   6.0331512e-02   1.9367009e-03   1.1004965e-03   3.3964628e-03
   1.2764800e-01   1.9344035e-01   1.0155401e-01   3.2274094e-03   1.0476926e-03   3.0947818e-03
   1.3132154e-01   1.7082657e-01   1.3133750e-01   2.4553184e-03   9.5436796e-04   3.2334897e-03
   1.2512697e-01   1.6778502e-01   6.2167318e-02   2.8369904e-03   8.8046315e-04   3.1823076e-03
   1.2848401e-01   2.0317104e-01   1.3492153e-01   2.9912936e-03   7.9256444e-04   3.2305403e-03
   1.2191918e-01   1.4749040e-01   8.9106918e-02   2.1830102e-03   7.1559116e-04   3.1310378e-03
   9.1931132e-02   2.0493162e-01   9.7679625e-02   3.1745252e-03   3.1217021e-04   2.8464174e-03
   9.2536873e-02   1.6306484e-01   8.9947631e-02   2.5563740e-03   2.5843674e-04   2.9866904e-03
   7.8196607e-02   1.7843220e-01   5.2319821e-02   2.6581962e-03   3.8228632e-05   2.7362188e-03
  -1.0586747e-03   1.7097010e-01  -1.7990410e-02   2.5350796e-03  -5.9899340e-04   2.2480557e-03
   3.0805747e-02   1.7878116e-01   1.2785184e-02   3.0901823e-03  -4.1217525e-04   2.4124902e-03
   4.4052678e-02   1.7922303e-01   6.7626635e-02   2.4357913e-03  -6.7433017e-04   2.6375146e-03
   4.6431420e-02   1.6311768e-01   4.1553149e-02   2.3273949e-03  -4.2566703e-04   2.7482319e-03
   5.1878562e-02   1.8142930e-01   5.7393768e-02   2.6280486e-03  -6.2822110e-04   2.7026726e-03
   5.1797390e-02   1.7749736e-01   7.8944112e-02   2.4751287e-03  -6.8855409e-04   2.7056245e-03
   5.2038014e-02   1.6487865e-01   1.2179452e-02   2.6217734e-03  -5.1037830e-04   2.7246292e-03
   5.5279006e-02   2.2555799e-01   8.7824852e-02   3.2806115e-03  -4.8215026e-04   2.6721912e-03
   6.7921273e-02   1.4784509e-01   2.4477715e-02   2.3552465e-03  -5.3624022e-04   3.1209538e-03
   7.7964606e-02   1.9257198e-01   2.7544148e-02   2.9979338e-03  -5.5591772e-04   2.8634679e-03
   7.2158413e-02   1.8725633e-01   8.0828466e-02   2.5494205e-03  -8.3543402e-04   2.9717227e-03
   5.1279014e-02   1.6505730e-01   4.1783738e-02   1.3086195e-03  -9.6228964e-04   2.3192411e-03
   5.1752620e-02   2.1263030e-01   6.3004700e-02   2.9952959e-03  -1.1785948e-03   2.7001431e-03
   5.2019673e-02   1.4594123e-01  -4.4771483e-04   2.1704321e-03  -1.0965670e-03   2.8864824e-03
   5.9913735e-02   2.2014515e-01   1.6174307e-02   3.5614765e-03  -8.5743635e-04   2.5425942e-03
   1.0327428e-01   8.6200314e-02   4.8038272e-01   4.1731602e-03  -3.6106267e-03   4.1925856e-03
   6.5934426e-02  -6.1132950e-02  -4.5568361e-01  -3.7804232e-03   1.3351714e-03   9.2308383e-04
   4.6651827e-02   2.5039251e-02  -7.9305501e-02  -8.3550747e-03  -2.9874690e-04   1.0205339e-03
   3.7564389e-02   2.1357356e-02   5.8214313e-04  -6.0540904e-03  -8.0531507e-04   8.5767048e-04
   2.8242264e-02   1.0998349e-01   1.4777025e-01  -4.4797170e-03  -1.5528644e-03   8.5481478e-04
   4.0541431e-02   6.4848396e-02   5.3622645e-02  -4.7044465e-03  -2.0432470e-03   1.1108594e-03
   3.1118442e-02   1.4623399e-01   1.6102585e-01  -3.5188958e-03  -2.0623217e-03   9.1592718e-04
   4.3091815e-02   4.5255376e-02   8.8280748e-02  -4.5420838e-03  -2.3096642e-03   1.2607015e-03
   4.0849807e-02   1.1127525e-01   1.4713581e-01  -2.9211277e-03  -2.7025085e-03   1.2435165e-03
   3.1640197e-02   1.0005640e-01   1.8462043e-01  -2.6797990e-03  -2.6833355e-03   1.2469156e-03
   3.7796322e-02   8.8474141e-02   9.7473640e-02  -2.8772667e-03  -2.8421513e-03   1.4428375e-03
   2.6763126e-02   1.5441716e-01   1.7895327e-01  -2.3849031e-03  -3.0037679e-03   1.3476807e-03
   3.6859701e-02   9.3206258e-02   1.3690332e-01  -3.0132865e-03  -3.1145886e-03   1.4918029e-03
   3.4356858e-02   1.4468317e-01   1.7366050e-01  -2.1353751e-03  -3.3543901e-03   1.5531230e-03
   3.7576136e-02   1.2873497e-01   1.8982662e-01  -2.6931926e-03  -3.4786831e-03   1.5520834e-03
   4.0930158e-02   1.1050523e-01   1.8111068e-01  -2.6514482e-03  -3.4697348e-03   1.7519079e-03
   4.0271378e-02   1.4250198e-01   1.9139317e-01  -2.1042736e-03  -3.8957145e-03   1.8668947e-03
   3.3985715e-02   1.3362960e-01   2.4701306e-01  -2.0956299e-03  -3.6506708e-03   1.7884004e-03
   3.8044303e-02   1.0592534e-01   1.5905024e-01  -2.2208173e-03  -3.7217308e-03   1.7274908e-03
   3.1276723e-02   1.5504021e-01   2.3600763e-01  -1.8179264e-03  -3.7061577e-03   1.7593957e-03
   4.8103320e-02   9.0002507e-02   1.6066076e-01  -2.4115700e-03  -3.7755517e-03   1.7767044e-03
   3.8562057e-02   1.3130871e-01  -8.5470070e-03  -3.1636542e-03  -2.8399845e-03   1.5495363e-03
   4.0418426e-02   1.4341133e-01   2.1933996e-02  -3.7354741e-03  -3.0076225e-03   1.3966970e-03
   3.6174002e-02   1.3026701e-01   5.4012632e-02  -2.3589202e-03  -3.2725942e-03   1.2875958e-03
   4.0095253e-02   1.3176291e-01   1.2732295e-01  -2.8150763e-03  -3.4015338e-03   1.2822915e-03
   4.9216530e-02   1.2018141e-01   8.4457861e-02  -2.6001861e-03  -3.3891938e-03   1.2496413e-03
   3.7947655e-02   1.6485975e-01   1.3136193e-01  -2.6519449e-03  -3.6195954e-03   1.1033749e-03
   4.8665102e-02   1.1967659e-01   5.0912331e-02  -2.3885163e-03  -3.6970338e-03   1.3033910e-03
   4.6344941e-02   1.6236608e-01   1.2561423e-01  -2.6741022e-03  -3.7790005e-03   1.3055165e-03
   4.7347375e-02   1.2503362e-01   9.7515889e-02  -2.9357751e-03  -3.7979165e-03   1.2119199e-03
   4.6860580e-02   1.4017546e-01   9.2577581e-02  -2.5704729e-03  -3.9569074e-03   1.3398914e-03
   4.7423549e-02   1.2474421e-01   1.1679804e-01  -3.1902940e-03  -3.9762895e-03   1.2877139e-03
   4.8971732e-02   1.1348044e-01   5.0183195e-02  -2.8332140e-03  -4.0446613e-03   1.3748779e-03
   4.4307985e-02   1.6507226e-01   1.1778090e-01  -2.3811356e-03  -3.6384898e-03   1.1304424e-03
   5.2352663e-02   1.0635851e-01   9.4762325e-02  -2.7082097e-03  -3.6210679e-03   1.3775009e-03
   5.7776853e-02   1.3970448e-01   7.1713215e-02  -2.5276582e-03  -3.9510967e-03   1.4862060e-03
   4.3591842e-02   1.6318697e-01   1.1269872e-01  -2.2168234e-03  -3.8561523e-03   1.3670041e-03
   5.1999256e-02   1.1532520e-01   8.0077336e-02  -2.8514842e-03  -3.9444459e-03   1.3502029e-03
   4.6473571e-02   1.4957664e-01   8.8661795e-02  -2.0641077e-03  -4.0383110e-03   1.3718421e-03
   3.8467572e-02   1.2073374e-01   1.0474033e-01  -2.6587869e-03  -4.1156274e-03   1.3952095e-03
   3.6796389e-02   1.3409425e-01  -1.3482966e-03  -1.7038786e-03  -3.9899271e-03   1.3429604e-03
   3.5124262e-02   1.4759111e-01   5.3462290e-02  -2.0719508e-03  -4.0144343e-03   1.4290469e-03
   4.2647086e-02   1.3446293e-01   2.8521906e-02  -2.4234347e-03  -4.1581066e-03   1.4239045e-03
   4.1830217e-02   1.7315292e-01   8.6287335e-02  -1.4729111e-03  -4.2132303e-03   1.3774528e-03
   4.6647932e-02   1.3089186e-01   9.8189034e-02  -2.3161381e-03  -4.0861868e-03   1.4064428e-03
   4.2576568e-02   1.5605179e-01   3.7711355e-02  -1.4571276e-03  -4.2847703e-03   1.3521638e-03
   4.1761381e-02   1.3957394e-01   9.6132969e-02  -1.9338916e-03  -4.1236758e-03   1.3770665e-03
   4.6501025e-02   1.2996365e-01   4.4403364e-02  -1.9531797e-03  -4.2138421e-03   1.3903986e-03
   3.7510613e-02   1.7547832e-01   9.3504530e-02  -1.5740091e-03  -4.3392884e-03   1.2154280e-03
   2.8338958e-02   1.2229582e-01   3.5775000e-02  -2.0302926e-03  -4.6033329e-03   1.2622197e-03
   1.7758395e-02   1.7107886e-01   5.9306133e-02  -1.3985655e-03  -4.6453791e-03   1.0567683e-03
   1.1485558e-02   1.3397411e-01   7.5391279e-02  -1.8961687e-03  -4.6320518e-03   1.2871793e-03
   1.3174197e-02   1.3797300e-01   1.8170480e-02  -1.4748574e-03  -4.7150773e-03   1.2604653e-03
   1.1986200e-02   1.8835619e-01   9.6809132e-02  -1.0265821e-03  -5.1181256e-03   1.1959832e-03
   3.0758087e-03   1.4454479e-01   5.4445473e-02  -9.1764824e-04  -5.1392818e-03   1.1647879e-03
  -9.4324255e-03   1.9653308e-01   6.5835335e-02  -7.7547540e-04  -5.1943843e-03   1.1048110e-03
  -2.8737176e-02   1.5864202e-01   7.7161345e-02  -1.0643199e-03  -5.6311706e-03   1.1534336e-03
  -2.9141884e-02   1.7344929e-01   5.1161169e-02  -6.6754502e-04  -5.8336154e-03   1.1891972e-03
  -2.9886519e-02   1.8131184e-01   1.0334304e-01  -9.0976817e-04  -5.9081745e-03   1.2893466e-03
  -2.4972771e-02   1.5014123e-01   7.6461219e-02  -6.3525927e-04  -5.8984663e-03   1.3739728e-03
  -2.5618503e-02   1.8433580e-01   6.8205719e-02  -2.1937036e-04  -5.9737428e-03   1.3127824e-03
  -2.0142539e-02   1.6609629e-01   8.2866899e-02  -6.8399584e-04  -5.8754243e-03   1.2084855e-03
  -1.2439864e-02   1.5149932e-01   5.0594859e-02  -4.0785365e-04  -5.8598493e-03   1.4039132e-03
  -1.9773962e-02   1.9896400e-01   8.0329486e-02  -1.5600975e-04  -5.9505211e-03   1.2955918e-03
  -1.7046448e-02   1.4478391e-01   7.3572229e-02  -6.5233550e-04  -6.0196710e-03   1.4231473e-03
  -2.4007938e-02   1.7988051e-01   6.8537009e-02  -1.8154059e-04  -5.9800071e-03   1.3867156e-03
  -3.2975255e-02   1.9168456e-01   7.2791183e-02   7.8359013e-04  -6.0345901e-03   1.2417105e-03
  -2.8981279e-02   1.5816547e-01   3.3716287e-02   7.4151923e-04  -6.0251963e-03   1.3825105e-03
  -3.1720716e-02   2.0442916e-01   7.8910822e-02   8.4401926e-04  -6.2965700e-03   1.3803711e-03
  -2.8657151e-02   1.6833659e-01   5.6226365e-02   5.4472216e-04  -6.5275221e-03   1.4216639e-03
  -2.7997257e-02   1.9528736e-01   3.6535633e-02   1.1305196e-03  -6.4949271e-03   1.4920500e-03
  -2.6375516e-02   2.0317987e-01   6.0987073e-02   1.0582224e-03  -6.5395597e-03   1.4508967e-03
  -2.4124808e-02   1.1536047e-02  -3.2421707e-01   2.7291848e-03  -5.2643579e-03   9.7331344e-04
  -5.7677002e-02   1.3203374e-01   7.8975970e-02  -4.1537770e-03  -6.1994748e-03   7.9177502e-04
  -4.6395256e-02   1.2558696e-01   2.9220552e-02  -1.8465583e-03  -6.5279749e-03   9.3527597e-04
  -5.3071580e-02   1.9205274e-01   7.9652928e-02  -1.4053535e-03  -6.8013358e-03   1.0019555e-03
  -4.7750381e-02   1.5391167e-01   4.1613149e-02  -1.1883620e-03  -6.4961563e-03   1.0732221e-03
  -4.0941335e-02   1.8029246e-01   5.2711537e-02  -1.1641760e-03  -6.2414204e-03   8.6259431e-04
  -4.6627029e-02   1.6561750e-01   9.5113531e-02  -1.5322570e-03  -6.4794789e-03   9.5010303e-04
  -4.7283206e-02   1.5445280e-01   5.5337873e-02  -9.2971103e-04  -6.4319749e-03   9.1972275e-04
  -5.0619500e-02   2.0808225e-01   7.3958749e-02  -3.1944056e-04  -6.6205201e-03   7.4817613e-04
  -4.6865803e-02   1.4650801e-01   4.0978962e-02  -6.6129970e-04  -6.7009754e-03   1.1077246e-03
  -5.4368567e-02   2.2176881e-01   5.1345495e-02   1.7126987e-04  -6.8702781e-03   9.1676863e-04
  -5.3226167e-02   1.8200993e-01   7.7230563e-02  -5.3897026e-04  -6.7896679e-03   9.5180144e-04
  -5.0021071e-02   1.9330880e-01   2.1508681e-02  -1.7479917e-04  -6.9671475e-03   9.9605183e-04
  -5.5363756e-02   1.9808136e-01   9.7139077e-02  -6.4720617e-04  -6.9088908e-03   1.0883659e-03
  -4.5162374e-02   1.6093164e-01   1.8485107e-02  -5.1910197e-04  -6.9897077e-03   1.0354735e-03
  -5.5201130e-02   2.1445035e-01   7.5703086e-02   9.2091697e-05  -7.0740084e-03   9.8698399e-04
  -5.1328991e-02   1.7067666e-01   4.9967062e-02  -7.0806528e-04  -7.0121447e-03   1.0364585e-03
  -5.2435814e-02   1.9717662e-01   2.3267904e-03   3.8833096e-05  -7.0440864e-03   9.9549428e-04
  -6.4021639e-02   2.1573436e-01   8.5965111e-02   7.1736810e-05  -7.0989586e-03   1.0136650e-03
  -4.6347756e-02   1.7183698e-01   1.4742961e-04  -5.5602617e-04  -7.0474772e-03   1.0674776e-03
  -5.9291837e-02   2.2398969e-01   6.5440700e-02   4.2659376e-04  -7.0970034e-03   9.8978444e-04
  -4.9521307e-02   1.5929758e-01   1.7938702e-02  -8.1021623e-04  -7.1234299e-03   1.1402973e-03
  -4.7614866e-02   2.0876010e-01   3.9921649e-02   3.4094743e-04  -7.1704526e-03   1.0456152e-03
  -5.0066061e-02   1.8473387e-01   7.6709837e-02  -3.9387009e-04  -7.2466070e-03   1.0106854e-03
  -4.6422837e-02   1.8004636e-01   6.6410617e-03  -1.0390471e-04  -7.4032933e-03   1.1241285e-03
  -5.8825287e-02   2.1022354e-01   8.3976222e-02  -9.1067378e-05  -7.3807915e-03   9.8208926e-04
  -3.8166314e-02   1.7117281e-01   4.2570368e-02  -7.5842907e-04  -7.4474224e-03   1.0946998e-03
  -4.6187029e-02   2.2156469e-01   1.7673437e-02   4.6698756e-04  -7.2181488e-03   9.9567407e-04
  -2.4285462e-02   1.6119795e-01  -1.5047389e-01  -4.4122164e-03  -6.1756048e-03   1.3037793e-03
  -2.6857009e-02   1.9518359e-01  -4.4094608e-02  -1.3005026e-03  -7.0285722e-03   9.1716579e-04
  -3.1714869e-02   2.0771781e-01   2.6937688e-02  -6.9661949e-04  -7.4438990e-03   1.1130901e-03
  -2.3909060e-02   1.8026625e-01   3.9398369e-02  -1.3410745e-03  -7.5410648e-03   1.1678648e-03
  -2.1925198e-02   2.0809309e-01  -6.7444472e-03  -6.3216051e-04  -7.3964453e-03   1.0266139e-03
  -2.8949017e-02   2.2146619e-01   6.7348164e-02  -5.3931421e-05  -7.3559415e-03   1.1395040e-03
  -2.5142771e-02   1.8312760e-01   4.1991040e-02  -9.4823356e-04  -7.4793631e-03   1.1313378e-03
  -3.2060796e-02   1.9262862e-01   3.7283032e-02  -1.8822797e-04  -7.6288731e-03   1.1637272e-03
  -2.3562660e-02   1.8432557e-01   7.9211862e-02  -7.8868583e-04  -7.6790267e-03   1.2197780e-03
  -1.6336115e-02   1.7707247e-01   3.3269386e-02  -4.5700257e-04  -7.8231545e-03   1.2114055e-03
  -3.1954920e-02   2.1700087e-01   7.7090148e-02  -2.6284386e-04  -7.8337838e-03   1.0424891e-03
  -1.0005843e-02   1.6404586e-01   3.9860506e-02  -3.6789360e-04  -8.0875269e-03   1.2141338e-03
  -2.1952770e-02   2.1368694e-01   4.8219852e-02   3.1209587e-04  -8.1901836e-03   1.2028649e-03
  -2.4341827e-02   2.1975589e-01   7.7079341e-02  -2.9065956e-04  -8.1391212e-03   1.1624025e-03
  -2.2869587e-02   2.1094038e-01   1.8678832e-02   4.2013793e-04  -8.3297816e-03   1.1351266e-03
  -2.7148287e-02   2.3177593e-01   7.6329497e-02  -5.7265755e-05  -8.1953345e-03   1.2042337e-03
  -1.5637621e-02   1.9418533e-01   3.3922287e-02   8.1782761e-07  -8.3565830e-03   1.1258985e-03
  -2.9212787e-02   2.3027046e-01   6.5319366e-02   2.5314691e-04  -8.3321111e-03   1.1112305e-03
  -1.7168961e-02   1.7587490e-01   3.1145523e-02  -2.0255848e-04  -8.2303249e-03   1.2067312e-03
  -3.6112032e-02   2.3195445e-01   2.8491780e-02   6.7989498e-04  -8.3489443e-03   1.2833345e-03
  -1.6037444e-02   1.9181531e-01   2.3660278e-02  -4.1647673e-04  -7.7739783e-03   1.3540341e-03
  -7.2523662e-03   1.9717912e-01  -2.2389676e-02   6.9915686e-04  -7.7696808e-03   1.2568055e-03
  -1.6724937e-02   2.1042359e-01   6.0537907e-02   1.0097569e-04  -7.9609762e-03   1.2634887e-03
   1.0341515e-01   2.0213132e-01  -7.7528929e-02  -8.8290118e-04  -3.3698615e-03   3.9732463e-03
   3.2718368e-02   2.3831629e-01   3.1602998e-02  -3.8521390e-04  -6.4070022e-03   1.1255395e-03
   1.7170110e-02   1.8018840e-01  -2.2320385e-02  -5.6978955e-04  -7.1580765e-03   1.2938969e-03
   2.5634042e-03   2.3410279e-01  -3.5821823e-03   6.0930431e-04  -7.5577171e-03   1.3028390e-03
   4.4952972e-03   2.0502495e-01   3.0524954e-02  -2.7317038e-04  -7.6763943e-03   1.4317436e-03
  -5.1736314e-03   2.3630074e-01  -1.2913850e-02   7.5011189e-04  -7.8219557e-03   1.3614081e-03
  -2.8746098e-03   2.1972458e-01   5.2579873e-02   2.0409179e-04  -7.8722500e-03   1.4598927e-03
  -1.4187879e-03   2.0828274e-01  -4.5583990e-03   1.4095341e-04  -7.8343323e-03   1.3841582e-03
  -1.1339761e-02   2.3789743e-01   1.6969581e-02   6.1178490e-04  -7.7595105e-03   1.2930117e-03
  -9.7194038e-03   2.0239705e-01   2.7874991e-02  -6.3148018e-05  -7.8662205e-03   1.4740074e-03
  -1.7757637e-02   2.5001247e-01   5.9589879e-03   1.1294184e-03  -8.0082411e-03   1.3461377e-03
  -1.6222433e-02   2.2213911e-01   2.4743830e-02   3.9929586e-05  -7.7163589e-03   1.3744885e-03
  -4.4821497e-03   2.2144518e-01  -5.7934013e-02   2.0849981e-04  -8.0395821e-03   1.4158390e-03
  -1.4520487e-02   2.4640720e-01   3.2886911e-02   1.0267539e-04  -7.8793961e-03   1.3274134e-03
  -9.8391874e-04   1.9554468e-01  -2.5647932e-02  -1.4885802e-04  -8.1546013e-03   1.4408171e-03
  -1.0523148e-02   2.4962515e-01   2.8357826e-02   3.1125001e-04  -8.2591361e-03   1.3377552e-03
   4.0669766e-02   1.8979200e-01  -2.2056978e-01  -1.8194642e-03  -7.5484616e-03   2.6938793e-03
   1.4746296e-02   2.4904871e-01  -1.7572651e-01   5.2669619e-05  -7.7979652e-03   1.9171548e-03
   7.2725534e-03   2.0958613e-01  -1.1955368e-01  -1.0697656e-03  -7.9370848e-03   2.0193086e-03
  -3.6050412e-03   2.1030868e-01  -1.7069266e-01  -9.8352586e-05  -8.1471775e-03   1.9538264e-03
  -1.2278421e-02   2.3682929e-01  -8.2432572e-02  -3.5283374e-04  -8.0207955e-03   1.7046735e-03
  -1.9183869e-02   2.0800741e-01  -1.5955037e-01  -1.0380338e-04  -8.2058494e-03   1.8533245e-03
  -1.7420053e-02   2.5310478e-01  -8.9816645e-02   4.7407769e-05  -8.2025532e-03   1.7698563e-03
  -1.0213959e-02   2.0807762e-01  -1.0153453e-01  -1.8386638e-04  -8.2579422e-03   1.9107242e-03
  -2.1119996e-03   2.3702951e-01  -1.0731008e-01   1.9811695e-04  -8.1717334e-03   1.8276484e-03
  -4.9980329e-03   2.4635736e-01  -6.0497402e-02   9.3134028e-05  -8.2388304e-03   1.8322249e-03
   4.9662738e-04   1.9843846e-01  -1.3582629e-01  -2.7166545e-04  -8.2598716e-03   1.8806362e-03
  -1.0883907e-02   2.5863330e-01  -5.9066579e-02   3.4152242e-04  -8.2433083e-03   1.7449646e-03
  -7.5281063e-03   1.8924491e-01  -1.4146301e-01  -4.8574429e-04  -8.4031120e-03   1.9262737e-03
  -4.3402211e-03   1.6783366e-01   2.0293882e-01  -1.1751794e-03  -9.6419259e-03   1.3271154e-03
  -3.0375097e-02   2.0403460e-01   7.2012356e-02   1.2428473e-03  -8.8253630e-03   1.5830476e-03
  -3.4254839e-02   1.4431328e-01   1.5119643e-01  -7.8983676e-04  -8.6788689e-03   2.2123656e-03
  -5.0898959e-02   2.2560900e-01   5.7079371e-02   6.9113257e-04  -8.7361531e-03   2.3153271e-03
  -4.4173630e-02   2.1153575e-01   3.2886928e-02   1.7713027e-04  -8.8628245e-03   2.5745348e-03
  -4.0532332e-02   2.2014652e-01   8.8227461e-02   2.4454033e-04  -8.8835178e-03   2.5617251e-03
  -3.4365820e-02   1.9716175e-01   5.5119065e-02  -3.1533989e-04  -9.0015521e-03   2.7351598e-03
  -3.8411325e-02   2.2062265e-01   7.1898005e-02   3.1612106e-04  -9.0809988e-03   2.7420982e-03
  -3.9060968e-02   2.0079923e-01   7.3570929e-02  -1.4145494e-06  -8.8977891e-03   2.7445673e-03
  -3.1933424e-02   2.0593362e-01   2.1322920e-02   1.8934525e-04  -9.1006536e-03   2.8289939e-03
  -4.3416016e-02   2.5360466e-01   8.7863351e-02   8.8820257e-04  -9.1072777e-03   2.6788383e-03
  -3.4757779e-02   1.9788754e-01   4.4187781e-02   1.6054249e-05  -9.1388202e-03   2.9878320e-03
  -2.8750847e-02   1.3542961e-01  -1.2943118e-01   1.1108793e-03  -8.2021609e-03   2.2348112e-03
  -2.1554826e-01  -2.4051928e-01   1.7242114e-03  -2.2193506e-02  -8.3759991e-03  -1.0721583e-02
  -7.3179059e-02  -1.5704689e-01   1.0658052e-01  -1.8030895e-02  -6.0733734e-03  -6.0363566e-03
  -5.7300608e-02  -1.3282410e-01   8.0876860e-02  -1.5511257e-02  -6.3457660e-03  -4.3508367e-03
  -6.1158165e-02  -2.0098706e-02   9.2710135e-02  -1.3968359e-02  -6.8315004e-03  -3.8601104e-03
  -5.0059533e-02  -2.8055456e-02   1.0213159e-01  -1.4125935e-02  -6.9035939e-03  -3.5694753e-03
  -4.6021014e-02   8.5031271e-05   6.3248275e-02  -1.3117551e-02  -7.0564496e-03  -3.3073938e-03
  -4.8155162e-02   8.2579565e-03   9.4474536e-02  -1.2467883e-02  -7.4716005e-03  -2.9369772e-03
  -5.0484104e-02  -1.7544828e-02   6.8422693e-02  -1.2291223e-02  -7.5154791e-03  -2.6446246e-03
  -7.1624342e-02   3.5315716e-02   1.1568923e-01  -1.1418608e-02  -7.8735310e-03  -2.4735377e-03
  -4.6678903e-02  -4.9734032e-03   4.1426391e-02  -1.1389309e-02  -7.8904290e-03  -2.0006472e-03
  -5.0834904e-02   4.6938430e-02   4.3928597e-02  -1.0235096e-02  -8.1052735e-03  -1.9341335e-03
  -5.9032702e-02   5.1996166e-02   7.9744901e-02  -1.0860671e-02  -8.2842313e-03  -1.9482387e-03
  -5.0610050e-02   4.5713068e-02   3.8332669e-02  -1.0118818e-02  -8.4363114e-03  -1.6928693e-03
  -5.1084906e-02   8.5370350e-02   7.7916617e-02  -1.0015942e-02  -8.3548175e-03  -1.6725024e-03
  -4.5942844e-02   3.6945235e-02   7.1447895e-02  -1.0250175e-02  -8.4603652e-03  -1.4588883e-03
  -7.1400047e-02   6.0137489e-02   6.8050764e-02  -1.0109800e-02  -7.8213378e-03  -2.5549646e-03
  -7.2137010e-02   2.3805043e-02   7.1717178e-02  -1.0041030e-02  -8.1530312e-03  -1.8908005e-03
  -7.1001643e-02   5.9922161e-02   3.7168406e-02  -9.0558427e-03  -8.4963945e-03  -1.7071699e-03
  -6.1444787e-02   5.6302789e-02   6.5985828e-02  -9.0592600e-03  -8.2417103e-03  -1.5768027e-03
  -5.4208585e-02   6.2309103e-02   1.4609104e-02  -8.3761469e-03  -8.4732381e-03  -1.5416799e-03
  -5.8115321e-02   8.4719711e-02   6.9143663e-02  -8.1443896e-03  -8.3179323e-03  -1.4807217e-03
  -4.7244326e-02   4.8393523e-02  -9.4994972e-02  -4.2855211e-03  -8.0180194e-03  -9.8489475e-04
  -8.1314895e-02   1.2511430e-01  -5.3962766e-02  -3.2772169e-03  -7.9505730e-03  -1.0995148e-03
  -6.7239497e-02   7.7759129e-02  -4.6093084e-02  -4.1994626e-03  -8.4005370e-03  -6.2843259e-04
  -8.8468512e-02   4.7155423e-02  -2.7812685e-02  -7.3152108e-03  -8.0383879e-03  -9.9866029e-04
  -7.9041647e-02   8.3375093e-02   2.7115108e-03  -6.8057149e-03  -6.7938198e-03  -1.6238087e-03
  -6.2343415e-02   6.6068121e-02  -4.4918507e-02  -6.2676332e-03  -7.2715076e-03  -1.1583772e-03
  -6.3060066e-02   1.3633617e-01  -3.4115257e-03  -5.4740880e-03  -7.9118190e-03  -1.0455051e-03
  -4.7983246e-02   9.3759419e-02   2.2134515e-02  -5.5249106e-03  -7.8771519e-03  -6.9926833e-04
  -3.4583876e-02   1.1596764e-01   1.1074976e-02  -5.5738610e-03  -7.7157051e-03  -7.4592817e-04
  -4.2037926e-02   1.3004366e-01   6.0553006e-02  -4.7635179e-03  -7.8053133e-03  -8.6951562e-04
  -3.3460694e-02   8.2567519e-02   2.9391965e-02  -5.4918848e-03  -8.1813008e-03  -6.4554069e-04
  -3.7999013e-02   1.4182470e-01   4.4498229e-02  -4.5857967e-03  -8.1800077e-03  -7.1065396e-04
  -2.9322325e-02   1.0897333e-01   4.7049982e-02  -5.4990605e-03  -8.1608584e-03  -6.7293579e-04
  -2.5068284e-02   9.1749272e-02  -6.8919128e-03  -4.5809634e-03  -8.1927026e-03  -6.1427587e-04
  -3.1324839e-02   1.2683677e-01   4.6161470e-02  -4.8206730e-03  -8.0518042e-03  -6.2176049e-04
