   0.0000000e+00   0.0000000e+00   0.0000000e+00   0.0000000e+00   0.0000000e+00   0.0000000e+00
  -2.3523839e-02   9.7978019e-03   5.7482168e-03   2.1495064e-04   2.3557773e-04  -3.1280644e-05
  -2.0838312e-02   8.0855811e-02   1.3611961e-01   6.1172783e-04  -7.4949180e-04  -2.0641879e-04
  -5.3991620e-02   9.1532566e-03   3.7711321e-02  -3.4145147e-04   3.0028302e-04  -1.2165852e-03
  -3.5724063e-02   7.7572684e-02   9.6737083e-02   4.1411395e-04  -4.1582219e-05  -1.2816081e-03
  -3.6059148e-02   5.2091207e-02   1.1460132e-01   3.1950330e-04  -3.3078752e-04  -9.8361583e-04
  -7.6241986e-02   4.6565925e-02   5.3640047e-02   6.5990152e-04  -3.0428105e-04  -1.0464998e-03
  -5.2538864e-02   1.0391598e-01   1.2632885e-01   8.4972614e-04  -8.3545779e-04  -8.5275884e-04
  -5.4031791e-02   5.0074167e-02   1.0788898e-01   2.6458553e-04  -8.2305277e-04  -1.0636472e-03
  -3.7119865e-02   1.0102343e-01   1.2804579e-01   4.7526964e-04  -6.0691184e-04  -1.7046446e-03
  -5.7040228e-02   5.5118860e-02   1.4646210e-01   3.0295801e-04  -6.8775453e-04  -1.5415054e-03
  -5.3541850e-02   1.0062033e-01   1.3969402e-01   2.7992344e-05  -4.8812279e-04  -1.4751935e-03
  -5.3690669e-02   6.8005581e-02   1.6971405e-01  -2.1451260e-04  -7.1988141e-04  -1.3128248e-03
  -6.0848960e-02   9.7147504e-02   1.2819753e-01   3.0388180e-04  -1.9067339e-04  -1.6893541e-03
  -3.6766882e-02   9.9154595e-02   1.7006394e-01  -4.6394831e-05  -4.2304803e-04  -1.6427235e-03
  -4.7309258e-02   1.1918278e-01   1.4852312e-01   2.5163216e-04  -1.5047158e-04  -1.6799025e-03
  -3.4691347e-02   1.1315235e-01   1.9191464e-01   1.6573435e-04  -8.4015234e-05  -1.5256614e-03
  -5.7503625e-02   6.8611460e-02   1.3353423e-01  -5.1739637e-04   4.5552959e-04  -1.9466990e-03
  -3.5981413e-02   1.1889429e-01   1.9205062e-01   4.1589172e-06   5.0564708e-04  -1.6932867e-03
  -6.1825712e-02   5.6580315e-02   1.6519802e-01  -5.1506190e-04   4.8972128e-04  -1.9620059e-03
  -4.2998578e-02   1.1583568e-01   2.1090266e-01  -5.8390004e-05   3.5846953e-04  -2.1636624e-03
  -7.2504349e-02   4.7837561e-02   1.9532446e-01  -7.1361601e-04   1.7682462e-04  -2.1602722e-03
  -5.4969140e-02   1.1418394e-01   2.3755457e-01  -1.8228432e-04   1.6713468e-04  -2.1224220e-03
  -5.4226976e-02   5.4234909e-02   2.0693964e-01  -6.6589500e-04  -2.4524645e-04  -1.8567535e-03
  -3.7470609e-02   9.5872088e-02   1.9463414e-01  -5.9574266e-04   2.4698042e-04  -2.0142254e-03
  -4.6075506e-02   7.5825412e-02   2.6076320e-01  -9.8995546e-04  -9.2557992e-05  -2.1878982e-03
  -4.0296626e-02   8.0691470e-02   2.2031798e-01  -7.8110327e-04   1.6805776e-04  -2.3020887e-03
  -2.9146691e-02   9.4570088e-02   2.3294112e-01  -2.8463462e-04   2.8276851e-04  -2.1695370e-03
  -4.6040791e-02   7.7308090e-02   1.7360782e-01   1.7006136e-04   5.2986734e-04  -2.5088661e-03
  -2.3080152e-02   1.0661986e-01   2.3758967e-01   1.4629341e-04   9.2331470e-04  -2.6976924e-03
  -3.3402447e-02   7.2562234e-02   2.2311174e-01  -4.6281415e-04   1.8956330e-03  -2.7624373e-03
  -1.9068662e-02   1.0961153e-01   2.4420895e-01  -5.3291920e-06   1.4013194e-03  -2.8547969e-03
  -4.1973913e-02   4.6749672e-02   2.1895181e-01  -5.2106662e-04   1.2792712e-03  -2.8463165e-03
  -3.7342726e-02   1.0967674e-01   2.1934033e-01  -2.7326303e-04   1.7565918e-03  -3.2478560e-03
  -2.5922068e-02   9.0998929e-02   2.4936592e-01  -7.9989603e-04   1.5322258e-03  -2.9557000e-03
  -3.8135277e-02   7.7878274e-02   2.1430224e-01  -4.0773915e-04   2.1458198e-03  -3.0605242e-03
  -1.0587657e-02   1.1748812e-01   2.4674248e-01  -7.6769645e-04   1.9325942e-03  -3.0281210e-03
  -3.2244158e-02   6.6439807e-02   2.3977916e-01  -6.7779007e-04   2.3791343e-03  -3.3459809e-03
  -1.6403614e-02   1.1924824e-01   2.6424908e-01  -7.8333691e-04   2.7152087e-03  -3.4597372e-03
  -1.0219362e-02   9.6087293e-02   3.0573220e-01  -7.4407410e-04   2.5689011e-03  -3.1763986e-03
  -2.3224612e-02   9.7419380e-02   2.5590186e-01  -7.4407068e-04   2.8247483e-03  -3.5459474e-03
  -8.6080863e-03   9.3586426e-02   3.0485182e-01  -2.8078124e-04   2.4433958e-03  -3.3283965e-03
  -1.9033271e-02   7.2134411e-02   2.7600347e-01  -2.6877636e-04   2.9383328e-03  -3.7678439e-03
   2.0165566e-02   1.1490893e-01   3.2846887e-01  -5.5197125e-04   2.8996957e-03  -3.7208585e-03
  -1.1570431e-02   6.9711858e-02   2.8771745e-01  -1.2427229e-03   3.6485669e-03  -3.8113448e-03
   1.5083618e-02   1.1340165e-01   3.4003780e-01  -1.5693642e-03   3.2456210e-03  -3.7821423e-03
  -1.1190342e-02   6.5237749e-02   3.1069487e-01  -1.5335286e-03   3.5425035e-03  -4.0055677e-03
   1.3039995e-02   1.1055755e-01   3.4381835e-01  -8.6731264e-04   3.7135000e-03  -4.1981699e-03
  -1.3351085e-02   6.0388514e-02   3.3303261e-01  -1.3626065e-03   3.7848828e-03  -4.0730494e-03
   1.3158689e-02   1.0935060e-01   3.4496957e-01  -1.3363703e-03   3.5159743e-03  -3.8063851e-03
  -3.3264158e-03   6.7169533e-02   2.9631532e-01  -1.3134759e-03   4.3903748e-03  -3.9527130e-03
   3.9459098e-02   1.3030046e-01   3.3608730e-01  -7.7723804e-04   4.3565927e-03  -3.9915960e-03
   1.3966236e-02   5.1042069e-02   3.3771647e-01  -1.1530881e-03   4.1435087e-03  -3.9199425e-03
   2.4455761e-02   1.1291294e-01   3.3070159e-01  -1.1325435e-03   5.0392118e-03  -4.9360615e-03
   2.4689573e-02   9.3630973e-02   3.4597968e-01  -1.5056044e-03   4.7356197e-03  -4.3377302e-03
   2.4034938e-02   9.6907151e-02   3.1914365e-01  -1.2331039e-03   5.4910154e-03  -4.8535699e-03
   5.4337364e-02   1.2117429e-01   3.5577500e-01  -1.1558878e-03   5.5114511e-03  -4.7768275e-03
   3.2988631e-02   5.0195300e-02   2.9979755e-01  -2.4229803e-03   5.5940122e-03  -4.7414960e-03
   4.2308102e-02   8.7143476e-02   3.0759572e-01  -2.2511097e-03   6.0060504e-03  -5.2975227e-03
   6.0434093e-02   9.9655548e-02   3.8173754e-01  -2.0718076e-03   5.5414936e-03  -5.0124132e-03
   4.3310890e-02   9.4229403e-02   3.6606798e-01  -1.9433847e-03   5.8406013e-03  -5.5634682e-03
   7.0024718e-02   1.2237507e-01   3.8966762e-01  -2.3231009e-03   5.2496341e-03  -5.1771348e-03
   4.1564093e-02   5.8488214e-02   3.2510636e-01  -2.1988330e-03   5.6516325e-03  -5.0248147e-03
   6.7320676e-02   9.8660362e-02   3.1234746e-01  -2.8274753e-03   5.6730050e-03  -5.1391950e-03
   5.7535122e-02   7.5967280e-02   3.7338390e-01  -2.8617098e-03   5.6427273e-03  -5.3255752e-03
   6.0465691e-02   1.0824656e-01   3.7473908e-01  -2.2352604e-03   6.0280149e-03  -5.6513377e-03
   7.1420100e-02   1.0916807e-01   4.0004090e-01  -2.3732425e-03   6.0126197e-03  -5.4464931e-03
   5.7827375e-02   9.1175093e-02   3.5291836e-01  -1.9445715e-03   6.5381405e-03  -5.6716346e-03
   9.2983822e-02   8.8942108e-02   4.0449578e-01  -2.2642470e-03   6.9349044e-03  -5.9029530e-03
   6.4858638e-02   3.4896093e-02   4.0710027e-01  -2.6903531e-03   7.0435889e-03  -5.7837638e-03
   8.9350799e-02   8.8261809e-02   4.3934001e-01  -2.4313246e-03   7.4970708e-03  -6.0994193e-03
   8.0287428e-02   7.7605204e-02   4.7575561e-01  -2.7694774e-03   7.2967626e-03  -5.8087984e-03
   7.9319676e-02   8.4946665e-02   4.2321594e-01  -2.6207402e-03   8.0100219e-03  -6.2374495e-03
   9.7510833e-02   8.9086795e-02   4.5497315e-01  -2.6464579e-03   8.0290595e-03  -6.4208849e-03
   6.5911345e-02   5.2296939e-02   4.2359626e-01  -2.8726412e-03   8.4013251e-03  -6.4797768e-03
   9.7215015e-02   1.0392060e-01   4.2732530e-01  -2.4233281e-03   9.1484021e-03  -7.0245880e-03
   1.0173475e-01   6.2880696e-02   4.5851762e-01  -2.7098329e-03   8.6853871e-03  -6.2145115e-03
   1.1098610e-01   8.5171647e-02   4.3227309e-01  -2.7750425e-03   9.1609665e-03  -6.5740800e-03
   1.2540419e-01   7.9866796e-02   4.5859214e-01  -2.2429066e-03   9.1479116e-03  -6.3809893e-03
   1.2244329e-01   8.6837338e-02   4.2549390e-01  -2.6507762e-03   9.4724145e-03  -6.6455411e-03
   1.3403813e-01   9.4644025e-02   4.5681684e-01  -2.2367875e-03   8.8402329e-03  -6.5523229e-03
   1.2058980e-01   8.0387397e-02   4.2094414e-01  -1.0474267e-03   9.6985510e-03  -6.8522152e-03
   1.5564151e-01   9.9256695e-02   4.1173413e-01  -1.5443933e-03   9.9092559e-03  -6.7858013e-03
   1.3524783e-01   6.8940298e-02   4.7096069e-01  -2.2906685e-03   9.8992730e-03  -6.5934719e-03
   1.4879428e-01   9.7675513e-02   4.4597638e-01  -2.4688179e-03   1.0357681e-02  -7.3510817e-03
   1.5407977e-01   8.5106558e-02   4.8744554e-01  -2.6137916e-03   1.0058195e-02  -7.2469427e-03
   1.5199756e-01   8.3763163e-02   4.9450260e-01  -2.4817811e-03   1.0511734e-02  -7.3302047e-03
   1.7142833e-01   1.0604826e-01   5.0683672e-01  -2.3836072e-03   1.0725425e-02  -7.6053017e-03
   1.5613979e-01   5.1560042e-02   5.1363356e-01  -2.8429724e-03   1.0675490e-02  -7.3082446e-03
   1.5723378e-01   8.7666646e-02   4.9865635e-01  -2.5958378e-03   1.1049842e-02  -7.7101601e-03
   1.6445732e-01   8.2197362e-02   5.3679657e-01  -2.3069928e-03   1.0902717e-02  -7.5698772e-03
   1.4292968e-01   6.0946646e-02   4.9576891e-01  -3.1039215e-03   1.1066187e-02  -7.6661360e-03
   1.6708832e-01   9.6150684e-02   5.3327427e-01  -2.5182160e-03   1.1147328e-02  -7.9945596e-03
   1.5771849e-01   5.8972031e-02   5.2582503e-01  -2.9593670e-03   1.0801755e-02  -7.5649466e-03
   1.5060471e-01   9.2072674e-02   4.8682978e-01  -2.7496533e-03   1.1133683e-02  -7.9846152e-03
   1.7886149e-01   7.6229305e-02   5.0322496e-01  -2.7860698e-03   1.1133199e-02  -7.9826689e-03
   1.5855706e-01   7.6583816e-02   4.8039984e-01  -2.5070856e-03   1.1568824e-02  -8.4575971e-03
   1.8262091e-01   9.8220974e-02   4.9038454e-01  -2.6557320e-03   1.1036327e-02  -8.5756819e-03
   1.5511496e-01   6.7208617e-02   4.9555096e-01  -2.7709960e-03   1.1499964e-02  -8.4739290e-03
   1.9298830e-01   1.0677699e-01   5.1752163e-01  -3.3459923e-03   1.1379561e-02  -8.5285513e-03
   1.7061080e-01   5.0241379e-02   4.8343089e-01  -2.8619865e-03   1.1652895e-02  -8.1932206e-03
   1.8002687e-01   1.0254238e-01   4.8640413e-01  -2.7793418e-03   1.2036993e-02  -8.6175571e-03
   2.0308944e-01   8.7226269e-02   4.9580013e-01  -2.7953268e-03   1.1597930e-02  -8.3633035e-03
   1.7812478e-01   6.7780424e-02   4.9166652e-01  -2.8521396e-03   1.1941539e-02  -8.4250561e-03
   2.0133890e-01   1.0953294e-01   4.9278657e-01  -2.7543523e-03   1.1780627e-02  -8.5811918e-03
   1.7878438e-01   9.1033590e-02   4.9236976e-01  -2.5467096e-03   1.1683155e-02  -8.5597173e-03
   1.8491354e-01   8.1258665e-02   4.3892810e-01  -2.4332116e-03   1.1711974e-02  -9.2713079e-03
   1.9552350e-01   6.8388102e-02   5.0153538e-01  -2.2394818e-03   1.2316940e-02  -9.8113185e-03
   2.2099278e-01   9.9849786e-02   5.1195481e-01  -2.2809056e-03   1.1803190e-02  -9.6623886e-03
   1.9798506e-01   6.0115171e-02   4.6535015e-01  -2.0950590e-03   1.2237369e-02  -9.8904087e-03
   2.0498723e-01   8.3072360e-02   4.7259088e-01  -1.9845507e-03   1.2204202e-02  -1.0064136e-02
   2.0833906e-01   6.8407558e-02   4.9541323e-01  -2.1099281e-03   1.1935070e-02  -9.8122561e-03
   1.9899548e-01   7.0596572e-02   4.3288290e-01  -2.2619768e-03   1.2332605e-02  -9.9846326e-03
   2.0223821e-01   6.8162536e-02   4.7827836e-01  -2.3532284e-03   1.1904999e-02  -9.8182998e-03
   1.9238990e-01   6.0395313e-02   4.2771056e-01  -2.9785043e-03   1.2074982e-02  -9.8664644e-03
   2.1462739e-01   9.7640391e-02   4.7552170e-01  -3.3294612e-03   1.1856893e-02  -9.8898680e-03
   1.9422170e-01   5.7906952e-02   4.6877463e-01  -3.2747815e-03   1.1684959e-02  -9.7160069e-03
   1.9248871e-01   9.5102551e-02   4.6712529e-01  -3.1533094e-03   1.1817081e-02  -9.8715966e-03
   2.1111953e-01   1.0280954e-01   5.3728569e-01  -2.5058397e-03   1.1358062e-02  -9.6813573e-03
   1.8600271e-01   7.9928161e-02   4.7743914e-01  -2.8889523e-03   1.1844703e-02  -9.4783117e-03
   2.0873940e-01   1.1430850e-01   5.1311007e-01  -2.6032131e-03   1.1628315e-02  -9.6788696e-03
   2.0128616e-01   7.7802607e-02   5.4457862e-01  -3.0056354e-03   1.1142054e-02  -9.5019224e-03
   1.9113532e-01   1.1485015e-01   4.8013294e-01  -2.9034564e-03   1.1401008e-02  -9.4864052e-03
   2.1272479e-01   1.3238220e-01   4.8059681e-01  -3.0620314e-03   1.1301666e-02  -9.1633716e-03
   2.0023623e-01   9.1807819e-02   4.6166212e-01  -3.6941281e-03   1.0999659e-02  -9.1763908e-03
   2.0542577e-01   1.2666117e-01   4.7427521e-01  -3.7630587e-03   1.1183995e-02  -9.7572917e-03
   2.1519562e-01   1.2117039e-01   4.9195358e-01  -4.2187172e-03   1.1114112e-02  -9.7565264e-03
   1.8336036e-01   7.5497037e-02   4.7528950e-01  -4.4604922e-03   1.0955102e-02  -9.7429742e-03
   2.1600366e-01   1.3245948e-01   4.8637730e-01  -4.7461874e-03   1.0775068e-02  -9.8301211e-03
   1.9629001e-01   7.5273487e-02   4.8793499e-01  -4.9883135e-03   1.0252208e-02  -9.7663888e-03
   2.0934090e-01   1.1019552e-01   4.8658346e-01  -4.9005647e-03   1.0555517e-02  -1.0221510e-02
   2.0879095e-01   8.5349225e-02   4.8088145e-01  -4.7456383e-03   1.0336836e-02  -1.0099428e-02
   1.9286705e-01   9.8012760e-02   4.3464349e-01  -4.6833917e-03   1.0639746e-02  -1.0413893e-02
   2.1739353e-01   1.4385021e-01   4.6293027e-01  -4.9645673e-03   1.0079501e-02  -1.0260115e-02
   2.0397362e-01   8.3997037e-02   4.5241062e-01  -4.8982099e-03   1.0062858e-02  -1.0273504e-02
   2.0176623e-01   1.1061846e-01   4.4674691e-01  -4.7543568e-03   1.0213938e-02  -1.0707734e-02
   2.1440734e-01   1.2040322e-01   4.5907422e-01  -5.2292752e-03   1.0071736e-02  -9.9700331e-03
   2.0874696e-01   1.0751193e-01   4.4838518e-01  -5.3065407e-03   1.0343805e-02  -1.0116280e-02
   2.2863736e-01   1.3233075e-01   5.0287727e-01  -5.1292492e-03   1.0302881e-02  -1.0649806e-02
   1.9308632e-01   8.7903046e-02   4.3251001e-01  -5.7514223e-03   9.9529448e-03  -1.0377300e-02
   2.2232531e-01   1.3227829e-01   4.5011260e-01  -5.5342597e-03   1.0186415e-02  -1.0518072e-02
   2.0310662e-01   8.5647367e-02   4.0852854e-01  -6.2918997e-03   1.0389426e-02  -1.0344803e-02
   2.2068921e-01   1.2642664e-01   4.2087886e-01  -5.9410524e-03   1.0738699e-02  -1.0764727e-02
   2.4565965e-01   1.1758589e-01   4.3170689e-01  -6.1641828e-03   1.0337171e-02  -1.0356290e-02
   2.1600520e-01   8.8006348e-02   3.9181350e-01  -6.4808849e-03   1.0704806e-02  -1.0127535e-02
   2.3953753e-01   1.3440358e-01   4.1275585e-01  -6.5085957e-03   1.1008499e-02  -1.0198806e-02
   1.9816001e-01   4.1365235e-02   3.8507582e-01  -8.1363121e-03   1.0538682e-02  -1.0801131e-02
   2.1421689e-01   1.1001089e-01   4.1277287e-01  -7.8739843e-03   1.0362474e-02  -1.0544932e-02
   2.0256233e-01   7.4063915e-02   4.3978796e-01  -7.1347187e-03   1.0921534e-02  -1.0280738e-02
   2.1765701e-01   1.3775748e-01   4.5418770e-01  -6.5471396e-03   1.0627992e-02  -9.9029706e-03
   1.9285587e-01   6.2966274e-02   4.0450714e-01  -6.6487137e-03   1.0251099e-02  -9.6725938e-03
   2.2047939e-01   1.0887598e-01   3.9064481e-01  -7.0530852e-03   1.0297772e-02  -9.7577338e-03
   2.1485542e-01   8.4930771e-02   4.1576866e-01  -7.1200406e-03   1.0368271e-02  -9.4905752e-03
   1.8704943e-01   4.7955953e-02   3.7849118e-01  -7.5676444e-03   1.0366272e-02  -9.4724684e-03
   2.0422607e-01   9.1397110e-02   4.5163789e-01  -7.3667804e-03   1.0013008e-02  -9.6711659e-03
   1.9882353e-01   8.7707379e-02   4.2161840e-01  -7.7342937e-03   1.0284277e-02  -9.5622342e-03
   2.2266710e-01   1.1540180e-01   4.7912754e-01  -6.9707202e-03   1.0001618e-02  -9.4119427e-03
   2.0720520e-01   6.6059605e-02   4.1533995e-01  -7.2296380e-03   1.0165129e-02  -9.8195813e-03
   2.2330906e-01   1.2655008e-01   4.4236295e-01  -7.1833186e-03   1.0261768e-02  -1.0089649e-02
   1.9774806e-01   6.9210674e-02   4.0277008e-01  -7.2213077e-03   1.0172835e-02  -9.7330610e-03
   2.2916377e-01   1.2279067e-01   4.1496772e-01  -7.2088741e-03   1.0634166e-02  -9.9243666e-03
   2.0694178e-01   8.7198086e-02   3.9367983e-01  -7.6833247e-03   1.0190790e-02  -9.4216547e-03
   1.8774203e-01   1.0666154e-01   4.8830877e-01  -7.5489794e-03   1.0025975e-02  -9.2970702e-03
   2.3106790e-01   1.2465555e-01   4.8324157e-01  -8.5283784e-03   9.9435872e-03  -9.5537671e-03
   2.1623876e-01   7.5168662e-02   4.3968443e-01  -9.5412528e-03   1.0242189e-02  -9.7062495e-03
   2.2819556e-01   1.0964133e-01   4.2818758e-01  -9.1359577e-03   1.0353869e-02  -1.0048632e-02
   2.4459303e-01   1.2218720e-01   4.5622907e-01  -8.8816951e-03   9.8619083e-03  -1.0017160e-02
   2.5628162e-01   1.4591379e-01   4.3856086e-01  -6.7232348e-03   1.0534373e-02  -1.0623132e-02
   2.6677177e-01   1.8022877e-01   4.6108872e-01  -8.1902099e-03   1.0585596e-02  -1.0537064e-02
   2.4884015e-01   1.1624926e-01   3.8975315e-01  -9.2267426e-03   1.0143004e-02  -1.0535051e-02
   2.5484129e-01   1.4985984e-01   3.8312314e-01  -9.1921886e-03   1.0545847e-02  -1.1109852e-02
   2.5459260e-01   1.3202976e-01   3.9091297e-01  -9.6813760e-03   1.0678099e-02  -1.0909640e-02
   2.3481213e-01   1.4712844e-01   3.2144709e-01  -9.7286611e-03   1.0723124e-02  -1.1233563e-02
   2.5993833e-01   1.7695331e-01   3.4561116e-01  -9.5030696e-03   1.0568434e-02  -1.1772327e-02
   2.4136931e-01   1.3593873e-01   3.1716569e-01  -1.0180014e-02   1.0439107e-02  -1.1610335e-02
   2.3848971e-01   1.5690512e-01   2.9068661e-01  -9.8438297e-03   1.0519244e-02  -1.2172218e-02
   2.4585462e-01   1.3999460e-01   2.7119497e-01  -1.0205668e-02   9.8668401e-03  -1.1688783e-02
   2.2808320e-01   1.6768626e-01   2.6104650e-01  -8.6395544e-03   9.7666146e-03  -1.1727418e-02
   2.2735067e-01   1.5829703e-01   2.6411060e-01  -8.4627638e-03   9.5123492e-03  -1.1570813e-02
   2.4754148e-01   1.8494743e-01   2.7779003e-01  -8.6250678e-03   9.7701853e-03  -1.1624169e-02
   2.5028145e-01   2.0197321e-01   2.6308448e-01  -8.1838876e-03   1.0045633e-02  -1.1823973e-02
   2.5370541e-01   1.6604997e-01   2.7776387e-01  -8.5647997e-03   9.9047317e-03  -1.1674350e-02
   2.5783760e-01   1.9671519e-01   2.6762768e-01  -8.7429260e-03   1.0176439e-02  -1.1910112e-02
   2.7910140e-01   1.7098589e-01   3.0399731e-01  -8.7345266e-03   1.0342213e-02  -1.1970443e-02
   2.6464017e-01   1.4970289e-01   2.5553519e-01  -9.1083815e-03   1.0960630e-02  -1.1973411e-02
   2.8707195e-01   2.1001308e-01   2.6527134e-01  -9.2524178e-03   1.0666015e-02  -1.2073297e-02
   2.8051337e-01   1.8506710e-01   2.5740011e-01  -8.7660093e-03   1.0770149e-02  -1.2236884e-02
   2.7831616e-01   2.2647879e-01   2.2454525e-01  -8.2801072e-03   1.0940430e-02  -1.2628472e-02
   3.1140164e-01   2.3925496e-01   2.9531657e-01  -7.8753260e-03   1.1227036e-02  -1.3302466e-02
   2.9513628e-01   2.2595312e-01   2.6466294e-01  -8.1291843e-03   1.1424242e-02  -1.2615842e-02
   3.1250920e-01   2.5777272e-01   2.8007614e-01  -7.8563125e-03   1.1933981e-02  -1.2859281e-02
   3.2732185e-01   2.3711379e-01   2.8654967e-01  -8.5054799e-03   1.1620243e-02  -1.2509076e-02
   3.0845935e-01   2.4343446e-01   3.0484451e-01  -7.9518055e-03   1.1967943e-02  -1.2779821e-02
   3.2451499e-01   2.6581406e-01   3.0955087e-01  -8.0245980e-03   1.2127075e-02  -1.2426884e-02
   3.1878548e-01   2.2372983e-01   2.7954795e-01  -8.3830985e-03   1.2499972e-02  -1.2648677e-02
   3.3602029e-01   2.7720973e-01   2.9008749e-01  -8.4565211e-03   1.2355152e-02  -1.2659688e-02
   3.1947730e-01   1.9928171e-01   2.6853165e-01  -9.2359070e-03   1.2671291e-02  -1.2488625e-02
   3.4700108e-01   2.7086756e-01   2.5208287e-01  -9.7264620e-03   1.2966459e-02  -1.2504259e-02
   3.5627859e-01   2.7191170e-01   2.5779536e-01  -9.5626600e-03   1.2980853e-02  -1.2751866e-02
   3.4452560e-01   2.8874003e-01   2.3630003e-01  -8.8640685e-03   1.3193355e-02  -1.2531913e-02
   3.7529333e-01   2.7564392e-01   2.5583833e-01  -9.3886999e-03   1.3122591e-02  -1.2028139e-02
   3.6885449e-01   2.5221863e-01   2.3649828e-01  -9.6677777e-03   1.3972852e-02  -1.1855542e-02
   4.2737610e-01   2.9852099e-01   2.9060249e-01  -9.8649264e-03   1.4375765e-02  -1.1852402e-02
   3.9704829e-01   2.5457556e-01   2.0180185e-01  -1.0246831e-02   1.4645526e-02  -1.1459302e-02
   4.2005416e-01   2.9140295e-01   2.1710327e-01  -1.0160744e-02   1.4424327e-02  -1.1547755e-02
   4.0901028e-01   2.4452383e-01   2.1834947e-01  -1.0518492e-02   1.4886762e-02  -1.1440674e-02
   4.0525820e-01   2.8003696e-01   2.3199583e-01  -1.0332596e-02   1.5110904e-02  -1.0786208e-02
   4.1689850e-01   2.5503209e-01   1.9057461e-01  -1.0924403e-02   1.5805536e-02  -1.0592931e-02
   4.5092345e-01   2.6792814e-01   1.6901236e-01  -1.2173698e-02   1.6100429e-02  -9.8481786e-03
   4.4872864e-01   2.7967796e-01   1.6366935e-01  -1.1172392e-02   1.6684757e-02  -1.0056879e-02
   4.8557708e-01   2.9944489e-01   1.5992475e-01  -1.0816186e-02   1.6531467e-02  -9.9531843e-03
   4.5775591e-01   2.5026568e-01   1.5510318e-01  -1.1426558e-02   1.6390109e-02  -1.0285632e-02
   4.9047989e-01   2.8961624e-01   1.5945110e-01  -1.1485907e-02   1.6816008e-02  -1.0589013e-02
   4.9125683e-01   2.4915035e-01   1.7545327e-01  -1.1748906e-02   1.7360786e-02  -1.0121337e-02
   4.9644388e-01   2.9778208e-01   1.6398196e-01  -1.1574688e-02   1.8218531e-02  -1.0246926e-02
   5.2658258e-01   3.1145602e-01   1.7782889e-01  -1.1250644e-02   1.8310548e-02  -9.8648682e-03
   5.0384531e-01   2.8047950e-01   1.8824035e-01  -1.1701538e-02   1.8637528e-02  -9.8019726e-03
   4.8208162e-01   3.1419080e-01   1.6656164e-01  -1.1550730e-02   1.8023992e-02  -9.6731605e-03
   4.8591590e-01   2.8117249e-01   2.0554021e-01  -1.1507795e-02   1.7584774e-02  -9.5135228e-03
   4.8414732e-01   3.2042033e-01   1.8256511e-01  -1.1467878e-02   1.7556497e-02  -9.4739319e-03
   5.1992966e-01   3.2981198e-01   2.4664501e-01  -1.0745473e-02   1.7611240e-02  -9.2871803e-03
   5.0122535e-01   3.1506677e-01   1.7362918e-01  -1.0955845e-02   1.7709520e-02  -9.1166055e-03
   5.1386758e-01   3.1030352e-01   2.3015104e-01  -1.1265581e-02   1.7890395e-02  -8.9915715e-03
   5.0564397e-01   3.2317549e-01   2.1417497e-01  -1.0937649e-02   1.8187605e-02  -9.0737991e-03
   5.3632921e-01   3.2594658e-01   2.4988550e-01  -1.1204677e-02   1.8396912e-02  -8.9991496e-03
   5.1612359e-01   3.1549489e-01   2.2510424e-01  -1.1865792e-02   1.8880454e-02  -9.0328255e-03
   5.3862533e-01   2.7449728e-01   2.4291772e-01  -1.2340107e-02   1.9100008e-02  -7.9264561e-03
   5.1600973e-01   2.6016598e-01   1.8013838e-01  -1.1367809e-02   1.9464094e-02  -7.8658929e-03
   5.3844783e-01   3.0566384e-01   2.0517973e-01  -1.1972965e-02   1.9322296e-02  -7.3876041e-03
   5.0785135e-01   2.4977423e-01   1.8625843e-01  -1.2549566e-02   2.0092849e-02  -7.5788884e-03
   5.3143422e-01   2.7905984e-01   1.8097597e-01  -1.2749138e-02   2.0078622e-02  -8.0067581e-03
   5.4563174e-01   2.6346526e-01   1.7206847e-01  -1.2927427e-02   2.0552024e-02  -8.0243869e-03
   5.2428658e-01   2.7485474e-01   1.1658397e-01  -1.3435918e-02   2.0514886e-02  -8.1877783e-03
   5.5446417e-01   3.0071817e-01   1.2719557e-01  -1.3115758e-02   2.0600191e-02  -8.5948749e-03
   5.4541133e-01   2.6005295e-01   9.6990493e-02  -1.3256294e-02   2.0046944e-02  -8.2553784e-03
   5.3566340e-01   2.8559332e-01   4.5298025e-02  -1.3782770e-02   2.0468868e-02  -8.2699091e-03
   5.6794604e-01   3.1530558e-01   4.8647520e-02  -1.3830824e-02   2.0399189e-02  -7.8247567e-03
   5.4813639e-01   2.8384452e-01   1.9256635e-02  -1.3529374e-02   2.0543351e-02  -7.7953393e-03
   5.6572485e-01   3.1694915e-01   5.0517172e-02  -1.3486141e-02   2.0389208e-02  -7.8459708e-03
   5.4242208e-01   2.6813698e-01   3.7349938e-02  -1.4240815e-02   1.9993097e-02  -7.5523363e-03
   5.6842288e-01   3.2972992e-01   2.3096773e-02  -1.3641685e-02   2.0132410e-02  -7.7766883e-03
   5.6840359e-01   3.0327506e-01   3.1724597e-02  -1.3489212e-02   2.0346093e-02  -7.6984131e-03
   5.5882574e-01   3.3329884e-01   1.5337160e-03  -1.3612468e-02   2.0575177e-02  -7.4963733e-03
   6.0331806e-01   3.5573133e-01   3.5691073e-02  -1.3603669e-02   2.0409784e-02  -7.3988151e-03
   5.7060891e-01   2.9686304e-01   1.4154514e-03  -1.3671142e-02   2.0573368e-02  -7.6362173e-03
   5.8281249e-01   3.3580036e-01   2.7604480e-02  -1.3467950e-02   2.0735935e-02  -7.8170826e-03
   5.8715304e-01   3.3589893e-01   3.0940639e-02  -1.4151488e-02   2.0496246e-02  -7.2996673e-03
   5.6697147e-01   3.4669278e-01  -1.0313177e-02  -1.3996201e-02   2.0263038e-02  -7.5116415e-03
   5.5764942e-01   3.4361591e-01  -1.9755388e-02  -1.3690803e-02   1.9912429e-02  -8.2064075e-03
   5.5010198e-01   3.0738190e-01  -8.2629398e-03  -1.4418608e-02   1.9635910e-02  -8.0791118e-03
   5.7494986e-01   3.6252911e-01  -3.4914356e-02  -1.3609143e-02   2.0435501e-02  -7.8355484e-03
   5.8284028e-01   3.4101031e-01  -1.8279155e-02  -1.3407513e-02   2.0597524e-02  -7.1909505e-03
   5.9192322e-01   3.6787166e-01  -2.7504503e-02  -1.3375495e-02   2.0752843e-02  -7.4620387e-03
   6.1697246e-01   3.4961899e-01  -4.5257885e-02  -1.2982963e-02   2.0778450e-02  -7.7355530e-03
   5.8917419e-01   3.3180541e-01  -7.5134827e-02  -1.3261798e-02   2.0718584e-02  -7.8478416e-03
   6.1078973e-01   3.9545676e-01  -7.4775822e-02  -1.4349940e-02   2.0590530e-02  -7.7662831e-03
   6.0690998e-01   3.6405705e-01  -6.2029895e-02  -1.4370212e-02   2.0331441e-02  -7.6598521e-03
   6.0143462e-01   3.7692868e-01  -9.2293206e-02  -1.4857528e-02   2.0663119e-02  -7.5994169e-03
   6.1103979e-01   3.6508147e-01  -2.6850466e-02  -1.4314859e-02   2.1084609e-02  -7.3737817e-03
   6.0249406e-01   3.8779681e-01  -1.0194991e-01  -1.4828892e-02   2.0952073e-02  -7.0257217e-03
   6.5572283e-01   3.8941244e-01  -3.1286418e-02  -1.4698748e-02   2.1849128e-02  -6.9249700e-03
   6.2731661e-01   3.8365086e-01  -7.7063928e-02  -1.4287714e-02   2.1917002e-02  -7.2298554e-03
   6.5967906e-01   4.1511926e-01  -6.6603561e-02  -1.3382952e-02   2.1549082e-02  -7.1906894e-03
   5.9679868e-01   3.4038989e-01  -4.8492884e-02  -1.2663988e-02   2.1258075e-02  -7.6380490e-03
   6.1191477e-01   4.3814854e-01  -8.2621802e-03  -1.2784843e-02   2.1111798e-02  -7.6300775e-03
   5.9875902e-01   3.6028629e-01  -1.0049554e-01  -1.2816996e-02   2.1263572e-02  -7.5258280e-03
   6.2374152e-01   4.1806540e-01  -1.1147480e-01  -1.3163860e-02   2.1233489e-02  -7.7488295e-03
   6.3270053e-01   3.8854126e-01  -1.1055049e-01  -1.3231583e-02   2.1450075e-02  -7.9835061e-03
   6.3755389e-01   4.3038115e-01  -1.4975045e-01  -1.3713038e-02   2.1024176e-02  -7.8504029e-03
   6.7060505e-01   4.2612250e-01  -1.0653426e-01  -1.4109236e-02   2.1170076e-02  -7.9692152e-03
   6.4423879e-01   4.1242598e-01  -1.1808833e-01  -1.4894145e-02   2.0927908e-02  -7.6557104e-03
   6.8451649e-01   4.5751237e-01  -7.9971228e-02  -1.3774441e-02   2.1100720e-02  -7.9852640e-03
   6.5413410e-01   3.8287725e-01  -1.3474492e-01  -1.3854001e-02   2.1033235e-02  -7.8745675e-03
   6.6169236e-01   4.2058341e-01  -1.0965247e-01  -1.3182178e-02   2.1796545e-02  -7.8361897e-03
   6.6194396e-01   4.4902881e-01  -8.8295077e-02  -1.3877706e-02   2.1886972e-02  -7.9089605e-03
   6.6921266e-01   4.0486015e-01  -4.0552068e-02  -1.4778995e-02   2.2214763e-02  -8.0770429e-03
   6.7615147e-01   4.3942809e-01  -5.0817298e-02  -1.4432388e-02   2.1939147e-02  -7.9407225e-03
   7.0309978e-01   3.7201407e-01  -2.8936005e-02  -1.4758535e-02   2.2952716e-02  -7.8141997e-03
   7.1635286e-01   4.1523591e-01  -1.0730524e-01  -1.4963804e-02   2.3973607e-02  -7.9605852e-03
   7.6203504e-01   4.4003193e-01  -7.6860904e-02  -1.4157663e-02   2.4368943e-02  -8.7164074e-03
   7.2081010e-01   3.8345386e-01  -1.4546918e-01  -1.4229605e-02   2.4471982e-02  -8.0794807e-03
   7.3330364e-01   3.9625837e-01  -1.2595934e-01  -1.4891437e-02   2.4633247e-02  -7.4544916e-03
   7.5187136e-01   3.8380396e-01  -9.6226935e-02  -1.4753951e-02   2.5053015e-02  -7.4505808e-03
   7.3931808e-01   4.3071879e-01  -1.3936774e-01  -1.3951468e-02   2.4674788e-02  -7.4435377e-03
   7.3840410e-01   3.8746560e-01  -8.5484514e-02  -1.6097714e-02   2.4409588e-02  -7.5374694e-03
   7.3987690e-01   3.9637590e-01  -8.0190114e-02  -1.5416077e-02   2.4844116e-02  -7.2122231e-03
   7.6880577e-01   4.2963877e-01  -3.8574663e-02  -1.4896074e-02   2.4840110e-02  -7.2255078e-03
   7.7014111e-01   4.2183716e-01  -8.3337360e-02  -1.4608911e-02   2.5406779e-02  -7.3147072e-03
   8.0366575e-01   4.4191054e-01  -5.4490725e-02  -1.3870657e-02   2.5909429e-02  -7.3214403e-03
   7.9202131e-01   3.8582013e-01  -8.2405981e-02  -1.4414252e-02   2.6686160e-02  -7.0962653e-03
   7.8811425e-01   4.1879937e-01  -8.6237349e-02  -1.4226692e-02   2.6405115e-02  -6.9355107e-03
   8.0204423e-01   4.4413636e-01  -5.4654752e-02  -1.3681995e-02   2.6218656e-02  -6.9392291e-03
   7.8289679e-01   4.2030527e-01  -6.5311407e-02  -1.4136805e-02   2.5924613e-02  -7.2560244e-03
   7.8068460e-01   4.5392351e-01  -6.5873571e-02  -1.4757365e-02   2.5811970e-02  -7.2239739e-03
   7.9347050e-01   4.5759356e-01  -8.1446167e-02  -1.4135447e-02   2.5608129e-02  -7.1527351e-03
   7.7270716e-01   4.5662125e-01  -7.5021211e-02  -1.3370121e-02   2.5633874e-02  -7.2815665e-03
   7.9912890e-01   4.7115318e-01  -6.3461749e-02  -1.3672865e-02   2.5758190e-02  -7.2634428e-03
   8.1144140e-01   4.5686172e-01  -3.2550302e-02  -1.3507152e-02   2.5876806e-02  -7.2128454e-03
   8.1904802e-01   4.7259126e-01  -5.3790188e-02  -1.3385284e-02   2.6165365e-02  -7.0358971e-03
   8.3193522e-01   4.6837675e-01  -2.0094814e-02  -1.3948131e-02   2.6171036e-02  -6.8106160e-03
   8.2338851e-01   4.7142156e-01  -8.6972726e-02  -1.3687606e-02   2.6540558e-02  -6.7745557e-03
   8.4529642e-01   4.7513239e-01  -7.5898679e-02  -1.3758018e-02   2.6789280e-02  -6.6607882e-03
   8.2053971e-01   4.3147383e-01  -3.4836793e-02  -1.4613018e-02   2.6967908e-02  -6.3562053e-03
   7.9483398e-01   4.6371392e-01  -7.8485053e-02  -1.2988578e-02   2.6875322e-02  -5.8842454e-03
   7.9558232e-01   4.3894854e-01  -1.4111185e-01  -1.2741827e-02   2.7070690e-02  -6.0429945e-03
   8.0635143e-01   4.4606919e-01  -1.3589883e-01  -1.3321259e-02   2.7445177e-02  -6.2134503e-03
   8.2655977e-01   5.1146725e-01  -9.9825016e-02  -1.4070332e-02   2.7619433e-02  -6.3346414e-03
   8.1011857e-01   4.5403357e-01  -8.0223574e-02  -1.3524652e-02   2.7682963e-02  -6.1853523e-03
   8.1289137e-01   4.7573522e-01  -1.3071464e-01  -1.2803499e-02   2.7682661e-02  -6.0127087e-03
   8.3418543e-01   4.9630910e-01  -1.2513276e-01  -1.3587563e-02   2.7885397e-02  -6.3710855e-03
   8.5442041e-01   4.8533394e-01  -1.2390832e-01  -1.4100958e-02   2.8214064e-02  -6.2101844e-03
   8.6248056e-01   5.1037007e-01  -9.4612767e-02  -1.3975659e-02   2.8134714e-02  -6.2972358e-03
   8.9595799e-01   5.1710590e-01  -5.0214651e-02  -1.4489716e-02   2.8519199e-02  -6.3571526e-03
   8.6893022e-01   4.8922564e-01  -5.1026874e-02  -1.4374693e-02   2.8423618e-02  -6.1196208e-03
   8.7769017e-01   5.4149503e-01  -2.5257453e-02  -1.4334952e-02   2.8535577e-02  -6.4492753e-03
   8.9878285e-01   5.3097549e-01   5.8296462e-03  -1.4374903e-02   2.8658365e-02  -6.5680078e-03
   8.8455527e-01   5.2603878e-01   9.5457783e-03  -1.4312406e-02   2.8551103e-02  -6.3918993e-03
   8.7121583e-01   5.4709826e-01  -3.7189987e-03  -1.5024148e-02   2.8365490e-02  -6.3424660e-03
   8.9185727e-01   5.4091484e-01   1.8224772e-02  -1.5178146e-02   2.8725377e-02  -6.2849720e-03
   8.8605280e-01   5.3358503e-01  -1.5719400e-02  -1.5035777e-02   2.8909409e-02  -5.8799840e-03
   8.8097843e-01   5.3284007e-01  -1.8537464e-02  -1.5096278e-02   2.8531556e-02  -6.1083917e-03
   8.5485070e-01   4.9476258e-01  -1.6042200e-02  -1.5293776e-02   2.8880028e-02  -5.4678341e-03
   9.0473708e-01   5.5255158e-01   2.4837690e-02  -1.5295249e-02   2.9660060e-02  -5.8209680e-03
   8.8887982e-01   5.1997086e-01  -1.2376984e-02  -1.5165858e-02   2.9475843e-02  -5.2482285e-03
   9.2386298e-01   5.9542182e-01  -5.2358644e-03  -1.3763806e-02   2.9444584e-02  -5.7599931e-03
   9.2667403e-01   5.7590597e-01   4.9341080e-03  -1.3518060e-02   2.9722807e-02  -5.5907585e-03
   8.1511256e-01   4.9577756e-01   9.5894551e-02  -1.4317488e-02   2.9236776e-02  -5.0675028e-03
   8.1409983e-01   5.2381281e-01   3.6034067e-01  -1.3316587e-02   2.8798615e-02  -4.7089868e-03
   8.5134927e-01   4.6097549e-01   1.7134356e-01  -1.4738581e-02   3.0326658e-02  -5.4482005e-03
   8.8847841e-01   5.9042806e-01   1.6895736e-01  -1.4590939e-02   3.0497947e-02  -5.8826100e-03
   8.9837727e-01   5.7732221e-01   1.8322473e-01  -1.4680205e-02   3.0478331e-02  -5.9301849e-03
   9.2243297e-01   6.2801990e-01   1.7111289e-01  -1.4067116e-02   3.0782326e-02  -6.3862958e-03
   9.1015673e-01   5.9201084e-01   1.8732863e-01  -1.3903279e-02   3.0674699e-02  -6.8855673e-03
   9.2909266e-01   6.6058425e-01   1.7492731e-01  -1.4287023e-02   3.1207617e-02  -6.4939703e-03
   9.4666406e-01   6.3666153e-01   2.4105166e-01  -1.4455016e-02   3.1405463e-02  -6.5755936e-03
   9.5333131e-01   6.7995149e-01   2.2079491e-01  -1.4659840e-02   3.1316909e-02  -7.0487132e-03
   9.5961895e-01   6.6215997e-01   2.2649315e-01  -1.4518254e-02   3.1445511e-02  -6.9756426e-03
   9.4332300e-01   6.4468730e-01   2.0637257e-01  -1.4621622e-02   3.1164243e-02  -7.1811690e-03
   9.5286644e-01   6.6784331e-01   1.9870608e-01  -1.4832339e-02   3.1297937e-02  -7.5183269e-03
   9.6068344e-01   6.5575079e-01   1.9003284e-01  -1.4637017e-02   3.1491101e-02  -7.5203303e-03
   9.6767098e-01   6.9334136e-01   1.6709407e-01  -1.5064147e-02   3.1773283e-02  -7.8427313e-03
   9.8539571e-01   7.2392993e-01   1.6895429e-01  -1.4332617e-02   3.1895823e-02  -8.0794818e-03
   9.5459450e-01   6.6146206e-01   6.2358992e-02  -1.3212705e-02   3.1263017e-02  -7.3586505e-03
   9.4765901e-01   6.9737497e-01  -7.5001265e-02  -1.3776348e-02   3.1259574e-02  -7.3784749e-03
   9.8042509e-01   6.9261163e-01   6.3207139e-03  -1.3687174e-02   3.1608181e-02  -7.5906708e-03
   9.7377463e-01   7.4567528e-01  -1.0884604e-02  -1.2837281e-02   3.1617988e-02  -7.7985020e-03
   9.5839295e-01   6.4185092e-01  -8.8016862e-02  -1.2123045e-02   3.1484154e-02  -7.5827426e-03
   9.7073540e-01   7.5969735e-01   1.8152141e-02  -1.2550196e-02   3.1988910e-02  -8.1393856e-03
   1.0044615e+00   7.4504386e-01   3.2274398e-02  -1.2912961e-02   3.2615534e-02  -8.2138339e-03
   1.0384551e+00   7.8475982e-01   3.5122231e-02  -1.2868208e-02   3.3299394e-02  -8.4110157e-03
   1.0381690e+00   7.3737258e-01   8.6873183e-02  -1.2760125e-02   3.3067676e-02  -8.1770006e-03
   1.0470751e+00   7.6444414e-01   5.7396043e-02  -1.3100356e-02   3.3508135e-02  -8.2175700e-03
   1.0757056e+00   7.8990308e-01   7.0131487e-02  -1.2277090e-02   3.3642162e-02  -8.4860022e-03
   1.0592616e+00   7.7142305e-01   5.1829001e-02  -1.1994783e-02   3.3607833e-02  -8.6475502e-03
   1.0406807e+00   8.0763743e-01   1.2583752e-02  -1.0831789e-02   3.3345930e-02  -8.3639182e-03
   1.0546090e+00   8.0116098e-01   2.3070901e-02  -1.1372200e-02   3.3163897e-02  -8.5211773e-03
   1.0463485e+00   8.2523767e-01   4.0765363e-02  -1.1432109e-02   3.3155048e-02  -8.4962798e-03
   1.0600745e+00   8.5393385e-01   5.2909746e-02  -1.1086706e-02   3.3313832e-02  -9.0510986e-03
   1.0520117e+00   8.0841502e-01   6.6929502e-02  -1.1621896e-02   3.3538085e-02  -9.1230231e-03
   1.0479563e+00   8.3575060e-01   8.2986693e-02  -1.1432625e-02   3.3598644e-02  -8.8966216e-03
   1.0666032e+00   8.8020488e-01   9.5413726e-02  -1.0994521e-02   3.3091624e-02  -8.9665880e-03
   1.0416695e+00   8.0753086e-01   1.0206488e-01  -1.0665544e-02   3.3343645e-02  -8.8752660e-03
   1.0412011e+00   8.6556060e-01   1.1611909e-01  -1.0255598e-02   3.3751381e-02  -8.9366563e-03
   1.0443124e+00   7.9981575e-01   6.9746689e-02  -1.0064032e-02   3.4142515e-02  -8.8423358e-03
   1.0535024e+00   8.5166148e-01  -2.1569622e-02  -9.0631864e-03   3.4049948e-02  -8.7616350e-03
   1.0662581e+00   8.6903289e-01  -6.6496885e-02  -9.7669040e-03   3.3998278e-02  -9.1675887e-03
   1.0631716e+00   8.8501348e-01  -9.0034705e-02  -9.5976266e-03   3.3724834e-02  -9.3548675e-03
   1.0793366e+00   9.2241371e-01  -3.6498519e-03  -9.3380811e-03   3.3637268e-02  -9.7742685e-03
   1.0862768e+00   9.2413341e-01  -1.0344510e-02  -9.1636154e-03   3.3774715e-02  -9.9294376e-03
   1.0947026e+00   9.8620797e-01  -2.0835735e-02  -8.6887304e-03   3.3519936e-02  -1.0605098e-02
   1.0906808e+00   9.7370425e-01  -4.5080049e-02  -8.3324698e-03   3.3372385e-02  -1.0719355e-02
   1.0953387e+00   1.0217680e+00  -2.8058442e-02  -8.6459535e-03   3.3419144e-02  -1.0989114e-02
   1.0913057e+00   9.7657648e-01  -1.5815043e-02  -7.7761578e-03   3.3420660e-02  -1.0714440e-02
   1.0718134e+00   1.0108583e+00  -1.2273983e-02  -7.3444435e-03   3.2622184e-02  -1.0682897e-02
   1.0975420e+00   9.5698681e-01  -3.5975731e-02  -8.2468446e-03   3.3573177e-02  -1.1252669e-02
   1.1143771e+00   1.0637077e+00  -2.4774618e-02  -7.6558072e-03   3.3352311e-02  -1.1114918e-02
   1.1225725e+00   1.0325526e+00  -1.6054452e-02  -7.8281608e-03   3.3248738e-02  -1.0969854e-02
   1.1107126e+00   1.0535799e+00  -6.1724135e-02  -7.9371675e-03   3.3222222e-02  -1.1230169e-02
   1.1353190e+00   1.0783854e+00  -3.9436699e-02  -7.4387873e-03   3.3361043e-02  -1.1150526e-02
   1.1314471e+00   1.0826599e+00  -6.2999191e-02  -7.2209456e-03   3.3183167e-02  -1.1121037e-02
   1.1157958e+00   1.1174932e+00  -4.4629123e-02  -7.9257028e-03   3.2621260e-02  -1.1774120e-02
