   0.0000000e+00   0.0000000e+00   1.4210855e-14   5.5511151e-17   6.9388939e-18  -3.8518599e-34
   1.1210495e-02   3.1293734e-02   6.1235700e-02  -7.8121538e-04   4.1533110e-04  -4.5221016e-05
   1.4393427e-03   3.4380009e-02   5.2074021e-02  -5.1221630e-04   4.1910343e-04   4.6108723e-05
   6.4587886e-03   9.6306302e-02   7.1713263e-02  -5.3575703e-04   6.1717981e-04  -2.0761605e-04
   1.7810817e-02   2.6515509e-02   4.9556125e-02  -8.6798544e-04   6.2336388e-04  -2.6247072e-04
   7.9198249e-03   3.4285527e-02   3.3042227e-02  -9.7791827e-05   8.4209306e-04  -2.1634426e-04
   4.6311562e-03   7.1883078e-02   8.0258617e-02  -3.5329975e-04   7.8155588e-04  -5.2978286e-05
   6.0551869e-03   1.0107566e-01   8.9123714e-02   5.2021223e-05   1.1502077e-03  -1.3383806e-04
   7.7756376e-03   4.8877054e-02   8.8217571e-02  -1.3575685e-03   1.1514173e-03  -1.8056020e-04
   3.1647074e-02   4.6467083e-02   5.0755641e-02   1.2749913e-04   1.3823696e-03   1.4356173e-04
   3.0469251e-02   7.9127188e-02   9.1880762e-02  -5.2476904e-04   1.2833177e-03   1.4237386e-04
   1.3424478e-02   5.4224702e-02   1.2116589e-01  -8.5533903e-04   1.2263017e-03  -3.0816312e-04
   1.4376251e-02   1.3469206e-02   8.9878325e-02  -8.6871754e-04   1.0622695e-03  -1.7658202e-04
   2.0110923e-02   4.9378942e-02   9.5161658e-02  -6.2583935e-04   1.2099897e-03  -2.3123968e-05
   2.5219331e-02   5.1331105e-02   1.5811727e-01  -1.1584269e-03   1.3847165e-03  -5.2912749e-05
   1.8717463e-02   4.6748792e-03   9.8856761e-02  -1.1347035e-03   1.2184778e-03  -6.1070136e-05
   1.8892179e-02   1.0775393e-01   1.6461085e-01   2.2699146e-03   1.6002552e-03   2.5782012e-04
   2.9149504e-02  -2.9786777e-02   1.5263901e-02   6.0696593e-04   1.8924204e-03  -8.7740439e-05
   3.3367123e-02   5.7937799e-02   9.6076865e-02  -4.0415419e-04   1.8346529e-03  -1.2017244e-04
   4.3012017e-02   5.0851068e-02   1.1129090e-01  -9.9049770e-04   1.9056119e-03  -1.4744856e-04
   3.8717964e-02   2.6490005e-02   8.6298576e-02  -6.9105425e-04   1.9760964e-03  -1.8813919e-04
   3.5658066e-02   6.9429930e-02   1.2194349e-01  -1.7700979e-03   2.1892498e-03  -2.4166535e-04
   4.7138896e-02   4.2525251e-03   1.0892711e-01  -1.8870997e-03   2.0613847e-03  -2.6982417e-04
   2.7284178e-02   3.2500881e-02   1.0130276e-01  -1.4509023e-03   2.0486314e-03  -4.5642280e-04
   3.1322133e-02   9.0719726e-02   1.1357645e-01  -1.5964161e-03   1.9653739e-03  -5.5724383e-04
   5.6997354e-02   4.4272834e-02   1.2122156e-01  -2.6218445e-03   2.4720272e-03  -6.8502739e-04
   5.2494447e-02   2.8457134e-02   9.5399850e-02  -2.4772077e-03   2.5222775e-03  -6.5368215e-04
   6.4996674e-02   2.1977284e-02   1.3168397e-01  -2.5455350e-03   2.5920290e-03  -4.4576623e-04
   6.3209332e-02   6.3696821e-02   1.4158795e-01  -2.8120089e-03   2.6451708e-03  -5.0390790e-04
   6.2464641e-02   3.5002700e-02   1.2469642e-01  -3.0076642e-03   2.3149799e-03  -4.5464718e-04
   4.1371205e-02   7.1584523e-02   1.2405121e-01  -2.1821250e-03   2.4991661e-03  -5.5413819e-04
   5.8995511e-02   9.7906600e-02   1.6980645e-01  -2.4504259e-03   2.7530674e-03  -6.4487649e-04
   6.3607162e-02   5.0801791e-02   1.5381978e-01  -1.6576508e-03   2.4736845e-03  -6.0762798e-04
   4.8285460e-02   6.7675284e-02   1.3656441e-01  -1.8184695e-03   2.2506646e-03  -5.8234914e-04
   5.4422972e-02   6.0859367e-02   1.3627526e-01  -2.1402579e-03   2.3459631e-03  -6.3993475e-04
   4.6930632e-02   7.4341092e-02   1.4933609e-01  -2.4699261e-03   2.3180779e-03  -7.9859686e-04
   4.8090116e-02   2.6249055e-02   1.1905302e-01  -2.4051348e-03   2.4813514e-03  -8.4660761e-04
   3.2021938e-02   8.3316795e-02   1.2796834e-01  -2.5593356e-03   2.2431320e-03  -7.7770243e-04
   5.0981235e-02   3.8383180e-02   1.4642568e-01  -3.0340599e-03   2.5640782e-03  -7.8411910e-04
   4.7056266e-02  -8.0029982e-03   1.4310663e-01  -2.7857531e-03   2.5027827e-03  -7.0796755e-04
   3.4754008e-02   7.6066068e-02   1.1389618e-01  -1.9204326e-03   2.3236497e-03  -7.6054099e-04
   4.7027417e-02   8.1641663e-02   1.3493136e-01  -2.2207760e-03   2.3994393e-03  -8.3971948e-04
   5.0926623e-02   1.7943985e-02   1.3450534e-01  -2.7225474e-03   2.5185156e-03  -7.7456761e-04
   4.6004912e-02   6.1496543e-02   1.5187165e-01  -2.1649469e-03   2.3730446e-03  -6.2826581e-04
   5.1174687e-02   2.6564965e-02   1.6280470e-01  -3.7532808e-03   2.6011577e-03  -9.2636219e-04
   5.2372199e-02   3.8101235e-02   1.6171347e-01  -4.1324778e-03   2.5407332e-03  -8.5334580e-04
   4.6885906e-02   1.0835749e-02   1.4339207e-01  -2.7469829e-03   2.3538256e-03  -6.4492849e-04
   4.3875769e-02   9.2695396e-02   1.6428167e-01  -3.1970304e-03   2.4673470e-03  -7.1235808e-04
   4.4702117e-02   3.8736556e-02   1.6652872e-01  -3.8346672e-03   2.4938520e-03  -7.0225044e-04
   3.6955256e-02   2.1030937e-02   1.3749178e-01  -3.0390906e-03   2.6566004e-03  -6.9298983e-04
   4.4961023e-02   4.7779778e-02   1.6474449e-01  -3.0811557e-03   2.6824025e-03  -8.9511928e-04
   4.8045175e-02   1.4394139e-02   1.6104897e-01  -3.2724812e-03   2.5713529e-03  -9.4134602e-04
   3.6561017e-02   3.9851445e-02   1.8694309e-01  -3.6429820e-03   2.2931643e-03  -1.0249642e-03
   2.3106391e-02   8.3090784e-02   1.9015234e-01  -2.9174609e-03   2.2729386e-03  -1.0132148e-03
   2.0164029e-02   7.3182695e-02   1.9933285e-01  -2.9205967e-03   1.5862942e-03  -1.5015931e-03
   2.1750768e-02   2.5165002e-02   1.6640737e-01  -3.0075437e-03   1.7114499e-03  -1.3127144e-03
   1.7090901e-02   5.3759627e-02   1.7142250e-01  -3.2438212e-03   1.8101666e-03  -1.3160988e-03
   2.0653253e-02   7.8797009e-02   2.0984753e-01  -3.4483119e-03   1.9646361e-03  -1.3931506e-03
   2.2767973e-02   2.8900465e-02   1.7878428e-01  -3.4419792e-03   1.9831063e-03  -1.3632274e-03
   2.6067397e-02   1.0211339e-01   1.8890803e-01  -2.6150130e-03   1.8591130e-03  -1.1587682e-03
   3.2003150e-02   8.2281941e-02   2.3320126e-01  -3.6963631e-03   2.2354285e-03  -1.4204336e-03
   3.2854844e-02   4.8246647e-02   2.4118275e-01  -1.4016318e-03   2.4940722e-03  -8.8385566e-04
   5.7371235e-02   1.9808108e-03  -1.7096626e-02  -1.8320321e-04   3.2330593e-03  -1.0098986e-03
   2.4533055e-02   1.1732507e-01   2.1529399e-01  -1.3022631e-03   2.8302433e-03  -1.1442245e-03
   2.5290316e-02   3.5379698e-02   1.6540015e-01  -1.0504179e-03   3.0552180e-03  -1.1793408e-03
   1.2247803e-02   1.0097103e-01   2.0318354e-01  -7.1689798e-04   2.6375247e-03  -1.2900798e-03
   2.4174129e-02   1.0016762e-01   2.3519652e-01  -1.5582334e-03   2.6497925e-03  -1.4041629e-03
   1.9898888e-02   8.4494947e-03   1.6684085e-01  -1.3482754e-03   2.6720747e-03  -1.3319439e-03
   1.8845827e-02   1.0625184e-01   1.9494856e-01  -1.9231431e-03   2.5842255e-03  -1.4516278e-03
   3.1816132e-02   5.8776850e-02   2.0104986e-01  -2.1495214e-03   2.5035408e-03  -1.3425757e-03
   3.3853957e-02   4.7299414e-02   1.9667549e-01  -1.8971072e-03   2.5790230e-03  -1.2397874e-03
   3.3000467e-02   9.0440463e-02   2.1509463e-01  -1.4289691e-03   2.7386059e-03  -1.3942463e-03
   4.6221518e-02   7.8804868e-02   2.3643238e-01  -2.3781524e-03   2.7566291e-03  -1.4356424e-03
   4.2865887e-02   4.8021105e-03   2.1745203e-01  -2.3048651e-03   2.5680733e-03  -1.5283154e-03
   3.0916114e-02   9.3920581e-02   2.2722845e-01  -2.1152893e-03   2.6207370e-03  -1.5053138e-03
   4.1604987e-02   3.9736489e-02   2.2075190e-01  -2.5725506e-03   2.7464030e-03  -1.5071700e-03
   3.6104168e-02   7.1201600e-02   2.4689625e-01  -3.0795852e-03   2.7220554e-03  -1.5590570e-03
   3.8407882e-02   1.8270124e-02   2.1761534e-01  -2.6657422e-03   2.7358751e-03  -1.4782530e-03
   3.3760837e-02   5.5908057e-02   2.2866731e-01  -2.6946234e-03   2.5755660e-03  -1.6654817e-03
   3.1306229e-02   8.8930430e-02   2.7943445e-01  -2.7449136e-03   2.7606572e-03  -1.8020943e-03
   4.0904754e-02  -1.8289743e-03   2.4290960e-01  -3.0867144e-03   2.8301178e-03  -1.6864322e-03
   3.2317045e-02   5.2883997e-02   2.5512495e-01  -3.0177482e-03   2.6437740e-03  -1.6422579e-03
   3.0292789e-02   7.4286141e-02   2.3905949e-01  -2.4056712e-03   2.6788748e-03  -1.5515468e-03
   3.5937688e-02   9.0130987e-02   2.7460579e-01  -2.5815813e-03   2.7657504e-03  -1.5460104e-03
   3.5445207e-02   2.7253889e-02   2.4115974e-01  -3.0654177e-03   2.7066615e-03  -1.5706720e-03
   2.7502223e-02   7.3305805e-02   2.5715337e-01  -2.9889013e-03   2.5985285e-03  -1.5645807e-03
   2.9161002e-02   9.5523627e-02   2.7473613e-01  -2.7970319e-03   2.7289994e-03  -1.6758293e-03
   4.0496973e-02   5.9421547e-02   2.7142110e-01  -3.5227725e-03   2.7411311e-03  -1.7696863e-03
   4.3876293e-02   2.0107332e-02   2.4224470e-01  -3.3094090e-03   2.8826911e-03  -1.5676286e-03
   5.9737078e-02   9.1869514e-02   2.4623972e-01  -3.3501790e-03   3.2527204e-03  -1.5854323e-03
   6.6029529e-02   3.2627131e-02   2.4806238e-01  -3.7693068e-03   3.2728970e-03  -1.5802859e-03
   6.5504984e-02   2.1607153e-02   2.4786792e-01  -3.5506005e-03   3.1931369e-03  -1.5872706e-03
   5.2772511e-02   7.7284893e-02   2.5785174e-01  -3.0727157e-03   3.0841179e-03  -1.5431979e-03
   4.5671305e-02   1.0803752e-01   3.0605743e-01  -3.5494991e-03   3.0961192e-03  -1.8488490e-03
   4.6010213e-02   4.0141906e-02   2.6360927e-01  -3.5321829e-03   2.9199222e-03  -1.8121652e-03
   3.8431591e-02   1.1872171e-01   2.6352238e-01  -2.3597397e-03   2.7743255e-03  -1.7638930e-03
   3.7477090e-02   1.1816944e-01   2.6729371e-01  -2.3381322e-03   2.7689068e-03  -1.7630167e-03
   4.7479394e-02   5.2642867e-02   2.9052799e-01  -3.6669850e-03   3.0623143e-03  -1.7579481e-03
   4.6796348e-02   7.7896746e-02   2.5452609e-01  -3.0630491e-03   3.0395124e-03  -1.6052030e-03
   6.0951171e-02   8.4940850e-02   2.9495014e-01  -4.1046682e-03   3.3004877e-03  -1.5612197e-03
   5.9896688e-02  -9.4981013e-03   2.7209020e-01  -4.1356909e-03   3.3125950e-03  -1.6559161e-03
   4.9573793e-02   5.6206069e-02   2.8034132e-01  -3.9644587e-03   3.0342115e-03  -1.5745315e-03
   4.6178142e-02   9.9947554e-02   2.6799149e-01  -3.0276375e-03   3.2107701e-03  -1.6563227e-03
   7.3631137e-02   8.4764092e-02   1.9461459e-01  -5.2928964e-04   3.2633945e-03  -3.9490260e-04
   5.6365764e-02   3.0707411e-02   1.7800618e-01  -2.7740454e-03   2.5852354e-03  -1.2209623e-03
   5.7830940e-02   9.8139868e-02   2.3105621e-01  -2.4787760e-03   3.1655590e-03  -1.4404404e-03
   4.9825399e-02   6.1597677e-02   2.5823262e-01  -3.0106510e-03   3.0584818e-03  -1.7194987e-03
   3.8684655e-02   2.4798385e-02   2.5345890e-01  -2.7277617e-03   3.0656084e-03  -1.5786822e-03
   3.6584510e-02   6.0041221e-02   2.7779527e-01  -3.0245344e-03   3.0356303e-03  -1.5339680e-03
   3.1273125e-02   5.0773528e-02   2.8462233e-01  -2.7970861e-03   2.9267096e-03  -1.5623356e-03
   4.2187964e-02   9.0856534e-02   3.1698411e-01  -3.4275897e-03   3.2506924e-03  -1.6720415e-03
   4.9247311e-02   4.6481324e-02   2.9294204e-01  -3.5702595e-03   3.2656234e-03  -1.8074930e-03
   3.7352218e-02   6.1081098e-02   2.7962526e-01  -3.4109846e-03   3.2495879e-03  -1.8206862e-03
   4.5384184e-02   5.1816486e-02   3.0979132e-01  -4.1893783e-03   3.0433827e-03  -1.6340295e-03
   5.2206533e-02   4.5731426e-02   3.0527308e-01  -4.1673093e-03   3.2517987e-03  -1.6867813e-03
   5.9874955e-02   5.4487960e-02   3.1032226e-01  -4.7521950e-03   3.5803909e-03  -1.7665658e-03
   5.5988692e-02   2.5302255e-02   2.9041108e-01  -4.2645880e-03   3.4787580e-03  -1.7638432e-03
   4.8416898e-02   7.7570989e-02   3.0410033e-01  -3.8294263e-03   3.5190762e-03  -1.7059737e-03
   5.9407615e-02   4.3167719e-02   3.1901339e-01  -4.4703324e-03   3.5516111e-03  -1.7540957e-03
   5.2303122e-02   1.9680605e-02   3.3006453e-01  -4.7919388e-03   3.5206835e-03  -1.8052319e-03
   5.3131432e-02   6.9972418e-02   3.2038103e-01  -4.2831220e-03   3.5532340e-03  -1.7325183e-03
   5.4967984e-02   7.4757221e-02   3.6734438e-01  -4.5414335e-03   3.5530570e-03  -1.8026833e-03
   5.6407254e-02   1.1962424e-02   3.5081212e-01  -4.7147846e-03   3.5841175e-03  -1.7938257e-03
   5.5774159e-02   5.2661003e-02   3.6595870e-01  -4.1769778e-03   3.7101920e-03  -1.7002204e-03
   5.0620928e-02   8.4056443e-02   4.1009063e-01  -5.1076579e-03   3.7011956e-03  -1.8407589e-03
   6.0095653e-02  -3.4634505e-02   3.7011739e-01  -5.3010205e-03   3.6672562e-03  -1.7655715e-03
   5.6003961e-02   5.1458872e-02   3.8594600e-01  -4.7204087e-03   3.6864422e-03  -1.7012238e-03
   5.9743923e-02   4.9311937e-02   4.1179191e-01  -4.5023294e-03   3.7430623e-03  -1.7836702e-03
   6.9260357e-02   8.9821328e-03   4.0363335e-01  -4.8375943e-03   4.0153512e-03  -1.8229119e-03
   6.0269643e-02   6.2665339e-02   4.1611896e-01  -4.6783076e-03   3.2326413e-03  -1.4956325e-03
   8.9977842e-03   1.2802623e-01   6.8642453e-01  -3.6031366e-03   1.9965035e-03  -4.8994266e-05
   5.4005186e-02  -1.6898413e-01   2.3966916e-01   1.5849314e-04   2.2368474e-03   2.4581013e-05
   4.6403342e-02  -3.1918192e-02   3.6295624e-01  -3.2506837e-03   2.5209243e-03  -6.0664927e-04
   4.5494670e-02   5.0122705e-02   4.0885695e-01  -2.3201906e-03   2.9421824e-03  -8.8500818e-04
   6.1282439e-02   4.0580031e-02   4.2472410e-01  -3.2333053e-03   3.0808349e-03  -1.0036359e-03
   6.6518056e-02   1.6049172e-02   4.7177983e-01  -4.1679619e-03   3.3294110e-03  -1.0692058e-03
   6.8166328e-02   3.5587268e-02   4.5065857e-01  -3.0438886e-03   3.3604346e-03  -9.6405001e-04
   8.2131584e-02   5.1417353e-02   4.3536112e-01  -4.3365232e-03   3.5880093e-03  -1.0583897e-03
   8.3324834e-02   1.3497874e-02   4.0107868e-01  -3.6187625e-03   3.5910303e-03  -8.0332269e-04
   8.8624920e-02   6.3961267e-02   4.3267080e-01  -4.5090577e-03   3.6654736e-03  -9.2003619e-04
   8.6221068e-02  -8.9535663e-03   4.1349552e-01  -4.3917013e-03   3.6553747e-03  -8.4399796e-04
   8.9657079e-02   4.2369249e-02   4.2706051e-01  -4.7365823e-03   3.7044245e-03  -8.8080990e-04
   6.6667421e-02   7.7055220e-03   4.0441671e-01  -4.7104959e-03   3.6747556e-03  -9.0253544e-04
   7.6469518e-02   7.2004718e-02   4.2103311e-01  -4.3986615e-03   3.6920614e-03  -9.1409445e-04
   8.2336358e-02   1.3460984e-02   4.1449749e-01  -4.9086910e-03   3.9274753e-03  -9.8500735e-04
   8.0034647e-02  -1.3347051e-02   4.1310347e-01  -4.8429161e-03   3.7894697e-03  -9.6326946e-04
   7.8087973e-02   3.7677833e-02   4.2987869e-01  -4.3534493e-03   3.7678863e-03  -8.3677241e-04
   8.4655717e-02   4.2887790e-02   4.5873071e-01  -5.0697049e-03   3.8497341e-03  -9.0358684e-04
   9.2568526e-02  -1.7515678e-02   4.3722420e-01  -4.9233910e-03   3.7719798e-03  -7.7213516e-04
   8.7765035e-02   2.7869236e-02   4.5435226e-01  -4.7590259e-03   3.7834376e-03  -7.9721937e-04
   9.3341195e-02   2.7052354e-02   4.8060864e-01  -5.3541761e-03   3.7675174e-03  -8.0198673e-04
   9.1458569e-02   5.5904584e-03   4.4910717e-01  -4.9195345e-03   3.7176909e-03  -7.8687018e-04
   8.4852292e-02   3.5356865e-02   4.6410894e-01  -4.4484660e-03   3.5751438e-03  -7.9273444e-04
   9.8223311e-02   6.3372670e-02   5.0322660e-01  -5.0546271e-03   3.6598277e-03  -6.9827377e-04
   8.2242655e-02  -5.7096049e-03   4.3401960e-01  -4.8619499e-03   3.6983670e-03  -6.6890997e-04
   9.3391958e-02   7.1461930e-02   4.2424886e-01  -4.2051122e-03   3.8313634e-03  -7.2794669e-04
   1.0425704e-01   2.3024227e-02   4.4230006e-01  -5.2410019e-03   3.8944529e-03  -7.6854646e-04
   9.1131906e-02  -2.9654593e-02   4.1252916e-01  -4.7862184e-03   3.8641461e-03  -7.7716064e-04
   8.0747462e-02   7.4141550e-02   4.3485366e-01  -4.8569413e-03   3.5977138e-03  -8.4835390e-04
   7.4407217e-02   3.6277378e-02   4.3784410e-01  -4.3139158e-03   3.3999464e-03  -9.1174658e-04
   6.6309027e-02   3.1726119e-02   4.3189697e-01  -4.8170354e-03   3.5098061e-03  -9.6857966e-04
   6.6564790e-02   1.0156367e-01   4.5113525e-01  -4.6182694e-03   3.3988089e-03  -1.0003751e-03
   8.9273126e-02   4.7523771e-02   4.6833029e-01  -5.0930389e-03   3.6376980e-03  -9.1088076e-04
   8.2694888e-02   2.0308288e-02   4.4497537e-01  -4.4899966e-03   3.8548917e-03  -8.3222723e-04
   8.2581215e-02   9.6941653e-02   4.7522919e-01  -5.3104948e-03   3.7260578e-03  -8.9742382e-04
   8.6474295e-02  -3.0674837e-03   4.5209400e-01  -5.9772144e-03   3.7725389e-03  -8.5934286e-04
   7.6001552e-02   1.6150606e-02   4.4436855e-01  -5.2308327e-03   3.5987701e-03  -8.3065803e-04
   8.8725350e-02   8.6757962e-02   4.6588256e-01  -5.0202362e-03   3.7824857e-03  -8.4263004e-04
   8.5701486e-02   8.0037047e-03   4.8613776e-01  -5.4523520e-03   3.7984939e-03  -8.6270107e-04
   8.3005067e-02  -3.6369466e-04   4.6487861e-01  -5.3372106e-03   3.6971230e-03  -8.0423595e-04
   8.2408602e-02   5.8528586e-02   4.8104711e-01  -5.2092520e-03   3.6717777e-03  -8.3775779e-04
   8.2300589e-02   1.0678217e-01   4.7681359e-01  -1.7608208e-03   3.3919666e-03  -6.7010209e-05
   9.4631687e-02  -2.8212602e-02   3.5180865e-01  -2.8719901e-03   3.1528372e-03   4.4917683e-05
   1.0426002e-01   5.4763552e-02   5.2926277e-01  -3.6013473e-03   3.3733084e-03  -1.4099574e-05
   1.0555493e-01  -2.1618091e-02   4.8947120e-01  -3.9447051e-03   3.3274809e-03  -2.6660206e-04
   9.4061673e-02   2.8828549e-02   5.0523318e-01  -3.6193383e-03   3.2569958e-03  -3.1860427e-04
   9.9259627e-02   6.3321733e-02   5.1699292e-01  -4.5265983e-03   3.4928887e-03  -3.5253037e-04
   9.5433073e-02  -2.3510821e-02   4.5831193e-01  -4.8485037e-03   3.3166768e-03  -2.0566843e-04
   1.0011427e-01   2.5629697e-02   4.8218816e-01  -3.8727157e-03   3.1378256e-03  -5.1126456e-05
   1.0888436e-01   7.6725830e-02   5.3537232e-01  -4.7767886e-03   3.4471757e-03  -2.1280810e-04
   1.0111505e-01  -1.2686307e-02   5.0341274e-01  -5.0757182e-03   3.2290272e-03  -3.4348376e-04
   7.7347320e-02   5.9029863e-03   4.7421380e-01  -4.6362995e-03   3.1416223e-03  -3.8438874e-04
   8.9825871e-02   7.4666241e-02   4.9503250e-01  -4.6117607e-03   3.1997710e-03  -2.6214036e-04
   1.0534786e-01   4.3878524e-02   5.3227090e-01  -5.3606857e-03   3.4363621e-03  -3.0963406e-04
   8.8026755e-02   1.5304207e-02   5.0880086e-01  -4.6219428e-03   3.0837518e-03  -3.2227058e-04
   9.2089796e-02   6.4512610e-02   5.4024404e-01  -5.2098932e-03   3.0918083e-03  -3.8082763e-04
   8.6872606e-02  -1.1025206e-02   4.8132849e-01  -5.2318276e-03   3.0934342e-03  -4.2733000e-04
   7.3525435e-02   5.5046113e-02   5.1275281e-01  -4.0856976e-03   2.9217658e-03  -4.1581615e-04
   8.1536429e-02   5.0600640e-02   5.4966423e-01  -5.1729328e-03   3.0725571e-03  -3.8536673e-04
   8.7925395e-02   2.9158449e-02   5.2360605e-01  -4.9455621e-03   3.1254121e-03  -3.1395176e-04
   7.9795337e-02   3.7771655e-02   4.8972657e-01  -4.4708329e-03   2.9923775e-03  -2.0638131e-04
   8.6495696e-02   8.2752968e-02   5.4115061e-01  -4.6045514e-03   3.3563800e-03  -3.2537338e-04
   9.6641289e-02  -6.0488845e-03   5.6323759e-01  -5.4953072e-03   3.3175694e-03  -2.4940649e-04
   8.2928917e-02   1.7943023e-02   5.4181103e-01  -4.8824971e-03   3.0768633e-03  -3.3746587e-04
   8.6766993e-02   8.6768629e-02   5.6504140e-01  -5.3335825e-03   3.1803775e-03  -2.4573061e-04
   8.3332472e-02  -5.6682328e-03   5.1705504e-01  -5.9299583e-03   3.0047641e-03  -3.5111316e-04
   8.0494334e-02   1.9602295e-02   5.1040241e-01  -5.4889773e-03   2.8931374e-03  -2.2474886e-04
   8.7890773e-02   8.1022740e-02   5.3290100e-01  -5.2199187e-03   3.1452005e-03  -1.7135335e-04
   6.6916441e-02   5.4108368e-02   5.1016351e-01  -3.7647219e-03   2.6118643e-03  -3.1897745e-04
   7.2698967e-02   8.6476181e-03   5.0342999e-01  -3.9631148e-03   2.7059940e-03  -3.9472837e-04
   6.8047658e-02   7.0224615e-02   5.1651253e-01  -3.6652025e-03   2.8215362e-03  -4.8465128e-04
   8.0392387e-02   9.0982915e-02   5.4808318e-01  -4.4870968e-03   2.9815908e-03  -3.9220075e-04
   8.6612022e-02   2.8600343e-02   5.3922946e-01  -4.4759532e-03   2.9323853e-03  -2.5992031e-04
   8.1877192e-02   6.2112512e-02   5.1688357e-01  -4.5025347e-03   3.0050037e-03  -2.5672329e-04
   8.2976870e-02   8.4328343e-02   5.5220632e-01  -4.4488221e-03   3.0637102e-03  -2.6210141e-04
   9.1537749e-02   4.0864925e-02   5.5322498e-01  -4.6871849e-03   3.0785769e-03  -3.3677527e-04
   8.3260412e-02   5.3744340e-02   5.4062789e-01  -4.0561997e-03   2.9414292e-03  -3.9503598e-04
   8.8762222e-02   6.8162290e-02   4.4338199e-01  -6.4629125e-04   3.6754637e-03   2.5262165e-04
   7.7097243e-02  -4.2180249e-03   4.5925166e-01  -3.2850092e-03   3.0201761e-03  -6.9110610e-04
   8.4138601e-02   9.5830222e-02   4.9550784e-01  -2.8946526e-03   3.1529237e-03  -4.4751604e-04
   1.1384190e-01   9.0023760e-02   5.1947334e-01  -3.4234865e-03   3.7971039e-03  -1.1457660e-04
   1.0684710e-01   3.6226159e-02   5.4129504e-01  -4.1680112e-03   3.6212453e-03  -2.5636526e-04
   9.1803520e-02   3.2444289e-02   5.1906734e-01  -3.1036774e-03   3.4142506e-03  -4.1897925e-04
   9.5132549e-02   9.1794766e-02   5.6181595e-01  -3.3929563e-03   3.5750067e-03  -2.4902238e-04
   1.0415953e-01   3.6877446e-02   5.3880838e-01  -3.6923202e-03   3.6891442e-03  -3.5742401e-04
   9.9566236e-02   7.7309930e-02   5.4715452e-01  -3.6619690e-03   3.6050964e-03  -4.4214049e-04
   1.0000610e-01   1.0940245e-01   5.6860890e-01  -2.8680770e-03   3.7824310e-03  -3.2287912e-04
   9.7446757e-02   1.0700958e-01   5.9369175e-01  -3.0211327e-03   3.5940434e-03  -4.0735529e-04
   9.4593814e-02   4.0663627e-02   5.6737353e-01  -4.0273971e-03   3.6986708e-03  -4.3540122e-04
   8.7878180e-02   9.9144803e-02   5.3617539e-01  -2.8468225e-03   3.7737827e-03  -3.8959725e-04
   1.1059246e-01   1.2037417e-01   5.6792777e-01  -4.1855971e-03   3.9122191e-03  -4.9392758e-04
   1.1106575e-01  -4.8844736e-04   5.5190448e-01  -4.6067461e-03   4.2856799e-03  -4.9288712e-04
   1.0213377e-01   4.0441084e-02   5.6134135e-01  -4.7832350e-03   3.9562548e-03  -4.2103452e-04
   9.5963764e-02   6.3567143e-02   5.3050645e-01  -3.9194850e-03   3.7686207e-03  -4.4868748e-04
   9.9715963e-02   8.7780166e-02   5.5039658e-01  -4.1457628e-03   4.0028031e-03  -4.8983302e-04
   9.6946882e-02   3.9788413e-02   5.5668848e-01  -4.8057464e-03   3.6693650e-03  -5.3794752e-04
   9.6424523e-02   2.4781352e-02   5.3675680e-01  -4.4026284e-03   3.6086145e-03  -3.5347147e-04
   9.5615508e-02   9.8060810e-02   5.7071516e-01  -4.6596841e-03   3.7175262e-03  -5.3883303e-04
   1.0645438e-01   3.5829124e-02   5.3984148e-01  -5.1880431e-03   3.8767556e-03  -6.3086825e-04
   9.1155705e-02   3.7744225e-02   5.3656351e-01  -4.7309699e-03   3.6553524e-03  -5.6298317e-04
   8.3309719e-02   1.0329822e-01   5.5211586e-01  -3.7673420e-03   3.7501290e-03  -6.5591323e-04
   8.9640736e-02   1.0614064e-01   5.7127774e-01  -4.5209093e-03   3.6879334e-03  -6.7938436e-04
   9.0848010e-02   6.7559545e-02   5.7172181e-01  -4.8031441e-03   3.7143316e-03  -6.7346663e-04
   9.7203456e-02   4.6962814e-02   5.8082898e-01  -4.6237286e-03   3.7666942e-03  -4.5288908e-04
   9.2606917e-02   9.3701799e-02   6.0422702e-01  -4.3682743e-03   3.8498273e-03  -5.4972457e-04
   9.0468696e-02   7.0482597e-02   6.0865437e-01  -4.8091737e-03   3.6356699e-03  -6.3649646e-04
   8.6205589e-02   3.5042289e-02   5.8126712e-01  -4.4267592e-03   3.6336991e-03  -5.2727719e-04
   7.4291392e-02   1.3468895e-01   5.7532215e-01  -3.2334048e-03   3.4574229e-03  -6.7502092e-04
   8.7447422e-02   8.3304030e-02   5.7808784e-01  -4.2973069e-03   3.5188055e-03  -6.9766800e-04
   8.8497800e-02   5.2043835e-02   5.6285578e-01  -4.3448279e-03   3.6419688e-03  -6.7188358e-04
   6.2871897e-02   1.0395853e-01   5.3991792e-01  -3.1790412e-03   3.4767585e-03  -8.1144454e-04
   9.2446624e-02   1.1402053e-01   5.9252364e-01  -4.3498717e-03   3.4532433e-03  -5.2164138e-04
   9.3500741e-02   4.9761030e-02   5.8908583e-01  -4.5569113e-03   3.4191604e-03  -7.8079543e-04
   7.2598150e-02   2.0608405e-02   5.1843877e-01  -2.3135766e-03   3.1465614e-03  -2.4337897e-05
   8.7500605e-02   9.4463964e-02   4.5260655e-01  -2.6473615e-03   3.3330991e-03  -3.4519054e-04
   6.7628999e-02   1.1956514e-01   5.0479702e-01  -2.7116331e-03   3.0211747e-03  -5.2755115e-04
   6.8944463e-02   1.3541468e-01   5.2772380e-01  -2.9696733e-03   3.4433501e-03  -7.0695839e-04
   8.2086914e-02   1.0270276e-01   5.5177195e-01  -4.1714059e-03   3.6417527e-03  -7.2969073e-04
   8.1459967e-02   4.9523860e-02   5.5474933e-01  -3.9234693e-03   3.4324549e-03  -6.3172926e-04
   7.2679392e-02   1.3089984e-01   5.9687923e-01  -3.7167129e-03   3.4814691e-03  -8.0172429e-04
   8.4287525e-02   8.9422246e-02   5.7377057e-01  -4.0982531e-03   3.4443126e-03  -6.5827141e-04
   8.4258698e-02   5.2478829e-02   5.6973212e-01  -3.3012114e-03   3.4143337e-03  -5.9678434e-04
   8.5506745e-02   1.0859989e-01   5.9388033e-01  -3.5397403e-03   3.3773278e-03  -5.7419796e-04
   8.8392245e-02   8.4029470e-02   6.1222547e-01  -3.7382041e-03   3.4296288e-03  -5.8248585e-04
   8.9932606e-02   9.7904296e-02   6.1423491e-01  -4.0344912e-03   3.3447526e-03  -5.6524309e-04
   7.6368043e-02   6.7066496e-02   5.9470158e-01  -3.9591275e-03   3.1518283e-03  -7.5970395e-04
   7.0355093e-02   1.0339417e-01   6.1302335e-01  -4.1337735e-03   3.0977952e-03  -7.1512654e-04
   6.8824906e-02   2.5386157e-01   8.5482312e-01  -4.8985499e-03   2.4324024e-03   5.8164946e-04
   6.8824544e-02  -5.3231377e-03   6.1710313e-01  -2.2248336e-03   3.6478189e-03  -5.3013811e-04
   4.3129331e-02   3.4954681e-02   6.5000037e-01  -3.9239466e-03   3.6535419e-03  -9.6799532e-04
   3.0379726e-02   1.1109093e-01   6.5475461e-01  -3.4068474e-03   3.5636604e-03  -1.0657710e-03
   3.3802922e-02   8.2728713e-02   6.5430545e-01  -3.8442479e-03   3.5790862e-03  -1.1437255e-03
   4.9039732e-02   7.4980897e-02   6.5299002e-01  -4.3999716e-03   3.6556025e-03  -1.2096583e-03
   3.3205102e-02   9.7955405e-02   6.4286250e-01  -3.7473143e-03   3.6142527e-03  -1.2354929e-03
   3.0942720e-02   1.1016893e-01   6.7123746e-01  -4.1662472e-03   3.6086589e-03  -1.4230456e-03
   3.5949183e-02   7.7897724e-02   6.5768005e-01  -4.7218408e-03   3.6458562e-03  -1.4396736e-03
   3.8534492e-02   8.9468550e-02   6.5727275e-01  -4.6693074e-03   3.6988107e-03  -1.5006138e-03
   3.4104291e-02   9.6170244e-02   6.1784939e-01  -4.0236294e-03   3.7629948e-03  -1.4004159e-03
   3.2880522e-02   1.3477177e-01   6.7372853e-01  -4.6788954e-03   3.8105526e-03  -1.5385965e-03
   3.3165164e-02   5.0829520e-02   6.4126705e-01  -4.3777099e-03   3.7759735e-03  -1.4678317e-03
   3.2572888e-02   1.1332960e-01   6.5465730e-01  -3.9692368e-03   3.9757905e-03  -1.5017677e-03
   3.5947412e-02   1.1066426e-01   6.6645520e-01  -4.4645047e-03   4.1731074e-03  -1.5676137e-03
   3.8488824e-02   6.9023768e-02   6.5401138e-01  -4.5170369e-03   4.0434599e-03  -1.5099171e-03
   3.7854482e-02   1.1241990e-01   6.4290017e-01  -4.0706710e-03   4.0642283e-03  -1.5420928e-03
   3.4808351e-02   1.0897089e-01   6.6939382e-01  -4.8656085e-03   3.8673347e-03  -1.4079990e-03
   4.0127169e-02   7.6206619e-02   6.6963359e-01  -4.9251645e-03   4.2095353e-03  -1.4521739e-03
   3.4637245e-02   9.5761607e-02   6.3686094e-01  -4.3924648e-03   4.0674392e-03  -1.5545616e-03
   2.5441440e-02   1.1662929e-01   4.4903512e-01   2.7133261e-03   3.2056066e-03  -3.9378070e-04
   5.1264425e-02   7.4888899e-02   3.1394539e-01  -2.9967972e-04   4.1596855e-03  -1.2968287e-03
   4.5351543e-02   1.7629195e-01   4.9226160e-01  -4.8852026e-05   4.3914540e-03  -1.2555375e-03
   5.3198081e-02   1.4593463e-01   5.0794394e-01  -8.7006774e-04   4.3045902e-03  -1.2806568e-03
   5.4712233e-02   1.2123591e-01   4.9813282e-01  -2.2336056e-03   4.5068488e-03  -1.3359476e-03
   4.6680435e-02   1.3158127e-01   5.0899028e-01  -1.9274318e-03   4.5058959e-03  -1.3560704e-03
   3.7554527e-02   1.6620603e-01   5.2487185e-01  -1.9634264e-03   4.5002723e-03  -1.4379878e-03
   4.2543196e-02   1.6360454e-01   5.2097846e-01  -1.7825724e-03   4.5821245e-03  -1.3711972e-03
   5.0965426e-02   1.8239367e-01   5.4812676e-01  -2.6762554e-03   4.7940254e-03  -1.2733984e-03
   4.7410189e-02   1.0712228e-01   5.1701613e-01  -2.9264318e-03   4.8469205e-03  -1.4024397e-03
   4.5038666e-02   1.7217139e-01   5.4041303e-01  -2.7874444e-03   5.0085244e-03  -1.5070624e-03
   5.4453948e-02   1.1015109e-01   5.4317537e-01  -3.6554467e-03   4.9366668e-03  -1.6110086e-03
   3.6358593e-02   1.0068565e-01   5.1420578e-01  -3.3185510e-03   4.6686797e-03  -1.6580108e-03
   2.9830917e-02   1.6840966e-01   5.4835171e-01  -3.0087677e-03   4.9132811e-03  -1.6328384e-03
   4.1823782e-02   1.3992161e-01   5.5699708e-01  -3.3463211e-03   5.0445896e-03  -1.6743402e-03
   4.5301150e-02   1.3055752e-01   5.2592372e-01  -2.8346899e-03   5.0768390e-03  -1.5597278e-03
   4.3989399e-02   1.8376308e-01   5.4349693e-01  -2.6418753e-03   5.0033046e-03  -1.5276671e-03
   4.0522514e-02   1.7594031e-01   5.7296217e-01  -3.0265948e-03   4.8854793e-03  -1.7694700e-03
   3.7256126e-02   1.1056807e-01   5.3625666e-01  -3.2038636e-03   4.6865073e-03  -1.6931792e-03
   3.1877291e-02   1.7747621e-01   5.6381641e-01  -2.5572059e-03   4.7736933e-03  -1.6936061e-03
   3.8948632e-02   1.4218925e-01   5.3956968e-01  -2.6295533e-03   4.8531524e-03  -1.6523320e-03
   4.7092307e-02   1.1906482e-01   5.2504079e-01  -3.2709023e-03   4.9882511e-03  -1.5412797e-03
   4.1423151e-02   1.3849085e-01   5.5700517e-01  -2.7651183e-03   4.8191867e-03  -1.4051462e-03
   4.6811030e-02   1.5154543e-01   5.8881167e-01  -3.1475155e-03   4.7416274e-03  -1.4259888e-03
   5.0321579e-02   1.2193570e-01   5.3418235e-01  -3.0479773e-03   4.8207242e-03  -1.5232772e-03
   4.6357368e-02   1.9908002e-01   5.3733486e-01  -2.6592359e-03   4.5100582e-03  -1.5306670e-03
   4.5183854e-02   1.4679436e-01   5.6698799e-01  -3.0108192e-03   4.4559350e-03  -1.5682124e-03
   4.3650524e-02   1.3760170e-01   5.7210657e-01  -3.3501890e-03   4.5649608e-03  -1.5619768e-03
   4.4448192e-02   1.2777034e-01   5.6215933e-01  -3.5854013e-03   4.7209032e-03  -1.5471205e-03
   3.9811603e-02   1.6134871e-01   5.2967619e-01  -3.6572568e-03   4.9857875e-03  -1.6675600e-03
   4.2206648e-02   1.7998970e-01   5.4713849e-01  -4.1182173e-03   4.8612421e-03  -1.6258802e-03
   5.1747685e-02   1.1356597e-01   5.3232481e-01  -3.7987204e-03   5.1125291e-03  -1.5284493e-03
   5.1859345e-02   1.1475052e-01   5.3915278e-01  -4.1126801e-03   4.9246128e-03  -1.5614026e-03
   4.7393368e-02   1.7761027e-01   5.5764538e-01  -3.8161523e-03   4.7925775e-03  -1.5299314e-03
   5.3470671e-02   1.4642089e-01   5.7592022e-01  -4.2321756e-03   4.9796104e-03  -1.5612151e-03
   5.5992582e-02   1.1415964e-01   5.4536632e-01  -4.1250496e-03   4.9423655e-03  -1.4739107e-03
   4.6816697e-02   1.5621544e-01   5.4947705e-01  -3.6513546e-03   5.0428549e-03  -1.5558658e-03
   5.2794554e-02   1.6858475e-01   5.7426705e-01  -4.0073335e-03   4.9774653e-03  -1.5303190e-03
   5.4964956e-02   1.0136010e-01   5.5028495e-01  -3.7178901e-03   5.1429835e-03  -1.5058992e-03
   4.8811832e-02   1.5945235e-01   5.8591136e-01  -3.7585661e-03   4.7692273e-03  -1.5127587e-03
   1.2073815e-01   1.2469816e-01   4.9445511e-01  -2.0801635e-06   5.3170177e-03   5.4695909e-04
   8.0752718e-02   1.4260051e-01   3.9515508e-01  -9.1677968e-04   5.0508142e-03  -1.6777232e-03
   8.0170018e-02   1.8582708e-01   5.3409493e-01  -2.4264237e-03   4.9122075e-03  -1.4838530e-03
   7.9997158e-02   1.4508117e-01   5.3838418e-01  -2.8142415e-03   5.4089787e-03  -1.6607452e-03
   7.6685347e-02   1.2709929e-01   5.1877904e-01  -2.3420721e-03   5.4894357e-03  -1.5934248e-03
   7.6967276e-02   2.1880276e-01   5.5656185e-01  -1.9445219e-03   5.6562617e-03  -1.5847989e-03
   7.4693449e-02   1.8811929e-01   5.6189478e-01  -2.7145602e-03   5.2311538e-03  -1.7276318e-03
   7.5251040e-02   1.4386110e-01   5.3315684e-01  -2.5881814e-03   5.2186934e-03  -1.6761546e-03
   6.5519760e-02   2.0140037e-01   5.5515424e-01  -2.3002667e-03   5.0929278e-03  -1.7269993e-03
   4.3166403e-02   1.9887932e-01   5.8321914e-01  -2.7652686e-03   5.0792975e-03  -2.1832398e-03
   6.8476178e-02   1.2707959e-01   5.4756898e-01  -3.0146187e-03   5.3190574e-03  -1.6910211e-03
   8.0660420e-02   1.5364589e-01   5.4779781e-01  -2.4869132e-03   5.4461798e-03  -1.5377056e-03
   8.4720604e-02   2.3181762e-01   5.9182698e-01  -2.1221266e-03   5.4995542e-03  -1.5188230e-03
   8.3352015e-02   1.4716902e-01   5.7779200e-01  -3.9746476e-03   5.2889721e-03  -1.7559339e-03
   7.5300527e-02   1.2937308e-01   5.3632761e-01  -3.0247169e-03   5.4482579e-03  -1.5960071e-03
   9.0282176e-02   1.6757338e-01   5.6116088e-01  -2.9493081e-03   5.8391701e-03  -1.6065291e-03
   9.4075973e-02   1.5108367e-01   5.6605952e-01  -3.5723744e-03   5.8586968e-03  -1.5624873e-03
   8.4359943e-02   1.1056139e-01   5.5294867e-01  -3.7038990e-03   5.7452416e-03  -1.6826081e-03
   7.8907615e-02   1.7954447e-01   5.7006123e-01  -3.4078401e-03   5.8771503e-03  -1.6019141e-03
   1.0122304e-01   1.8803843e-01   6.2088248e-01  -2.9343585e-03   6.2475831e-03  -1.6927971e-03
   8.7194422e-02   9.1794262e-02   5.7722416e-01  -3.8386574e-03   6.1765690e-03  -1.8232593e-03
   8.9965481e-02   1.5320282e-01   5.7565352e-01  -3.3181773e-03   6.1851161e-03  -1.5837066e-03
   9.6296818e-02   1.5207739e-01   6.1769371e-01  -3.7196227e-03   6.2049429e-03  -1.6814342e-03
   9.8236673e-02   1.1194253e-01   5.9556048e-01  -3.8351236e-03   6.2921763e-03  -1.7504692e-03
   9.1012699e-02   1.4905226e-01   5.9007192e-01  -3.6280966e-03   6.1713976e-03  -1.7328284e-03
   8.3798821e-02   1.6897027e-01   6.0223764e-01  -3.3723966e-03   6.1798610e-03  -1.7571278e-03
   7.0561096e-02   1.5569009e-01   6.0753993e-01  -3.2679389e-03   5.8648146e-03  -1.8411146e-03
   7.9260268e-02   1.0881510e-01   5.8363846e-01  -4.1710828e-03   6.1465698e-03  -1.8829874e-03
   7.6007459e-02   1.7413375e-01   5.8055341e-01  -3.7138364e-03   6.3708212e-03  -1.8419901e-03
   8.2035483e-02   2.1499099e-01   4.9006663e-01  -4.6763331e-04   5.8683678e-03  -1.4640233e-03
   1.0334330e-01   1.0660633e-01   2.2318904e-01  -4.2124732e-04   5.5525539e-03  -1.5784251e-03
   9.9074399e-02   2.0107610e-01   4.1366767e-01  -2.0644203e-03   5.8363226e-03  -1.5003012e-03
   9.7438778e-02   1.4860865e-01   4.4379369e-01  -2.8808684e-03   6.1033644e-03  -1.7389163e-03
   9.0012279e-02   1.7876869e-01   4.6721534e-01  -2.6533193e-03   6.1746379e-03  -1.7651580e-03
   9.5364870e-02   1.8259592e-01   5.1374745e-01  -3.3119068e-03   6.2866030e-03  -1.7813124e-03
   9.4376422e-02   1.7841615e-01   5.0535540e-01  -3.9175303e-03   6.2394006e-03  -1.7837461e-03
   8.7713180e-02   1.6031580e-01   4.8875349e-01  -3.3195027e-03   5.9272414e-03  -1.9422004e-03
   8.1601280e-02   1.9189765e-01   4.8202705e-01  -3.4112879e-03   5.7523739e-03  -1.8787791e-03
   8.7838337e-02   1.7913315e-01   5.0938808e-01  -4.1791826e-03   5.8304755e-03  -1.9055047e-03
   8.2249177e-02   1.2814582e-01   4.7964086e-01  -4.1542234e-03   5.6892969e-03  -1.8458230e-03
   7.8248725e-02   2.3293394e-01   4.7905844e-01  -3.3700202e-03   5.7554006e-03  -1.9291361e-03
   8.7797717e-02   1.7101826e-01   4.9202062e-01  -4.8681940e-03   5.6662625e-03  -2.0075306e-03
   8.3929196e-02   1.4238409e-01   4.7061673e-01  -4.4091526e-03   5.6788755e-03  -1.9293114e-03
   7.7041321e-02   2.0651919e-01   4.7826983e-01  -4.2284021e-03   5.6592002e-03  -1.9251227e-03
   8.1462868e-02   1.9790411e-01   4.8970465e-01  -5.0125764e-03   5.7456152e-03  -2.0473832e-03
   7.9571917e-02   1.2412308e-01   4.4866601e-01  -4.6671123e-03   5.4702158e-03  -1.9088923e-03
   6.9721450e-02   2.0067789e-01   4.7258303e-01  -3.9619628e-03   5.2993926e-03  -1.8282983e-03
   8.2122430e-02   1.8662064e-01   4.9213636e-01  -3.9731496e-03   5.4157465e-03  -1.6322855e-03
   8.5426492e-02   1.3515781e-01   4.6673807e-01  -4.7424855e-03   5.5881783e-03  -1.8036070e-03
   8.1901849e-02   1.9143989e-01   4.8570593e-01  -4.4336824e-03   5.5917542e-03  -1.8879511e-03
   8.9127258e-02   1.6196261e-01   5.2078042e-01  -5.2022414e-03   5.6668257e-03  -2.0052292e-03
   8.5170367e-02   1.2211173e-01   4.8939234e-01  -4.6573747e-03   5.6451744e-03  -1.9928210e-03
   7.9076001e-02   2.1767066e-01   5.1494932e-01  -4.5062913e-03   5.6540232e-03  -2.1082100e-03
   9.2226838e-02   1.6440741e-01   4.8003365e-01  -5.3720780e-03   5.6743262e-03  -2.0809204e-03
   7.8364204e-02   1.5558833e-01   4.6884600e-01  -4.8660770e-03   5.4045107e-03  -1.9972709e-03
   8.5910109e-02   2.1108611e-01   4.8485936e-01  -4.8298097e-03   5.1672416e-03  -2.0020920e-03
   8.2983447e-02   2.2898544e-01   5.5866208e-01  -6.1461272e-03   5.1715700e-03  -2.0019749e-03
   6.6637786e-02   2.1833274e-01   5.3752495e-01  -3.8881425e-03   4.8001393e-03  -1.9491733e-03
   6.3770063e-02   1.1301367e-01   5.0524718e-01  -3.9559052e-03   5.0731331e-03  -2.0893256e-03
   7.1784101e-02   2.0657655e-01   5.3789662e-01  -3.6936971e-03   5.4840106e-03  -2.0613233e-03
   7.9592656e-02   2.0419000e-01   5.4854889e-01  -4.6242539e-03   5.4958704e-03  -2.2550073e-03
   7.1272186e-02   1.1987170e-01   5.1101048e-01  -4.2334033e-03   5.3500561e-03  -2.1135511e-03
   7.9724143e-02   2.1716931e-01   5.7552297e-01  -4.1965297e-03   5.6720906e-03  -2.1477661e-03
   8.5962490e-02   1.4344641e-01   5.6264660e-01  -4.6853337e-03   5.6051591e-03  -2.2202941e-03
