   0.0000000e+00   0.0000000e+00   0.0000000e+00   0.0000000e+00   0.0000000e+00   0.0000000e+00
   1.1062995e-02   5.6124058e-02   5.8622134e-02   1.5545708e-03   5.0443245e-04  -1.5090273e-05
   1.7125786e-03   4.7019858e-02   2.0981493e-01   8.5259901e-04   6.2699209e-04  -1.1489952e-04
  -4.7116116e-03  -1.4943757e-02   5.6369605e-02   7.9323413e-04  -6.5283816e-05  -1.9271704e-04
   2.3677905e-04   1.2364777e-01   2.4787893e-01   1.4374692e-03   2.5019711e-04  -3.6159713e-04
  -7.4887456e-03  -8.4540893e-02   1.9138232e-01  -8.7209188e-04  -4.9284580e-04  -4.0791484e-04
  -1.1414812e-02   7.3685257e-02   2.6103800e-01   1.3661227e-03  -2.8523888e-04  -1.7753805e-04
  -2.0840798e-02  -7.4199441e-02   4.0886886e-01  -1.4022528e-03  -4.9224387e-04  -7.6739441e-05
  -1.5892072e-02   2.4939126e-02   2.5475945e-01   1.2456143e-03  -8.6028718e-05   9.6263029e-06
  -2.7453134e-02   1.0534649e-01   4.2380619e-01   9.1032874e-04  -5.4904284e-04   1.8696321e-04
  -3.5985957e-02  -1.0207120e-01   2.9437785e-01  -1.1627013e-03  -1.0572649e-03   1.7004964e-04
  -4.5822065e-02   6.4722396e-02   3.3962325e-01   1.5915246e-03  -7.5003381e-04   2.1734290e-04
  -4.9926419e-02   5.2550955e-02   5.1114620e-01   6.8196886e-04  -9.6572656e-04   1.4321566e-04
  -5.7739949e-02  -1.5916280e-01   2.5678654e-01  -1.1731908e-03  -1.3131896e-03   1.0362855e-04
  -5.1843171e-02   6.8811231e-02   3.7328461e-01   1.5866927e-03  -6.6039366e-04   1.5161401e-04
  -6.9745208e-02  -5.2627156e-02   4.5074732e-01  -1.0158656e-03  -1.3455770e-03   5.7477541e-04
  -4.8991810e-02  -7.2906329e-03   2.1671238e-01   1.2777048e-03  -1.1491543e-03   6.5011862e-04
  -1.6776602e-02   1.2900487e-01   5.4038878e-01   1.0547035e-03  -1.0436104e-03   5.7625621e-04
  -7.1605987e-02  -1.4552528e-01   3.3190314e-01  -1.3241631e-03  -1.9870994e-03   1.6508890e-04
  -7.0130805e-02   3.6530431e-02   3.1868665e-01   9.9796289e-04  -1.6240384e-03   2.4529871e-04
  -6.9835035e-02   1.1314339e-01   5.1974606e-01   1.0639074e-03  -1.3004246e-03   1.4267622e-04
  -9.1576424e-02  -1.2154932e-01   3.6933229e-01  -1.6390130e-03  -2.1139458e-03   1.5314775e-04
  -7.5484768e-02   4.5925690e-02   3.6592880e-01   1.4899065e-03  -1.3215785e-03  -1.7413864e-06
  -7.4900226e-02   1.0186444e-01   6.1138210e-01   1.3707440e-03  -1.1237313e-03   3.3972257e-04
  -1.0352894e-01  -1.2437434e-01   4.1377581e-01  -6.3285034e-04  -1.9745790e-03   7.4804053e-04
  -9.2546395e-02   1.8594041e-01   6.1098564e-01   3.1406898e-03  -9.8802080e-04   7.5991319e-04
  -1.0454661e-01  -8.4709858e-02   5.9812114e-01  -1.3649680e-03  -1.6266640e-03   1.0749378e-03
  -1.1172849e-01   2.4904419e-02   4.6420120e-01   1.0715008e-03  -1.9224045e-03   1.0204788e-03
  -1.0842092e-01   1.0695818e-01   6.5571799e-01   8.5556952e-04  -1.8685145e-03   8.4820939e-04
  -1.2754082e-01  -1.3315843e-01   4.9482983e-01  -1.6051734e-03  -2.4163603e-03   7.3185885e-04
  -1.1636338e-01   8.5331593e-02   4.7719120e-01   1.8856971e-03  -1.6840344e-03   7.1078663e-04
  -1.1613136e-01   6.6710586e-02   6.4398509e-01   4.9941084e-04  -1.8187425e-03   7.4518258e-04
  -1.3191580e-01  -8.1581504e-02   4.3316949e-01  -3.5465150e-04  -2.3188740e-03   7.7144610e-04
  -1.1197116e-01   1.3720749e-01   5.8836680e-01   2.2084041e-03  -1.5780625e-03   4.4488397e-04
  -1.2012875e-01  -1.7833830e-02   6.5417054e-01  -4.8021083e-04  -1.8918568e-03   7.3799088e-04
  -1.3146152e-01  -6.8727710e-02   4.6475571e-01  -2.2554819e-04  -2.0446782e-03   7.8167859e-04
  -1.2082991e-01   1.4150955e-01   6.4377936e-01   1.9097313e-03  -1.6057057e-03   8.3994867e-04
  -1.2295509e-01  -6.9299925e-02   6.0323111e-01  -1.0061259e-03  -1.8440587e-03   7.8037546e-04
  -1.3343540e-01  -5.6003708e-02   4.8506723e-01  -5.1889874e-05  -2.0143016e-03   8.6065584e-04
  -1.2445873e-01   1.0556202e-01   6.7032852e-01   8.4639855e-04  -1.6353723e-03   9.4253408e-04
  -1.3866822e-01  -6.1923444e-02   6.4362961e-01  -1.3777156e-03  -2.1963003e-03   9.8502621e-04
  -1.4507722e-01  -5.2622231e-02   4.8881321e-01  -1.4527105e-04  -2.4810586e-03   9.7741743e-04
  -1.2790043e-01   6.3054437e-02   5.5178205e-01  -2.9300926e-05  -8.8559504e-04   5.8441751e-04
  -1.0688195e-01  -6.3342287e-02   2.9432651e-01  -1.7286255e-03  -1.4841800e-03   8.0830609e-04
  -1.0833894e-01   7.3111310e-02   5.8402626e-01   5.5374683e-05  -1.3499807e-03   6.6038110e-04
  -1.1494562e-01  -1.2805140e-01   4.9260298e-01  -1.8370646e-03  -1.9040101e-03   4.9920437e-04
  -1.0452999e-01  -7.6988543e-03   4.6768179e-01  -1.7324959e-04  -1.3919544e-03   5.8544599e-04
  -9.6072860e-02   1.0812809e-01   6.6917376e-01   6.5808849e-04  -1.0945170e-03   5.4646607e-04
  -1.1456745e-01  -1.2521732e-01   5.9053675e-01  -2.1598459e-03  -1.8058443e-03   7.6892214e-04
  -1.1012343e-01   4.6550358e-02   5.2759131e-01   1.3432763e-03  -1.3509191e-03   9.2401504e-04
  -1.0710315e-01   5.6270689e-02   7.6478520e-01  -6.3065907e-04  -1.4026902e-03   8.1607126e-04
  -1.2101209e-01  -1.2312786e-01   4.9605776e-01  -2.2718905e-03  -2.0158326e-03   8.3948390e-04
  -1.2009047e-01   2.5677995e-02   5.5239200e-01  -1.1244527e-04  -1.6718562e-03   8.0064518e-04
  -1.1319145e-01   9.8695688e-02   6.9366310e-01   6.9438932e-04  -1.4851829e-03   8.7580617e-04
  -1.3059037e-01  -1.3744715e-01   5.7258126e-01  -2.1738240e-03  -2.0769100e-03   9.3879385e-04
  -1.2998888e-01   4.0418644e-02   5.4164926e-01   8.7240554e-04  -1.6568482e-03   9.6583651e-04
  -1.1119002e-01   1.0370307e-01   7.3048235e-01   2.0338812e-04  -1.1226720e-03   9.4599787e-04
  -1.3347326e-01  -1.3683760e-01   5.9116887e-01  -2.3045598e-03  -2.1020645e-03   9.1094409e-04
  -1.2985156e-01  -1.0704364e-02   5.8293020e-01  -8.9610515e-05  -1.8977476e-03   7.7941025e-04
  -1.1059344e-01   1.1595845e-01   7.6958526e-01   6.5733693e-04  -1.1706962e-03   6.1041096e-04
  -1.3952491e-01  -1.1677813e-01   5.9199448e-01  -1.8493859e-03  -2.1735381e-03   1.2375656e-03
  -1.2936845e-01   3.8237823e-02   5.5762686e-01   7.9271999e-04  -1.8747861e-03   8.7274277e-04
  -1.0828207e-01   1.0333046e-01   7.6039130e-01   8.4048937e-04  -1.2097540e-03   8.0649202e-04
  -1.4478695e-01  -4.5912020e-02   5.4576961e-01  -4.3165359e-04  -2.2043273e-03   1.3150529e-03
  -1.6340097e-01  -1.4143606e-02   4.6561257e-01  -2.4970599e-03  -1.2788584e-03  -5.5908995e-04
  -1.5601483e-01  -5.2095811e-02   5.1406503e-01  -3.6740168e-03  -5.3867019e-04  -1.3532197e-03
  -1.4036401e-01  -1.3851297e-01   1.4503436e-01  -3.8970441e-03   4.2651135e-05  -1.6253765e-03
  -8.4276280e-02   2.1780203e-01  -9.2023049e-01   7.4813918e-03   2.1246227e-03  -1.3800293e-03
  -1.0712246e-01   4.1637049e-02  -1.4652731e+00  -1.5659210e-03   1.7622430e-03  -1.7946238e-03
  -1.5608865e-01   7.6616849e-02  -1.5555784e-01  -2.8961817e-03   1.1810100e-03  -2.0665604e-03
  -9.6534858e-02   4.3161742e-01  -3.6088315e-01   3.3014511e-03   1.6857300e-03  -1.6619987e-03
  -1.3505719e-01   4.6867586e-01  -5.0853494e-01   1.3667321e-03   2.7353404e-04  -9.9665164e-04
  -1.4659846e-01   3.9083444e-01  -6.9460863e-01   1.6672859e-03   5.9457745e-04  -1.6099203e-03
  -1.6996958e-01   3.4424060e-01  -7.9006605e-01   1.3123376e-03   2.5649465e-04  -1.7881420e-03
  -1.2244175e-01   2.5990184e-01  -1.1491250e+00  -4.1469661e-03   9.5662236e-04  -1.6914624e-03
  -1.7543200e-01   9.5372461e-02  -6.8040208e-01  -6.1980968e-03  -1.0327874e-03  -1.8014459e-03
  -2.0098119e-01   8.9266319e-02  -4.0026544e-01  -5.4452381e-03  -1.1837421e-03  -2.0817050e-03
  -2.0701062e-01   1.7269154e-01  -1.1989354e-01  -4.8305211e-03  -8.2628305e-04  -2.3812000e-03
  -1.9501440e-01  -9.2804730e-02  -3.5453225e-01  -5.7391881e-03  -9.0179396e-04  -2.2203375e-03
  -1.9760050e-01   6.9365246e-02  -1.0274372e-01  -5.2285779e-03  -2.9360466e-04  -2.2925231e-03
  -2.1724599e-01  -2.2050894e-01  -1.2640120e-01  -7.8814697e-03  -1.0756650e-03  -2.5456609e-03
  -2.2602918e-01  -1.0186370e-01  -1.9121199e-01  -6.3313135e-03  -9.3403103e-04  -2.4067061e-03
  -2.0814562e-01  -1.3058845e-02   4.2226313e-02  -5.7071241e-03  -3.9869629e-04  -2.2629124e-03
  -2.3111841e-01  -2.4273589e-01  -1.0349950e-01  -8.5109104e-03  -1.0579632e-03  -2.3792548e-03
  -2.1561436e-01  -6.8358607e-02  -4.0510074e-02  -6.2449099e-03  -6.1007277e-04  -2.4272630e-03
  -1.9097240e-01  -1.1056801e-01   1.3408571e-01  -7.3561445e-03  -2.0437993e-05  -2.2826006e-03
  -2.0421173e-01  -2.7810203e-01  -2.3258513e-02  -8.0649576e-03  -3.6703880e-04  -2.2767198e-03
  -2.0220859e-01   6.1906767e-02   1.5285087e-01  -2.9001193e-03  -4.8040761e-04  -1.2984674e-03
  -1.9013545e-01   3.5774544e-01  -6.8886096e-01   6.9235828e-03  -4.9302172e-04   3.2994999e-03
   8.8765506e-02  -7.3274580e-02  -1.1508379e+00  -4.3710028e-03   6.1891956e-03   2.2586696e-03
  -5.2608900e-02   1.8840476e-01  -4.5828256e-01  -3.4609233e-03   2.5857767e-03   1.0005151e-03
  -1.0527374e-01   1.6591552e-01  -3.8859942e-01  -2.1482216e-03   1.3546235e-03   9.9221085e-04
  -1.2521307e-01  -2.4535219e-02  -2.8673193e-01  -5.2003954e-03   6.2867193e-04   8.6133262e-04
  -1.3396881e-01   6.9827929e-02  -3.1191156e-01  -4.0180980e-03   7.5839691e-04   8.7451888e-04
  -1.1311534e-01   3.9582226e-02  -9.2719005e-02  -5.0795767e-03   1.0532561e-03   7.7502075e-04
  -1.3397270e-01  -1.5219347e-01  -1.5606716e-01  -7.0548772e-03   6.4887502e-04   1.0934238e-03
  -1.0816081e-01   5.8916059e-02  -4.6912974e-02  -4.2451580e-03   1.4535607e-03   1.1669960e-03
  -9.5172353e-02  -1.4876105e-01   1.1624366e-01  -7.7480129e-03   1.5456728e-03   1.3281436e-03
  -1.1702632e-01  -1.8008304e-01  -1.0370989e-01  -6.4920767e-03   9.7619418e-04   1.4606913e-03
  -7.4342446e-02   4.8291483e-02   1.9629008e-01  -4.9103786e-03   1.9852424e-03   1.4930684e-03
  -9.9532672e-02  -2.0921653e-01  -3.7803836e-02  -6.8765114e-03   1.3809353e-03   1.6794600e-03
  -8.6733415e-02   2.7739413e-02   4.1325732e-02  -4.4940400e-03   1.9065134e-03   1.5937162e-03
  -1.0863936e-01  -1.5708717e-01   3.9498418e-02  -7.5562149e-03   1.2122780e-03   1.6402466e-03
  -1.1199060e-01   6.3888475e-03  -9.7917757e-02  -3.9630763e-03   1.4154511e-03   1.8680064e-03
  -8.8882957e-02   2.5218226e-03   2.1088566e-01  -5.5083107e-03   2.0187977e-03   1.5817848e-03
  -1.2184954e-01  -1.2912595e-01  -7.4296168e-03  -5.7033384e-03   1.4126419e-03   1.8417619e-03
  -9.4209188e-02   7.5608427e-02   2.0373551e-01  -3.9783401e-03   1.9685356e-03   1.6778062e-03
  -9.1588841e-02  -1.2147661e-01   1.5697929e-01  -6.1540176e-03   1.3768755e-03   1.7361918e-03
  -5.7493548e-02  -3.9612666e-02  -6.7356206e-02  -4.8353222e-03   2.7709776e-03   1.9389294e-03
  -5.2754856e-02  -9.7480335e-02   2.5406629e-01  -7.9558505e-03   2.2678948e-03   2.1292697e-03
  -8.2971401e-02  -2.2498379e-01   2.4062911e-01  -8.2366221e-03   1.6179008e-03   1.9672894e-03
  -8.4279444e-02  -3.9018927e-02   9.6424922e-02  -4.8734240e-03   2.2027748e-03   2.1616376e-03
  -6.2136606e-02  -3.1425857e-02   3.1293281e-01  -6.0838881e-03   2.6443920e-03   2.2077184e-03
  -9.9462071e-02  -2.0421548e-01   1.1570284e-01  -7.3984653e-03   1.7702947e-03   2.3419313e-03
  -6.1206134e-02   6.6271692e-02   2.6252150e-01  -4.1255949e-03   2.6349016e-03   2.7022523e-03
  -6.1505186e-02  -1.5214511e-01   2.5216452e-01  -7.4090497e-03   2.7472527e-03   2.4285321e-03
  -4.6961950e-02  -2.1772045e-01  -2.1970247e-01  -9.4026836e-03   3.3595506e-03   3.4962865e-03
  -5.7888431e-02  -1.5337626e-02  -1.2492934e-01  -6.3767851e-03   2.8568814e-03   2.9279972e-03
  -5.0933350e-02  -5.8990264e-02  -1.6678336e-02  -7.5636985e-03   2.8708409e-03   2.9511841e-03
  -6.8389202e-02  -2.6157840e-01  -7.9182812e-02  -1.0184582e-02   2.6089410e-03   3.1066831e-03
  -7.1968456e-02  -1.2428189e-01   3.1878199e-02  -8.8579551e-03   2.2619148e-03   3.2472563e-03
  -5.2716062e-02  -9.6680083e-02   1.4652006e-01  -8.4273328e-03   2.6607608e-03   2.9785903e-03
  -6.9800557e-02  -2.7319816e-01   4.7065506e-02  -1.0306643e-02   2.2129248e-03   3.0267526e-03
  -8.1522157e-02  -1.6062190e-01   2.6751519e-02  -8.0976218e-03   2.0596351e-03   3.1287532e-03
  -4.6676922e-02  -9.4147084e-02   2.0362265e-01  -7.5661086e-03   2.9802215e-03   3.3904812e-03
  -6.3616171e-02  -2.6105295e-01   1.0356344e-01  -9.6003196e-03   2.5716843e-03   3.6639888e-03
  -5.6604565e-02  -9.4854370e-02   1.2661931e-01  -7.3360462e-03   2.8020225e-03   3.3349415e-03
  -4.5782907e-02  -1.2981792e-01   2.2677703e-01  -8.1150679e-03   2.9096429e-03   3.4502337e-03
  -7.3517710e-02  -2.3815855e-01   1.6213162e-01  -9.1560787e-03   2.4636135e-03   3.8800573e-03
  -5.8891122e-02  -2.3468225e-02   1.6307183e-01  -5.8765244e-03   2.7345288e-03   3.5663992e-03
  -5.4738872e-02  -1.1413449e-01   2.9887237e-01  -8.5868724e-03   2.8409932e-03   3.9233018e-03
  -7.6884138e-02  -2.5727384e-01   3.1085708e-02  -9.8414252e-03   2.2974018e-03   3.9489029e-03
  -6.1692868e-02  -8.3697806e-02   1.3159042e-01  -7.4724256e-03   2.5949228e-03   3.9295319e-03
  -5.3187536e-02  -1.6912262e-01   2.3417831e-01  -9.1676131e-03   2.7564988e-03   3.9359078e-03
  -7.5291684e-02  -2.2408081e-01   9.2774863e-02  -8.9444166e-03   2.4902180e-03   4.0735872e-03
  -3.8478201e-02   2.2874536e-02   2.4429059e-01  -6.1182028e-03   3.2486084e-03   4.3333361e-03
  -5.1581844e-02  -1.9118340e-01   2.3782358e-01  -9.0608547e-03   2.9120192e-03   4.5509629e-03
  -5.6031887e-02  -9.6131842e-02   1.9878152e-01  -7.0238179e-03   2.8707805e-03   4.8322592e-03
  -7.4258756e-02  -1.9214458e-01   3.4869344e-01  -1.1366477e-02   3.0397114e-03   3.5284181e-03
  -1.2806291e-01  -3.8829273e-01   3.3781562e-02  -1.4763792e-02   1.9664257e-03   3.4029934e-03
  -9.1305683e-02  -2.3919000e-01  -1.1056428e-01  -1.1126278e-02   2.6917314e-03   3.4640313e-03
  -7.7013923e-02  -2.4785448e-01   1.1384478e-01  -1.2904195e-02   3.2279150e-03   3.1286208e-03
  -1.2132269e-01  -3.9263399e-01  -1.3559076e-02  -1.3780212e-02   2.5511504e-03   3.2082401e-03
  -8.3556266e-02  -1.9075830e-01   1.5132317e-01  -1.1226874e-02   3.4144790e-03   3.0429560e-03
  -6.3438864e-02  -2.5466837e-01   2.4611583e-01  -1.1865988e-02   3.8363240e-03   3.6762711e-03
  -9.0408154e-02  -3.7892168e-01   1.3449368e-01  -1.3284709e-02   3.1427626e-03   3.4471432e-03
  -6.9398079e-02  -1.7930034e-01   1.9646610e-01  -1.0454406e-02   3.7312040e-03   3.5052011e-03
  -8.6281492e-02  -3.5158265e-01   2.0912503e-01  -1.3588185e-02   3.3347377e-03   3.7068423e-03
  -1.0063474e-01  -3.0344304e-01   1.2431920e-01  -1.2095334e-02   3.4156388e-03   3.6076743e-03
  -4.6071994e-02  -1.1330315e-01   2.5920280e-01  -1.0380854e-02   4.5971049e-03   3.6840752e-03
  -6.8655413e-02  -4.0051985e-01   1.0949104e-01  -1.3720091e-02   3.8995605e-03   3.3317270e-03
  -6.6389343e-02  -2.6315917e-01   1.9206288e-01  -1.2517953e-02   3.8863073e-03   4.0648438e-03
  -5.5249714e-02  -3.2111816e-01   2.5404773e-01  -1.4032218e-02   3.8585305e-03   4.6909591e-03
  -9.0225822e-02  -4.0782476e-01   1.0458287e-01  -1.4175251e-02   3.0586330e-03   4.7415787e-03
  -4.4035516e-02  -2.4524839e-01   1.0924261e-01  -1.1813876e-02   4.3944585e-03   4.2895810e-03
  -3.5864840e-02  -2.7995281e-01   2.0956893e-01  -1.2800082e-02   4.3822763e-03   4.3926346e-03
  -6.1086314e-02  -3.6517219e-01   7.6793851e-02  -1.3462244e-02   3.9620460e-03   4.4789460e-03
  -4.5172886e-02  -2.3700806e-01   2.0506365e-01  -1.1504119e-02   4.5566259e-03   4.4177613e-03
  -3.3521394e-02  -2.8550604e-01   2.9843116e-01  -1.2856190e-02   4.6149051e-03   4.3930755e-03
  -6.1597671e-02  -3.2543874e-01   3.3992918e-02  -1.1942839e-02   4.3498442e-03   4.7189654e-03
  -3.5872372e-02  -1.7718550e-01   1.6108640e-01  -1.0670066e-02   4.7965424e-03   4.6284717e-03
  -2.7292117e-02  -3.5650569e-01   2.5619153e-01  -1.3669483e-02   4.8581217e-03   4.7125045e-03
  -5.9840432e-02  -2.9432803e-01   1.3312033e-01  -1.1820245e-02   4.3746383e-03   4.9655884e-03
  -2.1969353e-02  -2.0435601e-01   3.4235880e-01  -1.1495617e-02   5.1847224e-03   4.6051297e-03
  -3.8455901e-02  -4.1108490e-01   2.7111560e-01  -1.3728915e-02   4.9019863e-03   5.1999256e-03
  -1.9038710e-02  -2.6039849e-01   2.3544419e-01  -1.1340141e-02   5.3151755e-03   4.8399115e-03
   1.0616126e-02  -2.3269325e-01   3.8764989e-01  -1.1886643e-02   6.0935155e-03   5.1209232e-03
  -3.6240229e-02  -3.2666885e-01   2.9825403e-01  -1.2571915e-02   5.3714474e-03   6.1639478e-03
  -2.4969532e-02  -1.7297079e-01   2.2580839e-01  -1.0065794e-02   5.4643966e-03   5.5162155e-03
   1.4753875e-02  -1.9503247e-01   3.8170368e-01  -1.1534833e-02   6.2174583e-03   5.5353619e-03
  -1.9518376e-02  -3.5947640e-01   1.5461463e-01  -1.2858293e-02   5.5196659e-03   5.8531349e-03
   2.0473140e-03  -1.7035398e-01   2.8895952e-01  -1.0863708e-02   5.7885871e-03   5.5718013e-03
  -1.8737607e-02  -1.4825995e-01  -1.1347276e-01  -8.2773146e-03   4.6362093e-03   4.2866081e-03
  -1.8812488e-01  -2.6919271e-01   2.4176681e-01  -1.1093899e-02   1.8647068e-03   4.1981135e-03
  -1.4100775e-01  -8.3788243e-02   4.2117333e-01  -7.9381895e-03   2.4067954e-03   4.1930469e-03
  -9.5238090e-02  -3.2678885e-01   4.3957161e-01  -1.0928236e-02   3.2167330e-03   4.5927490e-03
  -7.5461693e-02  -2.3741570e-01   2.8149190e-01  -9.7606667e-03   3.3870340e-03   4.6149982e-03
  -4.4870484e-02  -1.6514062e-01   4.9733021e-01  -9.7634167e-03   4.2344400e-03   4.6507689e-03
  -5.6877985e-02  -3.6778284e-01   3.8664511e-01  -1.1386853e-02   3.7704362e-03   5.0081412e-03
  -6.2724911e-02  -1.5653562e-01   6.3747486e-01  -9.5841706e-03   4.6755105e-03   5.7631703e-03
  -2.8716762e-01  -7.1779563e-01   4.1046073e-01  -2.2169379e-02  -2.0075053e-03   1.5333660e-03
  -1.4617206e-01  -6.1375148e-01  -2.3155099e-01  -2.1082676e-02   3.0838330e-03   4.5357452e-03
  -9.1342084e-02  -5.1718543e-01   4.1903434e-02  -2.0610317e-02   4.1259200e-03   4.4618925e-03
  -8.7141543e-02  -7.0143617e-01  -3.6117639e-02  -2.1685259e-02   4.2144553e-03   4.4763039e-03
  -7.2768376e-02  -6.8526322e-01   2.7226445e-01  -2.2937598e-02   4.5992503e-03   4.6504948e-03
  -6.4589749e-02  -6.7363389e-01   6.1888102e-01  -2.2968277e-02   4.8890947e-03   4.5148853e-03
  -5.7874056e-02  -8.3006565e-01   4.4400536e-01  -2.3317017e-02   4.9030520e-03   4.9630860e-03
  -3.7821554e-02  -6.3679991e-01   5.3872560e-01  -2.1088625e-02   5.4798230e-03   5.0534629e-03
  -3.5630424e-02  -7.9008100e-01   4.9582780e-01  -2.2999038e-02   5.7101395e-03   5.4644806e-03
  -9.5628283e-02  -5.2991743e-01   5.2065446e-01  -1.7803579e-02   3.6176938e-03   5.0129165e-03
  -6.2935403e-02  -6.4587018e-01   6.7050706e-01  -2.0394112e-02   4.3691048e-03   5.1950432e-03
  -6.5849994e-02  -5.9276468e-01   5.3126693e-01  -1.8697273e-02   4.8952703e-03   5.3992427e-03
  -7.0376735e-02  -4.3573240e-01   7.4476968e-01  -1.8017783e-02   4.7829214e-03   5.3198654e-03
  -1.2015488e-01  -6.4584723e-01   4.0531662e-01  -1.9822972e-02   3.3433069e-03   4.2843798e-03
  -1.0221573e-01  -4.8653632e-01  -2.2288344e-01  -1.4316941e-02   3.8410625e-03   4.0435415e-03
  -8.8420351e-02  -4.5482850e-01   5.1344752e-01  -1.8414444e-02   4.4218374e-03   3.4046421e-03
  -9.1485956e-02  -6.1584290e-01   4.0917791e-01  -1.8936301e-02   4.5635527e-03   3.8536421e-03
  -8.1612772e-02  -4.0493435e-01   5.0274583e-01  -1.5140919e-02   4.9379422e-03   4.2722127e-03
  -3.9522637e-02  -5.4664815e-01   5.4334077e-01  -1.7483705e-02   5.8053448e-03   4.5314183e-03
  -4.0461779e-02  -4.4628384e-01   4.9570725e-01  -1.5239168e-02   5.9151530e-03   4.9511076e-03
  -2.6972143e-02  -4.9085569e-01   6.7086860e-01  -1.7811051e-02   6.1183064e-03   5.4455406e-03
  -1.7298540e-02  -5.7886584e-01   4.2431070e-01  -1.7478182e-02   5.8175520e-03   5.6238160e-03
   1.8806681e-02  -4.6792837e-01   6.4150254e-01  -1.7579702e-02   6.7189658e-03   5.8316392e-03
  -1.0442848e-02  -6.4127867e-01   5.4805792e-01  -1.9182653e-02   5.9694975e-03   5.8956480e-03
  -8.1247055e-03  -4.7427589e-01   4.8542233e-01  -1.6166817e-02   6.6495705e-03   5.5621159e-03
  -1.9760037e-02  -4.5657923e-01   5.8829319e-01  -1.7950549e-02   6.5478225e-03   5.4009346e-03
  -1.6464070e-01  -3.6352938e-01   2.2813921e-01  -9.6157502e-03   1.7960152e-03   4.0532404e-03
  -1.6286210e-01  -3.1397794e-01   5.4224030e-01  -1.1804240e-02   2.6245514e-03   3.9105823e-03
  -1.6406198e-01  -5.1619359e-01   6.7957262e-01  -1.5973052e-02   2.9882295e-03   4.4180573e-03
  -1.4511616e-01  -3.8107725e-01   5.1372828e-01  -1.3331921e-02   3.9202417e-03   4.2767110e-03
  -9.1512244e-02  -3.0861419e-01   6.5269971e-01  -1.3760532e-02   4.9082716e-03   4.3937479e-03
  -1.0045397e-01  -3.5628465e-01   5.1188037e-01  -1.3308542e-02   4.9785439e-03   5.5438305e-03
  -5.6509976e-02  -2.5746576e-01   7.2795905e-01  -1.3111879e-02   5.5623092e-03   5.2930411e-03
  -8.1824272e-02  -4.9254833e-01   6.0860947e-01  -1.5307664e-02   4.9595953e-03   5.4806046e-03
  -5.3134512e-02  -3.1087658e-01   6.4926465e-01  -1.3063535e-02   5.9298300e-03   5.5043227e-03
  -3.0594193e-02  -3.4029350e-01   8.1908419e-01  -1.4245275e-02   6.1825820e-03   5.7500635e-03
  -5.6158590e-02  -4.6164959e-01   5.2496083e-01  -1.4638548e-02   5.6513013e-03   5.9542552e-03
  -9.0802243e-03  -2.8303285e-01   8.3059731e-01  -1.3104921e-02   7.0082290e-03   6.0950000e-03
  -1.4285184e-02  -4.4854489e-01   7.7731683e-01  -1.5331137e-02   6.8078726e-03   6.3496684e-03
  -3.6334864e-02  -4.4554008e-01   6.3708836e-01  -1.4089705e-02   6.4569921e-03   6.4323281e-03
  -5.8610471e-03  -2.7998208e-01   8.0391765e-01  -1.2858336e-02   7.3681372e-03   6.6365045e-03
  -3.1379896e-03  -4.5815005e-01   6.9623506e-01  -1.5466967e-02   7.2291064e-03   6.2750683e-03
   1.1663433e-02  -3.6009467e-01   6.2676784e-01  -1.3429259e-02   7.5014139e-03   6.0266879e-03
   5.9957508e-02  -2.8856627e-01   7.9916345e-01  -1.3207245e-02   8.4805183e-03   6.2052994e-03
   3.1818790e-02  -4.2460185e-01   6.8049321e-01  -1.4260153e-02   7.9504452e-03   6.6390321e-03
   5.9048398e-02  -2.7441435e-01   9.1684163e-01  -1.3482818e-02   8.9202798e-03   7.3754389e-03
   2.3280808e-01  -8.9274941e-01   5.8998089e-01  -2.5993177e-02   1.0784737e-02   8.3387154e-03
   1.5452039e-01  -1.0251612e+00   3.4179162e-01  -3.0579768e-02   1.0401949e-02   6.6982420e-03
   2.0157809e-01  -9.6194838e-01   5.1811481e-01  -2.7965561e-02   1.1452523e-02   6.5828839e-03
   1.5544751e-01  -1.0116946e+00   4.1170231e-01  -2.8356344e-02   1.0173402e-02   6.6543333e-03
   1.5806982e-01  -8.2808016e-01   4.0891795e-01  -2.5712343e-02   1.0137399e-02   6.6540550e-03
   1.8029284e-01  -8.0506220e-01   5.8313644e-01  -2.5874208e-02   1.0628276e-02   7.0729639e-03
   1.5804494e-01  -9.6181003e-01   5.3789041e-01  -2.7596731e-02   1.0418156e-02   7.5701997e-03
   1.6348456e-01  -7.8604632e-01   6.4722021e-01  -2.5139242e-02   1.0554839e-02   7.6152581e-03
   1.8757981e-01  -8.4541362e-01   6.6466110e-01  -2.6337540e-02   1.1022007e-02   7.5043945e-03
   1.6495056e-01  -9.2024080e-01   5.3590835e-01  -2.6752579e-02   1.0306573e-02   6.7604455e-03
  -1.0702087e-01  -5.5423077e-01   8.2843578e-01  -1.9735160e-02   4.5050018e-03   5.3473657e-03
   1.5276338e-02  -8.5361068e-01   8.2125063e-01  -2.3642025e-02   6.9514296e-03   6.9567825e-03
   7.4518230e-02  -6.1742769e-01   7.5700365e-01  -2.0178867e-02   8.7506598e-03   7.4477191e-03
   1.5234552e-01  -7.7391717e-01   8.4156535e-01  -2.4162415e-02   1.0295371e-02   7.5665965e-03
   1.3873375e-01  -9.6267773e-01   6.7400785e-01  -2.7133495e-02   1.0367669e-02   7.6225826e-03
   1.4924977e-01  -8.8024174e-01   7.7043004e-01  -2.6916154e-02   1.1243503e-02   7.5634170e-03
   8.4667512e-02  -7.7289073e-01   7.1287502e-01  -2.5470605e-02   9.0469248e-03   8.3829083e-03
   1.2593302e-01  -8.2870467e-01   9.7729568e-02  -2.7573005e-02   6.4768679e-03   9.6812269e-03
   7.2011781e-02  -8.5397624e-01  -4.6150442e-02  -2.6590677e-02   7.4228017e-03   6.9763001e-03
   7.9639788e-02  -7.9157764e-01   4.6949909e-01  -2.4266201e-02   7.2570443e-03   5.3584126e-03
   2.4141025e-02  -7.7828069e-01  -8.2717096e-02  -1.9964939e-02   5.6288926e-03   6.4648986e-03
  -3.7425985e-03  -6.5070976e-01   1.6728827e-01  -2.0991357e-02   5.2389360e-03   7.2735337e-03
   5.3344552e-03  -7.6090523e-01   8.6968695e-02  -2.2325500e-02   5.4598007e-03   7.8325822e-03
   4.5338342e-02  -6.1637699e-01   2.6244015e-01  -2.0685493e-02   6.1266864e-03   7.5886166e-03
   9.0012346e-02  -8.6960361e-01   1.6010325e-01  -2.5449284e-02   6.4577570e-03   7.2401474e-03
   7.3739131e-02  -7.9645436e-01   8.4341287e-02  -2.3310581e-02   6.2877465e-03   7.4701247e-03
   1.5348038e-01  -7.0495076e-01   3.1959634e-01  -2.2679530e-02   7.5329124e-03   7.3101794e-03
   1.2240946e-01  -7.9881835e-01   1.1749640e-01  -2.2193453e-02   7.2957824e-03   8.1894072e-03
   1.5576737e-01  -4.5865483e-01   4.1228732e-01  -1.6654812e-02   8.0500492e-03   8.6126680e-03
   1.5728159e-01  -6.4633113e-01   4.5353425e-01  -1.8800965e-02   8.1943309e-03   9.5084684e-03
   1.0570099e-01  -7.2610020e-01   2.2907284e-01  -2.2663279e-02   6.9902193e-03   7.5046156e-03
   9.1138721e-02  -6.3805323e-01   3.0417031e-01  -2.2687108e-02   7.1616881e-03   7.8493017e-03
  -1.6780310e-01  -7.4791515e-01   2.3862903e-02  -1.9459314e-02   5.7525151e-05  -3.3839867e-03
  -9.9216308e-01  -3.1053222e-01   2.5267995e-01  -7.8551907e-03  -1.7017252e-02  -3.3212139e-02
  -5.3840781e-01  -7.2549081e-01  -1.5653534e-02  -1.9753419e-02  -5.2679320e-03  -1.1618629e-02
  -4.3545380e-01  -8.8777451e-01   1.0792067e-01  -2.3962789e-02  -3.6728441e-03  -9.5563113e-03
  -3.2650772e-01  -8.7635039e-01  -3.3226033e-02  -2.2406065e-02  -1.4253094e-03  -7.5878041e-03
  -2.2956096e-01  -7.5332775e-01   2.5869873e-01  -2.2140273e-02   4.4224611e-04  -6.8998355e-03
  -2.1602154e-01  -9.5386136e-01   1.6393781e-01  -2.4278051e-02   7.4634962e-04  -6.1623849e-03
  -1.8680752e-01  -7.4683448e-01   1.0715943e-01  -2.1319030e-02   1.5549661e-03  -5.2031538e-03
  -1.0640601e-01  -7.9499391e-01   2.9014041e-01  -2.2697325e-02   3.1025375e-03  -4.4638163e-03
  -1.8662597e-01  -7.7071069e-01  -2.9477464e-02  -2.3094782e-02   9.8301238e-04  -1.6165030e-03
  -1.2428962e-01  -6.4696678e-01   1.6286185e-01  -2.1363436e-02   2.7944959e-03  -1.7452174e-03
  -1.0945550e-01  -7.3592226e-01   2.1106413e-01  -2.2950604e-02   3.0298048e-03  -1.2871271e-03
  -9.9512097e-02  -8.0999534e-01   2.3570335e-01  -2.2543179e-02   3.6988284e-03  -6.4912025e-05
   3.8928455e-03  -4.0874520e-01   3.4326318e-01  -1.5951645e-02   6.3139970e-03   8.0301770e-04
   2.9419409e-02  -6.1948148e-01   3.8699461e-01  -1.9846108e-02   6.6131882e-03   1.6579673e-03
   1.7933231e-03  -6.4805227e-01   2.8474442e-01  -1.9225546e-02   6.1095751e-03   1.7094124e-03
   6.9373458e-02  -4.8446118e-01   5.4838288e-01  -1.7682473e-02   7.5044402e-03   2.0494451e-03
   7.6642231e-02  -6.4886664e-01   4.8177913e-01  -2.0172420e-02   8.0628059e-03   2.7594377e-03
   9.1874389e-02  -5.8880204e-01   3.9450227e-01  -1.8665072e-02   8.1136625e-03   2.8838721e-03
   1.5299796e-01  -6.3562904e-01   4.1584946e-01  -2.1895941e-02   8.0721490e-03   2.3504093e-03
   1.5004608e-01  -7.3776453e-01   2.4768604e-01  -2.1433094e-02   8.5952254e-03   3.0710610e-03
   1.7608588e-01  -6.1381679e-01   4.3567683e-01  -2.0588928e-02   9.0627912e-03   3.0666184e-03
   1.9396699e-01  -6.9934257e-01   4.5872413e-01  -2.1679146e-02   9.6219685e-03   3.3090056e-03
   1.7332367e-01  -7.2390555e-01   3.3792215e-01  -2.1101751e-02   9.4457980e-03   3.8820889e-03
   1.9660771e-01  -5.3195652e-01   4.9725079e-01  -1.8895821e-02   9.9997866e-03   3.4650717e-03
   1.9839877e-01  -6.3854781e-01   4.1199451e-01  -2.0602158e-02   9.8787358e-03   2.7774196e-03
   1.8547072e-01  -6.7019152e-01   2.9899664e-01  -1.9989998e-02   9.8027859e-03   2.8416915e-03
   2.0183669e-01  -4.6165389e-01   5.4078902e-01  -1.7550208e-02   1.0455749e-02   3.8603297e-03
   2.4022470e-01  -5.2537421e-01   5.7263491e-01  -1.9169051e-02   1.1433096e-02   4.4375516e-03
   2.6761203e-01  -7.5537642e-01   6.5879940e-01  -2.1764487e-02   1.1599734e-02   4.4485534e-03
   2.9922413e-01  -7.0807471e-01   6.1492425e-01  -2.1910145e-02   1.2091144e-02   4.4971723e-03
   2.9059625e-01  -8.6365409e-01   5.1341796e-01  -2.3520597e-02   1.1984778e-02   4.3278988e-03
   2.8167083e-01  -7.3690685e-01   5.4338919e-01  -2.2127456e-02   1.1699967e-02   4.1322727e-03
   3.1354808e-01  -7.6932244e-01   6.6660871e-01  -2.3552587e-02   1.2276340e-02   4.1054119e-03
   2.9188044e-01  -8.2019839e-01   5.4271516e-01  -2.2602607e-02   1.2165706e-02   4.8058209e-03
   3.1053691e-01  -5.3691683e-01   7.3220530e-01  -1.9320181e-02   1.2751900e-02   5.1535804e-03
   3.0344570e-01  -7.2924557e-01   6.6109875e-01  -2.1979100e-02   1.2525623e-02   4.8552563e-03
   3.0864109e-01  -6.4477305e-01   6.6461905e-01  -1.9819146e-02   1.2670899e-02   5.3254041e-03
   3.3510764e-01  -5.4728812e-01   7.4838266e-01  -1.9610576e-02   1.3311402e-02   5.3445783e-03
   3.3439841e-01  -6.6315980e-01   5.1248997e-01  -1.9560022e-02   1.3483374e-02   5.9065952e-03
   3.3189060e-01  -4.9115334e-01   6.0041332e-01  -1.7420252e-02   1.3605992e-02   5.7859411e-03
  -1.2806416e-02  -7.9680588e-01   7.4509908e-01  -2.4797813e-02   5.1589490e-03  -6.3594362e-04
   1.2252185e-01  -8.9441619e-01   4.9529419e-01  -2.4714313e-02   7.4809477e-03   1.6876644e-03
   2.0993897e-01  -6.6704423e-01   7.6647239e-01  -2.2975523e-02   9.1466792e-03   2.7965218e-03
   2.2776259e-01  -7.6091332e-01   7.7163692e-01  -2.2982319e-02   1.0115370e-02   4.2919236e-03
   2.3657041e-01  -5.5046955e-01   7.4171529e-01  -1.9780592e-02   1.0832344e-02   5.0698393e-03
   2.7528207e-01  -4.6645743e-01   8.4205909e-01  -1.8349684e-02   1.1850329e-02   5.5038482e-03
   2.4220671e-01  -5.8852206e-01   5.8559332e-01  -1.7415418e-02   1.1402652e-02   5.4714902e-03
   2.4565248e-01  -3.1678277e-01   8.8731957e-01  -1.4421086e-02   1.1865281e-02   5.6004231e-03
   2.9393166e-01  -4.3504087e-01   8.9035166e-01  -1.5819561e-02   1.2903905e-02   5.9125023e-03
   2.7894328e-01  -5.2134226e-01   8.3342568e-01  -1.6081608e-02   1.2678799e-02   6.3021887e-03
   3.4835592e-01  -3.6563504e-01   9.5207924e-01  -1.5042724e-02   1.3716736e-02   6.0274935e-03
   3.6942664e-01  -4.6077384e-01   9.0814179e-01  -1.5844866e-02   1.4453428e-02   7.1080882e-03
   3.5877730e-01  -3.4847740e-01   9.0940033e-01  -1.2786716e-02   1.4479840e-02   7.5754516e-03
   4.0657355e-01  -1.4326111e-01   1.0484177e+00  -1.0746405e-02   1.5502772e-02   7.3134402e-03
   3.6621840e-01  -4.8561541e-01   8.1004320e-01  -1.5714957e-02   1.3995165e-02   8.2749069e-03
   4.5822431e-01  -3.1912209e-01   8.5167676e-01  -1.3577560e-02   1.4978049e-02   8.3299706e-03
   5.0049993e-01  -2.3067867e-01   9.3688807e-01  -1.2188995e-02   1.6116701e-02   8.9358413e-03
   4.7648885e-01  -3.5939025e-01   7.2131688e-01  -1.2529835e-02   1.5942391e-02   9.2436103e-03
   4.8464178e-01  -1.5507978e-01   7.9909813e-01  -9.7678021e-03   1.6308808e-02   9.7698937e-03
   4.8097549e-01  -7.9855968e-02   8.5404252e-01  -9.1379982e-03   1.6206037e-02   7.7829623e-03
   4.0056344e-01  -2.7292692e-01   7.1159887e-01  -1.2332210e-02   1.6470192e-02   7.3385090e-03
   4.3893941e-01  -3.0007710e-01   6.9859234e-01  -1.3308465e-02   1.6560890e-02   6.1832899e-03
   4.8921454e-01  -3.8254073e-01   8.6203796e-01  -1.5020246e-02   1.7633166e-02   6.9351535e-03
   4.2200424e-01  -4.5081988e-01   9.5638906e-01  -1.4483560e-02   1.6979506e-02   8.0505990e-03
   4.4657894e-01  -2.8587638e-01   9.8514941e-01  -1.1941591e-02   1.7246181e-02   7.4917832e-03
   3.3666608e-01  -6.6995988e-01   1.1924047e+00  -2.1465658e-02   1.4383992e-02   4.3322145e-03
   3.3049886e-01  -8.0588470e-01   7.8896636e-01  -2.3618866e-02   1.4848860e-02   5.1817400e-03
   4.5918645e-01  -4.3643916e-01   1.0712271e+00  -1.7563061e-02   1.7590201e-02   6.7401550e-03
   4.3593545e-01  -5.0115049e-01   1.0974465e+00  -1.7197306e-02   1.7172306e-02   7.7238856e-03
   4.4020637e-01  -4.9310676e-01   9.8106114e-01  -1.5584829e-02   1.7183987e-02   7.4928630e-03
   5.1305820e-01  -2.3733336e-01   1.2723811e+00  -1.2446615e-02   1.8898879e-02   8.7180351e-03
   3.0932962e-01  -6.4705389e-01   1.2018425e+00  -1.9520119e-02   1.3101135e-02   1.8009131e-03
   3.2343013e-02  -9.6170424e-01   9.3615584e-01  -2.7855593e-02   6.5541328e-03  -1.0829472e-02
   2.1841366e-01  -7.7576892e-01   1.1166667e+00  -2.5993908e-02   1.0780390e-02  -4.4404622e-03
   3.1570775e-01  -8.2144663e-01   9.1983169e-01  -2.4889890e-02   1.3012631e-02  -7.5113937e-04
   4.3573920e-01  -1.0179379e+00   3.3993828e-01  -2.9484904e-02   1.3630019e-02   3.1700212e-03
   3.8299981e-01  -9.1076679e-01   5.7978780e-01  -3.0112960e-02   1.2462926e-02   3.2667554e-03
   4.6465618e-01  -9.3448224e-01   7.1808329e-01  -2.8389703e-02   1.5340626e-02   4.0897940e-03
   5.2158620e-01  -6.6145458e-01   7.1084332e-01  -2.1957437e-02   1.7170607e-02   4.6087170e-03
   5.5638388e-01  -2.7439896e-01   1.0143525e+00  -1.6614857e-02   1.8364916e-02   6.3792659e-03
   5.3592249e-01  -5.7471137e-01   7.9363469e-01  -1.8343674e-02   1.8268413e-02   7.3415370e-03
   5.6790409e-01  -2.2994640e-01   1.0329778e+00  -1.3533713e-02   1.8924451e-02   7.4500390e-03
   5.8836150e-01  -3.1947827e-01   1.1361744e+00  -1.4747417e-02   1.9376667e-02   7.7003823e-03
   5.2928847e-01  -4.5822466e-01   9.6082805e-01  -1.5793387e-02   1.8356920e-02   8.2986543e-03
   3.5212839e-01  -1.1220581e+00   9.1625492e-01  -3.1883937e-02   1.2659295e-02   4.3659628e-04
   4.1466610e-01  -1.0830612e+00   7.8069106e-01  -2.9457338e-02   1.4657050e-02   3.1290649e-03
   4.8473018e-01  -5.8860042e-01   9.5038493e-01  -2.1595032e-02   1.7016806e-02   4.4463253e-03
   2.8697745e-01   1.0260375e-02   9.9576375e-01  -5.5454328e-03   1.2933495e-02   7.6943486e-03
   3.1804971e-01   1.1579535e-01   1.2538116e+00  -6.0782257e-03   1.4696130e-02   8.4866160e-03
   4.4012927e-01  -1.1022819e-01   1.2453396e+00  -1.1062358e-02   1.6827128e-02   6.1652789e-03
   3.6359358e-01  -2.0337895e-01   6.0076942e-01  -1.2799938e-02   1.3661188e-02   4.9793613e-03
   3.9952171e-01  -1.3267724e-01   4.2604643e-01  -1.1395836e-02   1.4852428e-02   4.2930136e-03
   4.5427163e-01  -2.7742789e-01   9.7489709e-01  -1.5604633e-02   1.6300935e-02   4.6574811e-03
   4.4967126e-01  -3.9364049e-01   7.9045046e-01  -1.5684587e-02   1.7071482e-02   4.8036898e-03
   4.3070005e-01  -2.3207511e-01   7.7489643e-01  -1.3584590e-02   1.6572340e-02   4.2182817e-03
   4.3510670e-01  -3.0862232e-01   7.4592313e-01  -1.5199857e-02   1.6559741e-02   4.5735214e-03
   3.9736396e-01  -2.7675802e-01   7.2691711e-01  -1.2581001e-02   1.5647240e-02   4.7821989e-03
   1.8983305e-01   2.5301153e-02   1.2702147e+00  -8.3968392e-03   1.2350493e-02   5.7977082e-03
   2.6332945e-01  -2.1781720e-01   1.2898801e+00  -1.0039937e-02   1.3912989e-02   7.0563095e-03
   3.3920221e-01  -1.9556539e-02   1.3816573e+00  -7.1400580e-03   1.5004052e-02   6.6103755e-03
   5.0617520e-01  -5.4365157e-01   1.2940304e+00  -1.9005216e-02   1.6691087e-02   4.3836392e-03
   4.7084577e-01  -9.1252915e-01   2.3036174e-01  -2.9141880e-02   1.7707687e-02   5.5322341e-03
   5.7916448e-01  -5.9109379e-01   5.9626633e-01  -2.3485383e-02   1.8676033e-02   5.3520553e-03
   5.1480711e-01  -5.5064036e-01   4.6098007e-01  -2.1306356e-02   1.7657907e-02   4.4630817e-03
   5.2585862e-01  -4.2507145e-01   1.9249112e-01  -2.0972342e-02   1.7076906e-02   4.0366757e-03
   4.5458714e-01  -5.4322407e-01   4.1579437e-01  -2.7017495e-02   1.4874325e-02   3.4837064e-03
   4.4077285e-01  -4.5625102e-01   6.0978799e-01  -3.0617250e-02   1.3628386e-02   4.3319526e-03
   4.3050311e-01  -6.6095932e-01   4.9777373e-01  -3.1040364e-02   1.3568977e-02   5.2966610e-03
   4.9358337e-01  -4.9579849e-01   6.3900826e-01  -2.9423021e-02   1.4702570e-02   5.0326743e-03
   5.4730690e-01  -1.0128817e-01  -6.0579682e-01  -1.6313022e-02   1.4623501e-02   3.6289133e-03
   5.6960964e-01  -7.6262010e-02  -1.0984647e+00  -2.0040512e-02   1.4895905e-02   3.9036477e-03
   5.8466867e-01  -7.0451629e-02   3.5347706e-02  -2.3072960e-02   1.5726437e-02   4.6573184e-03
   5.8317475e-01  -4.3136219e-01   3.8165763e-01  -2.5754440e-02   1.5702157e-02   5.5844308e-03
   5.7526818e-01  -3.0485759e-01   4.9217397e-01  -2.3448853e-02   1.6058020e-02   6.1617653e-03
   6.5812132e-01  -3.5349547e-01   7.4435409e-01  -2.4039324e-02   1.7407069e-02   6.7173306e-03
   6.2874874e-01  -5.4643962e-01   5.5323262e-01  -2.5245386e-02   1.6916357e-02   7.1272967e-03
   5.6252671e-01  -2.9823637e-01   6.2832766e-01  -2.2944923e-02   1.4974680e-02   6.3247781e-03
   2.7571694e-02  -5.8919741e-01   4.0404452e-01  -2.7050644e-02   4.6666097e-03   2.2552112e-03
   8.7718973e-02  -4.8725723e-01   4.7441004e-01  -2.5705491e-02   7.0342916e-03   4.4040352e-03
   2.1647996e-01  -5.4366854e-01   7.2698909e-01  -2.7613888e-02   9.3097668e-03   4.0995349e-03
   2.0036383e-01  -6.7960825e-01   5.8014293e-01  -2.7821598e-02   8.7301071e-03   5.1923857e-03
   2.3508707e-01  -4.8473674e-01   7.6848559e-01  -2.6190905e-02   9.5488557e-03   5.6474958e-03
