   0.0000000e+00  -1.4210855e-14   0.0000000e+00   6.1629758e-33  -1.0691059e-50  -1.7347235e-18
  -1.2551104e-03   5.2944896e-02   2.1040844e-02  -1.1943015e-05   2.6286462e-04  -7.9863633e-05
   1.2227318e-02   2.0887399e-02   7.8973243e-02   7.0199190e-04   3.2581731e-04  -1.6623730e-04
   1.3113619e-03   5.0671771e-02   3.0165047e-02   2.7618239e-05   4.1316709e-04   1.1793607e-04
   4.8408423e-03   1.1412478e-02   5.5351040e-02  -5.0249999e-04   5.8864394e-04  -1.1363332e-04
   1.0690630e-02   3.5201643e-02   6.4113220e-02  -4.9459159e-04   4.4361257e-04  -2.4100798e-05
   5.8676189e-03   4.3875774e-02   3.4152336e-02  -1.5129273e-04   4.3232761e-04  -1.5187962e-04
  -3.8418713e-03   5.1982391e-02   4.7175407e-02  -4.3947996e-04   5.2059708e-04  -2.4332231e-04
   5.2267275e-03   4.4969668e-02   6.2997510e-02   6.2222606e-04   3.8554799e-04  -3.9335797e-04
  -2.0018151e-03   1.0340471e-01   4.5433720e-02   1.3230499e-03   3.2303485e-04  -3.9155690e-05
   1.4599466e-02  -1.7804977e-02   5.8161921e-02  -1.0809544e-03   5.5672116e-04   2.6046628e-04
   1.5725697e-02   1.9248292e-02   8.6490791e-02  -1.3502542e-03   3.7595511e-04   4.6436444e-05
   1.8425523e-02   7.4094792e-02   7.6745018e-02  -3.9608358e-04   6.8124817e-04   4.6380646e-05
   1.5704750e-02   3.1889246e-02   7.8514697e-02  -1.4840728e-03   7.1967022e-04   2.3054563e-05
   1.2327860e-02   4.2894621e-02   6.6492655e-02  -4.9764969e-04   5.0326029e-04   1.6445337e-04
   1.7073771e-02   5.9671647e-02   7.8201455e-02  -7.5934281e-04   7.8386828e-04   2.7184008e-06
   1.2452741e-02   9.9618893e-03   7.8655390e-02  -1.6217238e-03   5.5280871e-04   1.9060232e-04
   8.7451623e-03   1.1627586e-02   7.9809848e-02  -2.3710960e-03   4.4702330e-04   4.5828703e-04
   5.8057838e-03   3.1896177e-02   7.8719356e-02  -2.3008900e-03   2.4698200e-04   3.5633307e-04
  -2.8340447e-03   2.7667884e-02   8.4634816e-02  -1.8181907e-03   9.7980123e-05   2.4392897e-04
  -2.3644132e-03   3.1326792e-02   6.6397739e-02  -1.7877750e-03   1.4801411e-04   1.5297471e-04
  -3.5066122e-03   5.0081293e-02   5.8941214e-02  -2.0189800e-03   3.7098050e-04   1.6745671e-04
   4.9674815e-03   4.0968984e-02   7.2789770e-02  -1.7221209e-03   4.2581058e-04   3.6821281e-04
   2.1367630e-03   3.6033871e-02   6.4851091e-02  -8.9370433e-04   3.6614612e-04   4.0463449e-04
   1.2698510e-02   5.2758061e-02   6.8920203e-02  -1.6672181e-03   6.4701544e-04   3.2140117e-04
   5.9368688e-03   3.3400730e-02   7.7016510e-02  -8.0542056e-04   4.0435203e-04   4.0061613e-04
   1.4215703e-02   6.9866785e-02   6.9648850e-02  -7.3667104e-04   5.9410720e-04   1.9956213e-04
   5.0494629e-03   2.9424896e-02   1.0570224e-01  -1.0318623e-03   3.3709405e-04   3.7138833e-04
   4.6548335e-03   5.7498168e-02   1.0729514e-01  -5.6782527e-04   2.8085222e-04   3.0487909e-04
   1.3132041e-02   8.1515956e-02   1.2297660e-01  -8.4790568e-04   3.6020624e-04   5.9444378e-04
   2.4939662e-02   6.2101643e-02   1.1481583e-01  -1.8517495e-03   9.3916241e-04   3.0654470e-04
   1.5242964e-02   3.8756371e-02   1.0457974e-01  -1.2299011e-03   6.3911553e-04   3.7107286e-04
   1.0691368e-02   1.0735042e-01   9.5706810e-02  -9.5426786e-05   6.1182295e-04   3.5210657e-04
   1.0703889e-02   6.3045521e-02   1.0883549e-01  -1.3449586e-03   6.4965628e-04   2.1996250e-04
   5.0043509e-03   2.4116034e-02   1.1178348e-01  -3.1804901e-03   6.6145045e-04   4.5400040e-04
   5.6463875e-04   3.5397226e-02   1.0881782e-01  -3.6881657e-03   5.3805885e-04   4.4316351e-04
  -9.5451905e-04   5.3478505e-02   1.1587211e-01  -3.0376285e-03   4.9752642e-04   5.2668409e-04
   6.7525811e-03   2.4914830e-02   1.2231988e-01  -3.6995785e-03   4.2382204e-04   4.8012595e-04
   8.6378244e-03   4.4346052e-02   1.1224796e-01  -3.5266343e-03   3.8678352e-04   4.9223517e-04
   6.8071738e-03   1.1111268e-01   9.1791853e-02  -1.8349108e-03   3.2753970e-04   5.9015409e-04
   1.5606404e-02   4.8344472e-02   1.2730140e-01  -3.4958069e-03   7.4308238e-04   3.0651710e-04
   2.4616218e-03   4.1195339e-02   1.0799780e-01  -3.2285870e-03   5.3671708e-04   5.0554126e-04
   9.7639085e-03   7.4964418e-02   1.0733547e-01  -2.4835779e-03   7.9635243e-04   6.3210898e-04
   1.3462927e-02   5.8362777e-02   1.0357932e-01  -3.9721403e-03   9.9594229e-04   6.0339917e-04
  -3.9181892e-03  -1.1463396e-01   1.4305982e-01  -1.1051782e-02   1.0850740e-03   2.1894399e-03
   1.2340339e-04   1.6339566e-02   1.7306312e-01  -8.2744233e-03   1.1120978e-03   2.3668664e-03
   9.5500927e-04   1.3297029e-02   1.8122830e-01  -8.4999699e-03   9.0476707e-04   2.3932135e-03
  -2.9474594e-03   3.0267751e-02   1.8081085e-01  -7.8316512e-03   6.0209178e-04   2.5293280e-03
  -1.6435687e-03   4.5111681e-02   1.8241351e-01  -7.1619801e-03   6.7986204e-04   2.3127098e-03
  -7.7731611e-03  -3.2059413e-02   1.7256389e-01  -6.4262269e-03   9.9538771e-04   1.7073976e-03
  -1.3513261e-02   3.7311339e-02   2.2663395e-01  -7.3189410e-03   8.8427210e-04   1.9176038e-03
  -9.8864704e-03   4.4002466e-02   2.0413099e-01  -7.3383447e-03   8.8587583e-04   1.9748626e-03
  -1.0038981e-03   4.5928026e-02   2.1213604e-01  -7.9948258e-03   1.0635128e-03   1.8264529e-03
  -1.1210608e-02   4.9195243e-02   2.1572553e-01  -7.1767820e-03   7.4974069e-04   2.0940490e-03
  -8.4882052e-03   6.9052150e-02   2.1889218e-01  -7.6811312e-03   8.9587804e-04   2.0915295e-03
  -1.2854049e-02   5.5462344e-02   2.2501924e-01  -6.5255988e-03   6.6202725e-04   2.3412298e-03
  -1.2609799e-02   4.2219142e-02   1.9377952e-01  -6.7654347e-03   6.5755122e-04   2.1590809e-03
  -9.1181515e-03   3.5167989e-02   2.1021457e-01  -7.2421751e-03   7.2564446e-04   2.0376618e-03
  -1.8813361e-02   4.5188571e-02   2.0746116e-01  -7.2922712e-03   6.0206475e-04   2.1376700e-03
  -1.6154976e-02   8.1726930e-02   2.1065663e-01  -5.7124705e-03   6.2700019e-04   1.9498105e-03
  -8.1997618e-03   7.9788365e-02   2.2719885e-01  -7.3731422e-03   9.3084342e-04   1.8584202e-03
  -1.6082834e-02   4.6360453e-02   2.3343525e-01  -6.7886082e-03   7.1036937e-04   1.7915529e-03
  -2.1197064e-02   9.0450263e-02   2.0312792e-01  -6.4832242e-03   7.6775097e-04   1.8884301e-03
  -1.7675425e-02   6.4494472e-02   2.3111143e-01  -7.1446615e-03   8.8880201e-04   1.8740395e-03
  -2.9441913e-02   3.7076925e-02   2.1447016e-01  -7.5983604e-03   7.4675822e-04   1.8792141e-03
  -3.0849055e-02   7.3135894e-02   2.1248890e-01  -7.1285423e-03   7.1171767e-04   1.8271224e-03
  -2.8575143e-02   4.7785033e-02   2.4044333e-01  -7.5212230e-03   6.5716747e-04   1.7577249e-03
  -3.1946446e-02   6.2167404e-02   2.3620289e-01  -6.5423512e-03   5.3855278e-04   1.7479902e-03
  -3.2710776e-02   5.3970421e-02   2.1767134e-01  -8.5283863e-03   7.9171491e-04   1.8401205e-03
  -4.1705998e-02   8.4670210e-03   2.1810831e-01  -9.2031996e-03   5.4123521e-04   1.9628829e-03
  -4.2084497e-02   6.7949709e-02   2.3098391e-01  -8.0002631e-03   5.1322310e-04   1.5279130e-03
  -4.7748831e-02   8.1123218e-02   2.4227978e-01  -7.8315164e-03   3.0115308e-04   1.6005213e-03
  -5.3632224e-02   2.4417364e-02   2.4363941e-01  -7.7482220e-03   2.9357463e-04   1.5956142e-03
  -6.2775297e-02   6.3026245e-02   2.3569435e-01  -7.3980867e-03   1.1974151e-04   1.6618659e-03
  -5.8828758e-02   7.1635762e-02   2.5086849e-01  -8.0236535e-03   2.8424348e-04   1.6358357e-03
  -5.0855264e-02   5.0632885e-02   2.7324785e-01  -7.5519312e-03   2.6506124e-04   1.7650933e-03
  -5.1021208e-02   9.0228445e-02   2.7026672e-01  -7.1862386e-03   1.9954307e-04   1.6057748e-03
  -4.7492153e-02   6.2283961e-02   2.7040626e-01  -7.7398053e-03   2.9874388e-04   1.7554646e-03
  -4.5237674e-02   7.7122562e-02   2.6216576e-01  -6.6461052e-03   1.9809828e-04   1.6941663e-03
  -4.1520696e-02   8.4705916e-02   2.7041562e-01  -7.3522885e-03   2.8843539e-04   1.6958953e-03
  -3.0261598e-02   7.7479061e-02   2.5037304e-01  -8.2305421e-03   5.5316624e-04   1.5992298e-03
  -4.2187918e-02   4.0213157e-02   2.5894997e-01  -8.1234688e-03   2.8579395e-04   1.7333464e-03
  -4.7897151e-02   8.4884460e-02   2.7294641e-01  -7.7481178e-03   3.8175993e-04   1.6949790e-03
  -4.3514099e-02   9.7207981e-02   2.7864831e-01  -7.8071240e-03   1.8639166e-04   1.7989538e-03
  -4.0484601e-02   6.5587594e-02   2.9791775e-01  -8.3191927e-03   1.6008148e-04   1.8270138e-03
  -4.1990464e-02   9.5925272e-02   2.6371898e-01  -7.4559300e-03   2.6035348e-04   1.6552098e-03
  -3.5669176e-02   9.0595289e-02   2.8706322e-01  -7.7609680e-03   2.3416381e-04   1.5569154e-03
  -3.3773391e-02   6.7099928e-02   2.9400818e-01  -8.3787185e-03  -5.9038804e-05   1.6522518e-03
  -3.0648542e-02   9.0787709e-02   2.8384676e-01  -7.3248604e-03  -1.9757588e-05   1.6034637e-03
  -2.5535811e-02   9.9091024e-02   3.0075192e-01  -8.1254183e-03  -1.9393392e-04   1.6477095e-03
  -2.1839227e-02   5.7231631e-02   3.0737810e-01  -7.6868961e-03  -3.1326956e-04   1.5545251e-03
  -1.4892345e-02   8.8924858e-02   2.9123793e-01  -7.7144141e-03  -1.4205612e-04   1.6005818e-03
  -1.6137176e-02   6.9120554e-02   3.2378401e-01  -8.5426444e-03  -9.2008300e-05   1.5321346e-03
  -2.6215701e-02   9.3421684e-02   3.3617111e-01  -8.1575510e-03  -2.7425419e-04   1.4601815e-03
  -2.5445001e-02   1.2142673e-01   3.2655905e-01  -7.5398714e-03  -7.2593290e-05   1.3660151e-03
  -2.2501419e-02   1.1621197e-01   3.4259756e-01  -8.2692591e-03   6.8639153e-05   1.4983085e-03
  -2.5845477e-02   9.7987625e-02   3.8123693e-01  -8.5265022e-03  -2.6508931e-04   1.6569799e-03
  -3.2090184e-03   1.2660991e-01   3.8163741e-01  -8.6155868e-03   4.3208693e-04   1.2218301e-03
   1.4936116e-02   1.2638156e-01   3.6607848e-01  -8.9799989e-03   6.7220338e-04   1.5449208e-03
   1.9517603e-03   9.6219974e-02   3.8724954e-01  -8.6851578e-03   2.8871382e-04   1.5594244e-03
   6.8042278e-04   9.9906630e-02   3.5755843e-01  -1.0441560e-02   3.7276421e-04   1.6486079e-03
   5.1562009e-03   7.1422593e-02   3.7578707e-01  -1.1869858e-02   3.1011850e-04   1.7104708e-03
  -8.4929240e-03   1.1078550e-01   3.7559142e-01  -1.0953715e-02   1.4572781e-04   1.7750362e-03
  -6.6004665e-03   1.0165873e-01   3.7956847e-01  -1.0951941e-02   1.7923164e-04   1.6142673e-03
  -5.4032028e-03   1.3301772e-01   3.9438484e-01  -1.0138369e-02   1.7196676e-04   1.5260886e-03
  -4.5700667e-03   7.6389859e-02   4.1170571e-01  -1.1551448e-02  -2.4451051e-06   1.5967497e-03
  -9.3150815e-03   9.8106110e-02   4.0926573e-01  -1.0967206e-02  -2.2155128e-04   1.4085427e-03
   5.0754460e-03   1.2835268e-01   4.1041481e-01  -1.0284662e-02  -1.3178992e-04   1.4523289e-03
   1.2595270e-02   8.2513313e-02   4.2290010e-01  -1.1175160e-02  -8.6205319e-05   1.4699526e-03
   8.4845964e-03   1.0232072e-01   4.1907942e-01  -1.0421068e-02  -4.7167823e-05   1.4300006e-03
   1.7573817e-02   1.4025787e-01   4.2896510e-01  -1.0163104e-02   1.5301215e-04   1.3234454e-03
   1.9527243e-02   1.3294969e-01   4.4457433e-01  -1.0719989e-02   3.2791779e-04   1.3920053e-03
  -1.5362169e-05   1.3416991e-01   4.5953306e-01  -1.0171855e-02   4.7765164e-04   1.3531487e-03
   1.0801096e-02   1.6486433e-01   4.3227101e-01  -1.0023329e-02   5.7000365e-04   1.3391159e-03
   2.2882424e-02   1.0770292e-01   4.3194522e-01  -1.1058074e-02   6.8620735e-04   1.5351313e-03
   2.0297544e-02   1.0654819e-01   4.2948032e-01  -1.0892430e-02   6.8051420e-04   1.5639817e-03
   1.4208160e-02   1.3884947e-01   4.1578095e-01  -1.0486416e-02   7.9310145e-04   1.3579834e-03
   1.5036298e-02   1.4559214e-01   4.3705982e-01  -1.0853454e-02   7.0459983e-04   1.5855538e-03
   1.2526608e-02   1.2263072e-01   4.4815761e-01  -1.0750281e-02   7.4772471e-04   1.5168704e-03
   9.4445559e-03   1.4491802e-01   4.3042105e-01  -1.0244360e-02   7.8082663e-04   1.4157638e-03
   1.4521263e-02   1.4491678e-01   4.3183073e-01  -1.0646257e-02   7.8873621e-04   1.3789169e-03
   8.8119116e-03   1.4903319e-01   4.4300161e-01  -1.0157985e-02   6.6600043e-04   1.4773931e-03
   3.9759802e-03   1.4467203e-01   4.1136169e-01  -1.0115551e-02   7.3169556e-04   1.2949765e-03
   9.9963668e-03   1.5063883e-01   4.3681874e-01  -1.0436839e-02   6.5247336e-04   1.3429080e-03
   1.3639524e-02   1.3028471e-01   4.5155000e-01  -1.0326825e-02   5.2776383e-04   1.1927500e-03
   1.4780873e-02   1.6865788e-01   4.4502061e-01  -9.4015512e-03   3.9162907e-04   1.2422369e-03
   1.3485327e-02   1.5660962e-01   4.5510051e-01  -1.0168442e-02   3.2884735e-04   1.2516623e-03
   9.6132862e-03   1.2785014e-01   4.6144812e-01  -1.0008929e-02   5.5760478e-05   1.2656519e-03
   2.1301847e-02   1.7889034e-01   4.6788360e-01  -8.7662129e-03  -9.2767367e-05   1.0721760e-03
   3.5373382e-02   1.9356310e-01   4.4149735e-01  -3.7868994e-03   2.6518956e-03   5.3061614e-03
   1.8974483e-02   2.1074674e-01   5.1072926e-01  -6.0569790e-03   3.5500766e-03   6.4465084e-03
   6.1371882e-02   2.3090551e-01   5.2732930e-01  -8.6637260e-03   4.8569650e-03   6.4835109e-03
   1.5726059e-02   1.4329660e-01   5.0834171e-01  -1.1710277e-02   4.1284148e-03   6.3985073e-03
   3.8574859e-02   1.5658346e-01   5.3223240e-01  -1.3617648e-02   4.4700136e-03   7.3604925e-03
   4.8946953e-02   1.2103051e-01   5.3599093e-01  -1.5623248e-02   4.6068759e-03   8.4572215e-03
   8.2356383e-02   1.2183241e-01   6.1595654e-01  -1.8728733e-02   6.6138070e-03   1.1754134e-02
   8.4503487e-02   1.1789950e-01   6.2845861e-01  -1.6905563e-02   6.0426849e-03   8.8178053e-03
   1.1615692e-01   1.6711840e-01   6.0018457e-01  -1.5194141e-02   6.4247970e-03   8.2941430e-03
   1.1543596e-01   1.6658610e-01   5.3963495e-01  -1.5851102e-02   6.2651130e-03   8.3976840e-03
   1.4280759e-01   1.7287354e-01   6.6701937e-01  -1.6200264e-02   6.2844094e-03   7.7488054e-03
   1.6072374e-01   1.6523601e-01   6.9112180e-01  -1.6461468e-02   6.3659961e-03   8.1735378e-03
   1.5217015e-01   1.8038667e-01   6.8723908e-01  -1.7208661e-02   6.4871484e-03   8.6134763e-03
   1.4886126e-01   2.1365694e-01   7.2073470e-01  -1.6420443e-02   6.2961820e-03   8.5761038e-03
   1.5466095e-01   2.0512082e-01   7.1923123e-01  -1.6363038e-02   6.0955018e-03   8.2384850e-03
   1.5458233e-01   2.1797073e-01   7.6426038e-01  -1.5405321e-02   5.5963786e-03   7.9753176e-03
   1.5995879e-01   2.2581737e-01   7.9872465e-01  -1.5983447e-02   5.1739051e-03   7.9713519e-03
   1.6964321e-01   2.4568202e-01   8.0866948e-01  -1.4993101e-02   5.3466696e-03   7.8962211e-03
   1.7159247e-01   1.9974850e-01   8.1258560e-01  -1.5037522e-02   5.2309267e-03   7.8978494e-03
   1.7106627e-01   2.3869438e-01   7.9545776e-01  -1.5153382e-02   5.1528247e-03   7.7868621e-03
   1.7998115e-01   2.7208464e-01   8.0879995e-01  -1.4112622e-02   5.2761427e-03   7.8419296e-03
   1.6674353e-01   2.0826180e-01   7.9492148e-01  -1.5476604e-02   4.9104354e-03   7.8363715e-03
   1.4973025e-01   2.3730204e-01   7.8242500e-01  -1.5318771e-02   4.6907559e-03   7.7118819e-03
   1.5110258e-01   2.2060575e-01   8.0394665e-01  -1.5641080e-02   4.9463646e-03   7.8085031e-03
   1.4858572e-01   2.2656982e-01   8.0755893e-01  -1.5310275e-02   4.7865736e-03   7.8019612e-03
   1.4374967e-01   2.5466349e-01   8.0032890e-01  -1.5284631e-02   4.6405920e-03   7.8055158e-03
   1.4764385e-01   2.7092099e-01   8.3482388e-01  -1.4885400e-02   4.6362995e-03   7.8439583e-03
   1.5047389e-01   2.2255451e-01   8.2022349e-01  -1.5293796e-02   4.7522938e-03   7.7126012e-03
   1.3834143e-01   2.4605795e-01   8.1985313e-01  -1.5678060e-02   4.5270592e-03   7.6583092e-03
   1.4800761e-01   2.0147589e-01   8.4834574e-01  -1.6121884e-02   4.7322311e-03   7.6357083e-03
   1.4785267e-01   2.2677640e-01   8.4388566e-01  -1.5144069e-02   4.5877045e-03   7.6983889e-03
   1.4662466e-01   2.6470434e-01   8.5350570e-01  -1.5602705e-02   4.6435805e-03   7.6364777e-03
   1.4481315e-01   2.3672360e-01   8.6584027e-01  -1.5945481e-02   4.5381140e-03   7.7387263e-03
   1.4235954e-01   2.6366108e-01   8.7667117e-01  -1.5327101e-02   4.3883714e-03   7.7381839e-03
   1.3656314e-01   3.2638900e-01   8.7717999e-01  -1.4473875e-02   4.2983358e-03   7.6275441e-03
   1.4133312e-01   2.5590327e-01   8.9143091e-01  -1.6089545e-02   4.0785411e-03   7.6282859e-03
   1.4767206e-01   3.0004869e-01   8.6634482e-01  -1.4369781e-02   4.3115435e-03   7.6076471e-03
   1.5435101e-01   2.7014097e-01   8.9662147e-01  -1.5775265e-02   4.1156080e-03   7.6713709e-03
   1.6812900e-01   2.4426635e-01   9.2908191e-01  -1.5602256e-02   4.1855077e-03   7.5783433e-03
   1.6140996e-01   2.7424226e-01   9.1685868e-01  -1.5617801e-02   4.1247789e-03   7.4999508e-03
   1.6172279e-01   2.5336366e-01   9.1832958e-01  -1.6168098e-02   4.2819811e-03   7.5622970e-03
   1.6115207e-01   2.4490843e-01   9.2446494e-01  -1.6047022e-02   4.3034809e-03   7.5915351e-03
   1.5622992e-01   2.9571183e-01   9.0852245e-01  -1.5660774e-02   4.3367830e-03   7.5392231e-03
   1.6146792e-01   2.7478372e-01   9.3357931e-01  -1.6025312e-02   4.3577404e-03   7.4759585e-03
   1.6997303e-01   2.5877970e-01   9.5073225e-01  -1.6879834e-02   4.3553738e-03   7.5963363e-03
   1.6222189e-01   2.6281873e-01   9.3224768e-01  -1.6514193e-02   4.1728159e-03   7.5853848e-03
   1.6657236e-01   2.9030196e-01   9.4480816e-01  -1.6465388e-02   4.2423783e-03   7.4546956e-03
   1.6750936e-01   2.6012887e-01   9.6699407e-01  -1.7024332e-02   3.9823979e-03   7.5501773e-03
   1.6514425e-01   2.9232339e-01   9.7083984e-01  -1.6156365e-02   4.1189680e-03   7.4728585e-03
   1.6633446e-01   2.8197949e-01   9.6904578e-01  -1.7281637e-02   4.0437285e-03   7.3820411e-03
   1.7251220e-01   2.4086593e-01   9.9759212e-01  -1.7757016e-02   3.8002610e-03   7.5463823e-03
   1.6817434e-01   2.7567736e-01   9.7328357e-01  -1.7207377e-02   3.7463799e-03   7.5145381e-03
   1.7420822e-01   2.7648459e-01   9.8864020e-01  -1.7564031e-02   3.7742222e-03   7.3862815e-03
   1.7573554e-01   2.4741668e-01   9.8635050e-01  -1.7668435e-02   3.7184657e-03   7.3152179e-03
   1.6763714e-01   2.8982126e-01   9.8838902e-01  -1.6794467e-02   3.3654156e-03   7.2222889e-03
   1.6943987e-01   2.8579873e-01   9.9655258e-01  -1.7343457e-02   3.3385362e-03   7.0396563e-03
   1.3273526e-01   2.5857088e-01   1.0134828e+00  -1.8845611e-02   2.5798542e-03   6.8080233e-03
   1.3798048e-01   2.9150586e-01   1.0113678e+00  -1.7485992e-02   2.7779832e-03   6.8119018e-03
   1.4009606e-01   2.9581404e-01   1.0196659e+00  -1.7935835e-02   2.7942846e-03   6.7344454e-03
   1.3974626e-01   2.5220205e-01   1.0498219e+00  -1.7780066e-02   2.5547135e-03   6.9010850e-03
   1.4541190e-01   2.6827281e-01   1.0319714e+00  -1.8204509e-02   3.0464183e-03   7.0371510e-03
   1.4994997e-01   3.0216323e-01   1.0455692e+00  -1.7523082e-02   3.0981302e-03   7.2156184e-03
   1.5428990e-01   2.5572100e-01   1.0310461e+00  -1.8183860e-02   3.0991783e-03   7.0495671e-03
   1.4572257e-01   2.7079299e-01   1.0210851e+00  -1.7692211e-02   3.0502499e-03   7.1241411e-03
   1.4626745e-01   2.9405715e-01   1.0268585e+00  -1.7636850e-02   2.9940184e-03   7.1912218e-03
   1.5544725e-01   2.7499359e-01   1.0397711e+00  -1.8233123e-02   3.0454741e-03   7.1463609e-03
   1.5337424e-01   2.7885883e-01   1.0350307e+00  -1.7818975e-02   2.9015812e-03   7.1000300e-03
   1.4798807e-01   2.9587034e-01   1.0326366e+00  -1.7695602e-02   2.9968065e-03   7.0037484e-03
   1.5736746e-01   2.7226832e-01   1.0453055e+00  -1.8252454e-02   3.0352012e-03   7.0109076e-03
   1.5018739e-01   3.0742579e-01   1.0457150e+00  -1.6779831e-02   2.7234149e-03   7.2323052e-03
   1.5367970e-01   2.9995269e-01   1.0214401e+00  -1.8018869e-02   2.8975140e-03   7.1353525e-03
   1.5774083e-01   2.7036674e-01   1.0327190e+00  -1.8510475e-02   2.9287276e-03   7.2545043e-03
   1.6113558e-01   2.5136136e-01   1.0462842e+00  -1.7848504e-02   2.9392274e-03   7.3626265e-03
   1.6322707e-01   3.3094386e-01   1.0425961e+00  -1.6463673e-02   3.2901600e-03   7.0773184e-03
   1.2755016e-01   2.4765910e-01   1.1891909e+00  -1.6177551e-02   2.8830664e-03   6.9661607e-03
   1.4461886e-01   3.0549000e-01   1.2466557e+00  -1.8459182e-02   3.2780423e-03   7.1780895e-03
   1.5002840e-01   3.2107471e-01   1.1570786e+00  -1.7538679e-02   3.6268235e-03   7.1893749e-03
   1.5476453e-01   3.5613949e-01   1.1865115e+00  -1.7606325e-02   3.6405747e-03   7.0713854e-03
   1.5584720e-01   3.3860197e-01   1.2148591e+00  -1.7792021e-02   3.5476935e-03   7.0901949e-03
   1.5685451e-01   3.6302408e-01   1.2011591e+00  -1.8154197e-02   3.4826214e-03   7.1379416e-03
   1.6175177e-01   3.3814370e-01   1.1925100e+00  -1.8429935e-02   3.5834809e-03   7.1321911e-03
   1.6434565e-01   3.2300929e-01   1.2010580e+00  -1.8552091e-02   3.4806281e-03   6.8235506e-03
   1.5361456e-01   3.5613365e-01   1.2048640e+00  -1.7205580e-02   3.0084715e-03   6.7821644e-03
   1.5099394e-01   3.7071053e-01   1.2022254e+00  -1.7850823e-02   3.2128651e-03   6.7979852e-03
   1.4974072e-01   3.4479247e-01   1.2081120e+00  -1.8195541e-02   3.3109677e-03   6.7454140e-03
   1.5048071e-01   3.4376036e-01   1.2072527e+00  -1.7934841e-02   3.3295567e-03   6.6477206e-03
   1.5783541e-01   3.6556529e-01   1.2129211e+00  -1.7785645e-02   3.4168144e-03   6.6768572e-03
   1.6150636e-01   3.4326820e-01   1.2309319e+00  -1.8498013e-02   3.3899577e-03   6.7672047e-03
   1.5736970e-01   3.5263107e-01   1.2346177e+00  -1.7855202e-02   3.1590624e-03   6.6718957e-03
   1.5786624e-01   3.8136266e-01   1.2277949e+00  -1.8218140e-02   3.3152934e-03   6.7139324e-03
   1.6335664e-01   3.4419453e-01   1.2531767e+00  -1.8744922e-02   3.2429431e-03   6.7618408e-03
   1.6451274e-01   3.7117604e-01   1.2515668e+00  -1.7468104e-02   3.1294476e-03   6.6800548e-03
   1.6241548e-01   3.7460905e-01   1.2464677e+00  -1.8386596e-02   3.2053258e-03   6.6824181e-03
   1.6489196e-01   3.2556065e-01   1.2586228e+00  -1.8615943e-02   3.2971039e-03   6.8131725e-03
   1.6150731e-01   3.4477879e-01   1.2450254e+00  -1.8102423e-02   3.1964491e-03   6.7273509e-03
   1.6147735e-01   3.5504479e-01   1.2479230e+00  -1.8658018e-02   3.1521186e-03   6.6786633e-03
   1.6940214e-01   3.2976260e-01   1.2698571e+00  -1.8723284e-02   2.9272801e-03   6.8057257e-03
   1.6455878e-01   3.7617811e-01   1.2672667e+00  -1.8221845e-02   2.8573880e-03   6.6108522e-03
   1.6815202e-01   3.5533506e-01   1.2754058e+00  -1.9274296e-02   2.8699764e-03   6.5967487e-03
   1.6309788e-01   3.6998494e-01   1.2900604e+00  -1.7839841e-02   2.7193489e-03   6.4709739e-03
   1.6525426e-01   3.7843848e-01   1.2847265e+00  -1.8588017e-02   2.8799774e-03   6.4820549e-03
   1.6293246e-01   3.4952484e-01   1.2956980e+00  -1.9243065e-02   2.8817802e-03   6.5363782e-03
   1.6168548e-01   3.6343978e-01   1.3007257e+00  -1.8696119e-02   2.7513573e-03   6.5009233e-03
   1.6553017e-01   3.8934963e-01   1.3040202e+00  -1.8531380e-02   2.8575117e-03   6.3656136e-03
   1.6978834e-01   3.5311733e-01   1.3098035e+00  -1.9258100e-02   2.7526193e-03   6.5401764e-03
   1.6575337e-01   3.6452755e-01   1.3041337e+00  -1.8561465e-02   2.5899834e-03   6.3847259e-03
   1.6489347e-01   3.8165021e-01   1.3044887e+00  -1.8536144e-02   2.5853790e-03   6.3367875e-03
   1.7300896e-01   3.4719118e-01   1.3135784e+00  -1.9629452e-02   2.4734255e-03   6.4664707e-03
   1.7389849e-01   3.4100973e-01   1.3147363e+00  -1.9116576e-02   2.4136088e-03   6.4506221e-03
   1.7578497e-01   3.7433595e-01   1.3003994e+00  -1.9219689e-02   2.5169705e-03   6.4688430e-03
   1.7852083e-01   3.5438446e-01   1.3092514e+00  -1.9284454e-02   2.4008867e-03   6.6126419e-03
   1.7912848e-01   3.6225820e-01   1.3308482e+00  -1.9011653e-02   2.0758285e-03   6.4806415e-03
   1.8335864e-01   3.9396937e-01   1.3445272e+00  -1.9252353e-02   2.0946801e-03   6.4761486e-03
   1.7556658e-01   3.4092691e-01   1.3449162e+00  -1.9110925e-02   2.1094550e-03   6.5029714e-03
   1.7819973e-01   3.6284939e-01   1.3169492e+00  -1.9323581e-02   2.4647437e-03   6.3689604e-03
   1.7968656e-01   3.4707884e-01   1.3329070e+00  -1.9875507e-02   2.2540107e-03   6.4669616e-03
   1.7490630e-01   3.7185137e-01   1.3225931e+00  -1.9191260e-02   2.1512387e-03   6.4928881e-03
   1.7991422e-01   4.0169896e-01   1.3302471e+00  -1.9095587e-02   2.1583158e-03   6.4585027e-03
   1.8519125e-01   3.7199835e-01   1.3567778e+00  -1.9522368e-02   1.9623353e-03   6.3239658e-03
   1.8860046e-01   3.8183494e-01   1.3445119e+00  -1.8971167e-02   1.9100207e-03   6.3908173e-03
   1.9021330e-01   3.8978913e-01   1.3318610e+00  -1.9634273e-02   1.8747854e-03   6.4123528e-03
   1.9503969e-01   3.2534659e-01   1.3073714e+00  -2.0097675e-02   2.0698079e-03   6.6750516e-03
   2.4744034e-01   3.7413851e-01   1.3388618e+00  -1.9965833e-02   4.4037995e-03   8.3009013e-03
   2.1563680e-01   3.6229425e-01   1.3338592e+00  -2.0394255e-02   3.5293216e-03   8.2552265e-03
   1.9470476e-01   3.2892228e-01   1.2409236e+00  -2.0485800e-02   3.0420545e-03   8.1748963e-03
   1.8939379e-01   3.7600142e-01   1.3047058e+00  -2.0507379e-02   3.0030029e-03   7.9686590e-03
   1.9421636e-01   3.6925198e-01   1.3150538e+00  -2.0754626e-02   3.1575269e-03   8.0084825e-03
   1.8275520e-01   3.1886580e-01   1.3196950e+00  -2.1239960e-02   2.9335552e-03   8.2435470e-03
   1.8631060e-01   3.6170365e-01   1.3076672e+00  -2.0796068e-02   3.0442124e-03   8.1393372e-03
   1.9589262e-01   3.4846264e-01   1.3029993e+00  -2.1602229e-02   3.0311986e-03   8.2181103e-03
   1.9050203e-01   3.1451728e-01   1.3186386e+00  -2.1523056e-02   2.7582834e-03   8.2375794e-03
   1.8485644e-01   3.4301741e-01   1.3241466e+00  -2.1399135e-02   2.5664286e-03   8.0547711e-03
   1.9102005e-01   3.4733211e-01   1.3383660e+00  -2.1857448e-02   2.6878086e-03   8.2642239e-03
   1.9572398e-01   3.3255672e-01   1.3599769e+00  -2.2170948e-02   2.6519033e-03   8.3425760e-03
   1.8392968e-01   3.7426357e-01   1.3563124e+00  -2.1436900e-02   2.4370130e-03   8.0905937e-03
   1.8466518e-01   3.6572912e-01   1.3704749e+00  -2.2054775e-02   2.4302004e-03   8.0650586e-03
   1.8425958e-01   3.1675717e-01   1.3727813e+00  -2.2556043e-02   2.3801579e-03   8.1481859e-03
   1.7923850e-01   3.3090391e-01   1.3487717e+00  -2.2074784e-02   2.4007477e-03   8.1208770e-03
   1.7844219e-01   3.4980229e-01   1.3724799e+00  -2.2208864e-02   2.2751938e-03   8.0478310e-03
   1.8108351e-01   3.4056840e-01   1.3945297e+00  -2.2342973e-02   1.9161776e-03   8.1946608e-03
   1.8388975e-01   3.4266387e-01   1.3955016e+00  -2.1938170e-02   2.1571080e-03   8.0888872e-03
   1.8424585e-01   3.5528118e-01   1.3790650e+00  -2.2364086e-02   1.9520189e-03   8.1817363e-03
   1.7549427e-01   3.1333451e-01   1.3931090e+00  -2.2453274e-02   1.7874259e-03   8.2321267e-03
   1.7488653e-01   3.5582931e-01   1.3777038e+00  -2.1819029e-02   1.5768500e-03   8.1420210e-03
   1.7293623e-01   3.5146416e-01   1.3752091e+00  -2.2623340e-02   1.7785219e-03   8.1136831e-03
   1.6724951e-01   3.2152490e-01   1.3779903e+00  -2.2321830e-02   1.6474359e-03   8.2184672e-03
   1.6762260e-01   3.6754728e-01   1.3632230e+00  -2.1179492e-02   1.7214139e-03   8.1880936e-03
   1.7159843e-01   3.5482145e-01   1.3902122e+00  -2.2143310e-02   1.5118841e-03   7.9234655e-03
   1.6746556e-01   3.4250192e-01   1.4306329e+00  -2.1993458e-02   1.1425994e-03   8.0959515e-03
   1.6231194e-01   3.8123523e-01   1.4118211e+00  -2.1486992e-02   9.8267566e-04   7.9097806e-03
   1.7112204e-01   3.6644535e-01   1.4325420e+00  -2.2417603e-02   1.0120173e-03   8.0104473e-03
   1.6892498e-01   3.4936390e-01   1.4367967e+00  -2.2233432e-02   8.5333878e-04   8.0249239e-03
   1.7099819e-01   3.7348023e-01   1.4181216e+00  -2.1873150e-02   9.4877530e-04   7.8223400e-03
   1.7601605e-01   3.7309196e-01   1.4439541e+00  -2.1991703e-02   5.5593421e-04   7.7842007e-03
   1.7840746e-01   3.4532046e-01   1.4613317e+00  -2.2189076e-02   6.5227774e-04   7.7440587e-03
   1.7537208e-01   4.0058110e-01   1.4460668e+00  -2.0670526e-02   7.4687935e-04   7.7322457e-03
   1.8637218e-01   3.6926037e-01   1.4866623e+00  -2.1807825e-02   1.8817938e-04   7.8482205e-03
   1.8772499e-01   3.5425342e-01   1.5025256e+00  -2.1748295e-02   6.4058325e-04   7.3496414e-03
   1.9130391e-01   4.6392241e-01   1.5047322e+00  -1.8639287e-02   1.4124442e-03   5.9500925e-03
   2.1007192e-01   4.2229908e-01   1.4926287e+00  -2.0028045e-02   1.3843268e-03   6.6818543e-03
   2.0184391e-01   4.3533008e-01   1.5008424e+00  -1.8604803e-02   1.4490850e-03   6.5720347e-03
   2.1626697e-01   4.5268223e-01   1.4671956e+00  -1.8678654e-02   1.4420068e-03   6.4254448e-03
   2.3292853e-01   4.2932647e-01   1.4927776e+00  -1.8964941e-02   1.9214778e-03   6.6402095e-03
   2.2052101e-01   4.6524288e-01   1.4442056e+00  -1.5509412e-02   2.4859556e-03   5.9159215e-03
   2.6379336e-01   5.8477953e-01   1.5230554e+00  -1.5162248e-02   2.9648162e-03   5.6843196e-03
   2.7534247e-01   5.6076799e-01   1.4621593e+00  -1.6282227e-02   3.1152022e-03   5.7534831e-03
   3.0436350e-01   5.3919226e-01   1.5511968e+00  -1.5787042e-02   2.8590053e-03   5.7139245e-03
   3.0051246e-01   5.8159453e-01   1.5375241e+00  -1.5334634e-02   3.0074582e-03   5.5171385e-03
   3.0967709e-01   5.5829888e-01   1.5594488e+00  -1.6047390e-02   3.0099352e-03   5.5293780e-03
   3.0836596e-01   5.7852752e-01   1.5489065e+00  -1.5063675e-02   3.0548814e-03   5.6000725e-03
   3.2766479e-01   5.8831798e-01   1.5558470e+00  -1.5589148e-02   2.9540538e-03   5.6651217e-03
   3.5970370e-01   5.6963029e-01   1.5696954e+00  -1.5713145e-02   3.2199801e-03   5.7084646e-03
   3.6160468e-01   5.7891945e-01   1.5390210e+00  -1.5296624e-02   3.2923721e-03   5.7335739e-03
   3.5480881e-01   5.9423680e-01   1.5498786e+00  -1.5560488e-02   3.0911828e-03   5.7418013e-03
   3.5452089e-01   5.8656286e-01   1.5891694e+00  -1.5568309e-02   3.1656945e-03   5.8889564e-03
   3.5160643e-01   6.1279395e-01   1.5972430e+00  -1.4853649e-02   3.1332824e-03   5.8710540e-03
   3.5323328e-01   6.1155700e-01   1.5875660e+00  -1.5677979e-02   2.9670647e-03   5.9094062e-03
   3.5709310e-01   5.8060212e-01   1.6177152e+00  -1.6200264e-02   2.9516912e-03   5.8928344e-03
   3.5741740e-01   5.9681603e-01   1.5798145e+00  -1.5350722e-02   3.1016338e-03   5.8159993e-03
   3.6136368e-01   5.9952969e-01   1.5675406e+00  -1.5541607e-02   3.3523476e-03   5.8463112e-03
   3.7341058e-01   5.9479271e-01   1.5883610e+00  -1.5364575e-02   3.3519203e-03   5.8663644e-03
   3.7322990e-01   5.9982547e-01   1.5857276e+00  -1.5004934e-02   2.9504721e-03   6.0236487e-03
   3.6244472e-01   6.0419741e-01   1.5650270e+00  -1.5797133e-02   2.4822761e-03   5.2407625e-03
   3.7139528e-01   5.9146553e-01   1.6021485e+00  -1.6255577e-02   2.2181313e-03   5.1977331e-03
   3.6923807e-01   5.8924943e-01   1.6124607e+00  -1.5847412e-02   2.2738031e-03   5.2604657e-03
   3.7221534e-01   6.3822821e-01   1.6078828e+00  -1.5296593e-02   2.4861576e-03   5.3165883e-03
   3.7388195e-01   6.1062803e-01   1.6301034e+00  -1.6327782e-02   2.3539879e-03   5.2659766e-03
   3.6639178e-01   6.4325950e-01   1.6527217e+00  -1.4714689e-02   1.8872037e-03   4.8892362e-03
   3.6409692e-01   6.1782658e-01   1.6523501e+00  -1.5379975e-02   1.6741077e-03   5.1288133e-03
   3.7907293e-01   6.5594729e-01   1.6694779e+00  -1.4397118e-02   2.1442525e-03   4.7585709e-03
   3.7219966e-01   6.3244953e-01   1.6557596e+00  -1.4626274e-02   1.5466173e-03   4.9191005e-03
   3.7135945e-01   6.5254825e-01   1.7105397e+00  -1.4487910e-02   1.3717922e-03   5.2080443e-03
   3.7801875e-01   6.8442397e-01   1.7614512e+00  -1.2453789e-02   1.1237012e-03   5.1688475e-03
   3.8440685e-01   6.9191835e-01   1.6884881e+00  -1.2373383e-02   1.3004212e-03   4.8422881e-03
   3.9714567e-01   7.1522816e-01   1.6994321e+00  -1.1597976e-02   1.3018443e-03   4.4984979e-03
   3.9353263e-01   7.4832581e-01   1.7253877e+00  -1.0702738e-02   9.4160623e-04   4.3235512e-03
   3.8552255e-01   7.2342311e-01   1.7123213e+00  -1.1974789e-02   6.8514162e-04   4.3041914e-03
   3.9122142e-01   7.0038986e-01   1.7483231e+00  -1.3234675e-02   6.4685264e-04   4.0986076e-03
   4.2635586e-01   9.5662151e-01   1.8429929e+00   6.4071724e-03   1.6037787e-03  -1.4867658e-03
   5.5918487e-01   1.4044290e+00   1.6888333e+00   1.4494831e-02   2.6718509e-03  -5.0306037e-03
   5.5731488e-01   1.2432975e+00   1.8954882e+00   1.0877662e-02   2.6076270e-03  -4.3667154e-03
   5.4856770e-01   1.2011784e+00   1.9041589e+00   7.3797364e-03   2.1413369e-03  -3.1232878e-03
   5.3206285e-01   1.1719161e+00   1.9395049e+00   5.4990668e-03   1.5636247e-03  -2.3821448e-03
   5.4213430e-01   1.2138256e+00   1.9764474e+00   6.6365595e-03   1.8039811e-03  -2.7743047e-03
   5.3910043e-01   1.1873643e+00   1.9381517e+00   4.6957579e-03   1.4345587e-03  -2.1572990e-03
   5.3407037e-01   1.1550436e+00   1.9062721e+00   3.1543965e-03   1.1757245e-03  -2.0748429e-03
   5.2350293e-01   1.1447365e+00   1.9063180e+00   3.2713283e-03   9.1688414e-04  -2.1660679e-03
   5.1467943e-01   1.1488586e+00   1.8777530e+00   2.4226876e-03   7.6460649e-04  -1.9698018e-03
   5.1440881e-01   1.1160731e+00   1.8885385e+00   1.3432577e-03   5.4631885e-04  -1.7256924e-03
   5.1396982e-01   1.1273234e+00   1.8858515e+00   2.2205680e-03   5.7672740e-04  -1.5325474e-03
   5.2560374e-01   1.1582835e+00   1.8629687e+00   2.2230905e-03   6.5445207e-04  -1.5833110e-03
   5.2150942e-01   1.1436105e+00   1.9078286e+00   1.9346650e-03   5.6538140e-04  -1.6103673e-03
   5.1057280e-01   1.1506172e+00   1.8864991e+00   2.4241896e-03   3.9889027e-04  -1.7898901e-03
   5.1203816e-01   1.1351737e+00   1.8719635e+00   1.3885857e-03   5.0719399e-04  -1.8268977e-03
   5.0960079e-01   1.1314370e+00   1.9169128e+00   1.5988198e-03   4.2003957e-04  -1.7207536e-03
   5.2606477e-01   1.1524289e+00   1.9102501e+00   2.3887376e-03   7.3946468e-04  -1.7929574e-03
   5.2168124e-01   1.1515379e+00   1.9050008e+00   1.2665981e-03   6.9494608e-04  -1.5975318e-03
   5.1699279e-01   1.1331909e+00   1.9242512e+00   1.6604178e-03   6.1726555e-04  -1.6956838e-03
   5.0659953e-01   1.1487607e+00   1.8998640e+00   1.8543565e-03   4.9587892e-04  -1.7550119e-03
   5.0323218e-01   1.1319437e+00   1.9065173e+00   8.4327580e-04   5.5732095e-04  -1.7958631e-03
   4.9243755e-01   1.1224755e+00   1.9555033e+00   6.2541834e-04   4.2064931e-04  -1.5832173e-03
   4.9828489e-01   1.1443047e+00   1.9426452e+00   1.4040529e-03   2.8930820e-04  -1.9067053e-03
   4.9791988e-01   1.1309254e+00   1.9213937e+00   9.9686875e-04   4.5421033e-04  -1.8261135e-03
   5.0405408e-01   1.1388866e+00   1.9481006e+00   1.4942213e-03   5.6668556e-04  -2.0834013e-03
   4.9828272e-01   1.1537127e+00   1.9529379e+00   2.0548913e-03   5.3147853e-04  -2.2635786e-03
   5.0073437e-01   1.1619428e+00   1.9334730e+00   1.8355206e-03   2.5411389e-04  -1.7787747e-03
   4.9812097e-01   1.1532771e+00   1.9629034e+00   1.8475329e-03   2.3396813e-04  -1.8192492e-03
   4.8420192e-01   1.1429347e+00   1.9860918e+00   1.7412579e-03  -2.1319615e-05  -1.7866042e-03
   4.8564109e-01   1.1528692e+00   1.9639583e+00   1.0578830e-03  -2.3783155e-04  -1.7489095e-03
   4.8469841e-01   1.1620914e+00   1.9881784e+00   2.1994176e-03  -2.4662628e-04  -1.9047393e-03
   4.7577236e-01   1.1368381e+00   2.0088497e+00   1.1765129e-03  -3.2934867e-04  -1.7305495e-03
   4.9657417e-01   1.1514290e+00   2.0331035e+00   8.3278806e-04   2.8472300e-04  -1.3508004e-03
   4.8773231e-01   1.1542714e+00   2.0304878e+00   9.1400734e-04   1.3843620e-06  -1.4549828e-03
   4.7321273e-01   1.1559999e+00   2.0415951e+00   1.5616237e-03  -2.4973366e-04  -1.5060798e-03
   4.8459696e-01   1.1800998e+00   2.0257787e+00   1.7971135e-03  -3.7066756e-05  -1.6740203e-03
   4.8100722e-01   1.1617430e+00   2.0187901e+00   1.2057365e-03  -2.8967724e-04  -1.4768875e-03
   4.9698332e-01   1.1655525e+00   2.0412447e+00   1.8729191e-03  -6.3700747e-05  -1.5119826e-03
   4.9448220e-01   1.1776392e+00   2.0390133e+00   1.4198777e-03  -3.9375417e-05  -1.3073860e-03
   5.3596601e-01   1.1909136e+00   2.0416563e+00   2.0757265e-03   9.1883466e-04  -1.0139996e-03
   5.2691961e-01   1.2122129e+00   2.0583615e+00   2.5929912e-03   6.2153913e-04  -1.0131211e-03
   5.1303041e-01   1.1830714e+00   2.0836632e+00   1.8030303e-03   1.7500018e-04  -1.2619859e-03
   5.2084345e-01   1.1947588e+00   2.0528536e+00   2.4471127e-03   2.6046336e-04  -1.2406215e-03
   5.2065723e-01   1.1848637e+00   2.0639193e+00   1.8325849e-03   2.5324607e-04  -1.1256459e-03
   5.2188840e-01   1.1695552e+00   2.1000681e+00   1.3349423e-03   7.0404012e-05  -1.0564446e-03
   5.0478378e-01   1.1877188e+00   2.1072421e+00   1.7845201e-03  -6.8035412e-04  -1.3299438e-03
   5.1065525e-01   1.1819230e+00   2.0918366e+00   8.7642385e-04  -5.9363427e-04  -1.0314163e-03
   5.2552601e-01   1.1689940e+00   2.1049853e+00   1.4879462e-03  -2.3261601e-04  -1.0910747e-03
   5.1629003e-01   1.1796439e+00   2.0609376e+00   1.8349280e-03  -3.8386277e-04  -1.1368168e-03
   5.1079835e-01   1.1846092e+00   2.0778084e+00   1.3079763e-03  -6.4431058e-04  -1.5899977e-03
   4.9439667e-01   1.1746236e+00   2.0961892e+00   1.1580745e-03  -7.4446972e-04  -1.2244833e-03
   4.8306676e-01   1.1909795e+00   2.0617846e+00   2.5149646e-03  -1.1007936e-03  -1.1711302e-03
   4.9358589e-01   1.1913745e+00   2.0579248e+00   1.6684980e-03  -9.7492000e-04  -1.0635042e-03
