   1.4068954e-14   0.0000000e+00   0.0000000e+00   1.6704779e-52   4.8148249e-35   0.0000000e+00
  -1.0460005e-02   3.8557406e-02   1.3901217e-02  -9.0167756e-04  -3.2296374e-04  -2.8903210e-04
  -5.9270796e-03   5.2958428e-02   2.5571400e-02  -5.1691411e-04  -4.5848969e-04  -2.9803196e-04
  -1.3805314e-02   1.3385718e-02   1.7129039e-01  -1.8847619e-03  -7.1815352e-04   4.1402045e-04
  -4.4499181e-02  -2.5257397e-02   2.6405275e-01  -2.5616168e-03  -1.7896940e-03   7.1718382e-04
  -7.3576146e-02  -5.8201067e-02   2.9143278e-01  -2.2993230e-03  -2.6119835e-03   7.9789973e-04
  -7.7991383e-02   1.9605438e-02   2.1504660e-01  -1.7527514e-03  -2.8105271e-03   1.0130737e-03
  -5.2376875e-02   2.3018858e-02   2.5281885e-01  -2.2150699e-03  -1.9455852e-03   7.4509429e-04
  -5.9538428e-02  -9.5379419e-04   3.1421985e-01  -2.2670606e-03  -2.2106231e-03   8.0986621e-04
  -4.8104343e-02  -2.5349900e-02   2.9591073e-01  -2.1917690e-03  -2.0443791e-03   8.8219835e-04
  -8.7281839e-02  -1.7921441e-02   3.3174262e-01  -2.4602834e-03  -2.8708752e-03   1.4471087e-03
  -7.8333126e-02  -3.6914406e-03   3.7963536e-01  -2.2815130e-03  -2.5902146e-03   1.4508847e-03
  -2.1936750e-02  -5.2584160e-02   2.2522748e-01   5.5355563e-04  -5.1831081e-04   1.1670666e-03
  -5.7634644e-02   6.6748058e-02   3.3421023e-01  -1.5842682e-03  -2.3601733e-03   1.7664996e-03
  -7.6924492e-02   1.0809587e-02   3.4411795e-01  -1.2435621e-03  -3.1664350e-03   2.1275656e-03
  -7.4794253e-02   3.9756956e-02   3.8923440e-01  -1.0272399e-03  -3.6656776e-03   2.6552210e-03
  -7.3811843e-02   2.5522300e-02   4.0151231e-01  -1.3321969e-03  -3.9126051e-03   2.8759636e-03
  -7.1423832e-02   5.8432927e-03   4.3124424e-01  -1.5483691e-03  -4.2392030e-03   2.9811254e-03
  -8.8018510e-02  -4.1389280e-02   4.3391387e-01  -2.7748404e-03  -5.1749425e-03   3.8867990e-03
  -9.0051104e-02   5.8476967e-03   4.7493733e-01  -2.3943463e-03  -5.0043822e-03   3.9878603e-03
  -8.0685744e-02   1.8415149e-02   4.9343932e-01  -2.1451663e-03  -4.9332724e-03   4.3204221e-03
  -8.3701640e-02  -9.1476706e-04   4.7865926e-01  -2.0538658e-03  -5.2602454e-03   4.5523775e-03
  -7.8541692e-02   1.1434162e-02   5.0821960e-01  -1.5632338e-03  -5.6324378e-03   5.0799516e-03
  -6.2873106e-02   5.4546677e-03   4.4022342e-01  -1.7391282e-03  -5.0448030e-03   4.9833437e-03
  -4.6345606e-02   1.8737377e-03   4.3853831e-01  -1.6539375e-03  -4.7298559e-03   4.6717720e-03
  -2.0143062e-02   1.5176727e-02   3.7736691e-01  -1.2078190e-03  -4.1136867e-03   4.4449851e-03
  -3.0368403e-02   2.1550450e-02   4.0665853e-01  -1.1458725e-03  -4.3499000e-03   4.1564140e-03
  -1.5923330e-02   7.1613848e-03   4.2105426e-01  -1.4603215e-03  -4.6207798e-03   4.3203912e-03
   3.4957054e-03   3.5695681e-02   3.5147683e-01  -4.9661448e-04  -4.4937193e-03   4.2157617e-03
  -1.9499004e-02   5.7081853e-02   4.2605019e-01  -8.9028153e-04  -5.2384523e-03   4.3634057e-03
  -6.1782932e-03   3.5560356e-02   4.1747100e-01  -5.1667675e-04  -5.0765180e-03   4.2065180e-03
  -3.7676855e-02   7.8979047e-02   4.3245577e-01  -2.6155735e-04  -5.6552999e-03   4.4955465e-03
  -4.1641714e-02   3.5479167e-02   4.7441395e-01  -5.7439079e-04  -5.7740178e-03   4.3049096e-03
  -4.8555413e-02   8.1253942e-03   4.6757872e-01  -9.0291965e-04  -5.8550455e-03   4.6458734e-03
  -3.8831374e-02   3.3569872e-02   4.2723640e-01  -8.0781595e-04  -5.7370960e-03   4.9442592e-03
  -2.9196561e-02   3.4502857e-02   4.8126510e-01  -8.7835320e-04  -5.6828139e-03   5.3337551e-03
  -5.0621297e-02   2.3184362e-02   4.9998073e-01  -6.7091533e-04  -6.0179609e-03   4.8354435e-03
  -6.8567683e-02   3.7575937e-02   4.1137056e-01  -6.0974759e-05  -5.8508840e-03   4.4827779e-03
  -7.0005048e-02   6.4520020e-02   4.2345456e-01  -3.9342584e-04  -5.3507712e-03   4.2510034e-03
  -6.8246243e-02   2.3292439e-02   4.4809619e-01  -5.3273464e-04  -6.2503387e-03   4.6641100e-03
  -5.4679013e-02   5.5827539e-02   4.2725067e-01  -1.1350968e-04  -5.5416146e-03   4.4575051e-03
  -6.2435580e-02   5.4396361e-02   5.0071523e-01  -8.0052032e-05  -5.7282611e-03   3.9791752e-03
  -7.4092332e-02   2.7559874e-02   4.7839047e-01  -1.0711564e-04  -5.9809581e-03   4.0266006e-03
  -7.1988251e-02   6.3844436e-02   4.7166514e-01   2.3040887e-04  -6.0992685e-03   3.9569221e-03
  -7.6219530e-02   5.1112465e-02   4.7167096e-01  -3.1513926e-04  -6.2441088e-03   4.0369326e-03
  -7.4379869e-02   8.1460297e-03   4.9236676e-01  -7.4283514e-04  -6.6881821e-03   4.3812535e-03
  -7.5850171e-02   3.5708932e-02   4.8121811e-01  -4.1178948e-04  -6.6812408e-03   4.5928890e-03
  -9.0707650e-02   4.5919727e-02   4.9705626e-01  -5.8342661e-04  -7.1091267e-03   4.8688906e-03
  -8.9767385e-02   6.1170133e-02   5.0389144e-01  -9.4184849e-05  -7.2531733e-03   4.9211794e-03
  -8.1343624e-02   5.0524626e-02   4.7507080e-01  -1.7271338e-04  -6.9726958e-03   4.5960319e-03
  -7.0346977e-02   3.9981494e-02   4.8300959e-01  -4.9345973e-04  -7.1921969e-03   4.8030405e-03
  -9.0097253e-02   1.3753546e-02   5.7894020e-01  -1.0689942e-03  -7.3172647e-03   4.8015690e-03
  -1.2196207e-01  -1.2715918e-02   5.6779108e-01  -1.2804384e-03  -8.2740351e-03   4.9491726e-03
  -1.2932015e-01   1.8527804e-02   5.1049995e-01  -2.4954706e-04  -8.3564212e-03   4.8524188e-03
  -1.2987144e-01   7.0786457e-02   5.0220858e-01   2.1514530e-04  -8.1083594e-03   4.7556676e-03
  -1.0371127e-01   6.4144256e-02   5.3178350e-01   5.3731263e-04  -7.5211253e-03   4.7641250e-03
  -8.1948872e-02   3.4321682e-02   5.3361786e-01   3.9294431e-04  -6.8441646e-03   4.7459771e-03
  -7.5422163e-02   5.3864644e-02   5.6743143e-01   6.4961016e-04  -7.4377278e-03   5.3490978e-03
  -7.6857534e-02   3.5416263e-02   6.1840922e-01   1.0587210e-04  -7.9636440e-03   5.8269669e-03
  -1.0005029e-01   4.9446690e-02   5.8218731e-01   7.2728523e-04  -8.0251654e-03   5.4503226e-03
  -9.8621360e-02   1.0093702e-01   5.7028077e-01   6.8361439e-04  -8.0359954e-03   5.9400080e-03
  -8.8967028e-02   5.3778039e-02   5.8788690e-01   2.6840192e-04  -8.0495640e-03   5.9994561e-03
  -8.4463073e-02   3.1634757e-02   6.1142545e-01   3.9621395e-04  -8.0188286e-03   6.6348989e-03
  -1.0426015e-01   5.7141998e-02   5.8208050e-01   5.7426924e-04  -7.9531861e-03   6.3934098e-03
  -1.1111275e-01   7.0234006e-02   6.1174050e-01   5.5326059e-04  -7.9242862e-03   6.5136925e-03
  -1.0405131e-01   5.2588203e-02   5.7164960e-01   5.5871896e-04  -7.4209169e-03   6.2072542e-03
  -1.1059672e-01   9.7185106e-02   5.6463063e-01   8.5942417e-04  -7.4827331e-03   5.8929047e-03
  -9.7371486e-02   8.8609519e-02   6.1325942e-01   1.2336211e-03  -7.5647240e-03   6.0232207e-03
  -1.1140972e-01   4.8864852e-02   5.8269862e-01   7.7634119e-04  -7.7855962e-03   6.3003402e-03
  -1.1975331e-01   5.1910125e-02   6.1668889e-01   4.0592569e-04  -8.0128608e-03   6.4188919e-03
  -1.3136020e-01   6.8197022e-02   5.7813927e-01   1.9396118e-04  -8.1246853e-03   6.1739892e-03
  -1.4365855e-01   8.6730793e-02   5.4343417e-01   8.4356716e-04  -7.9727042e-03   6.1382066e-03
  -1.5933385e-01   9.5019141e-02   5.7894329e-01   9.5941591e-04  -8.2436486e-03   5.6365157e-03
  -1.7110158e-01   5.0480865e-02   6.0504376e-01   8.8741816e-04  -8.5836208e-03   5.7448938e-03
  -1.7984233e-01   5.0956929e-02   5.9182120e-01   9.0179907e-04  -9.0062169e-03   6.0902716e-03
  -1.7875515e-01   8.8758368e-02   5.9413941e-01   9.7756607e-04  -8.6588801e-03   6.3195659e-03
  -1.6788123e-01   8.9032977e-02   5.7967340e-01   6.8840388e-04  -8.5978328e-03   6.4095800e-03
  -1.7130341e-01   6.2975757e-02   5.7992120e-01   1.1961223e-03  -8.3123529e-03   6.0860727e-03
  -1.6720022e-01   8.0464877e-02   6.1277388e-01   1.0864122e-03  -8.5666030e-03   6.3288992e-03
  -1.7832030e-01   9.1088063e-02   5.9550920e-01   1.3057982e-03  -9.0895227e-03   6.2405064e-03
  -1.7823585e-01   6.2483495e-02   6.0327908e-01   1.1669454e-03  -8.9302337e-03   6.2779221e-03
  -1.8365945e-01   9.2503741e-02   5.9357272e-01   1.1982733e-03  -8.8911070e-03   6.3009720e-03
  -1.9586739e-01   8.5227713e-02   6.1526083e-01   1.0063200e-03  -9.3063330e-03   6.6231225e-03
  -1.8812962e-01   8.5059952e-02   6.3885505e-01   8.9559112e-04  -9.1932959e-03   6.4951871e-03
  -1.9570540e-01   8.0401965e-02   6.3605750e-01   1.0835717e-03  -9.4009280e-03   6.7428362e-03
  -1.8676766e-01   9.5238679e-02   6.2807861e-01   8.6173945e-04  -9.3764468e-03   7.1512448e-03
  -1.8199786e-01   8.4277857e-02   6.6332378e-01   5.5387235e-04  -9.2592960e-03   7.0003659e-03
  -1.8880302e-01   7.4841463e-02   6.4702928e-01   5.4230854e-04  -9.4344788e-03   7.0286798e-03
  -1.8340612e-01   8.6880103e-02   6.0739903e-01   7.6432025e-04  -9.3343064e-03   7.0592909e-03
  -1.8587922e-01   8.1260937e-02   6.6236824e-01   6.1496175e-04  -9.6575978e-03   7.3528109e-03
  -1.7560458e-01   4.9714230e-02   6.7094441e-01   7.3977367e-04  -9.5089222e-03   7.5540324e-03
  -1.9389673e-01   6.2755095e-02   6.3871801e-01   8.3355626e-04  -9.7785973e-03   7.8990886e-03
  -1.9391584e-01   7.9891221e-02   7.0093021e-01   5.0741306e-04  -1.0440764e-02   8.5497509e-03
  -2.1479178e-01   4.7578513e-02   6.6958088e-01   3.3249395e-04  -1.0966929e-02   9.1067369e-03
  -2.1893106e-01   6.1300722e-02   6.7702165e-01   2.2074711e-04  -1.0908089e-02   8.9252911e-03
  -2.2168975e-01   7.2230558e-02   6.8569356e-01   2.8827464e-04  -1.1179148e-02   9.1088175e-03
  -2.2136815e-01   6.2749696e-02   7.4162849e-01   1.9445679e-04  -1.1314102e-02   9.0659810e-03
  -2.2287597e-01   4.8908703e-02   7.0335127e-01   1.2720492e-04  -1.0881344e-02   8.6550658e-03
  -2.1531928e-01   5.8869949e-02   7.0184420e-01   6.5566400e-04  -1.0716819e-02   8.5137503e-03
  -2.0782151e-01   6.5998612e-02   7.3872900e-01   3.4653563e-04  -1.0690638e-02   8.1358978e-03
  -2.1854631e-01   3.7809813e-02   7.0316586e-01   6.2962929e-04  -1.0960006e-02   8.2499315e-03
  -2.2207770e-01   5.3289238e-02   7.1985928e-01   9.7409392e-04  -1.1072118e-02   8.3384200e-03
  -2.3163722e-01   7.9507664e-02   7.2962398e-01   9.9047163e-04  -1.1555880e-02   8.4778994e-03
  -2.4056149e-01   4.9020050e-02   7.5602897e-01   8.0324662e-04  -1.1551208e-02   8.5350593e-03
  -2.3650533e-01   1.0000306e-01   7.1694268e-01   1.3259226e-03  -1.1414137e-02   8.2945349e-03
  -2.2959403e-01   8.6631848e-02   7.6490033e-01   1.0355781e-03  -1.1342024e-02   8.2811699e-03
  -2.2520128e-01   4.1748164e-02   7.0643102e-01   7.2251840e-04  -1.0936395e-02   7.8853861e-03
  -2.3789002e-01   8.2410006e-02   7.2168240e-01   1.3402235e-03  -1.1178053e-02   8.0881353e-03
  -2.3274808e-01   8.6604822e-02   7.2523319e-01   8.3227772e-04  -1.1245069e-02   8.1820051e-03
  -2.3970503e-01   2.3079773e-02   7.6735007e-01   9.0490509e-05  -1.1543767e-02   8.6239830e-03
  -2.4596009e-01   4.2743826e-02   7.3580566e-01   8.8860831e-04  -1.1469748e-02   8.4991543e-03
  -2.6173171e-01   8.4691490e-02   7.2518880e-01   9.5665443e-04  -1.1747831e-02   8.4168277e-03
  -2.5073710e-01   7.0959857e-02   6.7769802e-01   1.3253856e-03  -1.1224387e-02   8.3805059e-03
  -2.4759813e-01   7.7033111e-02   6.7091950e-01   9.8230601e-04  -1.1152243e-02   8.3677818e-03
  -2.4860901e-01   4.3298344e-02   7.4821107e-01   3.1546058e-04  -1.1270441e-02   8.4860690e-03
  -2.4814593e-01   2.4985777e-02   7.0536854e-01   6.2494918e-04  -1.1283823e-02   8.6740893e-03
  -2.5911393e-01   4.0520562e-02   6.7869050e-01   6.3196133e-04  -1.1376702e-02   8.6090077e-03
  -2.5679327e-01   7.2483918e-02   6.9963265e-01   8.8607228e-04  -1.1381952e-02   8.5418451e-03
  -2.5616571e-01   5.5261877e-02   7.3944760e-01   4.8686537e-04  -1.1512376e-02   8.7044306e-03
  -2.5874971e-01   3.6436988e-02   6.8660384e-01   6.4886683e-04  -1.1625093e-02   8.6959276e-03
  -2.8163871e-01   3.6003066e-02   7.2652721e-01   1.7375905e-04  -1.2373303e-02   8.7136123e-03
  -2.9797683e-01   5.5460968e-02   7.4316096e-01   2.6399108e-04  -1.2634309e-02   8.9998803e-03
  -3.1601577e-01   3.8913642e-02   7.3241301e-01  -8.5935630e-05  -1.2980540e-02   9.1842149e-03
  -2.9745731e-01   4.2496554e-02   7.1648782e-01   2.6362665e-06  -1.2453192e-02   8.9166600e-03
  -2.8400935e-01   7.3160251e-02   7.5952689e-01   2.6455836e-04  -1.2433402e-02   8.8645760e-03
  -2.8133704e-01   4.9666291e-02   7.5731900e-01   6.4911737e-04  -1.2640077e-02   9.1829240e-03
  -2.8901457e-01  -1.9177076e-03   7.2861729e-01  -3.1002197e-04  -1.2445058e-02   9.0925018e-03
  -3.4216233e-01   1.6161318e-02   7.6912757e-01  -3.5172303e-04  -1.3624213e-02   9.2166629e-03
  -3.4531456e-01   1.9878223e-02   7.2988424e-01   3.1627092e-05  -1.3837076e-02   9.2762487e-03
  -3.2726646e-01   2.0524972e-02   7.3553200e-01  -2.4962704e-04  -1.3169980e-02   9.6206192e-03
  -3.1968196e-01   5.1325474e-02   7.3558061e-01  -9.6699195e-05  -1.3285432e-02   9.3309716e-03
  -3.3492578e-01   1.0267375e-02   7.6889964e-01  -3.6896368e-04  -1.3825698e-02   9.5780179e-03
  -3.4657167e-01   3.4842721e-03   6.9681152e-01   1.1385981e-04  -1.3676827e-02   9.5746236e-03
  -3.3964692e-01   3.2969847e-02   6.6819066e-01   7.7587699e-04  -1.3262415e-02   9.4335350e-03
  -3.5026550e-01   5.6853363e-02   7.1901596e-01   6.0667210e-04  -1.3927444e-02   9.2480358e-03
  -3.4755893e-01   2.0477507e-02   7.2656454e-01   3.4897208e-04  -1.4151653e-02   9.7880510e-03
  -3.2792821e-01   1.5638720e-02   7.3540596e-01   1.0207726e-03  -1.3343248e-02   9.4083633e-03
  -3.3343134e-01   4.1254452e-02   7.4062037e-01   1.0292545e-03  -1.3792015e-02   9.2070840e-03
  -3.0288235e-01   1.6255016e-02   7.0809921e-01   8.1213638e-04  -1.3054677e-02   9.0462184e-03
  -3.2944907e-01  -2.3025861e-02   6.3244447e-01   1.0719441e-03  -1.2724175e-02   8.1800261e-03
  -3.3418540e-01  -6.3107314e-03   6.5039029e-01   8.4239629e-04  -1.2579453e-02   8.2919715e-03
  -3.6080512e-01   3.1434776e-03   7.0326878e-01   7.5896251e-04  -1.3538495e-02   9.1028144e-03
  -3.6418719e-01   4.4071617e-02   6.9756387e-01   1.5007443e-03  -1.3395895e-02   8.8165925e-03
  -3.7033602e-01   1.4500541e-02   6.9831875e-01   1.3492416e-03  -1.3677942e-02   8.9600976e-03
  -3.5898416e-01   1.6857777e-02   6.9370465e-01   1.3551124e-03  -1.3251623e-02   8.5796540e-03
  -3.7641905e-01  -1.3611812e-02   7.3564512e-01   8.7552705e-04  -1.4295945e-02   9.1553091e-03
  -3.5010478e-01  -2.0116898e-02   7.1231628e-01   1.1076541e-03  -1.3760523e-02   9.3002924e-03
  -3.6039542e-01   4.3565615e-02   6.9544432e-01   2.0574245e-03  -1.4080978e-02   9.3094035e-03
  -3.6622338e-01   6.1026132e-02   7.4071217e-01   1.2131378e-03  -1.4115569e-02   9.1005950e-03
  -3.5355182e-01   7.1227857e-03   7.2590355e-01   1.2010066e-03  -1.3991288e-02   9.1786281e-03
  -3.4829384e-01   2.1038168e-03   7.1235382e-01   1.3969529e-03  -1.3831389e-02   9.1852111e-03
  -3.5863226e-01   1.6473838e-02   7.6207590e-01   1.5470619e-03  -1.4158347e-02   9.2571581e-03
  -3.6022062e-01   9.4901980e-03   7.1750974e-01   1.1589623e-03  -1.3988019e-02   9.3581406e-03
  -3.6763906e-01   7.1778514e-04   6.9949776e-01   1.3367634e-03  -1.4129497e-02   9.3112293e-03
  -3.8404360e-01   3.3509695e-02   7.1413318e-01   1.6539940e-03  -1.4514630e-02   9.3082396e-03
  -3.8316404e-01   2.0414839e-02   7.1172824e-01   1.1329640e-03  -1.4802577e-02   9.1150494e-03
  -3.8292508e-01  -2.2640060e-03   6.9003787e-01   1.5565917e-03  -1.4638913e-02   9.6640830e-03
  -3.8170578e-01   3.8954148e-02   6.5938707e-01   2.1364379e-03  -1.4708179e-02   9.5291059e-03
  -3.8302148e-01   3.9956282e-02   6.8427741e-01   1.8031733e-03  -1.5078575e-02   1.0155487e-02
  -3.8363910e-01   1.7825973e-02   6.8548757e-01   1.9436655e-03  -1.4846764e-02   9.9272383e-03
  -3.8173274e-01   2.5648044e-02   6.4273504e-01   2.2411129e-03  -1.4284517e-02   9.6135074e-03
  -3.7711145e-01   2.3915431e-02   7.0894011e-01   1.6051496e-03  -1.4426894e-02   9.6638581e-03
  -3.9285611e-01   1.5440545e-02   7.1099790e-01   1.7378687e-03  -1.4824682e-02   9.8067795e-03
  -4.0412349e-01   4.3733811e-02   7.0368956e-01   2.4447843e-03  -1.4827369e-02   9.6548822e-03
  -4.0741581e-01   4.9314269e-02   6.8758388e-01   1.8371134e-03  -1.4791877e-02   9.1027918e-03
  -3.8835254e-01   2.0894037e-02   7.3337606e-01   1.4717915e-03  -1.4901322e-02   9.6746914e-03
  -3.6846541e-01   8.6795208e-03   6.8635661e-01   2.1178798e-03  -1.4364923e-02   9.5297217e-03
  -3.7536398e-01   5.2436954e-02   6.7255141e-01   1.9958344e-03  -1.4611455e-02   9.5198908e-03
  -3.6913722e-01   1.0818666e-02   6.8244406e-01   6.1698326e-04  -1.2777468e-02   8.0260052e-03
  -3.5178938e-01  -1.2919534e-01   4.0148330e-01   1.2902879e-03  -1.0672424e-02   7.7732262e-03
  -3.5095600e-01   3.0093431e-02   5.0014824e-01   1.5427059e-03  -1.1000861e-02   7.5984696e-03
  -3.7443945e-01   4.3045953e-02   6.4172137e-01   2.3131086e-03  -1.2858176e-02   8.3552500e-03
  -3.7684164e-01   1.3928656e-02   7.2131974e-01   1.3899514e-03  -1.3435423e-02   8.9291185e-03
  -3.5719976e-01  -6.7808420e-03   7.4784173e-01   1.0732378e-03  -1.3460704e-02   9.3604263e-03
  -3.4390812e-01  -2.7878457e-02   7.1134835e-01   1.7723023e-03  -1.3459411e-02   9.5992283e-03
  -3.4054206e-01  -1.3365808e-02   7.0720344e-01   1.5720124e-03  -1.3393388e-02   9.7037049e-03
  -3.4030903e-01   2.2112320e-02   7.0772736e-01   2.1852789e-03  -1.3788864e-02   9.6587768e-03
  -3.3892336e-01  -5.2645127e-03   7.0124281e-01   1.5035405e-03  -1.3943312e-02   1.0197137e-02
  -3.3026464e-01   3.9527437e-02   6.3588306e-01   2.1164313e-03  -1.3883267e-02   1.0390792e-02
  -3.3471316e-01   6.5710183e-02   6.6488798e-01   1.8356820e-03  -1.3824175e-02   1.0316018e-02
  -3.3806914e-01   3.9308850e-02   6.1570484e-01   1.7628153e-03  -1.3840760e-02   1.0435205e-02
  -3.2792679e-01   3.3636101e-02   5.8815266e-01   2.2378831e-03  -1.3765404e-02   1.0444920e-02
  -3.4169278e-01   5.6900268e-02   5.9847669e-01   2.0486722e-03  -1.4412356e-02   1.0588508e-02
  -3.3234419e-01   5.6620197e-02   6.3578429e-01   2.2403364e-03  -1.4176050e-02   1.0652250e-02
  -3.2321341e-01   4.6605105e-02   6.3950252e-01   2.5209305e-03  -1.3685160e-02   1.0813350e-02
  -3.2945749e-01   8.1103853e-02   6.4359092e-01   2.5954230e-03  -1.3994930e-02   1.0494828e-02
  -3.4566925e-01   6.6259659e-02   6.5757453e-01   2.3890709e-03  -1.4474257e-02   1.0554461e-02
  -3.3385933e-01   5.9861973e-02   6.0593570e-01   2.4568084e-03  -1.4140884e-02   1.0747128e-02
  -3.2425393e-01   8.7365512e-02   6.3093339e-01   2.3643995e-03  -1.4085474e-02   1.0734075e-02
  -3.3801364e-01   7.3614810e-02   6.3605903e-01   2.6317457e-03  -1.4408380e-02   1.0895435e-02
  -3.3799449e-01  -7.1975493e-02   5.3524979e-01  -1.1767452e-04  -1.4125997e-02   1.0973948e-02
  -3.3863102e-01  -9.0586626e-03   4.8599513e-01   8.3313595e-04  -1.3707957e-02   1.0392735e-02
  -3.4130788e-01   2.4294552e-02   5.0783305e-01   4.3566197e-04  -1.3897613e-02   1.0664840e-02
  -3.3869483e-01   8.7787825e-03   5.4539451e-01   8.9045346e-04  -1.3906529e-02   1.1025311e-02
  -3.4037839e-01   3.4313374e-02   5.9603384e-01   1.2436493e-03  -1.3908576e-02   1.1010996e-02
  -3.3820921e-01   7.5246323e-03   6.4381898e-01   1.2781599e-03  -1.3870242e-02   1.1066576e-02
  -3.3425704e-01  -3.9035392e-02   6.9830074e-01   9.9707125e-04  -1.4262025e-02   1.1456909e-02
  -3.4279783e-01  -1.7008191e-03   6.8292612e-01   2.1639413e-03  -1.4288771e-02   1.1284491e-02
  -3.5495334e-01   3.1935579e-02   7.2826742e-01   1.8811279e-03  -1.4624144e-02   1.1527159e-02
  -3.4997275e-01  -2.9967411e-02   6.6445307e-01   1.4000634e-03  -1.4613828e-02   1.1971940e-02
  -3.5594653e-01  -1.0457181e-02   6.6198787e-01   2.0826432e-03  -1.4767917e-02   1.2021691e-02
  -3.5512647e-01  -4.9577939e-03   6.7099133e-01   2.0154123e-03  -1.4836881e-02   1.2044752e-02
  -3.4045250e-01  -1.1629377e-02   6.4507728e-01   2.5291480e-03  -1.4505342e-02   1.2335419e-02
  -3.5063954e-01  -1.9005756e-03   6.8171072e-01   2.1048785e-03  -1.5283217e-02   1.2378006e-02
  -3.5187598e-01  -1.5875870e-02   6.8874243e-01   1.8905073e-03  -1.5246376e-02   1.2525431e-02
  -3.4995962e-01   2.8175767e-04   6.8488406e-01   2.5707095e-03  -1.4968423e-02   1.2596609e-02
  -3.4903793e-01   5.8623641e-02   7.2158952e-01   2.7399509e-03  -1.5323869e-02   1.2515837e-02
  -3.5081309e-01   1.3572184e-02   6.9787263e-01   2.9824520e-03  -1.5317942e-02   1.2583898e-02
  -3.5850767e-01   1.1392432e-02   6.8221893e-01   2.6697457e-03  -1.5456876e-02   1.2679871e-02
  -3.5977931e-01   1.6817236e-03   7.0874480e-01   2.2133755e-03  -1.5467538e-02   1.2579840e-02
  -3.3988804e-01  -6.4579297e-04   6.6501431e-01   2.7791293e-03  -1.5251239e-02   1.2913813e-02
  -3.4703081e-01   3.5124595e-02   6.7098420e-01   2.7916531e-03  -1.5291125e-02   1.2904578e-02
  -3.4312324e-01   2.0361373e-02   7.0366681e-01   2.0323841e-03  -1.5510455e-02   1.2554446e-02
  -3.4758575e-01  -4.0931045e-02   6.8006783e-01   1.8152385e-03  -1.5402073e-02   1.3004103e-02
  -3.3650247e-01  -6.0245766e-03   6.6720262e-01   2.1659809e-03  -1.5109997e-02   1.3256819e-02
  -3.5247722e-01   3.0812684e-02   6.9464029e-01   2.3876259e-03  -1.6067858e-02   1.3435350e-02
  -3.6807940e-01  -1.0513118e-03   7.1061608e-01   2.0575801e-03  -1.6059000e-02   1.3536069e-02
  -3.6898077e-01   2.7186645e-02   6.2952304e-01   2.6496678e-03  -1.5539987e-02   1.2749416e-02
  -3.6739855e-01   5.1290818e-02   7.0920862e-01   2.6665572e-03  -1.5761169e-02   1.2600115e-02
  -3.5896152e-01  -8.7319856e-04   5.9737972e-01   2.7321335e-03  -1.5685495e-02   1.2286756e-02
  -3.3889060e-01   3.5455554e-02   6.5857555e-01   3.5948906e-03  -1.5800293e-02   1.2368282e-02
  -3.5112711e-01   2.6252667e-02   7.0234046e-01   3.1006196e-03  -1.5945444e-02   1.2637813e-02
  -3.3581051e-01  -2.0008701e-02   6.6256179e-01   2.9937602e-03  -1.5343917e-02   1.2695675e-02
  -3.4466527e-01   6.5106253e-03   6.8759537e-01   3.2267945e-03  -1.5613400e-02   1.2591804e-02
  -3.6276392e-01   1.6127485e-02   7.2908859e-01   3.1657834e-03  -1.6155468e-02   1.2620076e-02
  -3.6087305e-01  -6.5361263e-03   7.2512122e-01   2.9514868e-03  -1.5794838e-02   1.3250872e-02
  -3.7615061e-01   6.8337046e-03   7.0372705e-01   2.7234800e-03  -1.6111652e-02   1.2747822e-02
  -3.8437647e-01   5.9158198e-03   7.3257437e-01   2.8640134e-03  -1.6379557e-02   1.3007423e-02
  -3.6918717e-01   2.7471828e-03   6.9070408e-01   3.2283254e-03  -1.5958356e-02   1.3022447e-02
  -3.4747122e-01  -1.6509643e-02   6.8232204e-01   2.2052375e-03  -1.4472387e-02   1.2263991e-02
  -3.8049502e-01  -5.9011607e-02   3.7190465e-01   2.0399226e-03  -1.4611359e-02   1.1386397e-02
  -3.4724956e-01   7.5192070e-03   5.0043902e-01   1.9729232e-03  -1.4381594e-02   1.1452646e-02
  -3.7451816e-01   6.8014981e-03   6.6575295e-01   1.4691901e-03  -1.5353128e-02   1.1723877e-02
  -3.4363484e-01  -5.8324466e-02   7.0090114e-01   1.3315826e-03  -1.4851656e-02   1.1985104e-02
  -3.5749255e-01  -4.1635370e-02   7.3023972e-01   1.2069935e-03  -1.5167233e-02   1.1956527e-02
  -3.2431091e-01  -6.5543454e-02   7.3136590e-01   1.0898831e-03  -1.4677466e-02   1.2365856e-02
  -3.1811406e-01  -4.4643225e-02   6.0153825e-01   1.7868328e-03  -1.4409618e-02   1.2481100e-02
  -3.1615485e-01  -1.6985405e-02   6.9474658e-01   1.8638112e-03  -1.4773718e-02   1.2401596e-02
  -3.1633953e-01  -4.5695500e-02   6.9038145e-01   1.8167463e-03  -1.4303772e-02   1.2256624e-02
  -3.0698160e-01  -9.2569763e-02   6.7602726e-01   1.1190561e-03  -1.3794448e-02   1.2199599e-02
  -3.3908156e-01  -2.5984005e-02   6.4304005e-01   2.3889152e-03  -1.4603027e-02   1.2281527e-02
  -3.4509069e-01  -1.5313455e-02   6.6120979e-01   1.4677613e-03  -1.4780994e-02   1.1782365e-02
  -3.3268980e-01  -6.3187495e-02   6.5138025e-01   1.1864192e-03  -1.4397028e-02   1.1954570e-02
  -2.7440247e-01  -3.2738269e-01   3.3383671e-01  -1.1783496e-03  -1.0497590e-02   1.0660104e-02
  -2.6204556e-01  -3.3468002e-01   4.1800294e-01  -2.9934609e-03  -1.0552130e-02   1.1152435e-02
  -2.9706165e-01  -2.1774002e-01   4.9718820e-01  -1.8279592e-03  -1.1559603e-02   1.1076409e-02
  -2.9723516e-01  -2.1236957e-01   5.2865488e-01  -1.4324579e-03  -1.1654181e-02   1.0795722e-02
  -2.8971105e-01  -1.5559443e-01   5.4190801e-01  -3.6919674e-04  -1.1186211e-02   1.0583837e-02
  -3.3618572e-01  -1.3733419e-01   6.6728717e-01  -1.0293805e-03  -1.2341963e-02   1.0340206e-02
  -3.3679195e-01  -2.0832133e-01   6.2027980e-01  -9.6339026e-04  -1.2289649e-02   1.0531946e-02
  -3.4828664e-01  -1.7338833e-01   7.2566091e-01  -9.5159200e-04  -1.2598722e-02   1.0065030e-02
  -3.6364438e-01  -1.8046314e-01   7.2011255e-01  -1.8046725e-03  -1.2813532e-02   1.0031636e-02
  -3.6263120e-01  -1.8358784e-01   6.9202888e-01  -1.4842221e-03  -1.2797275e-02   1.0097819e-02
  -3.6141260e-01  -1.4486414e-01   7.5941422e-01  -1.8024530e-03  -1.2853487e-02   9.8502064e-03
  -3.5513290e-01  -1.7248497e-01   7.7203419e-01  -1.8796544e-03  -1.2786140e-02   9.6378639e-03
  -3.3966696e-01  -1.5131004e-01   7.6172675e-01  -1.2587751e-03  -1.2582586e-02   9.4628900e-03
  -3.3226201e-01  -1.6301781e-01   7.8183892e-01  -1.9587913e-03  -1.2644413e-02   9.5457730e-03
  -3.2873051e-01  -1.7005309e-01   7.5191686e-01  -1.1748945e-03  -1.2743522e-02   9.5269877e-03
  -3.2593656e-01  -1.6993735e-01   8.6613462e-01  -1.8486533e-03  -1.2864698e-02   1.0003363e-02
  -3.2911779e-01  -1.9945414e-01   8.2894170e-01  -1.4717988e-03  -1.2839167e-02   9.7816324e-03
  -3.4216422e-01  -1.5742486e-01   8.6800649e-01  -9.3704242e-04  -1.3142804e-02   1.0005051e-02
  -3.3239395e-01  -1.7786248e-01   8.8316616e-01  -1.5538584e-03  -1.3085145e-02   9.7577916e-03
  -3.4622826e-01  -2.0381310e-01   8.6648830e-01  -1.6435314e-03  -1.3360824e-02   9.8768964e-03
  -3.4750738e-01  -1.5351247e-01   9.0889434e-01  -1.1018700e-03  -1.3474796e-02   9.7366363e-03
  -3.3417795e-01  -1.6518086e-01   9.5792026e-01  -1.8760734e-03  -1.3451004e-02   9.8078968e-03
  -3.0820197e-01  -2.1844763e-01   9.1096004e-01  -1.7849207e-03  -1.2962654e-02   9.9559366e-03
  -3.2652286e-01  -1.8892226e-01   9.2945996e-01  -1.4790147e-03  -1.3361087e-02   9.8347473e-03
  -3.0452539e-01  -1.6247816e-01   9.4867761e-01  -1.9329775e-03  -1.2970584e-02   9.9811346e-03
  -3.0457161e-01  -1.7786769e-01   9.2226672e-01  -2.9904715e-03  -1.3189309e-02   1.0043547e-02
  -3.1360617e-01  -1.9562511e-01   9.5070103e-01  -2.9014176e-03  -1.3180673e-02   1.0152947e-02
  -3.2455219e-01  -1.4925516e-01   9.6459758e-01  -2.5426078e-03  -1.3064320e-02   9.3813746e-03
  -3.0872657e-01  -1.8384861e-01   9.9891979e-01  -3.2839803e-03  -1.3257675e-02   1.0238208e-02
  -3.0186729e-01  -1.9958381e-01   9.6678121e-01  -2.6239385e-03  -1.2961812e-02   1.0071156e-02
  -3.1030663e-01  -1.6480041e-01   1.0241892e+00  -2.7890714e-03  -1.3265167e-02   1.0271996e-02
  -3.0985875e-01  -2.2385964e-01   9.6562892e-01  -3.3859723e-03  -1.3298203e-02   1.0339326e-02
  -2.9212325e-01  -2.4158816e-01   9.7961160e-01  -3.4287409e-03  -1.2897247e-02   1.0635550e-02
  -2.8837493e-01  -1.9509644e-01   1.0302037e+00  -2.9189452e-03  -1.3031288e-02   1.0550618e-02
  -2.9045259e-01  -2.0633418e-01   1.0202310e+00  -2.9880450e-03  -1.2996018e-02   1.0615710e-02
  -2.7908225e-01  -2.0487078e-01   9.5846169e-01  -2.9066388e-03  -1.2459558e-02   1.0059128e-02
  -2.9468085e-01  -2.1505791e-01   8.8860156e-01  -3.7444431e-03  -1.2378513e-02   9.2792409e-03
  -2.7501565e-01  -2.2330780e-01   9.7220625e-01  -3.0249205e-03  -1.2251439e-02   9.8104139e-03
  -2.6760197e-01  -2.6494902e-01   1.0370941e+00  -3.2049339e-03  -1.2496048e-02   1.0112315e-02
  -2.5394552e-01  -2.3840100e-01   1.0163657e+00  -2.9318501e-03  -1.2152664e-02   1.0545674e-02
  -2.4298302e-01  -2.1421187e-01   1.0256529e+00  -3.1716493e-03  -1.2287233e-02   1.0767660e-02
  -2.2510566e-01  -2.3217695e-01   1.0370688e+00  -3.4329279e-03  -1.2499097e-02   1.1456037e-02
  -2.3504328e-01  -2.4739329e-01   1.0412939e+00  -3.1988403e-03  -1.2401905e-02   1.1333705e-02
  -2.4690862e-01  -2.0434479e-01   1.0559615e+00  -2.9445360e-03  -1.2793226e-02   1.1064094e-02
  -2.3880585e-01  -2.2720358e-01   1.0287767e+00  -3.2291418e-03  -1.2602771e-02   1.1379007e-02
  -2.2142560e-01  -2.2866204e-01   1.0130298e+00  -2.9819413e-03  -1.2373649e-02   1.1332162e-02
  -2.0864321e-01  -2.1815155e-01   1.0318276e+00  -3.5243927e-03  -1.2234210e-02   1.1569794e-02
  -1.9990489e-01  -2.3684869e-01   1.0200856e+00  -3.6108711e-03  -1.2159256e-02   1.1406762e-02
  -2.0427356e-01  -2.6463284e-01   1.0260427e+00  -3.5101843e-03  -1.2280757e-02   1.1983453e-02
  -2.0644249e-01  -2.3330423e-01   1.0082463e+00  -3.3279065e-03  -1.2221492e-02   1.1992994e-02
  -2.0880925e-01  -1.8801614e-01   1.0628080e+00  -3.1000530e-03  -1.2698230e-02   1.1824945e-02
  -2.1171752e-01  -2.3658256e-01   1.0522366e+00  -3.9964146e-03  -1.3002128e-02   1.1958083e-02
  -2.2183489e-01  -2.1908880e-01   1.0297616e+00  -3.2036357e-03  -1.3181258e-02   1.2356224e-02
  -2.2498189e-01  -2.3793840e-01   1.0745549e+00  -3.8381031e-03  -1.2801580e-02   1.1296603e-02
  -2.3206192e-01  -2.3473461e-01   1.0409206e+00  -3.8567797e-03  -1.3517865e-02   1.1768240e-02
  -2.1617179e-01  -2.2967434e-01   1.0426106e+00  -3.1350134e-03  -1.3043282e-02   1.1615616e-02
  -2.2103994e-01  -1.8422500e-01   1.1008031e+00  -3.3774435e-03  -1.3351515e-02   1.1251637e-02
  -2.1545109e-01  -2.4146421e-01   1.1157929e+00  -3.8032664e-03  -1.3295523e-02   1.1831440e-02
  -1.9915847e-01  -2.6802041e-01   1.1476590e+00  -4.2063685e-03  -1.2924793e-02   1.1920954e-02
  -2.0624120e-01  -2.4413613e-01   1.1539417e+00  -3.7511702e-03  -1.3536514e-02   1.2301982e-02
  -1.9264466e-01  -2.4965142e-01   1.1739514e+00  -4.2524838e-03  -1.3211902e-02   1.2623632e-02
  -1.8139463e-01  -2.9476824e-01   1.1911805e+00  -5.0839367e-03  -1.3366812e-02   1.3285098e-02
  -1.7749626e-01  -2.7781349e-01   1.1445718e+00  -4.4794422e-03  -1.3069371e-02   1.3027054e-02
  -1.7567330e-01  -2.4099309e-01   1.1879757e+00  -4.7385079e-03  -1.3245277e-02   1.2901009e-02
  -1.4790596e-01  -2.9293768e-01   1.1720203e+00  -5.1363400e-03  -1.3103615e-02   1.3607374e-02
  -1.2923085e-01  -2.8549745e-01   1.1350203e+00  -4.9855925e-03  -1.2673856e-02   1.3869750e-02
  -1.2228475e-01  -2.6755036e-01   1.1840103e+00  -5.5165232e-03  -1.2878495e-02   1.3707638e-02
  -1.3513213e-01  -3.1578674e-01   1.2016072e+00  -5.7596411e-03  -1.3438518e-02   1.3892659e-02
  -1.2367325e-01  -3.0199836e-01   1.1632118e+00  -5.5440871e-03  -1.2970951e-02   1.4391249e-02
  -1.1618894e-01  -2.5912642e-01   1.1744088e+00  -5.2378573e-03  -1.3111532e-02   1.4393111e-02
  -1.1374836e-01  -2.7079944e-01   1.2256869e+00  -5.6724502e-03  -1.3325985e-02   1.4363986e-02
  -1.1182086e-01  -3.2083965e-01   1.2025499e+00  -5.7234724e-03  -1.3038303e-02   1.4789580e-02
  -9.8963201e-02  -2.9742790e-01   1.2281474e+00  -5.7894219e-03  -1.2925606e-02   1.4869718e-02
  -9.8581841e-02  -2.8185855e-01   1.2484899e+00  -6.2061025e-03  -1.3180316e-02   1.5015978e-02
  -1.1741821e-01  -3.1712338e-01   1.2277343e+00  -6.1035868e-03  -1.3310211e-02   1.5016115e-02
  -1.1239384e-01  -2.8066299e-01   1.2441509e+00  -5.9962817e-03  -1.3078721e-02   1.4783191e-02
  -1.0824329e-01  -3.3711262e-01   1.2339959e+00  -6.8764551e-03  -1.2199255e-02   1.4042795e-02
  -1.7116820e-01  -3.2209307e-01   1.0269433e+00  -9.1030705e-03  -1.1882684e-02   1.3151128e-02
  -1.8985302e-01  -2.7249853e-01   1.1159121e+00  -7.8415945e-03  -1.2925007e-02   1.2794265e-02
  -1.9416751e-01  -3.0339078e-01   1.0721259e+00  -7.3908500e-03  -1.2482633e-02   1.2485875e-02
  -1.5678876e-01  -1.9383129e-01   1.1536680e+00  -6.3497696e-03  -1.2163141e-02   1.2497580e-02
  -1.4946806e-01  -2.1448409e-01   1.1701612e+00  -7.4521415e-03  -1.2871845e-02   1.2930749e-02
  -1.4443107e-01  -2.1790695e-01   1.1584691e+00  -7.3233348e-03  -1.2530632e-02   1.2656906e-02
  -1.4612101e-01  -1.9377908e-01   1.2214005e+00  -8.0062091e-03  -1.2959033e-02   1.2463304e-02
  -1.3269088e-01  -2.6188062e-01   1.2527821e+00  -8.4067405e-03  -1.3055667e-02   1.2916276e-02
  -1.2416105e-01  -2.5600084e-01   1.2373535e+00  -8.5860138e-03  -1.3213327e-02   1.3603809e-02
  -1.1530332e-01  -2.5494516e-01   1.2432520e+00  -8.7453337e-03  -1.3591856e-02   1.4052541e-02
  -1.1800544e-01  -2.8664062e-01   1.2041622e+00  -8.8329325e-03  -1.3525068e-02   1.4178456e-02
  -1.1231807e-01  -2.0958851e-01   1.1801056e+00  -8.5691031e-03  -1.3244825e-02   1.3693378e-02
  -1.1329355e-01  -2.3110921e-01   1.2314544e+00  -8.5922474e-03  -1.3566080e-02   1.3882220e-02
  -8.8495066e-02  -2.4826079e-01   1.1910958e+00  -8.3053465e-03  -1.2731345e-02   1.3723781e-02
  -9.4076117e-02  -2.0740151e-01   1.2149225e+00  -8.2846779e-03  -1.3118908e-02   1.3729299e-02
  -9.1333518e-02  -2.4256580e-01   1.2141299e+00  -8.1497906e-03  -1.3306762e-02   1.4150998e-02
  -8.1513219e-02  -2.1420057e-01   1.1675184e+00  -7.9491908e-03  -1.3164837e-02   1.4328232e-02
  -7.5800778e-02  -2.2768043e-01   1.2086972e+00  -8.5393445e-03  -1.3239568e-02   1.4368574e-02
  -7.6654191e-02  -2.7270159e-01   1.1896126e+00  -8.4824151e-03  -1.3361646e-02   1.4761547e-02
  -7.3110572e-02  -2.4685934e-01   1.2294033e+00  -8.8561792e-03  -1.3276653e-02   1.4856144e-02
  -6.8158882e-02  -2.5653348e-01   1.2478046e+00  -9.1560602e-03  -1.3319022e-02   1.5089473e-02
  -7.5726650e-02  -2.8186280e-01   1.2047982e+00  -9.0344344e-03  -1.3357576e-02   1.5420192e-02
  -7.7503548e-02  -2.2047892e-01   1.1836416e+00  -8.4034978e-03  -1.3325299e-02   1.5218668e-02
  -8.1723389e-02  -2.2014721e-01   1.2309441e+00  -8.6543586e-03  -1.3534308e-02   1.5021964e-02
  -7.2150169e-02  -2.4545937e-01   1.2129599e+00  -8.5729905e-03  -1.3223930e-02   1.5208869e-02
  -7.0466677e-02  -2.8413104e-01   1.2456454e+00  -8.7993023e-03  -1.3527433e-02   1.5134973e-02
  -6.9002316e-02  -3.4696826e-01   1.3675994e+00  -1.0666166e-02  -1.2439045e-02   1.4439207e-02
  -6.3374833e-02  -4.2315711e-01   1.2702479e+00  -1.2277186e-02  -1.2085351e-02   1.4480475e-02
  -1.1923102e-01  -3.0609481e-01   1.2115081e+00  -9.6486313e-03  -1.2227704e-02   1.2962498e-02
  -1.2485490e-01  -2.3896493e-01   1.2538083e+00  -9.0663518e-03  -1.2676336e-02   1.2687262e-02
  -1.0681621e-01  -2.7876323e-01   1.3098613e+00  -9.9188156e-03  -1.2916693e-02   1.3441293e-02
  -9.1505714e-02  -2.7295353e-01   1.2936834e+00  -9.8148452e-03  -1.2845078e-02   1.4172194e-02
  -9.8063829e-02  -2.3853125e-01   1.3274314e+00  -9.7838613e-03  -1.3214344e-02   1.4026470e-02
  -1.3104792e-01  -2.7019065e-01   1.3474540e+00  -1.0203544e-02  -1.3863471e-02   1.4363749e-02
  -9.9651633e-02  -2.5465863e-01   1.3410745e+00  -9.8249963e-03  -1.3165603e-02   1.4860370e-02
  -8.5408073e-02  -2.5100393e-01   1.3431680e+00  -1.0021311e-02  -1.3038491e-02   1.4735384e-02
  -8.9353388e-02  -2.4640879e-01   1.3895681e+00  -9.9826803e-03  -1.3121926e-02   1.4577202e-02
  -7.0929434e-02  -2.8592981e-01   1.3922534e+00  -1.0072183e-02  -1.3011148e-02   1.5197616e-02
  -7.0660180e-02  -2.3895973e-01   1.3212670e+00  -9.2945841e-03  -1.2324040e-02   1.4665002e-02
  -8.4432851e-02  -2.6825166e-01   1.1459430e+00  -9.1644094e-03  -1.2492509e-02   1.4332987e-02
  -1.0137633e-01  -2.0052690e-01   1.2342693e+00  -8.8008940e-03  -1.3216208e-02   1.3998160e-02
  -1.1930577e-01  -2.1327995e-01   1.2307197e+00  -8.2994519e-03  -1.3888582e-02   1.4222902e-02
  -1.2037070e-01  -1.7614574e-01   1.1899761e+00  -8.3116672e-03  -1.3992060e-02   1.3888136e-02
  -1.1447335e-01  -2.2549436e-01   1.3135974e+00  -8.9875671e-03  -1.4266257e-02   1.4135383e-02
  -1.1187935e-01  -2.7006501e-01   1.2525928e+00  -8.2854249e-03  -1.4421155e-02   1.4637254e-02
  -1.2714649e-01  -2.3870882e-01   1.2913774e+00  -8.2029487e-03  -1.4767616e-02   1.4340174e-02
  -1.3231381e-01  -2.2782847e-01   1.2524029e+00  -8.7063373e-03  -1.5154116e-02   1.4673804e-02
  -1.3235183e-01  -2.3816107e-01   1.1975835e+00  -8.7545795e-03  -1.5172065e-02   1.4998618e-02
  -1.0780240e-01  -2.0579437e-01   1.2311103e+00  -9.1478117e-03  -1.4956099e-02   1.5130704e-02
  -1.1389869e-01  -2.2324813e-01   1.2693594e+00  -9.9631471e-03  -1.5289122e-02   1.5081103e-02
  -1.0739828e-01  -2.6240568e-01   1.2447863e+00  -9.6319373e-03  -1.5142953e-02   1.5159610e-02
  -9.9968518e-02  -2.1671234e-01   1.2061904e+00  -9.3923471e-03  -1.4971078e-02   1.5072115e-02
  -9.3959030e-02  -2.0770986e-01   1.2257037e+00  -9.7486163e-03  -1.5068402e-02   1.4940034e-02
  -8.6958816e-02  -2.5925505e-01   1.2126589e+00  -1.0116102e-02  -1.4955345e-02   1.5068688e-02
  -6.0283670e-02  -2.6316614e-01   1.1933582e+00  -9.7505397e-03  -1.4484959e-02   1.5255930e-02
  -5.0379048e-02  -2.2589596e-01   1.2176059e+00  -9.7969500e-03  -1.4307478e-02   1.5226293e-02
  -5.6102241e-02  -2.5503534e-01   1.2000463e+00  -9.6134797e-03  -1.4561062e-02   1.5549636e-02
  -5.2334133e-02  -2.4616689e-01   1.1813876e+00  -9.8708279e-03  -1.4383766e-02   1.5789711e-02
  -4.9586272e-02  -2.5738166e-01   1.2045793e+00  -1.0436825e-02  -1.4353993e-02   1.5452610e-02
  -4.3112664e-02  -2.8167367e-01   1.1938625e+00  -1.0735840e-02  -1.4413631e-02   1.5757653e-02
  -5.3173714e-02  -2.5966825e-01   1.1502402e+00  -1.0195095e-02  -1.4634068e-02   1.5705803e-02
