   0.0000000e+00   7.1054274e-15   0.0000000e+00   0.0000000e+00   0.0000000e+00   0.0000000e+00
  -3.8957652e-02  -3.9421113e-02  -2.0430804e-02  -3.2001427e-05  -4.5661055e-04   2.1676433e-04
  -5.6565040e-02   4.8292167e-02   2.7851245e-02   8.4393291e-05  -6.7058589e-04   3.3592869e-04
  -6.2690233e-02   4.5042864e-02   2.6276147e-02  -1.5619424e-04  -6.6763940e-04   4.6127558e-04
  -3.7589460e-02   1.4333185e-01   1.9490979e-01  -1.8981512e-03  -6.0234446e-04   7.0059341e-04
  -4.6390597e-02  -4.2307377e-02  -3.3194495e-04  -9.5980553e-04  -1.1553106e-03   3.3152883e-04
  -7.0714494e-02  -8.8656238e-02   1.8800081e-02  -3.1682215e-03  -1.0815154e-03   7.7553305e-04
  -6.6245496e-02   6.2723525e-02   6.5119780e-02  -1.5510319e-03  -1.4260932e-03   7.1760813e-04
  -8.1106422e-02  -1.3466647e-01  -5.9173294e-02  -2.6998404e-03  -1.5574419e-03   8.6655169e-04
  -7.1837231e-02   7.8419009e-02   6.6993947e-02  -2.1190772e-03  -1.5973895e-03   8.2078205e-04
  -8.3774494e-02  -1.4843679e-01  -9.9928802e-02  -2.9213736e-03  -1.5502224e-03   8.4821460e-04
  -9.3798964e-02   2.0832288e-03  -5.0108081e-02  -1.5690992e-03  -1.5813497e-03   7.2981443e-04
  -5.3558741e-02   2.6476900e-02   1.0284674e-01  -4.0398186e-03  -8.8863857e-04   9.1010007e-04
  -6.6397622e-02  -9.4742609e-02  -1.0116376e-01  -2.2419330e-03  -1.3491022e-03   4.7734473e-04
  -6.3431678e-02  -1.0116740e-01  -6.7010852e-03  -4.7438873e-03  -1.1733173e-03   8.2611849e-04
  -7.3210116e-02  -7.2256136e-02  -5.8092344e-02  -2.6040969e-03  -1.3368046e-03   5.0842555e-04
  -6.4779977e-02  -4.5708527e-02   3.6887599e-02  -4.3069491e-03  -1.1200013e-03   8.0766724e-04
  -7.5260793e-02  -1.2279287e-01  -1.0064935e-01  -2.8737538e-03  -1.1839472e-03   5.2118981e-04
  -6.5404720e-02   7.4595518e-03   3.6865894e-02  -3.8777159e-03  -1.3225890e-03   7.1817551e-04
  -8.8684821e-02  -1.1826302e-01  -1.2943962e-01  -2.6738182e-03  -1.4147923e-03   5.3972757e-04
  -7.7204422e-02   1.1883137e-02   2.6930331e-02  -3.8737478e-03  -1.3013959e-03   6.7131035e-04
  -6.4835601e-02  -1.8358226e-01  -1.1132431e-01  -3.8983186e-03  -9.4314316e-04   3.6186176e-04
  -5.6132874e-02   3.6305903e-02   7.4624131e-02  -4.0929545e-03  -1.2250970e-03   6.0820286e-04
  -6.2516479e-02  -2.2414965e-01  -1.4930643e-01  -4.3698124e-03  -1.1370601e-03   5.8575885e-04
  -4.0722205e-02   6.7448791e-02   4.2195226e-02  -3.2343436e-03  -9.9548942e-04   5.8517617e-04
  -6.0251421e-02  -2.0291458e-01  -1.4102523e-01  -3.5810494e-03  -1.0130712e-03   1.9188266e-04
  -3.9392899e-02   1.2934622e-02   6.1266295e-02  -4.2681865e-03  -9.4193638e-04   5.8846124e-04
  -6.8467150e-02  -2.0753950e-01  -1.5934021e-01  -4.0577460e-03  -1.0046303e-03   6.5262350e-04
  -4.3223302e-02   3.0288404e-02   5.9521419e-02  -4.1130493e-03  -8.5905542e-04   5.2080692e-04
  -6.4225332e-02  -1.9698027e-01  -1.4339341e-01  -3.9102356e-03  -9.0354760e-04   4.1254503e-04
  -5.4052703e-02   1.9469773e-02   3.1011150e-02  -3.6164097e-03  -1.2401204e-03   4.6071198e-04
  -6.6534326e-02  -2.0348957e-01  -1.3581948e-01  -4.2213234e-03  -1.2597063e-03   4.3894101e-04
  -5.7222511e-02   1.5852793e-03   8.7816409e-03  -3.6513320e-03  -1.2562791e-03   4.1109724e-04
  -5.0951616e-02  -1.9860844e-01  -1.0315629e-01  -5.2890300e-03  -9.3633106e-04   3.8643423e-04
  -4.3022566e-02  -1.2096362e-02  -1.5932488e-02  -3.4326698e-03  -1.1436174e-03   9.4287991e-05
  -6.2146538e-02  -1.5514027e-01  -7.2188397e-02  -5.3496078e-03  -1.3741481e-03   4.6188911e-04
  -7.2064026e-02  -5.4524123e-02  -7.1433342e-02  -3.0367636e-03  -1.5053030e-03   1.0810335e-04
  -7.0714393e-02  -1.0647174e-01  -3.9805910e-02  -5.0909890e-03  -1.2395467e-03   3.4284243e-04
  -7.1220676e-02  -8.8430526e-02  -9.8786394e-02  -3.4946005e-03  -1.4016690e-03   2.1793347e-05
  -6.5755794e-02  -6.9188832e-02  -1.5001179e-02  -5.1467299e-03  -1.4239165e-03   5.0203667e-04
  -8.1607482e-02  -1.1149190e-01  -1.1227763e-01  -3.4057413e-03  -1.5967489e-03   1.8349240e-04
  -5.8389649e-02   2.9429859e-02   8.1274176e-02  -4.4912282e-03  -1.3368248e-03   2.6767055e-04
  -6.3565916e-02  -1.9134723e-01  -1.3303011e-01  -4.2111175e-03  -1.2839703e-03  -1.2732631e-04
  -6.2098786e-02  -1.2201912e-02   1.6870341e-02  -4.0520035e-03  -1.6535655e-03   1.9449176e-05
  -7.3772370e-02  -2.1432482e-01  -1.3551562e-01  -5.6290291e-03  -1.5411251e-03   2.7303147e-04
  -6.0985071e-02  -8.5034845e-02  -9.6559005e-02  -3.8907801e-03  -1.4468604e-03  -1.2060715e-04
  -5.6226800e-02  -1.0984410e-01  -5.5967697e-02  -5.6025276e-03  -1.4906553e-03   1.1645254e-04
  -6.5812437e-02  -1.2853661e-01  -1.3319664e-01  -4.2620419e-03  -1.6143799e-03  -1.7050896e-04
  -3.6708609e-02  -4.1981591e-02  -2.3395311e-02  -4.9434383e-03  -1.4500073e-03   2.4543022e-05
  -5.2980847e-02  -1.9731290e-01  -1.8956920e-01  -4.3613176e-03  -1.3422171e-03  -3.8204899e-04
  -5.0887431e-02  -2.8653545e-02  -3.0747061e-02  -4.9058981e-03  -1.6346166e-03  -1.7156036e-04
  -6.4094815e-02  -2.2569938e-01  -1.7140943e-01  -5.7112656e-03  -1.5638302e-03  -1.9803298e-04
  -6.4296602e-02  -5.5929138e-02  -8.3526579e-02  -4.3955259e-03  -1.6536111e-03  -2.3196289e-04
  -5.3562600e-02  -1.8484500e-01  -1.0005956e-01  -6.2694263e-03  -1.3935728e-03  -1.9873935e-04
  -6.2753863e-02  -9.3657606e-02  -1.1884389e-01  -4.2379248e-03  -1.6164652e-03  -3.8073385e-04
  -4.0029987e-02  -1.0684807e-01  -2.9939224e-02  -6.7397845e-03  -1.5828663e-03   2.1930603e-04
  -4.7095317e-02  -1.4161206e-01  -1.7959015e-01  -4.0955982e-03  -1.6032402e-03  -3.7091576e-04
  -5.8145494e-02  -1.0770083e-01  -8.2055631e-02  -6.1014828e-03  -1.9128827e-03  -1.0548932e-04
  -5.3756347e-02  -1.5904024e-01  -1.8837685e-01  -4.5969783e-03  -1.6810056e-03  -4.7354746e-04
  -5.0477108e-02  -5.1409336e-02  -2.7411477e-02  -5.9269737e-03  -1.8664563e-03  -2.7173402e-04
  -6.1952600e-02  -1.9882027e-01  -1.9244725e-01  -4.5757083e-03  -1.7085820e-03  -5.2535879e-04
  -6.9413366e-02  -5.4608394e-02  -6.9319391e-02  -5.2816831e-03  -1.9435032e-03  -2.7957736e-04
  -8.0282026e-02  -1.9442915e-01  -1.9093040e-01  -4.9265834e-03  -1.8781350e-03  -6.2067285e-04
  -3.9382217e-02  -4.5996366e-02   2.8078528e-02  -7.3181636e-03  -1.7895560e-03  -2.8112936e-04
  -4.5265172e-02  -1.7604949e-01  -1.9003250e-01  -4.4176510e-03  -2.0468490e-03  -7.4884119e-04
  -5.0727158e-02  -1.4619792e-01  -7.3576133e-02  -6.4283115e-03  -1.8668623e-03  -2.0149924e-04
  -7.5784174e-02  -1.1624854e-01  -1.5369167e-01  -3.8525780e-03  -2.5236320e-03  -2.7033774e-04
  -9.3380823e-02  -1.6815797e-01  -1.2686877e-01  -6.0744535e-03  -2.6169991e-03   7.5140911e-05
  -1.0050441e-01  -1.4145049e-01  -1.7094406e-01  -4.4366754e-03  -2.5831452e-03  -3.0217775e-04
  -1.0371301e-01  -1.2566786e-01  -1.2234443e-01  -5.3746223e-03  -2.6954037e-03  -1.7032396e-04
  -1.1674211e-01  -1.6491190e-01  -1.9527684e-01  -4.5189220e-03  -2.6579601e-03  -4.6207431e-04
  -9.9863816e-02  -5.7962733e-02  -7.4094020e-02  -5.2757441e-03  -2.9781204e-03  -1.9639312e-04
  -1.1868728e-01  -2.0665217e-01  -2.4569307e-01  -4.4877991e-03  -2.9475993e-03  -4.5486834e-04
  -8.8291494e-02  -1.1928676e-01  -1.1237759e-01  -6.3834115e-03  -2.7381797e-03  -6.6231537e-05
  -7.6442312e-02  -1.8848910e-01  -2.1575769e-01  -4.8501866e-03  -2.5136299e-03  -4.9502199e-04
  -7.1665993e-02  -4.5240949e-02  -8.6937189e-02  -5.3307355e-03  -2.9372791e-03  -1.7319780e-04
  -7.6656923e-02  -2.2039147e-01  -2.4996807e-01  -4.6346597e-03  -2.5584354e-03  -4.0106607e-04
  -6.0530598e-02   3.3321301e-02  -5.0006204e-02  -4.8535490e-03  -2.4281386e-03   3.5308758e-04
  -7.6514044e-02  -2.4463288e-01  -3.0617792e-01  -4.9586645e-03  -2.3637423e-03  -4.4869448e-05
  -4.1310620e-02   3.0002799e-02  -9.7570161e-02  -4.8305283e-03  -2.4362526e-03   1.6175641e-05
  -7.5933393e-02  -2.1333711e-01  -2.9252291e-01  -4.6095804e-03  -2.5442979e-03  -2.4250868e-04
  -5.4187214e-02  -5.2754235e-02  -1.2531249e-01  -5.7334871e-03  -2.4425042e-03   1.2795437e-04
  -5.4923096e-02  -2.0874735e-01  -2.7515898e-01  -4.7721633e-03  -2.2139289e-03  -2.2147056e-04
  -3.9210879e-02   1.1755333e-02  -1.2757924e-01  -4.4361221e-03  -2.5185143e-03  -1.5232458e-04
  -7.0817675e-02  -1.8274220e-01  -3.0369177e-01  -4.4846454e-03  -2.5609833e-03  -2.1810253e-04
  -5.3749672e-02  -4.0287126e-02  -1.5986142e-01  -4.9501735e-03  -2.5738379e-03  -2.1502125e-04
  -5.1545707e-02  -1.7389544e-01  -2.6770491e-01  -5.3944145e-03  -2.3987217e-03  -3.7397007e-04
  -2.5296583e-02   5.4654771e-03  -1.4066616e-01  -4.1683978e-03  -2.4939755e-03  -4.8445152e-04
  -5.0157197e-02  -2.3618027e-01  -2.7891849e-01  -5.7841815e-03  -2.6248098e-03  -2.7364586e-04
  -4.4345897e-02  -5.5379918e-02  -1.8740759e-01  -4.5263976e-03  -2.6682843e-03  -5.1317397e-04
  -4.5576650e-02  -1.9631631e-01  -2.2019443e-01  -6.5545301e-03  -2.5281023e-03  -1.8912424e-04
  -5.0036766e-02  -8.1820665e-02  -2.2120713e-01  -4.3547157e-03  -2.6768885e-03  -4.7111856e-04
  -4.8129434e-02  -1.1768522e-01  -1.9538694e-01  -6.1509563e-03  -2.6581584e-03   1.0985781e-05
  -5.4612483e-02  -1.2087253e-01  -2.9830451e-01  -4.0810804e-03  -2.6904643e-03  -6.9234848e-04
  -6.2906672e-02  -5.7105088e-02  -1.7537826e-01  -5.6675214e-03  -3.0572879e-03  -2.2589023e-04
  -6.8294427e-02  -1.2878849e-01  -3.0322359e-01  -4.0779106e-03  -2.9902149e-03  -5.7887860e-04
  -5.9111359e-02  -5.5858700e-02  -1.8330208e-01  -5.5506233e-03  -2.8926566e-03  -9.7615160e-05
  -6.4610876e-02  -1.5625177e-01  -3.2009787e-01  -4.0862824e-03  -2.7644993e-03  -7.2482138e-04
  -3.9586785e-02  -5.9541443e-02  -1.1477860e-01  -6.8131750e-03  -2.6697983e-03  -5.5555823e-04
  -4.0355103e-02  -8.3042730e-02  -2.9130916e-01  -4.4889938e-03  -2.7816167e-03  -9.5456232e-04
  -3.7714851e-02  -1.7703373e-01  -2.1633381e-01  -7.2215494e-03  -2.7782868e-03  -2.8982228e-04
  -4.5399654e-02  -1.4808755e-01  -3.0964197e-01  -4.9645248e-03  -2.9093703e-03  -7.0001558e-04
  -5.7800099e-02  -9.2404967e-02  -2.2638325e-01  -6.0167428e-03  -3.3171493e-03  -4.5108544e-04
  -7.5588326e-02  -1.7384569e-01  -3.5696516e-01  -4.7654539e-03  -3.2386059e-03  -6.9071354e-04
  -6.5722104e-02  -3.1961949e-02  -1.7491237e-01  -5.2600277e-03  -3.3493261e-03  -5.9863443e-04
  -6.5375665e-02  -2.2472940e-01  -3.2471926e-01  -6.2338516e-03  -3.1690569e-03  -7.0347620e-04
  -7.0664288e-02  -5.4197591e-02  -2.6403427e-01  -4.5015240e-03  -3.4529376e-03  -8.1787997e-04
  -7.2428409e-02  -2.1135194e-01  -3.0426204e-01  -6.7555775e-03  -3.1224229e-03  -6.9377225e-04
  -8.4007685e-02  -6.8932266e-02  -2.7322119e-01  -4.6859203e-03  -3.4343304e-03  -9.4742585e-04
  -8.4905696e-02  -1.4813588e-01  -2.3556745e-01  -7.1378227e-03  -3.4083644e-03  -4.9252206e-04
  -8.8726816e-02  -1.0975743e-01  -3.3074660e-01  -4.7330495e-03  -3.6746198e-03  -8.6413167e-04
  -8.4457123e-02  -1.2012049e-01  -2.6081314e-01  -6.3511652e-03  -3.4165626e-03  -8.1326567e-04
  -9.5728675e-02  -6.3519590e-02  -3.5832389e-01  -3.4182017e-03  -3.5844667e-03  -1.1466948e-03
  -9.7903803e-02  -1.1649690e-01  -2.6055397e-01  -6.7094362e-03  -3.5280875e-03  -7.7735546e-04
  -1.0070846e-01  -1.3797254e-01  -3.5512711e-01  -4.7860307e-03  -3.5270173e-03  -1.1701863e-03
  -8.0523701e-02  -1.7424665e-01  -2.1754879e-01  -8.4968052e-03  -3.1714247e-03  -7.9128038e-04
  -5.5483057e-03   1.6496949e-01   3.7493296e-03  -7.4840234e-03  -2.4472570e-03  -1.0000728e-03
  -2.7891208e-02  -2.0546844e-01  -3.7335731e-01  -4.9363878e-03  -2.6031980e-03  -1.3161316e-03
  -8.8498315e-02  -2.6517453e-01  -4.3585139e-01  -4.0079438e-03  -3.3464640e-03  -1.3954182e-03
  -9.5610667e-02  -8.0783441e-02  -2.3410594e-01  -6.9616657e-03  -3.1803931e-03  -5.9539368e-04
  -5.8693587e-02   3.9062153e-02  -2.2789239e-01  -5.0428332e-03  -3.0160425e-03  -9.6916798e-04
  -1.0140035e-01  -2.0485928e-01  -4.4682514e-01  -3.4629426e-03  -3.3435270e-03  -1.5736673e-03
  -7.5737779e-02  -7.6777266e-02  -2.5022138e-01  -6.6954159e-03  -2.9452752e-03  -9.2309681e-04
  -2.9346020e-02   7.5380779e-02  -2.0658759e-01  -4.3453017e-03  -3.0472647e-03  -1.2384474e-03
  -7.1543729e-02  -1.8765942e-01  -4.4355733e-01  -3.3419240e-03  -3.3294565e-03  -1.5109235e-03
  -5.9828699e-02  -1.0858446e-01  -3.1757376e-01  -6.1520769e-03  -2.3273698e-03  -1.3088017e-03
   1.1459580e-02  -5.3878838e-02  -1.7454670e-01  -8.4766783e-03  -5.6342866e-04  -7.8368726e-04
  -2.5087844e-02  -3.1717941e-01  -4.5120428e-01  -5.7602254e-03  -2.2180272e-03  -1.5861323e-03
  -9.9795849e-02  -2.5313788e-01  -5.7213192e-01  -2.7845462e-03  -2.7248673e-03  -1.2505324e-03
  -1.2425462e-01  -3.3360741e-02  -5.5228359e-01  -1.6257941e-03  -2.9843900e-03  -1.4753121e-03
  -1.4234590e-01   1.5224909e-02  -4.8105933e-01  -2.6650093e-03  -3.3187185e-03  -1.5233778e-03
  -1.7853787e-01   2.0199464e-02  -5.0848246e-01  -2.3478865e-03  -3.8143010e-03  -1.9919527e-03
  -2.0030294e-01  -4.9138141e-02  -5.1239598e-01  -2.7462576e-03  -4.0401757e-03  -2.0461972e-03
  -1.7602051e-01   1.1529033e-02  -4.0669994e-01  -4.8898335e-03  -3.7217388e-03  -1.7434675e-03
  -1.9609528e-01  -1.3921999e-02  -5.1561837e-01  -2.3052638e-03  -4.0473218e-03  -2.3820688e-03
  -2.1752856e-01  -1.0624939e-01  -5.3288846e-01  -3.0962663e-03  -4.1193126e-03  -2.1831374e-03
  -1.9983675e-01  -9.1634992e-03  -4.5769914e-01  -3.2382285e-03  -4.1506456e-03  -2.1471642e-03
  -1.9380395e-01  -1.3107781e-01  -5.0594000e-01  -4.6980303e-03  -3.9688250e-03  -2.0123143e-03
  -1.7497347e-01   3.9861643e-02  -4.5505017e-01  -3.6757136e-03  -4.3031834e-03  -2.0219781e-03
  -2.0525423e-01  -1.6496101e-01  -5.8372011e-01  -3.9582231e-03  -4.3925568e-03  -2.0744772e-03
  -1.7002575e-01  -5.8549805e-02  -4.4759566e-01  -6.0406708e-03  -4.1748903e-03  -1.7106306e-03
  -1.8797156e-01  -1.5100563e-01  -5.5096749e-01  -4.7286663e-03  -4.2857123e-03  -2.2806002e-03
  -1.9875329e-01  -8.4858030e-02  -4.7305491e-01  -5.7277466e-03  -4.4556798e-03  -1.7485458e-03
  -1.8737004e-01  -6.0423249e-02  -5.1439065e-01  -3.9618239e-03  -4.3470954e-03  -2.2522610e-03
  -2.1555897e-01  -1.1254694e-01  -5.6202581e-01  -3.5247301e-03  -4.3788868e-03  -2.3509485e-03
  -1.7130125e-01  -3.2088623e-02  -3.7731769e-01  -6.8807317e-03  -3.8154735e-03  -1.8657828e-03
  -1.4393355e-01  -3.9775781e-02  -4.6763629e-01  -4.6404907e-03  -3.7993371e-03  -2.5929745e-03
  -2.3195241e-01  -1.8912443e-01  -5.8031603e-01  -3.8840068e-03  -4.5585802e-03  -2.6413628e-03
  -1.3710744e-01  -7.6804920e-02  -3.7898100e-01  -6.3071734e-03  -3.6724796e-03  -2.1105567e-03
  -1.3722987e-01  -1.3905678e-01  -4.5577880e-01  -4.3481463e-03  -3.4910900e-03  -2.3952059e-03
  -1.5898409e-01  -1.3833450e-01  -4.4228308e-01  -6.2418560e-03  -3.6038134e-03  -2.1267508e-03
  -1.7570525e-01  -5.4268172e-02  -4.7358256e-01  -4.0784353e-03  -3.8186305e-03  -2.5970003e-03
  -1.9118840e-01  -1.3714990e-01  -4.7977680e-01  -5.5482927e-03  -3.9470405e-03  -2.4699358e-03
  -1.9258885e-01  -3.1222620e-02  -4.6835726e-01  -3.9554992e-03  -3.9590609e-03  -2.6136423e-03
  -1.7453999e-01  -1.6902311e-01  -4.6702251e-01  -6.7626508e-03  -3.7903575e-03  -2.3230348e-03
  -1.5000468e-01   3.7937540e-02  -3.9407026e-01  -5.2298248e-03  -4.0183404e-03  -2.5220498e-03
  -1.8471837e-01  -2.0509405e-01  -5.8762394e-01  -5.0316381e-03  -4.1201246e-03  -2.7169189e-03
  -1.8399570e-01  -1.6503841e-01  -5.2864020e-01  -6.3300655e-03  -4.0142510e-03  -2.4088253e-03
  -1.7485547e-01  -5.4902754e-02  -4.9273355e-01  -4.5086988e-03  -4.1592706e-03  -2.4078432e-03
  -2.2877888e-01  -1.3579555e-01  -5.4137776e-01  -4.2623146e-03  -4.7395828e-03  -2.2650006e-03
  -2.1582367e-01  -3.3181275e-02  -4.3730103e-01  -5.3287072e-03  -4.6630159e-03  -1.8520883e-03
  -2.2480210e-01  -1.3413819e-01  -5.6407060e-01  -4.1224297e-03  -4.6441734e-03  -2.3141766e-03
  -2.0226449e-01  -4.3039990e-02  -4.4005989e-01  -5.3194295e-03  -4.6392151e-03  -2.1742767e-03
  -2.2406330e-01  -1.0700925e-01  -5.9536872e-01  -4.0441334e-03  -4.7844851e-03  -2.5018253e-03
  -2.0862013e-01  -7.7546592e-02  -4.9282265e-01  -5.7423626e-03  -4.7315170e-03  -2.0068740e-03
  -2.0253255e-01  -1.4693828e-01  -5.8470265e-01  -4.9410831e-03  -4.4431873e-03  -2.4486532e-03
  -2.0709883e-01  -1.7805000e-01  -5.1053872e-01  -7.0881705e-03  -4.4143263e-03  -2.1348117e-03
  -2.2448690e-01  -1.2742929e-01  -5.6278284e-01  -5.3119187e-03  -4.7103040e-03  -2.4796508e-03
  -2.3985273e-01  -1.6449521e-01  -5.4262411e-01  -6.8523066e-03  -4.9268479e-03  -2.0098661e-03
  -2.3503800e-01  -1.6817559e-01  -6.1999320e-01  -5.1599003e-03  -4.5946477e-03  -2.6698207e-03
  -2.1740276e-01  -8.4340426e-02  -4.6940150e-01  -6.4184596e-03  -4.8328226e-03  -2.3254500e-03
  -2.4540285e-01  -1.9865863e-01  -6.3994074e-01  -5.4719574e-03  -5.0317282e-03  -2.6777435e-03
  -2.4384088e-01  -1.0450870e-01  -5.2996312e-01  -6.3282015e-03  -5.0196498e-03  -2.2434901e-03
  -2.5428506e-01  -2.2750797e-01  -6.7219727e-01  -5.7722414e-03  -4.7512512e-03  -2.5909347e-03
  -2.3163172e-01  -4.5554959e-02  -4.8988277e-01  -5.3681713e-03  -4.8018126e-03  -2.5219074e-03
  -2.3828358e-01  -2.4701443e-01  -6.3997672e-01  -6.1166297e-03  -4.6251094e-03  -2.6147516e-03
  -2.0172322e-01   1.4239002e-01  -2.5900097e-01  -6.6170182e-03  -3.9989684e-03  -2.6013614e-03
  -1.8779715e-01  -1.8073613e-01  -6.6170038e-01  -4.2166537e-03  -3.9607340e-03  -3.0119238e-03
  -2.3199874e-01  -2.7347249e-01  -7.0254423e-01  -4.8875041e-03  -4.2092499e-03  -2.6688493e-03
  -2.3633578e-01  -6.5677595e-02  -6.2862891e-01  -4.2690717e-03  -4.1357339e-03  -2.6206519e-03
  -2.4399780e-01  -1.7626737e-01  -7.7836231e-01  -4.2102111e-03  -4.0578426e-03  -2.6501038e-03
  -2.0804795e-01  -1.7728469e-01  -7.3162350e-01  -3.9889832e-03  -3.6207510e-03  -2.6657533e-03
  -1.8110467e-01  -3.5579228e-02  -5.5128412e-01  -5.6383779e-03  -3.3950796e-03  -2.3124257e-03
  -2.2778315e-01  -1.8634541e-01  -6.8586560e-01  -4.7233329e-03  -3.6750001e-03  -2.9002485e-03
  -2.4390706e-01  -1.4949506e-01  -6.2493482e-01  -5.4456445e-03  -3.9961304e-03  -2.7232479e-03
  -2.4733250e-01  -1.4534440e-01  -6.6931836e-01  -4.8318164e-03  -3.9653522e-03  -2.9515156e-03
  -2.5787833e-01  -1.6063435e-01  -6.4101150e-01  -6.4538995e-03  -4.0358183e-03  -2.6553467e-03
  -2.6848443e-01  -9.2647888e-02  -6.6790334e-01  -4.4090915e-03  -4.3022706e-03  -2.8713489e-03
  -2.4228497e-01  -1.2173899e-01  -6.0762033e-01  -6.2908818e-03  -3.9198791e-03  -2.6915126e-03
  -2.3266426e-01  -1.3571636e-01  -6.8298401e-01  -4.5059239e-03  -4.0720080e-03  -2.9545219e-03
  -2.3505052e-01  -2.3065149e-01  -7.2923474e-01  -5.0955283e-03  -4.0216870e-03  -2.6058807e-03
  -1.9308633e-01   1.1564413e-01  -4.5169111e-01  -4.8720448e-03  -3.8301761e-03  -2.5494961e-03
  -2.0162872e-01  -2.0298704e-01  -7.4678869e-01  -3.7821229e-03  -3.9536483e-03  -2.9117537e-03
  -2.1962467e-01  -1.3670798e-01  -7.1518784e-01  -4.9343715e-03  -4.1731268e-03  -2.6412948e-03
  -2.1849130e-01  -8.3701010e-02  -7.4872342e-01  -3.2844138e-03  -4.0028627e-03  -3.0322878e-03
  -1.9518573e-01  -4.2149162e-02  -6.2286988e-01  -5.2019298e-03  -3.7614719e-03  -2.7761618e-03
  -1.9362283e-01  -1.2441368e-01  -7.3029730e-01  -3.4681192e-03  -2.7270370e-03  -1.7674100e-03
  -2.2066873e-01  -2.0822403e-01  -6.2516185e-01  -5.6775422e-03  -1.9895121e-03   9.0446217e-04
  -1.9035869e-01  -6.1556982e-02  -5.3591959e-01  -4.2088405e-03  -1.6387287e-03  -1.9196147e-06
  -1.4296762e-01  -1.2469048e-01  -6.1972181e-01  -3.0432963e-03  -5.8407572e-04  -1.9246405e-03
  -1.6760881e-01   2.4386155e-02  -4.3495778e-01  -5.0088330e-03  -1.1073221e-03  -8.6063185e-04
  -1.3095291e-01  -2.3125506e-04  -4.8853991e-01  -2.5884887e-03  -7.7122583e-04  -1.4636785e-03
  -1.5157761e-01  -1.1417602e-01  -5.0472912e-01  -4.0028614e-03  -9.2812569e-04  -1.7308476e-03
  -1.8949980e-01   1.5224042e-02  -4.2524554e-01  -3.9119372e-03  -1.3868740e-03  -1.6293284e-03
  -2.2933074e-01  -1.6448181e-01  -5.0807959e-01  -4.8069493e-03  -1.6216385e-03  -1.6406001e-03
  -2.3817990e-01  -2.6483917e-02  -4.4534298e-01  -4.2861612e-03  -1.8902833e-03  -1.4812113e-03
  -2.8864940e-01  -2.1330404e-01  -6.4131952e-01  -4.7533645e-03  -2.1094071e-03  -7.9410435e-04
  -3.4666587e-01   5.5779171e-02  -5.7367673e-01  -3.5040459e-03  -3.4643843e-03  -2.6306404e-03
  -3.1531422e-01  -2.6350692e-01  -6.5914256e-01  -4.7633330e-03  -1.8132165e-03  -2.0612490e-03
  -3.4032488e-01  -2.5090845e-02  -3.4610532e-01  -5.3152743e-03  -2.2747566e-03  -1.3717842e-03
  -2.9991492e-01  -2.0341567e-01  -5.0130116e-01  -4.8849406e-03  -1.7418080e-03  -2.3159621e-03
  -2.7059589e-01   8.3525714e-03  -4.0473447e-01  -4.8769610e-03  -1.8966847e-03  -2.5184462e-03
  -2.8288148e-01  -2.1870358e-01  -5.7245041e-01  -4.9641728e-03  -1.7229568e-03  -3.0238927e-03
  -3.3845430e-01  -6.8144411e-02  -4.4855782e-01  -5.1585185e-03  -2.4150149e-03  -2.8511763e-03
  -3.1839751e-01  -2.2669172e-01  -5.2923244e-01  -6.2111552e-03  -2.2577245e-03  -2.9648711e-03
  -3.2362763e-01  -4.6471175e-02  -4.8034917e-01  -4.0119646e-03  -2.4186816e-03  -3.1216578e-03
  -3.1437509e-01  -1.6064885e-01  -5.0971412e-01  -6.1899695e-03  -2.4345768e-03  -3.5187947e-03
  -3.3113852e-01  -3.5517503e-02  -5.6206467e-01  -5.3224491e-03  -2.7248591e-03  -4.8419463e-03
  -3.9609165e-01  -3.5468899e-01  -6.9074975e-01  -6.5162578e-03  -3.2879378e-03  -4.6059975e-03
  -3.6491679e-01  -2.5261675e-01  -3.6268749e-01  -8.3540041e-03  -2.3465560e-03  -2.9963444e-03
  -3.2399626e-01  -2.6070070e-01  -4.5522669e-01  -6.3808493e-03  -1.7122113e-03  -4.1514872e-03
  -3.4760062e-01  -2.2541451e-01  -3.7059196e-01  -8.0546289e-03  -2.2612024e-03  -4.2432815e-03
  -3.8903449e-01  -2.3903747e-01  -4.6172710e-01  -6.8235360e-03  -2.6923387e-03  -4.7021006e-03
  -4.1075343e-01  -3.1849108e-01  -4.9819911e-01  -7.0934336e-03  -2.9127615e-03  -4.5858222e-03
  -4.0475837e-01  -1.2971479e-01  -3.4032383e-01  -6.4206665e-03  -3.1904942e-03  -4.4249828e-03
  -4.0254896e-01  -3.1110271e-01  -4.7690859e-01  -6.1260851e-03  -2.6714963e-03  -4.3473485e-03
  -3.7553262e-01  -1.2083876e-01  -3.1286226e-01  -7.2510011e-03  -2.6265112e-03  -4.1127768e-03
  -3.5071864e-01  -3.3220406e-01  -4.9918764e-01  -6.2811949e-03  -1.8709607e-03  -4.9576064e-03
  -3.7240601e-01  -1.2613194e-01  -2.9643512e-01  -7.2496382e-03  -2.4524310e-03  -4.7392576e-03
  -3.7569443e-01  -3.3195905e-01  -4.8025465e-01  -6.9002438e-03  -2.3941607e-03  -4.8739662e-03
  -3.7254895e-01  -1.7740771e-01  -2.1790942e-01  -1.0082429e-02  -2.6867394e-03  -5.0668049e-03
  -4.0564348e-01  -2.2569635e-01  -4.0971724e-01  -6.7626304e-03  -2.9840826e-03  -5.2378768e-03
  -4.6950368e-01  -3.8456460e-01  -5.3755590e-01  -7.1779258e-03  -3.1158011e-03  -5.3937101e-03
  -4.5373808e-01  -1.8633635e-01  -3.8208858e-01  -7.0009188e-03  -3.2865769e-03  -5.3718870e-03
  -4.5457405e-01  -3.3318348e-01  -4.8725788e-01  -6.9395022e-03  -3.1094979e-03  -5.4150056e-03
  -4.4392916e-01  -1.4646326e-01  -3.4446534e-01  -6.6899437e-03  -3.3484825e-03  -5.3789996e-03
  -4.5654307e-01  -2.7932654e-01  -4.7151737e-01  -7.2983193e-03  -3.2638158e-03  -5.4118219e-03
  -4.8048309e-01  -2.4309812e-01  -5.0820136e-01  -6.4048809e-03  -3.3078282e-03  -5.5942787e-03
  -5.0996093e-01  -3.5207140e-01  -5.8101184e-01  -7.7002162e-03  -3.3280842e-03  -5.4852223e-03
  -4.9006878e-01  -2.0376182e-01  -3.7203309e-01  -6.6409548e-03  -3.6098243e-03  -5.3273436e-03
  -4.6116089e-01  -3.2727280e-01  -3.9983939e-01  -7.9749556e-03  -3.1477092e-03  -5.1607393e-03
  -4.6118510e-01  -2.1195459e-01  -3.9284424e-01  -6.8107447e-03  -3.5583062e-03  -5.2307244e-03
  -4.4586029e-01  -3.8271987e-01  -4.4492555e-01  -8.8168113e-03  -3.3607767e-03  -5.1519822e-03
  -4.3589199e-01  -1.5775723e-01  -2.7957831e-01  -7.9149456e-03  -3.4946415e-03  -5.4778628e-03
  -4.5382883e-01  -3.6390724e-01  -4.8621772e-01  -7.3086343e-03  -3.1693929e-03  -5.1791026e-03
  -4.6902770e-01  -2.2759157e-01  -3.5588953e-01  -8.1073136e-03  -3.5287207e-03  -5.1094072e-03
  -4.8664638e-01  -3.4557269e-01  -5.2030765e-01  -7.1344138e-03  -3.7128369e-03  -5.3421691e-03
  -4.4894142e-01  -1.5748753e-01  -2.7935144e-01  -8.9818291e-03  -3.4316883e-03  -4.7563978e-03
  -4.6634073e-01  -2.7968094e-01  -4.7792555e-01  -7.0105226e-03  -3.4493907e-03  -5.4244256e-03
  -4.8994366e-01  -3.7791818e-01  -4.6673535e-01  -8.5132060e-03  -3.6013536e-03  -5.3718513e-03
  -4.8595479e-01  -2.2014130e-01  -3.9222219e-01  -7.2842578e-03  -3.7445393e-03  -5.3574596e-03
  -4.8179523e-01  -4.0167508e-01  -4.8511396e-01  -8.5563267e-03  -3.5632286e-03  -5.2048376e-03
  -4.7984760e-01  -1.9943454e-01  -3.5000090e-01  -7.8291691e-03  -3.7232505e-03  -5.3492144e-03
  -5.0393634e-01  -3.9106542e-01  -5.2182576e-01  -7.5743087e-03  -3.7121769e-03  -5.6145802e-03
  -4.6894667e-01  -1.4793826e-01  -3.0220451e-01  -7.2272054e-03  -3.6944078e-03  -5.2756681e-03
  -4.3425176e-01  -2.8904065e-01  -4.7262085e-01  -6.8812107e-03  -2.6232700e-03  -5.5262442e-03
  -3.7243217e-01   5.4159750e-03  -4.1410643e-01  -4.2743354e-03  -2.0001100e-03  -4.1700544e-03
  -3.7027050e-01  -2.9540753e-01  -6.1317416e-01  -4.9111782e-03  -2.0325679e-03  -5.0586362e-03
  -4.1986703e-01  -2.5268389e-01  -5.4666880e-01  -5.7702423e-03  -2.2854309e-03  -4.9597736e-03
  -4.2952562e-01  -1.2508296e-01  -4.6140622e-01  -5.6533267e-03  -2.7207719e-03  -4.7834131e-03
  -4.3437648e-01  -3.2794960e-01  -5.5209498e-01  -7.3696934e-03  -2.5618592e-03  -4.8906848e-03
  -4.4047743e-01  -2.1443357e-01  -5.2406221e-01  -6.2334281e-03  -2.3277656e-03  -5.3026707e-03
  -4.0363329e-01  -2.1295043e-01  -6.2204527e-01  -4.9964872e-03  -1.9270736e-03  -5.2381294e-03
  -3.4961936e-01   2.6304301e-02  -3.4529254e-01  -6.3158191e-03  -1.4061164e-03  -4.9585561e-03
  -3.8039276e-01  -2.2417861e-01  -5.8171985e-01  -5.0930176e-03  -1.9678876e-03  -5.0228752e-03
  -4.0196504e-01  -2.7937963e-01  -5.5564896e-01  -6.7308960e-03  -1.7366229e-03  -5.0865454e-03
  -4.2665100e-01  -1.1872940e-01  -4.4595697e-01  -5.9434974e-03  -2.1751435e-03  -5.2378232e-03
  -4.4316328e-01  -2.8262227e-01  -5.8283823e-01  -5.9640612e-03  -2.2450481e-03  -5.5039136e-03
  -4.4661133e-01  -1.0979937e-01  -4.2383938e-01  -5.9883007e-03  -2.5049530e-03  -5.4702636e-03
  -4.1287071e-01  -2.7717707e-01  -5.9777285e-01  -6.0962570e-03  -2.0576166e-03  -5.7136766e-03
  -4.3125146e-01  -9.0175581e-02  -3.4482529e-01  -6.7440313e-03  -2.4773038e-03  -5.5801378e-03
  -4.7020252e-01  -3.0072832e-01  -5.6185199e-01  -5.9247026e-03  -2.6502350e-03  -5.7447979e-03
  -4.2962433e-01  -1.8625577e-01  -3.8722910e-01  -8.2389417e-03  -2.2892357e-03  -5.2756172e-03
  -4.1028501e-01  -2.2327380e-01  -4.4724804e-01  -6.2672847e-03  -1.8311516e-03  -5.8956229e-03
  -4.4394276e-01  -3.1794783e-01  -5.2659394e-01  -6.5973146e-03  -2.1468872e-03  -5.5572859e-03
  -4.6151638e-01  -1.3579055e-01  -3.9059633e-01  -6.5874564e-03  -2.7671003e-03  -5.5699483e-03
  -4.7347722e-01  -2.9629023e-01  -5.5324972e-01  -6.1002743e-03  -2.9600814e-03  -5.5629741e-03
  -4.3883159e-01  -1.1493456e-01  -3.6708797e-01  -6.3548817e-03  -2.9444808e-03  -5.4626708e-03
  -4.2703491e-01  -3.3882238e-01  -5.0247651e-01  -7.9136436e-03  -2.4578529e-03  -5.8074076e-03
  -4.4163718e-01  -1.2295380e-01  -3.7183692e-01  -6.6950732e-03  -2.7873813e-03  -5.8575990e-03
  -4.6122060e-01  -3.0032698e-01  -5.6976647e-01  -5.8018062e-03  -2.7962350e-03  -5.7437569e-03
  -4.7386774e-01  -1.7588348e-01  -4.0651169e-01  -7.4208796e-03  -2.9997705e-03  -5.6643766e-03
  -4.8295109e-01  -2.4450237e-01  -5.0170440e-01  -5.8848506e-03  -2.7805132e-03  -6.0954015e-03
  -5.1629563e-01  -2.8713974e-01  -4.6389749e-01  -7.6921191e-03  -3.1296983e-03  -5.8991713e-03
  -5.2707327e-01  -1.8012634e-01  -4.5595993e-01  -6.0700575e-03  -3.3921654e-03  -6.0432193e-03
  -5.2221238e-01  -2.8255610e-01  -4.6887193e-01  -7.6190301e-03  -3.1947151e-03  -5.6925258e-03
  -5.3036361e-01  -1.7016088e-01  -4.3938756e-01  -5.7999521e-03  -3.5561403e-03  -5.8168765e-03
  -5.0206929e-01  -2.9982058e-01  -4.3667885e-01  -7.8311229e-03  -3.4315473e-03  -5.6576688e-03
  -5.3238529e-01  -1.4523665e-01  -3.9497843e-01  -5.2719523e-03  -3.6554599e-03  -5.5878400e-03
  -5.7302209e-01  -3.4059293e-01  -5.3147183e-01  -6.8634918e-03  -3.5469675e-03  -5.9458240e-03
  -5.5193835e-01  -1.4844095e-01  -5.0612194e-01  -5.2037302e-03  -3.9717623e-03  -6.4841031e-03
  -5.4385904e-01  -2.7581669e-01  -4.7806200e-01  -7.2116011e-03  -3.8467167e-03  -6.3102291e-03
  -5.6787217e-01  -2.3534388e-01  -5.3380605e-01  -5.4610312e-03  -4.0457535e-03  -6.7242888e-03
  -5.6824635e-01  -1.9836848e-01  -4.5264394e-01  -6.3036185e-03  -4.2360628e-03  -6.5650353e-03
  -5.4348641e-01  -2.7490154e-01  -5.3142735e-01  -5.2398323e-03  -3.9303454e-03  -6.8870925e-03
  -5.3905860e-01  -9.1336557e-02  -3.8313676e-01  -6.4965660e-03  -4.1950178e-03  -6.6239806e-03
  -5.9119333e-01  -2.7423114e-01  -5.5766065e-01  -5.5860977e-03  -4.4902451e-03  -6.9913603e-03
  -5.7707778e-01  -1.8654886e-01  -4.7343651e-01  -6.3682002e-03  -4.4536096e-03  -6.5407254e-03
  -5.6868715e-01  -2.7314977e-01  -5.7164677e-01  -5.2761601e-03  -4.1533624e-03  -7.1052247e-03
  -5.5060379e-01  -1.2993188e-01  -4.5192786e-01  -5.5749973e-03  -4.2593909e-03  -6.9998900e-03
  -5.6101891e-01  -2.9971499e-01  -5.7191795e-01  -5.1395230e-03  -4.2810507e-03  -7.2107422e-03
  -5.7010622e-01  -1.5510893e-01  -4.1950276e-01  -5.8722042e-03  -4.4475221e-03  -6.9241895e-03
  -5.3897353e-01  -3.1032563e-01  -5.4436441e-01  -6.0999116e-03  -4.0292440e-03  -6.9409127e-03
  -5.5753873e-01  -1.2789054e-01  -4.0708318e-01  -5.3598662e-03  -4.4376535e-03  -6.8565364e-03
  -5.4192365e-01  -3.3353435e-01  -5.1672024e-01  -6.7993011e-03  -4.1238169e-03  -6.8805928e-03
  -5.5061230e-01  -1.2809008e-01  -4.4241124e-01  -4.9684880e-03  -4.2717806e-03  -7.0811635e-03
  -5.4814524e-01  -2.8405825e-01  -5.3005040e-01  -5.9545221e-03  -4.0131489e-03  -7.1017615e-03
  -5.6396768e-01  -9.2579215e-02  -4.1764759e-01  -4.9968259e-03  -4.4908444e-03  -7.0201408e-03
  -5.5542940e-01  -2.8766063e-01  -5.0043088e-01  -7.5999577e-03  -4.1239357e-03  -6.7400238e-03
  -4.9670392e-01  -7.5299921e-03  -1.8422323e-01  -9.7100374e-03  -3.4985086e-03  -6.8012771e-03
  -5.5901915e-01  -1.5826347e-01  -4.2428269e-01  -5.6284503e-03  -4.2726192e-03  -7.6778276e-03
  -5.0609309e-01  -4.4409651e-01  -6.5607784e-01  -6.3913301e-03  -3.1836563e-03  -7.6803869e-03
  -5.4997124e-01  -3.4502211e-01  -6.7138036e-01  -4.5277253e-03  -3.5195923e-03  -7.6581798e-03
  -5.3064118e-01  -2.7881533e-02  -3.5527954e-01  -7.1197368e-03  -3.2345279e-03  -6.8688488e-03
  -5.2116826e-01  -1.7429979e-02  -4.2744779e-01  -5.6753491e-03  -3.5630334e-03  -7.0967681e-03
  -5.5964761e-01  -3.6065454e-01  -7.0201390e-01  -5.3779585e-03  -3.7952759e-03  -7.6937855e-03
  -5.7285097e-01  -2.8086870e-01  -6.1791223e-01  -5.2641675e-03  -3.5929239e-03  -7.8437030e-03
  -6.0089459e-01  -2.5088430e-01  -6.0741041e-01  -5.4587547e-03  -3.7849130e-03  -7.9632784e-03
  -6.3960712e-01  -3.4716195e-01  -7.8502586e-01  -6.3089248e-03  -3.7360032e-03  -8.2592331e-03
  -6.1669564e-01  -2.9641439e-01  -5.4147995e-01  -6.6888778e-03  -3.4781076e-03  -7.7509959e-03
  -5.8666453e-01  -2.0296456e-01  -4.7675798e-01  -6.7165588e-03  -3.5955194e-03  -7.2774036e-03
  -6.1562613e-01  -3.9434736e-01  -5.8676127e-01  -7.3395180e-03  -3.8723434e-03  -7.5028569e-03
  -6.0075202e-01  -1.6565642e-01  -4.2305379e-01  -7.0949937e-03  -4.1908422e-03  -7.2394089e-03
  -6.2581869e-01  -4.0858211e-01  -5.9613868e-01  -6.8615702e-03  -4.0485168e-03  -7.6900826e-03
  -6.1848716e-01  -2.4905375e-01  -4.6664741e-01  -8.3740237e-03  -3.9993918e-03  -7.2633754e-03
  -6.2614545e-01  -3.1838499e-01  -6.0488444e-01  -6.6817772e-03  -3.9789382e-03  -7.9078865e-03
  -6.4542658e-01  -3.1401120e-01  -5.9179754e-01  -7.9337936e-03  -4.1826842e-03  -7.6735803e-03
  -6.3077047e-01  -1.6941960e-01  -5.4003826e-01  -7.3104025e-03  -4.3149513e-03  -7.7132322e-03
  -6.4912771e-01  -3.8364319e-01  -6.7862931e-01  -7.3171271e-03  -4.2710151e-03  -7.9714918e-03
  -6.6350035e-01  -2.9090177e-01  -6.0950654e-01  -7.6738015e-03  -4.3905501e-03  -7.9621145e-03
  -6.6295916e-01  -2.9554467e-01  -6.2130402e-01  -6.4852182e-03  -4.4141564e-03  -8.3173521e-03
  -6.4633807e-01  -2.0675081e-01  -4.8491425e-01  -7.3695085e-03  -4.6993526e-03  -7.8800930e-03
  -6.3631602e-01  -3.0047626e-01  -6.0808992e-01  -6.4704538e-03  -4.3263285e-03  -8.3106027e-03
  -6.2240511e-01  -9.3769273e-02  -2.8570107e-01  -1.0082926e-02  -4.5286441e-03  -8.6267027e-03
  -6.1039165e-01  -3.5095296e-01  -5.9757931e-01  -7.4106590e-03  -4.5373908e-03  -9.1530039e-03
  -6.4659076e-01  -4.5838892e-01  -6.7613525e-01  -6.9729298e-03  -4.5589876e-03  -8.9099243e-03
  -5.7338702e-01  -1.6407448e-01  -4.4425925e-01  -7.4745832e-03  -4.2540202e-03  -8.4479552e-03
  -6.2459694e-01  -3.1999011e-01  -5.9505309e-01  -6.9343930e-03  -4.9404235e-03  -8.9282441e-03
  -6.1724708e-01  -2.3214874e-01  -5.2388738e-01  -7.7793458e-03  -4.9884035e-03  -8.7776091e-03
  -6.0674700e-01  -2.8688462e-01  -6.1207538e-01  -6.8893725e-03  -4.8649018e-03  -9.1483594e-03
  -6.0091223e-01  -1.9617292e-01  -3.7486034e-01  -8.5237950e-03  -4.9631439e-03  -8.8671978e-03
  -6.0996200e-01  -3.4460000e-01  -5.7154249e-01  -7.3820158e-03  -5.0107625e-03  -9.3576524e-03
  -5.6926097e-01  -2.1097497e-01  -3.8958521e-01  -8.8150135e-03  -4.8164115e-03  -8.8383675e-03
  -5.7511051e-01  -2.2875995e-01  -5.1710899e-01  -6.8833003e-03  -5.0604702e-03  -9.4426637e-03
  -4.7411063e-01  -3.5880887e-01  -3.9592199e-01  -1.3104487e-02  -3.3723084e-03  -8.4729499e-03
  -3.8336008e-01  -4.7962642e-01  -3.8393428e-01  -1.6810688e-02  -3.3424349e-03  -7.2995567e-03
  -3.8208014e-01  -4.2051939e-01  -5.8447430e-01  -1.0704806e-02  -4.3642608e-03  -8.3299661e-03
  -4.6542355e-01  -5.3489236e-01  -6.7937602e-01  -9.3459538e-03  -4.9144701e-03  -8.7194581e-03
  -5.2839501e-01  -3.7296473e-01  -6.0872445e-01  -8.8429214e-03  -5.2743761e-03  -8.7422154e-03
  -5.5337658e-01  -2.0914945e-01  -5.3663677e-01  -8.9383463e-03  -5.4822111e-03  -8.7511188e-03
  -5.5425122e-01  -2.5463738e-01  -5.7423060e-01  -8.6125988e-03  -5.3595836e-03  -9.3024630e-03
  -5.6073881e-01  -3.0642383e-01  -5.1643237e-01  -1.0879747e-02  -5.4433130e-03  -9.4085672e-03
  -5.6985266e-01  -2.6187666e-01  -5.0395950e-01  -9.6059899e-03  -5.5802228e-03  -9.6444220e-03
  -5.9493366e-01  -3.4334611e-01  -5.4459114e-01  -9.5263973e-03  -5.7268762e-03  -9.7692509e-03
  -5.8948132e-01  -3.3230076e-01  -4.8566192e-01  -1.2023553e-02  -5.7727938e-03  -9.2770808e-03
  -6.1079226e-01  -2.7433326e-01  -4.9732906e-01  -1.0327608e-02  -6.2733431e-03  -9.5955834e-03
  -6.1953005e-01  -3.9276720e-01  -5.5415312e-01  -1.1672870e-02  -6.2750948e-03  -9.2332952e-03
  -6.0262380e-01  -2.1230651e-01  -4.5956886e-01  -1.0646269e-02  -6.3081162e-03  -9.3674317e-03
  -6.5966011e-01  -4.4779961e-01  -6.1349660e-01  -1.0649221e-02  -6.6035063e-03  -9.7863435e-03
  -6.2022788e-01  -2.9397161e-01  -4.4328485e-01  -1.1965848e-02  -6.5503317e-03  -9.7666541e-03
  -6.5102221e-01  -4.0194723e-01  -6.0625949e-01  -1.1325419e-02  -6.6662164e-03  -9.7692092e-03
  -5.9051780e-01  -2.9264542e-01  -4.0947882e-01  -1.2546539e-02  -6.7961948e-03  -9.3869600e-03
  -5.6830615e-01  -4.4767520e-01  -5.4267508e-01  -1.1065451e-02  -6.2602449e-03  -1.0028849e-02
  -4.9950608e-01  -3.6641679e-01  -3.5789396e-01  -1.4523397e-02  -5.3803564e-03  -9.1296831e-03
  -4.9129363e-01  -3.0385687e-01  -4.1174942e-01  -1.1708939e-02  -5.2661923e-03  -9.6021117e-03
  -5.2940128e-01  -5.0017656e-01  -5.6031813e-01  -1.1438879e-02  -5.4000751e-03  -9.8979339e-03
  -5.6555991e-01  -3.3406993e-01  -4.4144439e-01  -1.2439246e-02  -5.8978971e-03  -9.0298736e-03
  -5.7075552e-01  -4.3621933e-01  -5.6334126e-01  -1.1518411e-02  -5.7048393e-03  -9.2047993e-03
  -5.6934830e-01  -3.2511478e-01  -4.5781582e-01  -1.1942902e-02  -5.6269632e-03  -9.1322869e-03
  -5.7825448e-01  -4.6532762e-01  -5.7880615e-01  -1.2345266e-02  -5.5955394e-03  -9.4155507e-03
  -5.8487231e-01  -3.4042140e-01  -4.8212885e-01  -1.1783951e-02  -5.8585611e-03  -9.6058592e-03
  -5.5973675e-01  -1.4784201e-01  -4.8932892e-01  -8.9201373e-03  -5.5725167e-03  -9.9907702e-03
  -5.0711164e-01   3.2984215e-02  -3.3543308e-01  -1.0477746e-02  -5.2228353e-03  -9.8703308e-03
  -5.3722577e-01  -4.5912129e-01  -6.2418450e-01  -1.1833340e-02  -5.2795165e-03  -9.4383742e-03
  -5.4559881e-01  -2.9505757e-01  -4.6765361e-01  -1.2581911e-02  -5.6283518e-03  -9.2629802e-03
  -5.7161492e-01  -4.0407261e-01  -6.1139234e-01  -1.1589999e-02  -5.7027899e-03  -9.3317168e-03
  -5.3900787e-01  -2.3253607e-01  -4.5621557e-01  -1.1853086e-02  -5.7226313e-03  -9.2036782e-03
  -5.5733920e-01  -4.1137200e-01  -6.2800676e-01  -1.1994263e-02  -5.6288876e-03  -9.5834882e-03
  -5.4142153e-01  -2.9313170e-01  -5.1588479e-01  -1.1907665e-02  -5.6462916e-03  -9.5497806e-03
  -5.3638740e-01  -4.4732507e-01  -5.1257002e-01  -1.4008155e-02  -5.4224550e-03  -9.3821418e-03
  -5.1517263e-01  -2.9251192e-01  -2.4844574e-01  -1.2304856e-02  -5.2583087e-03  -9.5366725e-03
