   0.0000000e+00   0.0000000e+00   0.0000000e+00   0.0000000e+00   0.0000000e+00   0.0000000e+00
  -5.0643236e-02   1.3927824e-02  -1.5244208e-01   2.1937744e-03  -5.5187490e-04   3.1553622e-04
  -4.0386851e-02   1.2948002e-01   1.1030112e-01   2.2787820e-04  -4.0595724e-05   3.6356518e-06
  -2.9492688e-01  -1.8776885e-03  -1.3031551e-01  -1.5528838e-04  -8.1403343e-04  -2.2092461e-03
  -2.0365897e-01   1.1351596e-01   3.7321738e-02  -2.3437557e-03  -2.8412161e-04  -8.6476489e-04
  -1.9648375e-01   4.8103175e-02  -3.2137699e-02  -4.7452808e-05  -5.2442381e-05  -1.2964376e-03
  -1.5688573e-01   9.8704186e-02   1.2083035e-01  -1.7138047e-03   3.0950667e-04  -5.2308269e-04
  -1.6918191e-01   1.3028288e-02  -4.4350139e-02   2.0590892e-04   1.5796045e-04  -4.7288051e-04
  -1.6343917e-01   1.4851868e-01   1.0489422e-01  -1.0051608e-03   3.9233317e-04  -1.3099840e-04
  -1.7452665e-01   4.5015777e-02  -9.6448036e-02   9.3987435e-04   3.1674004e-04  -1.0963966e-05
  -1.5912279e-01   1.3331213e-01   4.7125203e-02  -4.7713534e-04   1.2982614e-05   4.3521258e-04
  -1.7670244e-01   4.1867799e-02  -1.1320672e-01   1.9314623e-04  -1.5288400e-04   6.7440347e-04
  -1.4170513e-01   1.6450226e-01   7.8982762e-02  -3.6009538e-04  -1.4869308e-04   3.9507688e-04
  -1.7736917e-01   8.3036056e-03  -1.0595262e-01  -8.8167986e-04  -5.0925397e-04   9.7733150e-04
  -1.5906026e-01   1.8001153e-01   4.5118925e-02   7.2089451e-05  -5.1986503e-04   9.1363385e-04
  -1.6704329e-01   1.4690812e-02  -9.6645487e-02  -1.9228372e-03  -8.0556836e-04   1.1532188e-03
  -1.5197943e-01   1.9896161e-01   2.2749370e-02  -6.0487354e-05  -6.5279742e-04   7.8587438e-04
  -1.7660348e-01   3.0089065e-02  -9.6442912e-02  -2.2739857e-03  -1.0189473e-03   1.4069623e-03
  -1.6551738e-01   1.7999958e-01  -4.1149715e-02  -3.4824451e-04  -9.8262410e-04   1.2722295e-03
  -1.8139059e-01   5.8809679e-02  -7.0818949e-02  -1.7661497e-03  -1.3420103e-03   1.6512360e-03
  -1.6497708e-01   1.9231101e-01  -6.2805355e-02   2.5680979e-04  -9.8152254e-04   1.2568601e-03
  -1.7436253e-01   1.2311233e-01  -8.8167879e-02  -1.6086916e-04  -1.1560597e-03   1.9383596e-03
  -1.6098194e-01   1.8644879e-01  -1.0153831e-01   1.4742131e-03   6.2564849e-04   1.2252490e-03
  -5.9377621e-02   1.0051843e-01  -5.1983926e-02  -1.9128727e-03  -6.5990441e-04   7.5700748e-04
  -7.3391010e-02   8.0151462e-02  -1.9968768e-01   8.3154233e-04  -7.1819219e-04   1.2325980e-03
  -1.0318994e-01   1.9870742e-01   3.2694311e-02  -1.0570718e-03   7.3839615e-05   1.5814682e-03
  -1.6316296e-01   1.1955827e-01  -1.6551243e-01   1.3571050e-03  -8.9150329e-04   1.6900410e-03
  -1.6561621e-01   2.0867675e-01  -3.3401928e-02   3.3159352e-05  -5.8655055e-04   2.1017838e-03
  -1.8595611e-01   1.2054790e-01  -1.1856035e-01  -6.1308252e-04  -8.7388113e-04   2.3936955e-03
  -1.5593632e-01   2.2806534e-01  -1.5138244e-01   1.1485360e-03  -4.6457649e-04   2.4601540e-03
  -1.5851579e-01   2.0161194e-01  -2.3022891e-02  -4.5313712e-04  -6.2793058e-04   2.6521120e-03
  -1.5541884e-01   1.8042608e-01  -2.0703611e-01   1.5203531e-03  -6.4336398e-04   2.7607628e-03
  -1.3316622e-01   2.4312314e-01  -5.7825788e-02  -2.5821821e-04  -2.8548419e-04   3.0285914e-03
  -1.4503116e-01   1.8056355e-01  -3.0005325e-01   2.1772155e-03  -8.5838062e-04   3.1331541e-03
  -1.1866324e-01   2.9086361e-01  -1.0672201e-01   3.0280101e-04  -5.9252934e-04   2.9908463e-03
  -1.1815960e-01   1.6877854e-01  -3.3254637e-01   1.7660689e-03  -8.8275590e-04   3.1835570e-03
  -1.3040042e-01   3.0904078e-01  -1.6575746e-01   9.6153630e-04  -8.7632296e-04   2.7472459e-03
  -1.2648370e-01   2.2423208e-01  -3.9795212e-01   1.8521043e-03  -1.1710507e-03   2.6209292e-03
  -1.3027409e-01   3.2419674e-01  -1.0577159e-01  -4.4008159e-04  -8.3194680e-04   2.8706850e-03
  -1.4622826e-01   2.8529686e-01  -2.7132205e-01   2.1094577e-03  -1.1979377e-03   3.3397764e-03
  -1.4924123e-01   3.7590575e-01  -1.7134693e-01   1.1392234e-03  -6.6690925e-04   4.0577791e-03
  -1.8907312e-01   3.7945034e-01  -4.5124014e-01   3.9985673e-03  -1.6925976e-03   3.9669188e-03
  -1.4993680e-01   4.4810648e-01  -5.8628783e-02   1.8782348e-03  -8.3848119e-04   3.2730371e-03
  -1.7244975e-01   3.0276436e-01  -2.6904228e-01   3.0440832e-03  -1.0660436e-03   3.5227971e-03
  -1.2706975e-01   4.5128993e-01  -5.5316397e-02   1.6021507e-03  -5.2876465e-04   3.4226928e-03
  -1.3889889e-01   2.8891377e-01  -3.1701482e-01   3.5421495e-03  -1.2662344e-03   3.3977260e-03
  -1.5418808e-01   3.8448901e-01  -5.3842607e-01   3.2111456e-03  -2.4888315e-03   3.0888199e-03
  -9.2130114e-02   3.4652618e-01  -2.8286350e-01   1.8959018e-03  -1.3829650e-03   3.3567451e-03
  -9.3421389e-02   4.8494468e-01  -1.8243135e-01   3.2605060e-03  -1.6453319e-03   3.2739563e-03
  -1.3042582e-01   3.3007533e-01  -3.2723024e-01   3.4915051e-03  -2.2805490e-03   3.5769191e-03
  -9.8128734e-02   5.0498276e-01  -2.2417625e-01   4.4629774e-03  -2.0208024e-03   3.6742609e-03
  -1.1028465e-01   3.7022309e-01  -3.1376514e-01   2.8035174e-03  -2.1217262e-03   3.8840811e-03
  -9.9037708e-02   5.4901357e-01  -2.6578252e-01   4.8987938e-03  -1.6845140e-03   4.2972368e-03
  -7.2304127e-02   5.5220125e-01  -3.3331650e-01   3.7499168e-03  -1.3388360e-03   5.4713948e-03
  -6.8280444e-02   6.2197130e-01  -2.7086079e-01   5.4871892e-03  -1.3160721e-03   5.0232250e-03
  -6.6142433e-02   5.3842423e-01  -1.7622271e-01   2.5187990e-03  -1.2432573e-03   5.0420092e-03
  -7.4541023e-02   6.3332892e-01  -1.4894858e-01   5.1053141e-03  -1.3009686e-03   4.9009098e-03
  -5.0348708e-02   5.0102704e-01  -1.7045512e-01   2.5821815e-03  -1.2251587e-03   4.8583866e-03
  -6.7741294e-02   5.5241679e-01  -2.6080762e-01   5.3047462e-03  -1.1776933e-03   4.7677976e-03
  -6.3045930e-02   5.3823552e-01  -1.4109789e-01   2.2287449e-03  -1.1158075e-03   4.4745116e-03
  -7.5287432e-02   5.7632556e-01  -2.4731905e-01   5.3832917e-03  -1.2830117e-03   4.6045758e-03
  -8.4332569e-02   5.3947306e-01  -1.7204009e-01   2.9453346e-03  -1.1663014e-03   4.8186376e-03
  -1.3706576e-01   5.8668849e-01  -3.3767059e-01   5.8416937e-03  -1.4113855e-03   4.9153097e-03
  -1.3001489e-01   6.3150793e-01  -1.2110886e-01   4.5949153e-03  -1.4847524e-03   4.6767136e-03
  -1.6941020e-01   7.1661729e-01  -2.3444588e-01   7.8330940e-03  -2.0195912e-03   4.6163652e-03
  -1.7062473e-01   7.6197520e-01  -1.0598426e-01   6.6108746e-03  -1.8910339e-03   4.9137190e-03
  -2.4386280e-01   8.3223053e-01  -2.7518329e-01   9.5319515e-03  -1.6536631e-03   4.3210742e-03
  -1.6165276e-01   6.8583423e-01  -5.1843661e-02   5.3593450e-03  -1.6768922e-03   3.7404072e-03
  -1.8938150e-01   5.6554390e-01  -2.9111218e-01   7.6242063e-03  -2.2977534e-03   4.2935329e-03
  -1.6259263e-01   7.2482828e-01  -8.0245311e-02   5.8722933e-03  -1.7951398e-03   4.1379311e-03
  -1.9238582e-01   6.4452321e-01  -2.9969274e-01   8.3105206e-03  -2.1620941e-03   4.6433840e-03
  -1.4770430e-01   8.0842053e-01  -5.0046325e-02   6.7959371e-03  -1.7415877e-03   4.0248409e-03
  -1.8813276e-01   7.2151950e-01  -2.3886283e-01   8.8059164e-03  -2.3661859e-03   4.2995475e-03
  -2.3099496e-01   9.5445427e-01   7.8750852e-02   9.3712501e-03  -3.2486292e-03   3.4295964e-03
  -2.3692481e-01   8.2276684e-01  -6.7929013e-02   8.9751241e-03  -2.8511218e-03   3.8190309e-03
  -2.0600848e-01   9.0365699e-01  -1.9068557e-02   9.2771610e-03  -2.8477658e-03   3.8965127e-03
  -2.0830403e-01   7.5589112e-01  -2.6678737e-01   1.0145352e-02  -3.7821166e-03   3.8518413e-03
  -2.0592289e-01   1.0338535e+00  -2.1350037e-02   1.2291005e-02  -3.6084301e-03   4.3049107e-03
  -2.9471203e-01   9.0950868e-01  -2.4985117e-01   1.1380896e-02  -4.5228008e-03   4.4807169e-03
  -2.1736313e-01   1.0313693e+00   4.8031444e-02   1.0660448e-02  -3.0512230e-03   3.6412836e-03
  -1.7764012e-01   8.0640670e-01  -2.1092236e-01   1.2726525e-02  -2.9088848e-03   4.2747703e-03
  -1.8982855e-01   9.6803482e-01  -5.2251325e-02   1.0571064e-02  -3.1182225e-03   3.9845743e-03
  -2.0263965e-01   8.8141059e-01  -3.0860235e-01   1.2337345e-02  -3.5506297e-03   4.4096781e-03
  -2.0136905e-01   1.0136914e+00  -5.8669858e-02   1.1400242e-02  -3.4424448e-03   3.9755315e-03
  -2.5733905e-01   9.4094525e-01  -2.6881904e-01   1.3130761e-02  -4.2811416e-03   3.9553563e-03
  -2.5355526e-01   1.0392508e+00  -1.2961208e-01   1.2046520e-02  -3.5665872e-03   4.5120781e-03
  -2.8604544e-01   9.8256169e-01  -3.6120816e-01   1.6917395e-02  -4.0058847e-03   4.4257230e-03
  -3.1321090e-01   1.1349543e+00  -4.2265088e-02   1.5788821e-02  -4.0676071e-03   3.0351097e-03
  -3.7754441e-01   9.7488602e-01  -2.8750132e-01   1.4688670e-02  -5.2114679e-03   4.0531985e-03
  -2.5602564e-01   1.0726783e+00  -1.7099513e-02   1.4605929e-02  -4.1025705e-03   3.0902044e-03
  -2.8429138e-01   8.9439241e-01  -2.3593206e-01   1.5136082e-02  -4.4705364e-03   3.3850517e-03
  -2.5850889e-01   1.0635943e+00   1.7187676e-02   1.4005593e-02  -3.9853517e-03   2.9633505e-03
  -2.9862735e-01   8.8514943e-01  -2.2315033e-01   1.5073887e-02  -4.9474145e-03   3.1568491e-03
  -2.6442843e-01   1.0382612e+00  -6.3861941e-02   1.4379543e-02  -4.3280048e-03   2.6949623e-03
  -3.0057990e-01   9.2262120e-01  -2.7612502e-01   1.4195773e-02  -5.1036537e-03   3.4905022e-03
  -2.8385881e-01   1.1213229e+00  -1.7619171e-01   1.6549966e-02  -4.7100620e-03   3.3582376e-03
  -2.9039072e-01   1.0947118e+00  -2.8712299e-01   1.6812855e-02  -5.1610453e-03   3.1828966e-03
  -2.6393255e-01   1.2731037e+00   3.6181358e-02   1.8887320e-02  -5.0347673e-03   3.0960052e-03
  -2.7990458e-01   1.1846741e+00  -1.3374252e-01   1.7958099e-02  -4.6891783e-03   4.0529459e-03
  -2.5904216e-01   1.1953083e+00  -1.1854216e-01   1.7254727e-02  -4.2824947e-03   3.4880356e-03
  -2.2251075e-01   9.2964567e-01  -2.8289010e-01   1.5413432e-02  -4.7990349e-03   4.5365973e-03
  -1.8809035e-01   1.0988517e+00  -2.1778927e-01   1.6815687e-02  -3.9808796e-03   4.9927205e-03
  -1.9073609e-01   9.3061037e-01  -2.3400548e-01   1.4070049e-02  -4.5123549e-03   4.7151988e-03
  -1.8095694e-01   1.0565428e+00  -1.8603514e-01   1.6328243e-02  -3.8588439e-03   5.1029659e-03
  -1.9843093e-01   8.8761748e-01  -1.8210272e-01   1.3401939e-02  -3.8363166e-03   4.6866450e-03
  -2.2644334e-01   1.0575695e+00  -1.8239844e-01   1.6173665e-02  -4.1673125e-03   4.6725340e-03
  -2.1988752e-01   1.0049360e+00  -1.4676162e-01   1.4933884e-02  -4.2016578e-03   4.7811646e-03
  -2.2740773e-01   1.1094384e+00  -1.3212263e-01   1.7618037e-02  -4.2123966e-03   4.8205184e-03
  -2.2408825e-01   1.0247743e+00  -1.4929714e-01   1.5616962e-02  -4.3544126e-03   4.9476382e-03
  -2.1362757e-01   1.1366328e+00  -1.3019880e-01   1.6690326e-02  -4.0400849e-03   4.9435302e-03
  -2.3161400e-01   9.8756848e-01  -2.2109780e-01   1.4598481e-02  -4.5283291e-03   5.1291170e-03
  -2.5052024e-01   1.2459597e+00  -2.9118090e-02   1.7251238e-02  -4.4360003e-03   4.5297302e-03
  -2.7691674e-01   1.1498278e+00  -1.9027014e-01   1.7506831e-02  -4.6586209e-03   4.9440709e-03
  -2.5968137e-01   1.2277114e+00   7.4181762e-03   1.5565514e-02  -4.4099884e-03   4.4170147e-03
  -2.4012093e-01   1.0204186e+00  -1.4984606e-01   1.4602696e-02  -4.5727705e-03   4.9094412e-03
  -1.9744720e-01   1.1835802e+00  -5.5504124e-02   1.5593092e-02  -3.7924676e-03   4.4763651e-03
  -1.8737722e-01   1.0185753e+00  -1.7720306e-01   1.4153872e-02  -4.5106080e-03   4.8089797e-03
  -2.0347976e-01   1.0421785e+00  -6.4695162e-01   1.8278005e-02  -3.9511782e-03   5.2968911e-03
  -1.1134786e-01   1.1597566e+00  -3.9717353e-02   1.4852705e-02  -2.2011770e-03   5.0153894e-03
  -1.2993282e-01   1.1577273e+00  -1.2665283e-01   1.6054525e-02  -1.6394182e-03   4.8254558e-03
  -1.3509212e-01   1.0675188e+00  -2.2001826e-01   1.4595007e-02  -1.9194722e-03   5.4057865e-03
  -1.7453265e-01   1.2258535e+00  -2.2434583e-01   1.6931297e-02  -1.9371729e-03   5.0460848e-03
  -1.9915722e-01   1.1087972e+00  -3.0356054e-01   1.6193163e-02  -2.5710026e-03   5.0061477e-03
  -2.6834464e-01   1.2885785e+00  -1.9870188e-01   2.0325575e-02  -2.8830926e-03   4.4661743e-03
  -3.1593813e-01   1.2235977e+00  -2.1108377e-01   2.0035466e-02  -2.9187403e-03   4.9917262e-03
  -3.3306523e-01   1.4205567e+00  -7.8398123e-02   2.0533360e-02  -3.0831369e-03   4.7527198e-03
  -3.3501884e-01   1.1969053e+00  -3.2451969e-01   1.9645531e-02  -3.3838545e-03   4.9532049e-03
  -3.0316881e-01   1.4275627e+00  -2.1163313e-02   2.0551008e-02  -3.2254432e-03   4.6233149e-03
  -3.1426878e-01   1.4587445e+00  -4.9372960e-01   2.5014490e-02  -3.1590653e-03   5.2338760e-03
  -3.1682569e-01   1.4583137e+00  -1.3927870e-01   1.9422448e-02  -3.9034391e-03   3.2331356e-03
  -2.7118932e-01   1.3324307e+00  -2.5349685e-01   2.1734593e-02  -3.0183553e-03   3.6255535e-03
  -2.4923077e-01   1.2571634e+00  -1.9259060e-01   1.8769720e-02  -2.9024204e-03   3.4807456e-03
  -1.9527150e-01   1.2439693e+00  -3.2851790e-01   1.9552077e-02  -5.7507440e-04   2.2167501e-03
  -1.7012337e-01   1.0773029e+00  -5.4501311e-01   1.7947167e-02  -8.9088113e-04   3.3382302e-03
  -1.8965161e-01   1.2396063e+00  -3.1590023e-01   1.8934082e-02  -1.7964661e-03   3.6280941e-03
  -1.8794019e-01   1.1720621e+00  -4.8921096e-01   2.0802744e-02  -1.8047959e-03   4.0999837e-03
  -2.6012983e-01   1.3046211e+00  -2.2495744e-01   1.9900529e-02  -2.4151857e-03   3.1092553e-03
  -3.2291475e-01   1.3193494e+00  -3.7523798e-01   2.2376738e-02  -2.7970547e-03   3.4959099e-03
  -3.5527007e-01   1.4380613e+00  -1.5570159e-01   2.0038092e-02  -2.6321392e-03   2.3494257e-03
  -3.1887251e-01   1.3187515e+00  -3.8748390e-01   2.1341408e-02  -3.2254711e-03   2.8863247e-03
  -3.0176914e-01   1.4131844e+00  -1.9461075e-01   2.0276956e-02  -3.3636454e-03   2.5716910e-03
  -2.6891070e-01   1.3357100e+00  -4.6674774e-01   2.2674410e-02  -3.3329658e-03   3.0087248e-03
  -2.8662489e-01   1.5719807e+00  -1.5608852e-01   2.3277388e-02  -3.2656486e-03   3.5910853e-03
  -2.7946786e-01   1.5229710e+00  -6.2207075e-01   2.6065622e-02  -3.4487713e-03   4.2472061e-03
  -2.9621643e-01   1.5276758e+00  -3.8515476e-01   2.2483737e-02  -3.2296388e-03   2.3695117e-03
  -2.5816214e-01   1.4586984e+00  -6.1491191e-01   2.4549296e-02  -3.5542242e-03   3.2987099e-03
  -2.8625442e-01   1.5593857e+00  -2.9612407e-01   2.2686699e-02  -4.1059198e-03   2.6556327e-03
  -2.4602731e-01   1.5141224e+00  -5.3204103e-01   2.6328436e-02  -3.8172576e-03   3.5268450e-03
  -3.5228324e-01   1.6298197e+00  -2.7327084e-01   2.4453312e-02  -4.0804254e-03   2.3865893e-03
  -2.0157723e-01   1.5160085e+00  -7.5222763e-01   2.6959775e-02  -1.6336943e-03   3.3617498e-03
  -2.3247295e-01   1.5438175e+00  -4.5708216e-01   2.3401305e-02  -3.3099798e-03   2.3872604e-03
  -2.1099271e-01   1.5088102e+00  -4.9947610e-01   2.6110185e-02  -3.2018849e-03   1.9654865e-03
  -2.4694742e-01   1.4277132e+00  -4.1997381e-01   2.3414407e-02  -4.0912900e-03   2.1235307e-03
  -2.6051824e-01   1.5126268e+00  -4.4848708e-01   2.6047267e-02  -3.7265911e-03   2.0981441e-03
  -2.7579688e-01   1.4161851e+00  -3.9240635e-01   2.2996534e-02  -3.8162118e-03   1.9956002e-03
  -2.6045764e-01   1.5106626e+00  -3.5177362e-01   2.4823517e-02  -3.0425920e-03   1.8386024e-03
  -2.8218174e-01   1.3987053e+00  -4.1812382e-01   2.3325708e-02  -3.4452440e-03   2.3980282e-03
  -2.6958648e-01   1.5130742e+00  -3.5857247e-01   2.5526987e-02  -3.3152012e-03   2.2294766e-03
  -2.9582617e-01   1.4237202e+00  -4.1224506e-01   2.4885002e-02  -3.8935495e-03   2.9849008e-03
  -4.6022854e-01   1.4673668e+00  -3.2752836e-01   2.3811895e-02  -4.4257581e-03  -1.6588169e-02
  -4.9779097e-01   1.3793937e+00  -3.2368860e-01   2.2565464e-02  -5.7938850e-03  -1.4877707e-02
  -5.4248795e-01   1.4191884e+00  -3.5654786e-01   2.5314151e-02  -6.4260319e-03  -1.5897790e-02
  -5.5309997e-01   1.3907517e+00  -2.5325949e-01   2.4072036e-02  -6.6512734e-03  -1.5428379e-02
  -6.1690077e-01   1.3582659e+00  -3.9189630e-01   2.6983625e-02  -6.9246669e-03  -1.5495083e-02
  -6.9377411e-01   1.5094734e+00  -2.3111576e-01   2.8213727e-02  -7.2532726e-03  -1.3594067e-02
  -7.5069406e-01   1.4571860e+00  -3.7778858e-01   2.9428576e-02  -8.5160544e-03  -1.3167050e-02
  -6.5496450e-01   1.4443928e+00  -1.5083327e-01   2.4816296e-02  -7.9104183e-03  -1.3272115e-02
  -6.6191809e-01   1.3502908e+00  -3.1931551e-01   2.6505141e-02  -8.8776935e-03  -1.2892783e-02
  -6.1502992e-01   1.4984833e+00   1.4577591e-02   2.4739591e-02  -8.5930996e-03  -1.2834373e-02
  -6.7520809e-01   1.3560692e+00  -2.7740578e-01   2.7047843e-02  -9.4582084e-03  -1.2980427e-02
  -6.4256688e-01   1.4985159e+00   1.9327120e-02   2.5287213e-02  -8.9734675e-03  -1.3245695e-02
  -6.6243310e-01   1.3399738e+00  -1.6242710e-01   2.6589290e-02  -9.1084471e-03  -1.3366752e-02
  -6.4233836e-01   1.4977878e+00  -5.8022271e-02   2.6528457e-02  -8.7843173e-03  -1.3349309e-02
  -6.9567292e-01   1.3797302e+00  -2.1993336e-01   2.7712773e-02  -9.5734189e-03  -1.3783620e-02
  -6.6955775e-01   1.5082701e+00  -6.6708113e-02   2.6338284e-02  -9.5340356e-03  -1.3721809e-02
  -7.0691311e-01   1.3370247e+00  -2.6955302e-01   2.7183314e-02  -1.0023997e-02  -1.3800593e-02
  -6.9180129e-01   1.5733560e+00  -6.9353514e-02   2.7524448e-02  -9.9205180e-03  -1.3089704e-02
  -6.1652797e-01   1.5848387e+00  -2.7279974e-01   2.9834643e-02  -9.1447492e-03  -1.3117209e-02
  -6.5017496e-01   1.6596155e+00   3.8151089e-02   2.6625548e-02  -9.3257968e-03  -1.3074376e-02
  -6.7375690e-01   1.5538841e+00  -1.4375209e-01   2.8821922e-02  -9.6775147e-03  -1.3038338e-02
  -6.7183121e-01   1.6387385e+00   4.8705730e-02   2.7326640e-02  -9.5592510e-03  -1.2822159e-02
  -7.1912249e-01   1.5377758e+00  -1.1695898e-01   2.9555251e-02  -1.0478909e-02  -1.3177417e-02
  -7.5434642e-01   1.6875852e+00   9.5417572e-02   2.8864773e-02  -1.0754174e-02  -1.2428738e-02
  -8.0214083e-01   1.5166488e+00  -1.9102440e-01   3.0549037e-02  -1.2268016e-02  -1.2585406e-02
  -6.7338043e-01   1.6524157e+00  -4.1324538e-02   2.7383785e-02  -1.0270063e-02  -1.2868919e-02
  -5.4989135e-01   1.5845509e+00  -1.6229411e-01   2.6686403e-02  -9.4056764e-03  -1.2946934e-02
  -5.5752591e-01   1.7206630e+00   1.1012622e-01   2.7148983e-02  -9.1628385e-03  -1.3610358e-02
  -6.4064196e-01   1.4940521e+00  -1.5149774e-01   2.7521083e-02  -1.0803951e-02  -1.2660193e-02
  -6.4572585e-01   1.6721561e+00   3.6767120e-03   2.8162347e-02  -1.0331989e-02  -1.2589960e-02
  -6.3307407e-01   1.4259838e+00  -5.1823502e-02   2.5185372e-02  -1.0141021e-02  -1.2695510e-02
  -6.6541485e-01   1.5266122e+00  -4.4727647e-02   2.9753492e-02  -1.0551401e-02  -1.3411475e-02
  -7.0499740e-01   1.5749467e+00   7.5174535e-03   2.9738441e-02  -1.1178233e-02  -1.3288804e-02
  -7.4414029e-01   1.5480703e+00  -7.4643598e-02   3.0056233e-02  -1.1494909e-02  -1.3832673e-02
  -7.4666204e-01   1.6311079e+00   6.0982608e-02   3.1934317e-02  -1.1844524e-02  -1.3811782e-02
  -7.5762062e-01   1.5950562e+00  -2.3112762e-02   3.0894147e-02  -1.2548134e-02  -1.3506327e-02
  -7.6560770e-01   1.6547903e+00   4.3220460e-02   3.1950312e-02  -1.2321724e-02  -1.3797390e-02
  -7.7360026e-01   1.6265475e+00   6.2540521e-02   3.2001815e-02  -1.2411036e-02  -1.3287510e-02
  -7.7795213e-01   1.7033512e+00  -3.2747982e-02   3.4524323e-02  -1.3691138e-02  -1.1309998e-02
  -7.2812616e-01   1.7294888e+00   2.7791751e-03   3.2950942e-02  -1.2710826e-02  -1.2914544e-02
  -7.6247224e-01   1.6748099e+00   1.6337749e-02   3.3160527e-02  -1.3322446e-02  -1.3011055e-02
  -7.1706747e-01   1.3660512e+00   6.2725361e-02   2.8261490e-02  -1.2924654e-02  -1.2447984e-02
  -6.0060836e-01   1.5021084e+00  -6.4582381e-02   3.2183078e-02  -1.2180301e-02  -1.2305212e-02
  -6.7556633e-01   1.3958647e+00  -1.0333621e-01   2.9460135e-02  -1.3116465e-02  -1.1545423e-02
  -7.1141158e-01   1.5594405e+00   1.5307049e-01   3.0119068e-02  -1.3499635e-02  -1.2595743e-02
  -7.4823391e-01   1.4015566e+00   1.6466696e-02   3.0728037e-02  -1.3943973e-02  -1.1819823e-02
  -7.3605022e-01   1.6852618e+00   2.1353222e-01   3.3393760e-02  -1.3649759e-02  -1.1662060e-02
  -6.8254170e-01   1.6225359e+00  -1.0810363e-01   3.4280225e-02  -1.4010705e-02  -1.0631097e-02
  -7.2141726e-01   1.6318807e+00  -1.9372261e-01   3.4639688e-02  -1.3690681e-02  -1.1730277e-02
  -7.2142503e-01   1.6879788e+00   3.3789785e-02   3.2056359e-02  -1.3976376e-02  -1.2358583e-02
  -7.2120461e-01   1.5303839e+00  -1.0177996e-01   3.3022882e-02  -1.4017897e-02  -1.2277232e-02
  -7.1574491e-01   1.5797317e+00   3.2056351e-01   2.8432801e-02  -1.3083527e-02  -1.2943517e-02
  -6.4888727e-01   1.5347379e+00   9.6276347e-02   3.2174104e-02  -1.2272930e-02  -1.2648845e-02
  -6.9576313e-01   1.6097833e+00   1.7753610e-01   3.0729817e-02  -1.2637762e-02  -1.2125887e-02
  -7.1743797e-01   1.5754001e+00   1.0471696e-02   3.3324134e-02  -1.2987375e-02  -1.2628792e-02
  -7.2551665e-01   1.7155822e+00   1.3517562e-01   3.2197446e-02  -1.3042063e-02  -1.2113119e-02
  -7.2661439e-01   1.6843975e+00   5.8205737e-02   3.4112674e-02  -1.3350350e-02  -1.1759006e-02
  -6.7238544e-01   1.8183579e+00   2.3128197e-01   3.2561316e-02  -1.2925839e-02  -1.0682706e-02
  -6.6938727e-01   1.6864402e+00  -1.4333936e-02   3.3438344e-02  -1.3019232e-02  -1.0384302e-02
  -5.9100223e-01   1.7061626e+00   1.7981228e-01   2.9705150e-02  -1.2368060e-02  -1.0409786e-02
  -6.1384879e-01   1.5265496e+00  -2.1821582e-02   3.1571499e-02  -1.2491025e-02  -1.0627122e-02
  -6.3142704e-01   1.7626248e+00   2.5196570e-01   3.1751530e-02  -1.2302670e-02  -1.1015124e-02
  -6.6208506e-01   1.5729553e+00   3.7620618e-02   3.3604256e-02  -1.2634404e-02  -1.0549175e-02
  -6.8168006e-01   1.7882832e+00   1.7307844e-01   3.4879248e-02  -1.2646905e-02  -1.0416737e-02
  -8.4953926e-01   1.8655370e+00  -2.6303529e-02   3.3296829e-02  -1.5394708e-02  -8.1094168e-03
  -6.8153279e-01   1.8789523e+00  -4.1071368e-01   3.5427856e-02  -1.5152866e-02  -8.4838393e-03
  -7.4650556e-01   1.9304000e+00  -2.3398860e-01   3.2015405e-02  -1.5840196e-02  -1.0500780e-02
  -7.5553562e-01   1.9175461e+00  -7.6575785e-02   3.2948736e-02  -1.5698442e-02  -1.1511605e-02
  -7.4855424e-01   1.5779315e+00  -7.7099804e-03   2.6743402e-02  -1.5431036e-02  -1.0810673e-02
  -7.2750872e-01   1.7269947e+00   7.4488434e-02   2.9516572e-02  -1.4879335e-02  -1.1823591e-02
  -7.4499658e-01   1.6087036e+00   1.8998962e-02   2.8162421e-02  -1.5610953e-02  -1.0818206e-02
  -6.9390485e-01   1.3571524e+00  -4.2032985e-01   2.9957371e-02  -1.4588444e-02  -1.1019836e-02
  -6.6111133e-01   1.2961276e+00  -5.6263764e-01   2.6529034e-02  -1.4296623e-02  -1.0365967e-02
  -5.8525300e-01   1.3632436e+00  -1.7045463e-01   2.5387335e-02  -1.3396118e-02  -1.1521537e-02
  -6.4077879e-01   1.2120182e+00  -3.5498259e-01   2.7550468e-02  -1.4223222e-02  -1.1899381e-02
  -6.7682103e-01   1.4182770e+00  -1.1394959e-01   2.6491909e-02  -1.4569017e-02  -1.1673879e-02
  -7.1407816e-01   1.3574843e+00  -2.6252187e-01   2.9153745e-02  -1.5616770e-02  -1.1623065e-02
  -7.2288054e-01   1.5689934e+00  -5.4672912e-02   3.0979068e-02  -1.5062467e-02  -1.1107412e-02
  -7.7747189e-01   1.6117465e+00  -3.8830688e-01   3.3905812e-02  -1.5947266e-02  -8.5726770e-03
  -6.6436109e-01   1.4246687e+00  -7.6836228e-01   3.1305985e-02  -1.4328566e-02  -1.0886315e-02
  -6.5936268e-01   1.6241268e+00  -1.2240131e-01   2.7625184e-02  -1.4273575e-02  -1.2555855e-02
  -6.4665614e-01   1.4149556e+00  -3.6005471e-01   2.9495110e-02  -1.3470978e-02  -1.2694378e-02
  -6.6642954e-01   1.5897913e+00  -1.5604628e-01   2.6693123e-02  -1.3722692e-02  -1.1401570e-02
  -6.5022003e-01   1.4592869e+00  -3.3158965e-01   2.9883686e-02  -1.3862504e-02  -1.1848822e-02
  -6.7253965e-01   1.5992749e+00  -1.6814907e-01   2.9707713e-02  -1.4203743e-02  -1.1216414e-02
  -7.2444952e-01   1.5026606e+00  -3.5381528e-01   3.1214259e-02  -1.5253271e-02  -1.1811592e-02
  -7.1040008e-01   1.6199524e+00  -1.8616898e-01   3.0873896e-02  -1.5003144e-02  -1.1427753e-02
  -7.4346091e-01   1.6581214e+00  -2.3337604e-01   3.2040168e-02  -1.4617485e-02  -1.0545000e-02
  -6.1256917e-01   1.6646244e+00  -3.7394003e-01   3.0382297e-02  -1.3074865e-02  -8.3620809e-03
  -6.4266638e-01   1.5840833e+00  -3.5974075e-01   2.8568986e-02  -1.3734324e-02  -1.0399565e-02
  -6.9526694e-01   1.6184694e+00  -2.0527552e-01   3.0163297e-02  -1.4330611e-02  -1.1638843e-02
  -7.4885739e-01   1.4984712e+00  -2.9874110e-01   2.8862443e-02  -1.4919178e-02  -1.0254381e-02
  -7.1145761e-01   1.7026554e+00  -5.6850819e-02   3.0660646e-02  -1.4231554e-02  -1.0898615e-02
  -6.9862923e-01   1.4387797e+00  -3.3016144e-01   3.0046679e-02  -1.5186039e-02  -1.0392497e-02
  -6.9962315e-01   1.6309443e+00  -1.6638041e-01   3.1182505e-02  -1.5155591e-02  -1.0660856e-02
  -7.2400862e-01   1.4514469e+00  -2.9623016e-01   3.0364303e-02  -1.5398047e-02  -1.0476211e-02
  -7.7593037e-01   1.6612658e+00  -2.1433438e-01   3.4858252e-02  -1.5611473e-02  -1.1794227e-02
  -8.4774439e-01   1.4527630e+00  -9.5138430e-01   3.6415251e-02  -1.6523879e-02  -1.2751665e-02
  -7.3270829e-01   1.7274825e+00  -4.1341909e-01   3.3630779e-02  -1.4147932e-02  -1.0927220e-02
  -7.2812830e-01   1.4618353e+00  -4.1678414e-01   3.0595005e-02  -1.4418537e-02  -1.0587655e-02
  -7.0846930e-01   1.6716604e+00  -2.5881989e-01   3.3211918e-02  -1.3649651e-02  -1.1188565e-02
  -7.8348668e-01   1.5846800e+00  -4.1302223e-01   3.3404564e-02  -1.3755765e-02  -1.0864707e-02
  -7.2967124e-01   1.5886240e+00  -3.5798386e-01   3.1964239e-02  -1.3193510e-02  -1.1463227e-02
  -7.0225259e-01   1.5004629e+00  -1.3473141e-01   2.9578736e-02  -1.3075804e-02  -1.0938381e-02
  -6.6271603e-01   1.4414103e+00  -2.6579327e-01   3.1774628e-02  -1.2676600e-02  -1.1173154e-02
  -6.7210766e-01   1.4848725e+00   1.4115253e-02   3.0147122e-02  -1.3054787e-02  -1.1598289e-02
  -7.0340475e-01   1.3932445e+00  -2.5480370e-01   3.2465646e-02  -1.3145375e-02  -1.1888290e-02
  -7.3026379e-01   1.5171589e+00  -5.1174602e-02   3.1221054e-02  -1.3545695e-02  -1.1288076e-02
  -7.1476283e-01   1.5457538e+00  -3.7483121e-01   3.4693630e-02  -1.3445287e-02  -1.0471173e-02
  -7.4679068e-01   1.5933635e+00  -5.5933264e-01   3.3855907e-02  -1.2230509e-02  -1.0240411e-02
  -8.1226771e-01   1.6468263e+00  -3.1131273e-01   3.3259073e-02  -1.3049483e-02  -1.2756699e-02
  -8.5000387e-01   1.4706516e+00  -4.3225692e-01   3.2173953e-02  -1.4133957e-02  -1.1654067e-02
  -7.7721311e-01   1.6751211e+00  -1.6407525e-01   3.2354911e-02  -1.2899901e-02  -1.2149025e-02
  -8.1546381e-01   1.4065859e+00  -3.7432898e-01   3.0996085e-02  -1.3758660e-02  -1.1430649e-02
  -7.4881032e-01   1.5780571e+00  -2.5474817e-01   3.2269092e-02  -1.2917630e-02  -1.2120363e-02
  -7.8507096e-01   1.5368110e+00  -3.3681849e-01   3.3313559e-02  -1.3584618e-02  -1.1690142e-02
  -8.0310620e-01   1.6726948e+00  -3.2433491e-01   3.4967164e-02  -1.3293433e-02  -1.2008686e-02
  -8.3037031e-01   1.6815211e+00  -3.2766542e-01   3.3067566e-02  -1.4381870e-02  -1.2320035e-02
  -7.6465497e-01   1.7043339e+00  -2.1597591e-01   3.3535552e-02  -1.4023276e-02  -1.2244325e-02
  -7.8617402e-01   1.5345467e+00  -4.0537260e-01   3.2917158e-02  -1.4456477e-02  -1.1565311e-02
  -7.8729243e-01   1.7811899e+00  -2.3786844e-01   3.4799423e-02  -1.3922265e-02  -1.2031688e-02
  -8.4434224e-01   1.6829904e+00  -4.1462731e-01   3.5421382e-02  -1.4879479e-02  -1.1884563e-02
  -8.2804383e-01   1.8154384e+00  -3.0278668e-01   3.6183150e-02  -1.4626648e-02  -1.2354425e-02
  -8.5121453e-01   1.7535817e+00  -3.0442040e-01   3.5233967e-02  -1.5194153e-02  -1.1894661e-02
  -8.5194951e-01   1.6799501e+00  -4.2181594e-01   3.5525455e-02  -1.5351549e-02  -1.2152819e-02
  -8.0932267e-01   1.7540929e+00  -3.5382368e-01   3.5002224e-02  -1.5100398e-02  -1.2198303e-02
  -8.2453913e-01   1.5415159e+00  -2.0569320e-01   3.3899501e-02  -1.5483242e-02  -1.2711574e-02
  -7.0914768e-01   1.6038819e+00  -1.8586511e-01   3.4554319e-02  -1.4197468e-02  -1.3606107e-02
  -7.3989909e-01   1.4874719e+00  -3.2744831e-01   3.4190864e-02  -1.4583046e-02  -1.3340404e-02
  -7.4476669e-01   1.6681952e+00   3.2386072e-02   3.2426545e-02  -1.4241912e-02  -1.3612430e-02
  -7.6721770e-01   1.4979549e+00  -1.9398436e-01   3.3271480e-02  -1.4711899e-02  -1.3337403e-02
  -7.4804406e-01   1.6426172e+00   3.5422628e-02   3.1040820e-02  -1.4488821e-02  -1.3799207e-02
  -7.7592601e-01   1.5344454e+00  -1.5124915e-01   3.3400291e-02  -1.4760918e-02  -1.3973403e-02
  -7.8132659e-01   1.5321586e+00   3.3371267e-02   2.8932171e-02  -1.4543456e-02  -1.3932224e-02
  -8.0622172e-01   1.5211178e+00  -1.4032884e-01   3.2154424e-02  -1.4913384e-02  -1.3790015e-02
  -8.2486332e-01   1.7645017e+00   3.0731573e-01   3.0641557e-02  -1.4604505e-02  -1.2534110e-02
  -6.9876919e-01   1.6601921e+00   5.1825652e-02   2.8573151e-02  -1.1620627e-02  -1.2874038e-02
  -7.8154420e-01   1.7005893e+00   1.6459008e-01   2.8133679e-02  -1.3458591e-02  -1.3303325e-02
  -7.7875458e-01   1.5069287e+00  -1.1794284e-01   2.9852938e-02  -1.3965530e-02  -1.3024789e-02
  -7.3659589e-01   1.6260257e+00  -2.4146312e-02   2.7816471e-02  -1.3879144e-02  -1.2549846e-02
  -7.1557591e-01   1.6126006e+00  -6.1255307e-03   3.0559407e-02  -1.3264129e-02  -1.3578486e-02
  -7.2208372e-01   1.6031259e+00   8.4223443e-02   2.8766940e-02  -1.3549765e-02  -1.3220465e-02
  -7.7309181e-01   1.6144195e+00  -3.6446323e-02   3.2269242e-02  -1.3572366e-02  -1.3438075e-02
  -7.9892007e-01   1.6960318e+00   3.3419171e-02   3.1736593e-02  -1.4115079e-02  -1.2939702e-02
  -8.1474216e-01   1.7392982e+00   7.1842940e-03   3.3155412e-02  -1.4150928e-02  -1.3096449e-02
  -8.1477305e-01   1.7021356e+00   9.4070067e-02   3.1337414e-02  -1.4297674e-02  -1.2579941e-02
  -8.4323952e-01   1.7804961e+00   8.1646455e-02   3.4081170e-02  -1.4852779e-02  -1.3474671e-02
  -8.4108815e-01   1.8086547e+00   1.8728382e-01   3.2992154e-02  -1.4570573e-02  -1.4496928e-02
  -8.3398628e-01   1.7635616e+00   1.3597420e-01   3.4401374e-02  -1.4409917e-02  -1.5100784e-02
  -8.6595948e-01   1.6384790e+00   1.0432661e-01   3.2200013e-02  -1.5254578e-02  -1.4215135e-02
  -8.4302162e-01   1.8098381e+00   2.0247597e-01   3.4113955e-02  -1.5241884e-02  -1.3730478e-02
  -8.1593846e-01   1.7184887e+00   1.1304515e-01   3.2118097e-02  -1.4785165e-02  -1.1939835e-02
  -7.0690787e-01   1.7432930e+00   9.3001664e-02   3.4000354e-02  -1.4152510e-02  -1.1059931e-02
  -7.3496774e-01   1.7096731e+00   2.1323482e-01   3.2233020e-02  -1.4457550e-02  -1.2019931e-02
  -7.5498034e-01   1.5741840e+00  -1.9093673e-01   3.5546005e-02  -1.5402835e-02  -1.2587848e-02
  -7.3671127e-01   1.7412259e+00  -6.9288066e-02   3.5873410e-02  -1.4863109e-02  -1.3238563e-02
  -7.3669342e-01   1.8065282e+00  -1.3883211e-01   3.5171781e-02  -1.5799019e-02  -1.1320271e-02
  -7.1924923e-01   1.7099607e+00  -8.4167826e-02   3.1865417e-02  -1.5796774e-02  -1.1843055e-02
  -8.7083875e-01   1.6505159e+00  -1.5765407e-01   3.2105711e-02  -1.7550527e-02  -1.2356091e-02
  -8.2373403e-01   1.8289341e+00   1.8676826e-01   3.1528715e-02  -1.6765622e-02  -1.3147625e-02
  -8.2946897e-01   1.6196211e+00  -1.2514916e-01   3.3269380e-02  -1.6751664e-02  -1.3154490e-02
  -8.1847708e-01   1.8351623e+00   4.6402939e-02   3.2244033e-02  -1.6255652e-02  -1.2992947e-02
  -8.1749072e-01   1.5793556e+00  -2.1789684e-01   3.3097948e-02  -1.6362468e-02  -1.3063744e-02
  -8.1575501e-01   1.7184759e+00   7.6393592e-02   3.1606844e-02  -1.5797660e-02  -1.3375157e-02
  -8.4792317e-01   1.5832000e+00  -1.6312825e-01   3.3333582e-02  -1.6238340e-02  -1.3486796e-02
  -8.5263549e-01   1.7987657e+00   9.8974803e-02   3.4231304e-02  -1.6084690e-02  -1.3595055e-02
  -8.9868565e-01   1.6997791e+00   4.6151335e-02   3.5531583e-02  -1.6373105e-02  -1.3663530e-02
  -8.6400949e-01   1.9308858e+00   1.2282379e-01   3.5172245e-02  -1.6695660e-02  -1.1661423e-02
  -7.1516420e-01   1.8768627e+00  -3.3969337e-01   3.3568386e-02  -1.5042058e-02  -1.1386396e-02
  -7.2758189e-01   1.7967183e+00  -8.0841839e-02   2.9946206e-02  -1.4702902e-02  -1.0278625e-02
  -6.6036162e-01   1.7158394e+00  -2.8504463e-01   3.0263689e-02  -1.5030934e-02  -1.2199522e-02
  -7.5474459e-01   1.8544484e+00  -5.7801306e-02   2.9529128e-02  -1.6828632e-02  -1.2298968e-02
  -7.1415167e-01   1.6340060e+00  -1.8916545e-01   3.1295651e-02  -1.5050530e-02  -1.4702520e-02
  -5.9265516e-01   1.5640458e+00  -1.2643771e-01   3.0222594e-02  -1.3298789e-02  -1.2755174e-02
  -5.8353112e-01   1.2366251e+00  -4.4865752e-01   2.6608021e-02  -1.3625767e-02  -1.2350418e-02
  -6.2183560e-01   1.2482325e+00  -2.0983465e-01   2.3403426e-02  -1.4547724e-02  -1.2228456e-02
  -6.4592368e-01   1.3982068e+00  -1.0422444e-02   2.5878994e-02  -1.4232037e-02  -1.3461682e-02
  -6.9105345e-01   1.2725269e+00  -1.3550803e-01   2.6182789e-02  -1.5196517e-02  -1.2987109e-02
  -6.9485382e-01   1.4401557e+00   1.4377999e-01   2.4253776e-02  -1.4944407e-02  -1.2902864e-02
  -7.0833401e-01   1.2825307e+00  -6.7347624e-02   2.6165552e-02  -1.5252200e-02  -1.2857902e-02
  -7.2786375e-01   1.3497546e+00  -5.3858814e-03   2.4530265e-02  -1.5572904e-02  -1.1955453e-02
  -7.4505377e-01   1.3443300e+00  -7.4171010e-02   2.6037066e-02  -1.5686952e-02  -1.1871724e-02
  -7.6406626e-01   1.4978989e+00   1.0291956e-01   2.5872204e-02  -1.6149100e-02  -1.1170451e-02
  -8.4421582e-01   1.6000274e+00  -1.7129797e-02   2.7212056e-02  -1.6689389e-02  -1.1244038e-02
  -8.1719568e-01   1.5975587e+00   7.5281879e-02   2.6315423e-02  -1.6158525e-02  -1.1266396e-02
  -7.9955114e-01   1.5490770e+00  -3.1726564e-01   2.9109656e-02  -1.5718373e-02  -1.1126444e-02
  -7.6814723e-01   1.5654057e+00  -7.0781740e-02   2.6316557e-02  -1.5547642e-02  -1.0980123e-02
  -7.3634510e-01   1.6469446e+00  -7.1839012e-02   3.0089134e-02  -1.5021931e-02  -1.1801299e-02
  -7.8789798e-01   1.6272618e+00  -9.0594998e-02   2.9400377e-02  -1.5907282e-02  -1.0927036e-02
  -7.6751227e-01   1.7531705e+00  -2.5329689e-02   3.0916533e-02  -1.5607372e-02  -1.1012122e-02
  -7.8249308e-01   1.6831101e+00  -7.5683011e-02   3.0472887e-02  -1.5754738e-02  -1.0600250e-02
  -7.8371247e-01   1.7872220e+00  -9.6391848e-02   3.1599582e-02  -1.5860920e-02  -1.0085343e-02
  -6.4407407e-01   1.7765471e+00  -4.9801472e-01   2.9948201e-02  -1.4601715e-02  -6.3501412e-03
  -6.7820102e-01   1.5378814e+00  -6.0776867e-01   2.8742851e-02  -1.5098825e-02  -7.4973373e-03
  -6.9235077e-01   1.4582912e+00  -3.6988340e-01   2.4207939e-02  -1.5117972e-02  -1.0488902e-02
  -6.5273350e-01   1.5064283e+00  -2.5389385e-01   2.6504813e-02  -1.4258008e-02  -1.1487671e-02
  -6.7868580e-01   1.4587013e+00  -2.0253237e-01   2.4297822e-02  -1.4615727e-02  -1.0766401e-02
  -7.0254731e-01   1.4082248e+00  -2.6139807e-01   2.6647247e-02  -1.4884697e-02  -1.1839817e-02
  -7.1189406e-01   1.4829632e+00  -5.3678235e-02   2.3648557e-02  -1.4526674e-02  -1.1236089e-02
  -6.9444647e-01   1.3700583e+00  -2.7516724e-01   2.5896851e-02  -1.4616710e-02  -1.1404064e-02
  -7.3612147e-01   1.5582935e+00  -9.3004366e-02   2.6481156e-02  -1.5256265e-02  -1.0648918e-02
  -7.5576020e-01   1.5585461e+00  -2.0543659e-01   2.9667631e-02  -1.5652997e-02  -1.0931913e-02
  -7.8222958e-01   1.7079653e+00  -4.0416436e-03   2.8968418e-02  -1.5931799e-02  -1.0489139e-02
  -7.2682433e-01   1.6037768e+00  -3.3613599e-01   2.9779541e-02  -1.5514108e-02  -8.0767436e-03
  -6.8375952e-01   1.5491425e+00  -4.3544828e-01   2.6403521e-02  -1.4391294e-02  -7.7715794e-03
  -7.5587033e-01   1.4609220e+00  -4.8191456e-01   2.5618584e-02  -1.5692184e-02  -8.5580095e-03
  -7.6455257e-01   1.5343392e+00  -1.9292699e-02   2.2342187e-02  -1.6055794e-02  -9.8400769e-03
  -7.5201457e-01   1.3723563e+00  -2.2118257e-01   2.5839949e-02  -1.6070617e-02  -1.0265371e-02
  -7.6977439e-01   1.5461597e+00  -7.1019009e-02   2.4657317e-02  -1.6311193e-02  -1.0258185e-02
  -7.8819886e-01   1.4348882e+00  -2.1561553e-01   2.7064961e-02  -1.6366608e-02  -1.0502982e-02
  -8.2961746e-01   1.5938150e+00  -4.9617699e-02   2.6638659e-02  -1.6503761e-02  -1.0134339e-02
  -8.4274410e-01   1.4488970e+00  -1.9986816e-01   2.7069148e-02  -1.7028811e-02  -1.0018908e-02
  -8.3754255e-01   1.6325837e+00  -4.1173571e-03   2.7434013e-02  -1.6613575e-02  -9.8838971e-03
  -8.5138033e-01   1.5920082e+00  -1.0788316e-01   2.8909756e-02  -1.7159650e-02  -9.7247512e-03
  -8.6048183e-01   1.7264356e+00   3.8604291e-02   2.8708620e-02  -1.6933183e-02  -9.8267865e-03
  -8.9194164e-01   1.6221914e+00  -5.8044839e-02   2.8787267e-02  -1.7411253e-02  -9.5520789e-03
  -9.0900814e-01   1.7780230e+00  -1.4613160e-01   2.9026769e-02  -1.7026261e-02  -7.7024141e-03
  -7.0581910e-01   1.4353916e+00  -8.0294305e-01   2.4454585e-02  -1.6299908e-02  -5.1787908e-03
  -5.9822910e-01   1.5382396e+00  -4.8075567e-01   2.4771090e-02  -1.4843266e-02  -5.1494673e-03
  -6.9496185e-01   1.5441893e+00  -2.3043090e-01   2.3392114e-02  -1.5910522e-02  -6.7452814e-03
  -6.5535053e-01   1.4596632e+00  -3.2252433e-01   2.5944704e-02  -1.5357812e-02  -7.8795827e-03
  -6.9482753e-01   1.4531589e+00  -1.9588180e-01   2.1517841e-02  -1.5460433e-02  -7.3267860e-03
