   0.0000000e+00   0.0000000e+00   0.0000000e+00   0.0000000e+00   0.0000000e+00   0.0000000e+00
  -5.6497599e-02   2.1559778e-02   3.8096893e-01  -1.3633036e-03  -2.0643325e-03  -1.6008667e-04
  -5.3214809e-02   1.4618984e-02   4.3305158e-01  -1.6196788e-04  -1.9180537e-03  -2.6800317e-04
  -4.8027629e-02  -4.9676992e-02   1.9588450e-01   4.9451807e-04  -1.3370191e-03  -2.1305091e-04
  -7.7433886e-03   2.7015076e-03  -1.6650481e-02   4.0609280e-04   2.4428689e-04  -2.1219582e-04
  -2.2501279e-02   2.3203597e-02  -1.5264244e-02  -3.3676372e-04   9.5077684e-05  -1.0828519e-04
  -4.6374068e-02   7.4825713e-02   2.8048828e-01  -6.8763789e-05  -9.2485495e-04   1.2298353e-04
  -1.6942435e-02   7.6657720e-03  -1.8454748e-02   9.5575588e-04   6.5607417e-04   2.9292796e-04
   3.2472047e-03   3.3116151e-02  -8.7582156e-02   3.5831146e-04   1.1183338e-03   4.2445171e-04
  -3.6852965e-02   1.0624578e-02   2.6000824e-01  -1.3683866e-03  -7.3630317e-04   2.8606180e-04
  -3.8626497e-02   3.6093040e-02   4.5324658e-01   1.2876798e-04  -1.0950539e-03   5.0395420e-04
  -1.7220428e-02  -3.4422402e-02   1.6256256e-01   5.2624959e-04  -1.3181089e-04   6.7629005e-04
   2.7753101e-02   4.2101189e-02  -1.3873155e-01  -7.7592402e-05   1.2682610e-03   7.1028960e-04
   1.5029539e-02   1.9207268e-02   4.3537900e-02  -1.3184952e-04   4.6859076e-04   8.8410427e-04
  -4.0765954e-02   2.3950279e-02   4.3494305e-01  -1.0543131e-03  -1.1421978e-03   7.1597379e-04
  -1.0359629e-02   1.4602578e-02   2.6242604e-01   1.2102884e-03  -1.4608474e-04   8.3132461e-04
   1.6882197e-02   2.2299384e-02  -7.3931666e-02   6.6041607e-04   1.0902696e-03   1.2903550e-03
   2.3530902e-02   4.4169759e-02   3.1619397e-02  -1.5290251e-04   7.1765612e-04   1.0898777e-03
  -1.8042969e-02   8.4025799e-02   3.1386798e-01   7.7586596e-05  -5.3892204e-04   1.0996708e-03
   5.6188013e-03   1.9865247e-03   7.7579584e-02   9.8252130e-04   7.9952338e-04   1.3898491e-03
   3.2867056e-02   4.6350196e-02  -5.6922619e-02   7.1124928e-04   1.4331627e-03   1.1595392e-03
  -3.5490692e-02   2.4356886e-02   2.9940956e-01  -1.2843605e-03  -6.5253282e-04   9.5087796e-04
  -1.7758938e-02   1.4119173e-02   2.2314950e-01   7.4306298e-04   1.0617847e-04   1.0065410e-03
  -9.2503274e-03   1.2311214e-02  -4.7725216e-02   7.0383354e-04   1.1807347e-03   1.1075421e-03
  -9.1977655e-03   2.6151656e-02   4.2583038e-02  -3.7812732e-04   5.3512391e-04   9.8432218e-04
  -3.7223804e-02   3.4107284e-02   3.8764021e-01  -9.9687309e-04  -6.5608690e-04   1.0193817e-03
  -2.4746328e-02   9.9632071e-03   3.4169675e-01   3.9655899e-04  -4.3166639e-04   1.1492048e-03
   2.1063986e-03  -7.3135999e-03   2.1680006e-02   9.4610850e-04   4.7671977e-04   1.0406091e-03
  -9.4404374e-03   3.1689313e-02   1.5809781e-02   6.4120377e-04   7.2317041e-04   9.2326088e-04
  -1.3835300e-02   2.9056249e-02   1.3256777e-01  -2.7589182e-04   7.4689223e-05   9.8566127e-04
  -1.6592458e-02   6.3275991e-02   4.1175594e-01   8.9644759e-05  -7.5365055e-04   1.1888947e-03
  -9.7039976e-03   3.4600916e-03   2.0314923e-01   1.7120069e-03  -2.4690724e-04   1.3478317e-03
   9.5775369e-03   4.9252529e-02  -3.1122057e-03   1.1818725e-03   7.4584310e-04   1.1344479e-03
  -2.9139411e-03   2.4566956e-02   9.1393358e-02   2.1285404e-04   4.1239333e-04   1.1944432e-03
  -1.3073234e-02   8.3837957e-02   2.6581181e-01   8.3234837e-04  -1.2613587e-04   1.1573428e-03
  -9.7154636e-03   1.9437138e-02   9.9230823e-02   1.3817303e-03   5.1055085e-04   1.1761041e-03
  -5.1762626e-03   4.9576516e-02   5.2715738e-02   1.8771885e-04   5.4147332e-04   1.0363735e-03
  -3.6941807e-02   5.9458465e-02   3.7731168e-01  -4.8437063e-04  -5.0181639e-04   1.3401300e-03
  -1.7160994e-02  -8.3236419e-03   2.5570536e-01   1.0496431e-03   1.3740654e-04   1.3766511e-03
  -1.4877562e-02   1.7272844e-02   1.7641808e-01   1.3930947e-03   1.3927673e-04   1.3295745e-03
  -2.1636010e-02   5.5762458e-02   1.2153086e-01   1.3517050e-03   4.7290042e-04   1.3205702e-03
  -2.5171466e-02   4.9360722e-02   3.0305006e-01  -4.6570178e-04  -2.6207699e-04   1.2962924e-03
  -2.3201052e-02   3.1357663e-02   3.0571972e-01   3.2576729e-04  -1.8935412e-04   1.5424514e-03
  -5.9621206e-03   2.9209661e-02  -1.5622934e-01   8.2025153e-04   1.5816663e-03   1.0289222e-03
   9.0618676e-03   5.7982047e-02  -1.2028005e-01   4.3562632e-04   1.5408183e-03   1.3205319e-03
   7.3106585e-05   5.5692337e-02   4.0996905e-02  -4.6135697e-04   6.7244859e-04   1.2138281e-03
  -3.3552111e-02   1.0450302e-01   2.6552908e-01   7.5040809e-04  -2.5618228e-04   1.5938845e-03
  -1.7093182e-02  -5.4500129e-04   1.3787203e-01   1.2635466e-03   2.2867668e-04   1.5672862e-03
  -6.9632787e-03   4.3126980e-02   5.6832670e-03   1.1181849e-03   9.6448759e-04   1.4482752e-03
  -2.5724238e-02   4.4353612e-02   2.0002650e-01  -2.8295767e-04  -1.9831787e-04   1.4109120e-03
  -1.7590863e-02   7.2857153e-02   2.0917028e-01   1.1855320e-03   1.1798817e-04   1.4971692e-03
  -2.0789094e-02   5.6737331e-03   1.0805838e-01   1.6187965e-03   2.1787694e-04   1.7216954e-03
  -1.6684565e-02   6.5412767e-02   1.1105891e-01   1.5168688e-03   2.1801692e-04   1.5401063e-03
  -3.2300268e-02   5.8559451e-02   3.0041729e-01   4.0941718e-05  -6.5292869e-04   1.6562859e-03
  -1.3437714e-02   5.9491578e-02   1.3708860e-01   1.8574185e-03  -4.1923493e-05   1.7574494e-03
  -1.6058197e-02   2.2478952e-02   4.5054175e-02   1.1759213e-03   2.7485392e-04   1.7311143e-03
  -1.8139421e-02   4.8769889e-02   2.7990454e-01  -5.1957784e-04  -5.9818474e-04   1.7603995e-03
  -1.6034976e-02   4.7860813e-02   2.6135962e-01   1.0903489e-03  -3.1317078e-04   1.8780452e-03
  -1.1411991e-02   9.4809997e-03   1.8000055e-01   1.6048775e-03  -1.5301163e-04   1.8986553e-03
  -2.3138761e-02   5.1515153e-02   1.3291708e-01   8.7977223e-04  -1.6542970e-04   1.7375119e-03
  -2.4147805e-02   6.7414597e-02   3.0846722e-01   6.8228768e-05  -5.4781467e-04   2.0038816e-03
  -1.7566885e-02   1.3096468e-02   1.3898395e-01   1.2638674e-03   1.4313585e-04   1.9343176e-03
  -2.0606056e-02   3.4737219e-02   9.1666728e-02   1.2277089e-03   1.7127807e-04   2.0203098e-03
  -3.7402429e-02   2.5397788e-02   3.2737994e-01  -1.2081077e-03  -1.2486816e-03   2.1182254e-03
  -3.2277804e-02   4.3812705e-02   6.5727195e-01   1.9624305e-04  -1.1660551e-03   1.1704532e-03
  -2.5345650e-02  -2.7916003e-02   3.0407481e-01   2.6978749e-03  -1.4701756e-03   2.1053982e-03
   2.1309004e-03   2.3383486e-02  -1.7657893e-01   3.1932415e-03   2.2813336e-04   2.3182549e-03
   8.9398534e-03   8.7163375e-02  -1.7781950e-01   2.7503765e-03   8.2113445e-04   1.9713855e-03
   3.5279378e-03   9.6215883e-02  -5.9669197e-02   2.9842938e-03   6.1768521e-04   2.2924389e-03
  -3.7437889e-03   1.1815346e-01   5.2953772e-02   2.3755919e-03  -1.1246486e-04   2.0996833e-03
  -1.0404604e-02   1.1548087e-01   1.0242302e-02   3.6384200e-03   7.6403267e-05   2.5427373e-03
  -2.9118879e-02   4.6848415e-02   1.5569780e-01   1.0725133e-03  -6.9236976e-04   2.3691244e-03
  -2.8043122e-02   9.9235958e-02   3.3999802e-01   1.7552517e-03  -1.0632852e-03   2.5648734e-03
  -2.1836646e-02   3.4499176e-02   1.4150612e-01   2.9884808e-03  -3.9935866e-04   2.6924758e-03
  -2.2216715e-02   4.4088979e-02   7.0650019e-02   2.8985788e-03  -3.2952863e-04   2.5401706e-03
  -1.8721763e-02   9.0601443e-02   2.1379782e-01   1.9311039e-03  -8.9012721e-04   2.6000123e-03
  -2.3020575e-02   1.1804243e-01   2.8949002e-01   2.7207734e-03  -8.1541336e-04   2.6971738e-03
  -2.5190049e-02  -3.2186595e-02   9.1511448e-02   2.3674551e-03  -5.6853916e-04   2.8055703e-03
  -1.4366906e-02   7.4541272e-02   1.2609009e-01   3.1538152e-03  -4.2816761e-04   2.6093012e-03
  -4.1293688e-02   9.1929584e-02   3.3102165e-01   1.5371650e-03  -1.2547157e-03   2.7052352e-03
  -2.8562090e-02   6.4297992e-02   2.7890475e-01   2.5227859e-03  -1.1955093e-03   2.9950409e-03
  -1.6309853e-02   2.7852548e-02   5.4569584e-02   3.2751946e-03  -2.9667794e-04   2.7206179e-03
  -2.9304318e-02   7.7753012e-02   5.3639998e-02   3.4548751e-03  -5.2269932e-04   2.7182161e-03
  -3.2907455e-02   9.0862335e-02   1.3621574e-01   2.3433818e-03  -5.8724662e-04   2.3761214e-03
  -4.5776174e-02   1.2033586e-01   2.6096759e-01   2.5426987e-03  -8.1193229e-04   2.5399734e-03
  -3.4584408e-02   3.6444970e-02   1.0113327e-01   3.0819486e-03  -4.4129875e-04   2.7315726e-03
  -3.2290039e-02   9.0448433e-02   9.4506523e-02   3.1365555e-03  -4.1859116e-04   2.6418669e-03
  -5.5663668e-02   8.3284964e-02   3.3848644e-01   1.2576013e-03  -1.1161832e-03   2.5552580e-03
  -4.5734862e-02   7.1291488e-02   2.8700104e-01   2.9613035e-03  -7.5404121e-04   2.7905696e-03
  -3.1167321e-02   2.2623157e-02   1.5545743e-01   2.8892960e-03  -1.7323900e-04   2.5071050e-03
  -3.7195788e-02   5.9123163e-02   1.8583116e-01   2.7525350e-03  -5.3423457e-04   2.6420936e-03
  -4.7824150e-02   1.0223040e-01   2.9812970e-01   2.3035413e-03  -6.2265218e-04   2.6102678e-03
  -3.8953303e-02   4.7443244e-02   1.2093630e-01   2.8224854e-03  -2.6479255e-04   2.6890148e-03
  -4.8320949e-02   6.4344137e-02   1.5492908e-01   2.7384939e-03  -4.1407293e-04   2.7685592e-03
  -4.8844541e-02   1.1398873e-01   2.8780904e-01   1.7661989e-03  -6.2537647e-04   2.6387648e-03
  -4.9191714e-02   5.7437537e-02   1.5080594e-01   3.3453107e-03  -3.8139096e-04   3.0245086e-03
  -4.9735589e-03   1.0316219e-01  -1.1391495e-01   2.7782339e-03   8.6375773e-04   2.7404125e-03
  -4.3228333e-02   1.1035004e-01   2.0903454e-01   1.9148215e-03  -7.0235887e-04   2.8659914e-03
  -3.2242645e-02   1.0412164e-01   1.8432403e-01   2.7427967e-03  -4.6727057e-04   3.2420777e-03
   2.3832756e-02   6.3698159e-02  -1.0406925e-01   2.9640934e-03   9.0273036e-04   3.1549349e-03
   6.9665359e-03   6.4881272e-02  -1.0068749e-02   2.0735102e-03   4.6577049e-04   3.2791062e-03
  -1.0419809e-02   1.2499257e-01   9.0676554e-02   2.9280577e-03   1.0565212e-04   3.2522206e-03
  -1.9801165e-02   4.5488497e-02   8.3929194e-02   2.0746869e-03  -2.2827122e-04   3.0724097e-03
  -2.7273597e-02   1.1504416e-01   3.3475788e-01   1.5432060e-03  -7.0918892e-04   3.0028793e-03
  -1.0716891e-02   6.4127682e-02   1.6274816e-01   3.2906450e-03  -1.9153726e-04   3.2916393e-03
   8.3763239e-03   8.4347445e-02  -4.8464166e-02   3.1909271e-03   4.8797136e-04   3.3884709e-03
  -3.9003053e-03   1.1552538e-01   1.2310555e-01   2.3854166e-03  -1.4949908e-04   3.0802144e-03
  -2.5555015e-02   1.0679228e-01   3.6541647e-01   1.5328921e-03  -8.0289889e-04   3.4242675e-03
   2.1146480e-03   5.1740234e-02   2.4929577e-01   2.7584755e-03  -7.7180029e-05   3.5374612e-03
   1.1951819e-02   6.1348843e-02   5.7346072e-02   3.2883299e-03   1.4843492e-04   3.4109815e-03
   4.3697772e-03   1.0665464e-01   7.4249308e-02   3.1190324e-03   8.0501480e-05   3.3654418e-03
  -1.3298978e-02   9.5349454e-02   2.9389639e-01   1.3061531e-03  -8.0229478e-04   3.3047477e-03
  -9.5314889e-03   9.5812464e-02   4.1222294e-01   6.7881079e-04  -1.4867712e-03   3.5562528e-03
   6.4268006e-03   5.9867319e-02   2.8188579e-01   2.5019720e-03  -8.7065078e-04   3.7574156e-03
   1.6701523e-02   5.4455792e-02   5.0977585e-03   2.8783399e-03  -3.1137713e-04   3.4546708e-03
   1.6429718e-02   9.8883127e-02   5.4850931e-02   2.7566798e-03   1.0525139e-05   3.2387555e-03
   8.7419806e-03   1.0715689e-01   9.3446673e-02   2.5715293e-03  -1.3176676e-04   3.2097029e-03
  -1.2130568e-02   8.7177553e-02   3.4762276e-01   8.0364595e-04  -1.0407283e-03   3.4301543e-03
   6.1747384e-03   9.9753252e-02   4.0359749e-01   1.9821498e-03  -8.3601863e-04   3.5603581e-03
   5.6782481e-03   5.4644845e-02   1.5300873e-01   3.0788146e-03  -3.2058083e-04   3.6859675e-03
   5.2308423e-03   7.8402000e-02   7.6021721e-02   2.6914287e-03  -8.2664977e-05   3.6409532e-03
  -8.0983002e-04   9.6826485e-02   1.3706152e-01   2.3731552e-03  -1.4992781e-04   3.5744847e-03
  -9.3552199e-03   1.2781959e-01   3.1149849e-01   1.7563650e-03  -5.5470477e-04   3.8243386e-03
  -8.6154301e-03   7.5798701e-02   2.0722417e-01   2.7324605e-03  -1.3981864e-04   3.8322071e-03
  -3.7701741e-03   7.3464723e-02   7.2511942e-02   2.8308591e-03   6.3868057e-05   3.9613169e-03
   6.4603216e-03   1.1960118e-01  -1.3386456e-02   1.2908110e-03  -2.1238111e-05   3.6901070e-03
  -1.5483653e-02   1.5872408e-01   2.6698767e-01   2.4403769e-03  -6.5012254e-04   4.0792363e-03
  -8.6839405e-03   5.7472162e-02   1.1690671e-01   2.9411872e-03  -6.9120160e-05   4.1461151e-03
  -1.0974725e-02   5.6355446e-02   2.3069112e-01   1.1499378e-03  -5.9718412e-04   3.8388824e-03
  -6.6039073e-03   1.1797833e-01   3.8330356e-01   1.6162980e-03  -9.5405160e-04   4.1009060e-03
  -2.9579716e-03   3.6653017e-02   1.1918041e-01   2.7272647e-03  -1.1110433e-04   4.1165024e-03
   6.5608250e-03   8.4780040e-02   1.0605054e-01   2.5419951e-03   8.2705426e-05   3.8987731e-03
  -6.3561113e-03   1.0896731e-01   2.3664151e-01   1.6790553e-03  -5.2277889e-04   4.0725661e-03
  -7.6053585e-04   1.1332067e-01   3.4392047e-01   2.2615521e-03  -3.9916283e-04   3.9952610e-03
  -9.3971712e-03   4.2200321e-02   2.2300136e-01   2.9424396e-03  -3.8598213e-04   3.9763630e-03
  -7.5390053e-03   7.4660118e-02   2.0954411e-01   1.9696220e-03  -2.8405953e-04   3.9753432e-03
  -1.4871065e-02   1.1932956e-01   3.6128432e-01   1.2817778e-03  -6.3240286e-04   3.9794651e-03
  -8.2130772e-03   6.2290451e-02   3.0106496e-01   2.4254752e-03  -3.9223502e-04   4.1513294e-03
  -1.7673242e-02   2.5232862e-02   2.2456837e-01   2.8395243e-03  -8.4380382e-05   3.8714564e-03
  -1.5434094e-02   7.5272531e-02   3.0996220e-01   1.4354701e-03  -3.0801646e-04   3.8619397e-03
  -1.5202671e-02   8.8555558e-02   2.7518945e-01   2.8518699e-03  -1.0243217e-04   4.1371637e-03
  -1.9342396e-03   8.2940883e-02   1.0199343e-01   2.9449007e-03   2.3325685e-04   3.9235275e-03
  -2.2581209e-02   8.2260425e-02   1.8557864e-01   1.3311781e-03  -4.6253288e-04   3.8234164e-03
  -2.0062886e-02   3.9084796e-02   5.2939130e-01  -7.5743957e-04  -1.3803909e-03   2.7024612e-03
  -5.2825806e-02   5.6098142e-02   7.5923059e-01   3.7083553e-03  -1.4993402e-03  -6.8960345e-04
  -2.9323935e-02   4.3403195e-03   1.3209197e-01   3.9686338e-03  -2.5708921e-04   1.4509396e-03
  -1.1611888e-02   8.6871696e-02  -1.9041839e-02   3.8769024e-03   2.6377709e-04   2.1806524e-03
  -5.6367370e-03   1.2843520e-01   1.0638291e-01   4.0389147e-03   4.7062775e-04   2.2551106e-03
  -2.5663265e-02   8.2964127e-02   3.0499011e-01   1.9769220e-03  -1.1149606e-03   2.7924018e-03
  -1.4122824e-02   1.3701769e-01   5.0789823e-01   3.4846321e-03  -1.2504338e-03   2.8161286e-03
  -1.2575758e-02   3.4278640e-02   2.2679236e-01   4.1529974e-03  -8.3615485e-04   3.2252026e-03
  -1.2587710e-02   1.1998202e-01   8.6636172e-02   3.6602586e-03  -2.5246297e-04   2.7711558e-03
  -1.6694223e-02   9.8871998e-02   2.0630037e-01   3.0370607e-03  -8.3138502e-04   2.8764803e-03
  -1.4281311e-02   1.4318567e-01   2.3603586e-01   4.1416771e-03  -4.1841923e-04   3.0730587e-03
  -2.8001205e-02   7.1715708e-02   3.1186825e-01   2.4913073e-03  -1.0815608e-03   3.1561270e-03
  -2.2011113e-02   1.5039152e-01   5.2518307e-01   2.6401017e-03  -1.6523462e-03   3.4718156e-03
  -6.8311169e-03   8.8121741e-02   3.9672254e-01   4.1097204e-03  -1.1971529e-03   3.3958928e-03
  -1.3762362e-02   5.2903320e-02   1.7622298e-01   4.2799622e-03  -7.6038785e-04   3.3711247e-03
   8.2227836e-04   1.1979316e-01   1.6210792e-01   4.0581892e-03  -2.6833243e-04   3.0687163e-03
  -2.5767111e-02   1.0996196e-01   4.3803998e-01   2.5225673e-03  -1.5520365e-03   3.3586120e-03
  -3.9816978e-03   1.1559191e-01   3.6523538e-01   4.6234858e-03  -1.0524187e-03   3.5669784e-03
  -3.8755502e-03   9.4851038e-02   2.2450266e-01   4.1691186e-03  -7.2407327e-04   3.3942827e-03
  -1.5204822e-02   1.2188975e-01   3.1180271e-01   3.1953202e-03  -1.1654041e-03   3.2906161e-03
  -5.4883912e-03   1.5235242e-01   5.0876431e-01   2.7815933e-03  -1.4984512e-03   3.5750488e-03
   3.9106482e-03   7.7073686e-02   3.0751003e-01   3.8831684e-03  -9.9271982e-04   3.5369639e-03
   1.9550228e-02   6.9042315e-02   1.7211899e-01   4.1351259e-03  -4.5278382e-04   3.2970029e-03
   3.7624710e-03   8.4378889e-02   3.1443706e-01   3.0357741e-03  -1.2261734e-03   3.2109979e-03
   9.8755580e-04   1.1833792e-01   5.7053368e-01   2.3834313e-03  -1.4217262e-03   3.3368261e-03
   1.0015894e-02   6.9741573e-02   3.9671622e-01   3.9993556e-03  -1.0044694e-03   3.3968944e-03
  -1.0754399e-03   9.2596408e-02   2.3130991e-01   3.8869778e-03  -9.1837125e-04   3.3080372e-03
  -2.2777028e-04   1.2743224e-01   3.4096355e-01   2.7933448e-03  -1.2642854e-03   3.1372751e-03
  -6.7831864e-03   1.3583700e-01   4.4821359e-01   3.4055271e-03  -1.2555620e-03   3.4893981e-03
  -3.0026595e-03   7.9977181e-02   2.6724665e-01   3.7405992e-03  -7.0203302e-04   3.3501985e-03
  -7.1559457e-03   1.0341227e-01   3.7768053e-01   2.4271678e-03  -1.3317145e-03   3.4018755e-03
  -1.0623221e-03   1.3491945e-01   4.1005234e-01   3.6887582e-03  -9.0434913e-04   3.5874993e-03
   1.5685561e-02   1.0340604e-01   1.0971831e-01   3.6200697e-03  -1.4936305e-04   3.6862613e-03
  -2.5267741e-03   1.0804122e-01   2.9477111e-01   2.7395225e-03  -1.1237693e-03   3.6999583e-03
   5.0103707e-03   1.6236230e-01   4.5809357e-01   3.5739023e-03  -1.2179797e-03   3.8179852e-03
   9.8903686e-03   6.9456721e-02   2.0408196e-01   3.6615805e-03  -6.4978805e-04   3.7679336e-03
   1.9631407e-02   9.7856312e-02   3.5673813e-01   1.7579800e-03  -1.4334275e-03   3.4805241e-03
   2.9298562e-02   1.2751207e-01   4.5054781e-01   3.4069960e-03  -1.0432096e-03   3.6225397e-03
   3.2536722e-02   6.3830992e-02   2.9121211e-01   3.3804687e-03  -6.6342049e-04   3.6633778e-03
   2.3069293e-02   1.2454945e-01   3.5102104e-01   2.8752808e-03  -1.1948243e-03   3.5570220e-03
   1.7553623e-03   1.5939615e-01   5.4941762e-01   2.3608959e-03  -2.3921162e-03   4.2940255e-03
   1.1846015e-02   1.2596753e-01   4.3500096e-01   4.1947011e-03  -1.8394820e-03   4.4159448e-03
   3.6236962e-02   1.1878741e-01  -4.2694372e-03   4.3872876e-03  -3.4724429e-04   4.5804340e-03
   5.7299357e-02   1.5979146e-01  -4.4148162e-04   4.2016044e-03   2.0740400e-04   4.5131888e-03
   5.3135590e-02   1.5980473e-01   1.9110783e-01   3.0936993e-03  -9.6017993e-04   4.5726005e-03
   1.2561296e-02   1.7492976e-01   5.0260294e-01   3.2338150e-03  -2.1137583e-03   4.6270300e-03
   4.2002341e-02   1.2646565e-01   3.1545632e-01   4.8179068e-03  -1.1947120e-03   4.5552638e-03
   3.7734058e-02   1.3790175e-01   2.2273961e-01   4.7097211e-03  -1.1712566e-03   4.5948881e-03
   3.9127617e-02   1.4309257e-01   3.8557722e-01   2.8184883e-03  -1.6958380e-03   4.3168207e-03
   4.7546379e-02   1.8176258e-01   4.4182196e-01   4.2573000e-03  -1.4179393e-03   4.6546374e-03
   5.4269119e-02   9.4127539e-02   2.8689783e-01   4.3730344e-03  -1.2904773e-03   4.8805385e-03
   9.5678751e-02   1.6810951e-01   2.6959572e-01   4.2524493e-03  -6.1379968e-04   4.4656988e-03
   8.4185464e-02   1.5345903e-01   4.4221137e-01   2.9267842e-03  -9.8887046e-04   4.5733953e-03
   9.2576185e-02   1.4926827e-01   3.0160932e-01   4.3659201e-03  -4.4379266e-04   4.8524798e-03
   1.0421010e-01   1.7028476e-01   1.6339136e-01   4.7497437e-03  -1.2655734e-04   4.9213151e-03
   1.1326902e-01   1.4749620e-01   3.0296870e-01   2.6620121e-03  -7.6236794e-04   5.0278722e-03
   1.4082910e-01   1.9349835e-01   4.6869056e-01   3.7929333e-03  -3.8542096e-04   5.0421320e-03
   1.3830060e-01   1.0788482e-01   2.7281371e-01   4.4758742e-03  -2.3034056e-05   5.0523986e-03
   1.4338043e-01   1.8082989e-01   3.5836950e-01   4.5744669e-03  -3.4858294e-05   4.9118713e-03
   1.3665776e-01   2.0370353e-01   3.8939636e-01   4.3397468e-03   3.7921942e-05   4.7460497e-03
   1.6509432e-01   1.5612758e-01   5.3763542e-01   2.3728254e-03  -2.6525967e-04   5.5255297e-03
   1.6059133e-01   1.4802581e-01   3.2441466e-01   4.5319333e-03   2.4516382e-04   5.4013386e-03
   1.5175841e-01   1.8149453e-01   7.6841639e-02   4.5814188e-03   8.0407549e-04   5.6418464e-03
   1.7860083e-01   2.1032721e-01   4.9990514e-02   3.6166837e-03   1.1416001e-03   5.5939405e-03
   1.3957488e-01   2.1108880e-01   4.2347675e-01   2.4665039e-03  -2.4629134e-04   5.6364569e-03
   1.4364191e-01   1.6118459e-01   3.6597083e-01   4.0342425e-03   9.5164233e-05   5.8408581e-03
   1.6058469e-01   1.7758242e-01   1.1360889e-01   4.7670243e-03   9.3381068e-04   5.6500745e-03
   1.8177848e-01   2.0696033e-01   7.6024529e-02   4.0542422e-03   1.0131884e-03   5.7231957e-03
   1.4540607e-01   2.0680018e-01   4.5077447e-01   2.9794286e-03  -3.2676502e-04   5.6740070e-03
   1.5718152e-01   1.8168060e-01   3.8662184e-01   4.4395111e-03   8.0393062e-05   5.5653356e-03
   1.6599363e-01   1.2890266e-01   2.2449014e-01   4.6164508e-03   4.9162457e-04   5.6769648e-03
   1.7108294e-01   2.0840515e-01   1.7926315e-01   4.3819681e-03   8.2402654e-04   5.5963540e-03
   1.6281997e-01   1.8684980e-01   3.0444398e-01   3.1607117e-03   3.4192043e-04   5.8165520e-03
   1.6852061e-01   2.0858236e-01   4.3398796e-01   3.3443795e-03   2.6065155e-04   5.8748596e-03
   1.8349636e-01   1.6668905e-01   2.0703801e-01   4.8110649e-03   6.6328996e-04   5.9770029e-03
   1.9664821e-01   2.1053795e-01   6.6851546e-02   4.3480302e-03   7.9359275e-04   6.1298806e-03
   1.8409804e-01   2.0682174e-01   4.3430258e-01   2.4620589e-03  -3.2013885e-04   6.2810175e-03
   1.8020663e-01   1.9327841e-01   4.2484918e-01   4.0543400e-03  -2.1595399e-04   6.3029198e-03
   1.9170475e-01   1.4288305e-01   5.1611514e-02   4.5480468e-03   6.4726833e-04   6.0662820e-03
   2.1305824e-01   2.1716085e-01   3.0702494e-02   4.1912954e-03   9.9520367e-04   6.1398879e-03
   1.6825090e-01   2.2339486e-01   3.0105898e-01   2.9538725e-03  -5.1068560e-04   6.2251245e-03
   1.6382335e-01   2.3679685e-01   3.3819867e-01   4.1967509e-03  -6.0138780e-04   6.2511563e-03
   1.8821215e-01   1.5295848e-01   2.0995052e-01   4.5664420e-03   2.9578228e-04   5.9874073e-03
   1.7196495e-01   1.9493211e-01   2.1345349e-01   4.0396766e-03   9.0552355e-05   5.9915437e-03
   1.6857303e-01   2.5313995e-01   4.2925939e-01   3.5974120e-03  -4.4751331e-04   6.3607406e-03
   1.6788965e-01   2.5942717e-01   3.9191255e-01   4.8196612e-03   2.7755127e-04   5.9287202e-03
   1.7336115e-01   2.4236151e-01   3.8837239e-01   4.5982897e-03   4.4326732e-04   6.0980881e-03
   1.8807667e-01   2.3430550e-01   1.6323422e-01   4.9413137e-03   9.2447214e-04   6.1428307e-03
   1.6795255e-01   2.3043042e-01   3.9667403e-01   3.0048852e-03  -2.1578953e-04   6.5896225e-03
   1.7906285e-01   2.0086709e-01   2.2156705e-01   4.5365895e-03   7.3857178e-04   6.4763974e-03
   2.0623479e-01   2.4453991e-01   7.1740521e-02   4.1641359e-03   1.3293390e-03   6.6068690e-03
   1.7729648e-01   2.7291737e-01   3.6719595e-01   3.8177457e-03   1.6662175e-04   6.7652503e-03
   1.7495724e-01   3.7103695e-01   3.9987577e-01   4.7187950e-03   6.6715067e-04   5.9392358e-03
   1.7665796e-01   2.1443026e-01   4.3498370e-01   3.3609880e-03  -1.1181305e-05   6.9148684e-03
   1.9988524e-01   2.2855631e-01   3.5553027e-01   4.3872239e-03   5.7202372e-04   6.7635812e-03
   2.1249455e-01   2.2519443e-01   2.0290596e-01   4.9731034e-03   1.2038851e-03   6.4780796e-03
   1.8263746e-01   2.5443772e-01   2.3879177e-01   3.9157126e-03   4.3629396e-04   6.8226747e-03
   1.9118328e-01   2.5407865e-01   5.0262459e-01   1.9802917e-03   5.4018150e-04   6.2220165e-03
   1.9504862e-01   3.0069859e-01   8.1031724e-01   4.1448595e-03   1.3418695e-03   2.0683500e-03
   1.8613888e-01   2.0526418e-01   1.9294718e-01   5.7895990e-03   9.2872433e-04   4.6169899e-03
   1.9798977e-01   2.7465093e-01  -1.2184401e-01   5.5787719e-03   2.8381580e-03   4.6807693e-03
   2.1354760e-01   2.9039607e-01   2.5313911e-02   5.7330172e-03   3.0244452e-03   5.2035146e-03
   2.1599514e-01   2.9825768e-01   1.3320680e-01   5.1988665e-03   2.0001515e-03   5.5282902e-03
   1.8870433e-01   3.2513176e-01   4.4074965e-01   4.1419682e-03   7.6456248e-05   6.0755818e-03
   2.2233598e-01   2.7815423e-01   3.4568386e-01   5.4977754e-03   8.3103755e-04   6.0937567e-03
   2.5323272e-01   2.3183204e-01   2.0851022e-01   6.1043905e-03   1.3965550e-03   6.1747838e-03
   2.3099808e-01   2.7143522e-01   2.3129585e-01   5.7353965e-03   1.5188429e-03   5.9616793e-03
   2.2247984e-01   2.7800360e-01   4.2651392e-01   4.1851834e-03   5.8760250e-04   6.4329457e-03
   2.4522849e-01   2.6575851e-01   5.0603586e-01   4.5529101e-03   6.0122619e-04   6.6800935e-03
   2.4229240e-01   2.0660019e-01   3.7400531e-01   5.5237852e-03   1.0793346e-03   6.3373360e-03
   2.3316763e-01   2.5016425e-01   4.0570866e-01   5.3881428e-03   8.7517437e-04   6.5674835e-03
   2.3908777e-01   3.0494714e-01   4.3722136e-01   5.4592977e-03   9.8431390e-04   6.5563350e-03
   2.4471224e-01   2.5771675e-01   4.2681684e-01   5.6125860e-03   1.0549442e-03   6.2128318e-03
   2.4906397e-01   3.3859138e-01   4.5954121e-01   4.8649584e-03   9.0425390e-04   6.0265538e-03
   2.7741185e-01   3.0163019e-01   5.8757818e-01   3.5775368e-03   6.9640123e-04   6.8229744e-03
   2.8912435e-01   2.5080049e-01   4.0678205e-01   5.3075672e-03   1.4167241e-03   6.8920257e-03
   2.9357779e-01   2.7180713e-01   3.2167291e-01   6.0728694e-03   1.7403890e-03   6.9197517e-03
   2.7531838e-01   3.0112987e-01   3.7169584e-01   5.6565537e-03   1.4080834e-03   6.7760232e-03
   2.8635718e-01   3.2414207e-01   4.9792240e-01   5.0689202e-03   1.1574500e-03   6.9995189e-03
   2.8971094e-01   3.0186001e-01   4.2735676e-01   6.0669297e-03   1.5023878e-03   6.6818428e-03
   2.9578347e-01   2.8356485e-01   5.4737556e-01   3.5930215e-03   9.2430749e-04   7.8495016e-03
   3.4170047e-01   3.1914257e-01   5.4363105e-01   3.7593876e-03   1.3917536e-03   7.7961841e-03
   3.2860524e-01   2.6708080e-01   4.3580360e-01   4.9592614e-03   1.5035216e-03   7.6655645e-03
   3.5433563e-01   3.8437695e-01   4.8601856e-01   4.8432585e-03   8.8225572e-04   8.5752079e-03
   3.4049603e-01   5.0735140e-01   5.3181452e-01   5.3999668e-03   1.5705558e-03   7.7378632e-03
   3.4418221e-01   4.2132668e-01   5.2135222e-01   4.6808576e-03   1.6672170e-03   7.7625622e-03
   3.6704467e-01   4.7552018e-01   5.6308746e-01   5.6022900e-03   1.5147060e-03   8.2590097e-03
   3.8517440e-01   4.9991154e-01   4.8104578e-01   6.7984760e-03   1.6683932e-03   8.1302035e-03
   3.9636128e-01   4.0507762e-01   6.0326885e-01   2.5158362e-03   1.9146121e-03   9.3927565e-03
   3.2480192e-01   3.9650863e-01   6.2767789e-01   2.9208473e-03   2.4286119e-03   8.6117225e-03
   3.5236307e-01   3.5081809e-01   6.1385911e-01   2.3489140e-03   2.9282826e-03   8.9569005e-03
   3.3869592e-01   3.6089056e-01   5.6704779e-01   2.2649143e-03   3.1893901e-03   8.5763856e-03
   3.4095682e-01   3.4865335e-01   5.7796428e-01   1.1445756e-03   2.6668588e-03   8.8078298e-03
   3.3601399e-01   3.5159389e-01   5.9814131e-01   1.4977109e-03   1.9092015e-03   9.1421977e-03
   3.1606399e-01   3.3263717e-01   2.7190306e-01   3.6598291e-03   2.6397158e-03   8.5720229e-03
   3.0081040e-01   3.6991189e-01   2.1102667e-01   3.9059214e-03   2.7389555e-03   8.2481626e-03
   2.5521764e-01   3.6467513e-01   4.4429251e-01   1.5904168e-03   8.9787069e-04   8.0860512e-03
   2.6105711e-01   3.5716422e-01   3.9467731e-01   3.7704584e-03   1.3707282e-03   8.2884824e-03
   2.6150673e-01   3.3243794e-01   1.1748300e-01   3.7446144e-03   2.1819351e-03   7.4772048e-03
   2.3357920e-01   3.6014415e-01   1.9221266e-01   3.8924379e-03   1.5999019e-03   7.2052405e-03
   1.9762239e-01   3.9153101e-01   4.5176090e-01   2.4085442e-03   4.3893039e-04   7.0637901e-03
   2.1205658e-01   3.1769610e-01   2.1082167e-01   3.8468526e-03   1.3749921e-03   6.9677682e-03
   1.9046991e-01   3.4598117e-01   2.9374947e-01   2.8824475e-03   3.1297411e-04   6.4877468e-03
   1.4555623e-01   3.4415236e-01   6.0703384e-01   9.9320147e-04  -1.0297606e-03   6.5691576e-03
   1.6650424e-01   2.8461040e-01   4.5725319e-01   3.0296629e-03  -1.3738049e-04   6.1552592e-03
   1.6575294e-01   2.8121537e-01   7.4265403e-02   3.5411357e-03   1.2160471e-03   5.5425359e-03
   1.6609474e-01   3.2677561e-01   1.2413122e-01   3.7344895e-03   1.8496919e-03   5.3015978e-03
   1.3815116e-01   3.3951208e-01   4.0346965e-01   2.3356733e-03  -2.8459385e-05   5.6386845e-03
   1.4539283e-01   3.6362843e-01   4.5464190e-01   4.0354501e-03   8.4670601e-05   5.8307967e-03
   1.7614596e-01   2.8734126e-01   1.7212100e-01   4.0150310e-03   1.6712323e-03   5.6875091e-03
   1.8302196e-01   4.0501790e-01   1.5459717e-01   7.5532905e-03   1.4151379e-03   5.9139146e-03
   1.2170664e-01   2.7100587e-01   3.1296555e-01   1.5424492e-03  -4.4815423e-04   4.9143787e-03
   9.9413346e-02   3.6015472e-01   6.5681894e-01   3.3505847e-03  -5.5360786e-04   4.8818344e-03
   1.2965321e-01   2.7524559e-01   3.2272585e-01   6.1126339e-03  -1.6909217e-04   5.6973188e-03
   1.8106325e-01   3.4790798e-01   3.8296884e-02   5.9049441e-03   1.5199179e-03   5.4024482e-03
   1.8853257e-01   3.7397423e-01   1.4148868e-01   5.6383576e-03   1.7655307e-03   5.4013041e-03
   1.5764969e-01   3.4002459e-01   3.5466598e-01   3.9507666e-03   2.0928626e-04   5.4476982e-03
   1.5617014e-01   3.7443097e-01   4.6555390e-01   5.3340256e-03   3.3367735e-04   5.4726089e-03
   1.6654984e-01   3.0655689e-01   2.1897238e-01   5.8320756e-03   1.0432463e-03   5.5547623e-03
   1.4901675e-01   3.6599278e-01   3.9114344e-01   4.3793494e-03  -4.6090241e-05   5.4442531e-03
   1.5672103e-01   3.7566457e-01   3.0091069e-01   5.9263957e-03   7.4900286e-04   5.5027156e-03
   1.7191576e-01   3.4265828e-01   7.9696922e-02   5.6176839e-03   1.1648063e-03   5.6081798e-03
   2.4655236e-01   4.4397833e-01  -2.2048161e-01   8.1606172e-03   2.7962322e-04   6.1469465e-03
   2.1887502e-01   3.6158429e-01   3.5769450e-02   5.2261850e-03   1.4289805e-03   5.6776804e-03
   2.1858764e-01   3.3304952e-01   1.5609884e-01   4.8194312e-03   2.1732555e-03   5.3742439e-03
   2.0204937e-01   3.5967087e-01   3.7629525e-01   4.1108661e-03   4.4763968e-04   6.0410218e-03
   3.2760362e-01   1.8072341e-01   3.2624224e-01   9.0596336e-03   3.8761794e-03   7.0750863e-03
   3.2726998e-01   1.4046302e-01   3.1480926e-02   7.5776941e-03   2.9273553e-03   7.9980207e-03
   4.0297225e-01  -9.2887446e-02   6.7776193e-01   2.4227859e-03   3.8418766e-03   7.2373968e-03
   4.0059847e-01   5.3750045e-02   6.1989520e-01   1.1649928e-03   3.5763034e-03   6.5606713e-03
   3.9446798e-01   1.3357709e-01  -1.4766959e-01   1.3503529e-03   3.9074894e-03   5.8714251e-03
   3.6985364e-01   1.3319025e-01   2.5350377e-01   2.2345376e-04   2.7054726e-03   6.3935408e-03
   2.9700751e-01   2.1848674e-01   7.6752698e-01   2.3972165e-03   2.6065915e-03   4.2679642e-03
   3.0590616e-01   1.6097930e-01   6.0324519e-01   5.1017162e-03   2.9403416e-03   4.2632408e-03
   3.0719764e-01   1.2561546e-01   1.3732814e-01   7.0383509e-03   3.6482770e-03   5.0243358e-03
   3.2060212e-01   2.2185433e-01  -2.4951085e-02   6.6590607e-03   4.7547533e-03   5.0449532e-03
   3.3365120e-01   2.2627677e-01   5.8894082e-03   6.2612668e-03   5.0740093e-03   5.3698258e-03
   3.2637461e-01   2.6129049e-01   2.0000732e-01   5.7097827e-03   3.9814394e-03   5.8820580e-03
   3.8185996e-01   2.0338029e-01  -1.6099835e-01   6.1780226e-03   5.9678775e-03   7.0688936e-03
   4.4422980e-01   2.0626897e-01  -9.2162754e-01   3.7772938e-03   7.2458810e-03   7.6487948e-03
   4.1688189e-01   2.2497550e-01  -1.5335114e-01   2.9761408e-03   6.4475521e-03   7.7215959e-03
   3.6663165e-01   4.9736229e-02   3.4815811e-01  -1.2185146e-03   5.0485866e-03   7.0221269e-03
   2.9330431e-01   1.1632323e-01   7.3161414e-01  -1.5025874e-03   3.3565444e-03   4.5511946e-03
   2.6390495e-01   1.4270650e-01   8.5124204e-01   3.6729178e-04   2.9954937e-03   2.5417991e-03
   2.6843344e-01   6.1776059e-02   4.8340207e-01   3.0470235e-03   3.4722707e-03   3.6584773e-03
   2.8875171e-01   1.2730138e-01   3.0515712e-01   2.4564729e-03   4.2383419e-03   4.1439365e-03
   2.6904612e-01   1.6503630e-01   3.5234359e-01   2.4662321e-03   4.1484251e-03   4.4195804e-03
   2.4261847e-01   1.9102844e-01   6.5332339e-01   1.1405051e-03   3.1416663e-03   4.1387197e-03
   2.1321451e-01   2.2318959e-01   7.7968293e-01   2.1573148e-03   2.5881261e-03   2.7213724e-03
   2.0754615e-01   1.4759520e-01   4.8983942e-01   4.2177455e-03   2.4691527e-03   3.2567230e-03
   2.4073039e-01   1.7411792e-01   1.3938254e-01   4.2800652e-03   4.1255025e-03   4.1260040e-03
   2.4611349e-01   2.2162394e-01   1.1245970e-01   3.7288375e-03   4.9855932e-03   4.0293937e-03
   2.5151331e-01   2.2542514e-01   1.7610467e-01   3.3775610e-03   5.0234246e-03   3.9154924e-03
   1.8145165e-01   2.1166505e-01   5.7879934e-01   1.3167709e-03   2.9128700e-03   3.5073922e-03
   1.9630575e-01   1.9558807e-01   4.5709841e-01   4.0849339e-03   3.8961356e-03   3.4293362e-03
   2.3597498e-01   2.0673169e-01  -5.3266626e-02   3.9330574e-03   5.5501057e-03   3.6678114e-03
   2.2963325e-01   2.1540839e-01   8.5894137e-02   2.7052257e-03   5.5406369e-03   3.2433624e-03
   1.7601105e-01   2.5481617e-01   5.7140149e-01   2.4258071e-03   3.8687494e-03   3.0008898e-03
   1.8429846e-01   1.9368208e-01   3.6395423e-01   4.3158845e-03   4.8263141e-03   3.1440980e-03
   2.0465609e-01   2.1357649e-01   2.2372375e-02   4.1353740e-03   5.9641179e-03   3.0608934e-03
   1.7405138e-01   2.0568919e-01   3.7795337e-01   1.9605458e-03   4.6339525e-03   3.0609700e-03
   1.5887985e-01   2.2775818e-01   6.6442319e-01   2.4028610e-03   3.6631840e-03   3.3564425e-03
   1.7123344e-01   1.9080915e-01   5.0674902e-01   4.4314572e-03   4.3978315e-03   3.0701840e-03
   1.7063207e-01   1.7555421e-01   1.5312771e-01   4.1852979e-03   5.5308925e-03   3.2914158e-03
   1.8854681e-01   2.3898615e-01   1.7310130e-01   4.0348748e-03   6.0158871e-03   3.2145023e-03
   1.5881600e-01   2.0910978e-01   5.7646250e-01   2.0267577e-03   4.2511131e-03   3.2982959e-03
   1.8142642e-01   2.1227793e-01   6.5444077e-01   2.8616224e-03   4.1035307e-03   3.2947426e-03
   1.9537093e-01   1.7354714e-01   3.2949979e-01   4.2616200e-03   5.4456438e-03   3.0471171e-03
   1.8044642e-01   2.2754393e-01   2.1521971e-02   3.6763713e-03   5.9273356e-03   3.0118327e-03
   1.8628970e-01   2.5522095e-01   1.5527067e-01   3.2329588e-03   5.9024249e-03   2.8870478e-03
   1.5660353e-01   2.1928937e-01   6.3516877e-01   2.0142315e-03   4.3614181e-03   3.3529650e-03
   1.7842003e-01   2.1028660e-01   6.2903321e-01   3.2134525e-03   4.4672235e-03   3.0710542e-03
   1.8806319e-01   1.7479624e-01   2.6935022e-01   4.1995911e-03   5.4990113e-03   3.0175562e-03
   1.8829450e-01   2.6087031e-01  -1.4136592e-03   2.7577017e-03   5.7272474e-03   2.6389072e-03
   1.5096078e-01   2.8437195e-01   4.6530109e-02   1.8479788e-03   4.6556369e-03   2.5913305e-03
   1.0419414e-01   1.4596491e-01   1.7155754e-01   1.7787177e-03   3.2642453e-03   3.1217263e-03
   5.3050722e-02   3.1002090e-01   7.7911209e-01   3.6834618e-03   2.4798350e-03   1.7224583e-03
   7.0018703e-02   2.0354138e-01   4.6346014e-01   6.5064369e-03   2.8790207e-03   2.9392476e-03
   9.7773531e-02   2.5093386e-01  -9.2219792e-02   6.2648464e-03   3.9655129e-03   3.3335314e-03
   1.7363261e-01   3.0507919e-01  -2.1425430e-01   5.6474241e-03   5.3634271e-03   2.7477963e-03
   1.4108903e-01   2.9788120e-01   8.2237271e-02   3.7991166e-03   4.3145200e-03   1.8760067e-03
   5.0369057e-02   2.9465723e-01   6.0411793e-01   2.1994285e-03   2.8348794e-03   1.7690507e-03
   4.9380913e-02   2.8230122e-01   5.7675641e-01   4.3187851e-03   2.7938025e-03   1.5111331e-03
   6.4409545e-02   2.6543553e-01   8.2078156e-02   6.1359441e-03   4.0430477e-03   2.5154046e-03
   1.2813588e-01   3.4022659e-01  -2.2080720e-01   5.4089269e-03   4.7786889e-03   2.0018084e-03
   1.3601488e-01   3.7303821e-01  -5.8522285e-02   5.2265782e-03   4.8653247e-03   1.9530066e-03
   2.4937383e-02   3.3853824e-01   3.8229796e-01   2.9091372e-03   2.6056294e-03   1.4727146e-03
   5.1449921e-02   3.3262525e-01   5.1179307e-01   4.2795209e-03   2.6891853e-03   1.5078070e-03
   5.9981802e-02   2.7966675e-01   1.6626514e-01   5.0834627e-03   3.8684131e-03   1.4617896e-03
   5.7754597e-02   3.1495981e-01   5.7697167e-02   5.3931917e-03   3.9679419e-03   1.3309407e-03
   7.1279022e-02   3.3993537e-01   1.0977975e-01   5.3648228e-03   4.3774069e-03   1.3582686e-03
   3.4697188e-02   3.3387080e-01   3.5951100e-01   4.6132171e-03   3.6554867e-03   1.5350175e-03
   4.3073134e-02   3.0795675e-01   1.2278105e-01   5.6812416e-03   4.2176994e-03   1.6791022e-03
   3.8913980e-02   2.8607004e-01   3.4823653e-01   2.6323514e-03   3.6075835e-03   1.8688694e-03
   4.3164861e-02   3.0851237e-01   7.4040262e-01   3.2934692e-03   3.1705569e-03   1.8374983e-03
   3.6495672e-02   2.5169847e-01   4.9410671e-01   5.6274393e-03   3.4591667e-03   1.9501306e-03
   4.5604859e-02   2.6943939e-01   9.9202498e-02   5.1283619e-03   4.3710879e-03   1.9997371e-03
   5.8711533e-02   3.1923869e-01   1.0777408e-01   5.2391603e-03   4.5672538e-03   1.9761863e-03
