   0.0000000e+00   0.0000000e+00   0.0000000e+00   0.0000000e+00   0.0000000e+00   0.0000000e+00
  -9.7390202e-02  -2.3120653e-02  -4.6789164e-02  -2.0208007e-04  -4.7794223e-03   4.9884856e-04
  -6.3016391e-02   3.0011340e-03   1.7861090e-02  -1.8109460e-03  -3.6105708e-03   5.5691334e-04
  -6.5372635e-02   1.9467472e-02   3.9572861e-02  -1.4605763e-03  -2.3219878e-03  -3.5252801e-06
  -7.7200739e-02  -1.9982072e-03   1.5703229e-02  -1.1136518e-03  -3.7107108e-03   7.3507593e-04
  -6.5170418e-02   6.9254515e-03   2.3356932e-02  -1.2247910e-03  -3.3214760e-03   9.7068178e-04
  -5.9921732e-02   1.7381186e-02   9.8640368e-03  -1.2694081e-03  -3.0497725e-03   8.6880938e-04
  -3.9184146e-02   2.2136885e-02   2.8572543e-02  -1.0111905e-03  -2.9080853e-03   1.4010035e-03
  -2.1517747e-02  -1.5755755e-02  -1.8979146e-02  -7.1210706e-04  -2.9480087e-03   2.1883255e-03
  -1.3244461e-02   1.5422813e-02   2.8681450e-02  -9.4384213e-04  -2.1969647e-03   1.6591109e-03
  -2.5935653e-02  -3.7700522e-02  -2.1437151e-02  -1.2218455e-03  -2.5776766e-03   2.1906787e-03
  -6.3101243e-03   7.2503369e-03  -1.4884445e-02  -5.8381424e-04  -1.8457325e-03   2.2144069e-03
  -6.4475706e-03  -3.9604637e-03  -3.7252803e-02  -1.1411787e-03  -1.6186759e-03   1.9697489e-03
  -5.9457229e-03   1.3739328e-02  -4.3142368e-02  -8.0103612e-05  -1.0346042e-03   2.1150348e-03
   4.0025212e-03   3.5122058e-02   6.4912824e-04  -2.3034563e-04  -7.1817890e-04   2.0374907e-03
   1.9329275e-02  -1.0392683e-02  -4.3009197e-02  -1.9247056e-04  -7.1289850e-04   2.5534220e-03
   3.4917836e-02   4.2278234e-02  -4.6507671e-02   1.1262209e-03   5.4971674e-05   2.6608563e-03
   3.3682232e-02  -1.6715788e-02  -3.7038200e-02  -1.3157659e-03   2.7222461e-04   2.6301957e-03
   3.7353700e-02  -5.7192045e-02  -1.0611692e-01  -3.9709362e-03  -1.3165455e-03   2.1850955e-03
  -2.0710734e-02  -1.7280711e-01  -1.3657252e-01  -1.0882042e-02  -5.1323881e-03   1.1746342e-03
  -1.9429996e-02  -5.7372468e-02   4.5753807e-02  -6.8473964e-03  -2.8705647e-03   1.0939986e-03
  -3.8669632e-03  -6.7063771e-02  -1.2765303e-02  -5.5043311e-03  -1.1016574e-03   9.4804299e-04
   1.1090692e-02  -7.6409740e-02  -5.1226264e-02  -4.4378055e-03  -9.8055740e-04   1.4581167e-03
   1.4576733e-02  -5.8076928e-02  -1.1025227e-01  -1.5398087e-03  -9.0467375e-04   1.9020543e-03
   9.6397102e-03  -7.5628062e-02  -6.0455375e-02  -5.9005619e-03  -1.7073989e-03   2.2941479e-03
   2.8717313e-02  -3.2427994e-02   3.0064554e-03  -5.0902178e-03  -1.2900418e-03   2.3129865e-03
   3.0722683e-02  -5.8949068e-02  -7.0016083e-02  -2.9248775e-03  -1.8891064e-03   2.2480607e-03
   3.0546386e-02  -8.2201886e-02  -2.9658790e-02  -4.6880940e-03  -6.2307661e-04   1.6556078e-03
   2.4772829e-02  -5.6010684e-02   4.2173911e-03  -3.5555152e-03  -3.4660470e-04   1.7008670e-03
   3.3957334e-02  -3.9846498e-02   7.8420688e-04  -4.0095662e-03   2.0557787e-06   1.7869725e-03
   2.8908947e-02   1.0007907e-03  -4.8995276e-02  -2.0415614e-03   7.3738105e-05   1.6030671e-03
   3.3963893e-02  -7.8984595e-03   1.2574965e-02  -3.1523843e-03   9.3057545e-04   1.2998465e-03
   4.7975233e-02  -5.0182714e-02  -1.0707814e-01  -2.6332111e-03  -3.0376045e-04   1.8416311e-03
   4.0616274e-02   1.4308917e-04  -3.1748023e-02  -3.5786421e-03   5.0064541e-04   1.3660493e-03
   2.8894618e-02  -7.0645891e-03  -9.9315941e-03  -3.0986263e-03   7.1906497e-04   1.6316324e-03
   2.1967047e-02  -8.0041782e-03  -3.6718519e-02  -2.6512029e-03   5.8101788e-04   1.8462475e-03
   3.5052117e-02   3.9667519e-03  -5.4579226e-02  -2.0973424e-03   8.4132571e-04   1.8076609e-03
   4.9771209e-02  -2.0759069e-02  -9.3442762e-02  -2.4028853e-03   1.5148707e-03   1.6683250e-03
   4.3144429e-02  -1.5548088e-02  -7.7073198e-02  -2.2133186e-03   1.0431290e-03   1.7050805e-03
   4.3562810e-02  -7.0956166e-03  -5.5550499e-02  -1.2314486e-03   1.2991894e-03   1.5648746e-03
   4.0698220e-02  -2.8318003e-02  -1.7377017e-02  -3.2498960e-03   1.0364131e-03   1.6800996e-03
   4.0289307e-02  -3.3385306e-02  -4.1805991e-02  -2.1395059e-03   1.1054712e-03   1.6311271e-03
   4.8396183e-02  -3.4683563e-03  -3.4093795e-02  -2.5653766e-03   1.1513603e-03   1.6783461e-03
   5.3325558e-02  -2.9073524e-02  -8.6316452e-02  -1.9846244e-03   1.3766475e-03   1.6483066e-03
   4.0597122e-02   2.7198199e-04  -5.8404410e-02  -1.8897183e-03   1.7309692e-03   1.4033396e-03
   4.2415010e-02   8.9344095e-03  -2.4432387e-02  -1.6166643e-03   1.5269676e-03   1.6316237e-03
   3.8789773e-02  -7.2286340e-03  -5.3969762e-02  -1.9224725e-03   1.6222583e-03   1.6330724e-03
   3.1885928e-02  -5.0631264e-03  -5.3188424e-02  -1.6053042e-03   1.5746380e-03   1.5756116e-03
   4.0217400e-02   1.9887516e-02  -3.7321042e-02  -1.4228342e-03   1.8193458e-03   1.5250073e-03
   5.2578045e-02  -7.4947781e-03  -6.8956652e-02  -9.2822734e-04   1.7756427e-03   1.8128901e-03
   4.0437760e-02   1.7934612e-02  -1.6783364e-02  -1.1953559e-03   2.5143982e-03   1.3670753e-03
   4.9407928e-02  -1.6329783e-02  -2.0667988e-02  -1.5768242e-03   2.5005815e-03   1.7255622e-03
   5.5615761e-02  -1.5730332e-03  -4.5545637e-02  -9.4449914e-04   2.3584183e-03   2.0196378e-03
   5.9834524e-02   1.8206102e-02  -1.6560819e-02  -1.2524067e-03   2.7660285e-03   1.8710602e-03
   6.5784541e-02   2.0669415e-03  -5.4504199e-02  -9.6915775e-04   2.7365436e-03   1.9963279e-03
   8.0397653e-02   2.1360404e-02  -4.4146902e-02  -1.5206932e-04   2.9668557e-03   2.1146477e-03
   8.0903470e-02  -1.4355906e-02  -3.0699530e-02  -8.9081831e-04   3.2563784e-03   2.1902122e-03
   7.9261833e-02   5.9976385e-04  -2.8161557e-02   1.2902984e-04   3.2830529e-03   2.3221550e-03
   8.4156833e-02   3.3131769e-02  -1.7605459e-02  -1.7641348e-05   3.3641957e-03   2.2904660e-03
   9.3016773e-02   3.3528749e-02  -8.1698106e-02   1.3234090e-03   3.3553483e-03   2.4769311e-03
   9.3350914e-02   5.4945509e-02  -4.6575700e-02   6.6129459e-04   3.7759329e-03   2.2577335e-03
   9.3979429e-02   1.1981481e-02  -4.8965451e-02   1.0700887e-03   3.6016086e-03   2.4917162e-03
   9.0071447e-02   3.8118767e-02   8.8906776e-03   1.5937009e-05   3.6550272e-03   2.3737976e-03
   9.2996831e-02  -1.1507561e-03  -1.2171923e-02   1.6176649e-04   3.5297822e-03   2.6718740e-03
   8.6957170e-02   4.2425833e-02  -1.0329071e-02   7.7242358e-04   3.7705729e-03   2.4565750e-03
   9.4775353e-02   1.1564631e-02  -4.8563458e-02   8.8504614e-04   3.7169892e-03   2.5590631e-03
   1.0497247e-01   5.6677268e-02  -5.8149589e-02   2.8356075e-03   4.0211146e-03   3.0242088e-03
   1.1241651e-01  -1.1663785e-02  -1.6213509e-01   2.5978562e-03   3.9678915e-03   3.6956985e-03
   8.1804728e-02   1.5047327e-02  -2.6161925e-02   1.7419642e-04   3.1354423e-03   3.3376859e-03
   5.3854584e-02   5.3640141e-02   4.2154022e-02  -5.1468699e-04   2.6255615e-03   3.0252128e-03
   6.8427740e-02   4.0730625e-02   7.5923880e-03  -6.1966567e-04   2.9226415e-03   2.8627921e-03
   7.3146058e-02   2.7649118e-02  -4.5162110e-02   1.8712834e-03   2.8613780e-03   2.9604981e-03
   5.6405809e-02   3.2647163e-02  -4.1538322e-03   1.1112341e-03   3.1500395e-03   2.4925217e-03
   4.9199237e-02   2.2283629e-02  -4.2834101e-03   6.7179732e-04   3.4831434e-03   2.1804125e-03
   5.7169156e-02   1.8217588e-02  -4.1405933e-02   1.5840904e-03   3.3081545e-03   2.5847027e-03
   5.3296039e-02   6.7051912e-02  -2.8199486e-02   1.9159062e-03   3.6270149e-03   2.3464367e-03
   6.0045881e-02   5.2897577e-02  -2.9663889e-02   1.0427139e-03   3.9049450e-03   2.1306927e-03
   6.6855432e-02   5.2510489e-02  -4.6520572e-02   2.0105621e-03   3.7648736e-03   2.3363064e-03
   6.3830458e-02   5.1419432e-02  -2.0596131e-02   1.2398405e-03   4.0405739e-03   2.2070423e-03
   7.4054660e-02   3.6302106e-02  -4.0957268e-02   2.0168937e-03   4.2129972e-03   2.5570563e-03
   8.3628314e-02   6.5548299e-02   9.9880510e-04   1.5073372e-03   4.9995650e-03   2.0832034e-03
   8.0757548e-02   1.9663437e-02  -1.8018227e-02   1.7667033e-03   4.9494461e-03   2.2056350e-03
   8.1925812e-02   5.6456146e-02   2.7346957e-03   2.5008840e-03   5.2472091e-03   2.2796387e-03
   1.0020061e-01   5.1639046e-03  -4.6654146e-02  -8.4308412e-04   2.3467184e-03   3.6309462e-03
   9.8539657e-02   9.0653817e-02   4.6028823e-02   4.3487200e-04   3.6923721e-03   2.6266863e-03
   8.3933550e-02   3.3243286e-02   6.6865806e-02  -8.3262744e-04   4.0846138e-03   2.8501482e-03
   8.1100718e-02   5.5907886e-02  -5.2354640e-03   1.4670313e-03   3.7050079e-03   3.1054095e-03
   1.2718373e-01   1.6265798e-03  -1.8419381e-02  -2.4657460e-05   3.6306288e-03   3.3330310e-03
   1.1297823e-01   6.9335561e-02   3.0569256e-02   3.5211898e-03   2.6137001e-03   3.9715667e-03
   9.7250708e-02   2.3871265e-02  -1.1058786e-01   3.0463958e-03   3.0431046e-03   4.0588099e-03
   9.7427328e-02   6.1904349e-02  -7.0727268e-02   3.0805463e-03   3.7893538e-03   3.4457776e-03
   1.0814199e-01   1.6268267e-02  -1.1458964e-01   3.5689717e-03   3.0329061e-03   3.8538153e-03
   1.0059619e-01   1.0773701e-01   1.6551246e-01   3.4183852e-03   3.2439086e-03   3.4560130e-03
   1.0128613e-01   4.2587846e-02   4.8322482e-02   3.8799427e-03   3.5142349e-03   3.7888114e-03
   7.6525960e-02   1.0233400e-01   7.5213291e-02   3.2114012e-03   3.3903261e-03   3.2301319e-03
   8.0668860e-02   5.2142736e-02  -1.9502664e-02   3.7264901e-03   3.3849686e-03   3.3909036e-03
   7.8424784e-02   8.7477903e-02  -1.1386283e-02   4.4131653e-03   3.5482498e-03   3.1276644e-03
   8.0105954e-02   5.0121545e-02  -1.6938655e-02   3.9845624e-03   3.4907409e-03   3.3393978e-03
   8.7078427e-02   8.1909424e-02   7.5105690e-05   4.6119633e-03   3.7503287e-03   3.3905910e-03
   9.7419219e-02   3.6345397e-02  -2.1293877e-02   3.8731979e-03   3.7857548e-03   3.3469596e-03
   9.1621491e-02   4.8249948e-02  -2.6909920e-02   4.6380532e-03   4.1711511e-03   3.4307874e-03
   9.5197140e-02   5.7316800e-02  -1.0395911e-02   4.3182919e-03   4.4584637e-03   3.2948321e-03
   9.5000230e-02   5.3412135e-02  -2.7974755e-02   4.9806268e-03   4.4617131e-03   3.4289190e-03
   1.0234965e-01   1.1299849e-01  -7.8182166e-03   6.2999239e-03   4.7766507e-03   3.5559373e-03
   9.5776492e-02   4.4426824e-02  -3.0464501e-02   4.7315651e-03   4.4088109e-03   3.4374463e-03
   9.3081420e-02   7.1399893e-02  -6.0159636e-03   4.9532787e-03   4.5559581e-03   3.4760060e-03
   1.0084563e-01   4.7898176e-02   3.6490498e-03   4.2166031e-03   4.4794686e-03   3.4860841e-03
   9.9479410e-02   6.4625435e-02   4.7029129e-03   4.6804248e-03   4.7341515e-03   3.4946337e-03
   1.0090830e-01   4.8257176e-02  -1.8371548e-02   4.0222889e-03   4.9964135e-03   3.4814214e-03
   9.6156272e-02   6.4013195e-02  -2.2549857e-02   4.7340765e-03   4.9712832e-03   3.4667000e-03
   9.8974626e-02   8.8456039e-02   5.2305747e-03   3.8079757e-03   5.0141616e-03   3.4945476e-03
   9.8173545e-02   6.4629794e-02  -2.0864777e-02   5.1032076e-03   4.9180515e-03   3.4154969e-03
   9.8638772e-02   7.8823850e-02   1.8020523e-02   4.0980475e-03   5.2940044e-03   3.0697731e-03
   1.0008672e-01   4.6320771e-02   2.7516881e-02   5.0112898e-03   5.5792112e-03   3.3745247e-03
   1.0551387e-01   4.3701380e-02   1.1343778e-02   5.0041092e-03   5.6813871e-03   3.5401958e-03
   1.1464538e-01   7.0384703e-02   3.1162665e-02   5.1457917e-03   5.8943015e-03   3.4764255e-03
   1.1368600e-01   8.4714959e-02   6.8823182e-02   5.2724352e-03   6.0491443e-03   3.6012427e-03
   1.3304257e-01   7.2511297e-02   9.5688134e-02   5.5376857e-03   5.9824574e-03   3.9445565e-03
   1.3492857e-01   1.0844744e-01   1.4193261e-01   4.6755227e-03   6.6139577e-03   3.7296993e-03
   1.3834789e-01   6.9378806e-02   1.0548397e-01   5.1515487e-03   6.7355373e-03   4.0418206e-03
   1.3709871e-01   1.1673898e-01   1.3959507e-01   5.0797218e-03   6.8420421e-03   3.8391401e-03
   1.4703715e-01   4.0337886e-02  -2.1109387e-02   8.7926681e-03   6.4885203e-03   4.7084764e-03
   1.5129820e-01   7.3654268e-02   4.6777792e-02   4.4149337e-03   6.7752837e-03   4.6198624e-03
   1.4252583e-01   1.1977038e-01   1.4359323e-01   4.3233126e-03   6.7096705e-03   4.3441882e-03
   1.5472388e-01   8.5768073e-02   1.0831034e-01   4.2381849e-03   6.8682802e-03   4.4268258e-03
   1.5163302e-01   1.1883293e-01   1.3128793e-01   5.6158303e-03   7.4670479e-03   4.0245520e-03
   1.3861604e-01   7.4281353e-02   1.0431187e-01   5.0970751e-03   7.4031650e-03   4.2470009e-03
   1.4539532e-01   7.7825297e-02   7.3677651e-02   6.0613607e-03   7.1613798e-03   4.5192403e-03
   1.4701805e-01   1.0399942e-01   9.6099905e-02   4.6368035e-03   7.2314150e-03   4.1364089e-03
   1.3919864e-01   9.2773853e-02   5.6791702e-02   5.7050444e-03   7.2568832e-03   4.3802633e-03
   1.3910641e-01   1.0749837e-01   1.3078312e-01   4.7876572e-03   7.7087384e-03   4.1906368e-03
   1.3207694e-01   7.4042176e-02   8.9129205e-02   5.9990218e-03   7.2870553e-03   4.4444582e-03
   1.2914107e-01   1.0935270e-01   9.4791454e-02   6.1782340e-03   7.4394040e-03   4.1230031e-03
   1.4286999e-01   9.0517775e-02   8.9662692e-02   5.6589582e-03   7.5867584e-03   4.3544692e-03
   1.3336685e-01   1.2518748e-01   1.2699081e-01   6.3748164e-03   7.6908398e-03   4.4670215e-03
   1.2825596e-01   1.0055543e-01   1.4553273e-01   5.9254084e-03   7.7638368e-03   4.3225617e-03
   1.4048831e-01   8.8386839e-02   1.1815127e-01   6.9489012e-03   7.4381988e-03   4.7599225e-03
   1.5212195e-01   1.1038234e-01   1.5489715e-01   5.7242069e-03   7.7603440e-03   4.9046181e-03
   1.5275531e-01   9.6051396e-02   8.8031696e-02   6.2261485e-03   8.0825836e-03   4.8517452e-03
   1.4473577e-01   1.2653812e-01   1.3980322e-01   5.6762053e-03   8.3064418e-03   4.4524962e-03
   1.4860280e-01   7.9774494e-02   8.6854224e-02   6.8944412e-03   8.3721438e-03   4.6058690e-03
   1.4614597e-01   1.1809137e-01   1.2575682e-01   6.1527672e-03   8.3973759e-03   4.3828836e-03
   1.5928273e-01   7.8288636e-02   1.1654111e-01   7.0986726e-03   8.4129998e-03   4.8200257e-03
   1.7156590e-01   1.3065359e-01   1.5685008e-01   6.5320149e-03   8.7143492e-03   4.7663060e-03
   1.6828136e-01   7.6517197e-02   1.0671895e-01   6.8740799e-03   8.7123597e-03   4.7433998e-03
   1.4985798e-01   1.1650640e-01   1.7778580e-01   6.3671031e-03   9.0536825e-03   4.3815918e-03
   1.4864521e-01   7.1777653e-02   1.6012526e-01   6.7554393e-03   8.6571270e-03   4.7170644e-03
   1.6074581e-01   1.2981410e-01   2.1430998e-01   6.6314814e-03   9.0723606e-03   4.7827750e-03
   1.7505503e-01   7.9244833e-02   1.3541099e-01   6.5949546e-03   8.9805706e-03   5.0224665e-03
   1.6881508e-01   1.3588243e-01   2.2901153e-01   6.5150745e-03   9.5421162e-03   4.6982575e-03
   1.6586926e-01   1.0668312e-01   1.8380120e-01   6.3864454e-03   9.5595742e-03   4.8950818e-03
   1.7033193e-01   1.3695457e-01   1.7754644e-01   7.1660549e-03   9.5934586e-03   4.8797907e-03
   1.5027123e-01   1.2732153e-01   2.0452295e-01   6.1694640e-03   9.4786336e-03   4.6183728e-03
   1.5746478e-01   1.0470930e-01   1.6978081e-01   7.4291207e-03   9.1294453e-03   4.9767839e-03
   1.6562557e-01   1.3707004e-01   1.9791700e-01   7.1011664e-03   9.6069369e-03   4.7970009e-03
   1.7094870e-01   8.9188493e-02   1.2133583e-01   7.5480369e-03   9.2809492e-03   5.1047788e-03
   1.6471033e-01   1.1413628e-01   1.7332993e-01   7.2762114e-03   9.4067053e-03   4.8146344e-03
   1.5825798e-01   1.1122821e-01   2.0512672e-01   6.1131361e-03   9.3197634e-03   4.5402662e-03
   1.5431720e-01   1.0274436e-01   1.7809850e-01   6.4268944e-03   9.0431152e-03   4.7682536e-03
   1.5697592e-01   1.5326986e-01   2.3864015e-01   7.0151591e-03   9.6863505e-03   4.7339296e-03
   1.4791801e-01   9.8313503e-02   1.6287681e-01   7.1848221e-03   9.5595686e-03   4.7800357e-03
   1.4187744e-01   1.3525817e-01   1.8067439e-01   7.4108240e-03   9.5214322e-03   4.6791179e-03
   1.4929257e-01   1.1913515e-01   1.6022334e-01   7.1863109e-03   9.7082952e-03   4.6532807e-03
   1.5888307e-01   1.3615551e-01   1.6463019e-01   7.9451529e-03   9.8927190e-03   4.9050254e-03
   1.6529570e-01   1.1822848e-01   2.0818687e-01   6.8295731e-03   9.9582217e-03   4.7878246e-03
   1.4882274e-01   1.2124697e-01   1.6195875e-01   7.5844601e-03   9.7056193e-03   4.8047584e-03
   1.5721973e-01   1.4206507e-01   2.1730744e-01   6.8149423e-03   1.0553896e-02   4.5413964e-03
   1.5404879e-01   1.4397850e-01   1.3133035e-01   8.7873854e-03   1.0350745e-02   4.7398865e-03
   1.5114456e-01   1.3626334e-01   1.5608720e-01   7.7004405e-03   1.0502552e-02   4.4756977e-03
   1.5184665e-01   1.0758890e-01   1.4497734e-01   7.7976513e-03   1.0382627e-02   4.6558597e-03
   1.5086806e-01   1.3840682e-01   1.8030948e-01   8.2856227e-03   1.0324424e-02   4.7845360e-03
   1.4774114e-01   1.2807878e-01   1.5339047e-01   7.4592159e-03   1.0323694e-02   4.6598161e-03
   1.5125555e-01   1.3078909e-01   1.4977474e-01   8.0814127e-03   1.0361964e-02   4.9473650e-03
   1.5194774e-01   1.6468823e-01   2.0867147e-01   7.9468162e-03   1.0788664e-02   4.8117217e-03
   1.5078390e-01   1.0636626e-01   1.5617648e-01   7.5666899e-03   1.0515437e-02   5.0549816e-03
   1.4598066e-01   1.4791962e-01   1.8464959e-01   8.4096834e-03   1.0740828e-02   4.8719469e-03
   1.5094684e-01   1.2149817e-01   1.6709104e-01   7.4191544e-03   1.0884830e-02   4.8847246e-03
   1.5583952e-01   1.5645131e-01   1.1852098e-01   8.9855803e-03   8.4989297e-03   5.0543161e-03
   1.6052702e-01   9.6529484e-02   1.8041596e-02   2.3302324e-03   4.9937850e-03   5.4094995e-03
   7.6700040e-02   1.7421509e-01   1.6634826e-01   7.6533371e-03   4.2642470e-03   7.7261488e-03
   7.3858269e-02   1.1553267e-01   6.7183273e-02   7.0572319e-03   4.9659285e-03   8.1943163e-03
   9.0161171e-02   1.4656807e-01   1.8549379e-02   8.5137997e-03   7.2668620e-03   6.3539137e-03
   8.0830698e-02   9.5778766e-02   2.6058990e-02   7.7854426e-03   7.1960437e-03   6.0588960e-03
   6.0375213e-02   1.2513375e-01   7.0720817e-02   7.4947396e-03   6.3382672e-03   5.9435793e-03
   5.8044698e-02   1.3487790e-01   3.6865878e-02   7.1680299e-03   6.7310604e-03   5.5329049e-03
   7.3810973e-02   1.2066103e-01   2.6025539e-02   7.3252713e-03   6.5773509e-03   5.8977869e-03
   6.2815850e-02   1.4749909e-01   6.3659987e-02   6.7752343e-03   7.3732677e-03   5.1945847e-03
   7.1272801e-02   7.9611167e-02   2.8093797e-02   7.7223202e-03   6.9578668e-03   5.6968259e-03
   7.4978067e-02   1.2540800e-01   8.5192117e-02   7.3804328e-03   7.6031357e-03   5.4954386e-03
   7.8388718e-02   9.2466808e-02   5.5295033e-02   7.6517783e-03   7.2166312e-03   5.5069047e-03
   7.2604647e-02   1.3043960e-01   8.1479123e-02   8.2520438e-03   7.4607248e-03   5.4169479e-03
   6.7708200e-02   9.6624421e-02   4.6031499e-02   7.4482082e-03   7.3750705e-03   5.3592377e-03
   7.4001341e-02   1.1274859e-01   3.9442160e-02   8.3013063e-03   7.4838434e-03   5.5387225e-03
   7.1176950e-02   1.0443510e-01   3.9190133e-02   7.3648200e-03   7.8460411e-03   5.4172589e-03
   7.2296696e-02   1.2764279e-01   5.5422734e-02   8.4126726e-03   7.8899211e-03   5.2336978e-03
   7.8115225e-02   1.0774168e-01   2.1325972e-02   7.8872097e-03   7.9775007e-03   5.3158856e-03
   8.0211479e-02   1.2397008e-01   2.9259685e-02   8.4612106e-03   7.7855358e-03   5.6369100e-03
   8.2266244e-02   1.4176705e-01   3.5396497e-02   8.1085390e-03   8.2477098e-03   5.3055912e-03
   8.6608959e-02   1.1542279e-01   1.2152890e-02   8.9829760e-03   8.2764888e-03   5.2952621e-03
   8.0453033e-02   1.1972752e-01   5.7953701e-02   7.9603567e-03   8.4721493e-03   5.1079398e-03
   9.0804321e-02   9.5246111e-02   6.7070705e-02   8.0345141e-03   8.3060191e-03   5.7590164e-03
   1.0464445e-01   1.2941442e-01   1.1874140e-01   7.8197611e-03   8.8392752e-03   5.6801348e-03
   9.8538470e-02   1.0082783e-01   6.3722433e-02   8.0221327e-03   8.9791722e-03   5.5323690e-03
   9.4226728e-02   1.4760766e-01   5.6550681e-02   8.4434400e-03   9.2801941e-03   5.2551014e-03
   9.1933846e-02   1.2317789e-01   6.3765866e-02   7.7749836e-03   9.4578319e-03   5.2570209e-03
   1.1578858e-01   1.2466241e-01   5.4469137e-02   8.7869072e-03   9.3515075e-03   5.7575209e-03
   1.2868475e-01   1.5815240e-01   1.0329021e-01   8.1590218e-03   9.9661299e-03   5.7952138e-03
   1.3752785e-01   1.0484199e-01   2.8134590e-02   8.7271818e-03   9.9873031e-03   6.0660650e-03
   1.3813563e-01   1.4526036e-01   1.0876614e-01   7.6299470e-03   1.0386537e-02   5.8482978e-03
   1.3489997e-01   1.1027863e-01   7.4086368e-02   8.3760949e-03   1.0122054e-02   6.0948972e-03
   1.4297850e-01   1.5413880e-01   9.0207102e-02   8.5424048e-03   1.0411909e-02   6.0074031e-03
   1.5609025e-01   1.1154729e-01   5.8040908e-02   8.3916629e-03   1.0656073e-02   6.4317379e-03
   1.4421745e-01   1.4718072e-01   1.1291208e-01   8.1243624e-03   1.0978590e-02   5.8899460e-03
   1.4362373e-01   1.3760147e-01   1.1515241e-01   7.8819897e-03   1.0981545e-02   5.9922031e-03
   1.5096505e-01   1.3399848e-01   5.8106294e-02   8.7733277e-03   1.0936320e-02   6.1499504e-03
   1.4795496e-01   1.6928547e-01   8.3591531e-02   8.6041148e-03   1.1045900e-02   5.9721362e-03
   1.5462254e-01   1.5725832e-01   7.0238281e-02   8.9714766e-03   1.1397799e-02   6.0571195e-03
   1.6115216e-01   1.5285597e-01   6.7360316e-02   9.1491341e-03   1.1502054e-02   6.1281704e-03
   1.5530018e-01   1.4416351e-01   8.4118290e-02   8.4596647e-03   1.1666273e-02   5.9352783e-03
   1.6143745e-01   1.3046792e-01   6.4833657e-02   8.9811346e-03   1.1456287e-02   6.2472550e-03
   1.7603209e-01   1.5870057e-01   9.1927066e-02   9.3951926e-03   1.1830873e-02   6.3338892e-03
   1.7787745e-01   1.0593807e-01   6.4042242e-02   8.7276124e-03   1.2058645e-02   6.4866514e-03
   1.6267844e-01   1.3455248e-01   1.2182437e-01   8.0736982e-03   1.2009745e-02   6.2566128e-03
   1.7478795e-01   1.2942109e-01   9.3623672e-02   8.2628863e-03   1.2161807e-02   6.4867073e-03
   1.8272326e-01   1.3032911e-01   4.7474640e-02   9.3274228e-03   1.1995524e-02   6.7590088e-03
   1.7936150e-01   1.6061604e-01   7.3335426e-02   8.4741649e-03   1.2617017e-02   6.1855957e-03
   1.7873593e-01   1.2723572e-01   2.8445324e-02   9.7551004e-03   1.2361261e-02   6.4367175e-03
   1.8616274e-01   1.5981775e-01   9.1131148e-02   8.8735520e-03   1.2717343e-02   6.3726770e-03
   1.9178463e-01   1.1532742e-01   4.3781241e-02   9.7112115e-03   1.2764825e-02   6.7848794e-03
   1.8275633e-01   1.4597859e-01   7.3882995e-02   8.7861787e-03   1.2752023e-02   6.3145586e-03
   1.8444463e-01   1.3043972e-01   6.0251935e-02   9.6224541e-03   1.2566265e-02   6.6162815e-03
   1.8417422e-01   1.7498977e-01   9.9622087e-02   9.6336360e-03   1.3077061e-02   6.2546283e-03
   1.7606726e-01   1.2599099e-01   1.9069115e-02   9.9186570e-03   1.2773281e-02   6.6339284e-03
   1.7256833e-01   1.5829843e-01   6.7780189e-02   9.7209928e-03   1.3066351e-02   6.2357475e-03
   1.7872438e-01   1.4951228e-01   9.6623548e-02   8.9606308e-03   1.3167241e-02   6.2544829e-03
   1.7947810e-01   1.5154789e-01   5.8247099e-02   1.0105754e-02   1.3123424e-02   6.3107719e-03
   1.8525739e-01   1.7767127e-01   1.0089355e-01   9.7878949e-03   1.3478886e-02   6.2541299e-03
   1.8964858e-01   1.1414912e-01   5.1050319e-02   1.0422964e-02   1.3276604e-02   6.5858868e-03
   1.8672778e-01   1.5465292e-01   1.0176249e-01   9.6574169e-03   1.3506534e-02   6.3635753e-03
   1.9439586e-01   1.2448141e-01   8.2222033e-02   9.4435648e-03   1.3381494e-02   6.4914601e-03
   1.9687995e-01   1.5546564e-01   7.4515144e-02   1.0053892e-02   1.3369338e-02   6.5057630e-03
   1.9277837e-01   1.2274225e-01   5.0015881e-02   9.4772309e-03   1.3521646e-02   6.4232937e-03
   1.9524211e-01   1.4169528e-01   5.7416343e-02   1.0355516e-02   1.3584654e-02   6.3628159e-03
   1.9720779e-01   1.5328998e-01   8.7246721e-02   9.8222715e-03   1.3964544e-02   6.1894822e-03
   2.0107327e-01   1.2774830e-01   5.6701202e-02   1.0687774e-02   1.3817864e-02   6.4875239e-03
   1.9967000e-01   1.4965676e-01  -1.5410252e-02   1.0923483e-02   1.3237802e-02   6.5811983e-03
   1.8584397e-01   1.1847018e-01  -9.3011714e-02   9.1462360e-03   1.0669078e-02   7.3793127e-03
   1.5059119e-01   1.5473869e-01   1.7075568e-01   5.1754944e-03   1.0674000e-02   6.8825822e-03
   1.7271437e-01   1.3359389e-01   9.2529777e-02   8.6456375e-03   1.1410560e-02   6.9618960e-03
   1.7975251e-01   1.5016848e-01   1.1211120e-01   7.8417613e-03   1.1922462e-02   6.7887776e-03
   1.8020436e-01   1.0851369e-01   6.1626218e-02   8.5980253e-03   1.1424640e-02   7.2268323e-03
   1.8364040e-01   1.4963303e-01   1.1216615e-01   7.8516750e-03   1.2189021e-02   6.7844749e-03
   1.9295141e-01   1.0558192e-01   4.8191212e-02   8.6231968e-03   1.2300696e-02   7.0539729e-03
   1.8801933e-01   1.5050800e-01   5.8101235e-02   8.3340905e-03   1.2424618e-02   6.9889899e-03
   1.9336390e-01   1.3852643e-01   5.2459584e-02   8.5692500e-03   1.2874715e-02   6.9847433e-03
   2.0373828e-01   1.5227380e-01   6.8851666e-02   9.4428421e-03   1.3016280e-02   7.2174366e-03
   1.9247656e-01   1.3885146e-01   7.2382854e-02   8.7757885e-03   1.3219646e-02   6.9811599e-03
   1.9631529e-01   1.5385745e-01   7.8866091e-02   9.5697828e-03   1.3189494e-02   7.0730478e-03
   2.0703983e-01   1.3960109e-01   1.0054542e-01   8.6558532e-03   1.3833052e-02   7.0136675e-03
   2.0426447e-01   1.4031432e-01   8.1855251e-02   9.6887683e-03   1.3281419e-02   7.7357803e-03
   1.7197841e-01   1.2514478e-01   1.4269699e-02   1.0416094e-02   1.2437904e-02   7.2709358e-03
   1.9773373e-01   1.7662201e-01   5.7384421e-02   1.0164496e-02   1.3436287e-02   7.5534943e-03
   2.1571033e-01   1.1775616e-01  -8.8084486e-02   8.2893676e-03   1.1492806e-02   8.9938453e-03
   1.4682926e-01  -2.1513393e-02   1.1766914e-01   2.3715903e-04   4.2456007e-03   7.7802154e-03
   1.9210857e-01   1.0568775e-01   3.5364861e-01   6.8393749e-04   5.9183301e-03   9.4204834e-03
   2.4208987e-01   1.1617087e-01   3.5737328e-01   2.1769991e-03   8.8790059e-03   9.7072844e-03
   2.5352204e-01   1.4283352e-01   3.9260046e-01   3.3650112e-03   9.8841787e-03   9.9500437e-03
   2.7254441e-01   1.5165792e-01   3.9770887e-01   4.3238090e-03   1.0969237e-02   1.0032035e-02
   2.8219437e-01   1.3941580e-01   4.1417126e-01   4.3456953e-03   1.1424882e-02   1.0029343e-02
   2.7274972e-01   1.2262473e-01   4.1225832e-01   5.2935783e-03   1.1641398e-02   9.9598355e-03
   2.7551237e-01   1.2352397e-01   4.3569010e-01   4.9999363e-03   1.2005112e-02   9.9263238e-03
   2.7305604e-01   1.1483565e-01   4.4065758e-01   5.2572184e-03   1.2185250e-02   9.7457970e-03
   2.8094961e-01   1.2823731e-01   4.3628220e-01   5.3826081e-03   1.2253100e-02   1.0187508e-02
   2.8351343e-01   1.4535126e-01   3.9813492e-01   6.5497982e-03   1.2585805e-02   1.0084096e-02
   2.8715851e-01   1.1470372e-01   4.1152780e-01   5.4121933e-03   1.2838937e-02   1.0055080e-02
   2.9147597e-01   1.3464786e-01   4.2546897e-01   5.7649570e-03   1.2907423e-02   1.0217673e-02
   3.0592822e-01   1.4289431e-01   4.4372146e-01   5.6920361e-03   1.3013350e-02   1.0549065e-02
   3.1614698e-01   1.3754218e-01   4.5500334e-01   5.9096997e-03   1.3311572e-02   1.0713760e-02
   3.0891213e-01   1.2942202e-01   4.4685935e-01   6.0390017e-03   1.3259622e-02   1.0603704e-02
   3.0875437e-01   1.4723974e-01   4.5985669e-01   5.1278694e-03   1.3569964e-02   1.0600217e-02
   3.0967288e-01   1.2891096e-01   4.3987939e-01   5.7382672e-03   1.3539825e-02   1.0668900e-02
   3.1016689e-01   1.7285914e-01   4.1806256e-01   5.5290517e-03   1.3596631e-02   1.0702297e-02
   3.1988384e-01   1.2750857e-01   4.0017874e-01   6.0764122e-03   1.3755026e-02   1.0818442e-02
   3.1825292e-01   1.5906617e-01   4.1286400e-01   5.9997100e-03   1.4067671e-02   1.0883450e-02
   3.2884005e-01   1.4786644e-01   4.1398192e-01   5.8008883e-03   1.4203171e-02   1.0987284e-02
   3.2805958e-01   1.8290986e-01   4.1750467e-01   6.3418352e-03   1.4044806e-02   1.0975140e-02
   3.4010995e-01   1.6018969e-01   4.0352291e-01   5.5573307e-03   1.4022688e-02   1.1004045e-02
   3.4547802e-01   1.5625658e-01   3.8292309e-01   6.2998329e-03   1.4232957e-02   1.0970082e-02
   3.4841543e-01   1.5094274e-01   4.0208946e-01   5.2959731e-03   1.4057387e-02   1.1020329e-02
   3.4079135e-01   1.4798522e-01   4.0784530e-01   6.4276238e-03   1.4627186e-02   1.0764301e-02
   3.3389897e-01   1.4836634e-01   4.4766178e-01   5.7243428e-03   1.4733841e-02   1.0701781e-02
   3.3227806e-01   1.3951627e-01   4.1781352e-01   6.2729101e-03   1.4483992e-02   1.0939562e-02
   3.2896134e-01   1.6624339e-01   4.1284231e-01   5.8393053e-03   1.4551088e-02   1.0875879e-02
   3.3226369e-01   1.7014168e-01   4.1495789e-01   5.0535214e-03   1.4641995e-02   1.0829368e-02
   3.3246538e-01   1.7137191e-01   3.0278316e-01   7.7390270e-03   1.4137472e-02   1.1023622e-02
   2.9755509e-01   1.3171225e-01   4.4967525e-01   2.9516478e-03   1.2924870e-02   1.0596596e-02
   3.0128823e-01   1.6667404e-01   4.8821607e-01   4.6366513e-03   1.3865880e-02   1.0536703e-02
   3.0472543e-01   1.5796948e-01   3.6306448e-01   5.8772606e-03   1.1631604e-02   1.0499209e-02
   2.7935664e-01   1.7497761e-01   3.9127759e-01   1.9318648e-03   1.2203464e-02   9.1582284e-03
   2.7174542e-01   1.3538747e-01   3.7237490e-01   3.7800090e-03   1.1777112e-02   1.0041257e-02
   2.6273171e-01   1.3806819e-01   3.5968984e-01   4.4778532e-03   1.2170492e-02   9.9496650e-03
   2.7356702e-01   1.4279242e-01   3.5248412e-01   3.8260418e-03   1.2531177e-02   9.8373749e-03
   2.7937488e-01   1.4096454e-01   2.8325551e-01   4.7607155e-03   1.2392713e-02   1.0185134e-02
   2.8935870e-01   1.5317839e-01   2.7661253e-01   4.5236814e-03   1.2788199e-02   1.0086243e-02
   2.9071465e-01   1.4904260e-01   3.0149900e-01   4.3869680e-03   1.3138917e-02   9.9164983e-03
   3.0386057e-01   1.4819876e-01   2.9340993e-01   5.2202669e-03   1.3167994e-02   1.0455897e-02
   2.9396342e-01   1.7368904e-01   2.9722154e-01   5.2149106e-03   1.3570151e-02   9.9377291e-03
   3.0615027e-01   1.3153412e-01   2.8062380e-01   5.0228965e-03   1.3742559e-02   1.0018286e-02
   2.9969226e-01   1.5207646e-01   2.7075917e-01   5.2717786e-03   1.3721021e-02   1.0108009e-02
   3.0422817e-01   1.3866020e-01   2.8299325e-01   4.9481326e-03   1.4028234e-02   9.9777294e-03
   3.1152295e-01   1.3574994e-01   2.6910616e-01   4.9833864e-03   1.4107144e-02   1.0022336e-02
   2.9990722e-01   1.5762122e-01   2.6480154e-01   5.0268816e-03   1.4331428e-02   9.8366088e-03
   3.0557467e-01   1.5784954e-01   2.9793786e-01   4.9415216e-03   1.4762838e-02   9.8462623e-03
   3.0990682e-01   1.3918179e-01   3.1293109e-01   5.0913185e-03   1.4830770e-02   9.8107677e-03
   3.1308149e-01   1.4937193e-01   3.0461479e-01   5.3523215e-03   1.4781503e-02   9.9832518e-03
   3.0992963e-01   1.6246400e-01   3.3658595e-01   5.0490801e-03   1.5082948e-02   9.8001901e-03
   3.2126029e-01   1.3890106e-01   3.1495152e-01   4.8788275e-03   1.5130944e-02   1.0002115e-02
   3.2186941e-01   1.4274734e-01   3.0305608e-01   5.5835116e-03   1.5091728e-02   1.0211768e-02
   3.1581733e-01   1.6194392e-01   3.1755294e-01   5.1843565e-03   1.5364429e-02   9.8658081e-03
   3.2195736e-01   1.2324566e-01   2.8080179e-01   5.7181992e-03   1.5192251e-02   1.0175507e-02
   3.1729220e-01   1.5607461e-01   2.9833595e-01   4.7129526e-03   1.5392085e-02   9.8988042e-03
   3.2105777e-01   1.1862032e-01   2.7493937e-01   5.7594950e-03   1.5571004e-02   1.0036558e-02
   3.1461070e-01   1.6043403e-01   2.8079320e-01   5.8292495e-03   1.5538037e-02   1.0046787e-02
   3.1582940e-01   1.0180940e-01   1.6096869e-01   9.0060464e-03   1.5188054e-02   1.0240102e-02
   2.9504880e-01   1.6992638e-01   2.5349706e-01   6.1213352e-03   1.4919013e-02   9.8026189e-03
   3.0048753e-01   1.8355000e-01   2.6480730e-01   6.5624676e-03   1.5438851e-02   9.8394021e-03
   3.1655826e-01   1.3046915e-01   2.4797266e-01   6.5670066e-03   1.5643846e-02   9.7456009e-03
   3.0725222e-01   1.9247818e-01   2.9756876e-01   5.9000413e-03   1.6012862e-02   9.1828032e-03
   3.1276430e-01   1.2495344e-01   2.4619352e-01   6.4828436e-03   1.5976898e-02   9.4720901e-03
   2.9962532e-01   1.8941990e-01   2.6976111e-01   6.3083600e-03   1.6017920e-02   9.2329416e-03
   3.0446215e-01   1.5188076e-01   2.5151256e-01   6.8957730e-03   1.5938589e-02   9.3613864e-03
   2.9617564e-01   1.9504775e-01   2.6692986e-01   6.4152023e-03   1.6266467e-02   8.9547103e-03
   2.9866413e-01   1.3847333e-01   2.8728571e-01   6.0119393e-03   1.6677168e-02   8.8286802e-03
   2.8319007e-01   1.6932390e-01   3.3620241e-01   5.5301481e-03   1.6737679e-02   8.6206245e-03
   2.7717123e-01   1.7020840e-01   3.5636593e-01   5.0349661e-03   1.6715113e-02   8.6641856e-03
   2.8670080e-01   1.3908548e-01   2.8862341e-01   6.0906153e-03   1.6668915e-02   8.8754151e-03
   2.6993644e-01   1.6869752e-01   3.0765035e-01   5.7132702e-03   1.6797124e-02   8.4274021e-03
   2.8676480e-01   1.2578029e-01   3.1679153e-01   5.4738246e-03   1.6837975e-02   8.6856245e-03
   2.8136346e-01   1.4944357e-01   2.9805050e-01   5.7984406e-03   1.6605101e-02   8.8057573e-03
   2.8890854e-01   1.3844815e-01   2.9355501e-01   4.7561707e-03   1.6609959e-02   8.7179122e-03
   2.8871106e-01   1.4911497e-01   2.8584444e-01   5.5193056e-03   1.6657718e-02   8.7960243e-03
   2.8432603e-01   1.8503648e-01   2.8540474e-01   5.6938615e-03   1.6762968e-02   8.7167028e-03
   2.9404277e-01   1.5324437e-01   2.8483789e-01   5.7165399e-03   1.7098687e-02   8.5833329e-03
   2.9123544e-01   1.7407312e-01   3.0560242e-01   5.7248621e-03   1.7317473e-02   8.7172642e-03
   2.8499614e-01   1.3999226e-01   3.3998252e-01   5.3060986e-03   1.7526112e-02   8.3696843e-03
   2.8718209e-01   1.3708851e-01   3.2521769e-01   6.3051911e-03   1.7330506e-02   8.8480742e-03
   2.8256257e-01   1.5534709e-01   3.0699534e-01   5.9127648e-03   1.7243499e-02   8.7396769e-03
   2.9242471e-01   1.3184722e-01   2.7974716e-01   5.8338437e-03   1.7365303e-02   8.8694369e-03
   2.8729318e-01   1.6010088e-01   2.7637169e-01   5.8253264e-03   1.7414295e-02   8.7193916e-03
   3.0175824e-01   1.3568339e-01   2.7549892e-01   5.3816958e-03   1.7830579e-02   8.8001514e-03
   2.9237920e-01   1.4687998e-01   2.7677466e-01   5.6953252e-03   1.7633504e-02   8.7866088e-03
   2.9188915e-01   1.2923788e-01   2.7945179e-01   5.2749678e-03   1.7961032e-02   8.6924708e-03
   2.9701497e-01   1.2731346e-01   2.6450108e-01   6.0945989e-03   1.7825333e-02   8.9612400e-03
   2.9221658e-01   1.5300961e-01   3.0428723e-01   5.0264077e-03   1.8027970e-02   8.5189458e-03
   2.9541990e-01   1.3317974e-01   2.6335107e-01   5.7820247e-03   1.7988000e-02   8.7929632e-03
   3.0158588e-01   1.6062020e-01   3.1050621e-01   4.8206149e-03   1.8236663e-02   8.7417183e-03
   3.0403690e-01   1.5844274e-01   3.0543917e-01   6.0039048e-03   1.8138853e-02   8.8834708e-03
   2.9930093e-01   1.6494148e-01   3.2245149e-01   4.6762253e-03   1.8245760e-02   8.4130782e-03
   2.9912551e-01   1.3104550e-01   2.8006981e-01   5.3647791e-03   1.8054050e-02   8.5719908e-03
   2.9428973e-01   1.6643678e-01   2.9352477e-01   5.1613609e-03   1.8391821e-02   8.7345712e-03
   3.0526305e-01   1.4673088e-01   2.8514568e-01   5.3878712e-03   1.8489626e-02   8.7403984e-03
   2.9701022e-01   1.7323570e-01   2.6943660e-01   5.4541682e-03   1.8502789e-02   8.5831793e-03
   3.0698212e-01   1.4071497e-01   2.8628978e-01   5.0705800e-03   1.8632218e-02   8.6955958e-03
   3.0103710e-01   1.4524907e-01   2.9304903e-01   5.2429261e-03   1.8738446e-02   8.7239836e-03
   2.9718846e-01   1.4311414e-01   1.7376791e-01   6.9508905e-03   1.7451409e-02   8.8975475e-03
   2.9838809e-01   2.5225532e-01   5.3422199e-01   5.0399739e-03   1.4254549e-02   9.2202650e-03
   2.5863739e-01   1.2887594e-01   2.8532326e-01   6.7504072e-03   1.4742517e-02   9.7686002e-03
   2.5110847e-01   6.3718474e-02  -4.0320164e-02   8.6176612e-03   1.4082318e-02   1.0319888e-02
   2.5495758e-01   2.1281506e-01   1.7273975e-01   7.6452528e-03   1.6231263e-02   9.7504067e-03
   2.5828919e-01   1.7152891e-01   1.3367264e-01   8.0730983e-03   1.5803847e-02   1.0369552e-02
   2.5316745e-01   1.7991669e-01   1.5963480e-01   5.7794985e-03   1.5909056e-02   9.9824102e-03
   2.6061670e-01   1.6866398e-01   1.7938314e-01   6.4534128e-03   1.6084445e-02   1.0195157e-02
   2.5756835e-01   1.5422566e-01   1.8956386e-01   5.9771490e-03   1.6600362e-02   9.9903950e-03
   2.6084992e-01   1.2602535e-01   1.8732134e-01   6.2373668e-03   1.6491111e-02   1.0168864e-02
   2.6174930e-01   1.5062885e-01   2.0645624e-01   6.4942042e-03   1.6713131e-02   1.0426686e-02
   2.5631913e-01   1.4050742e-01   2.3839203e-01   5.4567745e-03   1.7282075e-02   1.0168016e-02
   2.6272597e-01   1.3429450e-01   2.0134441e-01   6.5224334e-03   1.7144996e-02   1.0367906e-02
   2.6364828e-01   1.3040558e-01   1.7570888e-01   6.2747290e-03   1.7653240e-02   1.0117938e-02
   2.6761891e-01   1.3597819e-01   1.8481357e-01   6.6621254e-03   1.7588827e-02   1.0250659e-02
   2.6782730e-01   1.6594032e-01   1.9364308e-01   6.6527493e-03   1.7621449e-02   1.0187881e-02
   2.7867215e-01   1.4067227e-01   1.5549222e-01   7.3405206e-03   1.7767181e-02   1.0290617e-02
