   0.0000000e+00   0.0000000e+00  -2.8421709e-14  -1.1102230e-16  -2.6020852e-18  -2.8888949e-34
  -9.6961184e-03   6.0353430e-02   1.8535671e-01   8.7811322e-04  -4.9927833e-04   6.6464066e-04
  -5.5229200e-03  -5.9309188e-02   2.0738849e-01  -2.0396639e-04   1.0291170e-04  -1.3550815e-04
  -2.2565046e-02   1.0529341e-02   7.3622338e-02   1.1969774e-03  -1.8572544e-04   1.1433293e-04
   4.0197308e-03   8.3708698e-02   2.3408200e-01   1.8411256e-03   3.8493364e-04   1.0451312e-04
  -9.7971032e-03   7.6045555e-03   2.0316882e-01   8.2897018e-04   4.3281150e-04  -1.1945524e-04
   2.0073926e-02   2.4220548e-03   1.6651041e-01   6.4807422e-04   7.8614457e-04  -3.7602698e-05
   3.3315124e-03   5.4586524e-02   1.7813180e-01   1.5976954e-03   5.6242552e-04   1.3133708e-04
  -1.1527875e-02   1.4032951e-02   2.7553028e-01   7.1188768e-04   7.0119777e-04  -1.6481850e-04
   1.6078950e-02  -1.9842051e-02   1.6171666e-01   1.2251380e-03   7.2294254e-04   1.7597105e-04
   1.1349987e-03   1.7612732e-02   3.2271244e-01   6.1398698e-04   9.7799451e-04  -8.0792477e-05
   1.6756644e-02  -6.3832507e-02   2.7053826e-01   1.7008537e-04   1.3186489e-03  -1.9024772e-04
   3.6573136e-02   4.4527859e-02   1.6350361e-01   7.4525093e-04   1.5541430e-03   1.1010168e-04
   2.4900952e-02   2.9781779e-02  -6.2336753e-02   9.9010514e-04   1.2887893e-03   4.1068647e-04
   3.3602574e-03   8.9257878e-02   2.2035866e-01   5.3336271e-04   9.4171475e-04   5.7545092e-05
   3.4843057e-02  -5.0488210e-02   1.2721371e-01   7.2527983e-04   1.1589050e-03   1.8430602e-04
   2.2801935e-02   4.9808964e-02   2.4688765e-01   1.5701745e-03   1.0812700e-03   3.5549203e-04
   2.6051216e-02  -1.8970269e-02   3.0344045e-01   6.2093953e-04   1.8462160e-03  -1.9190768e-04
   4.9810662e-02  -5.3950514e-02   2.3654756e-01   7.3498166e-04   1.7913127e-03   1.9167302e-04
   4.9231652e-02   6.1136044e-02   2.9037377e-01   1.4551631e-03   1.2113204e-03   3.8092550e-04
   5.5583648e-02  -3.5396144e-02   2.9701630e-01   4.6184987e-04   1.8205716e-03   1.3841365e-04
   6.8513375e-02   2.0212069e-03   1.8022385e-01   1.8123668e-03   1.5868198e-03   3.5621438e-04
   4.6381874e-02   5.7080942e-02   3.1779449e-01   1.8850782e-03   1.1614068e-03   6.0679753e-04
   4.9593169e-02  -3.6655622e-02   2.5982041e-01   1.5124955e-03   1.4438634e-03   3.1903356e-04
   4.2694804e-02   8.6030701e-02   2.5918623e-01   2.7157803e-03   1.0071255e-03   6.3295791e-04
   3.1788720e-02  -1.3205383e-02   3.0532768e-01   1.2015301e-03   1.4456446e-03  -2.6884044e-05
   3.8258751e-02   2.5319195e-02   2.0787343e-01   2.2353978e-03   1.1147319e-03   4.0319539e-04
   3.7144176e-02  -3.0700010e-02   2.9212542e-01   1.3700442e-03   1.5489476e-03   1.9874095e-04
   5.1699334e-02  -2.8044159e-02   2.6286746e-01  -1.1987572e-03   2.3391235e-03  -5.1870554e-05
   5.5798782e-02  -4.7548619e-02   7.0639982e-02   5.9306348e-04   1.6269330e-03   5.3241066e-04
  -4.4926424e-03  -2.3560250e-02   2.0066690e-01   7.7539595e-05   4.4026158e-04   8.4563059e-04
   1.5689468e-02  -1.9903850e-04   3.5851534e-01   2.2408906e-04   1.0945635e-03   5.0830660e-04
   4.0491174e-02  -7.0093989e-02   3.2040940e-01  -1.6129950e-04   6.8465816e-04   6.5610394e-04
   4.2389819e-03   2.5779701e-03   3.0765324e-01   7.9529993e-04   1.4271098e-04   8.8597121e-04
   4.8551425e-03  -3.6660164e-03   3.4734481e-01   5.3196436e-04   4.3567853e-04   6.7778062e-04
   2.5671939e-02  -1.0419435e-01   3.0595564e-01  -2.2311881e-04   1.0944160e-03   3.1534018e-04
   3.7829378e-02  -3.2049570e-03   2.9852714e-01   1.1544739e-03   6.9186565e-04   9.3242139e-04
   2.6469361e-02  -1.2212405e-02   4.6448585e-01   4.0397514e-04   1.2327121e-03   5.3255801e-04
   5.4501478e-02  -7.1512728e-02   3.9565121e-01  -2.5828466e-04   1.3026053e-03   4.3100424e-04
   9.3434543e-02  -4.8563598e-02   3.2278475e-01   8.9652601e-04   1.7442713e-03   1.2756012e-03
   5.7762497e-02  -2.8304945e-03   4.8117281e-01   1.8240004e-04   1.4236226e-03   6.8676985e-04
   1.0266686e-01  -1.8261354e-01   1.9205284e-01  -1.7091326e-03   2.0857143e-03   1.3277965e-03
   5.2989963e-02  -4.8126038e-02   4.1886212e-01  -2.2475878e-03   1.1903282e-03   3.1089087e-04
   7.1502446e-02  -8.7448974e-02   2.7870856e-01  -1.0621641e-03   9.9382465e-04   6.8159562e-04
   8.7694842e-02   1.2927266e-02   3.7931489e-01  -1.4334867e-04   1.3713678e-03   8.3927255e-04
   8.7040057e-02  -9.3836239e-02   3.2348239e-01  -7.2120144e-04   1.4272793e-03   6.4112703e-04
   7.8280861e-02  -3.7596150e-02   2.7263020e-01  -4.4687794e-05   1.1704117e-03   9.0820327e-04
   7.0150305e-02  -5.6188531e-02   3.3979491e-01  -1.1765179e-03   1.3024788e-03   9.3310615e-04
  -1.0604625e-02  -6.5394692e-02  -4.8038180e-02  -2.1553377e-04   3.7918077e-04   4.1287885e-04
  -2.4612261e-02   1.2049181e-02   1.7749750e-01  -8.3395787e-04   1.8154613e-04   1.1581564e-04
   3.4932102e-02   1.9192071e-02   1.0229476e-01   3.1742861e-04   7.4993747e-04   9.0857776e-04
   4.8699479e-02   1.8037222e-02   2.0750147e-01   1.3560350e-04   1.2149749e-03   8.4937625e-04
   5.3581208e-02  -3.5236963e-02   1.8557257e-01   2.3695407e-04   1.1786370e-03   8.1308644e-04
   5.6605588e-02   3.4515694e-02   2.2062344e-01   1.1009766e-03   1.2866039e-03   1.2217772e-03
   5.7373541e-02  -4.1729028e-02   2.4099738e-01  -4.7712687e-04   1.3292238e-03   6.3668603e-04
   7.4047335e-02  -2.1763664e-02   6.1437682e-02   4.5231736e-04   1.2355434e-03   9.1844024e-04
   5.2691139e-02   3.7425787e-02   2.8480470e-01   1.0197653e-03   9.7819228e-04   1.2464572e-03
   6.0553071e-02  -5.5113667e-03   2.7920347e-01   1.7872651e-04   1.2937619e-03   8.0522369e-04
   7.3925955e-02  -6.1991071e-02   2.0602987e-01  -7.6551030e-05   1.7160608e-03   4.4201292e-04
   7.6658609e-02   1.5635236e-02   1.3050808e-01   1.0733143e-03   9.3993845e-04   1.2610336e-03
   5.5597262e-02   1.7523930e-03   3.0505422e-01   6.4100447e-04   1.0831565e-03   8.0597725e-04
   6.8411195e-02  -5.5898200e-02   2.6731307e-01   3.2263872e-05   1.3288979e-03   7.4370313e-04
   7.3516149e-02  -5.2942518e-04   2.6871164e-01   1.2953568e-03   8.7581794e-04   1.5267389e-03
   5.3703115e-02  -1.2221067e-02   3.9057008e-01   2.7658032e-04   1.1481173e-03   1.0008592e-03
   1.2859561e-01  -1.7783001e-01   3.2046687e-01  -1.1562777e-03   1.7476884e-03   1.3836325e-03
   1.3788941e-01  -5.6883393e-02   2.9837675e-01  -1.6986029e-03   1.2323701e-03   5.1617185e-04
   9.6010054e-02  -1.3934714e-01   2.0840458e-01  -2.4098426e-03   1.1864634e-03   5.8802115e-05
   9.9508535e-02  -5.4531750e-02   2.5543018e-01  -9.3095365e-04   1.2721043e-03   1.9268314e-04
   9.9809295e-02  -7.2412512e-02   2.8294488e-01  -1.4231664e-03   1.2830673e-03   3.1950239e-04
   9.7821976e-02  -9.9298323e-02   2.3879634e-01  -1.0607224e-03   1.2734039e-03   5.4512895e-04
   6.1683742e-02  -3.9856318e-02   3.3167310e-01  -1.1251400e-03   1.2297885e-03   1.4655329e-04
   7.6750122e-02  -1.4051749e-01   1.8669014e-01  -1.5074481e-03   1.3659399e-03   1.5320768e-04
   6.3503528e-02  -1.5927937e-02   2.5166621e-01  -6.4761713e-04   1.0653116e-03   4.7379747e-04
   7.8821082e-02  -6.1489098e-02   2.4583692e-01  -1.5478894e-03   1.5520896e-03   5.7219660e-05
   9.0588352e-02  -5.4196167e-02   2.3206417e-01  -8.1499457e-04   1.3364344e-03   4.7143789e-04
   5.7479092e-02   2.1157045e-04   3.0638901e-01  -4.8312657e-04   1.1113934e-03   3.2584809e-04
   8.5781295e-02  -1.2023762e-01   1.4983392e-01  -1.0852307e-03   1.4409380e-03   4.2794183e-04
   4.7903504e-02  -2.4752016e-02   2.3381560e-01   5.9897742e-04   1.8322924e-03   4.8672179e-04
   2.5351203e-02  -1.1525702e-02   4.5005506e-02  -1.3178212e-04   1.3621696e-03   8.2364708e-04
   2.4985649e-02  -3.9470221e-02   2.3096507e-01  -1.4132826e-03   1.2458282e-03   7.4881941e-05
   3.7646330e-02  -1.2059055e-02   1.7130463e-01  -5.8861539e-04   1.0353587e-03   5.6412816e-04
   3.4851220e-02  -5.0604687e-02   2.4862001e-01  -9.8713763e-04   1.3482316e-03   2.8161629e-04
   3.5230331e-02  -4.4913768e-02   1.1496360e-01  -2.6053705e-04   1.3223126e-03   6.9408315e-04
   2.3590205e-02   8.6566133e-03   3.9926055e-01  -4.8674659e-04   9.7449943e-04   6.0880532e-04
   5.2930468e-02  -1.0623335e-01   1.4982081e-01  -6.9226995e-04   1.3056107e-03   8.6992008e-04
   3.8227045e-02  -1.0857433e-02   3.0754390e-01  -3.2629449e-04   1.1500492e-03   8.2007699e-04
   4.6961998e-02  -9.0166639e-02   3.0932879e-01  -1.2839403e-03   1.6134756e-03   1.4472595e-04
   8.2384842e-02  -3.6117756e-02   1.8229052e-01   3.0929157e-04   1.2117641e-03   1.0826469e-03
   6.0005394e-02  -2.2263147e-02   4.4707837e-01  -9.6593402e-04   1.2167448e-03   5.5158464e-04
   7.9738432e-02  -1.3857210e-01   2.7841589e-01  -6.7446076e-04   9.7190054e-04   7.1773705e-04
   7.9130303e-02  -1.9959348e-02   4.3862083e-01  -2.7886263e-04   1.0465339e-03   9.9541719e-04
   1.0165840e-01  -1.3170345e-01   3.2673491e-01  -1.0000064e-03   1.6496878e-03   7.8036395e-04
   8.9630394e-02  -3.7369447e-02   3.1553508e-01   1.0612696e-04   1.5352760e-03   1.2041271e-03
   9.1272220e-02  -4.1816616e-02   4.0181496e-01  -4.0058353e-04   1.8267438e-03   7.7416063e-04
   9.8754899e-02  -1.0294112e-01   3.0068572e-01  -6.9980101e-05   1.7959625e-03   9.7654435e-04
   9.9837102e-02  -3.9197116e-02   3.7913980e-01   6.5251017e-04   1.6534806e-03   1.3229241e-03
   1.0859930e-01  -7.4352026e-02   4.1642301e-01  -5.4345421e-04   2.2041880e-03   7.9590929e-04
   1.8350511e-01  -1.3039142e-01   3.8956976e-01  -1.5107739e-03   2.5965865e-03   2.0148934e-03
   1.2649052e-01  -1.1195957e-01   4.1221936e-01  -1.7883965e-03   1.8532253e-03   1.1895918e-03
   1.3116793e-01  -1.8107990e-01   3.2087506e-01  -2.3249375e-03   1.9791738e-03   7.2574791e-04
   1.2214475e-01  -1.1385800e-01   3.8593920e-01  -1.6698807e-03   1.6990132e-03   1.1129920e-03
   1.2312938e-01  -1.3129644e-01   4.4260431e-01  -2.1040184e-03   1.9287952e-03   8.5446368e-04
   1.3833929e-01  -2.1765770e-01   4.0037122e-01  -2.6979695e-03   2.2115768e-03   9.5217317e-04
   1.4623565e-01  -1.1384055e-01   4.4971078e-01  -1.4555521e-03   1.9397452e-03   1.4971275e-03
   1.4677215e-01  -2.1760401e-01   4.9578005e-01  -3.3221591e-03   2.2097859e-03   9.7957419e-04
   1.6987137e-01  -1.3756557e-01   3.5328614e-01  -1.4965708e-03   1.8414280e-03   1.7580985e-03
   1.4917009e-01  -9.3943238e-02   5.5640695e-01  -2.4129214e-03   2.1794086e-03   1.0355192e-03
   1.5670001e-01  -1.9976806e-01   3.0378402e-01  -2.0138190e-03   2.0033152e-03   1.3261322e-03
   1.4995137e-01  -8.9365263e-02   5.0713942e-01  -1.8004324e-03   2.0380235e-03   1.2427955e-03
   1.5494894e-01  -1.9913958e-01   4.4573216e-01  -3.1377516e-03   2.3495324e-03   7.5721550e-04
   1.5945458e-01  -1.8580486e-01   3.7578196e-01  -2.6547285e-03   2.1752556e-03   1.1079723e-03
   1.4721710e-01  -1.2039519e-01   4.2354594e-01  -1.9693436e-03   2.2342280e-03   1.0286804e-03
   1.4003425e-01  -1.7402283e-01   4.5238725e-01  -3.0826970e-03   1.8422299e-03   1.0665013e-03
   1.7608251e-01  -2.2041288e-01   3.7587166e-01  -2.9130925e-03   2.0708397e-03   1.2388105e-03
   1.6543282e-01  -1.4985266e-01   4.7201846e-01  -2.2636721e-03   1.9940364e-03   1.3080996e-03
   1.5865902e-01  -2.2383698e-01   5.1538764e-01  -3.7928712e-03   2.3327133e-03   6.9968590e-04
   1.7185425e-01  -1.9298000e-01   3.9509914e-01  -2.5306244e-03   2.1270750e-03   1.3298555e-03
   1.6516963e-01  -1.3245461e-01   5.2677124e-01  -2.8999744e-03   1.9540393e-03   1.2435549e-03
   1.8239453e-01  -2.5372397e-01   4.1487186e-01  -3.5167106e-03   2.3033282e-03   1.0660033e-03
   1.6991555e-01  -1.3661571e-01   4.3679453e-01  -1.9166386e-03   2.2491861e-03   1.3557198e-03
   1.8111326e-01  -1.8118509e-01   5.1191513e-01  -3.2869538e-03   2.5607623e-03   9.2822260e-04
   1.9035721e-01  -1.9185059e-01   2.9285851e-01  -2.2242150e-03   2.3818671e-03   1.3178605e-03
   1.9437984e-01  -9.0550088e-02   5.0116129e-01  -1.8393795e-03   2.3204196e-03   1.6261441e-03
   2.0024118e-01  -2.2945356e-01   4.8152758e-01  -3.7274146e-03   2.6839399e-03   1.0191274e-03
   2.2312598e-01  -1.7378552e-01   3.6618792e-01  -2.0983904e-03   2.4672045e-03   1.7374231e-03
   2.1121680e-01  -1.4584742e-01   5.6101821e-01  -2.7241832e-03   2.5143231e-03   1.3899847e-03
   2.1910057e-01  -2.5510859e-01   4.0479057e-01  -2.7091444e-03   2.5971125e-03   1.4855388e-03
   2.1632445e-01  -1.1861785e-01   4.9571089e-01  -1.4695193e-03   2.4182155e-03   1.8295298e-03
   2.0534573e-01  -1.9824702e-01   4.9031070e-01  -3.0838581e-03   2.5566763e-03   1.1103921e-03
   2.2261620e-01  -1.7281590e-01   3.6746837e-01  -1.8289933e-03   2.4266115e-03   1.7728140e-03
   2.0175331e-01  -8.4342562e-02   5.4080899e-01  -1.6313319e-03   2.2110841e-03   1.4057786e-03
   2.1829041e-01  -2.1172261e-01   4.1804669e-01  -2.5247431e-03   2.5331750e-03   1.2885889e-03
   2.1923498e-01  -1.6390218e-01   4.7342572e-01  -2.4920772e-03   2.4337567e-03   1.5032471e-03
   2.1746985e-01  -1.9114460e-01   5.0455647e-01  -2.8745936e-03   2.4950169e-03   1.5040911e-03
   2.1579511e-01  -9.9919955e-02   4.6929147e-01  -1.1057430e-03   2.1021455e-03   1.8445037e-03
   2.0998683e-01  -1.4689086e-01   5.3510522e-01  -2.1778949e-03   2.2483118e-03   1.2502577e-03
   2.2465345e-01  -1.7379533e-01   3.9826051e-01  -1.3813037e-03   1.9871588e-03   1.8055225e-03
   1.7822312e-01  -6.8811066e-02   5.5890774e-01  -5.5946165e-04   1.4976320e-03   1.7308689e-03
   2.0600059e-01  -1.9053736e-01   4.5422708e-01  -1.6342550e-03   1.9737907e-03   1.4716992e-03
   2.1515833e-01  -1.1086249e-01   4.4667718e-01  -1.4195822e-03   2.0958657e-03   1.5891955e-03
   1.7803904e-01  -8.0837360e-02   5.0770018e-01  -7.7486462e-04   1.7791622e-03   1.5932065e-03
   1.8617315e-01  -1.6981047e-01   5.0344032e-01  -2.1353061e-03   2.2780723e-03   1.0209929e-03
   1.8975647e-01  -1.0873419e-01   3.8451424e-01  -3.9527524e-04   2.0979087e-03   1.4928243e-03
   1.7100721e-01  -8.1018228e-02   5.4106788e-01  -1.2322699e-03   2.0323527e-03   1.0729674e-03
   1.7614852e-01  -1.3906202e-01   3.5108722e-01  -8.9957216e-04   2.0977572e-03   1.2142449e-03
   1.7291922e-01  -6.0953472e-02   5.2806860e-01  -1.1507138e-03   2.2382552e-03   1.1345383e-03
   1.6305067e-01  -1.9358617e-01   4.2942365e-01  -2.1706783e-03   2.4262414e-03   6.9400187e-04
   1.6626752e-01  -7.8202456e-02   4.2349800e-01  -5.1511192e-04   2.1165680e-03   1.1823086e-03
   1.6199837e-01  -1.4667080e-01   5.0034895e-01  -2.1221076e-03   2.2182072e-03   7.5359033e-04
   1.8285828e-01  -1.1685048e-01   3.7950050e-01  -1.0020577e-03   2.0897211e-03   1.2924597e-03
   1.6371952e-01  -8.6966976e-02   5.0842266e-01  -1.1328560e-03   2.0333090e-03   1.2924403e-03
   1.5306973e-01  -1.6708232e-01   4.4457552e-01  -1.3548301e-03   2.1833927e-03   8.0533738e-04
   1.7720197e-01  -7.9471755e-02   4.2658080e-01   4.1977397e-05   2.2147698e-03   1.3239873e-03
   1.6451873e-01  -1.1833702e-01   5.4021117e-01  -1.6046081e-03   2.1081306e-03   1.0939551e-03
   1.7026459e-01  -1.1030812e-01   3.8444431e-01  -2.9904196e-04   1.7699201e-03   1.6288760e-03
   1.5379192e-01  -7.2118761e-03   5.9523508e-01  -5.8681762e-05   1.7641670e-03   9.4305842e-04
   1.4646319e-01  -4.5588641e-03   2.2053933e-01   5.0430104e-04   1.7301117e-03   1.4240008e-03
   1.3942760e-01  -7.7037061e-02   2.6741796e-01  -8.0003584e-04   1.6549362e-03   1.2206242e-03
   1.3181717e-01  -2.1137689e-02   4.0584316e-01  -1.5369545e-04   1.2644972e-03   9.1723410e-04
   9.5959702e-02   2.8709216e-02   3.0992359e-01   1.1940869e-03   4.0060965e-04   1.1529809e-03
   1.2193606e-01  -2.0194799e-02   4.2067777e-01   9.8419484e-05   1.0493739e-03   1.0499812e-03
   1.2928950e-01  -5.2896048e-02   3.2198630e-01   9.8835855e-04   1.0017603e-03   1.3826952e-03
   1.1188773e-01   4.6505269e-02   4.6495998e-01   1.5650670e-03   6.6306816e-04   1.3541923e-03
   1.1077314e-01  -7.9836014e-02   4.1328799e-01  -1.9401982e-04   1.1120571e-03   7.1369657e-04
   1.3437101e-01  -1.7000268e-02   2.8341840e-01   9.0855576e-04   7.7620759e-04   1.6123933e-03
   1.3936884e-01  -3.3937737e-02   4.9299406e-01  -3.0422203e-04   1.3177428e-03   8.8631624e-04
   1.2941851e-01  -4.8018439e-02   2.9196680e-01   8.2655884e-04   9.5390925e-04   1.2913777e-03
   9.5812005e-02   1.8518407e-02   4.8656287e-01   6.7145005e-04   7.3311949e-04   1.0645125e-03
   1.0284430e-01  -1.0092882e-01   3.8414675e-01  -8.0542651e-05   1.0703978e-03   8.7760849e-04
   9.4118011e-02  -1.0104705e-02   3.5035725e-01   1.4707571e-03   1.1449839e-03   1.0847976e-03
   7.8362716e-02  -4.1930485e-03   4.6234028e-01   5.6788272e-04   9.7048114e-04   7.3637853e-04
   1.2728516e-01  -1.1951950e-01   3.8983254e-01  -1.0886650e-03   2.0116683e-03   1.4523752e-03
   1.5483845e-01  -3.7126679e-02   4.3266369e-01   3.0961577e-05   1.9150073e-03   1.2551116e-03
   1.2319181e-01  -5.0531327e-02   5.2857643e-01  -1.7105551e-04   1.3393407e-03   1.0866792e-03
   1.5150147e-01  -1.6650751e-01   3.1118462e-01  -1.0012545e-03   1.8329439e-03   1.2166889e-03
   8.7621111e-02   9.1800048e-03   4.7416238e-01   2.7037157e-04   5.1526799e-04   1.2625703e-03
   1.0911574e-01  -1.3450562e-01   3.5725234e-01  -9.8421843e-04   7.7230923e-04   1.0325667e-03
   1.2921511e-01  -6.2307925e-02   3.4395793e-01  -7.9433495e-04   1.3901086e-03   1.4697303e-03
   8.3581725e-02  -5.1320652e-02   2.6658424e-01  -1.4376988e-03   9.9214610e-05   6.7916567e-04
   8.1134565e-02  -5.6478010e-03   2.3156483e-01  -3.8724473e-04   1.6568556e-04   1.0585398e-03
   9.3947413e-02   2.6006170e-02   3.9751668e-01   2.9012457e-04   3.4949126e-04   8.8549069e-04
   9.1515403e-02  -1.1166418e-02   2.0739414e-01   1.1700125e-03  -1.3443763e-05   1.3281271e-03
   9.5300709e-02   6.3365415e-02   4.4094963e-01   9.7580565e-04   2.0759282e-04   1.1280236e-03
   9.1458963e-02  -4.6929252e-02   2.7306024e-01   5.8627067e-04   8.3200103e-05   1.2028444e-03
   8.5363616e-02   8.3999912e-02   4.1534845e-01   2.1259943e-03  -5.2841575e-05   1.3323326e-03
   8.4548942e-02  -3.0607457e-02   3.9404482e-01   1.6321449e-04   1.9742865e-04   7.6853375e-04
   9.4143654e-02   2.5283263e-02   3.4881260e-01   1.3198630e-03  -2.1630018e-04   1.4994120e-03
   8.3310536e-02   5.4836414e-02   4.9759616e-01   1.3136205e-03   1.3840777e-04   7.2607114e-04
   7.6540562e-02   3.8779011e-03   2.4167801e-01   2.0091703e-03  -2.5726091e-04   1.2191673e-03
   6.8540462e-02   1.1699521e-01   4.9827986e-01   1.8433343e-03  -6.9198503e-05   8.4902623e-04
   8.1223900e-02   5.3246533e-03   2.5693303e-01   1.9819463e-03  -2.2069695e-04   1.4068693e-03
   6.1515552e-02   1.3142583e-01   4.6737721e-01   2.1660621e-03  -2.9815539e-04   9.4612357e-04
   8.5749291e-02  -4.3939225e-02   3.0019121e-01   1.5381884e-03  -1.2646772e-04   1.2486203e-03
   8.5168709e-02   1.2393016e-01   4.1639217e-01   1.3807056e-03   3.7548529e-04   6.7282030e-04
   7.3135171e-02   5.3722215e-02   5.8346353e-02   2.7245543e-03   1.2301688e-03   8.7496938e-04
   4.8735182e-02   8.5358676e-02   1.8534574e-01   1.7039036e-03   2.9754499e-04   1.2807172e-03
   7.7529455e-02   9.4334128e-02   3.1035606e-01   1.1745297e-03   7.5866561e-04   1.2528634e-03
   8.9739749e-02  -1.3062899e-02   2.8902224e-01   6.3710063e-04   7.7028934e-04   1.1125060e-03
   9.6955142e-02   5.0481653e-02   4.0175834e-01   1.8282613e-03   2.4810157e-04   1.6499430e-03
   1.0454729e-01  -4.0786539e-02   4.3656115e-01   7.4885839e-04   5.9334341e-04   1.4038600e-03
   9.3716641e-02   2.8124435e-02   3.8253557e-01   2.1159331e-03   2.7045373e-04   1.8415029e-03
   8.2300226e-02   8.1361879e-03   4.9576116e-01   9.9868902e-04   3.1171498e-04   1.4218588e-03
   1.0598497e-01  -5.8318703e-02   2.9791015e-01   1.0144118e-03   4.8723397e-04   1.6417169e-03
   1.0061384e-01   9.2773850e-02   4.0233700e-01   2.2649516e-03   3.3046363e-04   1.8394881e-03
   1.0708512e-01  -1.2360355e-02   3.8864830e-01   1.1496815e-03   5.3815063e-04   1.4673177e-03
   1.1330774e-01   1.3712847e-02   2.9157589e-01   1.6804016e-03   2.3447340e-04   1.9059099e-03
   9.4545189e-02   8.2754461e-02   4.0259632e-01   2.4347666e-03  -5.3031249e-06   2.0260522e-03
   8.7960457e-02   9.4245074e-04   4.0214896e-01   9.8232984e-04   5.6465218e-04   1.1282453e-03
   1.0924989e-01   1.5709454e-02   2.7046342e-01   1.9960246e-03   3.1444030e-04   1.9186901e-03
   1.0152227e-01   8.0925659e-02   4.0293150e-01   2.0438164e-03   4.2912059e-04   1.6997071e-03
   8.7547864e-02  -8.0454378e-03   3.4921989e-01   1.4153909e-03   4.1858140e-04   1.4057556e-03
   8.4244309e-02   1.7589143e-02   2.6237428e-01   1.9809620e-03   3.2982551e-04   1.6044302e-03
   8.1114635e-02   3.7598881e-02   4.1308327e-01   1.9046855e-03   1.5232378e-04   1.8246540e-03
   8.0782993e-02  -2.7263216e-02   4.0609450e-01   1.0010518e-03   5.4011752e-04   1.4039867e-03
   9.5271324e-02   5.4704812e-02   3.1296633e-01   2.3601147e-03   3.2707279e-04   2.0078812e-03
   9.9790247e-02  -3.6217968e-03   4.3100845e-01   1.2535156e-03   7.4687477e-04   1.4534500e-03
   1.0567385e-01   6.1846514e-02   3.3551160e-01   2.8135934e-03   5.0748705e-04   1.8891859e-03
   8.9455565e-02   7.8123188e-03   4.3696373e-01   1.1508905e-03   5.8188402e-04   1.3742616e-03
   1.0068341e-01   6.2370734e-02   3.2326908e-01   2.6068604e-03   4.2702710e-04   1.9574992e-03
   8.2211780e-02   4.6143221e-02   4.7979563e-01   1.3442941e-03   4.6426849e-04   1.5211894e-03
   9.3766954e-02  -3.4267568e-02   2.7333910e-01   1.7532553e-03   4.7734850e-04   1.6549652e-03
   8.0720555e-02   7.5322005e-02   3.7908522e-01   2.4165495e-03  -6.1560332e-05   1.9720463e-03
   9.9307493e-02  -6.5857769e-03   3.9557917e-01   6.9808216e-04   4.3733121e-04   1.5345114e-03
   1.0831936e-01   2.7896492e-02   2.8164480e-01   1.9640419e-03   1.6422095e-04   1.9506593e-03
   6.7519145e-02   1.1139808e-01   4.4375930e-01   2.2583893e-03  -2.9013432e-04   1.8954756e-03
   7.8618936e-02  -4.5661272e-02   3.3638420e-01   1.5028105e-03   4.1882150e-05   1.7124083e-03
   7.0594181e-02   9.8521256e-02   3.8363768e-01   2.9442618e-03  -2.8444408e-04   1.9788362e-03
   6.9474498e-02  -5.5895467e-03   4.0826710e-01   1.1815605e-03  -2.7183270e-04   1.7899706e-03
   9.0722324e-02   5.7068427e-02   2.6981298e-01   2.4725265e-03  -5.1917576e-04   2.2599488e-03
   7.7842680e-02   9.0897949e-02   4.3406421e-01   1.9082445e-03  -2.4849539e-04   1.8933220e-03
   9.0692020e-02  -4.4648969e-03   3.6395564e-01   1.3736949e-03   1.8488144e-05   1.7130287e-03
   8.2973104e-02   7.6365169e-02   4.3510400e-01   2.5833870e-03  -6.8644861e-04   2.3538773e-03
   7.4470342e-02   3.5356292e-02   4.4175359e-01   1.8230625e-03  -5.1653261e-04   2.0686796e-03
   9.0916584e-02  -8.4526000e-03   4.0173817e-01   1.3771891e-03  -2.3627109e-04   1.9751750e-03
   7.9735659e-02   6.5216552e-02   3.6809995e-01   2.7289744e-03  -4.7055402e-04   2.2842936e-03
   9.3496824e-02   2.3930205e-02   3.8083192e-01   2.0558255e-03  -2.3641941e-04   2.3486369e-03
   8.3675004e-02   3.8816453e-02   4.9467565e-01   1.2533382e-03  -5.6667010e-05   1.6846465e-03
   9.3140250e-02   3.5499821e-02   3.2945412e-01   2.5544294e-03  -5.6037750e-04   2.3902090e-03
   7.8306276e-02   8.0659554e-02   4.6764579e-01   2.3468913e-03  -4.1629932e-04   2.1221074e-03
   9.4638260e-02  -2.6698913e-02   3.9225814e-01   1.1951361e-03   3.1908547e-04   1.5086071e-03
   9.1477087e-02   5.3083557e-02   3.1733948e-01   2.5798209e-03  -1.3231489e-04   2.1848338e-03
   6.9110681e-02   5.7258730e-02   4.9757958e-01   1.6397667e-03   1.0920343e-04   1.3264918e-03
   9.0580571e-02   2.0715040e-03   2.7137369e-01   2.9177452e-03  -1.4670009e-04   2.1028396e-03
   7.3843024e-02   9.7104290e-02   4.9411709e-01   2.4710095e-03  -1.5139296e-04   1.8300912e-03
   1.0068595e-01  -3.4672232e-02   3.2393210e-01   2.1056542e-03   1.5558300e-05   2.0039744e-03
   1.4531398e-01   8.0039202e-02   4.3333103e-01   2.0216923e-03   1.0094832e-03   2.1030287e-03
   9.2999265e-02   2.4172730e-02   4.4879916e-01   1.6488069e-03   2.0751098e-04   1.6903002e-03
   8.1465558e-02   1.9116319e-02   3.3224598e-01   2.1172947e-03  -4.2641367e-04   2.1268891e-03
   8.1408950e-02   1.0921010e-01   4.3279430e-01   2.7781898e-03  -2.9027853e-04   2.2552233e-03
   7.9733047e-02  -3.0089509e-02   4.4615057e-01   1.3174287e-04  -3.0187199e-04   1.6831372e-03
   9.3614966e-02   2.1498642e-02   3.6410637e-01   1.9066642e-03  -5.2065913e-04   2.3542981e-03
   8.2552523e-02   5.3433729e-02   5.3203324e-01   1.6968486e-03  -2.8003377e-04   1.7449973e-03
   9.4984358e-02  -1.6598540e-02   3.3746683e-01   2.3297179e-03  -2.6113181e-04   2.1936107e-03
   8.7516929e-02   9.1290098e-02   5.1796381e-01   2.5563022e-03  -2.4808950e-04   2.1348102e-03
   8.2973705e-02  -3.9881138e-02   3.5604107e-01   1.9328176e-03   1.3099548e-04   1.8042469e-03
   8.4994914e-02   9.6812381e-02   4.2717149e-01   3.2940795e-03  -2.3752959e-04   2.2702891e-03
   9.4583041e-02  -2.1917449e-02   4.2776718e-01   1.5885253e-03   4.2553976e-06   1.8675423e-03
   9.5534952e-02   6.4150738e-02   4.1377623e-01   2.9286344e-03  -2.1247041e-04   2.2826505e-03
   8.2396029e-02   2.6539428e-03   4.9344201e-01   1.2293841e-03   1.0077467e-04   1.6884325e-03
   9.5371386e-02   2.7829188e-03   3.8156781e-01   2.6412880e-03  -1.8521228e-04   2.2712534e-03
   7.5224759e-02   6.3044543e-02   5.2931915e-01   2.3597808e-03  -2.1037788e-04   2.0073346e-03
   8.7737881e-02  -9.2698773e-03   4.8800386e-01   1.4785716e-03   1.1912479e-04   1.7811671e-03
   1.0362242e-01   5.4108082e-03   3.4272601e-01   2.5806531e-03   1.8149813e-05   2.2858403e-03
   9.4136747e-02   4.9879510e-02   5.5502962e-01   2.0297391e-03   3.2306387e-05   2.0056529e-03
   1.0708975e-01  -1.4701448e-02   3.6970018e-01   2.1484204e-03  -4.8382197e-05   2.0664029e-03
   1.0016096e-01   6.8974425e-02   4.1209580e-01   3.1191566e-03  -4.8163654e-05   2.2730586e-03
   8.0245758e-02   8.0413744e-04   5.1489210e-01   1.2540409e-03  -1.1061922e-04   1.8460815e-03
   9.4948398e-02   3.8441884e-02   4.0006864e-01   2.9451391e-03  -2.0378486e-04   2.4491257e-03
   7.7501459e-02   4.6774839e-02   5.5477103e-01   1.9951590e-03  -2.8941636e-04   2.0666637e-03
   1.0161996e-01   2.4159443e-02   3.9326395e-01   2.8696496e-03  -2.4941317e-04   2.4638623e-03
   7.6135066e-02   8.8747127e-02   5.8471343e-01   2.2398612e-03  -3.7271290e-04   2.2769181e-03
   1.0731143e-01  -3.7066175e-02   4.3849098e-01   2.3627606e-03  -1.4990054e-04   2.4686130e-03
   6.8970424e-02   9.9929189e-02   5.4651009e-01   3.1469247e-03  -4.4935413e-04   2.2646718e-03
   8.6318438e-02  -2.4975601e-02   4.8283848e-01   2.0964687e-03  -2.7969333e-04   2.0866692e-03
   9.4246959e-02   4.8636034e-02   3.9213135e-01   3.0330976e-03  -1.3627126e-04   2.5656983e-03
   8.7900105e-02   5.9796947e-02   5.9035949e-01   2.1482037e-03  -2.9533443e-05   2.2903323e-03
   9.6235205e-02  -1.3076509e-02   3.9342022e-01   2.7630915e-03  -2.8900118e-05   2.5364413e-03
   9.4499029e-02   1.0325663e-01   5.6288166e-01   3.0855454e-03  -3.2956535e-04   2.6412950e-03
   1.0533435e-01  -2.4099263e-02   4.0419500e-01   2.4161893e-03  -4.2964599e-05   2.5326928e-03
   1.0034962e-01   9.9929731e-02   5.4573484e-01   2.8851314e-03  -2.3633568e-04   2.7538179e-03
   1.1837526e-01  -1.7593610e-02   3.9124903e-01   2.0413186e-03   1.2678342e-04   2.3514067e-03
   9.4913442e-02   1.4372128e-01   4.7690107e-01   2.6202195e-03   1.2794858e-04   1.8347321e-03
   1.5357347e-02   4.1323785e-02   3.5093218e-01   3.9015007e-03  -4.6850819e-04   2.1710080e-03
   7.5107351e-03   1.7490513e-01   2.4228242e-01   4.3128597e-03  -8.2624166e-04   2.1891811e-03
   2.5461321e-02   2.2582026e-01   3.6457146e-01   4.6687034e-03  -8.8899792e-04   2.2309878e-03
   1.4769184e-02   1.1308360e-01   3.7386305e-01   3.3874216e-03  -7.4117254e-04   1.5976649e-03
   6.5724635e-03   1.9760318e-01   3.3593815e-01   4.3573542e-03  -1.3172333e-03   1.9678462e-03
   3.8761881e-02   1.0678223e-01   4.9542859e-01   2.3061007e-03  -5.4252237e-04   1.6851210e-03
   3.7623341e-02   1.2192826e-01   2.8530036e-01   4.1248860e-03  -1.2426558e-03   2.4054004e-03
   4.0195979e-02   1.4516547e-01   4.4793659e-01   3.5893781e-03  -9.1784342e-04   2.2597971e-03
   6.7281312e-02   1.0794236e-01   3.5197569e-01   3.2403313e-03  -3.1237493e-04   2.1401139e-03
   9.4031799e-02   1.6943933e-01   3.0160095e-01   4.6907518e-03  -3.6493670e-04   2.9328522e-03
   1.2506255e-01   1.6261740e-01   4.2894320e-01   3.8868347e-03   3.1563648e-04   2.9491661e-03
   1.0761693e-01   7.5183939e-02   3.3666704e-01   3.7547145e-03   1.5905835e-04   2.7701469e-03
   9.9940686e-02   1.6222047e-01   4.1605274e-01   4.3516188e-03  -1.9280866e-04   2.8851293e-03
   9.5423064e-02   6.6627058e-02   3.7788905e-01   3.3393768e-03  -1.9160542e-04   2.8228284e-03
   1.0230530e-01   1.3441181e-01   3.3954479e-01   4.6299837e-03  -1.4636270e-04   3.1718919e-03
   9.9658351e-02   1.7765716e-01   5.1794442e-01   3.9020861e-03  -3.2582092e-04   3.1509512e-03
   1.2300369e-01   6.8377176e-02   2.9932437e-01   4.0810051e-03  -3.5521878e-04   3.2215998e-03
   1.1976245e-01   1.3179070e-01   4.5665711e-01   3.6808378e-03  -4.5881685e-04   3.4587330e-03
   1.2210378e-01   4.1823274e-02   3.8813142e-01   2.9561125e-03  -1.6657480e-04   3.0146090e-03
   1.0354017e-01   1.2654308e-01   3.0696803e-01   4.2937416e-03  -2.3131668e-04   3.1355189e-03
   9.4109182e-02   1.4839161e-01   5.0375883e-01   3.4904588e-03  -2.9805138e-04   2.9175059e-03
   1.1188919e-01   7.8331085e-02   2.9194071e-01   4.4484070e-03  -1.7800095e-04   3.1487846e-03
   1.0259055e-01   1.8869158e-01   4.8353036e-01   4.3646514e-03  -3.8891646e-04   3.3303785e-03
   1.0130865e-01   5.4695906e-02   3.4681571e-01   2.8166265e-03  -9.9495265e-05   2.7705793e-03
   1.0248543e-01   1.6928620e-01   3.9836842e-01   4.3651896e-03  -3.9995583e-04   3.2372649e-03
   1.0799303e-01   5.3625225e-02   3.9963319e-01   3.1624378e-03   1.6643916e-04   2.6814138e-03
   1.0789716e-01   1.4954320e-01   3.4896375e-01   4.1964111e-03  -3.4671935e-04   3.2672544e-03
   1.0551672e-01   6.8781036e-02   4.4080225e-01   2.9237605e-03   5.6396530e-06   2.8909638e-03
   1.0786206e-01   1.2729173e-01   2.9891521e-01   4.3215351e-03  -9.7175319e-05   3.3189433e-03
   9.4817386e-02   1.2651424e-01   4.5905560e-01   3.8479355e-03  -1.3860604e-04   3.2117336e-03
   9.9973835e-02   8.5488740e-02   2.8014960e-01   4.0679279e-03  -5.0371913e-05   3.0333708e-03
   9.6615831e-02   1.8875814e-01   4.5148587e-01   4.3598459e-03  -2.9082981e-04   3.1739610e-03
   9.6790402e-02   2.4531261e-02   3.6658988e-01   3.0491719e-03  -9.7329952e-05   3.0462750e-03
   1.0565433e-01   1.4915405e-01   3.7154624e-01   4.2564997e-03  -2.4879237e-04   3.4424708e-03
   9.5174322e-02   8.8965660e-02   4.6181865e-01   3.0629429e-03   7.5238233e-06   2.8488472e-03
   1.0795844e-01   1.9332903e-01   3.5900370e-01   5.0634183e-03  -7.6575572e-04   3.1696846e-03
   9.5256363e-02   1.9098846e-01   4.3154160e-01   3.9986157e-03  -6.7487827e-04   2.9790649e-03
   1.0895435e-01   9.0192939e-02   3.1389032e-01   3.4966541e-03  -7.0544116e-04   3.3243724e-03
   9.4400657e-02   1.3759664e-01   4.6959732e-01   2.7387700e-03  -8.3753745e-04   3.3457038e-03
   1.1894336e-01   2.4783361e-02   3.4145997e-01   2.4422097e-03  -4.0641911e-04   3.1227233e-03
   7.3496087e-02   1.5677226e-01   4.5477275e-01   3.4721750e-03  -1.1773421e-03   3.2814712e-03
   9.5185260e-02   5.9917497e-02   4.3027736e-01   2.1916192e-03  -6.1135030e-04   2.9176483e-03
   9.6426806e-02   1.6138419e-01   3.7554746e-01   3.4934025e-03  -8.8585895e-04   3.4337085e-03
   9.7057299e-02   9.3512422e-02   4.6456477e-01   2.0462620e-03  -3.8945334e-04   3.0449930e-03
   1.3005092e-01   1.3143450e-01   3.0775755e-01   3.6583763e-03  -9.7163030e-04   4.0950762e-03
   6.6082868e-02   1.2877489e-01   4.5151431e-01   3.0161506e-03  -7.0066745e-04   1.6745428e-03
   7.4927712e-03   1.4939704e-01   3.6591911e-01   3.8289739e-03  -1.5296952e-03   2.5062766e-03
   4.3755776e-02   1.7607160e-01   5.4646519e-01   3.1203863e-03  -9.5706875e-04   2.5736410e-03
   6.6249607e-02   9.9614324e-02   2.8796687e-01   3.7853056e-03  -1.2010110e-03   3.0473429e-03
   4.9846900e-02   2.0417316e-01   5.2853532e-01   3.2062317e-03  -1.1272719e-03   2.7657768e-03
   8.9323377e-02   5.2963400e-02   3.4837157e-01   3.2212539e-03  -8.8146034e-04   3.0918007e-03
   9.0791315e-02   1.7856198e-01   4.7597827e-01   3.9753452e-03  -7.2578273e-04   3.3680696e-03
   1.0690985e-01   1.7424639e-02   4.4549375e-01   1.7465961e-03  -2.6933432e-04   2.9080473e-03
   1.2332377e-01   8.5728173e-02   3.9887260e-01   2.7228019e-03  -6.0294191e-04   3.5471164e-03
   1.1024405e-01   8.6927555e-02   5.2208998e-01   1.8100080e-03  -4.6120381e-04   3.0836478e-03
   1.3410336e-01  -5.1635080e-03   3.4915757e-01   1.2581464e-03  -3.4886480e-04   3.3811828e-03
   1.1630963e-01   1.4307581e-01   4.7533091e-01   2.7544211e-03  -5.1002625e-04   3.5008771e-03
   1.2760575e-01   6.7168010e-03   3.8370180e-01   1.8957447e-03  -1.8370597e-04   3.1776974e-03
   1.2212683e-01   1.4992541e-01   4.4452159e-01   3.4327067e-03  -5.5013008e-04   3.6682535e-03
   1.3653477e-01   4.3126669e-02   4.3032313e-01   2.3929711e-03  -1.7916651e-04   3.3718862e-03
   1.5790266e-01   1.6326577e-01   4.0472652e-01   3.5518679e-03  -3.9378517e-04   3.8894081e-03
   1.7990552e-01   3.0185582e-02   4.3167815e-01   1.4928335e-03   7.4163664e-05   3.3148898e-03
   1.7383208e-01   9.4985131e-02   3.9758298e-01   2.8276441e-03  -3.5621756e-04   4.1236749e-03
   1.6546643e-01   7.0756366e-02   4.8942945e-01   1.7100877e-03  -1.4601215e-04   3.8102384e-03
   1.7417175e-01   5.1549064e-02   3.1227835e-01   1.8991582e-03   1.6462782e-04   3.6870904e-03
   1.4603950e-01   1.3641008e-01   4.5984175e-01   2.1804724e-03  -1.4137569e-04   3.7826061e-03
   1.5378205e-01   1.3417003e-02   4.3461445e-01   7.4259488e-04   1.5283866e-04   3.3851414e-03
   1.5990757e-01   8.7542750e-02   4.0128306e-01   2.0440119e-03  -1.8892643e-04   3.8034196e-03
   1.5610657e-01   1.3643654e-01   2.1967561e-01   1.3963795e-03  -6.6267925e-06   3.4605746e-03
   1.6280597e-01   1.7219454e-01  -1.1270874e-02   1.0615253e-03  -9.0055080e-04   3.7855932e-03
   1.7358913e-01   9.6990170e-02   7.2121368e-02   1.4785738e-03   4.9201154e-04   3.3844748e-03
   1.5877965e-01  -4.9729793e-02  -9.8888636e-02  -4.3478754e-03   1.3590737e-03   2.7179428e-03
   9.5753287e-02   1.5953904e-01  -1.4760683e-01  -9.1078956e-04   1.2001019e-04   2.8279421e-03
   1.3433410e-01   2.8045071e-01   2.7581473e-02   1.9456467e-03   1.5134545e-04   3.3355638e-03
   1.3357532e-01   1.8022557e-01   9.5303595e-02   5.8002356e-04   3.4250935e-04   2.2857625e-03
   1.2164620e-01   2.1865087e-01  -7.7592894e-03   2.1781512e-03  -5.3971207e-05   2.9532578e-03
   1.6217037e-01   1.9084402e-01   2.2264239e-01   9.9712201e-04   1.0749252e-03   2.5190927e-03
   1.4880675e-01   1.4717970e-01   1.0551252e-02   2.4204189e-03   3.2430554e-04   3.2141147e-03
   1.2497437e-01   2.9064090e-01   3.0864699e-01   2.9592380e-03  -2.6775915e-05   2.8936201e-03
   1.3751119e-01   1.2975336e-01  -4.7807182e-03   1.9659137e-03  -4.6315966e-04   3.1772047e-03
   1.6895103e-01   2.8239220e-01   2.8843575e-01   2.3271903e-03  -2.4837712e-04   3.4121738e-03
   1.9772770e-01   1.0803791e-01   1.1297795e-01   1.6736256e-03   1.0411830e-04   3.3397853e-03
   1.7985359e-01   2.5499858e-01   2.7262701e-01   2.4305846e-03  -3.7216350e-04   3.6119257e-03
   2.0534540e-01   1.0280502e-01   2.0215512e-01   7.1391817e-04   1.1405497e-04   3.4312362e-03
   2.0673961e-01   2.0668445e-01   2.4953350e-01   2.0791458e-03  -1.2129437e-04   3.9023113e-03
   2.0801360e-01   1.6388796e-01   2.4551401e-01   1.3687669e-03   1.5944047e-04   3.5929884e-03
   1.9897590e-01   1.4060238e-01   2.4566312e-01   7.9793817e-04   2.0402841e-04   3.4704427e-03
   1.8355730e-01   1.9099081e-01   2.4513582e-01   1.7557233e-03  -2.6280308e-04   3.7292534e-03
   1.8260581e-01   1.4529910e-01   2.7457667e-01   1.0828409e-03   6.4164399e-05   3.3570156e-03
   1.8040169e-01   1.5974667e-01   1.3480885e-01   1.9102478e-03  -2.8908473e-04   3.8102939e-03
   1.8227471e-01   1.7252404e-01   2.8411989e-01   1.1342870e-03  -6.5566961e-05   3.6909864e-03
   1.9739912e-01   1.1503107e-01   1.2661691e-01   1.8775049e-03   1.4557541e-04   3.7619254e-03
   1.9748009e-01   2.1672844e-01   2.6708475e-01   1.6734256e-03   1.0608820e-04   3.5936082e-03
   1.5226904e-01   1.3309417e-01   2.0268510e-01   3.7206851e-04  -2.3700841e-04   2.9545718e-03
   1.0263365e-01   1.8604017e-01   9.9332200e-02   1.7723132e-03  -1.4716163e-03   3.1163334e-03
   1.4690535e-01   1.6429681e-01   2.0324393e-01   8.6502285e-04  -3.1303418e-04   2.9615592e-03
   1.7113747e-01   1.7760447e-01   3.9754194e-02   2.1521362e-03  -3.5022941e-04   3.7993673e-03
   1.8335849e-01   1.9311517e-01   2.3756505e-01   1.0146236e-03   5.5795291e-05   3.4672025e-03
   1.8784126e-01   1.4045318e-01   8.2267083e-02   1.9869099e-03  -2.0691314e-05   3.7871910e-03
