   0.0000000e+00   0.0000000e+00   0.0000000e+00   0.0000000e+00   0.0000000e+00   0.0000000e+00
   4.0788996e-02  -2.4950007e-02   2.3783105e-01  -7.5327390e-04  -1.1498710e-03   5.2383222e-04
  -2.0887366e-02  -1.7975481e-01  -3.6454301e-01  -2.2610378e-03  -9.6784742e-04  -6.9427603e-04
  -6.3385001e-02  -8.7099908e-02  -1.5407156e-01  -3.2452209e-03  -1.5949295e-03  -7.4677621e-04
  -5.5230998e-02  -8.9778607e-02  -3.2010064e-02  -3.1243838e-03  -1.1941449e-03  -1.0213222e-03
  -7.2678721e-02  -1.5223195e-01  -8.9560723e-02  -4.1373986e-03  -1.1988286e-03  -1.5263630e-03
  -7.8763338e-02  -1.0706677e-01  -7.6009526e-02  -3.8621230e-03  -1.7733816e-03  -1.5856921e-03
  -7.8610958e-02  -1.0049845e-01  -3.8485433e-02  -3.7456618e-03  -1.8628387e-03  -1.9355682e-03
  -8.0652436e-02  -1.1134755e-01   2.6435572e-02  -3.9719682e-03  -2.1803589e-03  -1.9028875e-03
  -7.5582434e-02  -1.8170112e-01   2.7468543e-02  -4.2599417e-03  -2.1559428e-03  -1.8813765e-03
  -4.8772518e-02  -1.6147363e-01   8.3193261e-02  -3.7160528e-03  -1.4373886e-03  -2.1068376e-03
  -7.7983585e-02  -2.0106595e-01   6.5166763e-02  -3.6608576e-03  -1.5932880e-03  -2.0631606e-03
  -5.5434359e-02  -1.2631583e-01   1.4744245e-01  -3.5774249e-03  -1.7354072e-03  -1.9961011e-03
  -7.2437415e-02  -2.2172933e-01   5.4044878e-02  -3.7336088e-03  -1.9481759e-03  -1.9825301e-03
  -6.2183200e-02  -1.5715286e-01   1.3241813e-01  -3.4746759e-03  -2.0070837e-03  -1.9168876e-03
  -5.7578980e-02  -2.0677776e-01   8.2405467e-02  -2.9794503e-03  -1.9857989e-03  -2.2241818e-03
  -1.8305303e-02  -1.5521768e-01   8.7522105e-02  -3.5463822e-03  -1.4869877e-03  -2.9758953e-03
  -4.6704231e-02  -2.2712721e-01   3.9039361e-02  -4.2614202e-03  -1.8111267e-03  -3.0027453e-03
  -6.0104569e-02  -1.9684081e-01   3.7911013e-02  -4.5169898e-03  -1.6171994e-03  -3.1297190e-03
  -4.5072603e-02  -1.5702202e-01   9.8377756e-02  -4.1107147e-03  -1.7361851e-03  -3.5196081e-03
  -7.4832192e-02  -2.4282942e-01   5.6591695e-02  -4.9561709e-03  -2.2614570e-03  -3.5362038e-03
  -7.0413116e-02  -1.8487501e-01   9.3435262e-02  -4.6985284e-03  -2.2988170e-03  -3.5643739e-03
  -6.8409028e-02  -2.0267618e-01   1.0032217e-01  -5.0362461e-03  -2.7178001e-03  -3.6321911e-03
  -6.7394623e-02  -1.9797295e-01   4.3193300e-02  -4.8025165e-03  -2.8271901e-03  -3.6735396e-03
  -4.0963839e-02  -1.5269701e-01   2.3389183e-01  -5.4202750e-03  -2.9233263e-03  -3.5532958e-03
  -7.1020773e-02  -2.3174316e-01   4.7877749e-02  -4.8385979e-03  -2.4793771e-03  -3.8425724e-03
  -8.1795556e-02  -1.8127585e-01   2.2964914e-01  -4.9840049e-03  -2.7290268e-03  -3.5635852e-03
  -9.2206198e-02  -2.3553990e-01   7.7701788e-02  -4.2847625e-03  -2.6802082e-03  -3.9185709e-03
  -8.1404336e-02  -1.6684548e-01   2.0550037e-01  -3.9461866e-03  -2.8157651e-03  -3.8998496e-03
  -9.1882317e-02  -2.5069916e-01   1.6383235e-01  -4.9506217e-03  -3.3098603e-03  -4.0686955e-03
  -8.3645401e-02  -2.0559241e-01   1.4744255e-01  -3.8991471e-03  -3.3799368e-03  -4.2405936e-03
  -8.9963696e-02  -2.0805707e-01   2.2944647e-01  -4.5531656e-03  -3.5907957e-03  -4.2501262e-03
  -8.5205818e-02  -2.5016053e-01   1.6710309e-01  -5.0812799e-03  -3.6220129e-03  -4.3187192e-03
  -9.8680330e-02  -2.0563162e-01   2.0406448e-01  -4.3887914e-03  -3.7826622e-03  -4.2570277e-03
  -8.8606547e-02  -2.2396154e-01   2.0731587e-01  -4.8463907e-03  -3.6193344e-03  -4.2030459e-03
  -8.2922371e-02  -2.1454900e-01   1.3346841e-01  -3.8101224e-03  -3.4737289e-03  -4.4911864e-03
  -6.4237976e-02  -1.4410560e-01   2.8252849e-01  -3.3794813e-03  -3.7374638e-03  -4.6524897e-03
  -8.6788024e-02  -2.7861745e-01   1.6824651e-01  -4.7006400e-03  -3.7733423e-03  -4.4047585e-03
  -8.0135077e-02  -2.1094727e-01   2.2991342e-01  -4.4301450e-03  -3.9031822e-03  -4.1759290e-03
  -9.5874745e-02  -2.3881216e-01   2.5868462e-01  -4.8373071e-03  -4.1602439e-03  -4.0834956e-03
  -7.8723626e-02  -2.6931736e-01   1.8483631e-01  -4.8977587e-03  -3.9504948e-03  -4.1700329e-03
  -7.8855494e-02  -2.2035300e-01   2.2783573e-01  -4.0089446e-03  -4.2373623e-03  -4.1987789e-03
  -6.9473086e-02  -2.1670934e-01   3.2724637e-01  -4.5417897e-03  -4.6426196e-03  -3.6583877e-03
  -1.1462372e-01  -2.5095228e-01   1.7773948e-01  -4.3640194e-03  -4.5130874e-03  -3.4077174e-03
  -1.2846704e-01  -2.2365793e-01   2.4049975e-01  -4.5826626e-03  -3.9570033e-03  -3.5533053e-03
  -1.2741437e-01  -2.8319424e-01   2.4086328e-01  -4.7722048e-03  -4.3716510e-03  -3.6023840e-03
  -1.4491827e-01  -2.5040575e-01   2.0654176e-01  -4.4320335e-03  -4.5438887e-03  -3.4212602e-03
  -1.2875683e-01  -2.2450355e-01   3.0288565e-01  -4.2487741e-03  -4.2296865e-03  -3.3795995e-03
  -1.3101380e-01  -2.7911031e-01   1.9757416e-01  -4.2560753e-03  -4.2146865e-03  -3.7344582e-03
  -1.4867375e-01  -2.2281539e-01   2.8880478e-01  -4.3639775e-03  -4.4975343e-03  -3.3205399e-03
  -1.5090691e-01  -3.1931153e-01   2.7240096e-01  -4.9530839e-03  -4.7713537e-03  -3.5023628e-03
  -1.4068937e-01  -2.7813008e-01   2.3593851e-01  -4.3426672e-03  -4.3410169e-03  -3.4822244e-03
  -1.4256618e-01  -2.4944915e-01   3.5391668e-01  -4.6513761e-03  -4.6372258e-03  -3.2110389e-03
  -1.2774831e-01  -3.0008345e-01   2.4022288e-01  -4.2270903e-03  -4.8103382e-03  -3.5319889e-03
  -1.3190820e-01  -2.1765146e-01   3.9768244e-01  -4.4614532e-03  -4.9959146e-03  -3.1291416e-03
  -1.4203907e-01  -3.0662909e-01   3.1054949e-01  -4.7841982e-03  -5.7360355e-03  -2.7049112e-03
  -1.7019688e-01  -3.0244808e-01   4.6214918e-01  -4.8055312e-03  -5.4536302e-03  -2.2195326e-03
  -1.7912624e-01  -3.4372774e-01   4.7742562e-01  -5.2089471e-03  -5.6525224e-03  -2.8803036e-03
  -1.9386696e-01  -3.4855118e-01   3.5719633e-01  -5.1952372e-03  -5.6222608e-03  -2.7927154e-03
  -1.9549050e-01  -2.5556185e-01   5.0670830e-01  -4.8022586e-03  -5.4720196e-03  -2.9299087e-03
  -1.9526089e-01  -3.4396121e-01   4.1283731e-01  -5.1669741e-03  -5.5419304e-03  -3.0893726e-03
  -1.8719528e-01  -2.9374083e-01   4.3072975e-01  -4.7034343e-03  -5.2940096e-03  -2.8854458e-03
  -1.9374792e-01  -3.3350901e-01   4.7902040e-01  -5.6658688e-03  -5.3466322e-03  -3.0352827e-03
  -1.8208548e-01  -3.6428121e-01   4.0253409e-01  -5.7330341e-03  -5.2859852e-03  -3.1442833e-03
  -1.8383862e-01  -2.9859664e-01   5.1187950e-01  -5.0660973e-03  -5.3907816e-03  -3.1078888e-03
  -1.9370176e-01  -3.3872365e-01   4.9433154e-01  -5.7665543e-03  -5.9803655e-03  -3.1056797e-03
  -1.9522639e-01  -3.0237099e-01   4.2115035e-01  -4.1786502e-03  -6.4506272e-03  -2.9271174e-03
  -2.9182537e-01  -3.5421953e-01   5.9152652e-01  -4.7872309e-03  -7.6211080e-03  -1.7231161e-03
  -2.6037566e-01  -4.0012770e-01   4.7801443e-01  -4.3634542e-03  -6.1043335e-03  -1.9175542e-03
  -2.7320098e-01  -3.5774628e-01   5.2262421e-01  -4.9732765e-03  -6.0967174e-03  -1.9744654e-03
  -2.9484847e-01  -4.3750451e-01   4.8950271e-01  -5.5522004e-03  -6.9970465e-03  -2.1791408e-03
  -2.8844467e-01  -3.5279241e-01   5.2173075e-01  -5.1450644e-03  -6.6529659e-03  -1.8491985e-03
  -2.7487266e-01  -4.1867858e-01   4.9159055e-01  -5.4580377e-03  -6.9062073e-03  -1.7372239e-03
  -2.7257864e-01  -3.8549650e-01   4.9824989e-01  -4.6900692e-03  -6.9351589e-03  -1.5481094e-03
  -2.6446600e-01  -4.1534615e-01   5.4630077e-01  -5.6943081e-03  -6.6569454e-03  -1.5164006e-03
  -2.5300986e-01  -4.1630712e-01   4.6386745e-01  -5.1873627e-03  -7.0097939e-03  -1.6384860e-03
  -3.2674540e-01  -2.7977132e-01   3.4358424e-01  -5.8662002e-03  -7.3596187e-03  -1.8336947e-03
  -3.1193182e-01  -3.1371985e-01   2.2988486e-01  -6.0622133e-03  -6.2762231e-03  -2.4166220e-03
  -3.0101250e-01  -2.8581128e-01   5.3916899e-01  -4.7724717e-03  -6.7102281e-03  -1.5022091e-03
  -2.7407743e-01  -3.7006696e-01   6.3581698e-01  -6.1200821e-03  -6.7909429e-03  -1.3537865e-03
  -2.6836548e-01  -4.1033466e-01   4.5180854e-01  -5.3776677e-03  -6.9010537e-03  -5.2672119e-04
  -2.8856100e-01  -3.9574141e-01   5.8775891e-01  -6.2473656e-03  -7.0885124e-03  -5.5943504e-04
  -2.6220606e-01  -4.4464438e-01   5.0244792e-01  -5.8191316e-03  -7.1305930e-03  -7.8628934e-04
  -2.9812859e-01  -3.9887940e-01   6.7342699e-01  -5.9646476e-03  -7.5077528e-03  -3.8629418e-04
  -2.9784028e-01  -4.6679372e-01   5.8063410e-01  -6.9225050e-03  -8.4239324e-03  -2.8866453e-04
  -2.9181781e-01  -4.3540962e-01   5.5730077e-01  -6.1249509e-03  -7.8521795e-03  -4.5882483e-04
  -3.0349189e-01  -4.2994296e-01   6.3077044e-01  -6.6577648e-03  -7.9634705e-03  -1.6570844e-04
  -2.8908905e-01  -4.6454337e-01   5.2032216e-01  -5.8932375e-03  -8.1771413e-03   7.6901798e-05
  -2.8984473e-01  -4.4399615e-01   6.1067369e-01  -6.4339759e-03  -8.8934827e-03   2.3142862e-03
  -2.9841529e-01  -5.1751275e-01   5.4489643e-01  -8.1827438e-03  -8.6417254e-03   4.1493067e-03
  -3.2908506e-01  -4.9380933e-01   6.2039006e-01  -7.1422027e-03  -8.5390145e-03   3.8316425e-03
  -3.0416853e-01  -5.4143960e-01   4.7818123e-01  -5.6399185e-03  -7.4704324e-03   2.1122652e-03
  -3.2512887e-01  -5.0935872e-01   4.7409912e-01  -5.2055605e-03  -7.8873663e-03   1.7910528e-03
  -2.8081433e-01  -4.1045330e-01   5.7364539e-01  -4.2722137e-03  -7.2225067e-03   1.2032185e-03
  -2.6164133e-01  -5.0116736e-01   4.0064661e-01  -5.1578174e-03  -6.6156959e-03   1.2947385e-03
  -2.6080860e-01  -4.3004626e-01   5.8146681e-01  -4.9911531e-03  -6.4609790e-03   1.4817375e-03
  -2.6200518e-01  -5.4505424e-01   5.4083218e-01  -5.8223556e-03  -6.4152169e-03   1.5190578e-03
  -2.3759861e-01  -5.0146018e-01   5.3660414e-01  -5.3724007e-03  -6.5880351e-03   1.9758922e-03
  -2.5391651e-01  -5.2708358e-01   6.0755110e-01  -7.1100619e-03  -6.7319785e-03   2.1736546e-03
  -2.5674089e-01  -5.5603115e-01   4.7446953e-01  -6.8333260e-03  -6.6520026e-03   2.1525387e-03
  -2.7964614e-01  -5.2400632e-01   6.4394636e-01  -7.3058033e-03  -6.8945277e-03   2.3866017e-03
  -2.5161171e-01  -5.9933199e-01   5.2993404e-01  -6.9025942e-03  -6.7811286e-03   2.0346339e-03
  -2.4975092e-01  -5.3401186e-01   5.3227457e-01  -6.1189315e-03  -7.0673770e-03   2.1168918e-03
  -2.5300949e-01  -5.5789098e-01   5.4488789e-01  -6.8747701e-03  -7.0553328e-03   2.0431875e-03
  -2.5100599e-01  -5.6384991e-01   4.4691232e-01  -6.2830495e-03  -7.2902236e-03   2.5534910e-03
  -3.6158687e-01  -5.3267259e-01   4.7871788e-01  -6.1758360e-03  -8.4798244e-03   4.2929049e-03
  -3.3856696e-01  -5.9074773e-01   4.2813256e-01  -7.5347138e-03  -7.3145549e-03   3.7129028e-03
  -3.1349011e-01  -5.4921221e-01   4.6575589e-01  -5.8661205e-03  -7.0320987e-03   3.5087042e-03
  -2.6785796e-01  -5.8156187e-01   4.7839124e-01  -6.4557671e-03  -6.1166033e-03   3.2911977e-03
  -2.2824503e-01  -5.8122256e-01   3.5637120e-01  -6.7804523e-03  -6.0969960e-03   3.2553990e-03
  -2.3243108e-01  -5.2448232e-01   5.0179423e-01  -6.4830332e-03  -6.0051033e-03   3.3603702e-03
  -2.4377710e-01  -5.7619881e-01   5.0004499e-01  -7.2521104e-03  -6.7104880e-03   3.3179953e-03
  -2.2276206e-01  -5.6342427e-01   4.3195495e-01  -6.1237783e-03  -7.5468315e-03   4.1417678e-03
  -2.6683314e-01  -5.3286475e-01   5.7029615e-01  -6.9199186e-03  -8.0185839e-03   4.7941713e-03
  -2.3236813e-01  -6.1467888e-01   4.8924340e-01  -6.5498067e-03  -7.0356269e-03   3.9846483e-03
  -2.3234424e-01  -5.6406762e-01   5.0474529e-01  -6.5393646e-03  -7.0276780e-03   4.6069514e-03
  -2.2916239e-01  -5.8468397e-01   5.0114091e-01  -7.4525211e-03  -6.8871077e-03   4.0537918e-03
  -2.4292619e-01  -5.7084151e-01   4.5381013e-01  -6.7412789e-03  -7.4447078e-03   3.9967411e-03
  -2.4369535e-01  -5.3570336e-01   5.7507944e-01  -6.2952398e-03  -7.1210939e-03   3.5787242e-03
  -2.2879031e-01  -6.0105063e-01   3.9346392e-01  -7.0225063e-03  -7.0306013e-03   3.6710062e-03
  -2.5062838e-01  -5.2219208e-01   5.7988515e-01  -6.5447800e-03  -7.1623541e-03   3.8117652e-03
  -2.5270457e-01  -5.7128344e-01   5.1273819e-01  -6.5215958e-03  -7.6156343e-03   3.8294434e-03
  -2.4404865e-01  -5.8869617e-01   4.7636707e-01  -6.9370608e-03  -7.3609548e-03   4.0706543e-03
  -2.2274290e-01  -5.1278413e-01   5.6156877e-01  -6.4312677e-03  -7.2742987e-03   3.7955734e-03
  -2.7425593e-01  -6.0211818e-01   4.7534429e-01  -6.6223443e-03  -7.2718996e-03   3.9197546e-03
  -3.7405220e-01  -5.6999291e-01   3.9711084e-01  -3.9285841e-03  -9.0583329e-03   5.7652958e-03
  -4.0589955e-01  -5.2635382e-01   6.4200223e-01  -5.6331114e-03  -7.7161187e-03   5.2408471e-03
  -3.8378314e-01  -5.0997172e-01   2.7738470e-01  -5.0340287e-03  -7.3236317e-03   4.0790661e-03
  -2.5422211e-01  -3.1080982e-01   4.7010313e-01  -3.7820851e-03  -6.7249262e-03   3.5117660e-03
  -2.2524394e-01  -3.2874394e-01   3.1240802e-01  -2.8186814e-03  -5.2875053e-03   3.5568529e-03
  -2.9327752e-01  -4.0602088e-01   1.8494471e-01  -3.0794056e-03  -6.3809034e-03   3.5286374e-03
  -2.7433802e-01  -3.3646387e-01   4.5960389e-01  -4.0242916e-03  -6.3883186e-03   4.2643480e-03
  -2.7562300e-01  -4.9094015e-01   3.5298093e-01  -5.5863199e-03  -6.2640495e-03   3.9938311e-03
  -2.4961882e-01  -4.6678682e-01   3.7123703e-01  -5.0617542e-03  -6.3130293e-03   4.2234303e-03
  -2.6444207e-01  -4.7583898e-01   4.7836327e-01  -5.0466529e-03  -6.7234015e-03   4.5864493e-03
  -2.5655344e-01  -5.6735290e-01   3.9776830e-01  -6.0165886e-03  -6.3787958e-03   4.6509512e-03
  -2.4313685e-01  -4.8227297e-01   4.9104833e-01  -5.0806259e-03  -6.3376543e-03   4.8811653e-03
  -2.2800872e-01  -5.4403051e-01   4.1778533e-01  -5.0283123e-03  -6.5584674e-03   4.6839422e-03
  -2.4380449e-01  -5.3947168e-01   3.8823600e-01  -4.9530366e-03  -6.6895940e-03   5.1860668e-03
  -2.2627059e-01  -4.7869935e-01   4.8308003e-01  -4.8151494e-03  -6.1711124e-03   5.5734230e-03
  -2.3461142e-01  -5.2860511e-01   3.6514455e-01  -4.9615280e-03  -6.5222073e-03   5.5986152e-03
  -2.2633027e-01  -4.7523346e-01   4.8090731e-01  -5.0930727e-03  -6.2193721e-03   5.6100244e-03
  -2.3448489e-01  -5.6191011e-01   4.4877373e-01  -5.6874532e-03  -6.6104775e-03   5.7234742e-03
  -2.6208701e-01  -5.3401239e-01   3.8184514e-01  -3.3154919e-03  -8.2119529e-03   6.9038490e-03
  -2.5099847e-01  -5.4616067e-01   3.4735911e-01  -5.8289196e-03  -6.7752577e-03   5.5570359e-03
  -2.5546479e-01  -5.5530786e-01   2.0523082e-01  -6.3442845e-03  -6.4774582e-03   5.3258207e-03
  -2.4221188e-01  -5.4897930e-01   3.8268933e-01  -6.6009756e-03  -5.7792538e-03   5.1054016e-03
  -2.7310727e-01  -6.1684879e-01   3.3690783e-01  -6.5769785e-03  -6.2051335e-03   5.3358833e-03
  -2.6687559e-01  -5.2762587e-01   4.7391855e-01  -6.2311380e-03  -5.9025359e-03   5.6773234e-03
  -2.4929696e-01  -6.0794457e-01   3.6694038e-01  -5.5397391e-03  -5.7075948e-03   5.4041729e-03
  -2.2543190e-01  -4.8510106e-01   3.8099811e-01  -4.2830771e-03  -4.6919603e-03   4.6909493e-03
  -2.4715587e-01  -5.2239148e-01   3.2875649e-01  -6.1771947e-03  -5.2712471e-03   4.7754627e-03
  -2.4756801e-01  -5.3411424e-01   3.2516020e-01  -5.2434444e-03  -5.3862751e-03   4.8852031e-03
  -2.5137241e-01  -5.0109469e-01   4.6461502e-01  -5.3117291e-03  -5.3261637e-03   5.0069923e-03
  -2.5874564e-01  -5.7327503e-01   3.7671684e-01  -5.7812094e-03  -5.8352659e-03   5.1535653e-03
  -2.7486615e-01  -5.4525029e-01   5.2074189e-01  -5.3881568e-03  -7.1628324e-03   5.3569850e-03
  -2.7144329e-01  -6.1889719e-01   4.8505616e-01  -6.1221288e-03  -7.0414258e-03   5.3422072e-03
  -2.5949441e-01  -5.6628312e-01   4.3584376e-01  -4.6592908e-03  -6.7986747e-03   5.6247231e-03
  -2.6918911e-01  -5.8746754e-01   5.4824992e-01  -5.3681329e-03  -7.0158384e-03   5.9300602e-03
  -2.4970127e-01  -5.8485582e-01   3.5526155e-01  -5.4077089e-03  -6.8905719e-03   6.1289204e-03
  -2.4911819e-01  -5.3217238e-01   4.9191062e-01  -5.5573585e-03  -6.2965643e-03   6.2931618e-03
  -2.5545472e-01  -5.9545757e-01   4.9211193e-01  -6.1953180e-03  -6.3080893e-03   6.2206810e-03
  -2.4893326e-01  -5.3607490e-01   4.8059719e-01  -4.3276148e-03  -7.4774993e-03   7.2605659e-03
  -3.2449993e-01  -4.9035984e-01   5.1135591e-01  -3.0152158e-03  -9.0637963e-03   7.6521849e-03
  -3.3251201e-01  -5.6179213e-01   5.2341045e-01  -4.3205112e-03  -8.4859357e-03   7.0456775e-03
  -3.3474055e-01  -5.3047815e-01   6.0341352e-01  -4.8128931e-03  -7.7610072e-03   6.8962355e-03
  -3.4556513e-01  -6.2061459e-01   5.8350771e-01  -5.0456441e-03  -8.2244759e-03   6.8425604e-03
  -3.3277647e-01  -5.2981805e-01   6.0922648e-01  -4.4917115e-03  -8.1338852e-03   7.3152102e-03
  -3.4875659e-01  -6.0187321e-01   5.9010309e-01  -5.1687984e-03  -8.1743614e-03   6.9945581e-03
  -3.2452258e-01  -5.8105931e-01   5.5057832e-01  -4.5546390e-03  -8.2208302e-03   7.3067316e-03
  -3.3447075e-01  -5.5356674e-01   6.7098183e-01  -4.2153508e-03  -8.8974989e-03   7.8695483e-03
  -3.2456812e-01  -6.4279967e-01   6.1646863e-01  -4.5942979e-03  -8.3097091e-03   7.5659133e-03
  -3.3091962e-01  -5.3530768e-01   6.0760074e-01  -4.2375708e-03  -6.7903423e-03   7.0471967e-03
  -3.3884717e-01  -5.4524299e-01   6.4548648e-01  -5.1423571e-03  -7.4842424e-03   6.9668727e-03
  -3.2219999e-01  -5.6514722e-01   5.7608813e-01  -4.3174913e-03  -7.9449911e-03   7.2446924e-03
  -3.4174995e-01  -5.1517808e-01   7.7001265e-01  -4.2869677e-03  -9.3698633e-03   8.7111105e-03
  -3.6182669e-01  -6.1427835e-01   6.9426733e-01  -4.9610267e-03  -9.1489489e-03   8.6562182e-03
  -3.5863072e-01  -5.3888232e-01   7.3317617e-01  -4.0507711e-03  -8.8245599e-03   8.5565677e-03
  -3.5863255e-01  -6.2252400e-01   6.6760280e-01  -4.6119976e-03  -8.7960166e-03   8.2465128e-03
  -3.3964817e-01  -5.2359644e-01   6.1323275e-01  -2.5675414e-03  -1.0067588e-02   1.0068295e-02
  -3.9393945e-01  -5.4721889e-01   7.5672530e-01  -5.2978758e-03  -1.0678359e-02   1.0544417e-02
  -3.9086109e-01  -5.7979696e-01   5.8836105e-01  -4.2187527e-03  -9.2361755e-03   8.4076906e-03
  -3.3489051e-01  -5.4366741e-01   6.7299728e-01  -4.2556840e-03  -8.0853481e-03   8.4608873e-03
  -3.4512681e-01  -6.1930428e-01   6.7525800e-01  -5.1229633e-03  -8.5400912e-03   8.4514739e-03
  -3.4446613e-01  -5.6062043e-01   6.7365820e-01  -4.0273681e-03  -8.6153957e-03   8.5606356e-03
  -3.6034536e-01  -5.8940693e-01   7.3990032e-01  -4.9016886e-03  -9.0068694e-03   8.6033942e-03
  -3.3027259e-01  -6.1629857e-01   7.0657921e-01  -4.1956171e-03  -9.6032582e-03   9.0231860e-03
  -3.6299510e-01  -6.2934405e-01   8.1017220e-01  -5.4479156e-03  -8.8962700e-03   8.6811037e-03
  -3.7895281e-01  -6.2783315e-01   9.1633178e-01  -5.5743887e-03  -8.9067428e-03   8.5081740e-03
  -3.5850044e-01  -6.4441321e-01   7.7012002e-01  -6.2398156e-03  -8.3277682e-03   8.5629055e-03
  -3.8714175e-01  -5.6927965e-01   8.9485339e-01  -5.2594860e-03  -8.7962269e-03   8.9408314e-03
  -4.0134455e-01  -6.4287603e-01   8.0942369e-01  -6.6471344e-03  -8.6627754e-03   8.9324062e-03
  -3.8311350e-01  -6.2370133e-01   7.6769114e-01  -5.8743921e-03  -9.1507405e-03   9.2578510e-03
  -3.7603315e-01  -6.4114468e-01   8.6107066e-01  -7.3094240e-03  -8.3684865e-03   8.8432532e-03
  -3.7375747e-01  -6.9268110e-01   7.8629096e-01  -6.8077937e-03  -8.4506491e-03   8.8847516e-03
  -3.2955592e-01  -5.6146668e-01   9.4553051e-01  -6.2272874e-03  -8.1638414e-03   9.0268270e-03
  -3.1171072e-01  -6.7149873e-01   5.6956709e-01  -6.7619259e-03  -7.1264797e-03   8.2118511e-03
  -3.1948952e-01  -5.3824087e-01   8.2623781e-01  -5.3240229e-03  -8.0079283e-03   9.1501387e-03
  -3.0754608e-01  -6.3365466e-01   6.0904284e-01  -3.3325196e-03  -8.6290087e-03   1.1348605e-02
  -3.4541602e-01  -5.9952567e-01   8.2346929e-01  -3.7040919e-03  -8.4461067e-03   1.1102435e-02
  -3.3997410e-01  -6.2021517e-01   8.6471784e-01  -5.5590797e-03  -8.0407211e-03   1.0096589e-02
  -2.5159739e-01  -3.7818946e-01   1.0869601e+00  -3.8913861e-03  -7.6726085e-03   9.6553927e-03
  -2.0977047e-01  -4.8424176e-01   1.0214207e+00  -4.7351831e-03  -6.7595710e-03   9.9507685e-03
  -2.9556167e-01  -6.2601992e-01   1.0175400e+00  -5.5263360e-03  -7.3023395e-03   9.6953393e-03
  -2.9286238e-01  -5.6256112e-01   1.1412853e+00  -5.0519166e-03  -7.4365257e-03   9.4357487e-03
  -2.6355232e-01  -6.7193428e-01   1.1360110e+00  -5.9569004e-03  -7.7241173e-03   9.1662942e-03
  -2.4960884e-01  -6.6853567e-01   1.1864388e+00  -6.0837507e-03  -7.6115058e-03   8.9118741e-03
  -2.5799940e-01  -6.4912449e-01   1.1525096e+00  -5.5046002e-03  -7.3898933e-03   8.8827742e-03
  -2.3814851e-01  -6.9959331e-01   1.0850989e+00  -5.6223721e-03  -7.0479882e-03   9.0434787e-03
  -2.3898352e-01  -6.8166885e-01   1.1351145e+00  -6.2689318e-03  -7.3076409e-03   8.6332865e-03
  -2.4650409e-01  -6.9846141e-01   1.1364071e+00  -5.3002100e-03  -7.5443872e-03   8.6886376e-03
  -2.7910020e-01  -6.9381980e-01   1.0552593e+00  -3.1870239e-03  -8.4045890e-03   9.8216696e-03
  -3.4979805e-01  -7.0894505e-01   1.1080192e+00  -5.0974600e-03  -8.6911150e-03   9.5113226e-03
  -3.1768576e-01  -7.2117035e-01   1.0719574e+00  -5.4214288e-03  -7.9861240e-03   9.7935785e-03
  -3.1135780e-01  -6.9336383e-01   1.1043061e+00  -5.2764504e-03  -7.7621159e-03   9.7139037e-03
  -3.0633435e-01  -7.0440398e-01   1.0828601e+00  -4.9264487e-03  -8.2900393e-03   9.7924275e-03
  -2.9905477e-01  -6.2863578e-01   9.3976424e-01  -3.2100559e-03  -1.1317394e-02   1.0452247e-02
  -3.1571021e-01  -7.1752549e-01   9.0007657e-01  -5.6689395e-03  -1.1403757e-02   9.4983287e-03
  -3.4601576e-01  -6.3161564e-01   1.0966307e+00  -4.4177764e-03  -1.0446193e-02   8.8463537e-03
  -3.1847052e-01  -7.4263254e-01   1.0128449e+00  -5.5150476e-03  -1.0283836e-02   8.9021750e-03
  -3.1990214e-01  -7.1966063e-01   9.5605097e-01  -5.3330891e-03  -1.0313983e-02   9.5794847e-03
  -3.1122226e-01  -6.1282379e-01   1.0914714e+00  -5.1918908e-03  -9.9084918e-03   9.6695851e-03
  -2.9785454e-01  -7.3667257e-01   1.0209073e+00  -5.6658881e-03  -9.5647545e-03   8.7845932e-03
  -2.9899083e-01  -7.2098889e-01   1.0271770e+00  -5.6711402e-03  -9.6512232e-03   8.8751083e-03
  -3.1781252e-01  -6.8250202e-01   1.1798228e+00  -5.6340601e-03  -9.9293339e-03   9.0783152e-03
  -3.5680555e-01  -7.6175377e-01   1.1441561e+00  -7.4537373e-03  -1.0135817e-02   9.0383018e-03
  -3.2772129e-01  -7.3131805e-01   9.1248240e-01  -7.7456309e-03  -6.9838634e-03   8.4626638e-03
  -3.2304408e-01  -6.7353720e-01   1.0185464e+00  -6.2004889e-03  -8.2398052e-03   8.9350384e-03
  -3.7897174e-01  -6.9359601e-01   1.0188351e+00  -5.7269820e-03  -1.0566465e-02   9.1334176e-03
  -3.6514709e-01  -7.4454928e-01   9.4416609e-01  -8.9270922e-03  -1.1188266e-02   9.0501032e-03
  -3.5734641e-01  -6.7488773e-01   1.0729252e+00  -7.8143770e-03  -9.2727886e-03   8.7654611e-03
  -4.0681161e-01  -7.8612275e-01   9.8231684e-01  -7.8970544e-03  -9.7849156e-03   8.0088576e-03
  -3.8254574e-01  -7.2455996e-01   9.3059687e-01  -7.2445771e-03  -9.3493967e-03   7.8086840e-03
  -3.5739704e-01  -7.1767498e-01   9.4850459e-01  -7.5727360e-03  -9.1530987e-03   7.8947968e-03
  -3.7560483e-01  -7.6132088e-01   9.2354225e-01  -7.8068284e-03  -9.7917536e-03   7.2004382e-03
  -3.4159759e-01  -7.0307622e-01   1.0171300e+00  -7.1030031e-03  -9.3015066e-03   7.2483254e-03
  -3.2397044e-01  -7.5733139e-01   1.0357984e+00  -8.1423178e-03  -9.3025294e-03   6.8637739e-03
  -3.4886845e-01  -6.2590158e-01   8.0633927e-01  -6.0725606e-03  -8.3617010e-03   5.6688515e-03
  -2.8538879e-01  -4.2040886e-01   8.5576044e-01  -5.7160612e-03  -7.5325111e-03   4.7144667e-03
  -3.3913012e-01  -5.7044897e-01   8.0849067e-01  -6.7285861e-03  -8.9457415e-03   4.8381319e-03
  -3.0833625e-01  -4.9570144e-01   1.0578254e+00  -4.1023294e-03  -9.5659301e-03   5.5261585e-03
  -3.3200445e-01  -7.0986926e-01   9.8941527e-01  -6.6721747e-03  -1.1311666e-02   6.1844502e-03
  -3.8719824e-01  -7.3133222e-01   1.0599472e+00  -6.9567236e-03  -1.0644698e-02   6.5510741e-03
  -3.7448659e-01  -6.1870261e-01   1.1870673e+00  -5.9945222e-03  -1.0215658e-02   6.6214910e-03
  -3.8382227e-01  -7.5122113e-01   9.6216138e-01  -7.6001538e-03  -9.7561424e-03   6.6955381e-03
  -3.8990551e-01  -6.7982610e-01   1.0264596e+00  -6.9911435e-03  -9.8759014e-03   6.7742497e-03
  -3.6949700e-01  -6.5163948e-01   1.0918247e+00  -6.9828627e-03  -9.7303304e-03   6.7680020e-03
  -3.5516990e-01  -7.0864779e-01   1.0943512e+00  -6.4009640e-03  -1.0183181e-02   7.1999512e-03
  -3.5140589e-01  -6.5197806e-01   1.1435111e+00  -5.6004789e-03  -9.4588604e-03   7.1524694e-03
  -3.7163427e-01  -7.1793554e-01   1.0246520e+00  -5.9686357e-03  -1.0547107e-02   7.7572634e-03
  -4.1870650e-01  -7.0264145e-01   9.9990207e-01  -5.4613405e-03  -1.1151634e-02   8.3726409e-03
  -4.5143140e-01  -6.4091467e-01   1.1257679e+00  -4.7672833e-03  -1.1640506e-02   9.0860484e-03
  -4.4038642e-01  -7.6500489e-01   1.0528650e+00  -5.4864219e-03  -1.2088115e-02   9.3790398e-03
  -4.3468570e-01  -7.1698255e-01   1.0239468e+00  -4.4787429e-03  -1.1849777e-02   9.7804195e-03
  -4.6849275e-01  -7.0668063e-01   1.0910400e+00  -5.1371499e-03  -1.2095961e-02   1.0249977e-02
  -4.7055404e-01  -7.5361470e-01   9.3615308e-01  -2.4217004e-03  -1.3363188e-02   1.0693600e-02
  -4.5680098e-01  -6.2948919e-01   1.1465522e+00  -2.0019123e-03  -1.2595728e-02   1.0031194e-02
  -5.0893389e-01  -6.3903007e-01   9.6643391e-01  -3.5468601e-03  -1.1742596e-02   8.1640806e-03
  -5.1841244e-01  -5.6635130e-01   1.0814676e+00  -3.9754664e-03  -1.1261413e-02   7.8606228e-03
  -5.5313237e-01  -7.4914389e-01   1.1322456e+00  -5.4218146e-03  -1.0501129e-02   8.5777552e-03
  -5.2871393e-01  -6.6510042e-01   1.1921709e+00  -5.3251663e-03  -1.0455584e-02   7.7157377e-03
  -4.8788892e-01  -7.0958150e-01   1.1738464e+00  -4.7964781e-03  -1.0590956e-02   7.6072576e-03
  -4.6110517e-01  -7.0069843e-01   1.3320194e+00  -4.4410185e-03  -1.1036599e-02   7.9177897e-03
  -4.4157037e-01  -7.9558352e-01   1.3358449e+00  -5.1777117e-03  -1.1172518e-02   8.4476086e-03
  -4.0758879e-01  -7.3496988e-01   1.3760137e+00  -4.4824602e-03  -1.0766731e-02   8.7479185e-03
  -5.2672799e-01  -7.7304497e-01   1.2953035e+00  -4.7657719e-03  -1.1722693e-02   6.8895278e-03
  -3.3805885e-01  -6.7165689e-01   7.2669782e-01  -4.3201248e-03  -8.6792420e-03   4.4800870e-03
  -2.9021095e-01  -6.0343306e-01   1.2195203e+00  -3.6397677e-03  -9.1912261e-03   5.8243117e-03
  -3.1797376e-01  -7.8750319e-01   1.2202274e+00  -3.9499911e-03  -1.0189338e-02   6.8061861e-03
  -3.0853733e-01  -7.5240704e-01   1.2795560e+00  -3.5732935e-03  -1.0623560e-02   7.1247344e-03
  -3.5492792e-01  -7.6866734e-01   1.4048056e+00  -3.2560562e-03  -1.1436261e-02   7.5502587e-03
  -3.9202474e-01  -8.4969396e-01   1.3585514e+00  -3.9331950e-03  -1.2460255e-02   8.0241832e-03
  -3.8631680e-01  -8.0968440e-01   1.3450735e+00  -3.6093981e-03  -1.2331043e-02   8.6051229e-03
  -3.9041725e-01  -8.2441727e-01   1.3672003e+00  -4.2869962e-03  -1.2292267e-02   8.7399864e-03
  -3.6916546e-01  -8.3314142e-01   1.2150918e+00  -4.1057480e-03  -1.1855590e-02   8.6993475e-03
  -3.8377850e-01  -7.8546825e-01   1.3752115e+00  -4.5350112e-03  -1.1989758e-02   8.9118130e-03
  -3.4820918e-01  -8.2646762e-01   1.2698105e+00  -3.9896303e-03  -1.2012327e-02   8.7357516e-03
  -3.6937536e-01  -7.7355620e-01   1.4193797e+00  -1.7969502e-03  -1.2826434e-02   8.7235316e-03
  -4.2599923e-01  -8.2011453e-01   1.3014045e+00  -3.1244873e-03  -1.3257604e-02   8.0968644e-03
  -4.3450367e-01  -7.0585155e-01   1.1423012e+00  -1.2775436e-03  -1.2106780e-02   7.4931295e-03
  -4.9563302e-01  -7.5438671e-01   8.7797842e-01   7.0677173e-04  -1.1252858e-02   6.9796756e-03
  -4.6145727e-01  -6.1111195e-01   1.1929857e+00  -3.5047335e-03  -1.1709453e-02   5.7312176e-03
  -4.8349357e-01  -6.9379483e-01   1.1807211e+00  -3.2241325e-03  -1.2662747e-02   5.7308136e-03
  -4.7716962e-01  -6.3071620e-01   1.2680047e+00  -3.5864125e-03  -1.2309091e-02   5.4979062e-03
  -4.7660772e-01  -7.7656677e-01   1.2093048e+00  -4.6850481e-03  -1.2870371e-02   5.2779525e-03
  -4.5512901e-01  -6.9507434e-01   1.2616664e+00  -4.2191769e-03  -1.2662760e-02   5.5401780e-03
  -4.3938783e-01  -7.0884971e-01   1.3535565e+00  -4.6774536e-03  -1.2693093e-02   5.2489394e-03
  -4.2732143e-01  -7.8822255e-01   1.1996375e+00  -5.3304749e-03  -1.2928691e-02   5.5617415e-03
  -4.2549506e-01  -6.6696897e-01   1.3959908e+00  -5.0782544e-03  -1.2696442e-02   5.8240647e-03
  -4.3866364e-01  -7.5579043e-01   1.3033112e+00  -5.8185944e-03  -1.2664460e-02   5.4812323e-03
  -4.2527557e-01  -7.6110306e-01   1.2536788e+00  -5.8956269e-03  -1.2780788e-02   5.6465620e-03
  -4.6241309e-01  -6.8008214e-01   1.2668312e+00  -5.1293133e-03  -1.1983375e-02   5.5164940e-03
  -4.2323925e-01  -6.6059175e-01   1.2335651e+00  -5.6066527e-03  -1.2039939e-02   5.1568884e-03
  -4.3756558e-01  -7.1669500e-01   1.2355052e+00  -5.3620649e-03  -1.3329455e-02   5.7943010e-03
  -4.3640826e-01  -7.0005721e-01   1.3507537e+00  -3.8746313e-03  -1.3908489e-02   5.6388927e-03
  -5.1780966e-01  -8.2601845e-01   1.2965107e+00  -4.5925755e-03  -1.5875885e-02   6.6049473e-03
  -5.1572251e-01  -8.4879242e-01   1.2910671e+00  -4.9692208e-03  -1.5943649e-02   6.9139981e-03
  -4.8260434e-01  -7.5664201e-01   1.3867102e+00  -4.1561936e-03  -1.5748579e-02   6.9627850e-03
  -4.7475239e-01  -7.9941018e-01   9.5142334e-01  -1.8813528e-03  -1.6952398e-02   7.5404599e-03
  -4.8050879e-01  -7.6506478e-01   1.2063972e+00  -5.0363158e-03  -1.5350463e-02   8.4452830e-03
  -4.3783250e-01  -8.5751275e-01   1.1375548e+00  -4.8318219e-03  -1.4169122e-02   7.1262033e-03
  -4.1246610e-01  -8.4045322e-01   1.0731861e+00  -3.9598050e-03  -1.3263633e-02   6.4791742e-03
  -4.1997650e-01  -7.8043763e-01   1.1615182e+00  -4.3673023e-03  -1.3488519e-02   6.1008193e-03
  -3.9992151e-01  -8.2545822e-01   1.0076545e+00  -4.3333461e-03  -1.3063350e-02   5.9490463e-03
  -3.9250970e-01  -7.4076644e-01   1.2030292e+00  -4.3983062e-03  -1.2556535e-02   5.8583954e-03
  -3.8440681e-01  -7.8092354e-01   1.1801701e+00  -4.5359207e-03  -1.3023230e-02   5.8978114e-03
  -3.6598166e-01  -7.0639005e-01   1.1789063e+00  -2.8977143e-03  -1.2881258e-02   5.8777879e-03
  -4.0706592e-01  -7.7523266e-01   1.1995111e+00  -3.9816610e-03  -1.3346648e-02   5.8684232e-03
  -4.0491671e-01  -7.5807736e-01   1.2643497e+00  -3.8055237e-03  -1.4211404e-02   5.9152547e-03
  -3.9530483e-01  -7.6055543e-01   1.3168925e+00  -4.2605770e-03  -1.4121133e-02   6.1554052e-03
  -3.9229589e-01  -7.8488177e-01   1.2140850e+00  -8.5950254e-04  -1.4969785e-02   7.6428857e-03
  -3.7413509e-01  -6.6476469e-01   1.1817746e+00   2.1256237e-03  -1.6178383e-02   7.6784441e-03
  -3.6294287e-01  -6.9240963e-01   1.1963350e+00  -7.7422947e-04  -1.4773371e-02   6.5146977e-03
  -3.6565711e-01  -6.3939275e-01   1.0780142e+00  -3.2085782e-05  -1.3402713e-02   5.4980370e-03
  -3.6995671e-01  -6.0180662e-01   1.1937420e+00   1.4117728e-04  -1.2755927e-02   5.0926636e-03
  -3.6738704e-01  -6.5224238e-01   1.1297278e+00  -2.2516630e-04  -1.3058227e-02   4.9869335e-03
  -3.7078554e-01  -6.3659305e-01   1.0210401e+00   4.5207410e-04  -1.2701967e-02   4.9698429e-03
  -3.4291581e-01  -5.1360409e-01   1.2646051e+00   1.2722666e-03  -1.2377694e-02   4.7116762e-03
  -3.4236598e-01  -6.8226876e-01   1.1734064e+00   2.3759263e-04  -1.2567129e-02   4.8889069e-03
  -3.5750979e-01  -4.4475257e-01   1.4316061e+00   5.3286148e-04  -1.3140492e-02   5.0035759e-03
  -3.1919671e-01  -4.7180905e-01   1.6077234e+00   9.9706889e-04  -1.3290674e-02   6.4215810e-03
  -3.3949251e-01  -5.5717055e-01   9.3016565e-01  -1.6233815e-03  -9.6594286e-03   5.0492684e-03
  -4.0668084e-01  -2.3150413e-01   7.3501528e-01  -3.3448482e-03  -1.1075336e-02   5.3037637e-03
  -4.5322428e-01  -4.7821081e-01   7.0954508e-01  -1.8453533e-03  -1.1499955e-02   6.0824951e-03
  -3.8153888e-01  -2.9469035e-01   1.0595996e+00  -3.0907290e-03  -1.0826681e-02   5.9780116e-03
  -3.2994669e-01  -4.4442990e-01   1.0105225e+00  -3.3600175e-03  -1.0544660e-02   6.6345111e-03
  -2.9045515e-01  -4.4013594e-01   1.1124486e+00  -4.7219889e-03  -1.0449093e-02   6.6207297e-03
  -3.1267994e-01  -5.3146882e-01   1.0784217e+00  -4.6981010e-03  -1.0806683e-02   6.5379377e-03
  -2.8585710e-01  -5.4030896e-01   1.1410332e+00  -4.8279470e-03  -1.0107703e-02   5.8304779e-03
  -3.2113071e-01  -6.3280134e-01   1.1065324e+00  -5.3187278e-03  -1.0865443e-02   5.3040038e-03
  -3.2778653e-01  -5.9815402e-01   1.0944757e+00  -4.7020301e-03  -1.1500465e-02   5.2127851e-03
  -3.6631981e-01  -5.3642529e-01   1.0703830e+00  -1.6058941e-03  -1.3174769e-02   4.8039302e-03
  -4.6303373e-01  -5.6071603e-01   7.7382278e-01  -2.0274033e-03  -1.5834477e-02   4.5406392e-03
  -4.6367495e-01  -5.8654863e-01   9.5547170e-01  -3.9988499e-03  -1.4530206e-02   3.4324758e-03
  -5.2040048e-01  -6.4788437e-01   8.8309128e-01  -3.2393213e-03  -1.5092937e-02   3.2479032e-03
  -5.0667644e-01  -6.2687739e-01   1.0449261e+00  -4.7797596e-03  -1.5185965e-02   3.3784436e-03
  -5.2995386e-01  -6.8099403e-01   8.9461425e-01  -4.5880117e-03  -1.5428522e-02   4.0414694e-03
  -4.6086838e-01  -5.9659430e-01   1.0159020e+00  -4.0391912e-03  -1.4170570e-02   3.5556730e-03
  -4.8266357e-01  -6.6465392e-01   9.6492766e-01  -3.7218597e-03  -1.4153733e-02   3.7264392e-03
  -4.5739792e-01  -6.4003982e-01   9.8173114e-01  -3.3650743e-03  -1.3832054e-02   3.7502435e-03
  -4.2907863e-01  -6.3841699e-01   9.5095655e-01  -3.0918321e-03  -1.3592274e-02   3.5310864e-03
  -4.3303561e-01  -6.5335976e-01   9.4829731e-01  -3.5070465e-03  -1.3632104e-02   3.4946423e-03
  -4.1671876e-01  -6.0602561e-01   9.9936175e-01  -2.9628195e-03  -1.4239887e-02   3.4231759e-03
  -4.0859861e-01  -5.8010252e-01   1.1314849e+00  -1.4245396e-03  -1.5309521e-02   3.4705919e-03
  -4.4558015e-01  -6.5348906e-01   1.1538315e+00  -3.8330872e-03  -1.4752991e-02   2.8694880e-03
  -4.6785185e-01  -6.1487963e-01   1.1031771e+00  -2.8357040e-03  -1.5151275e-02   3.0539592e-03
  -4.7648574e-01  -5.8844428e-01   1.1617280e+00  -2.6113377e-03  -1.5153008e-02   3.5008760e-03
  -4.2089647e-01  -6.3870681e-01   1.0458755e+00  -1.7763191e-03  -1.4851317e-02   3.7055197e-03
  -4.1441857e-01  -5.1614125e-01   1.2005410e+00  -2.3589193e-03  -1.3763424e-02   3.4736288e-03
  -4.5938997e-01  -6.6019039e-01   1.1005843e+00  -3.1680937e-03  -1.4579250e-02   3.4934798e-03
  -4.2239737e-01  -5.7164194e-01   1.1417491e+00  -2.5919422e-03  -1.3773103e-02   3.6157801e-03
  -4.0359550e-01  -6.1702671e-01   1.1706959e+00  -3.0943096e-03  -1.4118443e-02   3.4812488e-03
  -3.8778854e-01  -6.1111448e-01   8.7682263e-01  -2.5264335e-03  -1.2363974e-02   2.6909354e-03
  -3.1026650e-01  -3.8624502e-01   1.0204455e+00  -1.4217466e-03  -1.1503195e-02   2.4112111e-03
  -3.6469804e-01  -5.2314257e-01   9.7071486e-01  -1.6603039e-03  -1.2490574e-02   2.8169251e-03
  -3.9990877e-01  -6.3017189e-01   9.2325921e-01  -2.5671926e-03  -1.2080632e-02   2.3896612e-03
  -4.5976436e-01  -4.3881282e-01   9.5635637e-01  -2.9653171e-03  -1.1333897e-02   2.6264336e-03
  -3.9377426e-01  -2.5833380e-01   1.3364844e+00  -2.3799153e-03  -1.1448245e-02   3.5218152e-03
  -4.2902565e-01  -4.6474126e-01   1.1924456e+00  -4.6761138e-03  -1.2267729e-02   3.4425041e-03
  -4.4054861e-01  -4.4007390e-01   1.0629992e+00  -4.9843928e-03  -1.2546300e-02   3.2965408e-03
  -4.2533610e-01  -3.7076298e-01   1.2968038e+00  -3.8214138e-03  -1.3474488e-02   3.2106267e-03
  -4.5330214e-01  -4.0219050e-01   1.1904830e+00  -5.2922410e-06  -1.6330685e-02   4.4018089e-03
  -4.3178362e-01  -4.6223694e-01   1.0524300e+00  -2.6268957e-04  -1.6038129e-02   4.8459241e-03
  -4.4375995e-01  -4.2635262e-01   1.1774201e+00  -1.0814567e-03  -1.4925042e-02   3.9876845e-03
  -4.5219145e-01  -4.8354413e-01   1.1686673e+00  -1.6769829e-03  -1.5109374e-02   3.7057539e-03
  -4.8843776e-01  -4.9602716e-01   1.0758847e+00  -2.3033765e-04  -1.6918855e-02   3.9386281e-03
  -4.5995074e-01  -4.2340832e-01   1.0944906e+00   3.5397388e-03  -1.9641884e-02   5.3247818e-03
  -5.0646297e-01  -4.6378100e-01   1.1967120e+00   7.1946085e-04  -1.7779404e-02   3.8054625e-03
  -4.9554207e-01  -4.3713477e-01   1.1278829e+00   1.3720421e-03  -1.6939250e-02   3.3661883e-03
  -4.6515103e-01  -3.6997314e-01   1.2706617e+00   1.6294084e-03  -1.6409611e-02   3.6652988e-03
  -4.6234626e-01  -4.7586579e-01   1.1158485e+00   1.5377515e-03  -1.6199400e-02   3.7005952e-03
  -4.2961725e-01  -4.3470112e-01   7.5548915e-01   9.6928943e-04  -1.3033413e-02   2.9934484e-03
  -3.0560744e-01  -2.8417253e-01   8.5343998e-01   4.6508988e-04  -1.0972279e-02   1.1734767e-03
  -3.4056247e-01  -2.9676061e-01   7.2513020e-01   1.1194660e-03  -1.0198238e-02   8.0954055e-04
  -3.3988155e-01  -1.6939881e-01   1.0327754e+00   1.6868744e-03  -1.0907106e-02   8.4380573e-04
  -3.5903837e-01  -2.7296097e-01   8.8733006e-01   7.1252030e-04  -1.1885612e-02   8.8784885e-04
  -3.5165484e-01  -2.4739058e-01   8.7869482e-01   3.2176916e-04  -1.1544316e-02   1.5022004e-03
  -3.3563247e-01  -3.0701870e-01   1.0321807e+00  -2.7030003e-05  -1.1990833e-02   2.1154947e-03
  -3.1756327e-01  -4.3956755e-01   9.3963697e-01   1.3534864e-04  -1.1805036e-02   2.9812485e-03
  -3.2701394e-01  -3.4721908e-01   1.0287276e+00   8.3202484e-04  -1.1292285e-02   3.9259170e-03
  -3.4316019e-01  -3.6464775e-01   1.0605619e+00   8.8791399e-04  -1.3107922e-02   4.6298213e-03
