   1.4155158e-14   0.0000000e+00  -1.4210855e-14  -1.1102230e-16   1.9078412e-18   7.7037198e-34
  -1.1082671e-02  -6.0944524e-03  -6.4197087e-02   5.1775510e-04   4.7956842e-04   4.7953011e-05
  -1.0622323e-02   6.4874610e-02   1.0301330e-01  -1.8803053e-04  -2.1596026e-04  -1.0460068e-04
  -8.2515089e-03   2.3939375e-02  -2.4382150e-02   7.5625405e-04   1.4885400e-04   8.5237957e-05
   5.1874979e-03   7.7060186e-02   1.2109535e-01   3.3041269e-04  -3.2384620e-04   7.1597413e-05
  -1.0553034e-03  -1.4141823e-02   1.5674130e-02  -2.3132600e-04  -1.9363419e-04   4.6171797e-04
   1.2231558e-02   8.8486614e-02   2.3672620e-02   1.6408622e-03   3.6547921e-04   3.6970548e-04
   1.8113914e-02   6.8290921e-02   4.9623997e-02  -1.0595583e-05  -1.6970487e-06   4.9272753e-04
   1.3695734e-02   5.7575068e-02   3.6751107e-02   1.3398204e-03   6.2040201e-07   7.0248525e-04
   1.7288915e-02   1.0716558e-01   1.0542654e-01   1.6378802e-03  -3.5505067e-04   6.5809731e-04
   2.4939562e-02   2.1028958e-02  -2.6748001e-02   1.3330375e-03   3.5860693e-05   8.1517655e-04
   2.6438242e-02   6.6476754e-02   1.7839027e-01   7.8820493e-04  -4.2649364e-04   6.8284750e-04
   2.8895548e-02  -7.3500238e-04   1.4054119e-03   1.0288414e-03  -1.0723684e-04   9.9236419e-04
   3.7754854e-02   7.5386107e-02   1.0700626e-01   1.3078617e-03  -5.6373749e-05   9.1209650e-04
   4.0999563e-02   1.4414963e-02   2.0464207e-02   2.4160363e-04  -2.1058076e-04   1.1020540e-03
   3.4704869e-02   2.8679578e-02   3.6179475e-02   1.2996844e-03   5.3334092e-05   9.8196907e-04
   4.8632956e-02   6.4843208e-02   1.7182675e-01   5.5868190e-04  -3.9210961e-04   1.0436779e-03
   5.3136342e-02   2.1707956e-02   5.8100319e-02   1.1708035e-03  -6.6487085e-05   1.4035774e-03
   6.1022250e-02   7.5332088e-02   1.9119621e-01   1.1786900e-03  -3.2120056e-04   1.4339037e-03
   5.4473503e-02   7.5326387e-03   1.0129198e-01   6.0227410e-04  -3.8322160e-04   1.7739256e-03
   6.1922560e-02   7.9225130e-02   1.4881112e-01   2.2154745e-03  -6.5230992e-05   1.5634456e-03
   7.0776567e-02   3.9280127e-02   1.6490059e-01   6.3819096e-04  -3.6015320e-04   1.7651953e-03
   6.3219473e-02   2.9258193e-02   1.1592347e-01   1.7490489e-03  -1.6664022e-04   1.9261500e-03
   7.9287105e-02   7.1490251e-02   2.4608984e-01   1.1304374e-03  -5.9679490e-04   1.8797300e-03
   6.1634005e-02   5.7171866e-03   1.0148064e-01   1.8225224e-03  -4.1166769e-04   2.1225988e-03
   7.5447724e-02   7.2166802e-02   2.1811711e-01   1.5416395e-03  -5.2772883e-04   1.9119920e-03
   5.1936923e-02  -5.3562273e-03   7.8928914e-02   1.5432295e-03  -4.4542587e-04   2.3253509e-03
   6.4590981e-02   6.3987242e-02   2.1597660e-01   2.1598094e-03  -3.9399283e-04   2.1521818e-03
   6.0526437e-02  -5.2469559e-03   1.4022030e-01   1.3621281e-03  -6.3149568e-04   2.5296221e-03
   6.4361303e-02   2.7090791e-02   1.3603772e-01   2.1902575e-03  -1.0287431e-04   2.6751132e-03
   7.6370495e-02   4.1185994e-02   2.0516011e-01   1.4343550e-03  -8.6471419e-04   2.8685750e-03
   7.3298193e-02   7.2713052e-03   1.1744137e-01   2.2879609e-03  -8.3165243e-04   3.2409048e-03
   7.7762972e-02   6.5304146e-02   2.9361843e-01   1.9401398e-03  -1.0502938e-03   3.2424318e-03
   6.9204568e-02  -2.5740192e-02   1.0282731e-01   1.9879441e-03  -8.2024664e-04   3.4871895e-03
   7.6918395e-02   5.7502708e-02   2.3737361e-01   2.5069402e-03  -1.0572407e-03   3.5192610e-03
   8.5284563e-02  -3.6080639e-03   1.7454542e-01   1.5059301e-03  -1.3123873e-03   3.7577191e-03
   7.9144598e-02   4.3116267e-02   2.2285146e-01   3.1163138e-03  -9.8688441e-04   3.6051231e-03
   8.1981134e-02   3.7383183e-02   2.0642530e-01   1.7201967e-03  -1.5224900e-03   3.7610143e-03
   7.7210999e-02   3.6633258e-02   1.5282509e-01   3.0206501e-03  -1.2999908e-03   3.8885709e-03
   8.3014473e-02   7.1308497e-02   2.9729017e-01   2.2383236e-03  -1.6083369e-03   3.7391642e-03
   8.1550550e-02   1.2745410e-04   1.4648758e-01   2.4012333e-03  -1.4859254e-03   4.2320876e-03
   8.4388997e-02   4.5671498e-02   2.7416224e-01   2.6923406e-03  -1.3745489e-03   3.9959690e-03
   8.6865370e-02   2.2712752e-02   2.3341009e-01   1.7857879e-03  -1.7340634e-03   4.1379790e-03
   7.0512270e-02   6.3344737e-03   1.9590307e-01   2.6861181e-03  -1.3817968e-03   4.2714765e-03
   8.1945070e-02   4.8528166e-02   2.0938917e-01   2.0234442e-03  -1.6615994e-03   4.2525558e-03
   7.9700628e-02  -5.6136118e-03   1.2467871e-01   2.2475164e-03  -1.3143525e-03   4.6300448e-03
   9.3049830e-02   5.9068401e-02   2.7955804e-01   1.9123416e-03  -1.4918668e-03   4.4153134e-03
   7.4320070e-02  -2.5694269e-02   1.4663487e-01   1.6789202e-03  -1.6153655e-03   4.6083206e-03
   8.3576779e-02   6.5463299e-02   2.9631022e-01   1.9929927e-03  -1.7839306e-03   4.4637279e-03
   7.3877424e-02  -2.7127150e-02   1.2610359e-01   1.5878187e-03  -1.6527887e-03   4.8830944e-03
   8.3868436e-02   4.5274633e-02   2.2055844e-01   2.3827973e-03  -1.6216290e-03   4.7461146e-03
   8.8336263e-02  -9.5582852e-04   2.0162745e-01   1.3019011e-03  -2.0384354e-03   4.8801558e-03
   7.5678351e-02   1.6900489e-02   2.1827486e-01   2.6206997e-03  -1.7331720e-03   4.5959853e-03
   8.5609237e-02   5.3580681e-02   2.5960491e-01   2.5405456e-03  -1.9310758e-03   4.6664503e-03
   7.4152978e-02  -2.1075900e-02   1.7926423e-01   2.3400262e-03  -2.0015924e-03   5.0874355e-03
   7.9082855e-02   6.0235447e-02   2.9986013e-01   2.7804146e-03  -1.7179977e-03   4.6634983e-03
   6.3512187e-02  -1.2494533e-02   1.5116021e-01   2.0233259e-03  -1.9254782e-03   5.0363612e-03
   6.3967829e-02   4.2388418e-02   2.2821132e-01   2.9552158e-03  -1.7694672e-03   4.7428347e-03
   6.8865973e-02   1.9942939e-02   2.3270355e-01   1.6662548e-03  -2.1422550e-03   4.9036228e-03
   6.1195497e-02   1.4733709e-02   2.0777880e-01   2.9274921e-03  -1.7116993e-03   4.7639335e-03
   6.7734780e-02   8.9904758e-02   2.3297818e-01   2.9264833e-03  -1.9411563e-03   4.7081670e-03
   5.5737408e-02   2.8840961e-02   1.3836515e-01   3.3201295e-03  -1.9461386e-03   4.9413415e-03
   6.5322385e-02   6.1518918e-02   2.6651580e-01   3.0900077e-03  -1.9505459e-03   4.9157044e-03
   6.5403952e-02   6.7480100e-03   1.8636922e-01   2.0856454e-03  -2.0936505e-03   5.2301320e-03
   6.9303117e-02   4.2382132e-02   2.3744041e-01   3.3372013e-03  -1.9655761e-03   4.9800860e-03
   7.8916288e-02   4.1640709e-02   2.7323057e-01   2.0129563e-03  -2.1504904e-03   5.1041124e-03
   5.2326389e-02   3.2352905e-02   1.9741533e-01   3.5420722e-03  -1.6971826e-03   4.9986976e-03
   4.9268324e-02   6.6814724e-02   2.1833033e-01   2.7208393e-03  -2.2864447e-03   5.2428487e-03
   4.7014584e-02   2.3180053e-02   1.4094133e-01   3.0960258e-03  -2.0553429e-03   5.3156559e-03
   6.4281108e-02   8.4384572e-02   2.7744970e-01   2.9947510e-03  -1.9936868e-03   5.0663574e-03
   4.8768930e-02   9.5545903e-03   1.6497761e-01   2.5446705e-03  -2.0554257e-03   5.4388977e-03
   6.0122045e-02   9.5743552e-02   2.4927070e-01   3.0914966e-03  -1.8274572e-03   5.1091675e-03
   5.3849432e-02   2.5196804e-02   1.3952456e-01   2.5931143e-03  -2.1376891e-03   5.4810768e-03
   5.1613236e-02   9.3685661e-02   2.5227850e-01   3.3542191e-03  -1.8254707e-03   5.1904122e-03
   4.7927111e-02   4.4751557e-02   1.6967668e-01   2.1289723e-03  -2.3843469e-03   5.4603109e-03
   4.5156654e-02   7.7859305e-02   2.0559547e-01   4.0714855e-03  -2.2135963e-03   5.2838226e-03
   6.2297090e-02   7.2907108e-02   2.5778296e-01   2.5320790e-03  -2.4224166e-03   5.4183296e-03
   4.4763310e-02   3.1488557e-02   1.6856300e-01   3.5903678e-03  -2.0822268e-03   5.4150540e-03
   5.7984192e-02   9.2591839e-02   2.6931898e-01   2.7285939e-03  -2.3825332e-03   5.3902862e-03
   3.5059756e-02   1.7996695e-02   1.6073129e-01   3.3409977e-03  -2.3367915e-03   5.5126747e-03
   5.2085115e-02   7.1155991e-02   3.2853519e-01   1.8519646e-03  -2.6052363e-03   5.6576883e-03
   5.2622116e-02  -1.7799821e-02   1.5407107e-01   4.5568374e-03  -2.0113331e-03   5.7071120e-03
   4.7508381e-02   3.1785175e-02   1.2225708e-01   3.5237472e-03  -2.4180518e-03   6.1076980e-03
   4.7096786e-02   1.0562506e-01   2.2325336e-01   5.0675089e-03  -2.4168155e-03   5.9815141e-03
   4.7252823e-02   4.3743357e-02   1.6576310e-01   3.4686588e-03  -2.7663471e-03   6.3220008e-03
   4.4230707e-02   6.9652171e-02   1.9119464e-01   4.4445890e-03  -2.6108100e-03   6.0838362e-03
   6.6375402e-02   8.6991261e-02   2.1744337e-01   3.4568340e-03  -2.5794859e-03   6.1119373e-03
   4.8891452e-02   6.5106396e-02   1.2840814e-01   4.2262337e-03  -2.0131411e-03   5.9429665e-03
   6.2301059e-02   1.1321892e-01   2.0509796e-01   3.4443713e-03  -2.4080485e-03   5.8884520e-03
   3.5696408e-02   3.9847598e-02   1.3856034e-01   4.2025804e-03  -2.4700222e-03   5.8747616e-03
   4.8216537e-02   8.6989214e-02   2.1986758e-01   3.5005285e-03  -2.7363889e-03   6.0891247e-03
   2.7887353e-02   4.0905362e-02   1.2849092e-01   4.2397455e-03  -2.6188405e-03   6.1532549e-03
   5.2126677e-02   9.8319915e-02   2.2824126e-01   3.6894088e-03  -2.7658268e-03   6.1678582e-03
   3.6941284e-02   3.5495314e-02   1.3559726e-01   3.6714542e-03  -2.7974810e-03   6.6204541e-03
   6.0850153e-02   1.1094891e-01   2.2492353e-01   3.6081740e-03  -2.5768917e-03   6.2795359e-03
   4.8129081e-02   1.4171423e-02   1.2626266e-01   3.1210747e-03  -2.8258953e-03   6.7048468e-03
   6.0253664e-02   9.3557716e-02   2.1075502e-01   3.6653136e-03  -2.5178316e-03   6.5516022e-03
   6.0827673e-02   4.2311409e-02   1.4403115e-01   2.8254739e-03  -2.7663745e-03   6.7742329e-03
   5.8303113e-02   9.4008509e-02   1.6377590e-01   4.0552113e-03  -2.1617992e-03   6.4722667e-03
   5.2606923e-02   8.5723136e-02   1.4186217e-01   2.7988491e-03  -2.3798874e-03   6.6751279e-03
   5.2425059e-02   9.0685293e-02   1.5048277e-01   3.9996116e-03  -2.2639193e-03   6.5450114e-03
   5.4501082e-02   6.9823545e-02   1.4975685e-01   2.9153584e-03  -2.4430728e-03   6.6924436e-03
   4.5614027e-02   7.2689128e-02   1.3285867e-01   4.2287616e-03  -2.4495657e-03   6.6405064e-03
   6.3555814e-02   1.2432160e-01   1.9340607e-01   3.8298761e-03  -2.3367667e-03   6.6315642e-03
   3.6945469e-02   5.7854422e-02   9.3073904e-02   3.6083366e-03  -2.6065124e-03   6.8862949e-03
   5.3455306e-02   1.3330489e-01   1.9549534e-01   4.1130357e-03  -2.3913068e-03   6.6516146e-03
   3.5647231e-02   6.8733144e-02   1.0451431e-01   3.7047313e-03  -2.7317510e-03   6.9210811e-03
   4.9205962e-02   1.2948048e-01   1.9930951e-01   4.2868610e-03  -2.4165333e-03   6.7252150e-03
   4.0735222e-02   6.8148642e-02   1.1429207e-01   3.6112719e-03  -2.6881638e-03   7.0171064e-03
   5.4110309e-02   9.0547164e-02   1.6510270e-01   4.3021066e-03  -2.4147259e-03   6.8051623e-03
   6.7746265e-02   8.1256002e-02   1.8220302e-01   3.1945177e-03  -2.6154759e-03   6.9695856e-03
   5.0449886e-02   1.2057228e-01   1.2136003e-01   5.4392639e-03  -2.3787577e-03   6.8668422e-03
   6.8339748e-02   1.4620915e-01   1.8871272e-01   3.9938056e-03  -2.5927502e-03   7.1738917e-03
   4.4888317e-02   1.0652425e-01   1.4362162e-01   4.7468895e-03  -2.6456779e-03   7.0917369e-03
   5.8799154e-02   1.2228203e-01   2.1157409e-01   3.9864087e-03  -2.7471974e-03   7.1645421e-03
   2.8951563e-02   6.7642862e-02   1.2056985e-01   4.7874570e-03  -2.8516584e-03   7.3553571e-03
   6.2173123e-02   1.4022113e-01   2.3389710e-01   4.2120510e-03  -2.6691169e-03   7.2595781e-03
   4.6296835e-02   7.7188698e-02   1.3437674e-01   4.7865295e-03  -2.7180527e-03   7.3725463e-03
   7.7421523e-02   1.8835811e-01   2.0667252e-01   5.2759263e-03  -2.3928219e-03   7.1532661e-03
   5.7986503e-02   8.3015445e-02   8.4880564e-02   4.3747802e-03  -2.5988802e-03   7.5381756e-03
   6.6542122e-02   1.6544739e-01   2.0818421e-01   4.7548054e-03  -2.7180513e-03   7.5516169e-03
   5.8281993e-02   9.6117539e-02   1.4697095e-01   3.9929080e-03  -2.6742241e-03   7.9184500e-03
   5.7219336e-02   1.3148235e-01   1.5854707e-01   4.7252929e-03  -2.4833510e-03   7.8615025e-03
   6.9305928e-02   1.2466343e-01   1.6270833e-01   3.4536498e-03  -2.4912879e-03   8.2477390e-03
   5.4573769e-02   1.2202359e-01   1.3852921e-01   4.6670080e-03  -2.4325073e-03   8.1046842e-03
   7.0675411e-02   1.2799028e-01   1.6942249e-01   3.6327057e-03  -2.5003689e-03   8.2359163e-03
   6.0474733e-02   1.0283190e-01   1.0230601e-01   4.6358095e-03  -2.6903856e-03   8.3549044e-03
   1.0685168e-01   1.2555458e-01   2.3722101e-01   2.6384803e-03  -2.5690275e-03   7.9634618e-03
   7.4284393e-02   1.0970937e-01  -4.2358343e-02   3.1986148e-03  -1.1342229e-03   7.4648537e-03
   7.2119762e-02   1.5548059e-01  -2.2663806e-02   3.6768117e-03  -1.6146266e-03   7.6508563e-03
   9.3378505e-02   1.8639542e-01   2.0395684e-01   3.8383521e-03  -2.3165423e-03   7.9919757e-03
   7.4268105e-02   9.8982730e-02   1.0789379e-01   3.8907944e-03  -2.7771831e-03   8.2809147e-03
   8.6213538e-02   1.6731535e-01   2.0913183e-01   4.5752390e-03  -2.6428101e-03   8.2691603e-03
   9.3414439e-02   1.1551537e-01   1.6808882e-01   3.5936179e-03  -2.6213250e-03   8.5561577e-03
   9.0692067e-02   1.6004161e-01   2.0306948e-01   4.3556166e-03  -2.4035588e-03   8.3495335e-03
   8.2742890e-02   1.2681141e-01   1.2254191e-01   3.6080318e-03  -2.5509571e-03   8.5461990e-03
   8.9546822e-02   1.7991624e-01   1.8583245e-01   4.5371256e-03  -2.3322988e-03   8.5649362e-03
   9.0525742e-02   1.5253630e-01   1.5136815e-01   3.3004638e-03  -2.5143734e-03   9.0004075e-03
   7.9684953e-02   1.6551306e-01   1.5746554e-01   4.5118792e-03  -2.3657280e-03   8.8109808e-03
   9.7846366e-02   1.5471488e-01   1.8143662e-01   3.1220410e-03  -2.5129312e-03   8.9792328e-03
   8.4792331e-02   1.4131790e-01   1.1735217e-01   4.5665612e-03  -2.2690569e-03   8.8901432e-03
   1.0715061e-01   1.7595006e-01   1.8767450e-01   4.0412137e-03  -2.3993735e-03   8.9174994e-03
   9.1710381e-02   1.2557118e-01   1.2104260e-01   3.7826106e-03  -2.4593645e-03   9.1802166e-03
   9.6873174e-02   1.8513398e-01   1.7911630e-01   4.3807917e-03  -2.2097740e-03   9.0239234e-03
   9.3406587e-02   1.3362906e-01   9.9391425e-02   3.4976318e-03  -2.3575713e-03   9.3861686e-03
   9.5947015e-02   1.7083845e-01   1.7385565e-01   4.3770235e-03  -2.2784817e-03   9.1366333e-03
   1.0587844e-01   1.5326537e-01   1.6032109e-01   3.4659035e-03  -2.3304935e-03   9.2809978e-03
   9.8176457e-02   1.6121297e-01   1.0912220e-01   4.4956317e-03  -1.7597288e-03   9.3427928e-03
   1.0345567e-01   1.9288625e-01   1.2808078e-01   3.1996046e-03  -1.7407434e-03   9.4010202e-03
   8.1358620e-02   1.6182282e-01   9.1071630e-02   4.4210253e-03  -1.9311696e-03   9.5770967e-03
   1.0019246e-01   1.8618950e-01   1.9140877e-01   3.5747598e-03  -2.1907119e-03   9.4332179e-03
   8.5413230e-02   1.3166481e-01   9.5915207e-02   4.4777416e-03  -1.8990545e-03   9.6047927e-03
   9.9277177e-02   1.9604154e-01   1.9474223e-01   3.7964493e-03  -2.0170184e-03   9.4548332e-03
   9.1545485e-02   1.4223406e-01   6.6362389e-02   4.7750703e-03  -1.8476659e-03   9.6216726e-03
   1.1790713e-01   2.1016387e-01   2.2675154e-01   3.8173586e-03  -2.1847352e-03   9.7195325e-03
   1.0098045e-01   1.5824824e-01   8.5983961e-02   4.7566674e-03  -1.8321777e-03   9.8764771e-03
   1.1064473e-01   2.1486220e-01   1.8698399e-01   3.8281602e-03  -2.0698329e-03   9.7971981e-03
   9.7534158e-02   1.5571730e-01   7.5175296e-02   4.4954452e-03  -1.6979651e-03   9.9844666e-03
   1.1364349e-01   2.2106790e-01   1.9808999e-01   3.7111340e-03  -1.8224193e-03   9.8486766e-03
   8.9976003e-02   1.5396701e-01   6.8577941e-02   4.6550707e-03  -1.7585222e-03   1.0077848e-02
   1.0961335e-01   2.2107638e-01   2.0291776e-01   4.0165320e-03  -1.8828067e-03   1.0027065e-02
   8.8012242e-02   1.4911394e-01   7.7038799e-02   4.4617022e-03  -1.8144983e-03   1.0029374e-02
   1.1367598e-01   2.1874133e-01   2.1415696e-01   3.9673234e-03  -1.7361679e-03   1.0086912e-02
   9.4315270e-02   1.4248067e-01   5.3805028e-02   3.8107035e-03  -1.6309516e-03   1.0290597e-02
   1.0671448e-01   2.3868792e-01   1.5548553e-01   4.2128349e-03  -1.5250968e-03   1.0163788e-02
   1.0548200e-01   1.4517099e-01   6.2135127e-02   3.6214774e-03  -1.7489632e-03   1.0590245e-02
   1.1223885e-01   2.5956111e-01   1.6943576e-01   4.4989141e-03  -1.3822131e-03   1.0292359e-02
   1.0107041e-01   1.4543288e-01   3.3988383e-02   3.1842591e-03  -1.6551659e-03   1.0471635e-02
   9.0654103e-02   2.2815785e-01   1.5994696e-01   4.1048694e-03  -1.9988919e-03   1.0201776e-02
   8.6987524e-02   1.4508136e-01   6.8151039e-02   3.3210773e-03  -2.0774860e-03   1.0480450e-02
   9.3771764e-02   2.1087686e-01   1.6186132e-01   4.0408465e-03  -1.7349706e-03   1.0270770e-02
   7.9759117e-02   1.5971370e-01   8.0612487e-02   3.0908915e-03  -2.0184377e-03   1.0594766e-02
   9.8851105e-02   2.1573706e-01   1.0849451e-01   4.4278837e-03  -1.6044068e-03   1.0514176e-02
   1.1219582e-01   2.1469674e-01   1.3893162e-01   3.3871342e-03  -1.3890901e-03   1.0506756e-02
   9.7409795e-02   1.7459660e-01   8.2428647e-02   4.5119054e-03  -1.3106968e-03   1.0607018e-02
   1.1009841e-01   2.3257037e-01   1.9903802e-01   4.0522830e-03  -1.2643430e-03   1.0672962e-02
   1.0707609e-01   1.5817596e-01   6.3948147e-02   3.5748374e-03  -9.7614657e-04   1.0940838e-02
   1.1300892e-01   2.3107667e-01   1.7109398e-01   4.1297482e-03  -1.0177719e-03   1.0857777e-02
   1.1119196e-01   1.4364512e-01   7.4320439e-02   3.3915029e-03  -1.0336375e-03   1.1218003e-02
   1.2058089e-01   2.1029818e-01   1.8646673e-01   4.2844206e-03  -9.1306609e-04   1.1120918e-02
   1.1603974e-01   1.6505534e-01   1.1442319e-01   3.3973084e-03  -9.2859919e-04   1.1048018e-02
   1.1894846e-01   2.1121738e-01   1.6135965e-01   4.5065600e-03  -6.9469473e-04   1.0826217e-02
   1.1651162e-01   1.9353144e-01   1.2740452e-01   3.8092643e-03  -9.1582554e-04   1.1029328e-02
   1.1355067e-01   2.0417524e-01   9.5750086e-02   4.8821705e-03  -6.2374687e-04   1.1022393e-02
   1.2613001e-01   2.3373121e-01   1.8632453e-01   3.7458749e-03  -8.6843461e-04   1.1185922e-02
   1.1487967e-01   1.9568184e-01   1.1442625e-01   4.5231903e-03  -8.3874265e-04   1.1247688e-02
   1.3521630e-01   2.5600380e-01   2.2170486e-01   3.4588351e-03  -5.1896892e-04   1.1097037e-02
   1.1051221e-01   1.8175058e-01   6.7138143e-02   4.1084169e-03  -6.0527304e-04   1.1072300e-02
   1.2703763e-01   2.5472656e-01   1.9750372e-01   3.5404173e-03  -6.1328254e-04   1.1132238e-02
   1.1847431e-01   1.6373191e-01   9.2923391e-02   3.0772641e-03  -3.9718988e-04   1.1207429e-02
   1.1691927e-01   2.5453796e-01   1.6297201e-01   3.2982101e-03  -3.6988376e-04   1.1006688e-02
   1.1034515e-01   1.6482660e-01   5.7970134e-02   2.6457369e-03  -2.8144952e-04   1.1384800e-02
   1.2837394e-01   2.5687825e-01   1.3673958e-01   3.2844510e-03  -9.2457262e-05   1.1350981e-02
   1.2827841e-01   2.3461828e-01   7.4014740e-02   2.9999784e-03  -2.1030948e-04   1.1379252e-02
   1.2608887e-01   2.4786345e-01   1.2905488e-01   3.2715687e-03   8.9126646e-05   1.1293270e-02
   1.2966366e-01   2.1197428e-01   8.5786904e-02   2.3422655e-03  -9.9551590e-05   1.1464359e-02
   1.2281376e-01   2.4561271e-01   1.2636672e-01   3.6569173e-03  -1.1070842e-04   1.1415053e-02
   1.3397257e-01   2.2166094e-01   1.3493226e-01   2.2820669e-03  -8.5647867e-05   1.1528140e-02
   1.2045844e-01   2.0039080e-01   1.1291294e-01   3.6704342e-03  -2.5013532e-05   1.1620816e-02
   1.3367924e-01   2.3250539e-01   1.3861478e-01   2.1436086e-03   1.2533298e-04   1.1657012e-02
   1.2582664e-01   2.2828297e-01   9.2201103e-02   3.0116464e-03   3.1014604e-04   1.1757351e-02
   1.3200454e-01   1.8792786e-01   2.0921858e-01   4.0567714e-04   1.0856243e-04   1.1599405e-02
   1.3347964e-01   1.7157074e-01  -2.0680149e-02   3.1494748e-03   1.7219558e-03   1.0666183e-02
   1.6038031e-01   2.1199924e-01  -6.4261468e-02   2.8042599e-03   1.7610342e-03   1.1139706e-02
   1.6428666e-01   2.6069103e-01   6.4128091e-02   2.4745146e-03   1.4230789e-03   1.1237967e-02
   1.6419705e-01   1.8682071e-01  -4.2102954e-02   2.1881897e-03   1.6129350e-03   1.1523413e-02
   1.6310629e-01   2.7734749e-01   7.6509926e-02   2.9412731e-03   1.5196874e-03   1.1558262e-02
   1.5908113e-01   1.9868749e-01  -2.0355615e-02   1.9475152e-03   1.7302963e-03   1.1663745e-02
   1.5656643e-01   2.5268443e-01   5.4781743e-02   2.4688151e-03   1.3866710e-03   1.1552645e-02
   1.5985497e-01   1.9483406e-01   1.7012545e-02   1.7206598e-03   1.3655454e-03   1.1710055e-02
   1.5310036e-01   2.5102312e-01   5.3132397e-02   2.4382734e-03   1.7102697e-03   1.1419244e-02
   1.3821264e-01   2.3085307e-01  -3.2225406e-02   1.5678153e-03   1.4060214e-03   1.1558716e-02
   1.3607731e-01   2.6138015e-01   4.5443941e-02   2.2919910e-03   1.0906740e-03   1.1818644e-02
   1.5192258e-01   2.0573132e-01   3.3717393e-02   1.3353529e-03   9.7260895e-04   1.1840924e-02
   1.4791741e-01   2.1416080e-01   2.5606649e-02   2.3365415e-03   1.2837090e-03   1.1775125e-02
   1.5980056e-01   2.5195473e-01   4.2999071e-02   1.9259088e-03   1.3694868e-03   1.1793936e-02
   1.5523295e-01   2.3787632e-01   2.1788901e-02   2.5545179e-03   1.4882009e-03   1.2016178e-02
   1.6185223e-01   2.6837624e-01   6.4023486e-02   1.6653603e-03   1.4241354e-03   1.1941066e-02
   1.6644794e-01   2.4407197e-01  -9.4515583e-03   2.9265702e-03   1.7509193e-03   1.2045461e-02
   1.8034325e-01   3.0365656e-01   8.4395291e-02   2.4676544e-03   1.9294768e-03   1.2026604e-02
   1.6884910e-01   2.3013315e-01  -5.4903742e-02   2.6790672e-03   2.0837442e-03   1.2065995e-02
   1.5599329e-01   3.0773730e-01   4.3725519e-02   1.6573194e-03   1.9053007e-03   1.2064617e-02
   1.5117803e-01   2.2502654e-01  -2.6222141e-02   2.6250357e-03   1.6171756e-03   1.2242423e-02
   1.5781053e-01   2.7748743e-01   7.4607756e-02   1.9226500e-03   1.8288069e-03   1.2059589e-02
   1.5869177e-01   2.1284071e-01  -6.4821088e-02   2.1628797e-03   2.0658461e-03   1.2184746e-02
   1.7019990e-01   3.1432957e-01   4.1568506e-02   2.3196682e-03   1.9821914e-03   1.2160815e-02
   1.6465403e-01   2.2306041e-01  -6.8763442e-02   1.5469686e-03   2.1405348e-03   1.2353558e-02
   1.5998346e-01   2.8975480e-01   1.7758036e-02   1.2791226e-03   1.9948333e-03   1.2454575e-02
   1.6425141e-01   2.2808278e-01  -5.7156618e-02   7.7714325e-04   2.1619621e-03   1.2595283e-02
   1.6584043e-01   2.8898155e-01   2.4232367e-02   1.0733287e-03   2.0272709e-03   1.2531819e-02
   1.7157884e-01   2.1786951e-01  -2.9558846e-02   3.0368346e-04   2.1402395e-03   1.2611329e-02
   1.7002015e-01   2.9429018e-01   3.9477784e-03   1.1171118e-03   2.1475676e-03   1.2608971e-02
   1.8317513e-01   2.7022422e-01  -1.7460042e-02   2.5221462e-04   2.2480229e-03   1.2826601e-02
   1.8124814e-01   2.8533624e-01  -5.0299613e-03   1.2069684e-03   2.2098899e-03   1.2800871e-02
   2.0031689e-01   2.9677651e-01   3.8559790e-02   2.9648812e-04   2.4830652e-03   1.2693398e-02
   1.8444799e-01   2.3374191e-01  -2.9046734e-02   1.0554895e-03   2.1394963e-03   1.3049824e-02
   2.0307970e-01   2.9227991e-01   6.5540717e-02  -8.6936662e-05   2.4558036e-03   1.2957924e-02
   1.9716023e-01   2.3913525e-01  -6.4528513e-02   6.5459722e-04   2.6304752e-03   1.2961218e-02
   2.0837403e-01   3.2909451e-01   2.9537440e-02   4.6410538e-04   2.6145783e-03   1.2867772e-02
   2.0386246e-01   2.2684357e-01  -6.7426579e-02   7.6985224e-05   2.7152176e-03   1.3099304e-02
   2.0567733e-01   2.9273079e-01   4.2413234e-02  -5.8132381e-04   2.5548124e-03   1.3026769e-02
   2.0127807e-01   2.0599137e-01  -8.3626201e-02  -5.9444609e-04   2.7184880e-03   1.3123598e-02
   2.0509397e-01   2.7843178e-01   3.4188756e-02  -3.4399438e-04   2.6590275e-03   1.3005741e-02
   2.0699287e-01   2.1595673e-01  -4.3336903e-02  -5.2383387e-04   2.8927319e-03   1.3130197e-02
   1.9739927e-01   2.8029782e-01   4.6504479e-02   2.4100787e-04   2.6736036e-03   1.3135551e-02
   2.0072137e-01   2.2859705e-01  -3.0681627e-02  -2.3587676e-04   2.7197080e-03   1.3123507e-02
   1.9548357e-01   2.8527376e-01   1.7736288e-02   3.1240618e-04   2.7074548e-03   1.3093048e-02
   1.9816776e-01   2.4296820e-01  -4.2259691e-02  -7.3081621e-04   3.0095968e-03   1.3273285e-02
   1.8822227e-01   3.0850415e-01   3.2341615e-02   5.7735511e-05   2.8038390e-03   1.3296898e-02
   2.0030981e-01   2.5124488e-01  -1.1385364e-03  -9.1974745e-04   3.0666004e-03   1.3313569e-02
   2.0482186e-01   2.6790513e-01   3.0476586e-03  -1.7310839e-04   3.0820335e-03   1.3401132e-02
   2.1721627e-01   2.7724743e-01   1.3339449e-02  -1.5135001e-03   3.3119714e-03   1.3326713e-02
   2.0625448e-01   2.6757032e-01  -3.8900250e-02   1.2904434e-04   3.4171759e-03   1.3235128e-02
   2.0827606e-01   3.0528751e-01   3.7756383e-02  -9.1837721e-04   3.1861003e-03   1.3339508e-02
   2.1137944e-01   2.3566579e-01  -4.7737692e-02  -7.2797364e-04   3.4738119e-03   1.3422995e-02
   2.0560742e-01   3.1929308e-01   3.8618979e-02  -1.2931752e-03   3.5966654e-03   1.3258714e-02
   1.9564002e-01   2.2433595e-01  -6.7026587e-02  -8.7525444e-04   3.1636895e-03   1.3628001e-02
   2.0673122e-01   3.1948757e-01   5.6523172e-02  -1.2863322e-03   3.2177200e-03   1.3422599e-02
   2.0004581e-01   2.4361937e-01  -7.3859950e-02  -1.1954340e-03   3.2489364e-03   1.3703012e-02
   2.0330355e-01   3.2580308e-01   2.3165539e-02  -1.1630723e-03   3.1888485e-03   1.3455889e-02
   2.0392913e-01   2.5963863e-01  -6.7323782e-02  -9.4873236e-04   3.3153118e-03   1.3526494e-02
   1.9636448e-01   2.9750372e-01  -8.5250151e-04  -9.9464387e-04   3.1561494e-03   1.3555751e-02
   2.0275893e-01   2.2895242e-01  -4.3221323e-02  -2.0112960e-03   3.3046035e-03   1.3701840e-02
   1.8716178e-01   3.0768894e-01   9.9246219e-03  -9.6579083e-04   3.0112839e-03   1.3623632e-02
   1.9375130e-01   2.3924031e-01  -3.1358326e-02  -2.1657341e-03   3.0460876e-03   1.3642037e-02
   1.8161558e-01   2.9385985e-01   1.1054909e-02  -1.2653931e-03   2.8945457e-03   1.3630849e-02
   1.9884580e-01   2.3879556e-01  -7.2219593e-03  -1.8452499e-03   3.2289445e-03   1.3606721e-02
   1.9725493e-01   3.1364851e-01   4.2069796e-02  -2.0337010e-04   3.4339557e-03   1.3427384e-02
   2.1100864e-01   2.5686183e-01   8.7329837e-03  -1.7232146e-03   3.4824155e-03   1.3521711e-02
   1.9976542e-01   2.6899448e-01   2.0065704e-02  -2.7537281e-04   3.3305420e-03   1.3533194e-02
   2.1684615e-01   2.6201404e-01   3.4327753e-02  -1.8622776e-03   3.6029265e-03   1.3694721e-02
   2.0171964e-01   2.4360547e-01   7.1733873e-02  -9.0519766e-04   2.8989395e-03   1.3512585e-02
   1.9386223e-01   1.7560114e-01  -1.3682777e-01   9.8026847e-04   4.3282401e-03   1.2177341e-02
   2.0551498e-01   2.5973695e-01  -1.6003585e-01   3.4897722e-05   4.3989711e-03   1.2508116e-02
   2.1469964e-01   3.2440728e-01  -3.5844713e-02   8.8658663e-04   4.2446854e-03   1.2696373e-02
   2.2704973e-01   2.4613663e-01  -1.0785968e-01   2.8509695e-04   4.2910210e-03   1.2951784e-02
   2.3375401e-01   3.0499206e-01  -1.0048115e-02   5.5929700e-04   4.5246541e-03   1.3014710e-02
   2.3002394e-01   2.4109600e-01  -8.0530804e-02   2.9995932e-04   4.4834568e-03   1.3231763e-02
   2.2732898e-01   3.1967370e-01   1.2193091e-02   5.6788233e-04   4.3496885e-03   1.3186553e-02
   2.2951904e-01   2.3905236e-01  -6.2931066e-02  -9.8851670e-05   4.5139373e-03   1.3293312e-02
   2.2232212e-01   3.0250730e-01  -1.3676800e-02   3.5744998e-04   4.3790925e-03   1.3232400e-02
   2.3340358e-01   2.5958252e-01  -5.4258349e-02  -7.5585612e-04   4.5757961e-03   1.3512062e-02
   2.2252697e-01   2.9515219e-01  -3.7643006e-02   6.3005298e-04   4.4975967e-03   1.3501933e-02
   2.4169298e-01   2.8840532e-01  -5.0681951e-02  -1.1266956e-03   4.8193262e-03   1.3313078e-02
   2.3492560e-01   2.8148597e-01  -7.4432492e-02   2.4853671e-04   4.7851275e-03   1.3528001e-02
   2.4025423e-01   3.0510224e-01  -8.3287574e-03  -1.1210748e-03   4.8542022e-03   1.3401570e-02
   2.1885662e-01   2.6926215e-01  -8.6817271e-02  -2.8875686e-04   4.6322574e-03   1.3411515e-02
   2.1790484e-01   3.1602858e-01  -9.2201844e-03  -1.2405867e-03   4.7364351e-03   1.3297528e-02
   2.0112881e-01   2.7120757e-01  -8.1019271e-02  -4.3270138e-04   4.6267283e-03   1.3419092e-02
   2.1522575e-01   2.9455381e-01  -4.5684868e-02  -1.7549672e-03   4.7844437e-03   1.3325548e-02
   2.0837904e-01   2.8301484e-01  -8.9990108e-02  -7.1619945e-04   4.7617419e-03   1.3395371e-02
   2.2141165e-01   3.0522077e-01  -3.9885823e-02  -1.9592791e-03   4.7092691e-03   1.3493629e-02
   2.2632956e-01   2.6599185e-01  -9.1145960e-02  -5.8863588e-04   4.8508200e-03   1.3700715e-02
   2.3651505e-01   3.1876088e-01  -1.9223839e-02  -1.4509782e-03   4.9887299e-03   1.3470717e-02
   2.4014735e-01   2.5719888e-01  -1.2654813e-01  -1.0538701e-03   5.1112846e-03   1.3463175e-02
   2.4720434e-01   3.3923418e-01  -1.2201678e-02  -1.5453156e-03   5.1384442e-03   1.3421261e-02
   2.4931039e-01   2.5410682e-01  -1.4234110e-01  -1.1581771e-03   5.3706577e-03   1.3527531e-02
   2.4488582e-01   3.4769904e-01  -3.1260737e-02  -1.5854742e-03   5.3345700e-03   1.3588622e-02
   2.4372390e-01   2.6640319e-01  -1.1064362e-01  -1.9612516e-03   5.4393255e-03   1.3594524e-02
   2.2609692e-01   3.3303388e-01  -4.1094878e-02  -1.2787229e-03   5.2098398e-03   1.3590203e-02
   2.2390706e-01   2.6415000e-01  -9.3072591e-02  -1.8359193e-03   4.9987968e-03   1.3685486e-02
   2.2447353e-01   3.2462894e-01  -2.2021266e-02  -1.5061106e-03   4.8788883e-03   1.3575856e-02
   2.3160419e-01   2.4203740e-01  -9.3821616e-02  -1.8162408e-03   5.0055715e-03   1.3701220e-02
   2.4414855e-01   3.4316856e-01  -1.1754327e-02  -1.6800472e-03   5.0067992e-03   1.3585159e-02
   2.5064563e-01   2.5328620e-01  -1.1929099e-01  -1.6679182e-03   5.2660783e-03   1.3720380e-02
   2.4799163e-01   3.5092955e-01  -1.9208713e-02  -1.6734029e-03   5.2261743e-03   1.3586109e-02
   2.4683166e-01   2.6322486e-01  -1.1282959e-01  -1.6584111e-03   5.3714995e-03   1.3714350e-02
   2.4317019e-01   3.4445069e-01  -9.7214140e-03  -1.6162080e-03   5.1496567e-03   1.3590653e-02
   2.2579999e-01   2.4355190e-01   3.7562926e-02  -1.3179829e-03   4.6147647e-03   1.3555671e-02
   2.5360795e-01   2.0993948e-01  -2.5960874e-01  -1.1585453e-03   5.6600240e-03   1.3435346e-02
   2.6254281e-01   3.1163374e-01  -9.4723170e-02  -2.2753168e-03   5.6979796e-03   1.3912096e-02
   2.5820916e-01   2.9221784e-01  -1.2419741e-01  -9.9407967e-04   5.5865991e-03   1.4121541e-02
   2.7462127e-01   3.2332588e-01  -4.7844988e-02  -2.3733574e-03   5.7050989e-03   1.4000688e-02
   2.6678955e-01   2.7605092e-01  -1.2561685e-01  -1.1209562e-03   5.7060766e-03   1.4138547e-02
   2.7208732e-01   3.0589693e-01  -7.2019220e-02  -2.3387323e-03   5.6747043e-03   1.3979068e-02
   2.6122960e-01   3.1793069e-01  -7.9832651e-02  -9.9838249e-04   5.6544442e-03   1.4031007e-02
   2.6628962e-01   3.0914547e-01  -7.7472727e-02  -2.1481447e-03   5.6861681e-03   1.4139390e-02
   2.5641348e-01   2.9715064e-01  -3.7791436e-02  -2.4987688e-03   5.4265828e-03   1.4236586e-02
   2.4381005e-01   2.7656849e-01  -8.9297380e-02  -1.3462797e-03   5.3607679e-03   1.3331103e-02
   2.5618325e-01   2.5112454e-01  -1.4297485e-01  -2.6291368e-03   5.6743198e-03   1.3598496e-02
   2.5348432e-01   3.1959806e-01  -4.9373822e-02  -1.8758847e-03   5.5906395e-03   1.3696272e-02
   2.5944556e-01   2.4248607e-01  -1.1076226e-01  -2.0678973e-03   5.6126208e-03   1.4020476e-02
   2.6410926e-01   3.3609286e-01  -2.7477023e-02  -2.3048742e-03   5.7810901e-03   1.3841080e-02
   2.6175478e-01   2.6082886e-01  -1.3895001e-01  -2.5533223e-03   5.7553614e-03   1.3898266e-02
   2.6040850e-01   3.5089730e-01  -7.5061037e-02  -1.4294480e-03   5.7855423e-03   1.3949595e-02
   2.6939392e-01   2.8222752e-01  -1.1259669e-01  -2.5778287e-03   5.8320224e-03   1.4083700e-02
   2.6268183e-01   3.1862524e-01  -6.9556115e-02  -1.8947266e-03   5.8507091e-03   1.4047252e-02
   2.7006844e-01   2.6423030e-01  -9.9523766e-02  -2.7388809e-03   5.8059533e-03   1.3944371e-02
   2.6678856e-01   3.1756096e-01  -4.2058682e-02  -2.2840062e-03   5.6476534e-03   1.3897524e-02
   2.7569958e-01   2.5477805e-01  -9.9737307e-02  -2.5442447e-03   5.9125707e-03   1.4074652e-02
   2.8425419e-01   3.2639686e-01  -5.0368726e-02  -1.4612294e-03   6.1295963e-03   1.4094623e-02
   2.8282683e-01   3.0370756e-01  -6.5914761e-02  -2.6690725e-03   6.3533336e-03   1.3961273e-02
   2.6056104e-01   3.1267494e-01  -8.9392792e-02  -1.0498304e-03   6.1092735e-03   1.3848902e-02
   2.7313811e-01   3.1437752e-01  -4.9616879e-02  -2.5152717e-03   6.1286346e-03   1.3844393e-02
   2.6151908e-01   2.7555649e-01  -1.1001291e-01  -1.5742037e-03   6.0649600e-03   1.3780141e-02
   2.2455831e-01   2.5127039e-01   4.5940583e-02  -3.7115600e-03   6.0100464e-03   1.3184874e-02
   2.5002141e-01   2.2115018e-01  -1.9242740e-01  -3.0455175e-03   6.7764098e-03   1.3441982e-02
   2.7102296e-01   3.0316600e-01  -8.3237593e-02  -3.9126222e-03   6.5888701e-03   1.3867575e-02
   2.6126955e-01   3.2752616e-01  -8.9516625e-02  -2.0153949e-03   6.6051798e-03   1.3836586e-02
   2.7352026e-01   3.1129527e-01  -7.8985605e-02  -3.9412002e-03   6.7116554e-03   1.3823965e-02
   2.6514930e-01   2.8437887e-01  -1.0634314e-01  -2.7287647e-03   6.5385779e-03   1.4031053e-02
   2.7565188e-01   3.2381608e-01  -3.2013280e-02  -3.5687439e-03   6.6755397e-03   1.3813445e-02
   2.6864842e-01   2.5345284e-01  -1.0117995e-01  -3.0200690e-03   6.4400851e-03   1.4026045e-02
   2.6906649e-01   3.4155116e-01  -9.4611184e-03  -3.5387615e-03   6.5435338e-03   1.3915315e-02
   2.7470974e-01   2.6398923e-01  -1.1763686e-01  -3.5613785e-03   6.7886135e-03   1.3984674e-02
   2.6540910e-01   3.4786485e-01  -3.8741609e-02  -3.0760345e-03   6.6210490e-03   1.4074482e-02
   2.8538919e-01   2.9428574e-01  -1.1319823e-01  -3.0450012e-03   6.9747189e-03   1.4081877e-02
   2.7107287e-01   3.2930406e-01  -5.3437754e-02  -2.9246618e-03   6.6660256e-03   1.4147186e-02
   2.8793285e-01   2.8534046e-01  -9.5055578e-02  -3.5194047e-03   7.0216076e-03   1.4142846e-02
   2.7458635e-01   3.4520820e-01   3.3759593e-01  -2.8690815e-03   6.0172567e-03   1.2403562e-02
   2.6023916e-01   1.5603673e-01  -2.6551925e-02  -5.9476727e-04   6.0152246e-03   1.3208794e-02
   2.6344000e-01   2.3152108e-01  -2.3868940e-02  -8.5418657e-04   6.7659836e-03   1.3451171e-02
   2.8219482e-01   2.9115495e-01   4.1419135e-02  -1.7971213e-03   7.2783439e-03   1.3701923e-02
   2.8402438e-01   2.6764489e-01  -6.1558243e-03  -1.0251497e-03   7.3849247e-03   1.3929354e-02
   2.8480837e-01   2.8489594e-01   1.0534848e-02  -1.0536340e-03   7.6692955e-03   1.3976908e-02
   2.8655792e-01   3.1338615e-01   4.0304796e-02  -6.6694583e-04   7.7431719e-03   1.4039986e-02
   2.9548342e-01   2.6815527e-01   4.1768332e-02  -1.7453813e-03   7.9296573e-03   1.3938522e-02
   2.8427501e-01   2.8431391e-01   7.4313620e-02  -1.0126624e-03   7.8518425e-03   1.4037436e-02
   2.8702549e-01   2.4022120e-01   4.7235781e-02  -1.6772915e-03   7.5884378e-03   1.3943697e-02
   2.8631320e-01   2.8816082e-01   1.0671015e-01  -8.4540564e-04   7.6052628e-03   1.3964869e-02
   2.9482092e-01   2.5305169e-01   7.1955804e-02  -1.7271229e-03   7.8377282e-03   1.3949992e-02
   2.8359697e-01   2.6988693e-01   3.4463429e-02  -1.3291438e-03   7.7963663e-03   1.4019760e-02
   2.8522432e-01   2.8911603e-01   6.6624691e-02  -2.1184035e-03   7.7027796e-03   1.3927890e-02
   2.8779888e-01   2.7193534e-01   2.5780622e-02  -1.1256175e-03   7.8131616e-03   1.4010057e-02
   2.9596022e-01   2.9382884e-01   1.1062375e-01  -1.8176057e-03   7.8721689e-03   1.3927138e-02
   2.9953520e-01   2.4656918e-01   5.5184103e-03  -1.6582438e-03   8.1509684e-03   1.4043265e-02
   3.0536720e-01   3.2764527e-01   1.1987876e-01  -1.1469748e-03   8.0810234e-03   1.4004753e-02
   3.0220642e-01   2.5754998e-01  -6.9964879e-03  -1.5067759e-03   8.0873029e-03   1.4121013e-02
   3.0762758e-01   3.2123173e-01   9.7873392e-02  -1.2405194e-03   8.0708463e-03   1.4080824e-02
   3.1440472e-01   2.5523494e-01   3.2725508e-02  -2.4199720e-03   8.3155684e-03   1.4307178e-02
   3.1586134e-01   2.8815622e-01   4.8568027e-02  -1.5875316e-03   8.3219991e-03   1.4330064e-02
   3.2862321e-01   2.8185303e-01   6.0818030e-02  -2.5564367e-03   8.5466647e-03   1.4637415e-02
   3.2444652e-01   2.8389301e-01   4.7973612e-02  -1.3840355e-03   8.7101828e-03   1.4665483e-02
   3.3546960e-01   3.2196035e-01   6.8606927e-02  -1.8136674e-03   8.5038309e-03   1.4575830e-02
   3.2560207e-01   2.5323059e-01   7.7964521e-03  -1.4417257e-03   8.6309826e-03   1.4682679e-02
   3.4234295e-01   2.9450361e-01   1.0639948e-01  -2.2910501e-03   8.7778568e-03   1.4702521e-02
   3.3485649e-01   2.4916119e-01  -3.6937140e-02  -1.4085634e-03   9.0503744e-03   1.4817094e-02
   3.3258904e-01   3.2833349e-01   7.4027039e-02  -2.1922127e-03   8.6634743e-03   1.4693304e-02
   3.3631094e-01   2.4698407e-01  -1.9812193e-02  -1.9773039e-03   8.8877078e-03   1.4959731e-02
   3.4298007e-01   3.1189009e-01   7.4266865e-02  -2.3850591e-03   9.1511545e-03   1.5025191e-02
   3.7849497e-01   2.7404602e-01   2.0707099e-02  -1.4658527e-03   9.3509397e-03   1.4567036e-02
