   0.0000000e+00   0.0000000e+00   0.0000000e+00   0.0000000e+00   0.0000000e+00   0.0000000e+00
   3.2807207e-02   1.5307708e-02   1.1222791e-01  -2.7518867e-04   4.0822688e-04  -1.9702732e-04
   1.0258087e-01  -3.0258229e-02  -1.4474917e-01  -5.3081510e-05  -1.5663266e-03   1.1977912e-03
   1.1696553e-01   1.0319510e-01  -1.2110739e-03  -1.2996363e-03  -1.4976318e-03   2.2533091e-04
   7.1231361e-02   6.3914381e-02   1.0881250e-01  -3.3819263e-05  -6.0719235e-04   8.3632345e-05
   4.2571026e-02   7.9652515e-03   8.0866625e-02  -9.0549940e-05  -3.8296833e-04  -3.9210445e-04
   3.4688501e-02   4.5575065e-02   6.6303178e-02   2.7762404e-04  -4.5297027e-04  -3.1571004e-04
   1.1347448e-02   5.5079305e-02   9.3540525e-02   4.8099146e-04  -8.8242640e-04  -7.1921625e-04
  -1.3423874e-03   6.0418585e-02  -1.4903271e-02   2.8786546e-04  -4.7673756e-04  -9.2843747e-04
  -9.8883378e-04   3.0135128e-02   1.2853115e-01   2.5912485e-04  -9.2496659e-04  -8.7380479e-04
  -7.9133357e-03  -1.8055508e-02   3.4389895e-02  -1.1209480e-04  -4.9948840e-04  -1.0611866e-03
  -5.1611663e-03  -3.6079480e-02   2.8359503e-01  -4.3884303e-04  -2.3803928e-03  -5.4531945e-04
   7.1047289e-02  -3.6261225e-02  -1.5719794e-01  -8.4467865e-04  -1.6685500e-03  -6.5876810e-04
   2.1719595e-02   7.2902392e-03  -1.5295984e-01  -1.7778954e-03  -1.7765966e-03  -7.5392649e-04
  -3.5556827e-03   3.0085269e-02  -8.8614705e-02  -3.3779171e-04  -1.8232440e-03  -7.8210207e-04
   1.9520168e-02  -5.6806718e-02  -6.9504252e-02  -1.4418137e-03  -1.3164809e-03  -5.4024906e-04
   4.2663965e-02   8.3603072e-03  -1.0252899e-01   2.6224950e-04  -6.8203539e-04  -6.9412907e-04
   4.8085981e-02  -3.4854931e-02  -4.1746036e-02  -1.2418827e-03  -7.7843304e-04  -4.8317133e-04
   3.2628244e-02  -2.8195364e-02  -1.0972490e-01  -5.0097681e-04  -5.0568550e-04  -4.1715129e-04
   3.9661160e-02   3.1023038e-02  -1.2308406e-02  -2.9237535e-04  -5.9731456e-04  -3.1129618e-04
   2.5363075e-02  -6.0282842e-02  -9.1877388e-02  -1.0744271e-03  -3.6395956e-04  -6.9013595e-04
   8.9663097e-03   2.6510469e-02  -4.9037073e-02  -1.4421851e-04  -6.1203731e-04  -3.1095750e-04
   1.4348418e-02  -5.5211471e-02  -9.6714525e-02  -1.1178675e-03  -3.4790393e-04  -7.6915789e-04
  -3.8157858e-02   1.8941213e-02  -1.0536028e-01   1.4340756e-04  -7.4861167e-04  -6.3529031e-04
  -3.3738462e-02  -2.9712314e-03  -6.7623646e-02  -6.5713342e-04  -5.1047701e-04  -2.8891390e-04
  -7.3725690e-03   2.5750599e-02  -1.1524629e-01  -1.8019555e-04  -3.6378066e-04  -3.5266218e-04
  -2.9286384e-03  -4.0755494e-02  -4.8464139e-02  -1.1662930e-03  -3.1846885e-04  -3.3017910e-04
  -1.6657763e-03  -1.2492124e-02  -7.6191953e-02  -3.8163117e-04  -2.4193928e-04  -6.6152144e-04
  -3.7093182e-03  -2.1411332e-02  -2.2988860e-02  -2.3719747e-04  -5.1205213e-04  -5.8145080e-04
   2.1490551e-02   2.8055067e-02  -1.2203292e-01  -3.3131817e-06  -1.3041633e-03  -1.0068094e-03
  -5.6191599e-02   5.9440731e-02  -8.7238065e-02   2.4002978e-03  -3.6587339e-03  -6.3075829e-04
   8.6601376e-02   5.2576621e-02  -4.0139342e-01   3.0793250e-03  -1.8909600e-03   1.8235234e-04
   1.5662397e-02   7.5980783e-02  -1.6019092e-01   1.7432198e-03  -2.1133051e-03   2.0039796e-04
   2.9329335e-02   9.4120513e-02  -1.1898756e-01   2.6874311e-03  -1.9953659e-03  -2.2738989e-04
   8.0974894e-03   2.4683568e-02  -1.1133519e-01   1.3017646e-03  -1.7884271e-03  -6.4266170e-05
   1.4777883e-02   6.4396226e-02  -1.4830776e-01   2.0314500e-03  -1.5507994e-03  -1.5378786e-04
   8.4290563e-03   4.6731100e-02  -5.4400332e-02   2.0334476e-03  -1.3661834e-03   1.2591891e-04
   1.6664761e-02   3.8673967e-02  -1.2099293e-01   2.5941863e-03  -9.8835807e-04   2.7125980e-04
   2.7712339e-02   4.0965329e-02  -6.5494852e-02   1.7335027e-03  -9.0939648e-04   1.8398022e-04
   1.6581835e-02   2.0039258e-02  -1.6959665e-01   2.0701784e-03  -6.2537633e-04   9.2159674e-05
   2.2046296e-02   8.3051935e-02  -6.5844508e-02   2.3333078e-03  -8.4452711e-04  -2.1209729e-05
   2.3395352e-02   1.4132576e-02  -1.4343225e-01   2.3811317e-03  -3.0651728e-04   6.7850683e-05
  -1.0501395e-02   1.6305104e-01  -6.7674902e-02   4.3619588e-03  -1.0767348e-03  -2.0236084e-04
   1.6852668e-02   5.9583494e-02  -1.4017966e-01   2.9108209e-03  -4.8334548e-04  -3.9174224e-04
   4.1391065e-02   1.1590534e-01  -4.6275191e-02   3.2089566e-03  -4.9716177e-04  -1.1947148e-04
   4.3856347e-02   1.0741975e-02  -8.4566474e-02   2.9090791e-03  -1.3116363e-04  -2.0212085e-04
   4.6180564e-02   1.3818654e-01  -7.1096735e-02   3.7479535e-03  -1.1084944e-03   1.5901035e-05
  -1.6615969e-01   1.6366372e-01   2.0210793e-01  -8.2383467e-03  -7.1378290e-03   2.6015029e-03
  -4.6860093e-02   2.2220261e-01   8.0892833e-02  -8.5396153e-04  -3.8712174e-03   3.8102965e-04
  -7.9724455e-02   1.0371269e-01  -9.4365579e-02  -2.7146392e-03  -3.2638157e-03   8.8793889e-04
  -7.1786338e-02   1.5989395e-01   7.8658082e-03  -8.9776324e-04  -3.8219009e-03   3.3713354e-04
  -7.9002076e-02   7.0125663e-02   5.5227053e-02  -1.8557918e-03  -3.4344358e-03   3.8139553e-04
  -5.4023197e-02   1.3261049e-01   1.0729661e-01  -7.5682787e-04  -2.9223869e-03   1.8288201e-04
  -5.2425985e-02   6.0091495e-02   1.1175634e-01  -1.0629442e-03  -2.7566915e-03   6.8692655e-04
  -3.9957579e-02   7.6714941e-02   3.2906393e-02  -5.6768720e-04  -1.8164514e-03   6.3339748e-04
  -5.7285109e-02   7.5267297e-02   1.4451668e-01  -1.1694659e-03  -2.3180136e-03   6.0869885e-04
  -4.4961313e-02   3.1044087e-02   5.7021900e-02  -9.9667012e-04  -2.1753576e-03   6.7345428e-04
  -3.6390626e-02   6.6831136e-02   1.6240341e-01  -3.4158951e-04  -2.3590076e-03   6.7498547e-04
  -5.0623806e-02  -1.2938724e-02   6.4583017e-02  -8.6769116e-04  -2.1799937e-03   7.8389497e-04
  -2.5801391e-02   9.1964356e-02   1.9150342e-01  -3.2680344e-04  -2.1233317e-03   1.1332504e-03
  -4.4557112e-02   6.2123897e-03   8.1907670e-02  -4.1062211e-04  -2.0552323e-03   1.2275390e-03
  -3.0215869e-02   8.2987520e-02   1.7940634e-01  -3.1997448e-04  -1.9540095e-03   1.1129852e-03
  -1.7869885e-02   3.3580712e-03   9.0984960e-02  -2.3507286e-04  -2.0038553e-03   1.5767309e-03
  -1.8311507e-05  -4.6306813e-02   6.3588555e-01  -3.7491965e-03  -2.4735060e-03   4.4990711e-03
   8.4608917e-02  -1.8585515e-01  -6.1051587e-03  -3.2557427e-04  -1.4919705e-03   3.6904654e-03
  -5.8063472e-03   5.8535168e-02   6.3943106e-03  -4.6122895e-04  -2.3566504e-03   2.2300486e-03
   2.5954869e-02   7.3338591e-02   2.3942440e-02  -1.0563337e-04  -1.6364749e-03   1.9359844e-03
   3.0720720e-02   7.8969991e-02   1.0947958e-01   4.1859088e-04  -1.5713410e-03   2.0748910e-03
   4.1727277e-02   1.8113949e-02   5.5024552e-02  -2.9034379e-04  -8.3841614e-04   2.0928911e-03
   9.2139289e-02   2.8693648e-02   1.6191069e-01  -2.8184766e-04  -4.7689981e-04   2.1541803e-03
   6.2132956e-02  -2.9403299e-02   8.3243634e-02  -3.7040030e-04  -3.0453725e-04   1.9453711e-03
   7.6644868e-02   4.0761365e-02   1.9542552e-01  -6.7593373e-05  -3.0430568e-04   1.9119326e-03
   6.6338919e-02  -4.1819209e-02   6.9376449e-02  -5.1596588e-04  -2.1264481e-05   1.8194715e-03
   6.8670941e-02   1.8668853e-02   2.0554932e-01  -2.7202896e-04  -4.0763807e-05   1.9521191e-03
   5.6653624e-02  -6.1440473e-02   1.1373942e-01  -5.9834570e-04  -1.1694500e-04   1.8263930e-03
   5.9267848e-02   4.7649478e-02   1.9820751e-01   6.1231913e-04  -5.1088376e-04   1.8369930e-03
   5.7048248e-03   1.2510539e-02   2.2631027e-01   5.8003616e-04  -2.9857832e-03   3.1080579e-03
   1.0784998e-01  -3.9028183e-02  -2.7358393e-01   3.2283902e-03  -5.9856225e-04   2.9640061e-03
   9.3362577e-02   3.1024971e-02   1.2607275e-02  -3.2289543e-04  -1.0810361e-03   2.4946877e-03
   3.6923772e-02   1.1988225e-01   2.0640279e-01   1.0031580e-03  -2.0485306e-03   2.5320983e-03
   7.7649282e-02   4.9604280e-04   9.7578648e-02   1.9461431e-04  -7.4637578e-04   2.5378041e-03
   7.5667327e-02   8.0320311e-02   2.0352974e-01   1.0732695e-03  -9.8528597e-04   2.5537583e-03
   1.0093883e-01  -2.6092133e-02   1.3364114e-01  -8.9782962e-05  -5.5696654e-04   2.6393065e-03
   1.0457593e-01   4.9776832e-02   1.4701333e-01   8.5506683e-04  -3.9643598e-04   2.3373249e-03
   7.4318819e-02   1.6335241e-02   1.6422543e-01   3.4775875e-04  -6.7171802e-04   2.3926821e-03
   9.8768953e-02   3.0894985e-02   1.2555270e-01   6.2733447e-04   1.5115627e-05   2.1852333e-03
   7.7172083e-02   2.9963147e-02   2.1468399e-01   4.8065521e-04  -5.3196575e-04   2.3294435e-03
  -1.2396018e-02   1.3017485e-01   3.4095877e-02  -7.3677941e-04  -7.6525112e-04   1.1631208e-03
   7.0854274e-02   2.8995210e-01   6.2239818e-01   4.4123365e-04  -1.7950289e-03   1.8008937e-03
   8.6460639e-02  -2.2063149e-01   4.3291904e-01  -5.5629387e-03   2.9403260e-04   3.3357926e-03
   8.7264798e-02  -8.3372734e-02   9.8868867e-01  -4.2602767e-05  -2.2066649e-03   3.8967143e-03
   9.8618836e-02  -2.1771955e-02   2.9695318e-01   3.4077921e-04  -1.6577553e-03   2.4146367e-03
   8.2929611e-02   5.2762847e-02   2.6158225e-01   6.7108482e-04  -1.3095333e-03   1.2870178e-03
   6.1887200e-02   1.9003997e-01   4.0445105e-01   1.8578544e-03  -1.7392890e-03   7.2873239e-04
   7.2994976e-02   1.0890210e-01   2.5975858e-01   1.0837188e-03  -8.7633268e-04   8.6860184e-04
   8.9742076e-02   1.4994691e-01   2.6673316e-01   4.3211894e-03  -7.2143454e-04   6.1086411e-04
   1.0250616e-01   1.8088537e-01   1.0788587e-01   2.0809969e-03   3.6343995e-04   1.0387235e-03
   1.2124484e-01   1.5699221e-01   3.4242639e-01   2.1599058e-03  -1.6401642e-04   1.4300805e-03
   1.0505751e-01   6.9872057e-02   2.0191714e-01   1.5938722e-03  -1.1416733e-05   1.2875256e-03
   1.1549837e-01   1.4144222e-01   3.5225102e-01   1.3771836e-03  -5.8328682e-04   1.5156610e-03
   1.0774557e-01  -2.2313094e-02   2.2568843e-01   6.4116167e-04  -5.0119125e-04   1.1714881e-03
   9.8284362e-02   1.0376073e-01   3.1797915e-01   2.0894550e-03  -9.3866183e-04   1.2819008e-03
   9.6697703e-02  -1.7589300e-02   2.5293065e-01   6.2905746e-04  -6.5616495e-04   1.0869213e-03
   1.0650639e-01   5.3216815e-02   2.8494876e-01   1.2050507e-03  -5.8603012e-04   1.2987074e-03
   8.7377457e-02  -2.7203883e-02   2.5828709e-01   3.3528749e-04  -6.5012090e-04   1.0307435e-03
   8.2470097e-02   5.7741647e-02   2.6403248e-01   1.3077016e-03  -7.0468001e-04   1.0655726e-03
   5.9507370e-02   8.5605488e-03   2.8512210e-01   4.4219412e-04  -9.6617556e-04   9.8437098e-04
   7.2023111e-02   5.1292247e-02   2.4177535e-01   1.5711122e-03  -8.7375725e-04   1.0703779e-03
  -2.8206788e-02  -1.5576295e-01   3.0439666e-01  -6.6069525e-03  -4.4783648e-03   5.1749851e-05
  -5.5122559e-03   8.6121909e-02   4.2738297e-01  -8.0113008e-04  -4.5342321e-03   6.8979384e-04
  -1.1222015e-02   3.5480126e-02   3.2038539e-01  -7.4585170e-04  -3.3700956e-03   9.2621871e-04
   3.3478033e-02   6.4545663e-02   2.7078000e-01   8.3313464e-04  -3.1162701e-03   1.0460020e-03
   1.8953888e-02   2.0085177e-02   2.3113219e-01   5.7283375e-04  -2.9675552e-03   1.0177109e-03
   2.5308907e-02   8.6812508e-02   3.2770214e-01   3.0143715e-04  -3.0944556e-03   1.0357089e-03
   6.0508980e-02  -1.1449048e-01   2.8620224e-01  -5.1925592e-04  -1.7444393e-03   1.8449501e-03
   6.4408280e-02   5.9845394e-02   2.7347784e-01   1.4418771e-03  -1.9892981e-03   1.9061207e-03
   2.1689046e-02   2.0290786e-01   3.7581454e-01  -4.3911697e-04  -2.3693431e-03   1.3716421e-03
   3.5864313e-02   1.8009821e-01   4.0907147e-01   7.0402805e-04  -2.4022574e-03   1.2379032e-03
   5.6456103e-02   7.1112139e-02   4.3926713e-01   3.2185152e-04  -1.7367742e-03   1.4026895e-03
   8.1725552e-02   1.0169475e-01   4.2958377e-01   5.8995459e-04  -1.5350350e-03   1.3410598e-03
   8.6789349e-02   2.9650491e-02   4.7611827e-01  -2.0452373e-04  -1.3137359e-03   1.4009968e-03
   8.4870789e-02   6.7558628e-02   4.3036377e-01   5.3948746e-04  -1.1830151e-03   1.4210886e-03
   6.7198180e-02   3.0804278e-02   4.9030990e-01  -5.9500268e-04  -1.3332069e-03   1.1595553e-03
   4.8518805e-02   3.8414162e-02   4.1871517e-01   5.7444062e-04  -1.0874165e-03   9.8154402e-04
   3.8056248e-02   3.6895098e-02   5.3619896e-01  -7.7287641e-05  -1.5751403e-03   9.3255713e-04
   4.8864701e-02   6.9885734e-02   4.3027922e-01   5.4761319e-04  -1.8899227e-03   1.7033810e-03
   6.9141569e-02  -5.1454046e-03   4.7737591e-01  -5.2392468e-04  -1.3765512e-03   1.6881583e-03
   6.9756760e-02   6.0006066e-02   4.8371426e-01   6.1526768e-04  -1.2538814e-03   1.4197899e-03
   6.3973946e-02   1.9359599e-02   5.5533379e-01  -4.6841651e-04  -1.1695369e-03   9.3051025e-04
   5.7200277e-02   1.6289527e-02   4.6092715e-01  -6.0143470e-05  -1.3441712e-03   8.9106993e-04
   3.2241457e-02   2.8485719e-02   5.4294143e-01   1.4264628e-04  -1.9951606e-03   7.0476786e-04
   4.3153568e-02   7.7228776e-02   3.2670950e-01   2.3558258e-04  -2.4015408e-03   3.5885357e-04
   1.7952578e-01   7.2606455e-02   7.1780000e-02   2.4818788e-03  -1.7596642e-03   2.8591057e-03
   1.2898025e-01   3.1195893e-01   4.1357322e-01   1.0600971e-03  -2.6021950e-03   1.6524352e-03
   1.2718227e-01   1.2837458e-01   3.3237567e-01   3.4210245e-04  -2.0872729e-03   1.2632590e-03
   1.0381588e-01   2.0366868e-01   4.0138142e-01   1.6209812e-03  -2.1184933e-03   1.2082808e-03
   9.3742756e-02   1.2434598e-01   4.1298923e-01   5.7797878e-04  -2.1872806e-03   1.0070820e-03
   1.0258052e-01   1.5316848e-01   3.8862224e-01   1.5950288e-03  -1.7142188e-03   1.1076963e-03
   1.1538910e-01   3.7141579e-02   4.2772447e-01  -6.7598421e-04  -2.1296702e-03   1.5345248e-03
   9.4877545e-02   5.6803801e-03   3.3121918e-01  -8.9828664e-05  -1.1641879e-03   1.6246457e-03
   6.5826668e-02   1.6553829e-01   5.3337742e-01   1.7400665e-04  -2.6546945e-03   1.5704416e-03
   6.9809854e-02   1.8670653e-02   4.3361720e-01  -8.3330964e-04  -2.0493241e-03   1.2446986e-03
   6.4090181e-02   1.3122446e-01   4.7318460e-01   9.1536414e-04  -2.1278079e-03   1.0612101e-03
   6.5809388e-02   2.1592382e-02   4.6043406e-01  -4.9303586e-04  -1.7255809e-03   1.3295203e-03
   7.6313129e-02   1.2718650e-01   4.8556791e-01   1.2948007e-03  -1.3349402e-03   1.1354154e-03
   6.8202059e-02   4.5486912e-02   5.0243779e-01  -6.3655298e-04  -1.3888313e-03   1.0893849e-03
   7.3656945e-02   8.5710060e-02   4.6348308e-01   5.1188173e-04  -1.0511940e-03   1.1239533e-03
   5.6237657e-02   4.8285721e-02   6.0733868e-01  -1.2200235e-03  -1.7168668e-03   9.9396432e-04
   8.8517795e-02   9.4895309e-02   4.8047490e-01   1.6762288e-04  -1.5651345e-03   1.2657628e-03
   7.3729579e-02  -1.2188876e-02   5.3540480e-01  -2.4968713e-03  -1.2220149e-03   1.3181521e-03
   6.7189663e-02   1.3095938e-01   7.4978259e-01  -3.2258694e-03  -2.4642180e-03   1.4011174e-03
   4.8604787e-02   2.9967750e-02   5.1078517e-01   2.1978991e-03  -1.9776186e-03   2.4839750e-03
   1.2793852e-02   2.5288331e-01   5.1701449e-01  -8.5038288e-04  -2.4055122e-03   1.7467043e-03
   6.3698809e-02   2.0734637e-01   6.7177694e-01   1.7443440e-04  -1.8069266e-03   1.6233481e-03
   1.7580379e-02   9.2863986e-02   6.2063689e-01  -4.8422477e-04  -1.8514280e-03   1.2543253e-03
   1.3285418e-02   1.9307456e-01   6.8695863e-01  -1.9186628e-04  -2.3190233e-03   1.2810320e-03
  -7.3943712e-03   2.2838106e-02   6.0144292e-01  -1.2976682e-03  -2.2469063e-03   1.2214148e-03
  -8.9473937e-03   1.2292730e-01   6.7833348e-01  -7.7534751e-04  -2.4220150e-03   1.1796764e-03
  -7.1113452e-04   1.0568795e-02   5.9758840e-01  -2.8430783e-03  -2.8159273e-03   1.1601828e-03
   5.4657769e-03   1.8282350e-01   6.7416853e-01  -4.5750048e-04  -3.5925163e-03   1.8479650e-03
   1.5031778e-02   4.5807805e-02   6.4469838e-01   1.0693175e-04  -2.9104889e-03   1.1458686e-03
   2.4132566e-02   1.1107478e-01   6.6095101e-01   7.1699896e-04  -2.7711217e-03   1.3449574e-03
   1.0810547e-02  -1.1095112e-01   7.9941304e-01  -3.6900994e-03  -3.6443577e-03   1.7588963e-03
   5.0957202e-01   5.4166805e-02   7.0259803e-01  -9.4870236e-03  -3.4181125e-03   2.6185879e-03
   3.5540350e-01   1.0988944e-01   5.0905826e-01  -7.3166153e-03  -3.3715976e-03   2.4307577e-03
   3.4886045e-01   1.0428984e-01   5.7835735e-01  -6.5262709e-03  -3.0198276e-03   2.1254933e-03
   3.2488200e-01   4.9722946e-02   6.8568964e-01  -7.2565612e-03  -2.7763654e-03   2.1925415e-03
   3.1939112e-01   5.0097855e-02   6.2724409e-01  -5.6906690e-03  -2.1027067e-03   2.3028763e-03
   2.2416690e-01   9.4847922e-02   7.6387996e-01  -6.4505307e-03  -3.2525861e-03   1.8276974e-03
   2.2796966e-01   5.2024903e-02   6.6819130e-01  -5.2929339e-03  -2.9936700e-03   1.8985890e-03
   1.9449794e-01   5.8987743e-02   7.7965586e-01  -5.3573831e-03  -3.3044685e-03   1.6372428e-03
   1.9665201e-01   6.7484691e-02   7.0331056e-01  -4.5117422e-03  -2.7093602e-03   1.6403822e-03
   5.4324381e-02  -6.6521166e-02   9.0526041e-01  -1.0221110e-02  -5.3441385e-03   9.0135885e-04
   1.1254924e-01   1.7313658e-02   7.0062494e-01  -3.0604099e-03  -4.5414106e-03   2.3062111e-03
   6.1576708e-02   6.1146175e-03   7.1535102e-01  -3.8909578e-03  -4.6810845e-03   6.7577935e-04
   6.1499995e-02   1.0601267e-01   7.0916712e-01  -2.4294824e-03  -4.3125880e-03   3.2492707e-04
   2.4186975e-02   4.4651111e-02   7.7073347e-01  -3.5860661e-03  -4.7509997e-03   3.0885167e-04
   3.2832274e-02   5.8831890e-02   7.3327447e-01  -2.6065008e-03  -4.2932327e-03   2.3861248e-04
   3.4301198e-02   3.9682972e-02   7.9498461e-01  -2.8467140e-03  -4.3928571e-03   3.3594826e-04
   5.2535074e-02   4.3943512e-02   6.7878880e-01  -2.1447542e-03  -3.6462064e-03   5.3867199e-04
   3.5181344e-02   1.3227436e-01   7.6762975e-01  -2.2964380e-03  -4.4666406e-03   4.5083055e-04
   4.5908578e-02   8.3594835e-02   6.6742890e-01  -2.5238821e-03  -4.5029571e-03   4.8866091e-05
   5.5908587e-02   1.2286026e-01   7.6592458e-01  -2.2125769e-03  -4.3865108e-03   5.8070566e-04
   4.7409727e-02   9.5094157e-03   7.4785712e-01  -3.0059687e-03  -4.0197401e-03   4.3039358e-04
   7.8314248e-02   8.4489326e-02   7.7915084e-01  -2.1866639e-03  -3.3121277e-03   3.3752891e-04
   4.1931373e-02   2.2149583e-02   7.8378682e-01  -3.1306475e-03  -3.3657910e-03   5.8881382e-04
   6.6765469e-02   9.6026526e-02   8.0492375e-01  -2.2485786e-03  -3.1767758e-03   8.2060794e-04
   7.6150936e-02  -1.1367819e-02   6.0624803e-01  -2.5375925e-03  -4.1719578e-03   6.9236664e-04
   9.7089195e-02   4.6792527e-02   5.8698782e-01  -2.8916508e-03  -3.0780819e-03   3.8874407e-04
   3.6530632e-02   5.5992771e-02   8.5158319e-01  -3.0640755e-03  -3.6488616e-03   5.2506198e-04
   4.3591753e-02   2.8375875e-02   7.6643370e-01  -2.9714151e-03  -3.4783675e-03   3.8344012e-04
   2.5414495e-02   8.5056665e-02   8.8978301e-01  -2.2977551e-03  -3.7920456e-03   2.6900920e-04
   3.5041622e-02  -3.7388259e-02   7.7480477e-01  -4.6424819e-03  -4.1307113e-03   2.4677853e-04
   4.6776348e-02   1.8701934e-01   8.2922574e-01  -1.6593890e-03  -4.8026199e-03   3.3669159e-04
  -2.6196026e-03   6.6977948e-02   6.4907111e-01  -1.2555877e-03  -4.5388242e-03   1.1438279e-04
   4.5386103e-02   1.2785318e-01   7.2396386e-01  -2.6157370e-04  -4.0805684e-03   3.3724784e-04
   3.6922243e-02   1.5536635e-02   7.7576967e-01  -1.5348204e-03  -4.4949929e-03   4.9368967e-04
   6.1554789e-02   9.8492818e-02   7.3976629e-01  -1.4652799e-03  -4.0681504e-03   3.2175237e-04
  -2.4872131e-02   1.2526298e-01   7.2090638e-01  -1.3452254e-03  -5.4209169e-03   7.5042664e-04
   2.5951486e-02   7.9098674e-02   6.4920149e-01  -1.2494223e-03  -4.4374826e-03   5.1526104e-04
   4.1094240e-02   9.4540710e-02   7.3654073e-01  -1.3229132e-03  -5.0560803e-03   2.0149985e-04
   3.3213184e-02   6.8369733e-02   6.6225739e-01  -1.5106085e-03  -4.6421556e-03   1.5986835e-04
   2.7423354e-02   1.1401133e-01   8.0504967e-01  -1.2208697e-03  -4.8474367e-03   1.9446743e-04
   7.0616883e-02   1.1516113e-02   6.2421861e-01  -3.0439958e-03  -5.1291637e-03   3.2863979e-04
   6.7550399e-02   2.7059093e-01   9.4378438e-01  -2.4833491e-03  -8.0869780e-03  -6.9678764e-04
   5.9651769e-03   4.8138809e-02   4.7846247e-01  -1.7468809e-04  -4.7970022e-03   1.1668681e-04
  -9.7537541e-03   4.1117635e-01   7.9386841e-01  -2.0088095e-03  -6.2521103e-03   2.4731132e-04
   8.9757623e-02   2.0158550e-01   5.6508138e-01  -2.2907356e-03  -4.9184421e-03   2.7470454e-04
   7.7961500e-02   2.7052075e-01   7.6875423e-01  -1.7658493e-03  -5.5107093e-03  -9.4600093e-05
   7.7073592e-02   9.9622860e-02   7.1541184e-01  -2.6624764e-03  -5.0151685e-03  -1.0988403e-04
   1.0927110e-01   1.8274732e-01   7.6219038e-01  -1.6263646e-03  -4.3507349e-03  -1.2750558e-04
   1.0977487e-01   7.3556767e-02   7.3518601e-01  -2.7910533e-03  -4.0141079e-03  -1.6159815e-04
   1.1026995e-01   1.3800315e-01   7.3816080e-01  -1.8853416e-03  -3.5359042e-03  -6.5878122e-04
   1.0888956e-01   6.0387775e-02   7.9005913e-01  -2.7296401e-03  -3.5256343e-03  -5.7094992e-04
   7.6096628e-02   3.3012858e-02   7.0410265e-01  -2.3274007e-03  -3.2761511e-03  -6.0138036e-04
   8.5843449e-02   9.2450661e-02   7.8139135e-01  -1.6148402e-03  -3.3434450e-03  -1.1305849e-03
   6.8542518e-02   4.7125806e-02   8.0969416e-01  -2.6951650e-03  -3.6059430e-03  -1.0609945e-03
   8.6767625e-02   7.0506457e-02   7.9352532e-01  -1.6873674e-03  -3.3619081e-03  -9.4458886e-04
   6.2707317e-02   3.9349765e-02   8.0971340e-01  -2.1251896e-03  -3.6863583e-03  -1.0018531e-03
   4.7533967e-02   4.9656458e-02   7.7007201e-01  -1.9231081e-03  -3.4573856e-03  -9.0570509e-04
   4.4580661e-02   4.6047684e-02   8.5485353e-01  -2.4485225e-03  -3.5830297e-03  -6.6547959e-04
   5.0638602e-02   3.1643668e-02   7.6874392e-01  -1.9256992e-03  -3.0757225e-03  -6.2767808e-04
   5.3926314e-02   6.2599900e-02   8.7075730e-01  -2.1865915e-03  -3.2844863e-03  -3.5735077e-04
   4.5783675e-02  -5.5691118e-02   7.1716987e-01  -1.2171244e-03  -2.8135329e-03  -5.2536292e-04
   3.2316808e-02   1.6270160e-02   5.7828586e-01  -2.6473732e-04  -2.5121222e-03  -1.1237071e-03
   1.5004857e-01   3.2474023e-01   2.9997805e-01  -1.7272430e-03  -4.9807313e-03  -1.3880605e-03
  -2.8636490e-02  -7.6220015e-02   5.4451553e-01  -7.0441300e-03  -6.1976822e-03   3.3622085e-03
   1.1178404e-01  -1.0664174e-01   2.9072598e-01  -4.0373165e-03  -5.5994514e-03  -1.3910739e-03
   9.0095823e-02   1.6011690e-01   5.9671452e-01  -4.3328963e-03  -4.9691945e-03  -6.9534420e-04
   1.0307363e-01  -5.0226981e-02   4.1884095e-01  -2.5244757e-03  -4.5321369e-03  -9.6826021e-04
   1.1694852e-01   7.1394084e-02   1.7434751e-01  -6.5344158e-06  -3.7841932e-03   6.3892436e-04
   9.6568967e-02   2.6939970e-01   3.5191551e-01   1.0141193e-03  -4.9235190e-03   6.7609302e-04
   9.5011307e-02   2.8373157e-01   6.0538173e-01  -1.5464688e-04  -5.7811583e-03   8.4801161e-04
   1.1231407e-01   1.3016004e-01   5.2916135e-01  -1.7015862e-04  -4.4438612e-03   4.4234215e-04
   1.5739013e-01   9.6566115e-02   6.5694994e-01  -1.3628690e-03  -4.1595921e-03   8.2376374e-04
   1.3925698e-01   6.8579516e-02   5.5496829e-01  -8.4018223e-04  -3.6088430e-03   1.0245823e-04
   1.3281143e-01   5.8849537e-02   7.0450745e-01  -1.8718396e-03  -4.2341280e-03   1.1936816e-03
   1.3738712e-01   4.2614327e-02   6.1159869e-01  -1.4405143e-03  -3.5321283e-03   5.5285160e-04
   1.1120316e-01   6.7110263e-02   6.9751484e-01  -9.8473056e-04  -4.4463314e-03   9.8657258e-04
   1.0448297e-01   2.8549300e-02   6.2123380e-01  -5.1308917e-04  -3.6364823e-03   8.2454743e-04
   1.1893097e-01   2.1261958e-02   5.3640453e-01  -1.3767693e-03  -2.9365716e-03   1.4483736e-03
   1.2308549e-01   2.2355706e-02   5.5664077e-01  -1.3907170e-03  -2.6790890e-03   1.4064170e-03
   1.0023998e-01   4.5978611e-02   7.1680660e-01  -1.6775471e-03  -3.7278398e-03   7.6691016e-04
   1.5339613e-01  -5.2610112e-02   4.8250671e-01   6.1089773e-04  -3.6537994e-03   2.5697343e-03
   7.9893601e-02   6.3955291e-02   6.9628350e-01  -2.1208906e-03  -4.2260886e-03   1.6460522e-03
   9.5767303e-02   1.6091603e-03   7.5442942e-01  -1.7434456e-03  -4.2025453e-03   1.5293722e-03
   9.6908461e-02  -1.3038218e-01   7.2301903e-01  -3.0190043e-03  -3.9036149e-03   1.7159727e-03
   1.1982873e-01  -4.8638965e-02   7.5043801e-01  -1.9892584e-03  -3.6300570e-03   1.9272358e-03
   1.0342712e-01  -1.7007112e-01   7.1093143e-01  -3.1440756e-03  -4.1154981e-03   1.9136994e-03
   1.0966069e-01   4.5923749e-02   7.2277345e-01  -1.4160018e-03  -5.1134221e-03   2.2857180e-03
   1.5862318e-01  -1.2442520e-01   5.7623400e-01  -3.2510174e-03  -3.6442657e-03   1.6401459e-03
   1.1545834e-01   2.1916417e-02   7.1262315e-01  -4.6360453e-04  -3.8936043e-03   2.1670277e-03
   1.2457718e-01  -1.2220774e-01   6.7786002e-01  -2.0278242e-03  -3.6243434e-03   2.2154898e-03
   1.3023491e-01  -7.3206393e-02   7.1947146e-01  -1.5379001e-03  -3.4903300e-03   2.0137841e-03
   1.3951166e-01  -1.2036269e-01   7.3272490e-01  -2.1885063e-03  -2.7621886e-03   2.0142609e-03
   1.3722552e-01  -5.8597271e-02   6.5707230e-01  -1.3018592e-03  -2.7074311e-03   2.1985399e-03
   1.6071052e-01  -3.2625660e-02   5.4218459e-01  -2.7190224e-03  -3.5772424e-03   2.3126248e-03
   1.7194123e-01   8.6600427e-02   7.7704815e-01  -1.7918793e-03  -3.5419092e-03   2.9106795e-03
   1.1179734e-01   6.2341124e-02   7.5869387e-01  -3.5643198e-03  -4.1879870e-03   2.8744217e-03
   1.0968747e-01   6.2176921e-02   8.0629543e-01   5.2701845e-04  -4.4688879e-03   2.6276542e-03
   1.0436280e-01   7.6880759e-02   7.2542789e-01  -1.3253644e-03  -4.1029726e-03   1.9780473e-03
   1.2588696e-01   1.1242751e-02   9.0773559e-01  -2.0302156e-03  -4.2447377e-03   2.1039024e-03
   1.0911202e-01  -6.7762713e-02   7.9539464e-01  -1.7277518e-03  -3.5687505e-03   1.8514553e-03
   7.6814046e-02   1.3820984e-02   9.4939830e-01  -1.0433012e-03  -4.2698030e-03   1.6922095e-03
   7.2794004e-02  -2.5963254e-02   8.7554558e-01  -1.5377249e-03  -4.0917869e-03   1.9392427e-03
   6.6316239e-02   1.7943017e-02   8.9118286e-01  -8.9912174e-04  -4.4880490e-03   1.1165665e-03
   3.0803765e-02   8.4250694e-02   8.8492533e-01  -1.0874372e-03  -4.5801821e-03   8.2660175e-04
   9.8936397e-03   1.5223009e-01   9.4416377e-01  -8.6036364e-05  -5.3066754e-03   7.7817320e-04
   2.2952097e-02   4.8425841e-02   9.1633237e-01  -1.7589284e-03  -4.4237531e-03   9.6690538e-04
   7.1729683e-02   6.0478680e-02   9.5294455e-01  -9.5054869e-04  -4.2939034e-03   1.1085808e-03
   7.8534248e-02  -1.9109088e-02   9.8237276e-01  -2.0436929e-03  -3.9423440e-03   1.3494452e-03
   8.4758737e-02   5.0971852e-02   8.9282060e-01  -3.4005463e-03  -4.6577378e-03   1.5578086e-03
   5.7066499e-02   3.5785681e-01   9.7881419e-01  -6.5243789e-03  -6.4240664e-03   3.5911169e-04
   6.1712066e-02   1.4652926e-01   3.9625080e-01  -4.9617182e-03  -3.5447844e-03   1.4062373e-03
   9.7944264e-02   1.9318186e-01   8.1285390e-01  -5.5159395e-03  -3.9249481e-03   1.3344655e-03
   1.3566066e-01   9.9486936e-02   7.6096548e-01  -5.0802267e-03  -2.8018089e-03   8.1381641e-04
   1.2354851e-01   1.5590365e-01   9.1780362e-01  -3.9275715e-03  -3.2774393e-03   4.2617220e-04
   1.1123713e-01   4.0165780e-02   7.7082172e-01  -4.8234144e-03  -2.7266623e-03   6.2161744e-04
   8.4530201e-02   7.7558493e-02   9.3573955e-01  -5.3041055e-03  -4.6163101e-03   1.8505076e-03
   5.1612780e-01  -1.6668837e-01   9.0973011e-01  -6.2022151e-03  -3.2490350e-04   3.6578948e-03
   3.6214023e-01  -1.0767301e-01   1.0048865e+00  -6.2969774e-03  -1.5909440e-03   3.0991469e-03
   3.4355060e-01  -9.6131351e-02   9.3480028e-01  -5.3289590e-03  -9.5013580e-04   3.3508115e-03
   3.3713827e-01  -1.0528910e-01   1.0023241e+00  -5.5384569e-03  -1.2235879e-03   3.3357443e-03
   3.1798648e-01  -2.5800654e-02   8.8719046e-01  -4.0212547e-03  -2.1410425e-03   3.1046038e-03
   2.5589628e-01  -1.9595102e-03   8.7167507e-01  -4.5143170e-03  -2.4198502e-03   2.7803772e-03
   2.4838923e-01   1.0902361e-01   1.1151665e+00  -4.4232260e-03  -2.5763672e-03   2.7759816e-03
   2.4594405e-01  -5.4492419e-05   9.0511195e-01  -4.2014354e-03  -2.0100820e-03   2.9200362e-03
   2.5518672e-01   1.0138324e-01   1.0994684e+00  -3.6290605e-03  -2.4322728e-03   3.2063001e-03
   2.3273593e-01   2.0129227e-02   9.3219610e-01  -3.6859068e-03  -1.9659417e-03   3.0719639e-03
   2.4085461e-01   7.0376000e-02   1.0897134e+00  -3.8497025e-03  -2.6817817e-03   3.5185164e-03
   2.5661433e-01   9.0746881e-02   3.2897335e-01  -3.3166034e-03  -4.9316943e-03   2.4039990e-03
   1.8915632e-01   1.2840204e-01   4.5359177e-01  -2.3844924e-03  -4.4519788e-03   3.3590859e-03
   1.4846077e-01   2.3395972e-01   8.3776037e-01  -1.6494250e-03  -4.6169906e-03   2.9259028e-03
   1.7204563e-01   4.7457271e-02   7.6581498e-01  -3.1845606e-03  -4.4138257e-03   2.0783084e-03
   1.3828245e-01   1.7259286e-01   9.3526286e-01  -1.1882833e-03  -4.5840779e-03   2.4846019e-03
   1.3388206e-01   2.2766943e-02   8.2422334e-01  -2.6053055e-03  -3.9705455e-03   1.9972005e-03
  -5.9794637e-02   1.6955752e-01   9.0284602e-01  -3.5318990e-03  -6.9309265e-03   3.4237150e-03
   2.1930308e-02   4.9950160e-02   8.2460105e-01  -4.1395067e-03  -4.2356915e-03   1.1436410e-03
   5.2306179e-02   1.3887152e-01   7.8666019e-01  -1.9047490e-03  -3.9865438e-03   3.6240949e-04
   7.5454222e-02   2.8614755e-02   6.6274483e-01  -5.0123280e-03  -5.9570645e-03   9.0216249e-04
   8.0433296e-02   9.0487344e-02   7.9791218e-01  -3.0246156e-03  -4.7631107e-03   4.0242515e-04
   6.3876268e-02  -2.0795288e-02   7.7096224e-01  -4.2097308e-03  -4.3771222e-03   1.2111578e-05
   4.5635892e-02   1.0627949e-01   7.9424146e-01  -1.9135905e-03  -4.0185237e-03  -3.8062832e-04
   4.2966023e-02  -3.9117525e-03   7.9960554e-01  -3.8886072e-03  -3.6063888e-03  -4.9842081e-04
   4.3291310e-02   4.9047812e-02   7.9779260e-01  -3.3580457e-03  -3.0597964e-03  -8.2803281e-04
   3.7865772e-02   2.2505623e-03   8.8841838e-01  -4.3910670e-03  -3.1057354e-03  -9.6699317e-04
   4.2160234e-02   6.1032359e-03   7.8751310e-01  -3.6350882e-03  -2.6211518e-03  -8.5716988e-04
   1.8438284e-02   4.8474631e-02   8.5691351e-01  -4.0250377e-03  -3.8593241e-03  -1.3651314e-03
   2.4008542e-02   6.5420795e-02   7.7573653e-01  -3.0426537e-03  -3.1232368e-03  -1.0931118e-03
   2.6747953e-02   1.1435739e-02   8.7938334e-01  -4.5892400e-03  -3.1236990e-03  -6.1175763e-04
   3.3515645e-02   1.9382685e-02   7.9331397e-01  -3.2657226e-03  -2.6806378e-03  -6.5687014e-04
  -2.1535592e-02   3.9374881e-02   9.4067057e-01  -4.8157218e-03  -4.3048684e-03  -5.1454669e-04
   1.0633614e-02  -1.9980272e-02   7.2827475e-01  -4.2163368e-03  -3.2982103e-03  -5.3309646e-04
  -4.7965516e-02   5.6670732e-02   8.7917518e-01  -4.5143525e-03  -3.7194837e-03  -8.1649111e-04
  -9.5838062e-03  -2.3253492e-02   7.4439252e-01  -4.3131037e-03  -2.9796303e-03  -7.3954088e-04
   1.8626326e-04   6.2063269e-02   8.8658037e-01  -3.6850507e-03  -2.8823211e-03  -3.2963646e-04
  -3.2204962e-02  -8.6578623e-04   6.3566579e-01  -3.8897482e-03  -2.8590747e-03  -7.9202147e-05
  -2.6225837e-02   1.5420402e-01   7.3315731e-01  -4.0652113e-03  -2.7071314e-03   1.4655011e-05
  -4.8601038e-02  -9.7417667e-03   6.8754487e-01  -4.8137290e-03  -3.0909047e-03  -9.1347771e-05
  -3.8747476e-02   7.8455852e-02   7.5175168e-01  -4.0098449e-03  -2.6275030e-03  -2.4201867e-04
  -1.3556958e-03  -2.0514121e-01   7.1302428e-01  -5.7057353e-03  -5.7938174e-03   1.5339848e-03
   4.7192600e-02  -9.5209212e-02   6.5706534e-01  -2.8715459e-03  -5.6421214e-03   1.3989942e-03
   2.0742251e-02   6.4993677e-02   5.6597056e-01   9.3781294e-04  -4.1506329e-03   1.6407935e-03
   3.4407628e-02   2.6272842e-01   5.8154912e-01  -3.0939137e-03  -4.2478085e-03  -1.1969713e-04
   3.5697421e-02   1.8171634e-01   7.0069656e-01  -3.2640101e-03  -3.6092163e-03  -6.5376566e-05
   4.4667471e-02   1.0274299e-01   6.7437255e-01  -3.3447291e-03  -2.4473986e-03  -5.3480420e-04
   7.4211753e-02   1.0646749e-01   7.9419733e-01  -3.9874343e-03  -1.9257012e-03  -5.2251072e-04
   4.0749403e-02   4.0604629e-02   6.7798318e-01  -4.1569111e-03  -1.6207284e-03  -8.1668455e-04
   4.6586088e-02   1.0331651e-01   8.0756115e-01  -3.5231555e-03  -1.9194293e-03  -5.0629507e-04
   4.2694850e-02  -7.7438172e-04   6.8837311e-01  -4.2539699e-03  -1.7357970e-03  -4.5446366e-04
   6.8728711e-02   6.7808046e-02   7.7384481e-01  -3.7070804e-03  -1.2843609e-03  -3.0352735e-04
   6.0175030e-02  -1.3257995e-02   7.3273696e-01  -3.8798374e-03  -1.0801534e-03  -2.2974178e-04
   7.6286510e-02   9.8493511e-02   7.5651052e-01  -3.4500768e-03  -9.0561526e-04  -7.0184896e-04
   8.0404309e-02   1.2206359e-02   4.5729763e-01  -5.8052256e-03  -8.5035271e-04  -3.0665379e-04
   5.9794418e-02   2.4468957e-01   9.9441624e-01  -5.2530653e-03  -9.6408874e-04  -9.2728100e-04
   2.1719668e-05   7.9639645e-03   1.5000314e+00  -5.1417840e-03  -4.5882697e-03   2.3624710e-04
   7.3902104e-02  -8.0461654e-02   6.3192666e-01  -4.2218235e-03  -4.1523814e-03  -8.0449062e-04
   6.3759850e-02   2.1215837e-01   7.9294274e-01  -3.9164267e-03  -4.1478679e-03  -1.8008380e-03
   7.9106415e-02   1.6099475e-01   7.0099797e-01  -3.3951108e-03  -2.9631808e-03  -2.3167874e-03
   1.4366979e-01   1.4539137e-01   8.9713304e-01  -4.5232272e-03  -2.3799324e-03  -1.8187935e-03
   1.2622888e-01   6.3941663e-02   7.5962085e-01  -4.4963015e-03  -2.0555268e-03  -1.8157196e-03
   1.5073190e-01   1.2545838e-01   9.0398734e-01  -3.8862809e-03  -2.0732656e-03  -1.3249305e-03
   1.3995183e-01   2.4476130e-03   8.1364716e-01  -4.7983073e-03  -1.9367339e-03  -1.3562528e-03
   1.2423008e-01   1.1850021e-01   8.6392233e-01  -3.4365115e-03  -1.7642813e-03  -1.5341708e-03
   1.0698063e-01   1.3010367e-03   8.5358818e-01  -6.8503454e-03  -3.2196634e-03  -1.9592171e-03
   8.7988033e-02   1.4245755e-01   8.2885240e-01  -4.0514834e-03  -3.3675691e-03  -2.6806377e-03
   9.6613971e-02   9.1933140e-02   9.0607763e-01  -5.2460202e-03  -3.2043213e-03  -2.2049101e-03
   1.0555357e-01   7.2825194e-02   8.3675703e-01  -4.5939319e-03  -2.5081351e-03  -2.1760771e-03
   9.8885008e-02   4.2689845e-02   1.0446643e+00  -5.9928745e-03  -2.9616991e-03  -1.9358508e-03
   9.4239920e-02   5.4878637e-02   9.3286501e-01  -4.9338414e-03  -2.0801779e-03  -2.1322383e-03
  -7.1024962e-02  -1.0249026e-01   1.0627776e+00  -1.2486686e-02  -6.1175671e-03  -7.2964291e-04
   2.4355452e-02   1.2435651e-02   9.0038987e-01  -4.1030741e-03  -5.5358837e-03   1.1157168e-03
   5.8565325e-02   1.4373995e-01   7.9390658e-01  -5.9675476e-03  -3.9176037e-03  -1.7943005e-03
  -8.3221313e-04   1.6620304e-01   9.8373397e-01  -6.2745122e-03  -4.3121682e-03  -1.8313311e-03
   5.0889504e-02   8.0372131e-02   8.7692737e-01  -5.8324838e-03  -3.2331785e-03  -1.9430867e-03
   2.5459720e-02   3.5117790e-02   9.9757851e-01  -6.9236359e-03  -3.7530390e-03  -2.4387144e-03
   1.3776506e-02   4.1739086e-02   8.9393911e-01  -5.9120448e-03  -2.9613045e-03  -2.4041431e-03
   9.9966307e-03   4.0874569e-02   1.0310848e+00  -7.3469761e-03  -3.1176952e-03  -2.4170954e-03
   1.9200815e-02   4.2668827e-03   9.5043155e-01  -6.1505269e-03  -3.1195572e-03  -1.8709259e-03
   1.9942152e-02   3.5686734e-02   1.0865672e+00  -6.1327338e-03  -2.9497692e-03  -1.6032030e-03
   3.6916984e-02  -9.4744848e-03   1.0058902e+00  -5.9829861e-03  -2.5938609e-03  -1.6333117e-03
   4.3825619e-02   4.3982692e-02   1.1209311e+00  -6.4852091e-03  -2.3859650e-03  -1.7019416e-03
   5.4725882e-02  -4.6305207e-02   9.9988165e-01  -6.7617087e-03  -2.2675629e-03  -1.2484393e-03
   2.5148018e-02  -3.6996308e-02   1.1308898e+00  -7.4348111e-03  -2.8944485e-03  -1.5685256e-03
   4.8935310e-02   1.4565796e-02   9.3068580e-01  -4.0098916e-03  -2.8611522e-03  -1.4027187e-03
   7.3990282e-02   5.6333435e-02   8.0519100e-01  -5.5128084e-03  -2.6350758e-03  -1.9097363e-03
   4.4546099e-02   9.3722694e-02   8.1273531e-01  -3.3388132e-03  -2.6796092e-03  -2.0934905e-03
   3.6673752e-02   1.7885833e-02   8.9117036e-01  -5.7027649e-03  -2.5346666e-03  -2.0003678e-03
   3.2303526e-02   1.0909056e-02   8.0229353e-01  -5.2210184e-03  -2.2602816e-03  -2.1414305e-03
   4.8670789e-02   7.1720357e-03   9.4805536e-01  -5.7138412e-03  -1.9328268e-03  -2.2472719e-03
   5.0370822e-02  -2.1378000e-02   8.0890851e-01  -5.0543771e-03  -1.8892831e-03  -2.4561012e-03
   1.5540703e-02   1.2983243e-02   9.5900010e-01  -5.5948184e-03  -2.6061482e-03  -2.5549036e-03
   1.7654007e-02  -1.3236972e-02   8.2409879e-01  -4.6195993e-03  -1.8653742e-03  -2.4211256e-03
   6.7214667e-02  -7.2347229e-02   9.3020439e-01  -9.5018768e-03  -3.2324881e-03  -2.2468060e-03
   4.4101661e-02  -6.7235085e-02   5.8604394e-01  -8.0843037e-03  -1.9952927e-03  -5.8522503e-04
   7.8904351e-02   1.6605763e-01   1.0288344e+00  -6.8081179e-03  -1.4897036e-03  -1.1884637e-03
   3.0801433e-02  -2.0732843e-02   9.4413385e-01  -8.2033835e-03  -1.1726514e-03  -1.5935305e-03
   3.1107650e-02   6.1121248e-02   9.6023304e-01  -6.2858582e-03  -1.2035266e-03  -1.4342868e-03
   1.5787940e-02  -4.9779581e-02   7.3207165e-01  -4.7327430e-03  -6.1361274e-04  -1.0787982e-03
  -2.3992897e-02   9.5547212e-02   9.4560313e-01  -7.6260114e-03  -1.5242478e-03  -1.0981081e-03
  -3.3062867e-02   2.7070273e-02   9.6220291e-01  -5.0030436e-03  -1.5839742e-03  -1.2279656e-03
