   0.0000000e+00   0.0000000e+00   0.0000000e+00   0.0000000e+00   0.0000000e+00   0.0000000e+00
  -7.7969004e-02  -3.0782405e-02  -8.9940876e-02   2.1623409e-03   1.7957716e-04   6.3791784e-04
  -7.4990188e-02   1.8289387e-01   5.4186726e-02  -2.9412489e-04   1.6361845e-04   5.1902299e-04
  -5.6818976e-02   1.5664611e-01   3.1330928e-02   3.1390577e-03   4.2403364e-04   4.5912917e-03
   4.6880328e-02   6.2683857e-02  -3.6388555e-02   2.6869820e-03   2.3238967e-03   6.8941507e-03
   6.6626358e-02   3.1209799e-01   1.1476840e-01   1.8063667e-03   2.2922580e-03   6.7240480e-03
   6.3429660e-02   1.3669181e-02  -6.5011866e-02   3.0317423e-03   2.5003810e-03   7.4490331e-03
   5.4124196e-02   1.4969608e-01   3.1614101e-02   1.8258960e-03   2.9623340e-03   7.9268054e-03
   8.5350334e-02   2.3660908e-01   9.3583184e-02   2.2225591e-03   2.8614388e-03   7.9582501e-03
   9.2875935e-02   8.3391139e-03  -3.8786341e-02   2.8178821e-03   3.1257431e-03   8.2668181e-03
   1.0300347e-01   1.7179641e-01   6.3580793e-02   1.3005866e-03   3.3203916e-03   8.7642506e-03
   9.8468848e-02   1.4038144e-01   5.6208512e-02   2.7154738e-03   3.5287321e-03   8.8203905e-03
   2.1405036e-01   4.8663440e-02   1.8871450e-03   2.3530862e-03   4.6526967e-03   1.0493150e-02
   2.0784073e-01   1.5856605e-01   7.5528034e-02   1.4689812e-04   4.5116508e-03   1.1217708e-02
   2.6577954e-01   1.6994571e-01   9.2402518e-02   2.2535963e-03   5.6906627e-03   1.1344971e-02
   2.4735356e-01  -3.2701621e-03  -2.3357634e-02   2.5474555e-03   5.5990767e-03   1.1639413e-02
   2.8374191e-01   1.9822363e-01   1.1927223e-01   1.4994688e-03   5.5798149e-03   1.1631923e-02
   2.6991116e-01   2.3528221e-02   6.5148514e-04   2.5850326e-03   5.8887101e-03   1.1740466e-02
   2.7631979e-01   1.9336364e-01   1.1667750e-01   2.0028329e-03   5.9961265e-03   1.2189264e-02
   2.7616750e-01   1.4880502e-02  -1.5097954e-02   2.5531772e-03   6.2911812e-03   1.2220153e-02
   2.9454241e-01   2.1086515e-01   1.1100576e-01   1.4217119e-03   5.8936500e-03   1.2763036e-02
   2.9254173e-01   2.8141238e-02  -9.4363445e-03   2.5593836e-03   6.5973218e-03   1.2900795e-02
   3.1133656e-01   1.7208195e-01   1.0853086e-01  -2.1356600e-04   6.5867825e-03   1.3194543e-02
   3.1943247e-01   4.5918429e-02   5.6943137e-03   2.4758516e-03   6.9920398e-03   1.3301182e-02
   3.0471593e-01   4.4604430e-02   2.2564284e-02   1.4620702e-03   7.0897814e-03   1.3653525e-02
   3.0122553e-01   2.4057217e-01   1.5349402e-01   2.1705341e-03   7.0382668e-03   1.3665479e-02
   3.0563155e-01  -5.7856123e-02  -4.7256407e-02   2.2338679e-03   7.4437500e-03   1.3723088e-02
   3.0950237e-01   1.9935527e-01   1.0766708e-01   1.3175080e-04   6.9758370e-03   1.3961122e-02
   3.0947510e-01   4.3268064e-02  -3.9506101e-03   2.3294408e-03   7.5301510e-03   1.3910406e-02
   2.9182865e-01   5.8361709e-02   1.5982441e-03   1.4775219e-03   7.5434623e-03   1.4304141e-02
   3.0639192e-01   2.3290084e-01   1.0765383e-01   1.6346859e-03   7.1676541e-03   1.4170428e-02
   3.0875964e-01  -1.4543223e-02  -3.3264264e-02   1.8991605e-03   7.4568892e-03   1.4482137e-02
   3.0400467e-01   2.4271326e-01   1.3442037e-01   8.2554809e-05   7.6290043e-03   1.4153849e-02
   3.0768289e-01   6.2680169e-02  -1.3635933e-02   2.4077876e-03   7.6841192e-03   1.4524217e-02
   3.0153566e-01   3.4942197e-02  -4.5271204e-03   1.3950481e-03   7.6921308e-03   1.4634397e-02
   3.2464927e-01   1.6679492e-01   8.7063051e-02   1.5050063e-03   7.7141466e-03   1.4737616e-02
   3.2486666e-01   4.1402501e-02   3.1458827e-02   4.9003826e-04   7.6880618e-03   1.4628264e-02
   3.4198659e-01   1.6926097e-01   8.4519130e-02   1.7397033e-03   7.6007417e-03   1.4133602e-02
   3.1673789e-01   4.1491184e-03  -1.5298589e-02   1.5717782e-03   7.5069675e-03   1.4524201e-02
   3.5816269e-01   1.8104175e-01   1.3535021e-01   7.7009590e-04   7.9352483e-03   1.4535150e-02
   3.4380724e-01  -3.0623368e-03   1.0944264e-02   1.6054094e-03   7.9556664e-03   1.4575930e-02
   3.3398592e-01   1.0139870e-01   5.8225007e-02  -2.1769415e-04   7.5990895e-03   1.4874693e-02
   3.6290155e-01   1.8593534e-01   1.0002227e-01   1.4290082e-03   8.2261408e-03   1.4631658e-02
   3.0988627e-01  -8.3624449e-03  -2.5124662e-02   1.9315442e-03   8.0487439e-03   1.4640290e-02
   3.0578418e-01   2.0060302e-01   1.0386587e-01   2.5514351e-04   7.5079087e-03   1.4771949e-02
   3.0388161e-01   1.1653126e-02  -2.0939100e-02   1.8428680e-03   7.8412685e-03   1.4828283e-02
   2.8326679e-01   1.9462295e-01   8.9052705e-02   1.2463113e-03   6.7066299e-03   1.4160164e-02
   3.3349368e-01   1.3858795e-01   3.0475564e-02   2.5443167e-03   7.5354727e-03   1.4239878e-02
   2.7458887e-01   2.1959513e-01   8.7857928e-02   4.4103110e-03   5.9795222e-03   1.1854571e-02
   4.3290559e-01   1.8841462e-01   1.1271205e-01   6.9436711e-03   7.3513607e-03   1.0765107e-02
   3.5768694e-01   1.2221764e-01   5.9645685e-02   4.3880891e-03   7.0073212e-03   1.2526155e-02
   3.7700978e-01   2.1570888e-01   1.1161820e-01   4.8860877e-03   7.2646840e-03   1.3055545e-02
   3.6777112e-01   9.9890067e-02   2.2039237e-02   5.4225673e-03   7.9139362e-03   1.3252777e-02
   3.8871850e-01   2.8374581e-01   1.3965077e-01   3.9041003e-03   7.6094017e-03   1.3655460e-02
   3.8422658e-01   9.2877713e-02   1.5095593e-02   4.8675798e-03   7.7091389e-03   1.3703571e-02
   4.0228604e-01   2.1779309e-01   1.3049670e-01   2.5875953e-03   7.9709868e-03   1.3689158e-02
   4.0774627e-01   1.3708663e-01   7.3787373e-02   4.4955216e-03   8.2572708e-03   1.3713556e-02
   3.8911931e-01   9.4462524e-02   5.2582760e-02   3.0931928e-03   8.2221565e-03   1.4025919e-02
   3.9672611e-01   2.2101695e-01   1.1948731e-01   3.9179462e-03   8.1464615e-03   1.3943745e-02
   3.8216880e-01   4.4753829e-02   1.7078381e-02   4.5409767e-03   7.9890864e-03   1.3482153e-02
   9.8185350e-01   2.1842609e-01   3.9494926e-01   4.2192139e-03   1.0279152e-02   7.7988909e-03
   5.9911008e-01   2.7243398e-02   1.5559328e-01   5.5280751e-03   8.2785829e-03   8.9822621e-03
   5.5976611e-01   2.1292920e-01   2.1274087e-01   1.9385923e-03   8.1037377e-03   8.6119603e-03
   5.4876397e-01   1.5122483e-01   3.8929904e-01   4.7242786e-03   1.9096451e-03  -2.0814238e-03
   4.8510431e-01  -1.0612679e-01   2.1423790e-01   5.7209407e-03   3.1609609e-03  -1.6956215e-03
   4.9684641e-01   3.2481577e-02   2.7777220e-01   3.8924998e-03   3.9152587e-03   1.8300216e-03
   5.5545771e-01   1.6277052e-01   3.9750670e-01   3.6776358e-03   5.1479195e-03   2.0648176e-03
   5.7195754e-01  -4.4631764e-02   2.7134352e-01   4.0665872e-03   5.6146666e-03   2.3986072e-03
   5.7566454e-01   2.5637698e-02   2.9526888e-01   3.7585897e-03   5.8260546e-03   2.7909829e-03
   5.9892594e-01   1.4706749e-01   4.0845905e-01   3.1177152e-03   5.6786933e-03   2.9504369e-03
   5.9858370e-01  -3.7484160e-02   2.8623077e-01   3.8013312e-03   6.5382631e-03   2.8809329e-03
   5.8262902e-01   1.6024577e-02   2.9501055e-01   3.4040361e-03   6.5249865e-03   3.2396289e-03
   5.9650282e-01   1.7628372e-01   4.0451689e-01   2.5972277e-03   6.1713347e-03   3.3125410e-03
   6.1729178e-01  -1.0343562e-01   2.3613298e-01   3.4716635e-03   7.1320417e-03   3.6423358e-03
   6.2097115e-01   9.0531692e-02   3.6942963e-01   1.1327683e-03   7.2680238e-03   4.0053590e-03
   6.3135511e-01  -2.9088246e-02   2.7172709e-01   3.1330741e-03   7.6374006e-03   4.2103860e-03
   6.3450088e-01  -4.1611488e-03   2.7944240e-01   1.7437646e-03   7.6285289e-03   4.4448838e-03
   6.4990746e-01   7.5892313e-02   3.4122889e-01   2.5443054e-03   8.0466696e-03   4.6878301e-03
   6.5726022e-01  -6.0226423e-02   2.3226974e-01   1.4491329e-03   8.2746312e-03   4.7047934e-03
   6.4297586e-01   1.0820955e-01   3.1815022e-01   2.5719556e-03   7.9560924e-03   4.6266940e-03
   6.4304688e-01  -9.2749557e-02   2.0828418e-01   2.5604285e-03   9.0256989e-03   4.9226035e-03
   6.4206393e-01   1.4176509e-01   3.7334347e-01   2.0947552e-03   8.5320675e-03   5.2886158e-03
   6.3548730e-01  -1.0517957e-01   1.6869840e-01   2.9855745e-03   8.9705617e-03   5.5766933e-03
   6.4086683e-01   7.8981257e-02   3.2299127e-01   7.3486344e-04   8.4642490e-03   6.3724541e-03
   7.3457616e-01   1.2275506e-02   3.0207104e-01   2.4709379e-03   1.0134911e-02   7.2333722e-03
   6.9945013e-01  -3.8591403e-02   2.8292996e-01   1.0381237e-03   9.9737854e-03   7.8291267e-03
   7.0908887e-01   1.0819173e-01   3.3586114e-01   2.1638370e-03   9.7838668e-03   8.1887967e-03
   6.8305150e-01  -9.7154052e-02   2.2876092e-01   2.6866347e-03   1.0412620e-02   8.2575046e-03
   6.6054104e-01   8.3696217e-02   3.4314335e-01   7.6173866e-04   1.0098501e-02   8.3282205e-03
   8.0804738e-01   3.7682045e-02   3.3715862e-01   2.4541880e-03   9.9214590e-03   9.9648106e-03
   4.0904952e-01  -1.6327551e-02   1.3785929e-01   3.7895596e-03   9.1028734e-03   9.2758321e-03
   4.6748296e-01   5.9089421e-01   6.1643887e-01   6.6519064e-03   8.3127708e-03   7.2484850e-03
   4.9834743e-01   1.2369126e-01   4.0298118e-01   1.0167818e-02   8.6157747e-03   6.9068209e-03
   4.1800092e-01  -1.6958143e-01   1.7911960e-01   9.2540199e-03   8.9073389e-03   7.9306460e-03
   4.1778136e-01   1.1775108e-01   3.3205208e-01   8.8434630e-03   9.8530306e-03   8.7293583e-03
   3.5116896e-01   2.2231319e-01   3.6614718e-01   9.2287704e-03   7.5406363e-03   5.7053018e-03
   2.7354577e-01   3.0812027e-01   3.0868366e-01   1.1685973e-02   6.9010554e-03   6.0041076e-03
   3.0016437e-01   1.9251699e-01   2.6933847e-01   1.1269737e-02   7.2438539e-03   6.3154439e-03
   2.7152076e-01   2.2483848e-01   3.4503996e-01   1.0408474e-02   7.0842094e-03   6.2301261e-03
   2.0260359e-01   3.8837953e-01   4.9104103e-01   8.4438659e-03   5.0426259e-03   4.4936742e-03
   2.6836474e-01   8.3360118e-02   2.5161002e-01   1.0370905e-02   6.6430218e-03   6.2955528e-03
   2.9806218e-01   1.4910785e-01   3.0100950e-01   9.7339444e-03   7.4862282e-03   7.4851171e-03
   2.9678673e-01   2.0777334e-01   3.4983341e-01   7.8723160e-03   7.9077851e-03   7.5021040e-03
   2.9962646e-01   2.7732995e-01   3.2989548e-01   1.0277055e-02   7.5032038e-03   6.5967240e-03
   2.9074093e-01   1.4230530e-01   2.4968264e-01   9.7830146e-03   8.0756435e-03   7.1003793e-03
   2.9519845e-01   2.9405392e-01   3.4741784e-01   7.9205137e-03   7.7720565e-03   7.1425758e-03
   3.0785478e-01   1.9948021e-01   2.7902426e-01   9.5289494e-03   7.8712363e-03   6.9487460e-03
   3.1061250e-01   1.7459796e-01   2.9410037e-01   9.3627516e-03   8.5222393e-03   7.1821262e-03
   3.1976047e-01   2.8783333e-01   4.1083359e-01   7.6708068e-03   7.9129181e-03   7.1708350e-03
   3.3336947e-01   1.0474843e-01   2.8878655e-01   9.4216176e-03   8.1693193e-03   7.1435597e-03
   3.2814186e-01   1.3390376e-01   3.0563461e-01   8.9928966e-03   8.6689286e-03   7.3013911e-03
   3.3249886e-01   2.8657422e-01   4.0177866e-01   6.5736106e-03   8.0818649e-03   7.1110588e-03
   3.3716762e-01   1.0672746e-01   2.6682601e-01   8.5319669e-03   8.3596560e-03   6.9873673e-03
   3.2971009e-01   1.2504043e-01   2.7509491e-01   8.8531828e-03   8.6083007e-03   7.3091003e-03
   3.1720033e-01   2.0826244e-01   3.3745744e-01   6.9704375e-03   8.3000168e-03   7.2846429e-03
   3.3237678e-01   2.2814595e-01   3.4492582e-01   8.7188559e-03   8.6051695e-03   7.0993553e-03
   3.4297559e-01   6.5964502e-02   2.2610639e-01   8.7718591e-03   8.8695571e-03   7.3094762e-03
   3.4402590e-01   1.7588984e-01   3.1862243e-01   7.0695410e-03   8.6954942e-03   7.2992820e-03
   3.5854780e-01   2.9388609e-01   3.9856523e-01   7.9816955e-03   8.5161303e-03   7.3738157e-03
   3.6571957e-01   4.7084547e-02   2.1295224e-01   8.4926412e-03   8.9509017e-03   7.4266310e-03
   3.5697624e-01   3.0157938e-01   4.0267583e-01   6.2335627e-03   8.5813280e-03   7.5624336e-03
   3.8051976e-01   8.6479413e-02   2.3170342e-01   8.5277565e-03   9.0514766e-03   7.4043933e-03
  -5.3001618e-02   1.1270350e-01   2.9170395e-02  -3.6509471e-03   5.2885197e-03   8.4943122e-03
   2.2513060e-02   2.2421397e-01   2.0157327e-01   1.7435575e-03   6.2960158e-03   8.2449392e-03
   2.5659555e-02   2.0593529e-02   1.0747434e-01   1.9461387e-03   6.9421935e-03   8.4050140e-03
   6.9149895e-02   2.0307533e-01   2.5930520e-01   4.4637357e-04   7.3372611e-03   8.3873817e-03
   8.9809568e-02   1.6134999e-01   2.2164529e-01   2.7326013e-03   7.4715918e-03   8.3741400e-03
   7.9428577e-02   4.2854167e-02   1.3692128e-01   3.2805465e-03   7.6355477e-03   8.6093590e-03
   9.1893016e-02   2.7421980e-01   3.0219887e-01   8.9191492e-04   7.3457405e-03   8.1879432e-03
   1.2615885e-01   2.6664035e-02   1.3981138e-01   3.3831779e-03   7.8632314e-03   8.4174785e-03
   8.4122252e-02   6.5778094e-02   1.5973379e-01   2.9141574e-03   7.8539254e-03   8.6401270e-03
   1.0709693e-01   1.8135620e-01   2.4439448e-01   1.9184518e-03   7.9767991e-03   8.6136067e-03
   1.0735617e-01   7.0462453e-02   1.6440690e-01   3.1664261e-03   8.2449938e-03   8.6628381e-03
   9.3383159e-02   8.0970164e-02   1.5136407e-01   3.3627965e-03   8.3256471e-03   8.7242527e-03
   1.3465666e-01   2.3490538e-01   2.9999868e-01   1.7485961e-03   8.0637943e-03   8.7016870e-03
   1.3341869e-01  -4.7601857e-03   1.1137103e-01   3.3478765e-03   8.5218091e-03   8.7897932e-03
   1.1226906e-01   1.4754826e-01   1.9786618e-01   1.8960869e-03   8.4644620e-03   8.6883780e-03
   8.9890956e-02   1.7713900e-01   2.0283276e-01   3.2049516e-03   8.0079397e-03   7.7946829e-03
   8.4708388e-02   4.1527171e-02   9.4347829e-02   3.6846976e-03   8.3864045e-03   8.6152913e-03
   8.6458981e-02   3.1910215e-01   2.9831242e-01   6.2622646e-04   7.9531184e-03   8.6247134e-03
   1.0811237e-01  -1.3266256e-02   6.7787288e-02   3.9314097e-03   8.5581768e-03   8.6746662e-03
   1.1532330e-01   1.2361225e-01   1.4784094e-01   2.1300805e-03   8.6024734e-03   8.8175812e-03
   1.0132968e-01   2.3066586e-01   2.3554099e-01   3.4300438e-03   8.2576337e-03   8.3620188e-03
   8.1880559e-02   1.9016998e-02   8.8446681e-02   3.7043470e-03   8.5852354e-03   8.2488594e-03
  -3.8747453e-01   2.3369390e-01   2.4026968e-02   3.5511375e-04   7.1854237e-04   9.3942135e-03
  -1.1087971e-01   1.9613869e-01   1.4943475e-01   3.3803837e-03   5.2679664e-03   9.1815595e-03
  -1.2853627e-01   1.1010572e-01   9.1899530e-02   3.7292480e-03   5.5389234e-03   8.9869135e-03
  -1.3429657e-01   3.7769717e-01   2.6120372e-01   2.7296814e-03   5.7946997e-03   7.6734879e-03
  -6.6424813e-02   1.7047413e-01   9.1023533e-02   5.5743108e-03   6.6852037e-03   8.0087719e-03
  -7.3924793e-02   1.2986190e-01   9.8077361e-02   4.9730121e-03   7.3091884e-03   8.6273876e-03
  -7.8150094e-02   2.1955636e-01   1.7821851e-01   3.6925133e-03   7.2421974e-03   8.5840382e-03
  -7.4041810e-02   2.4672118e-01   1.9009778e-01   4.7496836e-03   7.1560238e-03   8.6209523e-03
  -6.9829838e-02   1.0332849e-01   6.8320978e-02   5.3293849e-03   7.4556058e-03   8.6684153e-03
  -7.9589817e-02   3.4236445e-01   2.1410611e-01   3.4868628e-03   6.8110468e-03   8.2952000e-03
  -6.2424903e-02   1.1297417e-01   6.1438553e-02   5.8108444e-03   7.2592058e-03   7.9824451e-03
  -8.1244125e-02   1.7402105e-01   9.4696619e-02   5.6610042e-03   7.1605462e-03   7.9857167e-03
  -6.1548708e-02   3.0658021e-01   2.1175865e-01   4.3336557e-03   7.2009486e-03   8.1435490e-03
  -6.1705934e-02   1.0688642e-01   7.0690444e-02   5.4126112e-03   7.2574700e-03   8.2519328e-03
  -8.6503753e-02   1.9662855e-01   1.1845573e-01   4.3791111e-03   7.6124445e-03   8.3749290e-03
  -7.5105746e-02   3.3062426e-01   2.1282389e-01   5.2244474e-03   6.9244126e-03   8.1802643e-03
  -6.2232433e-02   5.5827697e-02   4.0774842e-02   5.4992919e-03   7.8841724e-03   8.5000278e-03
  -6.8036107e-02   2.2598831e-01   1.4856398e-01   3.8079743e-03   7.6144028e-03   8.6798644e-03
  -6.2663733e-02   2.0700322e-01   1.2608775e-01   5.1250409e-03   7.3471349e-03   8.5511004e-03
  -7.1906263e-02   1.5288200e-01   8.1017771e-02   5.8727323e-03   7.9867880e-03   8.6088673e-03
  -7.9977980e-02   3.2453353e-01   1.7708021e-01   3.8721579e-03   7.0253449e-03   8.4043216e-03
  -5.8268757e-02   1.6484815e-01   5.8595687e-02   5.7896110e-03   8.0910605e-03   8.5769290e-03
  -6.6930669e-02   1.9082415e-01   1.0199260e-01   4.3948380e-03   7.7186667e-03   8.6106338e-03
  -5.5958645e-02   3.0041704e-01   2.0523337e-01   4.4667236e-03   7.5141962e-03   8.6444826e-03
  -4.2883502e-02   5.7360951e-02   3.2688607e-02   5.6145468e-03   8.0232233e-03   8.7287282e-03
  -4.3807583e-02   2.8135210e-01   1.7909438e-01   4.9106337e-03   7.5924985e-03   8.7100801e-03
  -3.7806702e-02   1.2281232e-01   6.2258138e-02   6.0592354e-03   8.2069632e-03   8.8390429e-03
  -3.8516722e-02   3.1337576e-01   1.7979144e-01   4.1706911e-03   7.6591553e-03   8.9455015e-03
  -2.0981647e-02   1.7752436e-01   6.7710374e-02   6.1203983e-03   8.3983202e-03   9.0491974e-03
  -3.1842706e-02   2.4793400e-01   1.1250295e-01   4.3925880e-03   7.8287438e-03   8.9156463e-03
  -5.8548901e-03   3.1137792e-01   1.5670859e-01   5.7983015e-03   8.4377713e-03   8.8950474e-03
  -1.7833380e-02   1.4021560e-01   7.6506877e-02   5.2484289e-03   8.3178558e-03   8.9715328e-03
  -2.9736848e-02   3.8308962e-01   2.3969052e-01   5.0931886e-03   7.9704351e-03   8.9102804e-03
  -1.7602817e-02   8.5621006e-02   4.2064516e-02   6.3765346e-03   8.5178307e-03   9.0480123e-03
  -3.4864574e-02   2.8668364e-01   1.7657219e-01   3.6302014e-03   8.0185364e-03   9.0639865e-03
  -2.0036443e-02   2.5136359e-01   1.3342316e-01   6.2048876e-03   8.3393400e-03   8.7445819e-03
  -2.6373263e-02   1.6393392e-01   7.9170275e-02   5.4037205e-03   8.1447095e-03   8.9816940e-03
  -2.4871586e-02   3.6711507e-01   2.1860085e-01   5.4403105e-03   8.1561568e-03   9.3534070e-03
  -1.5110466e-02   1.3120234e-01   6.1419158e-02   5.9294477e-03   8.6326889e-03   9.1979964e-03
  -2.4989920e-02   3.7807287e-01   2.2626376e-01   4.7171838e-03   8.3180506e-03   9.3424721e-03
  -6.4720581e-03   1.4813348e-01   6.6675449e-02   6.4740833e-03   8.7931817e-03   9.2900210e-03
  -1.7970022e-02   3.4337495e-01   1.7235169e-01   1.1449253e-02   8.1470574e-03   9.0744081e-03
   1.1432971e-01   5.5708771e-01   2.2154784e-01   1.7671846e-02   8.0303165e-03   9.7501837e-03
  -8.3840629e-02   2.6418948e-01   1.1865747e-01   6.4646105e-03   5.0547763e-03   5.9873880e-03
  -2.4115351e-01   9.7207059e-01   5.3820035e-01   6.8553056e-03   3.4069499e-03   6.5110476e-03
  -2.1431200e-01   2.9937581e-02  -6.6934229e-02   1.1871328e-02   5.1459572e-03   6.4779451e-03
  -2.0478791e-01   3.1707553e-01   1.1355572e-01   1.1734897e-02   6.4563947e-03   7.0087589e-03
  -2.1347674e-01   4.1812132e-01   1.8402040e-01   1.1424463e-02   6.9866236e-03   7.3113271e-03
  -2.1179718e-01   4.3179097e-01   1.5148017e-01   1.0444489e-02   6.9483625e-03   7.2112996e-03
  -1.4253371e-01   5.4359702e-01   2.4639919e-01   1.0878610e-02   7.4590423e-03   7.2404935e-03
  -1.3327879e-01   3.8798760e-01   1.7729668e-01   1.1236132e-02   7.7968756e-03   7.4470347e-03
  -1.3530481e-01   4.8033092e-01   2.4799757e-01   1.0359999e-02   7.2235676e-03   7.3576181e-03
  -1.4314211e-01   3.5840768e-01   1.3984593e-01   1.1247422e-02   7.7832142e-03   7.4301625e-03
  -1.7316556e-01   4.2293960e-01   1.6615752e-01   9.7768764e-03   8.1014585e-03   7.1360113e-03
  -1.9516249e-01   4.7613937e-01   1.9142480e-01   1.0733298e-02   7.6636190e-03   7.2563523e-03
  -2.0365807e-01   3.6139024e-01   1.0191153e-01   1.0735355e-02   7.8552305e-03   7.2901452e-03
  -2.2831853e-01   5.7803026e-01   2.4732411e-01   1.0326679e-02   7.3749105e-03   6.9360531e-03
  -1.8723681e-01   3.0303500e-01   4.9409273e-02   1.1152126e-02   8.1416585e-03   6.9774061e-03
  -2.0660747e-01   4.2321685e-01   1.1382172e-01   1.0814443e-02   8.2841470e-03   7.1836444e-03
  -1.9539373e-01   5.1996206e-01   2.2567381e-01   1.0322053e-02   7.9224111e-03   7.1258025e-03
  -1.7067189e-01   3.4756047e-01   8.6768538e-02   1.1060093e-02   8.3575103e-03   7.1381360e-03
  -1.9028154e-01   4.3856651e-01   1.2655153e-01   1.0987236e-02   8.3779354e-03   7.2928288e-03
  -1.9895874e-01   5.5975310e-01   2.4464701e-01   9.4670182e-03   8.1607980e-03   7.2202725e-03
  -1.6785379e-01   3.6006514e-01   9.4533414e-02   1.1142486e-02   8.6567858e-03   7.3009501e-03
  -1.7605106e-01   3.9687900e-01   1.2071993e-01   1.0302756e-02   8.8557756e-03   7.5041279e-03
  -1.8448221e-01   5.7444331e-01   2.6695904e-01   1.0141032e-02   8.1799698e-03   7.4436921e-03
  -1.5085528e-01   2.7981872e-01   6.6122186e-02   1.0853341e-02   8.8839963e-03   7.3899081e-03
  -1.8814188e-01   5.7441776e-01   2.6691382e-01   9.5272802e-03   8.1190840e-03   7.3395985e-03
  -1.4641145e-01   3.0798013e-01   6.3936168e-02   1.1167244e-02   8.9535474e-03   7.3125040e-03
  -1.5966076e-01   5.2145429e-01   2.1367808e-01   9.1970365e-03   8.5230134e-03   7.2456853e-03
  -1.3212277e-01   3.5828144e-01   9.1439737e-02   1.1475304e-02   9.0795207e-03   7.1778851e-03
  -1.3712836e-01   4.5931739e-01   1.5440181e-01   9.4992586e-03   8.5640468e-03   7.0772725e-03
  -1.1524551e-01   5.0873716e-01   1.9077360e-01   1.1182839e-02   9.1200305e-03   7.0573515e-03
  -1.2889186e-01   3.6783021e-01   1.0509516e-01   1.1102773e-02   9.1681070e-03   7.0345688e-03
  -1.4134943e-01   4.7669138e-01   1.9500528e-01   9.4825476e-03   8.7317816e-03   7.2650255e-03
  -1.1171365e-01   4.8802117e-01   1.9360948e-01   1.1172810e-02   9.2277189e-03   7.1871616e-03
  -1.2185638e-01   3.5941082e-01   9.4385856e-02   1.0981430e-02   9.4551455e-03   7.1043298e-03
  -1.3258157e-01   5.5299272e-01   2.4773573e-01   9.3148128e-03   8.7402782e-03   7.0762414e-03
  -1.0246876e-01   3.3392839e-01   9.3814284e-02   1.1360297e-02   9.7188597e-03   7.2911699e-03
  -1.1726909e-01   4.9217525e-01   1.9426713e-01   9.5725698e-03   8.9573371e-03   7.0069593e-03
  -9.6287273e-02   4.1978641e-01   1.7233442e-01   1.0838904e-02   9.3601889e-03   7.1845770e-03
  -1.0409074e-01   3.8156228e-01   1.4217906e-01   1.0430389e-02   9.4258579e-03   7.2402883e-03
  -1.1677901e-01   5.9108257e-01   2.5619650e-01   1.0176946e-02   8.4420557e-03   7.1551533e-03
  -8.2827955e-02   3.2647050e-01   1.0220618e-01   1.1315277e-02   9.5928913e-03   6.8787823e-03
  -1.0859540e-01   4.1804425e-01   1.3897802e-01   9.7470230e-03   8.9420325e-03   6.5140238e-03
  -1.1312688e-01   5.0968765e-01   2.1791474e-01   1.0488017e-02   8.4153622e-03   6.5021722e-03
  -1.0969578e-01   3.6414529e-01   1.4455160e-01   1.0842399e-02   9.3781879e-03   6.4471637e-03
  -1.2510678e-01   4.6138180e-01   2.0376337e-01   9.2062460e-03   8.9011973e-03   6.5958981e-03
  -1.0860673e-01   5.2433161e-01   2.2109699e-01   1.0434395e-02   8.7697981e-03   6.5832245e-03
  -1.0142568e-01   3.5421458e-01   1.3255558e-01   1.0717592e-02   9.5571669e-03   6.6092666e-03
  -1.0891123e-01   5.4727192e-01   2.7216190e-01   9.6443396e-03   8.9696835e-03   6.5571174e-03
  -8.7346367e-02   3.4151639e-01   1.1702891e-01   1.0783812e-02   9.4500028e-03   6.5795504e-03
  -1.0239086e-01   5.5108215e-01   2.6909798e-01   8.8675568e-03   8.8490948e-03   6.5954630e-03
  -1.0914571e-01   3.7772360e-01   1.2048213e-01   1.0989519e-02   9.4088109e-03   6.6274726e-03
  -1.1071386e-01   4.4384650e-01   1.5846035e-01   9.4015907e-03   9.2517427e-03   6.6404779e-03
  -1.0638113e-01   5.7742798e-01   2.3912218e-01   1.0069116e-02   9.0979634e-03   6.6814329e-03
  -9.9076493e-02   3.6380511e-01   8.7473595e-02   1.1439639e-02   9.6170684e-03   6.4376393e-03
  -8.2508435e-02   5.9344960e-01   2.0931587e-01   1.1521477e-02   8.6574129e-03   6.7595272e-03
  -5.4942522e-02   4.5342957e-01   1.2810003e-01   1.2489706e-02   9.0807436e-03   6.6008714e-03
  -7.3908615e-02   4.5039293e-01   1.8156278e-01   1.0728324e-02   9.2953878e-03   6.6994436e-03
  -5.4024405e-02   5.1697684e-01   2.1216244e-01   1.1987141e-02   9.3835780e-03   6.7377563e-03
  -6.4202183e-02   3.9323909e-01   1.3585279e-01   1.1860426e-02   9.5158512e-03   6.7748691e-03
  -6.6691701e-02   6.1555320e-01   2.9450091e-01   1.0174750e-02   9.1071060e-03   6.8745594e-03
  -4.4513311e-02   3.4729220e-01   1.1317203e-01   1.2039975e-02   9.7750811e-03   6.8963018e-03
   8.0208863e-04   4.3924622e-01   1.7412533e-01   1.0123082e-02   1.0099213e-02   8.2581369e-03
   5.5655275e-02   5.6739082e-01   2.6867604e-01   1.0740907e-02   1.0600613e-02   8.1972852e-03
   4.7446592e-02   3.2774321e-01   1.1793628e-01   1.1836727e-02   1.1545804e-02   8.3113128e-03
   2.0560768e-02   5.3547475e-01   2.3741740e-01   9.9529219e-03   1.0485390e-02   8.1903717e-03
   4.0851421e-02   4.2769744e-01   1.4096447e-01   1.1622535e-02   1.1139753e-02   8.2649249e-03
   3.1253129e-02   4.4514133e-01   1.6332845e-01   1.0819078e-02   1.1354333e-02   8.4318197e-03
   4.1885723e-02   5.7500475e-01   2.2770489e-01   1.1164819e-02   1.0917205e-02   8.2742802e-03
   3.4264279e-02   3.6370570e-01   1.0731821e-01   1.1595894e-02   1.1055043e-02   8.1200848e-03
   2.8670277e-02   4.9777848e-01   2.1264067e-01   9.6904587e-03   1.1119507e-02   8.2760741e-03
   4.9068096e-02   5.0217468e-01   2.2242987e-01   1.1300614e-02   1.1163002e-02   8.1719654e-03
   4.2466967e-02   3.6433713e-01   1.2534932e-01   1.1327593e-02   1.1291848e-02   7.9957272e-03
   9.5090453e-03   5.9384813e-01   2.8209605e-01   9.8453019e-03   1.0562565e-02   8.1930462e-03
   4.6671820e-02   3.2902597e-01   8.8193918e-02   1.1331860e-02   1.1480095e-02   8.1827064e-03
   3.1046554e-02   5.5693035e-01   2.1765388e-01   1.0770479e-02   1.0869019e-02   8.1013179e-03
   4.6629169e-02   3.5771622e-01   9.6466244e-02   1.1540184e-02   1.1449466e-02   8.0079350e-03
   2.2880662e-02   5.9240964e-01   2.7657544e-01   9.7724655e-03   1.0402190e-02   7.4171392e-03
   3.9680876e-02   3.6172010e-01   1.1654721e-01   1.1730206e-02   1.0708053e-02   7.6455496e-03
   2.5418674e-02   4.3156981e-01   1.4697426e-01   1.1121623e-02   1.0949293e-02   7.8197404e-03
   1.9527181e-02   6.1589294e-01   2.9008331e-01   9.4807165e-03   9.9875432e-03   8.0705952e-03
   6.2352646e-02   3.4085025e-01   1.0865653e-01   1.1450900e-02   1.1347071e-02   7.9152935e-03
   4.6927054e-02   4.2939186e-01   1.4446036e-01   1.1308804e-02   1.1322776e-02   7.8469970e-03
   4.0691913e-02   5.8622909e-01   2.5957741e-01   9.3842972e-03   1.0551237e-02   8.0358706e-03
   5.1280989e-02   3.7280464e-01   1.0100427e-01   1.1187430e-02   1.1132561e-02   7.8717041e-03
   2.9678512e-02   4.5314692e-01   1.5221727e-01   1.1488292e-02   1.1301452e-02   8.0864607e-03
   2.1736226e-02   5.5882204e-01   2.3262882e-01   9.3181949e-03   1.0216854e-02   8.3118263e-03
   2.9272906e-01   4.4351369e-01   1.8584579e-01   1.1138853e-02   1.1539856e-02   8.6323598e-03
   2.5033335e-01   4.1729541e-01   1.6240056e-01   1.1108177e-02   1.2389771e-02   8.6785615e-03
   2.4362424e-01   5.3231059e-01   2.6846432e-01   1.0126738e-02   1.1627151e-02   8.9416746e-03
   2.4448464e-01   3.3997286e-01   1.3688932e-01   1.0764816e-02   1.2068542e-02   8.7064485e-03
   2.3256991e-01   4.8379404e-01   2.5135328e-01   8.7615620e-03   1.1939793e-02   8.9703034e-03
   2.5222665e-01   4.2022399e-01   1.7940127e-01   1.0784367e-02   1.2302073e-02   8.8970120e-03
   2.4144815e-01   3.7289396e-01   1.4608933e-01   9.4282849e-03   1.2148095e-02   8.9734187e-03
   2.5747145e-01   5.2902556e-01   2.4829638e-01   9.8393302e-03   1.2253805e-02   8.9874278e-03
   2.4673502e-01   3.4644056e-01   1.3033825e-01   1.0948767e-02   1.2607234e-02   8.6979982e-03
   2.3211438e-01   5.1502771e-01   2.5672337e-01   8.5094459e-03   1.1819927e-02   9.0529953e-03
   2.5839268e-01   3.8887347e-01   1.5218707e-01   1.0600600e-02   1.2420327e-02   8.9445999e-03
   2.4369286e-01   4.0202231e-01   1.7142640e-01   9.4291343e-03   1.2557686e-02   9.1493252e-03
   2.4888370e-01   5.4588262e-01   2.3246912e-01   9.8169883e-03   1.2356199e-02   8.9207146e-03
   2.3660513e-01   3.2827458e-01   9.0276802e-02   1.0498988e-02   1.2584713e-02   8.9271324e-03
   2.4182949e-01   5.3903657e-01   2.6347816e-01   9.7131979e-03   1.2385147e-02   6.7206538e-03
   6.8547041e-01   3.6426066e-01   1.3456126e-01   1.0514667e-02   1.4409025e-02   6.2494984e-03
   6.5002907e-01   2.9131664e-01   9.4490946e-02   9.4381171e-03   1.5414489e-02   6.7914025e-03
   5.8789148e-01   5.3556060e-01   2.4635731e-01   1.0132564e-02   1.4053923e-02   6.9290597e-03
   6.0824886e-01   2.5749126e-01   8.2256318e-02   1.0692726e-02   1.5196074e-02   6.9051443e-03
   5.9951181e-01   5.1592894e-01   2.2888976e-01   9.3299839e-03   1.4443879e-02   7.4481057e-03
   6.1878732e-01   3.3332412e-01   8.8122377e-02   1.0547754e-02   1.5307498e-02   7.0959581e-03
   5.8702220e-01   3.8429748e-01   1.1602037e-01   1.0755109e-02   1.5232465e-02   7.1374625e-03
   5.9203758e-01   5.4876666e-01   2.5637749e-01   9.5722398e-03   1.5032840e-02   7.1933752e-03
   5.9723643e-01   3.1319321e-01   1.0175654e-01   1.0675827e-02   1.5610379e-02   7.2206891e-03
   5.7239830e-01   3.8407835e-01   1.3894950e-01   8.8929130e-03   1.5123374e-02   7.3937181e-03
   5.7742209e-01   4.9404891e-01   2.2832866e-01   9.7071880e-03   1.4656939e-02   7.3780158e-03
   5.8356803e-01   2.8752975e-01   9.0437284e-02   1.0277387e-02   1.5784193e-02   7.1177820e-03
   5.8686204e-01   4.2230711e-01   1.9865278e-01   8.4234767e-03   1.5429807e-02   7.3715082e-03
   5.9247978e-01   3.6052688e-01   1.4443124e-01   1.0098547e-02   1.5821275e-02   7.2525023e-03
   5.4770121e-01   3.5055056e-01   9.8218726e-02   1.0325268e-02   1.5596236e-02   7.3984495e-03
   5.7199154e-01   5.4025859e-01   2.4283108e-01   9.2970683e-03   1.5409419e-02   7.5151510e-03
   5.8548905e-01   3.1632838e-01   7.5762439e-02   1.0415092e-02   1.5992972e-02   7.4388756e-03
   5.8125161e-01   5.0504324e-01   2.0183484e-01   8.4608176e-03   1.5131198e-02   7.3004404e-03
   5.9374746e-01   3.6676835e-01   9.1674543e-02   1.0590405e-02   1.6044290e-02   7.2799639e-03
   5.6977325e-01   4.5253876e-01   1.7854121e-01   8.4286397e-03   1.5470885e-02   7.5379060e-03
   5.8271090e-01   3.8494236e-01   9.0897886e-02   1.0988650e-02   1.5868585e-02   7.3619606e-03
   5.7188725e-01   3.5096678e-01   7.1802290e-02   9.6147492e-03   1.5716184e-02   7.5755573e-03
   5.9970380e-01   4.6626895e-01   1.5346835e-01   1.1050639e-02   1.6174603e-02   7.6203427e-03
   5.9874074e-01   3.2325632e-01   4.9442438e-02   1.0814200e-02   1.6257969e-02   7.5010559e-03
   5.8016105e-01   5.2571037e-01   1.4785058e-01   1.1584542e-02   1.5608702e-02   7.5135436e-03
   5.9934838e-01   3.1967080e-01   1.5440451e-02   1.2049840e-02   1.6404760e-02   7.2917196e-03
   5.9378409e-01   5.5145839e-01   1.6952489e-01   1.1170272e-02   1.6044113e-02   7.4540937e-03
   5.9980543e-01   3.3234938e-01   2.2786363e-02   1.1760562e-02   1.6349761e-02   7.1901333e-03
   5.7372645e-01   4.1486350e-01   9.2478750e-02   1.0861043e-02   1.5949004e-02   7.4714218e-03
   5.8806079e-01   5.0846768e-01   1.7407491e-01   1.1828306e-02   1.6364509e-02   7.3862905e-03
   6.0311051e-01   3.2245571e-01   3.9808668e-02   1.2317688e-02   1.6842678e-02   7.1992152e-03
   5.7899354e-01   5.1424851e-01   1.8040627e-01   1.0780234e-02   1.5925466e-02   7.3959161e-03
   5.8788141e-01   3.2899314e-01   5.6262009e-02   1.2309391e-02   1.6797715e-02   7.2566439e-03
   5.7620872e-01   3.8221742e-01   9.7961696e-02   1.1149574e-02   1.6489363e-02   7.5399284e-03
   5.8105765e-01   4.6845610e-01   1.3836174e-01   1.1859624e-02   1.6248846e-02   7.5333399e-03
   5.8950810e-01   3.5506588e-01   6.1452350e-02   1.1327711e-02   1.6705322e-02   7.3898283e-03
   5.8159953e-01   5.5552389e-01   1.6305560e-01   1.2332759e-02   1.6422919e-02   7.2487543e-03
   5.8535983e-01   3.1078699e-01   2.0252406e-02   1.1878418e-02   1.6851326e-02   7.0812114e-03
   5.6624874e-01   5.6481790e-01   1.9288028e-01   1.1405493e-02   1.6013311e-02   7.2194657e-03
   6.1531021e-01   3.0768152e-01   2.4691368e-02   1.2340668e-02   1.7362685e-02   7.2040055e-03
   5.8443130e-01   5.2981546e-01   1.5623156e-01   1.1227535e-02   1.6500808e-02   7.4042874e-03
   5.9701303e-01   3.3240820e-01   5.7823492e-03   1.2610388e-02   1.6897443e-02   7.3191934e-03
   5.7160823e-01   5.6322909e-01   1.8829917e-01   1.1050716e-02   1.6331499e-02   7.4651520e-03
   6.0930190e-01   3.3456201e-01   3.5767755e-02   1.3044295e-02   1.7283805e-02   7.3639607e-03
   5.9686305e-01   4.6743386e-01   1.1471798e-01   1.0604944e-02   1.6898709e-02   7.2145772e-03
   5.8417021e-01   4.3713850e-01   8.9324348e-02   1.2416881e-02   1.6807373e-02   7.2662389e-03
   5.6550610e-01   4.0024180e-01   6.5120566e-02   1.1667403e-02   1.6816003e-02   7.6233356e-03
   5.4456825e-01   5.4960155e-01   1.6239613e-01   1.2822333e-02   1.5894149e-02   7.6255754e-03
   5.7254586e-01   2.9574937e-01  -5.5561381e-03   1.2997352e-02   1.6748018e-02   7.3863486e-03
   5.5531547e-01   5.5848001e-01   1.8676369e-01   1.0800798e-02   1.6048067e-02   7.7539182e-03
   5.8228826e-01   3.4430816e-01   3.4400487e-02   1.3231816e-02   1.6999375e-02   7.7890080e-03
   5.5951872e-01   4.0192020e-01   6.6497267e-02   1.2335620e-02   1.6660470e-02   7.8604028e-03
   5.5921313e-01   5.3637121e-01   1.6490697e-01   1.2750058e-02   1.6143633e-02   7.8245692e-03
   5.5828324e-01   3.5447578e-01   5.3978022e-02   1.3298394e-02   1.6448914e-02   7.8244496e-03
   5.4912380e-01   4.4203719e-01   1.2767005e-01   1.2174340e-02   1.6388321e-02   7.8362407e-03
   5.6758783e-01   5.5045059e-01   1.6641464e-01   1.4010166e-02   1.5726246e-02   7.7915907e-03
   5.6389024e-01   3.6427560e-01   4.9824775e-02   1.3608398e-02   1.6321536e-02   7.8713310e-03
   5.5805178e-01   4.4450842e-01   1.1274575e-01   1.2124230e-02   1.6261409e-02   7.9728099e-03
   5.6425215e-01   5.6654170e-01   1.7791598e-01   1.3420717e-02   1.6031741e-02   7.9507197e-03
   5.7957344e-01   3.2895666e-01   3.5899382e-02   1.3453320e-02   1.6863970e-02   7.9664677e-03
   5.4046876e-01   5.9861186e-01   2.2623189e-01   1.4561434e-02   1.5809483e-02   7.4849361e-03
   5.6345081e-01   3.3010295e-01   1.3210829e-02   1.5236109e-02   1.6476702e-02   7.2017961e-03
   5.4780883e-01   5.9576783e-01   1.9383681e-01   1.3483851e-02   1.5957298e-02   7.4692311e-03
   5.7261192e-01   3.5641908e-01   1.8296373e-02   1.5447738e-02   1.6742997e-02   7.4123295e-03
   5.5827257e-01   4.3756534e-01   4.8897161e-02   1.4464259e-02   1.6645760e-02   7.6189167e-03
   5.6063527e-01   6.2184807e-01   1.7310272e-01   1.4307494e-02   1.5998631e-02   7.6599372e-03
   5.7461552e-01   3.9957399e-01   4.3549002e-02   1.5269527e-02   1.6585703e-02   7.7935449e-03
   5.6677368e-01   5.0113648e-01   1.2643492e-01   1.4107608e-02   1.6776264e-02   7.7009898e-03
   2.8031453e-01   1.1560812e+00   5.8202360e-01   1.5291650e-02   1.0938687e-02   6.7495131e-03
   3.4647664e-01   2.6840925e-01  -3.3215830e-01   2.2420735e-02   1.4521374e-02   1.4862855e-02
   5.0048619e-01   6.2106754e-01   1.6401648e-03   2.0975929e-02   1.6148563e-02   1.4350710e-02
   4.9461882e-01   6.4545788e-01   2.5008098e-02   2.0655476e-02   1.6346106e-02   1.4636077e-02
   5.0475705e-01   8.1558430e-01   1.7845806e-01   1.9363855e-02   1.5553261e-02   1.4664506e-02
   5.0810329e-01   5.9501439e-01  -1.8443833e-02   2.1009894e-02   1.5626110e-02   1.4606915e-02
   4.2635984e-01   6.8253486e-01   3.6512739e-02   2.0792077e-02   1.4430899e-02   1.3350418e-02
   4.8787250e-01   7.0615110e-01   1.4257286e-01   1.8244951e-02   1.4789669e-02   1.4420492e-02
   5.2427289e-01   7.0261103e-01   1.6293092e-01   1.9733200e-02   1.5577138e-02   1.4361839e-02
   5.2530773e-01   5.5464007e-01   5.1192501e-02   2.0200354e-02   1.5952260e-02   1.4392314e-02
   5.1570928e-01   6.0872369e-01   9.5770845e-02   1.9397544e-02   1.6119414e-02   1.4646185e-02
   5.3056494e-01   7.2846339e-01   2.4684977e-01   1.8809826e-02   1.5404173e-02   1.4508250e-02
   5.6305050e-01   4.9526275e-01   5.5905813e-02   1.9777121e-02   1.6655923e-02   1.4374623e-02
   5.4391208e-01   5.8300240e-01   8.9949067e-02   1.8567852e-02   1.6214335e-02   1.4303219e-02
   5.5830268e-01   6.9746938e-01   1.6652155e-01   1.9632178e-02   1.5905706e-02   1.4453145e-02
   5.6023589e-01   5.3988671e-01   5.9939922e-02   1.9487307e-02   1.6176939e-02   1.4644723e-02
   5.7940039e-01   6.1373583e-01   1.7096527e-01   1.7042015e-02   1.5213048e-02   1.5331083e-02
   6.5693790e-01   6.1693779e-01   1.7217967e-01   1.8515572e-02   1.5708394e-02   1.4525278e-02
   6.6613117e-01   5.1044892e-01   7.9070481e-02   1.8898778e-02   1.6501562e-02   1.4549240e-02
   6.2527861e-01   7.0047594e-01   2.4454787e-01   1.6688866e-02   1.5251750e-02   1.4844825e-02
   6.5626624e-01   4.3407364e-01   9.5947209e-02   1.7944959e-02   1.6332494e-02   1.4881281e-02
   6.4182177e-01   4.4380027e-01   9.2780588e-02   1.6864700e-02   1.6207048e-02   1.5230109e-02
   6.4971065e-01   6.8257711e-01   2.2691505e-01   1.6394780e-02   1.5529057e-02   1.5304188e-02
   5.9055171e-01   4.3575140e-01   2.0676299e-03   1.9399838e-02   1.5920886e-02   1.4650364e-02
   5.9537535e-01   6.0611345e-01   9.3454071e-02   1.9179786e-02   1.6203263e-02   1.5039816e-02
