   0.0000000e+00   0.0000000e+00   0.0000000e+00   0.0000000e+00   0.0000000e+00   0.0000000e+00
   3.1902872e-02   1.1461153e-02   4.7884851e-02   1.5129140e-03  -1.9871086e-04   5.8988762e-04
   1.7536342e-03   9.4903398e-02   1.4719644e-01   1.8998240e-03  -4.8640616e-04   3.0614750e-04
  -3.0221028e-02   1.2223254e-01   1.6579340e-01   2.2910154e-03  -9.0382481e-04  -2.2694514e-05
  -4.1137522e-02   1.4205934e-01   1.5576901e-01   2.3848595e-03  -8.5953359e-04  -4.6295606e-04
  -2.9387469e-02   1.6809577e-01   1.6738206e-01   6.6169603e-04  -1.0369902e-03  -1.3034705e-04
  -4.0528699e-02   8.9565551e-02  -2.1178542e-03   3.0165582e-04  -7.2609969e-04  -5.4124601e-04
  -1.0603747e-02   7.2318703e-02   6.8427668e-02  -2.9391165e-04  -5.6793604e-04   1.6784120e-05
  -1.3786905e-02   3.2786756e-02   5.9550701e-02   1.2297971e-03  -7.8371758e-04   3.0237897e-04
   9.6376872e-03   9.9198181e-02   1.8170561e-01   2.1542082e-03  -1.0094800e-03   7.3082955e-04
  -1.0430907e-03   7.1034051e-02   9.5079893e-02   1.3870618e-03  -6.4192978e-04   2.2881834e-04
  -2.6451699e-02   1.1863883e-01   1.1997087e-01   8.2990491e-04  -1.2700987e-03   3.4120288e-04
  -1.3264423e-02   1.0409541e-01   1.5187974e-01  -1.0619321e-04  -3.2999154e-04   1.6508785e-04
   1.4367990e-02   2.9279291e-02   2.0074992e-02  -5.1557358e-04   3.7196222e-04   8.3157814e-05
   2.4655134e-02   4.1332996e-02   4.9719104e-02   7.1441098e-04   2.5095808e-04  -1.2732504e-04
   1.8233747e-03   8.6350955e-02   9.6256703e-02   2.0800900e-03   4.1688473e-04   6.1686350e-05
   2.2363784e-03   1.4523693e-01   1.3919501e-01   2.7338020e-03  -4.9263077e-04   2.3794069e-04
  -2.4499326e-02   1.1742455e-01   6.6792736e-02   1.4736923e-03  -8.7554682e-05  -4.7089252e-04
  -3.4839898e-02   1.5657488e-01   1.3283212e-01   1.1231917e-03   2.3872412e-04  -6.3192735e-04
  -3.0931294e-02   1.3318408e-01   7.2696192e-02   5.9707246e-04   3.6793499e-04  -1.4754277e-04
  -2.6311124e-03   4.4804449e-02  -3.5292326e-02   3.8492171e-04   7.6447161e-04  -4.5080197e-05
   5.2714673e-02   1.1092013e-02  -9.8345123e-03   4.0412689e-04   5.8353713e-04   4.5282124e-04
  -2.4992204e-02   1.6098647e-01   3.9883928e-01   1.4850470e-03  -9.5657368e-04  -4.8043427e-04
  -3.7580306e-02   1.2036014e-01   3.2019035e-01   1.3935671e-03  -1.3960744e-03  -4.9375088e-04
  -9.3836746e-02   2.2383922e-01   5.1959598e-01   1.6028707e-04  -2.0795751e-03  -1.1193587e-03
  -7.5720820e-02   2.1389772e-01   5.0527220e-01   3.9160189e-04  -2.2924023e-03  -1.1202434e-03
  -2.0772240e-02   6.1549774e-02   2.7334950e-01  -9.7880613e-04  -7.9061941e-04  -9.5091115e-05
  -2.7892518e-02   3.8972817e-03   1.6388221e-01   4.8493392e-04  -6.4288796e-04   2.9730682e-04
  -6.8927481e-03   9.2633394e-02   2.4525716e-01   1.8891430e-03  -1.0807261e-03   1.5552982e-03
   2.1959886e-02   1.1353813e-01   2.4545240e-01   8.3108606e-04  -5.2038583e-04   1.5055413e-03
  -2.4329730e-03   1.3196714e-01   3.4080308e-01   1.4608763e-03  -7.4453262e-04   1.5581390e-03
  -1.2594127e-02   1.1566039e-01   2.3513412e-01  -3.1041160e-04  -9.1552913e-05   8.0785229e-04
   1.0996249e-02   1.1084887e-01   2.9094200e-01  -1.8119340e-03   6.3241019e-05   1.1264256e-03
   4.3962990e-02   1.9343905e-02   1.9006050e-01  -1.7073526e-04   4.9536825e-04   1.4000743e-03
   1.3153457e-03   1.0104825e-01   2.7616451e-01   6.8661635e-04   5.1727614e-05   1.3347467e-03
  -8.5716100e-03   1.1130766e-01   2.7659378e-01   1.2933300e-03  -4.6007684e-04   1.9824746e-03
   2.6669724e-02   1.5537525e-01   3.8777470e-01   9.6545502e-04  -2.3333322e-04   1.9229032e-03
   1.9605218e-02   1.3495919e-01   2.5622751e-01   5.5203507e-04   2.0982534e-05   1.6710370e-03
   5.4307027e-02   1.3477340e-01   2.4657312e-01  -1.0057673e-03   1.9828490e-04   2.3259998e-03
   8.1589634e-02   1.4497239e-01   2.6497931e-01  -1.0087443e-03  -2.1139526e-03   5.2700730e-04
   5.6362730e-02   9.2081559e-02   2.1945442e-01  -1.0365997e-03  -1.0014844e-03   1.1819218e-03
   6.5923347e-02   9.5066893e-02   2.2898409e-01   2.3373022e-04  -9.2712877e-04   1.4928130e-03
   7.8848246e-02   1.0544442e-01   2.1128430e-01   1.3738540e-03  -6.8525410e-04   1.7436122e-03
   5.8812686e-02   1.3179507e-01   2.4407692e-01   1.2893461e-03  -6.1939430e-04   1.5994792e-03
   6.0732034e-02   1.2658718e-01   2.2544286e-01   3.6329184e-04  -1.5324956e-04   1.9956162e-03
   1.1811057e-01   1.5029386e-01   2.0657323e-01   1.1792871e-03  -6.1826058e-06   4.0549150e-03
   1.3836022e-01   9.8011012e-02   2.1174533e-01  -6.6186477e-04   9.4724352e-04   4.0326264e-03
   1.2078536e-01   2.6748282e-02   1.3758549e-01  -3.0567302e-04   8.7238312e-04   4.0847085e-03
   1.2462710e-01   4.4403484e-02   2.8957387e-01  -9.8719307e-04   1.1107355e-03   4.1097415e-03
   1.0924331e-01   1.6228019e-01   4.2589940e-01   6.0571393e-04   8.5824929e-04   3.7286080e-03
   1.1800320e-01   1.1267300e-01   2.3388484e-01   9.4659062e-04   8.2822518e-04   3.6946957e-03
   1.1373002e-01   9.7377992e-02   8.4267393e-02  -3.5797242e-04   1.2256044e-03   3.8798359e-03
   1.1199762e-01   1.4080370e-01   9.2339680e-02  -1.2538166e-03   1.8202398e-03   3.0511729e-03
   1.3945613e-01   4.6282818e-02   7.5388454e-02   7.1719606e-04   1.4675721e-03   3.2542996e-03
   1.3594359e-01   1.2951098e-01   1.8916954e-01   1.0484473e-03   1.0183877e-03   3.6470962e-03
   1.5949640e-01   1.6166810e-01   1.3059358e-01   2.0686188e-03   1.0625082e-03   3.6517150e-03
   1.8701502e-01   1.7457060e-01   1.5907166e-01   1.7434985e-03   1.2039287e-03   3.4548194e-03
   1.5715733e-01   1.9613331e-01   1.3103744e-01  -3.9684387e-05   1.1316002e-03   3.3428374e-03
   1.7923508e-01   1.4111811e-01   1.5664476e-01  -7.5162573e-04   1.3502524e-03   3.7019820e-03
   1.8988095e-01  -3.6776058e-02   8.4961753e-01   2.5211481e-03   5.4730845e-03   6.0283500e-04
   5.4627965e-01   5.1377142e-01   1.9564933e+00  -1.6514970e-03   6.3058032e-03  -3.7898994e-03
   4.7021469e-01  -2.8130647e-01   6.7177228e-01   3.3160554e-03   5.8499803e-03  -1.5232792e-03
   3.8411139e-01  -5.5047261e-01   2.0526058e-01   2.8926639e-03   5.7537074e-03  -1.3844267e-03
   4.1607447e-01  -2.7423473e-01   4.8054098e-01  -4.4697684e-04   5.0596337e-03  -2.6536379e-03
   4.0043315e-01  -4.3627341e-01   3.0664921e-01   7.5547422e-04   4.7956869e-03  -1.4073264e-03
   4.5619477e-01  -3.6674873e-01   5.8809783e-01   8.0491265e-04   5.0327199e-03   7.0870539e-04
   5.4014942e-01  -6.3629002e-01   3.2776453e-01  -1.0561089e-03   5.8154883e-03   2.1176004e-04
   5.1870892e-01  -4.6690325e-01   3.2959192e-01   1.4382943e-03   5.1369303e-03   5.2542339e-04
   4.3680504e-01  -4.1354257e-01   3.6103475e-01  -2.3090683e-03   5.1254473e-03  -4.4718059e-05
   4.5969888e-01  -5.1079791e-01   2.8585794e-01  -1.9964013e-03   5.5277996e-03   3.4515624e-04
   4.7037306e-01  -4.8611014e-01   2.8013867e-01  -6.5880188e-04   5.2778221e-03   5.1274763e-04
   4.5186278e-01  -4.1062768e-01   3.6633614e-01  -4.3839222e-05   4.5155297e-03   2.7330725e-04
   4.5255960e-01  -4.6342881e-01   1.8993339e-01  -2.7891949e-03   5.4515120e-03  -2.3729846e-04
   4.6423275e-01  -5.2920129e-01   1.5508546e-01  -1.6384252e-03   5.7457181e-03   5.7734546e-04
   4.4580680e-01  -4.0522291e-01   2.4973003e-01  -7.3229501e-04   5.5374307e-03   7.1378652e-04
   4.5293635e-01  -4.0885410e-01   2.5257042e-01  -6.9775263e-04   5.7632729e-03   4.6371056e-04
   4.4747897e-01  -3.5782121e-01   1.9056352e-01  -1.7165550e-03   5.6787584e-03   3.5258463e-05
   5.4842029e-01  -4.4287989e-01   2.1663922e-01  -3.2177142e-03   6.9491186e-03   2.5207018e-04
   5.3335193e-01  -3.1377542e-01   4.2953437e-01  -4.4806965e-03   5.3747700e-03  -5.6147831e-04
   5.0951717e-01  -2.5248403e-01   7.5654938e-01  -2.1059050e-03   5.1436510e-03  -3.0420249e-04
   4.6491326e-01  -3.3545833e-01   4.6750896e-01  -1.1306202e-03   5.3986027e-03  -8.2296220e-04
   4.5246827e-01  -3.1666222e-01   3.7432199e-01  -2.4162033e-03   5.5085942e-03  -1.3664556e-03
   4.5915741e-01  -3.0724402e-01   3.7308614e-01  -3.5188950e-03   5.6953868e-03  -1.8469364e-03
   4.6099463e-01  -3.5541921e-01   3.5228532e-01  -3.4511199e-03   6.1634829e-03  -1.9096380e-03
   4.3265052e-01  -3.2067555e-01   2.9400021e-01  -1.3462358e-03   5.8982282e-03  -1.4314455e-03
   4.1030053e-01  -2.9198649e-01   3.7011293e-01  -1.2947745e-03   4.9551191e-03  -1.4929855e-03
   4.3284430e-01  -2.2318775e-01   4.5715718e-01  -1.7033375e-03   4.4700459e-03  -1.8308610e-03
   4.3506128e-01  -3.2513109e-01   5.1234900e-01  -3.6933759e-03   4.4797734e-03  -1.4439298e-03
   4.4655550e-01  -3.9961805e-01   4.2007367e-01  -3.4657242e-03   6.1892696e-03  -1.8028992e-03
   3.4478553e-01  -3.8158289e-01   5.9610637e-01  -5.9470793e-03   5.6583861e-03  -3.5094501e-03
   4.2116153e-01  -3.5422355e-01   5.4044216e-01  -4.6657019e-03   3.8878779e-03  -1.4907466e-03
   3.7876368e-01  -3.9947315e-01   3.3406498e-01  -9.6636414e-04   3.7831511e-03  -1.9285921e-03
   3.5189399e-01  -2.8481468e-01   4.7262721e-01  -2.8709433e-03   3.1356312e-03  -1.7905760e-03
   3.4394896e-01  -3.1910778e-01   4.0291669e-01  -3.3745095e-03   3.5866912e-03  -1.5936082e-03
   3.5729208e-01  -3.6485509e-01   4.0121843e-01  -4.6754012e-03   4.8565726e-03  -1.6970709e-03
   3.9167074e-01  -4.4206855e-01   3.2980146e-01  -5.4147827e-03   5.0024367e-03  -1.2548549e-03
   4.0432022e-01  -3.5382351e-01   5.0545149e-01  -2.7132158e-03   4.4252154e-03  -5.2911797e-04
   4.1864949e-01  -1.7331463e-01   9.2929567e-01  -3.1351152e-03   4.9434963e-03  -1.5908079e-03
   3.9740221e-01  -4.3971076e-01   7.7459545e-01  -3.8628940e-03   7.1470491e-03  -5.2031513e-03
   4.7774311e-01  -4.6964516e-01   5.3872861e-01  -6.2177624e-03   6.7748242e-03  -3.8052380e-03
   3.9201314e-01  -4.2157360e-01   3.6822089e-01  -3.1042437e-03   6.8728046e-03  -4.1264479e-03
   4.0908151e-01  -3.3885441e-01   2.7614666e-01  -6.8363377e-03   6.8382301e-03  -3.7699135e-03
   4.0003248e-01  -4.1011122e-01   2.7198841e-01  -8.7376018e-03   7.1740907e-03  -3.4360764e-03
   4.2433925e-01  -4.6953578e-01   2.2270164e-01  -6.0372393e-03   6.4144318e-03  -2.8364765e-03
   4.1893154e-01  -3.7050308e-01   3.8024714e-01  -7.2695733e-03   6.5072848e-03  -2.1437875e-03
   4.1081458e-01  -4.1627098e-01   3.7475744e-01  -7.4003856e-03   6.1927740e-03  -2.6838581e-03
   4.3565429e-01  -5.5255535e-01   2.7379293e-01  -9.7196146e-03   6.3773218e-03  -1.8880508e-03
   4.3559402e-01  -4.6412527e-01   2.9950902e-01  -6.1887556e-03   5.4281139e-03  -1.7003172e-03
   4.0199328e-01  -3.7321833e-01   3.5915760e-01  -5.1848851e-03   5.0920297e-03  -1.4490743e-03
   3.9170123e-01  -3.9764846e-01   3.0575138e-01  -6.5833582e-03   5.6034902e-03  -2.3738923e-03
   4.0220320e-01  -4.3571475e-01   3.1570577e-01  -8.0658711e-03   5.8883291e-03  -2.2220334e-03
   4.2313154e-01  -5.3601434e-01   2.3503216e-01  -7.3781535e-03   6.4317582e-03  -2.2701602e-03
   3.6910560e-01  -4.6972840e-01   2.6530084e-01  -5.0255630e-03   6.0995129e-03  -2.3415206e-03
   3.1421705e-01  -3.6933450e-01   3.3202798e-01  -4.4008076e-03   6.0310975e-03  -3.1797637e-03
   2.8465387e-01  -3.4915672e-01   2.2191896e-01  -5.6993649e-03   6.0987782e-03  -3.9609844e-03
   2.7227868e-01  -3.3016782e-01   2.2468052e-01  -5.1811385e-03   6.5538000e-03  -4.8670117e-03
   2.6596783e-01  -3.2797478e-01   2.6117238e-01  -4.4055218e-03   6.7189226e-03  -4.8200709e-03
   3.2832993e-01  -3.6035165e-01   2.3602813e-01  -4.8984889e-03   7.0030726e-03  -4.3121504e-03
   2.9866982e-01  -3.0249103e-01   2.6859308e-01  -2.8527336e-03   6.8025634e-03  -3.9902492e-03
   2.6590548e-01  -2.2776407e-01   3.0010581e-01  -1.6587104e-03   6.2129850e-03  -4.5307649e-03
   2.2752343e-01  -1.6716549e-01   3.6259952e-01  -2.7612181e-03   5.9941064e-03  -5.4378475e-03
   2.5180372e-01  -1.5079422e-01   2.4726445e-01  -3.5266352e-03   6.0791553e-03  -5.6514193e-03
   2.5674724e-01  -1.8895445e-01   1.6943625e-01  -3.8504139e-03   7.2339852e-03  -5.9404652e-03
   2.5247019e-01  -2.5269342e-01   1.9319679e-01  -1.9000506e-03   7.2697083e-03  -6.5933213e-03
   1.9195507e-01  -1.4861612e-01   2.8029291e-02   1.9765160e-03   8.6244391e-03  -1.1183637e-02
   2.7091345e-01  -4.7561739e-02   2.5623562e-01  -2.0034853e-03   7.0131732e-03  -9.3122751e-03
   3.1081689e-01  -1.2216374e-01   3.5022175e-01  -3.8018969e-03   7.2180860e-03  -7.6205350e-03
   3.0054630e-01  -1.6471952e-01   3.2244410e-01  -4.3658358e-03   6.4737162e-03  -6.8299436e-03
   3.2209460e-01  -2.3946486e-01   1.6272035e-01  -5.6060240e-03   6.9452411e-03  -7.4840992e-03
   2.9232398e-01  -2.9257304e-01   2.1048493e-01  -6.4505493e-03   6.8496451e-03  -7.0385051e-03
   2.8572527e-01  -3.0327088e-01   1.9854142e-01  -4.0228066e-03   6.2823108e-03  -6.5751643e-03
   2.7943899e-01  -2.0429110e-01   2.4497661e-01  -2.9628168e-03   6.2385126e-03  -6.4741578e-03
   2.6187095e-01  -2.1316424e-01   2.5084708e-01  -3.5715768e-03   6.2276756e-03  -6.7227693e-03
   2.5145267e-01  -1.4762877e-01   2.9306400e-01  -3.2608088e-03   6.3448892e-03  -7.4435381e-03
   2.3551697e-01  -1.8021102e-01   2.5622042e-01  -4.5236146e-03   6.5521914e-03  -7.6386703e-03
   2.3956162e-01  -1.7055560e-01   2.7513611e-01  -4.3551691e-03   7.1742818e-03  -8.4965940e-03
   2.3838616e-01  -1.9733256e-01   2.3490986e-01  -3.9060178e-03   7.4560868e-03  -8.2160154e-03
   2.9578601e-01  -2.2863511e-01   3.2663928e-01  -3.0930283e-03   7.6473741e-03  -7.1732002e-03
   2.4736009e-01  -2.1056630e-01   4.8363240e-01  -4.4853791e-03   7.5033141e-03  -7.1629902e-03
   2.8187691e-01  -3.5947533e-01   3.4050959e-01  -7.5947326e-03   7.8111222e-03  -6.7487698e-03
   2.4556845e-01  -3.3603422e-01   3.1568107e-01  -5.7541107e-03   7.4715064e-03  -7.0335339e-03
   2.3942742e-01  -3.0484851e-01   3.2581624e-01  -4.0549506e-03   6.7700416e-03  -6.4830208e-03
   2.1206602e-01  -1.9881908e-01   4.5254260e-01  -4.0762922e-03   6.2709145e-03  -7.6437866e-03
   2.0643231e-01  -1.8035331e-01   3.3669287e-01  -2.8350140e-03   5.1128331e-03  -9.1398918e-03
   2.1860764e-01  -1.4739815e-01   2.5195656e-01  -5.3121048e-03   6.0102724e-03  -9.0458916e-03
   2.3692243e-01  -1.5968531e-01   2.0895074e-01  -5.2155412e-03   6.9343543e-03  -9.9189955e-03
   2.4913629e-01  -2.0574367e-01   2.0874359e-01  -5.0575645e-03   7.0783488e-03  -9.4324127e-03
   2.7340883e-01  -1.6129410e-01   2.4692773e-01  -2.6964661e-03   7.0072263e-03  -8.6057586e-03
   2.4437949e-01  -3.9734046e-02   3.6248804e-01  -2.2222160e-03   6.7984909e-03  -8.4094231e-03
   2.0531314e-01  -5.3865974e-02   2.9741682e-01  -4.9149072e-03   7.5478409e-03  -1.0306202e-02
   2.2714290e-01  -1.3136517e-01   2.2628206e-01  -5.7023076e-03   7.8232836e-03  -9.8814723e-03
   2.6568138e-01  -1.7761254e-01   1.8046415e-01  -3.3143316e-03   7.6012349e-03  -8.8294718e-03
   2.1473320e-01  -2.9187823e-02   3.3184321e-01  -2.8133651e-03   7.2912928e-03  -8.8395381e-03
   1.2765298e-01  -1.3085550e-01   2.2597303e-01  -4.9719090e-03   4.8481688e-03  -9.3019022e-03
   1.3304895e-01  -3.2357643e-03   5.5893123e-01  -5.4174819e-03   4.5466864e-03  -9.1383847e-03
   1.6587049e-01  -1.0582567e-01   3.9801062e-01  -4.3370656e-03   5.1054440e-03  -8.7999281e-03
   2.4835348e-01  -1.6041367e-01   3.5697321e-01  -4.9479822e-03   5.9768255e-03  -7.6660547e-03
   2.5990283e-01  -1.0841173e-01   4.3600236e-01  -3.0815059e-03   5.6995124e-03  -7.2772660e-03
   2.5327642e-01  -7.3397271e-02   5.3060597e-01  -4.1071392e-03   5.6897999e-03  -6.9759596e-03
   2.9326690e-01  -1.5733686e-01   3.6150326e-01  -6.0884141e-03   6.7168847e-03  -7.0667354e-03
   3.0873993e-01  -1.8268577e-01   3.7085094e-01  -7.4346069e-03   7.3411276e-03  -7.1215842e-03
   3.2065230e-01  -2.2137243e-01   4.2801036e-01  -5.6127898e-03   7.3873075e-03  -6.5572233e-03
   3.1842736e-01   1.4276314e-02   6.6999661e-01  -2.3752075e-03   5.7106490e-03  -6.4717039e-03
   3.2308051e-01  -1.6414500e-01   5.7280086e-01  -4.7534789e-03   5.4757862e-03  -6.3106384e-03
   3.5365595e-01  -2.4074622e-01   3.3640015e-01  -6.5359976e-03   6.7164532e-03  -6.5355695e-03
   3.3803155e-01  -2.3088946e-01   3.2447464e-01  -6.7034998e-03   6.9737687e-03  -6.8858161e-03
   3.4178313e-01  -1.8843582e-01   3.8116290e-01  -5.8491857e-03   6.6823624e-03  -7.0499004e-03
   2.8862732e-01  -9.0144286e-02   5.2453540e-01  -4.9152001e-03   6.4585165e-03  -7.1811984e-03
   2.5916950e-01  -1.2252123e-01   5.8780394e-01  -7.6500647e-03   6.2580426e-03  -7.7516773e-03
   2.3939450e-01  -4.8752816e-02   8.3826889e-01  -7.7506711e-03   6.2442106e-03  -7.9889890e-03
   2.6700483e-01  -2.0107145e-01   6.1966192e-01  -7.5152644e-03   6.5835923e-03  -7.9767684e-03
   2.4903047e-01  -1.8027010e-01   4.4420331e-01  -4.4382164e-03   6.3021600e-03  -7.9445270e-03
   2.3019726e-01  -6.2366844e-02   3.0443195e-01  -8.8203188e-04   6.6236470e-03  -7.9177472e-03
   1.2803204e-01   2.8725185e-01   1.0511713e-01  -1.9316898e-03   1.0556509e-02  -1.4138770e-02
  -6.0401577e-03   5.2741058e-01  -4.6129580e-01  -8.6485158e-03   1.2587653e-02  -2.1378162e-02
  -1.2664972e-01   4.2830711e-01  -6.6692882e-01  -9.9875520e-03   8.8932655e-03  -2.1995626e-02
  -1.3691762e-01   4.8707848e-01  -3.7793799e-01  -6.6684271e-03   5.0941354e-03  -1.8003201e-02
  -4.9779708e-02   5.3937688e-01  -5.1216450e-02  -4.7739769e-03   6.0440163e-03  -1.6984575e-02
  -3.5013612e-02   4.1137989e-01  -1.5853043e-02  -5.3833903e-03   5.6243380e-03  -1.5896940e-02
   3.7270888e-02   2.8873287e-01  -1.1787953e-01  -5.5284693e-03   6.8178383e-03  -1.5686334e-02
   5.1083435e-02   2.4991388e-01  -8.1023924e-02  -5.7920009e-03   7.2217833e-03  -1.4927450e-02
   8.0099678e-02   1.8875263e-01  -6.0405927e-02  -4.3654874e-03   7.1644382e-03  -1.4107449e-02
   4.6256917e-02   2.9104886e-01   6.3553119e-02  -3.1235371e-03   6.4981138e-03  -1.3478166e-02
   2.4877779e-02   2.4694705e-01   1.2523556e-01  -3.7611462e-03   6.1989541e-03  -1.3228155e-02
   3.5499459e-02   2.3915123e-01   5.9557122e-02  -5.6432669e-03   7.0916270e-03  -1.3608308e-02
   5.7194146e-02   1.7215061e-01  -1.1448397e-02  -5.3398943e-03   7.3415424e-03  -1.3321731e-02
   7.5453575e-02   1.8140064e-01   2.7667752e-02  -3.3908299e-03   7.3045116e-03  -1.2675220e-02
   5.8533677e-02   2.6864933e-01   9.6351563e-02  -2.3560257e-03   7.2318140e-03  -1.2618914e-02
   2.7067907e-02   2.8040428e-01   6.5930036e-02  -2.3928430e-03   6.7127325e-03  -1.3500135e-02
   3.0097065e-02   3.1029855e-01   5.5820656e-02  -3.6560650e-03   7.2574570e-03  -1.3375228e-02
  -2.8937626e-03   2.4934930e-01  -1.6344283e-01  -3.1478642e-03   7.1377257e-03  -1.3817549e-02
  -4.0505610e-02   4.0911423e-01  -3.8399836e-01  -2.9847694e-03   7.9535510e-03  -1.5014095e-02
  -2.2142923e-01   6.2082650e-01  -3.1700982e-01  -8.6460823e-03   6.0674022e-03  -1.7285422e-02
  -1.2734956e-01   4.5583827e-01  -1.9823834e-01  -9.4710586e-03   4.9382763e-03  -1.5022359e-02
  -7.3280412e-02   3.1644806e-01  -1.4499022e-01  -7.8393383e-03   5.5282653e-03  -1.3828649e-02
  -6.9724390e-02   3.3729908e-01  -9.9884562e-02  -5.7366232e-03   5.2234719e-03  -1.3029768e-02
  -7.9043386e-02   4.6574000e-01   8.3027910e-02  -3.2569637e-03   4.5177861e-03  -1.2728208e-02
  -4.3929613e-02   3.4033247e-01   7.0841081e-02  -2.7473365e-03   4.8337531e-03  -1.2110547e-02
  -1.3496606e-01   1.4269336e-01   2.8869815e-01   3.2279980e-03   2.2581353e-03  -1.2000716e-02
  -1.4429000e-01   3.0878883e-01   1.9163836e-02   1.1324643e-03   8.8567200e-04  -9.9403733e-03
  -1.5416742e-01   3.4403931e-01   1.1170293e-01  -5.8602513e-04   1.2538688e-03  -9.9953271e-03
  -1.5385078e-01   3.2182855e-01   1.3147328e-01  -1.3939731e-03   1.7309150e-03  -1.0005088e-02
  -9.9093146e-02   1.6680167e-01   5.2729302e-03  -2.2042425e-03   3.1711422e-03  -9.8884020e-03
  -1.0567800e-01   2.1303389e-01   8.8853618e-02  -4.7539669e-04   3.2516574e-03  -8.7868117e-03
  -1.2731945e-01   2.9450966e-01   1.6128154e-01   7.6492317e-05   3.5957148e-03  -9.0386000e-03
  -1.3629185e-01   2.9547787e-01   1.8925793e-01   2.6744284e-05   3.2003370e-03  -8.7774785e-03
  -1.2168459e-01   2.5138518e-01   1.1099735e-01  -2.8244704e-03   3.9139782e-03  -9.1954642e-03
  -1.1098715e-01   1.8216365e-01   6.3006774e-02  -1.6161599e-03   4.2935490e-03  -8.7885841e-03
  -1.1512578e-01   2.2363633e-01   4.4835422e-02  -4.0550084e-04   4.0318546e-03  -8.3645477e-03
  -1.8033557e-01   3.3129917e-01   1.8054873e-01  -4.8788600e-04   3.1544676e-03  -8.5556637e-03
  -1.5538823e-01   3.1830186e-01   1.7152741e-01  -1.5052192e-03   3.9018343e-03  -9.4225055e-03
  -1.1969289e-01   2.2253517e-01   5.0916699e-02  -1.9711406e-03   4.4320700e-03  -1.0165310e-02
  -1.1240227e-01   2.2559000e-01   4.3579607e-02  -4.1267912e-04   4.4004945e-03  -9.3283578e-03
  -1.3471489e-01   3.2379598e-01   1.0790177e-01   5.1618706e-04   4.3411725e-03  -9.3559703e-03
  -1.5928879e-01   3.7495849e-01   1.0871344e-01   2.0152305e-03   3.8917218e-03  -9.5910589e-03
  -1.8982158e-01   4.0069846e-01   1.0592482e-01   8.7021381e-04   3.7130203e-03  -1.0900568e-02
  -1.9702935e-01   3.4791550e-01  -2.4400004e-01   5.2645685e-04   4.8585146e-03  -1.3116842e-02
  -3.6570036e-01   5.7401373e-01  -6.7526816e-01  -4.7732624e-03   4.7334100e-03  -1.4680122e-02
  -4.3021297e-01   7.5119870e-01  -5.6308379e-01  -5.7581734e-03   4.7871156e-03  -1.4872220e-02
  -3.7813972e-01   6.8558672e-01  -6.8793620e-01  -8.9348453e-03   4.6961704e-03  -1.4642717e-02
  -2.7968679e-01   5.5074453e-01  -5.1560020e-01  -9.0217988e-03   5.2099005e-03  -1.2475595e-02
  -2.1672172e-01   4.9349995e-01  -4.1408544e-01  -5.4193525e-03   6.1897615e-03  -1.1322199e-02
  -2.2580386e-01   6.0874262e-01  -8.4203364e-02  -3.2585253e-03   5.6988598e-03  -1.1622677e-02
  -1.9033724e-01   3.7771614e-01  -3.1670581e-01  -2.9023069e-03   5.2973415e-03  -1.0541656e-02
  -2.1059251e-01   4.8184626e-01  -1.8753190e-01  -1.3875878e-03   4.7554593e-03  -9.7049441e-03
  -2.1446712e-01   4.7717852e-01  -1.8042603e-01  -2.0220727e-03   5.1248533e-03  -9.5194691e-03
  -2.0659715e-01   4.8784674e-01  -1.6325702e-01  -3.2697855e-03   5.2350912e-03  -9.7616619e-03
  -1.8425450e-01   4.0545316e-01  -2.2493939e-01  -4.6281676e-03   5.5743956e-03  -9.7390027e-03
  -1.8140147e-01   3.7009361e-01  -2.2401821e-01  -3.1406882e-03   5.9709161e-03  -9.6918368e-03
  -2.0017777e-01   4.3698887e-01  -1.4779791e-01  -1.4789256e-03   6.0813428e-03  -9.3559976e-03
  -2.5340093e-01   5.0060994e-01  -6.6394018e-02  -1.9567482e-03   5.3822840e-03  -9.7696865e-03
  -2.4015182e-01   4.3787668e-01  -1.7703885e-01  -3.7054342e-03   5.9375136e-03  -9.9866074e-03
  -2.3648172e-01   3.6897833e-01  -2.5440789e-01  -3.1406627e-03   6.0612089e-03  -9.8561718e-03
  -2.4230472e-01   4.7394032e-01  -1.5446125e-01  -1.4847792e-03   6.0687674e-03  -9.9253035e-03
  -2.9458154e-01   5.2834230e-01  -5.4381206e-02  -6.0529229e-04   5.3267240e-03  -9.9506186e-03
  -3.1080669e-01   5.3988818e-01  -7.1938796e-02  -2.0127090e-03   5.5288634e-03  -1.0669912e-02
  -3.7155123e-01   5.8290305e-01  -1.7657204e-01  -1.9537570e-03   5.3613384e-03  -1.2548521e-02
  -4.6370325e-01   5.8555268e-01  -8.3085849e-01  -6.9866886e-03   5.5149277e-03  -1.5653622e-02
  -3.8843802e-01   5.8918395e-01  -4.8572737e-01  -4.3359892e-03   4.6597284e-03  -1.3810765e-02
  -4.3168386e-01   7.0044185e-01  -1.8171723e-01  -1.3438039e-03   3.3801734e-03  -1.3165586e-02
  -4.2539870e-01   7.4621736e-01  -2.5914091e-01  -1.3057582e-03   3.2910923e-03  -1.4020447e-02
  -4.9730309e-01   7.9273501e-01  -8.1499057e-01  -9.2156535e-03   6.3662128e-03  -1.8515076e-02
  -7.0301671e-01   7.0941575e-01  -3.6771376e-01  -5.8188358e-03   2.8866985e-03  -1.4807798e-02
  -5.6206420e-01   6.5304364e-01  -1.4493452e-01  -2.0190830e-03   1.2844509e-03  -1.4586991e-02
  -5.6464768e-01   7.4952982e-01  -1.0491626e-01   1.9292443e-03   2.2276259e-04  -1.2312582e-02
  -5.9412079e-01   7.2181965e-01  -7.2115367e-02  -1.0033762e-03   3.5221608e-04  -1.1975936e-02
  -6.0424352e-01   6.8244865e-01  -5.9231228e-02  -2.5313858e-03  -1.0108573e-04  -1.2008532e-02
  -5.7280152e-01   6.6057462e-01  -7.5365199e-02  -4.2847935e-03   3.2843271e-04  -1.1893620e-02
  -5.4165690e-01   5.7864053e-01  -1.0363204e-01  -3.6936443e-03   4.3857821e-04  -1.1231372e-02
  -5.1519008e-01   5.7243240e-01  -9.2230588e-02  -1.2064126e-03   9.3538819e-04  -1.0780711e-02
  -5.3598710e-01   6.6956507e-01   4.2406047e-02  -3.3562920e-04   1.2803457e-03  -1.0335390e-02
  -5.1460084e-01   5.9912078e-01  -1.7356455e-02  -2.1980851e-03   2.0244308e-03  -9.9740982e-03
  -5.0315550e-01   6.0973440e-01  -5.7587250e-02  -3.3834609e-03   2.7199995e-03  -1.0038914e-02
  -4.9040519e-01   5.1387668e-01  -1.2714600e-01  -2.9163979e-03   2.9173247e-03  -1.0135996e-02
  -4.9994712e-01   5.8361742e-01  -2.4539986e-02  -5.9125378e-04   2.4742907e-03  -9.2170166e-03
  -5.3792882e-01   6.4868662e-01   6.0265536e-02  -4.6152291e-04   2.1042181e-03  -9.0791245e-03
  -5.3772719e-01   6.4214353e-01   1.9444180e-03  -1.7023869e-03   2.2311143e-03  -9.5175259e-03
  -5.3653054e-01   5.7492058e-01  -5.1799308e-02  -1.3320107e-03   3.0251457e-03  -1.0860687e-02
  -6.1037121e-01   6.2288247e-01  -1.5642494e-01  -9.5632236e-04   2.2035118e-03  -1.1016072e-02
  -5.9805257e-01   7.0239619e-01  -9.5325514e-03  -6.5777031e-04   1.8661365e-03  -1.0255173e-02
  -6.2531827e-01   6.9818768e-01   4.2957027e-02  -5.8289155e-04   1.7999691e-03  -1.0229577e-02
  -6.6252985e-01   7.1643988e-01   5.2887543e-04  -9.7322636e-04   1.2750344e-03  -1.0011084e-02
  -6.3893990e-01   7.4852502e-01   7.3357378e-03  -1.9277980e-03   1.2832299e-03  -9.7892372e-03
  -5.7631681e-01   6.7576354e-01  -6.8520061e-02  -2.5857900e-03   1.9440952e-03  -9.9751029e-03
  -5.7877619e-01   6.0592489e-01  -1.4421488e-01  -2.4971806e-03   1.9776926e-03  -9.5459152e-03
  -5.7270009e-01   6.3018289e-01  -8.2171338e-02  -1.3059175e-03   2.1338192e-03  -9.5153293e-03
  -5.6927854e-01   6.8381932e-01  -2.0304241e-02   3.0933846e-04   2.0880818e-03  -9.7830773e-03
  -5.9390845e-01   7.2261143e-01  -2.4456111e-02   7.6425859e-04   2.2183261e-03  -1.0225232e-02
  -6.9044040e-01   9.0897422e-01  -1.9197952e-01  -2.5421972e-03   6.1347684e-03  -1.5301958e-02
  -6.9082374e-01   8.3459172e-01  -7.0515670e-01  -7.3101785e-03   5.2998717e-03  -1.7038068e-02
  -5.9491163e-01   7.2905941e-01  -1.6500544e-01  -4.4251779e-03   4.0752884e-03  -1.1576710e-02
  -4.8275030e-01   7.0591458e-01  -1.0498208e-01  -3.2623592e-03   3.5167517e-03  -9.3559680e-03
  -5.0792903e-01   5.7265107e-01   3.9400655e-02  -3.9987591e-03   1.9866404e-03  -3.6975283e-03
  -3.2428394e-01   4.4622487e-01  -1.3081576e-01  -9.4303095e-03   2.7776073e-03  -3.4460357e-03
  -2.7968985e-01   4.3088893e-01  -1.8453199e-01  -7.3178073e-03   2.9743251e-03  -3.4959343e-03
  -3.1823627e-01   6.4124986e-01   4.5526540e-02  -4.9990097e-03   2.6065457e-03  -4.1746122e-03
  -3.2372356e-01   5.9795783e-01  -3.2547924e-02  -6.1902722e-03   2.9117791e-03  -4.1237851e-03
  -3.0064755e-01   5.2566871e-01  -1.3231442e-01  -7.2128169e-03   3.5883782e-03  -3.8345924e-03
  -3.0036417e-01   5.2736173e-01  -1.3527748e-01  -7.7619890e-03   3.7484493e-03  -4.0366397e-03
  -2.7649320e-01   4.6665443e-01  -2.1301818e-01  -5.8536093e-03   3.7201892e-03  -3.4607493e-03
  -3.1402565e-01   6.0853100e-01  -4.6127474e-02  -4.8442398e-03   3.4658123e-03  -3.4770581e-03
  -3.4587178e-01   5.9286144e-01   1.7044550e-02  -5.3444768e-03   3.6411591e-03  -3.8170281e-03
  -3.2751107e-01   5.1850043e-01  -7.9888377e-02  -7.0848520e-03   3.9537492e-03  -3.3912325e-03
  -2.8325585e-01   4.6680930e-01  -1.1513002e-01  -6.4495778e-03   4.6443834e-03  -3.0468522e-03
  -3.2954012e-01   5.3553338e-01  -4.1988351e-02  -4.6269793e-03   4.5983731e-03  -3.2620883e-03
  -3.4907267e-01   5.9200677e-01   8.0293555e-02  -4.4634879e-03   3.7779126e-03  -2.9860471e-03
  -3.3819259e-01   5.6994739e-01   4.1926754e-02  -4.5847916e-03   4.0064634e-03  -3.6928050e-03
  -4.0436294e-01   6.0514777e-01  -1.2431297e-01  -5.7491027e-03   5.6423598e-03  -6.6504015e-03
  -5.3382816e-01   6.3588537e-01  -8.3638251e-01  -8.4916766e-03   8.5466756e-03  -1.2600961e-02
  -6.3887017e-01   8.8053066e-01  -4.7908179e-01  -8.6068077e-03   5.2417559e-03  -1.3442245e-02
  -5.2218394e-01   8.6368439e-01  -2.6940679e-01  -7.2069717e-03   5.3934598e-03  -1.1693956e-02
  -4.6977139e-01   8.1188036e-01  -3.7896217e-01  -7.6265703e-03   6.3222738e-03  -1.1620055e-02
  -4.3965566e-01   7.7474592e-01  -3.7156427e-01  -6.2327064e-03   7.0727549e-03  -1.2483746e-02
  -5.2835962e-01   8.0087800e-01  -4.9529201e-01  -5.7829830e-03   6.8200346e-03  -1.3169772e-02
  -4.9565849e-01   8.3018976e-01  -3.0790492e-01  -5.3128612e-03   7.3198413e-03  -1.3207347e-02
  -5.2239697e-01   8.9222669e-01  -2.4097537e-01  -2.6114853e-03   7.1068379e-03  -1.3323446e-02
  -5.7105700e-01   9.7921021e-01  -4.3724638e-01  -3.3592321e-03   8.5148519e-03  -1.5123161e-02
  -5.5705042e-01   1.0201528e+00  -1.9811699e-01  -4.8738631e-03   6.8880103e-03  -1.3414064e-02
  -4.6667308e-01   9.3167859e-01  -6.9416670e-02  -5.7412957e-03   7.9074396e-03  -1.3132681e-02
  -4.7021576e-01   8.3950475e-01  -1.0840824e-01  -5.5781069e-03   8.0276473e-03  -1.3228453e-02
  -4.7315630e-01   8.3498465e-01  -1.3451190e-01  -4.6363044e-03   8.0849018e-03  -1.3020612e-02
  -4.9588652e-01   8.7209609e-01  -9.9933354e-02  -1.3115279e-03   7.8696039e-03  -1.2859493e-02
  -5.5222957e-01   9.9861918e-01  -2.3590305e-01  -9.5177180e-04   9.0997212e-03  -1.3865787e-02
  -6.3935099e-01   1.0799199e+00  -7.3385458e-01  -9.2135334e-03   9.7260484e-03  -1.8013301e-02
  -6.1500663e-01   8.5396437e-01  -6.3703678e-01  -7.2508951e-03   8.1374515e-03  -1.5806927e-02
  -6.3863747e-01   9.5919618e-01   2.9201525e-03  -6.0109986e-03   7.5831702e-03  -1.4445432e-02
  -6.8773124e-01   9.1766128e-01  -4.3424157e-02  -2.2176987e-03   4.1001245e-03  -1.3731263e-02
  -5.8751973e-01   8.6088399e-01  -2.2570502e-02   8.1056170e-05   5.5264217e-03  -1.2736270e-02
  -5.5455850e-01   6.6788306e-01  -2.2148971e-01  -4.6369267e-03   4.9309077e-03  -1.1868727e-02
  -5.7356338e-01   8.3167534e-01  -8.4460869e-02  -3.0897785e-03   3.9072168e-03  -1.1266816e-02
  -5.7555218e-01   8.5357278e-01  -5.4746762e-02  -3.3037246e-03   3.5952422e-03  -1.0615455e-02
  -5.1232562e-01   8.0338913e-01  -1.9000594e-01  -4.3841940e-03   3.7959096e-03  -1.0391121e-02
  -4.7794546e-01   7.1222776e-01  -2.7367507e-01  -6.1186799e-03   4.4165078e-03  -9.9391985e-03
  -4.7998837e-01   7.5594004e-01  -2.0720188e-01  -3.6141844e-03   4.4195310e-03  -8.4932073e-03
  -5.1924484e-01   8.3534381e-01  -4.9466043e-02  -4.0659963e-03   4.0542335e-03  -8.5341052e-03
  -5.0783119e-01   6.9404804e-01  -2.3333462e-01  -6.4786005e-03   4.9913360e-03  -8.7629993e-03
  -5.1026441e-01   6.9728960e-01  -1.2319627e-01  -5.1379898e-03   4.5244437e-03  -7.6602050e-03
  -4.8602323e-01   7.9035130e-01  -4.1836327e-02  -3.6361378e-03   4.5524742e-03  -7.5427852e-03
  -4.7718918e-01   8.1494541e-01   2.1111875e-02  -4.1902948e-03   4.3929158e-03  -7.7095426e-03
  -4.9567012e-01   7.4564524e-01  -8.1995068e-02  -6.1899614e-03   4.5959270e-03  -8.3538738e-03
  -4.5031731e-01   6.5142806e-01  -1.4908431e-01  -4.9879010e-03   4.9769093e-03  -7.5957154e-03
  -4.7864894e-01   7.5344172e-01  -4.9337895e-02  -2.0390082e-03   4.1269146e-03  -7.6717549e-03
  -5.0577850e-01   8.0223628e-01   1.7731361e-02  -2.5045768e-03   3.9037535e-03  -8.7708868e-03
  -4.0672839e-01   5.8117156e-01  -5.2568676e-02  -5.2289194e-03   3.3595319e-03  -8.9767424e-03
  -3.5863933e-01   5.5379602e-01   1.1494236e-01  -6.9657661e-03   4.1229980e-03  -8.9113359e-03
  -3.1979223e-01   5.8718792e-01   1.1310246e-01  -4.7994747e-03   4.8399863e-03  -7.4899000e-03
  -3.3542072e-01   6.2284281e-01  -6.3413063e-02  -4.0027551e-03   5.0276186e-03  -7.6453392e-03
  -3.6528014e-01   6.7050293e-01  -4.4114921e-02  -3.8562282e-03   4.8258070e-03  -7.4681405e-03
  -3.8970460e-01   7.0086700e-01  -2.0442911e-02  -4.8165076e-03   4.3883751e-03  -7.6951712e-03
  -3.7435309e-01   6.5358625e-01  -1.5261149e-01  -5.6042402e-03   5.1386313e-03  -7.7797709e-03
  -3.7762983e-01   6.4535419e-01  -1.7303319e-01  -6.9680453e-03   5.5079043e-03  -8.2226549e-03
  -3.4929007e-01   6.4253482e-01  -7.1876650e-02  -4.5990427e-03   5.0108601e-03  -7.6043142e-03
  -3.6881772e-01   7.0806667e-01  -7.3407220e-02  -3.4355190e-03   4.3319265e-03  -7.3759901e-03
  -4.1610749e-01   7.3771672e-01  -1.3789927e-01  -4.8043561e-03   4.3546969e-03  -8.7352911e-03
  -4.6181655e-01   8.0670193e-01  -1.8379058e-01  -5.1113345e-03   5.4153498e-03  -9.7924152e-03
  -4.6980954e-01   7.5426895e-01  -2.7459492e-01  -5.3518962e-03   4.6552848e-03  -1.0075565e-02
  -4.3382786e-01   7.0656896e-01  -2.1275838e-01  -4.2140742e-03   5.4784244e-03  -9.4548067e-03
  -5.0450699e-01   8.0259781e-01  -1.1818039e-01  -1.4768759e-03   4.7727069e-03  -9.9491844e-03
  -5.7349614e-01   8.8103533e-01  -4.5445683e-02  -1.1487729e-03   4.1146707e-03  -1.0601890e-02
  -6.3094283e-01   9.8971536e-01  -3.4554597e-01  -3.0847878e-03   6.4957342e-03  -1.5141723e-02
  -7.2031130e-01   9.6246492e-01  -7.6386877e-01  -8.2996329e-03   6.0433184e-03  -1.6591863e-02
  -6.5892741e-01   8.6667395e-01  -2.1601598e-01  -6.1665453e-03   4.5926615e-03  -1.2826764e-02
  -5.9622556e-01   7.5632560e-01  -3.0101304e-01  -4.2899585e-03   5.7495139e-03  -1.1213930e-02
  -6.0248492e-01   8.5932888e-01  -2.3647572e-01  -3.2652784e-03   5.6702540e-03  -1.0647339e-02
  -5.0639473e-01   8.2051582e-01  -2.8931197e-01  -4.1999689e-03   5.5264864e-03  -1.0063575e-02
  -5.0162145e-01   7.9508082e-01  -4.1494951e-01  -5.5019887e-03   6.4945882e-03  -9.8115207e-03
  -4.4839194e-01   6.9138061e-01  -5.0512760e-01  -5.0461913e-03   7.0228204e-03  -9.4807252e-03
  -4.5948732e-01   8.4013238e-01  -3.4832997e-01  -4.3071220e-03   6.8472297e-03  -9.1514836e-03
  -4.5210276e-01   8.1835787e-01  -3.2015108e-01  -3.8580982e-03   7.2362017e-03  -8.8608091e-03
  -4.5942936e-01   7.6438159e-01  -4.2401605e-01  -5.6988362e-03   7.0958873e-03  -9.0655490e-03
  -4.3844986e-01   7.0020583e-01  -4.3026045e-01  -5.7723232e-03   7.5667724e-03  -9.0337897e-03
  -4.3901869e-01   7.8178152e-01  -3.8678558e-01  -3.3680617e-03   6.5708044e-03  -8.5116660e-03
  -4.2802744e-01   8.3132447e-01  -6.8281540e-02  -5.9071316e-03   5.1630263e-03  -7.9453553e-03
  -4.3730084e-01   8.1015012e-01   1.3301417e-02  -5.8230270e-03   6.4623458e-03  -8.4672587e-03
  -3.8771933e-01   6.7286117e-01  -2.9276886e-01  -5.5648865e-03   5.9003332e-03  -8.0084051e-03
  -3.7409877e-01   7.2723263e-01  -4.3586044e-01  -2.6904370e-03   6.8935170e-03  -9.5190303e-03
  -5.9484611e-01   9.5761379e-01  -9.0287832e-01  -5.2716517e-03   7.6704450e-03  -1.6794157e-02
  -6.0176683e-01   1.0275572e+00  -1.1702760e+00  -1.3060857e-02   9.7047130e-03  -1.7152805e-02
  -6.0772692e-01   9.5094154e-01  -4.4046944e-01  -9.2051429e-03   6.9867479e-03  -1.2574495e-02
  -6.0317889e-01   8.3264180e-01  -2.0869048e-01  -8.6673533e-03   7.1921106e-03  -1.3339762e-02
  -6.7647551e-01   8.1300611e-01  -2.8691958e-01  -6.6937702e-03   6.8155698e-03  -1.1580209e-02
  -7.4687644e-01   8.9679355e-01  -1.4957889e-01  -5.5518940e-03   5.9723001e-03  -1.0564352e-02
  -8.0247690e-01   9.2421741e-01  -1.2853014e-01  -4.6799316e-03   6.5110651e-03  -9.7735336e-03
  -8.1414280e-01   9.3228577e-01  -9.9901886e-02  -5.1828280e-03   6.4801310e-03  -9.1367164e-03
  -7.4125015e-01   9.0150940e-01  -1.6240055e-01  -7.2216160e-03   6.5753839e-03  -7.8800489e-03
  -6.6344893e-01   9.5911316e-01  -5.0002850e-02  -8.6013867e-03   6.8320959e-03  -7.1653002e-03
  -6.3037302e-01   7.9725155e-01  -2.8724561e-01  -8.5106322e-03   6.8873371e-03  -6.3778265e-03
  -5.9871126e-01   8.2040719e-01  -2.0942163e-01  -6.8438690e-03   6.9237529e-03  -6.1659589e-03
  -6.4389753e-01   8.9262461e-01  -1.5621837e-01  -6.4342305e-03   6.9791679e-03  -5.8047322e-03
  -6.5180593e-01   9.3940117e-01   7.3781157e-02  -7.1827813e-03   6.4419218e-03  -6.1416084e-03
  -6.8184941e-01   8.3544774e-01  -2.3485697e-01  -8.0495640e-03   7.1472457e-03  -5.8392572e-03
  -6.2428976e-01   9.2924107e-01   6.9395710e-02  -9.5503841e-03   5.9736651e-03  -6.1394752e-03
  -6.2143095e-01   8.2572595e-01   4.7807811e-02  -9.5385064e-03   6.2494862e-03  -5.8082073e-03
  -6.4175839e-01   8.7155033e-01   6.6967361e-02  -7.3490066e-03   5.7176606e-03  -5.5235688e-03
  -6.5911439e-01   9.0017743e-01   8.5908433e-02  -7.0544059e-03   5.7869794e-03  -5.4997986e-03
  -6.6299832e-01   9.1289660e-01   9.5608954e-02  -6.2619657e-03   5.5638577e-03  -5.4211855e-03
  -6.9017744e-01   9.1658661e-01   2.3490720e-02  -7.5774205e-03   5.3980159e-03  -6.4840302e-03
  -7.1821867e-01   8.9590493e-01  -1.2517973e-01  -7.8744084e-03   5.3781336e-03  -7.7679012e-03
  -7.5183901e-01   8.8119575e-01  -1.8421417e-01  -6.0446280e-03   6.9312174e-03  -8.8429179e-03
  -8.7773439e-01   1.1282655e+00  -7.9314612e-02  -6.5497805e-03   7.2708917e-03  -1.1208651e-02
  -8.9900479e-01   1.1132424e+00   9.5931468e-02  -7.1259929e-03   5.8911335e-03  -1.0848612e-02
