   0.0000000e+00   0.0000000e+00   0.0000000e+00   0.0000000e+00   0.0000000e+00   0.0000000e+00
  -5.6234446e-01  -7.1423760e-02  -4.0221936e-01  -7.3208593e-03  -7.0308651e-03  -5.9918470e-03
  -5.8965208e-01  -3.5654410e-03  -2.7462958e-01  -4.8992772e-03  -7.0475438e-03  -7.9727354e-04
  -3.6923113e-01   1.7759658e-01   2.1326814e-01   1.2342191e-03  -4.0662481e-03  -4.1830608e-04
  -3.0388657e-01   1.2184238e-01   1.8410234e-01   1.1417838e-03  -3.2359776e-03   1.1265384e-04
  -2.4743640e-01   5.1613463e-02   2.4906401e-01   5.4787583e-04  -2.7265941e-03   1.5082776e-03
  -2.1276832e-01   5.7145913e-02   2.8371490e-01   2.0312971e-03  -2.4622615e-03   2.7720341e-03
  -1.6084722e-01   2.4803435e-01   4.3399481e-01   4.9228767e-03  -2.2515691e-03   3.0458402e-03
  -1.5195637e-01   3.4068459e-02   8.7137008e-01   1.0506375e-03  -1.4213384e-03   3.8249622e-03
  -7.8277384e-02   6.0629295e-02   6.3611605e-01   5.0280397e-03  -5.4859921e-04   3.1111250e-03
  -1.3337818e-01   1.8834701e-01   6.3917399e-01   6.4550579e-03  -7.4196737e-04   2.9748584e-03
  -6.7904428e-02   1.0749790e-01   5.1802716e-01   4.9724744e-03  -2.6009518e-04   4.3014539e-03
  -6.9437567e-02   3.7319603e-02   5.2540730e-01   4.7334245e-03  -4.8026433e-04   4.9741451e-03
  -2.7997723e-02   1.4397214e-01   5.4490277e-01   6.6940600e-03  -2.4294335e-04   5.3826384e-03
   1.1826565e-02   1.3695175e-01   6.6328588e-01   6.2915674e-03   3.1239069e-04   6.1760363e-03
  -1.4041735e-02   1.1712676e-01   4.5967030e-01   5.5831392e-03  -1.2202231e-03   5.7307144e-03
   2.5064775e-02   1.7221531e-01   5.4879925e-01   7.8070025e-03  -2.2659724e-04   6.8138986e-03
   4.9165570e-02   1.5997980e-01   6.8827404e-01   6.3540717e-03   3.3508522e-04   7.2594480e-03
   9.5960661e-02   3.1518247e-02   5.4023693e-01   4.9690734e-03   6.4965407e-04   8.1570694e-03
   4.7643419e-02   2.0324994e-02   5.5634910e-01   4.8358181e-03   4.0606147e-04   8.2171172e-03
   2.0999643e-03   1.5638494e-01   6.7144773e-01   7.2673408e-03   1.6630334e-04   7.9748746e-03
   4.5165014e-03   1.1506430e-01   8.1200336e-01   6.4075672e-03   3.6758126e-04   7.9486470e-03
   2.2469279e-02  -5.1923568e-03   6.2118752e-01   5.6689156e-03   3.5068328e-04   8.7456528e-03
   3.4260463e-02   8.4479983e-02   6.7127071e-01   7.0693311e-03   4.6817792e-04   9.0502128e-03
  -2.9975547e-01   1.0111146e-01   8.2716250e-01   3.9133623e-03  -7.4314752e-03   4.7774244e-03
  -2.3184838e-01  -3.8756208e-01   2.8114764e-01  -5.6145677e-03  -5.6835539e-03   3.9767547e-03
  -1.8114840e-01  -1.6557955e-01   4.7270986e-01   9.9234005e-04  -4.2894851e-03   6.4711054e-03
  -1.5580915e-01  -1.1765057e-02   6.9315100e-01   4.0013062e-03  -3.4077218e-03   6.3004681e-03
  -2.1514341e-01  -1.0508457e-01   5.9798475e-01   2.5165079e-03  -4.0086451e-03   7.1905151e-03
  -1.8883189e-01  -1.3551484e-01   5.8633317e-01   2.2617671e-03  -3.7656469e-03   6.9050175e-03
  -1.8302383e-01   5.0047304e-02   7.9328484e-01   5.5442065e-03  -3.6774545e-03   7.8365617e-03
  -1.5857793e-01  -3.3360430e-02   7.4456650e-01   4.2450182e-03  -3.3010282e-03   8.2644539e-03
  -1.5853430e-01  -1.1992564e-01   7.2655112e-01   2.9793870e-03  -3.6465420e-03   8.7893874e-03
  -1.4700274e-01   2.3009781e-02   8.5925646e-01   5.7839699e-03  -3.1467028e-03   8.8549629e-03
  -8.9921753e-02  -9.1628090e-03   7.8614431e-01   5.3715812e-03  -2.7752196e-03   9.1166170e-03
  -1.0193470e-01  -3.6478570e-02   7.4121469e-01   4.3658693e-03  -2.6513117e-03   9.5994130e-03
  -1.0291811e-01  -7.0211631e-02   7.7857404e-01   4.4825579e-03  -2.7993226e-03   9.4550144e-03
  -8.3786162e-02   6.7976918e-02   9.7477149e-01   5.8960131e-03  -2.4707846e-03   9.8633774e-03
  -5.1261374e-02  -1.5696508e-01   7.7835612e-01   2.6258783e-03  -2.1423657e-03   1.0461651e-02
  -2.4308374e-02  -2.5152077e-02   8.6302054e-01   5.5249086e-03  -1.9061898e-03   1.0776127e-02
  -3.8722390e-02  -1.2763070e-03   1.1231135e+00   4.5620287e-03  -1.7511654e-03   1.0220298e-02
   1.1953542e-02  -1.9076211e-01   8.9246415e-01   4.4422877e-03  -1.1899762e-03   1.0113746e-02
   1.2454547e-02  -3.6561775e-02   9.5908428e-01   5.5386194e-03  -7.6303355e-04   1.0932936e-02
   6.1931466e-03  -8.6332310e-02   1.0329005e+00   4.7014524e-03  -1.0310759e-03   1.1323851e-02
   5.9697276e-02  -1.7930584e-01   8.7952189e-01   4.7868684e-03  -3.2306111e-04   1.1783437e-02
   6.6529049e-02  -3.8331247e-02   9.7094250e-01   6.8118208e-03  -1.7438775e-04   1.1855317e-02
   7.7473862e-02  -3.2428818e-02   1.0539919e+00   6.9789729e-03   1.2118447e-04   1.1335114e-02
   9.2674130e-02  -9.8469929e-02   9.6237169e-01   5.6938834e-03   4.2865748e-04   1.1209513e-02
   3.2103128e-02  -1.2820263e-01   9.0819983e-01   5.2240543e-03  -1.6263499e-04   1.0319837e-02
  -3.7831046e-02   7.8539532e-02   1.2100398e+00   7.5277879e-03  -4.8905043e-04   1.0988583e-02
   2.7545357e-02  -1.7007202e-01   9.1345024e-01   5.0265099e-03  -2.5454354e-04   1.0995380e-02
   6.0536318e-02  -1.0858353e-01   8.9313418e-01   5.5722551e-03   3.8439558e-04   1.1253776e-02
   1.1148542e-01   5.3640335e-02   1.1193398e+00   1.1983350e-02   2.7655236e-03   7.7142553e-03
  -1.8339339e-01   3.8246787e-02   1.2938810e+00   1.2105365e-02  -2.3958617e-03   8.3042103e-03
  -5.9014021e-02  -8.9295053e-02   1.0359698e+00   8.4560967e-03  -1.1980872e-03   8.9152289e-03
  -2.3905119e-01  -8.3033234e-02   8.2556828e-01   5.7571583e-03  -6.6249284e-03   8.6660231e-03
  -3.5040817e-01  -6.4676146e-02   8.5658397e-01   4.2443398e-03  -6.8516599e-03   8.5721120e-03
  -2.4533054e-01  -2.4384226e-01   8.2490538e-01   3.4140535e-03  -4.9181938e-03   1.0655778e-02
  -1.6733241e-01  -1.7850153e-01   8.8016854e-01   5.1144119e-03  -3.6296859e-03   1.0753248e-02
  -1.8243310e-01  -3.1599055e-02   1.1854740e+00   6.8916344e-03  -3.4118517e-03   1.1001356e-02
  -1.4506245e-01  -2.3782119e-01   1.0365856e+00   4.9817326e-03  -3.1343924e-03   1.1320322e-02
  -1.3604295e-01  -2.8985008e-01   9.9982593e-01   4.4387223e-03  -2.6875306e-03   1.1515028e-02
  -1.4378273e-01  -9.4118444e-02   1.2501924e+00   7.8686586e-03  -2.6607597e-03   1.2138137e-02
  -5.3238712e-02  -3.6868805e-01   9.4050375e-01   1.1344566e-03  -1.4991527e-03   1.1009642e-02
  -2.5713771e-02  -3.0985264e-01   9.4412933e-01   2.9828389e-03  -1.2481280e-03   9.6091074e-03
  -1.2087172e-01  -1.4956935e-01   8.8463652e-01   6.4436769e-03  -1.3666229e-03   9.8320492e-03
  -1.4579961e-01  -4.6924709e-02   9.2181029e-01   7.5953886e-03  -1.9475472e-03   1.0251455e-02
  -1.1524734e-01  -2.0444821e-01   9.3798973e-01   5.3837642e-03  -1.6891736e-03   1.0961960e-02
  -6.5665828e-02  -1.9186567e-01   8.9644811e-01   6.6313534e-03  -1.2132251e-03   1.0984406e-02
  -8.5976527e-02  -3.6039005e-02   1.0150053e+00   9.4805296e-03  -1.7909524e-03   1.1553821e-02
  -7.2997476e-02  -3.3136887e-02   1.1414624e+00   8.3556429e-03  -1.2159647e-03   1.1930630e-02
  -2.7826205e-02  -5.2631333e-01   7.0844950e-01  -3.0120033e-03  -5.8731464e-04   9.1833184e-03
   1.4737334e-02  -3.9412123e-01   6.3666134e-01  -1.8176906e-03  -1.0096575e-04   9.2494111e-03
  -4.6241786e-02  -1.3707226e-01   1.0930993e+00   3.8097060e-03  -4.6350311e-04   1.1042771e-02
   1.4394454e-03  -4.1360169e-01   9.2084941e-01   3.1585994e-04  -2.6971200e-04   1.1510580e-02
   2.4260583e-02  -2.2051107e-01   8.5680130e-01   3.5064442e-03  -3.3928120e-04   1.1217711e-02
  -4.6215553e-03  -2.0497718e-01   9.1271096e-01   3.8677106e-03  -6.3516632e-04   1.1214786e-02
  -7.0680249e-03  -2.8002810e-01   9.6428939e-01   2.0783253e-03  -7.8607173e-04   1.2368012e-02
   4.2351978e-02  -3.1591230e-01   9.0354534e-01   3.0811914e-03  -4.6073560e-04   1.2482894e-02
   3.7162840e-02  -2.2962121e-01   9.7567104e-01   4.0023191e-03  -7.7344076e-04   1.1745854e-02
   2.8244108e-02  -2.2527111e-01   1.1168258e+00   4.7539062e-03  -6.1848001e-04   1.2123928e-02
   8.8167863e-02  -3.5721043e-01   9.8435340e-01   3.3436599e-03  -1.6902809e-04   1.2360552e-02
   1.1900595e-01  -2.6319829e-01   9.7680710e-01   4.8745181e-03   6.7854162e-05   1.2841732e-02
   1.1015536e-01  -2.4557415e-01   1.0868582e+00   4.2739913e-03   1.7088060e-04   1.3014983e-02
   1.4521518e-01  -3.4807162e-01   9.7913556e-01   4.0569902e-03   5.4981096e-04   1.3178566e-02
   1.5182334e-01  -2.3674107e-01   9.8363446e-01   5.0806221e-03   7.0277851e-04   1.3507871e-02
   1.1901152e-01  -2.3515773e-01   1.1809672e+00   3.0014418e-03   3.9340826e-04   1.3835546e-02
   1.4400253e-01  -3.2159098e-01   9.7852899e-01   4.8440836e-03   8.3293162e-04   1.3447008e-02
   8.7260177e-02  -2.3330778e-01   1.1589111e+00   3.5460664e-03   1.9889065e-04   1.3228110e-02
   1.0801724e-01  -1.0464755e+00   6.1467601e-01  -1.3111527e-02  -5.3487087e-04   7.9817212e-03
   9.3209466e-02  -7.9476646e-01   4.0137805e-01  -5.6992824e-03  -1.1523181e-03   7.7978369e-03
   4.4067601e-02  -5.6928944e-01   4.6924885e-01  -1.2937533e-03  -1.4837342e-03   9.5449277e-03
   5.5129356e-02  -3.8926381e-01   7.8042642e-01   2.2623069e-03  -4.8396509e-04   1.0666839e-02
   2.6741021e-02  -3.4608922e-01   9.6970194e-01   3.1390615e-03  -2.4313981e-04   1.1244490e-02
   8.0894191e-02  -5.0997963e-01   7.9901254e-01   1.9435713e-03   8.6323603e-05   1.1165106e-02
   1.0445495e-01  -4.0556107e-01   8.6751991e-01   3.2978872e-03   8.6725045e-04   1.2216078e-02
   9.6148157e-02  -3.6668668e-01   1.0156701e+00   3.7644978e-03   1.2865081e-03   1.2602666e-02
   8.2557875e-02  -4.7090181e-01   9.7766174e-01   2.3000933e-03   1.2586611e-03   1.3248190e-02
   1.3949582e-01  -3.9905900e-01   9.6118533e-01   4.4275588e-03   1.8675761e-03   1.3834388e-02
   5.0336847e-02  -4.9273111e-01   1.4965246e+00  -1.8127603e-03  -1.0346939e-03   1.2801772e-02
   2.3285401e-01  -4.0704078e-01   1.2680334e+00   3.7077381e-03   3.0636483e-03   9.7697207e-03
   1.6004432e-01  -8.4139637e-01   7.5934546e-01   2.1238593e-03   3.1774578e-03   9.8583975e-03
   7.7444625e-02  -4.8428031e-01   9.6123751e-01   2.9411173e-03   2.3265654e-03   1.0081041e-02
   3.8253607e-02  -5.3004662e-01   8.9366769e-01   2.6443402e-03   2.2032224e-03   1.0305584e-02
   5.6686983e-02  -5.4873984e-01   8.7328370e-01   2.3118154e-03   2.3991663e-03   1.0797203e-02
   1.0243918e-01  -4.4832449e-01   8.4907572e-01   3.2945897e-03   2.7420150e-03   1.1299250e-02
   2.3327344e-02  -4.9711348e-01   9.5649115e-01   1.3865967e-03   1.7663961e-03   1.0616774e-02
   1.0061548e-01  -5.6606634e-01   8.6477578e-01   2.2065142e-03   2.8237037e-03   1.0388858e-02
   9.5744228e-02  -4.9873135e-01   9.0918599e-01   2.6911582e-03   2.6441616e-03   1.0493648e-02
   5.1765694e-02  -5.3872755e-01   8.7414212e-01   9.9486881e-04   1.8700576e-03   1.0643643e-02
   8.0162503e-02  -5.8631997e-01   7.9947410e-01   9.1798194e-04   2.0490888e-03   1.1301337e-02
   5.5547997e-02  -3.6364733e-01   1.0759622e+00   3.0596911e-03   1.6774066e-03   1.1184128e-02
   9.4578234e-02  -6.0938513e-01   9.2407651e-01   2.7772423e-04   1.7155907e-03   1.1048620e-02
   1.5884862e-01  -6.2182937e-01   8.5414022e-01   9.1909381e-04   2.5996519e-03   1.0913498e-02
   1.2243747e-01  -4.7878893e-01   9.1594565e-01   2.2640718e-03   2.1324497e-03   1.1158215e-02
   1.4036596e-01  -5.3276195e-01   8.7508112e-01   1.1249530e-03   1.9523893e-03   1.1392702e-02
   1.6945220e-01  -6.0449489e-01   8.0598271e-01  -1.0606439e-04   2.0087609e-03   1.1866547e-02
  -5.6356778e-02  -1.8681050e-01   9.6770192e-01   6.4901380e-03  -9.2490835e-04   7.1491452e-03
  -4.0218558e-01  -9.0188811e-01  -1.7057231e-01  -1.6406931e-02  -9.0486720e-03   2.8391472e-03
  -4.0733076e-01  -1.1016634e+00  -5.3483798e-01  -2.1075732e-02  -7.8759918e-03   3.2360817e-03
  -3.8170059e-01  -9.1716339e-01  -4.4605903e-02  -1.4550658e-02  -4.9778040e-03   4.9887782e-03
  -3.5235221e-01  -7.6572541e-01   2.0502035e-01  -1.1494209e-02  -4.7477334e-03   7.3943451e-03
  -3.3300295e-01  -9.5403690e-01   1.1902279e-01  -1.4359326e-02  -5.1478057e-03   8.0897459e-03
  -2.4864041e-01  -8.5880287e-01   2.4015787e-01  -1.0231064e-02  -3.8110242e-03   9.0002042e-03
  -2.0815560e-01  -7.2881104e-01   5.3558287e-01  -8.5680772e-03  -3.6802315e-03   8.2547607e-03
  -1.7861900e-01  -1.0770508e+00   2.8741741e-01  -1.2099718e-02  -3.5521398e-03   9.1194177e-03
  -1.1785714e-01  -9.0089703e-01   4.1582128e-01  -9.0312727e-03  -2.6883829e-03   9.7924102e-03
  -9.8832214e-02  -7.2951283e-01   7.3360456e-01  -8.1268785e-03  -2.3318270e-03   9.8878896e-03
  -7.3249462e-02  -9.4421345e-01   4.5660956e-01  -9.2727125e-03  -2.2102134e-03   9.0161682e-03
  -5.1012627e-02  -8.1577352e-01   6.1325098e-01  -7.9280265e-03  -1.8724169e-03   9.5096443e-03
  -6.7722607e-02  -8.3181555e-01   5.7513639e-01  -7.9018786e-03  -1.9692917e-03   9.8322881e-03
  -3.7270071e-02  -8.6265213e-01   4.3906242e-01  -8.3666160e-03  -1.5729057e-03   1.0034223e-02
  -1.0863462e-02  -8.0084520e-01   4.3569927e-01  -6.6994233e-03  -1.3057591e-03   1.0541631e-02
  -6.8442643e-02  -7.1131305e-01   6.1189751e-01  -6.7742640e-03  -1.8609767e-03   9.0134699e-03
  -8.1400173e-02  -9.1350355e-01   4.9096071e-01  -9.5800992e-03  -1.8211183e-03   9.2481950e-03
  -3.7348861e-02  -9.1131755e-01   5.2223251e-01  -8.7414467e-03  -1.1498601e-03   1.0048289e-02
  -7.5309604e-02  -7.1023240e-01   9.6136399e-01  -8.2905644e-03  -1.5626333e-03   1.0598981e-02
  -4.5162719e-02  -1.0806374e+00   5.5928351e-01  -9.5148391e-03  -1.3633145e-03   1.0248820e-02
   5.0121814e-02  -8.8703199e-01   6.2211084e-01  -8.2418320e-03  -4.6782615e-04   1.0887342e-02
  -9.9281187e-02  -1.1294497e+00   1.9341169e-01  -1.8894893e-02  -5.0426658e-03   5.9960262e-03
  -1.1013153e-01  -1.5458427e+00  -5.6539677e-01  -2.9388562e-02  -4.7342241e-03   5.4791429e-03
  -2.1540626e-02  -1.4093753e+00  -1.6556939e-01  -2.4056406e-02  -1.9732418e-03   7.0529330e-03
  -4.2632179e-02  -1.3134240e+00   3.5257881e-01  -2.2344376e-02  -1.8746755e-03   7.9130245e-03
  -4.0584590e-03  -1.3698530e+00   2.4638389e-01  -2.2217531e-02  -1.9092086e-03   8.6578744e-03
   7.0569396e-02  -1.3547911e+00   1.5921395e-02  -2.0543999e-02   3.2671983e-03   7.7711332e-03
   1.8346418e-01  -1.2736471e+00   7.6077981e-03  -2.0602606e-02   4.6133142e-03   9.1045582e-03
   2.0641003e-01  -1.4175355e+00   6.7024134e-02  -2.3222387e-02   3.8166846e-03   1.0614877e-02
   2.8608752e-01  -1.3036998e+00   1.3491500e-01  -1.9154939e-02   4.2901968e-03   1.0554924e-02
   1.6857769e-01  -1.2091049e+00   3.8928205e-01  -1.9996768e-02   1.9931137e-03   8.8983171e-03
   5.1074226e-02  -7.7075091e-01   5.5460991e-01  -3.5572031e-03   8.0255220e-04   4.3078903e-03
   9.1470787e-02  -1.0122489e+00   2.1743815e-01  -1.4744104e-02   7.2239875e-04   6.2172595e-03
   9.8093817e-02  -1.2061677e+00   3.0675343e-01  -1.8591228e-02   1.7221839e-03   5.8281100e-03
   1.8592345e-01  -1.2990294e+00   2.1959276e-01  -1.9677170e-02   2.5020754e-03   6.2624915e-03
   2.7769919e-01  -1.0193852e+00   5.0443283e-01  -8.4169480e-03   5.1116170e-03   5.4157806e-03
  -3.0593731e-02  -7.0319777e-01   6.1873868e-01  -1.0567501e-02  -5.0389288e-04   3.7093400e-03
   9.1065516e-02  -1.3311597e+00   4.0821750e-01  -2.0647038e-02   5.7332885e-05   6.2656498e-03
   2.0704368e-01  -1.3325903e+00   2.5633717e-01  -1.8599785e-02   1.8657956e-03   6.1291966e-03
   1.8566957e-01  -1.1720661e+00   4.4441729e-01  -1.6303086e-02   1.4688190e-03   6.3771570e-03
   1.6094717e-01  -1.3129413e+00   4.0949023e-01  -1.8038844e-02   1.0825215e-03   5.9678449e-03
   1.8208486e-01  -1.2994336e+00   3.7336764e-01  -1.7366136e-02   2.6277422e-03   6.1770011e-03
   2.2774625e-01  -1.1783434e+00   3.8345038e-01  -1.5957149e-02   2.5339045e-03   7.5026774e-03
   2.2566077e-01  -1.2118990e+00   3.6600437e-01  -1.7382804e-02   2.4130003e-03   7.4894440e-03
   1.8473371e-01  -1.3000832e+00   3.3696516e-01  -1.7443511e-02   1.9627697e-03   7.2055053e-03
   2.0302776e-01  -1.0636972e+00   7.3203621e-01  -1.4229945e-02   2.3339939e-03   7.4802873e-03
   2.1709924e-01  -1.2439729e+00   4.8750176e-01  -1.5946164e-02   2.1752857e-03   6.9518536e-03
   2.4236442e-01  -1.2975807e+00   4.1065210e-01  -1.7376552e-02   2.2230440e-03   6.9288423e-03
   2.6803985e-01  -1.0723960e+00   6.7329887e-01  -1.3383709e-02   2.9723774e-03   6.8540525e-03
   1.5136180e-01  -1.2632219e+00   3.6579116e-01  -1.9942539e-02  -2.2864535e-03   6.5034761e-03
  -6.1560873e-02  -1.4524501e+00  -3.1247870e-01  -2.7447597e-02  -6.5334104e-03   3.0449394e-03
   8.8694460e-04  -1.3020962e+00   7.1289222e-02  -2.1824926e-02  -3.9044127e-03   4.5696663e-03
   1.1462618e-01  -1.2502108e+00   3.1979565e-01  -1.9945362e-02  -2.2456060e-03   5.3970288e-03
   2.2747290e-01  -1.3249857e+00   1.7446675e-01  -1.9807933e-02  -3.8340775e-04   5.7397220e-03
   3.0941829e-01  -1.3092125e+00   1.2837022e-01  -1.9803545e-02   7.8972998e-04   6.0766833e-03
   3.4842316e-01  -9.5107227e-01   4.6641657e-01  -1.3663488e-02   2.1248867e-03   6.0602453e-03
   2.5307480e-01  -1.6081358e+00   1.0306447e-02  -2.9656411e-02  -1.9131833e-04   5.4365844e-03
   3.3655094e-01  -1.6487801e+00  -1.4874095e-01  -2.9765624e-02   8.2966107e-04   5.9539678e-03
   3.4360605e-01  -1.3876380e+00   2.7276646e-01  -2.4887769e-02   1.4704448e-03   6.6861717e-03
   3.9373110e-01  -1.6303989e+00   3.0533808e-02  -2.6921218e-02   1.3151748e-03   7.3763149e-03
   4.6017575e-01  -1.5168754e+00   6.9727682e-02  -2.5075495e-02   2.3716945e-03   7.0900194e-03
   4.4249222e-01  -1.4517193e+00   2.4025502e-01  -2.4396532e-02   2.3263416e-03   6.8395569e-03
   3.4049298e-01  -1.5373817e+00   1.2475136e-01  -2.5659819e-02   1.1198651e-03   6.0539030e-03
   4.3889079e-01  -1.4185184e+00   2.3081065e-01  -2.2822739e-02   2.4057516e-03   6.3532492e-03
   4.6142503e-01  -1.3819969e+00   1.1785521e-01  -2.4304115e-02   2.4270385e-03   5.6622853e-03
  -8.3267723e-02  -2.4479770e+00  -1.3826896e+00  -5.0985960e-02  -1.0680919e-02  -3.9995194e-04
   5.2960249e-02  -2.0708882e+00  -7.4281037e-01  -4.2433477e-02  -6.4327640e-03   1.3161403e-03
   8.0660123e-02  -1.9949882e+00  -5.0202432e-01  -3.9827671e-02  -5.2613830e-03   1.5431470e-03
   1.7014545e-01  -2.1326017e+00  -5.9523375e-01  -4.0852901e-02  -4.4088119e-03   1.7746711e-03
   2.1175151e-01  -2.1216011e+00  -5.9193734e-01  -3.9708700e-02  -3.6759508e-03   1.7105983e-03
   2.4411152e-01  -1.9151253e+00  -3.7465627e-01  -3.5919431e-02  -3.2136512e-03   1.7135059e-03
   2.1930786e-01  -2.0878819e+00  -1.6297379e-01  -3.9364269e-02  -3.5126930e-03   1.5579353e-03
   3.0624114e-01  -2.0659814e+00  -4.4620961e-01  -3.7745713e-02  -2.7017264e-03   1.9262568e-03
   3.0979936e-01  -1.8969747e+00  -1.9794099e-01  -3.4878890e-02  -2.1499071e-03   2.8749292e-03
   3.3050201e-01  -2.0048779e+00  -2.3707165e-01  -3.6428781e-02  -1.9529289e-03   2.9413317e-03
   3.8263044e-01  -1.6352426e+00  -5.1138686e-02  -2.4598563e-02   1.9793506e-03  -1.6202119e-03
   2.9551087e-01  -1.6685148e+00  -7.2668515e-02  -3.1110851e-02  -1.2996764e-04  -1.5106296e-03
   3.4331625e-01  -1.8254802e+00  -1.3546530e-01  -3.3726538e-02   7.1072778e-05  -9.0486590e-04
   4.5303929e-01  -1.8689053e+00  -1.6686802e-01  -3.3086765e-02   1.3867436e-03  -2.9576977e-04
   4.5940027e-01  -1.7306956e+00   1.6471696e-02  -3.1591890e-02   1.6215738e-03  -9.3977681e-05
   3.2064687e-01  -1.7838602e+00   2.3943149e-01  -3.2798672e-02  -2.7288387e-04   1.4487293e-04
   4.6252271e-01  -1.9299609e+00  -3.5360295e-02  -3.2290989e-02   1.1875083e-03   3.5046589e-04
   4.5844349e-01  -1.7124807e+00   8.9212809e-02  -3.0994351e-02   1.4830961e-03   7.6329622e-04
   4.7593620e-01  -1.9354931e+00   4.4382956e-03  -3.3624489e-02   1.1179309e-03   1.0275802e-03
   5.0596512e-01  -1.8256592e+00   3.8529319e-02  -3.0789496e-02   1.6967304e-03   7.5841961e-04
   4.9203956e-01  -1.9381996e+00   1.4319669e-02  -3.3353492e-02   1.4169007e-03   9.7990056e-04
   5.4057032e-01  -2.0156526e+00   1.1238485e-01  -3.4996378e-02   1.6597914e-03   1.4391887e-03
   5.8446139e-01  -1.7863498e+00  -4.8777529e-02  -3.1104673e-02   2.5100854e-03   1.3833986e-03
   4.9046654e-01  -1.7518144e+00   2.7973911e-01  -3.2734810e-02   8.6365438e-04   1.0500520e-03
   5.7342775e-01  -1.8274207e+00   1.5338517e-01  -3.0260556e-02   2.5795242e-03   1.4268715e-03
   5.4343358e-01  -1.8601594e+00   1.1201667e-01  -3.1632734e-02   2.1804970e-03   4.7209767e-04
   5.2645890e-01  -1.8844489e+00   4.4948360e-02  -3.1027534e-02   2.0552570e-03  -4.4460621e-04
   5.2361216e-01  -1.7204707e+00   1.7517542e-01  -2.9077913e-02   2.2070129e-03   2.8879320e-04
   3.8358637e-01  -1.3007337e+00   6.2487231e-01  -1.8148566e-02   1.7886467e-04  -2.7702719e-03
   5.9427826e-01  -1.4310594e+00   5.6652645e-01  -2.2454748e-02   3.4596221e-03  -1.0593386e-03
   6.1073103e-01  -1.5467830e+00   3.8309232e-01  -2.4653104e-02   3.5334138e-03  -5.6432863e-04
   5.5242850e-01  -1.7813452e+00   4.2205804e-01  -2.9320948e-02   2.8864580e-03  -9.2310100e-05
   6.1814140e-01  -1.8150736e+00   3.0734796e-01  -2.9050595e-02   4.2582161e-03  -2.0303981e-04
   6.7270685e-01  -1.6475881e+00   3.1356090e-01  -2.7181579e-02   4.6468078e-03   4.0615774e-05
   6.0717202e-01  -1.3939498e+00   5.8150768e-01  -2.2027381e-02   3.8472622e-03  -2.8888871e-04
   6.3418595e-01  -1.7989054e+00   2.4948764e-01  -2.9375893e-02   4.3231950e-03  -8.3894905e-04
   6.4954280e-01  -1.7120950e+00   4.0248543e-01  -2.7618625e-02   4.7790022e-03  -1.1074341e-05
   6.7296177e-01  -1.7832327e+00   4.4992254e-01  -2.9542180e-02   4.8018372e-03  -8.4079030e-05
   7.7343179e-01  -1.8339820e+00   3.0082745e-01  -2.7759622e-02   6.7449843e-03  -4.5586317e-04
   7.7946018e-01  -1.6962401e+00   4.2463247e-01  -2.7459497e-02   6.5587990e-03   6.1642943e-04
   7.7169061e-01  -1.8815751e+00   3.4546426e-01  -3.0583193e-02   6.0782727e-03   2.2358825e-04
   7.8386170e-01  -1.8317975e+00   3.4618326e-01  -2.7984150e-02   6.4267610e-03   1.3855398e-04
   8.4944377e-01  -1.5510483e+00   4.0959710e-01  -2.4024925e-02   7.1785494e-03  -5.0658523e-04
   8.4083526e-01  -1.7967910e+00   3.1655732e-01  -2.8350399e-02   6.8672147e-03   6.7192811e-04
   8.9296694e-01  -1.8020033e+00   2.8916644e-01  -2.7386017e-02   7.5240462e-03   7.1526022e-04
   9.4117844e-01  -1.6930266e+00   4.0826699e-01  -2.7007319e-02   7.8469763e-03   9.4066645e-04
   7.1483585e-01  -2.0895208e+00  -5.6728071e-02  -3.5082082e-02   2.6114616e-03  -1.7102003e-04
   6.0001220e-01  -1.9892777e+00   8.4425102e-02  -3.6565057e-02   2.1627977e-03  -2.1916194e-03
   8.6053724e-01  -1.7327994e+00   2.0556469e-01  -3.2053660e-02   6.5437979e-03  -8.1231129e-04
   7.5338740e-01  -1.9445378e+00  -1.4691210e-01  -3.6590462e-02   5.2406904e-03  -2.5958848e-03
   7.8701008e-01  -1.9661611e+00  -1.3803506e-01  -3.5358340e-02   5.5097230e-03  -1.1721071e-03
   8.0154956e-01  -1.8458891e+00  -2.1305026e-02  -3.3046148e-02   6.2797405e-03  -1.1486557e-04
   8.2095706e-01  -1.9127116e+00   7.2387691e-02  -3.3940790e-02   6.0867986e-03   6.9900749e-04
   8.5849068e-01  -1.9706659e+00  -1.1418786e-01  -3.4760307e-02   6.8097622e-03  -2.8682511e-04
   6.4186446e-01  -1.7137610e+00  -7.8232747e-02  -3.5012470e-02   7.4464603e-04  -2.8391037e-03
  -2.9159821e-02  -2.8626884e+00  -2.0690802e+00  -6.3410652e-02  -1.1697520e-02  -8.3364655e-03
   9.0925557e-02  -2.4829282e+00  -1.3385589e+00  -5.4861645e-02  -8.3666582e-03  -7.0413240e-03
   2.2641920e-01  -2.2580434e+00  -8.0514908e-01  -4.8576105e-02  -5.5695027e-03  -6.7550438e-03
   2.9856117e-01  -2.2550126e+00  -5.5743116e-01  -4.4101891e-02  -4.9229421e-03  -7.0581227e-03
   4.5436082e-01  -2.1816311e+00  -6.0204206e-01  -4.0044821e-02  -2.7504991e-03  -6.3724654e-03
   5.2240116e-01  -2.0794127e+00  -3.6174903e-01  -3.9029939e-02  -1.6992758e-03  -5.7765038e-03
   5.6592886e-01  -2.1790086e+00  -4.0734878e-01  -4.0208532e-02  -1.4989607e-03  -5.5877905e-03
   6.1837052e-01  -2.2262231e+00  -4.9347048e-01  -4.0994131e-02  -1.2549648e-03  -5.2881053e-03
   6.7039461e-01  -2.1070787e+00  -3.0442598e-01  -3.8939001e-02  -6.3801989e-04  -4.5119118e-03
   6.8926378e-01  -2.1870025e+00  -2.3792476e-01  -4.0272432e-02  -6.5861425e-04  -4.5169395e-03
   7.6719991e-01  -2.2445444e+00  -3.7023898e-01  -3.9856407e-02  -1.6805315e-05  -4.9118488e-03
   7.5812431e-01  -2.0823598e+00  -2.2508851e-01  -3.7907172e-02   2.4319079e-04  -4.5683538e-03
   7.2225045e-01  -2.3159650e+00  -2.3339176e-02  -4.2488351e-02  -1.0677619e-03  -3.5669863e-03
   9.5348790e-01  -2.0287255e+00   2.4625568e-01  -3.7725618e-02   1.9361681e-03  -3.9363787e-03
   7.5906573e-01  -2.5254488e+00  -6.3404597e-01  -4.6321408e-02  -9.6651737e-04  -4.4012982e-03
   7.5839220e-01  -2.3514811e+00  -5.5533222e-01  -4.3045977e-02  -3.1617443e-04  -2.4331798e-03
   7.9372835e-01  -2.2004276e+00  -2.2997746e-01  -4.1182315e-02   7.1436750e-04  -2.8320734e-03
   8.4553903e-01  -2.3651817e+00  -3.5155620e-01  -4.1950018e-02   1.0214284e-03  -2.5035773e-03
   8.9251464e-01  -2.2818558e+00  -3.4277716e-01  -4.0599680e-02   1.8762042e-03  -1.9889385e-03
   8.8888641e-01  -2.1520157e+00   1.6520537e-02  -3.7086492e-02   1.8712301e-03  -9.6175509e-04
   7.0240903e-01  -1.7961297e+00  -2.6849927e-01  -3.3163719e-02  -4.6213335e-03  -3.7650181e-03
   6.0421217e-01  -2.1292625e+00  -4.9338616e-01  -4.1844633e-02  -4.4343573e-03  -2.9585259e-03
   7.0719745e-01  -2.3980087e+00  -4.8659922e-01  -4.3460492e-02  -2.1991770e-03  -2.1276164e-03
   7.7205616e-01  -2.2885783e+00  -3.6478097e-01  -4.1056731e-02  -4.9315981e-04  -2.2696907e-03
   7.5256215e-01  -2.0196922e+00   3.1256919e-01  -3.8642581e-02  -7.1962541e-04  -4.6954229e-04
   5.8290639e-01  -2.4124399e+00  -1.1759392e+00  -4.8253108e-02  -1.4540641e-03  -6.7448264e-03
   5.2340716e-01  -2.1554393e+00  -1.0903182e+00  -5.1626476e-02  -2.2461627e-03  -4.9035251e-03
   6.0431760e-01  -2.4115615e+00  -1.0738551e+00  -5.1055614e-02  -1.2678324e-03  -4.8617398e-03
   6.7930868e-01  -2.3718636e+00  -8.5617764e-01  -4.7346078e-02  -2.5142375e-04  -3.8534724e-03
   7.2679190e-01  -2.2385123e+00  -6.8328554e-01  -4.4937084e-02   3.9740389e-04  -3.6438116e-03
   7.2318977e-01  -2.3491977e+00  -6.1634966e-01  -4.6137110e-02  -2.4048382e-04  -3.7573777e-03
   8.3864979e-01  -2.3333187e+00  -6.3043584e-01  -4.3968154e-02   1.4915875e-03  -3.6529046e-03
   8.3098638e-01  -2.2560912e+00  -3.5339613e-01  -4.3157087e-02   1.3878375e-03  -3.7999604e-03
   7.5082596e-01  -2.0386062e+00  -4.0073757e-01  -3.7125097e-02   5.6690067e-04  -5.7033319e-03
   9.0276555e-01  -2.0713374e+00  -2.3272373e-01  -3.8141523e-02   2.0717328e-03  -4.1004273e-03
   9.0577664e-01  -2.2090244e+00  -2.0395750e-01  -4.0490834e-02   1.9916121e-03  -3.7076770e-03
   9.9808054e-01  -2.1963938e+00  -2.8368179e-01  -3.8055147e-02   3.1363241e-03  -3.4384940e-03
   1.0042930e+00  -2.1521335e+00  -2.3398487e-01  -3.8551814e-02   3.0898438e-03  -3.0166937e-03
   9.6542433e-01  -2.3204234e+00  -2.4231544e-01  -4.1976284e-02   1.8948450e-03  -5.0158573e-03
   9.7041217e-01  -2.1862752e+00  -2.9982640e-02  -3.8405863e-02   2.3093453e-03  -4.6948117e-03
   1.0209183e+00  -2.2485701e+00  -1.2875091e-01  -4.0256374e-02   2.7209285e-03  -4.0767400e-03
   9.9994472e-01  -2.2589068e+00  -3.8880501e-01  -4.1116290e-02   1.2621630e-03  -5.3423249e-03
   6.5339554e-01  -2.1500357e+00  -5.7797512e-01  -4.4298850e-02  -3.8227166e-03  -6.4352540e-03
   8.4011239e-01  -2.2264785e+00  -2.5582033e-01  -4.2886413e-02  -7.7570358e-04  -4.9450607e-03
   7.8977833e-01  -2.2619831e+00  -3.5349232e-01  -4.2003191e-02  -3.0939852e-03  -6.5994521e-03
   7.1465240e-01  -2.2355734e+00  -1.2370564e-01  -4.2352403e-02  -3.0278469e-03  -5.7083853e-03
   7.4409996e-01  -2.3250171e+00  -4.7161670e-01  -4.4875180e-02  -1.7875412e-03  -6.0296459e-03
   8.3310291e-01  -2.2173965e+00  -4.3440386e-01  -4.2396918e-02  -1.6463363e-04  -5.7120391e-03
   9.0292839e-01  -2.1097138e+00  -1.9213983e-01  -4.0386063e-02   1.4059670e-03  -5.9521425e-03
   8.9514664e-01  -2.2984570e+00  -2.3623187e-01  -4.2860785e-02   8.8224107e-04  -5.4635705e-03
   9.8493799e-01  -2.2626014e+00  -3.1466692e-01  -4.1233770e-02   2.0266536e-03  -5.4430365e-03
   1.0201280e+00  -2.0643209e+00  -2.9600902e-01  -3.8600252e-02   2.2264734e-03  -5.9532289e-03
   1.0207412e+00  -2.1435029e+00   2.8144787e-02  -4.1155885e-02   1.5420774e-03  -4.9202659e-03
   1.0721159e+00  -2.1950334e+00  -7.9772509e-01  -4.2387387e-02   2.5501641e-03  -6.1741479e-03
   1.0438068e+00  -2.1568042e+00  -4.8317882e-01  -4.3931624e-02   1.9617412e-03  -4.8511632e-03
   1.1047355e+00  -2.3326534e+00  -4.1770943e-01  -4.4755414e-02   2.6543372e-03  -5.3176007e-03
   1.1757739e+00  -1.9223761e+00  -3.8259410e-02  -3.5459064e-02   5.2169043e-03  -8.3657268e-03
   7.7831656e-01  -1.8159418e+00  -3.6384471e-01  -3.5467377e-02  -1.0598384e-03  -1.6554266e-02
   9.0719457e-01  -1.9137856e+00  -2.4074206e-01  -3.7544086e-02   1.2227343e-03  -1.2431504e-02
   9.5450800e-01  -1.9933891e+00  -1.2233976e-01  -3.9076976e-02   9.5665164e-04  -1.1059979e-02
   1.1637552e+00  -2.2371673e+00  -2.5528835e-01  -4.1440140e-02   3.7846329e-03  -7.0595554e-03
   1.2273044e+00  -2.0886568e+00   1.1273977e-02  -4.0015030e-02   4.6116133e-03  -7.3254452e-03
   1.2559122e+00  -2.1565010e+00  -3.3217564e-01  -4.0487437e-02   4.6022793e-03  -7.2569829e-03
   1.2452615e+00  -2.1194820e+00  -4.0652593e-01  -3.8843094e-02   3.7879593e-03  -6.9555969e-03
   1.2278966e+00  -2.0586444e+00  -1.0541760e-01  -3.8431842e-02   4.2755602e-03  -6.6097035e-03
   1.2306755e+00  -2.1784850e+00  -1.6870446e-01  -4.0674515e-02   3.9285189e-03  -6.5072619e-03
   1.2822102e+00  -2.2041401e+00  -2.9981222e-01  -4.0387802e-02   4.2877135e-03  -6.6906366e-03
   1.3543877e+00  -1.1156736e+00   4.8679174e-01  -1.7972518e-02   6.1426970e-03  -5.5318266e-03
   1.3087775e+00  -1.7708440e+00   7.7925034e-02  -3.2067728e-02   4.8188569e-03  -5.4187348e-03
   1.3831585e+00  -1.8366184e+00   9.7878793e-02  -3.2124568e-02   6.3904143e-03  -5.2966957e-03
   1.3842213e+00  -1.7607566e+00   2.0907540e-01  -3.1630348e-02   6.4927632e-03  -5.5872015e-03
   1.3803628e+00  -1.9261152e+00   1.3709430e-01  -3.4668625e-02   5.9874860e-03  -5.5161255e-03
   1.4338312e+00  -1.8528633e+00   1.0105523e-01  -3.2461339e-02   6.9476670e-03  -5.7586177e-03
   1.1611960e+00  -1.7315616e+00   1.1616803e-01  -3.2404039e-02   1.7319627e-03  -1.0988000e-02
   8.7193036e-01  -2.0953149e+00  -1.9582518e-01  -4.4754651e-02  -3.0075888e-03  -1.1006289e-02
   1.1411509e+00  -2.1837777e+00  -3.9136609e-01  -4.3367224e-02   1.3603663e-03  -1.0282016e-02
   4.7646563e-01  -2.8029261e+00  -3.2194520e+00  -7.3178195e-02  -4.7094698e-03  -1.5024572e-02
   4.5072779e-01  -2.3513810e+00  -1.5830310e+00  -6.6492179e-02  -5.4974528e-03  -1.7076331e-02
   7.0791526e-01  -2.6665495e+00  -1.4726515e+00  -6.5186846e-02  -2.1889020e-03  -1.7069711e-02
   8.7335265e-01  -2.4675455e+00  -1.1862449e+00  -5.9906125e-02  -6.9328143e-05  -1.5918971e-02
   9.3446287e-01  -2.7208714e+00  -1.2587031e+00  -6.2715427e-02  -1.1930562e-04  -1.4800996e-02
   1.0929197e+00  -2.7086426e+00  -1.2314180e+00  -5.9828687e-02   2.1497204e-03  -1.4031147e-02
   1.1434692e+00  -2.6780080e+00  -1.0366983e+00  -5.9402788e-02   2.7441108e-03  -1.3524315e-02
   1.2310931e+00  -2.7977106e+00  -1.1143839e+00  -6.0284870e-02   3.6489226e-03  -1.3552224e-02
   1.2314991e+00  -2.4407127e+00  -7.5690048e-01  -5.0329235e-02   4.0290625e-03  -1.5554560e-02
   1.2781627e+00  -2.3705772e+00  -3.6615568e-01  -5.0836715e-02   4.3347276e-03  -1.4294638e-02
   1.3886622e+00  -2.5074186e+00  -6.0743224e-01  -5.0129157e-02   4.9201654e-03  -1.3984130e-02
   1.4103076e+00  -2.3485195e+00  -5.7838606e-01  -4.7767237e-02   5.4401604e-03  -1.3246910e-02
   1.4499148e+00  -2.4361674e+00  -5.8715959e-01  -4.9418483e-02   5.5890116e-03  -1.3811909e-02
   1.4143772e+00  -2.0883542e+00  -5.3542252e-01  -3.9501135e-02   5.7582574e-03  -1.3500273e-02
   1.4055542e+00  -2.0853894e+00  -2.3230544e-01  -4.2722235e-02   5.5611205e-03  -1.2780517e-02
   1.4621394e+00  -2.2731047e+00  -4.2755962e-01  -4.4675714e-02   5.9297811e-03  -1.2465521e-02
   1.4622280e+00  -2.0174018e+00  -2.8931657e-01  -3.8663003e-02   6.6358188e-03  -1.2525478e-02
   1.4333237e+00  -2.0817651e+00  -2.2351724e-01  -4.1828716e-02   6.1132618e-03  -1.2567407e-02
   1.2661626e+00  -2.1872347e+00  -5.8172767e-01  -4.4729489e-02   3.1278610e-03  -1.4755970e-02
   1.0262226e+00  -2.1965594e+00  -6.8551910e-01  -4.8748618e-02  -3.8431748e-03  -1.4462754e-02
   5.7742450e-01  -2.1725363e+00  -5.8619362e-01  -5.7048713e-02  -7.6322520e-03  -1.6750651e-02
   4.7873904e-01  -2.1024793e+00  -1.0355020e+00  -5.0788340e-02  -8.2277693e-03  -1.8369925e-02
   5.7896453e-01  -2.4180184e+00  -1.2908802e+00  -5.3335572e-02  -6.4276145e-03  -1.6366869e-02
   6.5884235e-01  -2.1943577e+00  -8.9639218e-01  -5.1449414e-02  -4.4905212e-03  -1.5234255e-02
   7.7912617e-01  -2.3499176e+00  -1.0034629e+00  -5.2297183e-02  -2.8060689e-03  -1.5494601e-02
   8.3183943e-01  -2.2241286e+00  -1.0208556e+00  -5.0066793e-02  -2.2526196e-03  -1.4882512e-02
   8.4473804e-01  -2.2866963e+00  -8.4420648e-01  -5.0973670e-02  -2.0246097e-03  -1.5872952e-02
   9.7773624e-01  -2.2406947e+00  -8.4142696e-01  -4.8358745e-02  -2.9598825e-04  -1.5790127e-02
   9.2514009e-01  -2.2246593e+00  -5.0098373e-01  -4.9655159e-02  -7.4437134e-04  -1.5471241e-02
   1.0231890e+00  -1.9960325e+00  -4.2942960e-01  -3.7901104e-02   1.2673052e-03  -1.5235351e-02
   9.7378999e-01  -1.7816648e+00  -2.1862290e-01  -4.0179564e-02   1.8311414e-04  -1.4797983e-02
   8.5956028e-01  -2.1543661e+00  -7.0180670e-01  -4.6205925e-02  -1.9543486e-03  -1.5669579e-02
   7.0328913e-01  -2.0635808e+00  -4.6217216e-01  -4.7030099e-02  -3.3547504e-03  -1.5715888e-02
   6.4679562e-01  -1.8768989e+00  -4.8420444e-01  -4.3804372e-02  -4.2693245e-03  -1.7713521e-02
   8.0574269e-01  -1.7510394e+00  -4.0275842e-01  -3.6834124e-02  -1.0970814e-03  -1.3070298e-02
   8.5926130e-01  -1.4124372e+00  -8.2299301e-02  -3.3026275e-02  -4.0209613e-04  -1.2411524e-02
   8.9267263e-01  -1.7556810e+00  -2.5560271e-01  -3.8133548e-02  -7.3770340e-04  -1.2628793e-02
   9.6104755e-01  -1.6882686e+00  -2.0239600e-01  -3.6769970e-02   4.1301200e-04  -1.2824628e-02
   1.0055233e+00  -1.5005485e+00   1.5653443e-01  -3.4235763e-02   1.0292229e-04  -1.1344001e-02
   1.1397868e+00  -1.5978896e+00   5.7836682e-02  -3.3154100e-02   1.7815367e-03  -1.1674810e-02
   1.1580798e+00  -1.6761237e+00   1.4517172e-02  -3.5750380e-02   1.8318712e-03  -1.1879274e-02
   1.1470885e+00  -2.1311505e+00  -4.1548796e-01  -4.6496235e-02   4.0593910e-04  -1.2766767e-02
   9.6048500e-01  -2.2096987e+00  -7.2862384e-01  -5.2586170e-02  -8.4751318e-04  -1.4275358e-02
   1.0115962e+00  -2.3451865e+00  -6.5338322e-01  -5.1146123e-02   1.5778979e-04  -1.4247102e-02
   9.7773936e-01  -2.1320160e+00  -4.4652172e-01  -4.8515533e-02   3.5490861e-04  -1.4249376e-02
   1.0157280e+00  -2.1852580e+00  -5.4951695e-01  -4.8054457e-02   5.2879451e-04  -1.3734852e-02
   9.1351329e-01  -1.7228602e+00  -4.1844449e-01  -3.4495932e-02  -1.4223198e-03  -1.6181978e-02
   8.7439325e-01  -1.6814121e+00  -2.2964612e-01  -3.8808655e-02  -1.6646211e-03  -1.4163276e-02
   9.3596826e-01  -1.9047450e+00  -3.8367479e-01  -4.1206368e-02  -1.0173454e-03  -1.4655052e-02
   1.0255155e+00  -1.7734615e+00  -2.1993425e-01  -3.9261659e-02   1.0194922e-04  -1.3906252e-02
   1.1066766e+00  -1.8667334e+00  -1.8636414e-01  -4.1626548e-02   1.0346862e-03  -1.2260120e-02
   1.1570676e+00  -1.9823071e+00  -4.4417798e-01  -4.3106684e-02   1.5143973e-03  -1.2592773e-02
   1.1619821e+00  -2.0626906e+00  -4.9177837e-01  -4.6328847e-02   8.3928787e-04  -1.2711467e-02
   1.0991238e+00  -2.0838723e+00  -1.4326053e-01  -4.6018427e-02   1.2554266e-03  -1.2315874e-02
   1.1849534e+00  -2.0653582e+00  -2.9755257e-01  -4.4479410e-02   2.5723369e-03  -1.1645986e-02
   1.2542439e+00  -1.7122353e+00   2.2442730e-01  -3.9400607e-02   3.9711431e-03  -1.0515009e-02
   1.2682045e+00  -2.0623690e+00  -3.5642978e-01  -4.2141959e-02   3.5905179e-03  -1.1411146e-02
   1.2598861e+00  -1.7144099e+00   2.0873864e-01  -4.0711640e-02   3.6387492e-03  -9.6951901e-03
   6.2118985e-01  -2.6998732e+00  -1.1854919e+00  -5.8897315e-02  -1.2430115e-02  -1.6903506e-02
   3.3027740e-01  -2.4976435e+00  -1.7329081e+00  -6.0010127e-02  -1.3752679e-02  -1.4820211e-02
   5.0201250e-01  -2.2372078e+00  -1.2022831e+00  -5.3237336e-02  -9.8918596e-03  -1.3801719e-02
   5.4256338e-01  -2.3681335e+00  -1.1359221e+00  -5.4120261e-02  -8.8645153e-03  -1.3342869e-02
   6.4937769e-01  -2.2044849e+00  -9.9893987e-01  -4.9709855e-02  -6.6018291e-03  -1.2988801e-02
   7.1832107e-01  -2.2653209e+00  -9.1863728e-01  -5.0289220e-02  -5.8562317e-03  -1.3137630e-02
   7.8544335e-01  -2.3562765e+00  -8.5629571e-01  -5.0789152e-02  -5.2290147e-03  -1.3179070e-02
   8.1597255e-01  -1.0832043e+00   2.5406824e-01  -3.1939266e-02  -4.3049813e-03  -1.3047817e-02
   8.7512358e-01  -2.0485700e+00  -4.3333352e-01  -4.4363623e-02  -4.1628577e-03  -1.3171047e-02
