   0.0000000e+00   0.0000000e+00  -1.4210855e-14   0.0000000e+00   0.0000000e+00   0.0000000e+00
   9.4728005e-03   6.2205993e-02   1.9992327e-01   2.0358858e-04   6.6291055e-04  -5.2247620e-04
  -9.1652370e-03   2.2666627e-02   1.7057444e-01   5.2140359e-04  -9.5364058e-05  -5.6583689e-05
  -3.1601811e-02   1.7715371e-02   1.3756890e-01   6.9116517e-05  -1.5038960e-05  -9.1184379e-05
  -4.5873813e-02   6.0974752e-02   2.2763172e-01  -1.7662062e-04   1.4035625e-04  -1.1528593e-04
  -5.8022632e-02   1.5743842e-02   1.6934821e-01  -5.6960304e-04   4.7349704e-05  -6.8810633e-05
  -8.9842957e-02   3.6149458e-02   1.5981568e-01  -6.7968967e-04  -2.6311711e-04  -5.8249119e-05
  -7.7573132e-02  -4.6409972e-04   2.0255750e-01  -1.5073106e-03  -2.8712967e-04  -3.9523359e-04
  -7.9126338e-02   2.9963998e-02   2.0913637e-01  -3.2877726e-04  -5.9381547e-04  -4.5082986e-04
  -7.9048053e-02   1.0435556e-03   2.0515135e-01  -1.8424805e-03  -3.4147235e-04  -7.1733862e-04
  -9.7163181e-02  -5.3134575e-03   1.2378209e-01  -1.9815956e-03  -8.0169452e-04  -5.3644250e-04
  -7.2228966e-02   7.1947530e-04   3.0589630e-01  -3.5226279e-03  -2.3961241e-04  -1.2498345e-03
  -7.1719867e-02   2.7332474e-02   1.7987489e-01  -1.5985091e-03  -1.2908610e-03  -9.3953921e-04
  -1.1151606e-01  -1.8381593e-02   7.7438861e-02  -2.2069332e-03  -1.5418925e-03  -6.8405940e-04
  -9.8629787e-02   4.4492383e-02   1.9520153e-01  -1.5752319e-03  -1.4367104e-03  -8.1555682e-04
  -1.0897323e-01  -4.0115758e-03   1.1826367e-01  -2.1226233e-03  -1.5368446e-03  -7.0667112e-04
  -9.3981615e-02   6.0717905e-02   2.3991742e-01  -1.1327826e-03  -1.0676716e-03  -1.0906952e-03
  -1.1795276e-01  -1.0219465e-02   1.5174570e-01  -2.3920192e-03  -1.2454346e-03  -8.4673877e-04
  -1.3422205e-01   2.0088853e-02   1.4191228e-01  -2.0293980e-03  -1.6362317e-03  -6.9718357e-04
  -1.0816119e-01   3.8535029e-04   2.0031512e-01  -3.1943613e-03  -1.1202073e-03  -1.1708001e-03
  -1.0881962e-01   1.0011594e-02   2.0329457e-01  -1.9648985e-03  -1.4887679e-03  -1.0164105e-03
  -9.7540871e-02   1.8552647e-02   2.3013380e-01  -2.7870761e-03  -1.2428392e-03  -1.3892435e-03
  -1.0390743e-01   8.9106582e-03   2.1226668e-01  -2.5578938e-03  -1.4024665e-03  -1.2519686e-03
  -9.3449246e-02   3.1419726e-02   2.4581517e-01  -2.2492987e-03  -1.3095435e-03  -1.4664143e-03
  -1.0115408e-01   2.8078612e-02   1.9513035e-01  -1.3448314e-03  -1.3927468e-03  -1.3525380e-03
  -7.7944005e-02   1.5164764e-02   3.0347659e-01  -2.6086137e-03  -1.0644592e-03  -1.6582793e-03
  -7.9652305e-02  -2.8617207e-02   2.3026000e-01  -2.1411651e-03  -1.1214351e-03  -1.5078129e-03
  -1.0784838e-01   9.9048403e-03   2.3842890e-01  -2.7671309e-03  -1.2218578e-03  -1.4552710e-03
  -9.7442299e-02  -9.9517648e-03   2.3078778e-01  -3.0869925e-03  -9.1043045e-04  -1.5725888e-03
  -1.2139938e-01   1.0362152e-02   2.4521277e-01  -3.2151654e-03  -1.1408684e-03  -1.5755662e-03
  -1.1133834e-01   4.4891023e-02   2.5860720e-01  -2.4360617e-03  -8.4379774e-04  -1.7344135e-03
  -1.2491175e-01  -1.4610125e-02   2.3200266e-01  -2.9623313e-03  -1.1471632e-03  -1.4357380e-03
  -1.2234477e-01   1.3795810e-02   2.8289173e-01  -3.2108030e-03  -1.0091045e-03  -1.6717930e-03
  -1.1549827e-01  -1.7720752e-02   2.0788834e-01  -2.7993303e-03  -1.2518339e-03  -1.5091592e-03
  -1.2192780e-01   2.5365834e-02   2.4842052e-01  -3.4484572e-03  -8.7722861e-04  -1.6641226e-03
  -1.1606335e-01  -1.9351458e-02   2.1566674e-01  -3.5510091e-03  -6.9222042e-04  -1.7361738e-03
  -1.2537873e-01   3.1882202e-02   2.3176187e-01  -2.8091800e-03  -9.8803568e-04  -1.6770974e-03
  -1.1828912e-01   6.3800316e-03   2.1228768e-01  -3.6943589e-03  -3.4089171e-04  -1.7279531e-03
  -1.3532675e-01   4.0784928e-02   2.1289558e-01  -2.1302736e-03  -9.1570249e-04  -1.6218301e-03
  -1.2206630e-01   2.7116707e-02   2.6918302e-01  -3.8477825e-03  -4.2324226e-04  -1.8506933e-03
  -1.2472914e-01  -1.2763939e-02   2.2325155e-01  -3.9114912e-03  -5.3351092e-04  -1.7970046e-03
  -1.1704207e-01   6.2935825e-03   2.3092534e-01  -3.3655838e-03  -7.7161515e-04  -1.7002510e-03
  -9.8928459e-02   2.4244788e-02   2.6646312e-01  -2.7780390e-03   1.5298664e-06  -2.0958730e-03
  -6.9012583e-02  -1.4492734e-02   1.8324958e-01  -3.1960806e-03  -2.4924125e-04  -1.8948983e-03
  -9.3590267e-02   3.0110535e-02   2.6122530e-01  -3.9716613e-03  -2.1511421e-04  -2.0267894e-03
  -9.3549358e-02   1.3250011e-03   2.5720747e-01  -3.6920919e-03  -3.1414497e-04  -2.0409926e-03
  -1.1568655e-01   1.9214048e-02   3.7343757e-01  -2.5733612e-03  -7.7133407e-04  -1.7268435e-03
  -9.2178368e-02  -3.0036403e-02   2.7028389e-01  -3.5400457e-03  -2.8222340e-04  -1.9965469e-03
  -9.5780283e-02   8.7915550e-03   2.6986348e-01  -3.2696511e-03  -7.3576141e-04  -1.9585712e-03
  -6.7786761e-02  -1.2979638e-02   3.7150641e-01  -3.8420807e-03   1.1394598e-04  -2.2156767e-03
  -8.0697097e-02  -1.2708508e-02   3.5338843e-01  -3.2128294e-03  -3.7858310e-04  -2.1436128e-03
  -9.0143076e-02   5.8119961e-03   3.5163846e-01  -4.0446648e-03  -2.7048608e-04  -2.2839768e-03
  -8.1548535e-02  -1.0295061e-02   3.2914281e-01  -3.5256873e-03  -3.5500878e-04  -2.2826688e-03
  -7.1101972e-02   1.5141512e-02   3.9595563e-01  -4.1390060e-03  -8.4789085e-05  -2.4327559e-03
  -6.6922286e-02  -3.2942835e-02   3.2793173e-01  -3.8574787e-03  -1.7505894e-04  -2.3772686e-03
  -7.6643061e-02   6.6987420e-03   3.5291436e-01  -4.1603967e-03  -1.4862886e-04  -2.3320939e-03
  -6.6775917e-02  -4.9110110e-02   3.1790873e-01  -4.6322383e-03   1.3348507e-04  -2.4446555e-03
  -7.7981237e-02  -1.1310088e-03   3.5923085e-01  -3.7663729e-03  -1.5878570e-04  -2.3382094e-03
  -8.6390703e-02  -8.6740016e-03   3.1962922e-01  -4.5714557e-03  -1.4271223e-04  -2.5166429e-03
  -7.7087667e-02   1.7202899e-02   3.3009439e-01  -3.7589489e-03  -2.8646951e-04  -2.3900150e-03
  -8.1477301e-02  -8.3531440e-03   3.6627578e-01  -4.7477013e-03  -8.1409317e-05  -2.7085508e-03
  -8.1232337e-02  -5.4798044e-03   3.6618848e-01  -4.2016961e-03  -4.3947266e-04  -2.4247894e-03
  -7.1818929e-02  -2.7124509e-02   3.9809035e-01  -5.4028247e-03  -2.2631150e-04  -2.6931415e-03
  -4.3627529e-02  -1.2862561e-02   3.7461359e-01  -4.2555139e-03  -3.5461697e-04  -2.6855906e-03
  -5.4583794e-02  -6.4215064e-03   4.3200058e-01  -5.4422823e-03  -2.3384259e-04  -2.9671696e-03
  -2.6593620e-02  -3.7122660e-02   4.1554124e-01  -5.4101617e-03  -4.6543685e-04  -3.1362171e-03
   4.3010583e-02   1.6507799e-02   9.2582902e-01  -1.8553303e-03  -5.5700441e-04  -3.5194332e-03
   1.7158535e-01  -1.3046440e-02   7.5991518e-01  -2.7337237e-03  -6.7374454e-04  -4.7935069e-03
   8.5656188e-02  -9.3555322e-03   5.0001528e-01  -5.8823695e-03  -7.0306593e-04  -4.5729866e-03
   2.1217596e-02  -1.3009594e-02   5.3091211e-01  -5.5388973e-03  -1.1004559e-03  -4.1876488e-03
   2.6889841e-02  -4.7662056e-02   5.6951591e-01  -6.0342141e-03  -5.8187315e-04  -4.6051721e-03
   8.6375989e-02   1.7858091e-02   6.4806762e-01  -4.3444823e-03  -9.7669924e-04  -3.9572606e-03
   6.5985340e-02  -3.3147584e-02   5.1685762e-01  -4.7395598e-03  -1.1036070e-03  -4.3682122e-03
   5.1456839e-02   9.6786703e-03   5.6583992e-01  -4.1010142e-03  -7.7413074e-04  -4.1751364e-03
   3.8564226e-02  -5.0833433e-02   5.1539795e-01  -5.3933061e-03  -8.8687592e-04  -4.0098517e-03
   7.7153086e-02  -1.3655189e-02   6.6457002e-01  -6.6480063e-03   1.1447059e-03  -4.7062104e-03
   8.8729802e-02  -3.0500836e-02   6.1479815e-01  -5.4178529e-03  -8.8491133e-05  -4.7965070e-03
   1.0581508e-01  -4.1532306e-02   7.0549797e-01  -6.7534361e-03   2.4038921e-04  -5.1258637e-03
   5.6078751e-02  -4.4806724e-02   6.0175172e-01  -6.2291877e-03  -6.8268366e-04  -4.5948120e-03
   9.9601527e-02  -5.4588832e-02   5.8065167e-01  -6.6581100e-03  -1.5317339e-04  -5.0009091e-03
   1.1721894e-01  -5.4446093e-02   5.6284383e-01  -6.9117715e-03   2.5838737e-04  -4.8393352e-03
   1.0195268e-01  -7.9575965e-02   5.0676409e-01  -8.2274921e-03   4.6983630e-04  -4.8297328e-03
   6.4748698e-02  -7.2573798e-02   4.8228130e-01  -8.0363523e-03   9.0962819e-05  -4.6122667e-03
   8.4908338e-02  -6.4455341e-02   5.1860235e-01  -8.0447858e-03   3.1788032e-04  -4.9917785e-03
   7.6199026e-02  -6.9137655e-02   5.0445674e-01  -7.4000041e-03   4.0604937e-05  -4.7951811e-03
   6.0740044e-02  -7.9579358e-02   4.8748123e-01  -8.5659114e-03   1.1419907e-04  -4.8562231e-03
   7.1207204e-02  -9.7175420e-02   4.7160432e-01  -8.3976943e-03  -3.1735707e-06  -5.0476904e-03
   9.1214804e-02  -1.0101290e-01   5.7856622e-01  -9.2403902e-03   9.6012292e-04  -5.4209217e-03
   4.4174013e-02  -1.0932814e-01   7.6799450e-01  -4.8061153e-03   1.0107421e-05  -4.7442146e-03
   1.4762931e-01  -4.1304166e-02   3.0425756e-01  -7.1907600e-03  -1.9044988e-03  -4.9220014e-03
   2.6203162e-02  -9.0400490e-02  -1.5748890e-01  -8.9164612e-03  -2.4812230e-03  -4.1892923e-03
   1.2593520e-02  -5.0846391e-02   1.0843365e-01  -7.9309816e-03  -2.3668770e-03  -4.4707981e-03
   4.5686052e-03  -6.7792977e-02   1.8020361e-01  -7.9571368e-03  -2.3805498e-03  -4.6177423e-03
   9.5429151e-02  -5.9218085e-02   5.4867729e-01  -8.1115638e-03  -7.3820324e-04  -5.1931609e-03
   6.8082931e-02  -7.9482846e-02   4.5933078e-01  -6.0139744e-03  -1.5957968e-03  -5.0662417e-03
   4.7007244e-02  -8.8950783e-02   4.2229892e-01  -7.5721557e-03  -1.5413193e-03  -4.9533971e-03
   6.0040604e-02  -1.0069159e-01   3.9201855e-01  -7.2237968e-03  -1.9556509e-03  -4.8760775e-03
   6.4305256e-02  -9.8083055e-02   4.3510723e-01  -7.9904472e-03  -2.0411338e-03  -5.1356878e-03
   1.0845072e-01  -1.2733781e-01   3.8370954e-01  -8.0553688e-03  -1.8461327e-03  -5.2878143e-03
   1.0253516e-01  -1.0998031e-01   4.7106591e-01  -9.0265232e-03  -1.2545231e-03  -5.3317034e-03
   6.1742084e-02  -1.2284162e-01   4.6166647e-01  -8.2761954e-03  -1.7043851e-03  -4.9641823e-03
   5.8233156e-02  -9.6475668e-02   4.8333678e-01  -8.6588279e-03  -1.3658568e-03  -5.0374945e-03
   5.8935164e-02  -1.0638672e-01   4.8027148e-01  -8.1796317e-03  -1.7133945e-03  -4.9637101e-03
   7.0858027e-02  -1.0486543e-01   5.0872972e-01  -9.5274577e-03  -1.0364608e-03  -5.1342827e-03
   3.8839491e-02  -1.2522547e-01   4.1195470e-01  -1.0662358e-02  -1.1562145e-03  -4.6156668e-03
  -9.8103766e-03  -5.3117622e-02   2.8632150e-01  -1.1525773e-02  -2.5955260e-04  -4.3848040e-03
   5.2951107e-03  -4.1574061e-02   4.4989739e-01  -5.7164580e-03   7.8927162e-05  -3.3720049e-03
   4.6950244e-02   2.2701022e-02   5.9377202e-01  -5.3540403e-03  -1.3809282e-03  -3.3881563e-03
   2.4373260e-02  -8.0122824e-02   3.1138098e-01  -2.5574745e-03  -1.9988791e-03  -2.6811764e-03
   5.7975188e-02  -7.8735763e-02   1.2435625e-01  -3.9966068e-03  -1.3717172e-03  -3.2708314e-03
   4.1585299e-02  -2.0035005e-02   2.5600416e-01  -5.9237844e-03  -8.0124930e-04  -4.0622362e-03
   1.5697421e-02   3.8728499e-02   3.5751141e-01  -5.7375608e-03  -2.2547086e-04  -4.0824954e-03
  -6.3958061e-02   2.5489705e-03   1.4266412e-01  -5.9771808e-03  -5.3049245e-04  -2.7361431e-03
  -5.3532967e-02  -1.1832787e-02   7.8194623e-01  -5.4136430e-03   7.3448553e-06  -3.1525565e-03
  -5.0261144e-03   1.3080400e-02   5.7671022e-01  -3.5603068e-03  -1.2387277e-03  -2.8391685e-03
   1.7541396e-02  -2.8898075e-02   2.3050869e-01  -4.2752321e-03  -1.1914705e-03  -2.7279187e-03
   3.2399297e-02   2.8758312e-03   4.3551645e-01  -4.0414239e-03  -1.3439269e-03  -2.9410975e-03
   5.0809204e-02  -6.5316663e-02   4.3843291e-01  -5.7446741e-03  -1.4873938e-03  -3.2243386e-03
   2.9520073e-02  -7.2502387e-03   5.2021036e-01  -4.8321206e-03  -2.3138922e-03  -2.9005019e-03
   3.3650638e-02  -8.6749478e-02   4.4231015e-01  -4.9574645e-03  -2.2732841e-03  -3.1836426e-03
   4.6732610e-03  -4.0425016e-02   4.7079409e-01  -6.1636886e-03  -2.0348275e-03  -3.5353272e-03
   6.7657136e-03  -4.1857382e-02   4.4403577e-01  -6.3447046e-03  -1.9687926e-03  -3.8365832e-03
  -2.3042700e-02  -6.1689428e-02   4.5026262e-01  -7.3892661e-03  -2.1863213e-03  -3.6770082e-03
  -1.0631294e-02  -6.8772220e-02   4.4362360e-01  -7.0450685e-03  -1.9639118e-03  -4.1250144e-03
   1.0405989e-03  -6.8818121e-02   4.2862790e-01  -6.5711452e-03  -1.8701556e-03  -4.2030364e-03
   3.5464782e-02  -1.3561495e-01   7.4903089e-01  -8.1645450e-03   8.6024264e-06  -4.6900029e-03
   7.8872824e-02  -5.4787253e-02   1.1213172e+00  -6.2679376e-03  -3.0468934e-04  -4.8782987e-03
   2.3380581e-01  -6.2180278e-02   9.1546671e-01  -4.5856752e-03  -8.4036499e-04  -5.5645190e-03
   1.9170073e-01  -8.3638187e-02   1.9143783e-01  -6.6505445e-03  -1.3556200e-03  -4.5214467e-03
   1.5451578e-01  -7.9972007e-02   4.9372599e-01  -6.4895811e-03  -2.0775925e-03  -4.7581975e-03
   1.4329084e-01  -6.1491647e-02   5.2204320e-01  -6.4652661e-03  -2.0955414e-03  -4.7390977e-03
   1.4081002e-01  -8.5366933e-02   5.1759628e-01  -6.8465481e-03  -2.0879250e-03  -4.8273080e-03
   1.1234297e-01  -8.6239396e-02   5.1400871e-01  -7.6837084e-03  -2.0420446e-03  -4.8214382e-03
   1.0971013e-01  -7.9745435e-02   5.0241937e-01  -7.1730491e-03  -1.9428295e-03  -4.9422864e-03
   9.2113334e-02  -6.9344455e-02   5.1249474e-01  -7.7145487e-03  -2.1680878e-03  -4.9288945e-03
   9.7097811e-02  -8.7526443e-02   5.2358766e-01  -7.9573737e-03  -1.8512954e-03  -5.0516615e-03
   1.0584375e-01  -1.1306967e-01   5.3742772e-01  -8.0905630e-03  -1.5706081e-03  -5.1027219e-03
  -2.2049949e-02  -9.8925852e-02   8.0565678e-01  -4.0844124e-03  -3.5462041e-03  -4.8807265e-03
   3.2585515e-02  -1.2273233e-01   6.5367239e-01  -2.6093020e-03  -3.6090879e-03  -4.5477159e-03
   4.1686321e-02  -1.5302822e-01   3.2223191e-01  -5.2546436e-03  -3.6282416e-03  -4.2359926e-03
  -1.9357717e-02  -4.4835847e-02   2.0181253e-01  -6.8280649e-03  -3.3704722e-03  -3.8633141e-03
  -2.2016435e-02  -7.5487699e-02   3.8587914e-01  -6.1602185e-03  -3.8712928e-03  -4.0918441e-03
  -2.2328813e-02  -1.1324628e-01   4.0143489e-01  -6.2810593e-03  -3.8844594e-03  -4.1444050e-03
  -2.5110809e-02  -1.0307584e-01   4.1107074e-01  -6.5668364e-03  -3.8299869e-03  -4.1584385e-03
  -3.7961458e-02  -1.0391910e-01   4.1208553e-01  -6.7242672e-03  -4.0995513e-03  -4.2853246e-03
  -2.1234680e-02  -1.4334568e-01   4.8552375e-01  -7.8630295e-03  -3.2153076e-03  -4.4285567e-03
   2.3434526e-02  -6.9721036e-02   7.3723992e-01  -6.5669116e-03  -2.9000777e-03  -4.8025861e-03
  -3.9752064e-03  -1.1985927e-01   4.1520805e-01  -8.5434662e-03  -2.8908818e-03  -4.6027712e-03
  -2.5734433e-05  -1.3463150e-01   5.4044942e-01  -8.7730028e-03  -3.0874297e-03  -4.6710071e-03
  -7.7098997e-02  -1.0493329e-01   8.9342288e-01  -7.6247397e-03  -3.5918666e-03  -4.3863811e-03
  -2.6353000e-02  -1.4127378e-01   8.5348739e-01  -5.7816757e-03  -3.6174512e-03  -4.9469090e-03
   6.5303198e-02  -1.1113776e-01   6.8725653e-01  -6.3804820e-03  -2.3518605e-03  -5.3733075e-03
   4.7732157e-02  -1.1884856e-01   5.7108994e-01  -7.6142258e-03  -2.9518164e-03  -5.4262226e-03
   1.7997794e-02  -9.7264264e-02   7.6329057e-01  -9.1080750e-03  -3.5291862e-03  -5.5870559e-03
  -4.3741319e-02  -5.3678378e-02   1.0348830e+00  -7.3580843e-03  -3.1957642e-03  -5.3872768e-03
   1.8927536e-02  -1.1011158e-01   5.8904300e-01  -8.1468557e-03  -2.1684960e-03  -4.2963078e-03
  -1.1731976e-02  -1.1235324e-01   7.0061068e-01  -8.6571545e-03  -3.2678518e-03  -4.1391923e-03
  -2.4215251e-02  -1.0811804e-01   7.1774119e-01  -8.9195417e-03  -3.7090825e-03  -4.6222623e-03
  -4.2811490e-02  -1.2371456e-01   7.5033098e-01  -9.4826928e-03  -3.8422405e-03  -4.7161736e-03
  -4.5383434e-02  -1.2253339e-01   7.1900226e-01  -8.8034180e-03  -3.6454527e-03  -4.8250154e-03
  -6.1256110e-02  -1.8092818e-01   9.1962846e-01  -9.9064922e-03  -2.0916570e-03  -4.7452946e-03
  -1.0932345e-01  -1.6435224e-01   1.2297900e+00  -8.7694532e-03  -2.6985620e-03  -4.6246742e-03
  -1.8681364e-02  -1.9805759e-01   1.2655484e+00  -7.6120798e-03  -2.6028008e-03  -5.2490368e-03
   8.5274747e-02  -1.8160947e-01   1.2209381e+00  -9.3394190e-03  -2.4099473e-03  -5.7390417e-03
   8.7758676e-02  -2.1113032e-01   1.1833706e+00  -1.0189672e-02  -2.1274906e-03  -5.9878244e-03
   6.6675867e-02  -2.2201923e-01   1.1312541e+00  -1.0696343e-02  -2.0266976e-03  -5.8734053e-03
   6.9051549e-02  -2.1264941e-01   1.0766396e+00  -1.1310337e-02  -1.8123363e-03  -5.9680857e-03
   8.3422761e-02  -2.0098618e-01   1.0652441e+00  -1.1379176e-02  -1.7392155e-03  -6.0698873e-03
   5.8655230e-02  -1.9130355e-01   1.0505711e+00  -1.1049183e-02  -1.7689535e-03  -5.9226507e-03
   5.4705174e-02  -1.7650402e-01   1.0118946e+00  -1.0399761e-02  -1.6265201e-03  -5.9287725e-03
   6.1239012e-02  -1.6234736e-01   9.2282124e-01  -8.2965612e-03  -6.4776852e-04  -6.0444342e-03
   1.2819052e-01  -1.7033062e-01   9.0921615e-01  -8.1770907e-03   9.5952072e-04  -6.5038512e-03
   1.3198959e-02  -1.9288790e-01   1.0994511e+00  -1.0237675e-02  -4.6868796e-04  -5.9183424e-03
   6.2885938e-03  -2.1122717e-01   1.0935471e+00  -8.9105640e-03  -1.2258836e-03  -5.4308234e-03
   1.5916657e-02  -1.2856605e-01   9.7058801e-01  -6.9631857e-03   6.1345094e-04  -5.0928473e-03
   4.3020741e-03  -1.5465738e-01   8.5723234e-01  -8.1160672e-03  -7.7526640e-04  -4.1880149e-03
   8.2729366e-03  -1.3428617e-01   8.9082250e-01  -7.2621396e-03   2.6603976e-04  -4.4689748e-03
  -5.5902148e-03  -1.4082804e-01   8.5583342e-01  -6.5799030e-03  -9.7837133e-04  -4.1102476e-03
   1.1304521e-02  -9.9004452e-02   9.0397235e-01  -6.2339174e-03  -2.0039467e-04  -4.6003733e-03
   7.4253477e-02  -1.1500245e-01   6.7358380e-01  -7.0642565e-03  -7.8805793e-04  -3.9164349e-03
   2.1807075e-02  -1.0735470e-01   9.2571611e-01  -7.6654654e-03  -1.0238448e-03  -4.1327025e-03
   8.1662508e-02  -1.6288333e-01   7.0987234e-01  -8.4009934e-03  -1.6615383e-03  -3.8412351e-03
   6.3497344e-02  -1.8593121e-01   1.0013665e+00  -9.4826261e-03  -4.2853878e-05  -4.1099360e-03
   4.7389460e-02  -1.8867452e-01   1.0276959e+00  -8.2087201e-03  -1.1557190e-03  -3.9735312e-03
   5.4164836e-02  -2.1390375e-01   9.7920138e-01  -7.8058536e-03  -1.6818481e-03  -4.1918740e-03
   7.1468371e-02  -1.8924371e-01   9.5057707e-01  -7.4379787e-03  -1.3589372e-03  -4.6953306e-03
   8.2031451e-02  -1.8310930e-01   8.7647983e-01  -7.5643879e-03  -1.2433916e-03  -4.9337115e-03
   7.1991082e-02  -1.9568249e-01   9.1623890e-01  -8.4906239e-03  -1.0491913e-03  -5.0357286e-03
   8.1951750e-02  -1.9005395e-01   8.9198685e-01  -8.1863990e-03  -8.6095958e-04  -5.2801158e-03
   8.8940132e-02  -1.4362642e-01   8.4243962e-01  -7.1080508e-03  -8.7001536e-04  -5.3309770e-03
   8.2586398e-02  -1.6189230e-01   7.7726196e-01  -7.6512673e-03  -5.3095881e-04  -5.2687407e-03
   7.9461546e-02  -1.3550381e-01   8.4627806e-01  -7.2540703e-03  -3.6615487e-04  -5.2280320e-03
   8.7817095e-02  -1.9043560e-01   7.8248858e-01  -7.2752710e-03   6.2275400e-04  -5.3299536e-03
   5.8445868e-02  -1.1192973e-01   9.6137936e-01  -6.2930536e-03   1.5112473e-04  -4.9276642e-03
   8.2511590e-02  -1.9798385e-01   8.0932051e-01  -6.5997379e-03   3.7400260e-05  -5.1229612e-03
   7.9965318e-02  -1.5535376e-01   8.5389274e-01  -6.8936419e-03   3.3546726e-04  -5.1583177e-03
   6.6354059e-02  -1.7329275e-01   8.4596281e-01  -6.6136602e-03   1.5405816e-04  -4.9523399e-03
   5.8297954e-02  -1.3960762e-01   8.3502808e-01  -6.5169873e-03   4.1003023e-04  -4.9395145e-03
   9.0794896e-02  -1.5989774e-01   7.3909038e-01  -4.8165927e-03   9.2153412e-04  -5.0490155e-03
   8.2070040e-02  -1.9960875e-01   8.7034038e-01  -7.4935435e-03   1.4415500e-03  -5.3108814e-03
   8.1395583e-02  -1.3758602e-01   8.9805898e-01  -5.6879054e-03   8.3817187e-04  -5.1847141e-03
   9.6229538e-02  -1.3398339e-01   8.0783111e-01  -5.1581100e-03   1.4043766e-03  -5.0909794e-03
   1.4596975e-01  -1.4436070e-01   8.2558284e-01  -5.6847931e-03   2.1958938e-03  -5.2078141e-03
   7.9268312e-02  -1.8317773e-01   9.1510214e-01  -7.4251516e-03   1.7665226e-03  -5.1478345e-03
   5.1276152e-02  -1.7813706e-01   9.7044461e-01  -5.9271834e-03   6.3342438e-04  -4.5778685e-03
   7.6170562e-02  -1.7071097e-01   9.9024551e-01  -6.6985414e-03   1.2856026e-03  -5.0465503e-03
   6.9329036e-02  -1.7225752e-01   9.4765872e-01  -5.5797347e-03   7.0533137e-04  -4.9051960e-03
   5.7543881e-02  -1.4439288e-01   1.0299329e+00  -6.2517556e-03   1.6502112e-03  -5.0974938e-03
  -8.7155420e-02  -4.3848673e-01   6.0591397e-01  -1.5903763e-02  -3.5127221e-03  -8.3644411e-04
  -1.2143625e-01  -4.3911151e-01   1.2266072e-01  -1.7313629e-02  -4.7190357e-03  -3.2351589e-04
  -3.9979656e-02  -2.9837960e-01   3.4361058e-01  -1.0740950e-02  -2.5809892e-03  -1.7572924e-03
  -1.1350854e-01  -2.0901042e-01   5.3909770e-01  -9.6885462e-03  -3.9073056e-03  -8.6245148e-04
  -1.9810273e-01  -2.4230661e-01   6.6987078e-01  -1.1233206e-02  -4.8566179e-03  -1.1296593e-04
  -2.0979900e-01  -2.3670520e-01   6.3615605e-01  -1.0624683e-02  -5.1873015e-03   1.5621744e-04
  -2.2864562e-01  -2.2737680e-01   7.5387527e-01  -1.1384913e-02  -5.5997181e-03  -4.2743095e-05
  -1.7565700e-01  -2.6221992e-01   7.8829330e-01  -1.1866771e-02  -4.0825775e-03  -1.1231213e-03
  -1.5979806e-01  -2.2755399e-01   1.0880854e+00  -1.2024908e-02  -2.7095785e-03  -6.0353491e-05
  -2.0020045e-01  -1.7851875e-01   1.0231286e+00  -9.4951006e-03  -4.1088863e-03   3.8713772e-04
  -1.8350614e-01  -3.0575274e-01   6.4142424e-01  -6.7762152e-03  -4.5531181e-03   6.7446780e-04
  -1.7362510e-01  -6.9766587e-02   7.2264165e-01  -1.2122122e-02  -4.3950094e-03  -2.0607102e-04
  -1.9617719e-01  -1.5234378e-01   7.1418867e-01  -1.2027634e-02  -4.8151358e-03  -6.4313143e-04
  -1.9876800e-01  -1.8221232e-01   7.0409218e-01  -1.2706239e-02  -4.8229031e-03  -5.8247667e-04
  -2.2966764e-01  -2.3666215e-01   7.0249525e-01  -1.4329689e-02  -5.3005420e-03  -1.3213163e-04
  -2.2958860e-01  -2.5692940e-01   7.2839553e-01  -1.4704371e-02  -5.2714482e-03  -2.7109035e-04
  -2.0761572e-01  -2.6660208e-01   7.1404486e-01  -1.4454895e-02  -4.9486166e-03  -4.9794000e-04
  -1.9594646e-01  -2.6759353e-01   7.0797346e-01  -1.4203080e-02  -4.8931319e-03  -2.8610039e-04
  -1.5904876e-01  -2.8394838e-01   8.0204075e-01  -1.5341037e-02  -2.5217578e-03  -3.8282337e-04
  -2.3509466e-01  -3.2885181e-01   2.3071219e-01  -1.2539369e-02  -6.3528330e-03   1.5311289e-03
  -7.8892624e-02  -3.0300224e-01  -2.8770064e-01  -1.4891876e-02  -5.3843978e-03  -7.0837742e-04
  -1.6479104e-01  -2.6388048e-01   2.5306485e-01  -1.5605204e-02  -6.1933333e-03   8.1181304e-05
  -1.8925680e-01  -2.4807241e-01   3.4047378e-01  -1.5093894e-02  -5.6359804e-03  -3.9100743e-06
  -2.2416438e-01  -2.5887794e-01   3.6906428e-01  -1.5412042e-02  -5.7787792e-03   3.6816937e-04
  -2.3823430e-01  -2.8211437e-01   3.9263964e-01  -1.6427738e-02  -6.4115731e-03   7.2786543e-04
  -2.5323611e-01  -3.0225023e-01   4.1961703e-01  -1.6542740e-02  -6.9961653e-03   8.6226737e-04
  -2.2937345e-01  -3.0648079e-01   4.1488508e-01  -1.6725007e-02  -6.8310710e-03   4.6196872e-04
  -2.2785898e-01  -3.2845090e-01   4.1411736e-01  -1.7100206e-02  -6.6284539e-03   4.0646218e-04
  -2.0966035e-01  -3.2810605e-01   4.0436243e-01  -1.6640830e-02  -6.1532090e-03   2.1857338e-04
  -1.2327559e-01  -3.2630959e-01   6.6442573e-01  -1.7076742e-02  -3.3028702e-03   1.3399925e-03
  -2.3735279e-01  -3.3855066e-01   6.5262647e-01  -1.5543376e-02  -4.1775059e-03   2.7064991e-03
  -1.8115826e-01  -4.0087491e-01   5.5071294e-01  -1.6187852e-02  -4.6632723e-03   1.6961067e-03
  -1.5662878e-01  -3.7364760e-01   6.0322126e-01  -1.7615241e-02  -2.8225473e-03  -9.6894007e-04
  -2.6994780e-01  -3.4990728e-01   5.2381432e-01  -1.4723871e-02  -4.8915406e-03  -1.0410859e-03
  -2.9743581e-01  -3.3918571e-01   3.9723276e-01  -1.5776483e-02  -5.9204543e-03  -9.7533569e-04
  -2.0504966e-01  -3.2804528e-01   1.7654472e-01  -1.6166605e-02  -5.2138883e-03  -2.1208386e-03
  -2.2626309e-01  -3.3693396e-01   3.4739349e-01  -1.6175152e-02  -5.9170919e-03  -1.5297433e-03
  -2.3368726e-01  -3.3914095e-01   3.7156506e-01  -1.5490828e-02  -5.8780615e-03  -2.0210959e-03
  -2.6480453e-01  -3.0797503e-01   3.8744463e-01  -1.4741284e-02  -6.0837322e-03  -2.7465434e-03
  -2.7155514e-01  -3.0352089e-01   4.0345288e-01  -1.5102997e-02  -6.1448052e-03  -2.9944344e-03
  -2.5921721e-01  -3.1855437e-01   4.3130745e-01  -1.5852805e-02  -5.6235443e-03  -3.0355549e-03
  -2.5527917e-01  -3.0254264e-01   4.3052654e-01  -1.5216077e-02  -5.4631248e-03  -3.2074739e-03
  -2.9051004e-01  -2.7905348e-01   4.0511944e-01  -1.4407418e-02  -5.4412078e-03  -3.5110578e-03
  -2.9374489e-01  -2.3150918e-01   4.4613295e-01  -1.2503757e-02  -5.0049408e-03  -4.3450431e-03
  -2.4179424e-01  -1.8717017e-01   4.2092779e-01  -1.2255859e-02  -2.9675329e-03  -5.6175730e-03
  -2.6746949e-01  -2.2152209e-01   6.2749681e-01  -1.3282384e-02  -3.4782644e-03  -4.0963278e-03
  -2.9880150e-01  -1.4211406e-01   7.8463958e-01  -1.1807256e-02  -4.5470874e-03  -2.3008485e-03
  -1.8166358e-01  -1.3738675e-01   6.0885349e-01  -1.1237338e-02  -2.3863037e-03  -2.8284673e-03
  -2.5313479e-01  -1.0808578e-01   6.6489178e-01  -1.0723141e-02  -2.9199272e-03  -7.1166288e-04
  -2.3385555e-01  -1.1669282e-01   4.2887905e-01  -1.0811772e-02  -3.6262909e-03  -1.8966604e-04
  -1.1929470e-01  -1.4332196e-01   3.0632376e-01  -1.4163298e-02  -2.6979822e-03  -7.1273705e-04
  -2.2767705e-01  -9.4324356e-02   5.7992050e-01  -1.2300501e-02  -4.2307425e-03  -1.9036300e-04
  -1.8591727e-01  -1.6806641e-01   5.2436792e-01  -1.3882173e-02  -4.1806719e-03  -3.2601505e-04
  -2.0043801e-01  -1.2660672e-01   6.1657897e-01  -1.2844432e-02  -4.2931822e-03  -2.2529147e-04
  -2.0124762e-01  -1.3655702e-01   6.8409661e-01  -1.3258771e-02  -3.8354834e-03  -2.4750143e-04
  -2.4107189e-01  -3.0161905e-01   3.7782264e-01  -1.4162016e-02  -6.7727335e-03   1.8553454e-03
  -2.5353728e-01  -5.9920756e-01  -3.7094008e-01  -1.7989409e-02  -9.0094431e-03   1.6586172e-03
  -2.8548815e-01  -6.5354743e-01  -2.6655863e-01  -1.9199904e-02  -8.0432665e-03   9.3787025e-04
  -3.1693760e-01  -6.0984209e-01  -1.7616781e-01  -1.9078719e-02  -7.6390819e-03   6.2486140e-05
  -3.1672518e-01  -5.9699577e-01  -1.4655128e-01  -1.9979661e-02  -7.3701778e-03  -1.0647885e-04
  -2.7200984e-01  -5.7910316e-01  -8.2132043e-02  -2.0277768e-02  -6.3493634e-03  -7.8937318e-04
  -2.7396734e-01  -5.9743236e-01  -1.0070883e-01  -2.1078671e-02  -6.4308016e-03  -8.6916558e-04
  -2.6176355e-01  -5.5493204e-01  -5.2089485e-02  -1.9807138e-02  -5.7665489e-03  -1.2934920e-03
  -2.6783124e-01  -5.9486196e-01  -3.3841438e-02  -2.1447469e-02  -5.4868979e-03  -1.2170917e-03
  -2.4687147e-01  -5.5779589e-01   9.7834754e-03  -2.0632599e-02  -4.7073244e-03  -1.6984867e-03
  -2.2439875e-01  -5.4132862e-01   4.5085221e-03  -1.9864812e-02  -4.2302693e-03  -2.2852156e-03
  -2.0688417e-01  -5.1979798e-01  -1.4324533e-02  -1.8458055e-02  -4.1416542e-03  -2.4350733e-03
  -1.8142726e-01  -4.4663614e-01   2.3118435e-02  -1.5290169e-02  -4.1621874e-03  -2.5948109e-03
  -1.6237570e-01  -4.1613206e-01   9.9731745e-02  -1.5549198e-02  -4.1965938e-03  -3.3659877e-03
  -1.6373465e-01  -4.3705463e-01   1.4512978e-01  -1.7022656e-02  -4.1038702e-03  -3.1392086e-03
  -1.6377558e-01  -3.9917058e-01   2.4652318e-01  -1.6465002e-02  -3.9059973e-03  -2.7145248e-03
  -1.9248229e-01  -3.8581206e-01   3.0021044e-01  -1.4237759e-02  -4.2277575e-03  -2.5444787e-03
  -1.8320412e-01  -3.9252029e-01   2.7933974e-01  -1.4744037e-02  -3.8237803e-03  -2.5065659e-03
  -1.8524731e-01  -3.3460484e-01   2.3710320e-01  -1.3387073e-02  -4.2038367e-03  -2.6322115e-03
  -1.1531796e-01  -3.4996827e-01   3.0868241e-01  -1.2822075e-02  -4.4224403e-03  -3.8065774e-03
  -2.1524719e-01  -3.1396288e-01   5.2170024e-01  -1.3964192e-02  -3.9783501e-03  -2.4715920e-03
  -2.1449524e-01  -3.7022971e-01   5.1873537e-01  -1.3659561e-02  -4.0585610e-03  -2.0794585e-03
  -1.7524961e-01  -4.1261093e-01   5.2983931e-01  -1.5227746e-02  -2.7475381e-03  -2.8041347e-03
  -1.5917893e-01  -3.1991905e-01   3.9248285e-01  -1.4377983e-02  -2.4338947e-03  -2.7274560e-03
  -1.0883040e-01  -2.9891287e-01   3.6580165e-01  -1.4640541e-02  -1.8201393e-03  -3.2448467e-03
  -1.4582299e-01  -2.7652283e-01   4.0122511e-01  -1.1494547e-02  -3.3822075e-03  -3.5982181e-03
  -1.6222167e-01  -2.7832171e-01   4.4793244e-01  -1.1140928e-02  -3.9123129e-03  -4.0578185e-03
  -1.2874039e-01  -2.5221211e-01   4.9782862e-01  -1.0154759e-02  -4.4533802e-03  -3.8199232e-03
  -1.4767367e-01  -2.3457976e-01   3.8236803e-01  -8.6448712e-03  -3.6119890e-03  -4.2575878e-03
  -2.1767038e-01  -2.2666433e-01   4.9117960e-01  -1.1063327e-02  -5.1438630e-03  -3.9133753e-03
  -2.3760679e-01  -2.3856133e-01   5.4272236e-01  -1.0957809e-02  -4.9366918e-03  -3.1950094e-03
  -2.2832005e-01  -2.1113659e-01   7.1246367e-01  -9.8146119e-03  -4.5561721e-03  -2.7942516e-03
  -1.9820836e-01  -2.7066551e-01   7.2902722e-01  -1.0597366e-02  -3.8004628e-03  -2.4140536e-03
  -1.9416529e-01  -2.2364590e-01   7.9872370e-01  -9.1292072e-03  -4.2102000e-03  -1.5060847e-03
  -1.6036631e-01  -1.5453907e-01   7.9286879e-01  -8.0947795e-03  -3.8280744e-03  -1.0943850e-03
   6.1451960e-02  -1.5699476e-01   4.0867689e-01  -7.0764992e-03  -1.2830235e-03  -1.0612233e-03
  -1.8813945e-02  -1.5414374e-01   7.5159917e-01  -8.2117673e-03  -2.5677403e-03  -3.0240744e-04
  -1.5377559e-03  -2.1817606e-01   7.7256406e-01  -9.1508392e-03  -2.2757798e-03  -3.4943585e-04
  -6.8236507e-02  -2.3780613e-01   7.3630547e-01  -1.1018729e-02  -2.9481398e-03   6.8653151e-04
  -1.1371360e-01  -2.1956042e-01   4.7429051e-01  -1.1823738e-02  -5.2699964e-03   1.3197498e-03
  -6.5565846e-02  -3.0154006e-01   6.2067877e-01  -1.2814851e-02  -5.2091286e-03   8.7717543e-04
  -7.3693142e-02  -3.1433487e-01   7.0317657e-01  -1.2861656e-02  -4.7218864e-03   8.6816428e-04
  -5.4981727e-02  -2.9318900e-01   7.1858400e-01  -1.2443359e-02  -3.9699932e-03  -3.6163911e-05
  -5.5070256e-02  -2.5256332e-01   6.6510324e-01  -1.1625454e-02  -3.6170529e-03  -8.1371100e-04
  -7.4546566e-02  -2.8398007e-01   6.8112110e-01  -1.2344996e-02  -3.5999497e-03  -7.9208103e-04
  -9.4508054e-02  -2.4437605e-01   6.2803432e-01  -1.1610038e-02  -3.2745994e-03  -1.0838542e-03
  -1.3366572e-01  -2.8891008e-01   6.1339257e-01  -1.1748528e-02  -3.4581974e-03  -4.0137067e-04
  -4.9546771e-02  -2.1731397e-01   8.8181353e-01  -1.0803060e-02  -2.5946660e-03  -8.7987677e-04
  -4.8632311e-02  -2.4909829e-01   7.6574736e-01  -9.3114436e-03  -2.3701236e-03  -1.2960265e-03
   3.4442752e-02  -1.9261309e-01   6.9949280e-01  -7.9107345e-03  -1.3103852e-03  -6.0021221e-04
   1.2270373e-02  -1.8745938e-01   6.3510587e-01  -8.0393164e-03  -1.6138101e-03  -2.2485096e-03
  -5.4268985e-02  -9.7380112e-02   8.0213701e-01  -7.7759369e-03  -2.9886983e-03  -3.1115747e-03
  -8.7552296e-02  -1.5982155e-01   8.1655130e-01  -9.5385310e-03  -3.5354852e-03  -1.1638954e-03
  -2.1300619e-02  -1.3187081e-01   8.0083561e-01  -7.7245024e-03  -2.2431924e-03  -1.2365576e-03
  -2.1365365e-02  -1.3266721e-01   8.1058833e-01  -7.7626167e-03  -2.0852450e-03  -7.2277994e-04
  -4.6043373e-02  -1.4712824e-01   9.8135077e-01  -7.4508269e-03  -1.6313000e-03  -7.1029877e-04
   1.3279379e-02  -9.0640308e-02   6.2338394e-01  -1.2250411e-03  -2.2026109e-03   2.9982727e-04
   8.9600458e-02   3.9975685e-02   6.2490447e-01  -5.6777879e-03  -1.6999946e-03  -2.9583076e-04
   6.3458676e-02  -4.3989740e-02   7.7604503e-01  -7.6045482e-03  -1.6773709e-03  -1.1114355e-04
   7.1439546e-02  -1.1858341e-01   7.1176632e-01  -1.0504028e-02  -2.0456396e-03  -4.8987575e-06
   6.7647872e-02  -1.0684558e-01   7.6426913e-01  -9.8329218e-03  -2.2965835e-03   2.1277757e-04
   6.1299473e-02  -1.3486305e-01   7.6257071e-01  -1.0367045e-02  -1.9531665e-03  -1.1082084e-04
   7.0145671e-02  -1.6063677e-01   7.8574594e-01  -9.8700614e-03  -1.5250139e-03  -2.8681651e-04
  -4.2747468e-02  -2.7553324e-01   9.3260505e-01  -1.1738830e-02  -2.6047239e-03   6.5069152e-04
  -4.5435017e-02  -2.5722490e-01   9.7296901e-01  -9.7909207e-03  -3.6012191e-03   1.2044202e-03
   8.5772053e-04  -2.7445807e-01   9.6398712e-01  -1.0359502e-02  -2.8298681e-03   4.7962591e-04
  -3.0280227e-03  -2.6916672e-01   9.6593036e-01  -1.1754222e-02  -2.4790995e-03   5.4353105e-04
   2.8480205e-02  -2.4685162e-01   9.2351116e-01  -1.1005746e-02  -1.9592696e-03   1.6079327e-05
   4.3066721e-02  -2.3349697e-01   8.7406782e-01  -1.0661310e-02  -1.4622138e-03  -8.0407862e-04
   2.4186796e-02  -2.1845202e-01   8.2887293e-01  -9.8513268e-03  -5.2580198e-04  -1.3454841e-03
  -7.0109288e-03  -2.2888164e-01   9.0630656e-01  -9.8669076e-03  -9.2091625e-04  -1.1455925e-03
  -4.2012278e-02  -7.5045980e-02   1.0675923e+00  -7.4223872e-03  -1.1184699e-03  -2.1632846e-04
   2.9658740e-02  -6.0191178e-02   1.0487899e-01  -9.7129408e-03   7.3555995e-05   1.1176324e-03
   2.3796991e-02  -7.4397081e-02   2.5961620e-01  -1.0302889e-02   8.6892320e-05   1.3411211e-03
   3.6819173e-02  -4.5221642e-02   4.0063931e-01  -1.0840071e-02   3.6079132e-04   1.3340164e-03
   2.1207004e-02  -6.1661219e-02   4.5397128e-01  -1.0335548e-02   7.8944695e-04   5.3319512e-04
   2.7965602e-05  -5.9936776e-02   4.9934147e-01  -1.0208178e-02   5.9967661e-04   4.1741104e-05
  -2.5309420e-02  -2.5135383e-02   5.4714601e-01  -9.5057694e-03  -2.7739122e-05   1.4544543e-04
   6.4966021e-02   2.5589830e-02   5.7379083e-01  -7.4615871e-03   2.7272337e-03  -1.0030990e-03
   5.6090945e-02  -3.1687990e-03   5.3704760e-01  -8.3720326e-03   2.0877779e-03  -7.2727073e-04
   5.4325288e-02  -7.6598482e-02   6.4837086e-01  -1.0588140e-02   1.6653991e-03  -2.4623884e-04
   6.2996333e-02  -3.5186042e-02   7.3996731e-01  -9.3515191e-03   9.3736230e-04   4.5168798e-04
   1.0210894e-01  -1.4077249e-01   7.3692410e-01  -1.2031631e-02   1.5286845e-03   7.2539428e-04
   9.1431727e-02  -9.3023400e-02   8.7630930e-01  -9.7497672e-03   1.2248846e-03   5.4373160e-04
   1.1825177e-01  -1.3507504e-01   9.1677394e-01  -1.0419870e-02   1.4893297e-03   1.9245507e-04
   1.2883002e-01  -7.7231088e-02   9.1512147e-01  -7.7957017e-03   1.2635216e-03  -4.7273617e-04
   1.3108089e-01  -6.0174680e-02   9.4210877e-01  -8.5113622e-03  -8.9895825e-04  -1.2082665e-03
   1.0084537e-01   1.7997861e-02   9.0731207e-01  -7.9104725e-03   7.3201036e-04  -1.0763233e-03
   6.1276361e-02   1.6780080e-02   7.5888674e-01  -7.8936240e-03  -1.4869072e-03  -1.6529868e-04
   5.6621555e-02   6.7478594e-02   8.7502339e-01  -7.0295320e-03  -7.1589642e-04   6.5397609e-05
   1.3666841e-01   1.6650370e-02   6.8994352e-01  -8.5230334e-03  -8.9049819e-05   9.1715854e-04
   9.5758953e-02  -1.2501103e-02   8.7594813e-01  -8.6436591e-03   3.1517779e-04   1.2574646e-03
   1.0031869e-01  -1.2138482e-02   9.4916608e-01  -6.7380009e-03  -3.6364147e-04   1.2988036e-03
   1.3938289e-01   8.2577430e-03   9.8943897e-01  -7.0806528e-03   6.0370666e-04   4.2405893e-04
   9.2801045e-02   9.1648283e-03   1.1098420e+00  -7.4306005e-03  -1.7037847e-04   1.2014791e-03
   1.3936546e-01  -8.1152912e-02   1.0540825e+00  -8.1863033e-03  -1.0435603e-04   1.5171529e-03
   1.4862387e-01  -7.5620721e-02   1.1617645e+00  -8.5289380e-03   1.5590018e-03   1.0109677e-03
   3.4443797e-02  -9.2167363e-02   7.8575578e-01  -8.1578863e-03  -8.5436733e-04   2.1783073e-03
  -2.6557518e-02  -8.9248790e-04   2.0567693e-01  -3.9378565e-03  -2.2870853e-03   2.6864056e-03
  -2.8012350e-02   5.1988279e-02   5.6099495e-02  -1.0673108e-03  -7.6584524e-04   3.3611097e-03
   4.6599453e-02   1.5029295e-01  -1.3578711e-02   9.5750985e-04   8.6837975e-05   4.0855640e-03
   5.6798550e-02   2.3603691e-01   1.7883386e-02  -1.7401786e-03  -4.1115931e-04   3.9152359e-03
   6.6034110e-02   1.8028155e-01   1.5051698e-01  -1.2350038e-03  -7.8728225e-05   4.4174367e-03
   6.6796582e-02   1.5744682e-01   1.5450929e-01  -2.0237624e-03   1.0599093e-05   4.2829809e-03
   6.2767229e-02   1.3819588e-01   1.6422056e-01  -3.1559234e-03   1.8972804e-04   4.0701713e-03
   7.2273522e-02   1.3143264e-01   2.0308003e-01  -3.6163728e-03   5.4104442e-04   3.6941830e-03
   6.2891068e-02   1.2677773e-01   2.3097875e-01  -3.7507650e-03   3.6832723e-04   2.6355664e-03
   2.9727069e-02   1.4235164e-01   2.4419625e-01  -3.8877370e-03   6.1626024e-04   1.8780577e-03
   5.1917070e-02   1.3510699e-01   3.3750530e-01  -5.0995410e-03   1.7259828e-03   1.5371025e-03
   3.5690423e-02   1.2969063e-01   3.8742226e-01  -5.9272504e-03   1.5783528e-03   1.4715911e-03
  -9.7679377e-03   9.2835076e-02   6.5740649e-01  -5.6901208e-03   1.3648684e-03   3.4048648e-03
   2.4090334e-02   3.6886535e-02   7.0598055e-01  -5.2973567e-03   1.1028538e-03   3.8066926e-03
   4.7816059e-02   1.2856121e-01   8.5946006e-01  -3.8539711e-03   1.7217819e-03   3.0873131e-03
   1.2540766e-01   6.5259471e-02   5.4590799e-01  -5.4074137e-03   2.3698020e-03   3.2366371e-03
   7.1320108e-02   1.0709258e-01   8.0730881e-01  -5.4278379e-03   1.3314186e-03   3.6080298e-03
   1.0812978e-01   3.5840249e-02   7.6392681e-01  -6.7770935e-03   1.9937667e-03   2.9870677e-03
   1.0826611e-01   7.5823144e-02   7.5668793e-01  -5.8784808e-03   1.9783508e-03   3.0149424e-03
   1.0537923e-01   7.8365469e-02   7.7854564e-01  -6.5727188e-03   2.3991042e-03   2.4166786e-03
