   0.0000000e+00   0.0000000e+00   0.0000000e+00   0.0000000e+00   0.0000000e+00   0.0000000e+00
   3.1512370e-02  -6.0676983e-02   9.9118985e-02  -4.8656858e-04   5.8356699e-04   1.2916009e-03
   5.5573073e-02   7.3166890e-02   1.6110213e-01  -1.3499784e-04   8.2450429e-04   1.4974389e-03
   4.0476215e-02  -3.6840649e-02   1.1059783e-01   3.2934320e-04   6.0400360e-04   1.0553923e-03
   3.3761696e-02   3.6732748e-02   1.9342520e-01  -1.3324860e-04   1.0395949e-03   1.0411244e-03
   3.8152004e-02  -2.6959449e-02   1.6260626e-01   1.1221439e-04   6.9477039e-04   1.0310641e-03
   4.0220236e-02   2.2870174e-02   1.9617552e-01  -7.2683356e-04   1.0396507e-03   1.1545916e-03
   3.8782580e-02  -7.5140213e-03   1.5143045e-01  -2.0101691e-04   7.4320036e-04   9.5494905e-04
   4.2638799e-02  -2.7387425e-03   1.8199296e-01  -1.6104785e-03   1.0429221e-03   1.0485769e-03
   4.9004311e-02  -7.6315131e-03   1.3875467e-01  -3.6472693e-04   9.8640630e-04   7.8937240e-04
   4.8045794e-02  -9.5660744e-03   1.7331638e-01  -1.3832254e-03   1.3248194e-03   1.0090282e-03
   4.8838619e-02  -6.2281780e-03   1.6391485e-01  -1.3052917e-04   1.0315463e-03   9.9603255e-04
   5.4247878e-02  -1.8322081e-02   1.7212737e-01  -1.7197573e-03   1.3115260e-03   1.0083373e-03
   5.9115164e-02  -8.8012092e-03   1.1338448e-01  -6.7373808e-04   1.0238739e-03   8.9298208e-04
   6.2855359e-02  -2.7759103e-02   1.6323978e-01  -1.7949103e-03   1.1935947e-03   9.1323419e-04
   6.5916075e-02  -3.8438673e-02   1.1640151e-01  -7.8283870e-04   8.0464248e-04   9.0832562e-04
   6.6205210e-02   1.9104589e-03   1.6636540e-01  -1.0762246e-03   1.2279328e-03   1.0606026e-03
   6.3880825e-02  -4.0128768e-02   1.1434878e-01  -6.6174849e-04   1.0038213e-03   9.0810788e-04
   6.1645809e-02   5.3549841e-03   1.9112132e-01  -1.3220863e-03   1.1991165e-03   1.0071054e-03
   6.3402978e-02  -7.2528101e-02   1.5296127e-01  -7.5392533e-04   1.1345857e-03   8.4189241e-04
   6.1509668e-02   7.5601713e-03   1.7698895e-01  -9.4591371e-04   1.0661585e-03   9.3893534e-04
   6.5497712e-02  -7.2382336e-02   1.5920971e-01  -1.8724494e-03   1.2988305e-03   1.0930392e-03
   6.1949500e-02  -2.1605889e-02   1.4294032e-01  -1.3073968e-03   1.1491179e-03   9.8248715e-04
   7.3243942e-02  -4.3128147e-02   1.8591519e-01  -2.1304227e-03   1.6235244e-03   1.0769875e-03
   6.6149431e-02  -5.2474357e-02   1.5087315e-01  -7.8262930e-04   1.0171024e-03   7.5974387e-04
   7.9793105e-02  -2.4245863e-02   1.6823149e-01  -2.2981146e-03   1.7302242e-03   1.0050871e-03
   6.4674153e-02  -4.5761989e-02   1.0990298e-01  -1.1625935e-03   1.0301165e-03   8.1020930e-04
   8.2861676e-02  -8.3337086e-02   1.4249240e-01  -2.3138070e-03   1.5487844e-03   9.8735530e-04
   7.0960381e-02  -1.2134774e-02   1.5845268e-01  -1.3207542e-03   1.3609477e-03   1.0282394e-03
   8.1718446e-02  -8.7533200e-02   1.5058629e-01  -2.0933065e-03   1.5888317e-03   1.0929519e-03
   8.3809110e-02  -1.3591877e-02   1.7173022e-01  -1.5755791e-03   1.6572769e-03   8.0650911e-04
   7.6838117e-02  -5.0737355e-02   1.5367479e-01  -1.0479061e-03   1.4288001e-03   9.5714484e-04
   7.3359514e-02  -7.0398390e-04   1.7553455e-01  -1.0805532e-03   1.4146109e-03   9.5105749e-04
   8.1892444e-02  -8.5272650e-02   1.5140163e-01  -1.5585624e-03   1.3723394e-03   9.4554954e-04
   6.7468936e-02  -4.5875577e-03   1.9491921e-01  -1.3548535e-03   1.4055566e-03   9.3362954e-04
   7.0919110e-02  -8.0096113e-02   1.7652599e-01  -1.5639024e-03   1.6260003e-03   9.7602274e-04
   6.1958304e-02   3.2340000e-03   1.9991677e-01  -1.0612415e-03   1.2231285e-03   8.9222497e-04
   7.2606614e-02  -9.0837312e-02   1.7662804e-01  -1.9339449e-03   1.4095459e-03   8.0072927e-04
   7.1581014e-02  -4.6290234e-03   2.0197509e-01  -1.4785229e-03   1.3325027e-03   9.8547618e-04
   8.1330833e-02  -1.0198150e-01   1.8876638e-01  -1.4471572e-03   1.6130498e-03   8.1566958e-04
   6.8919551e-02  -1.5286486e-02   2.2678817e-01  -1.4593997e-03   1.6005606e-03   8.5461333e-04
   8.2069251e-02  -1.2979210e-01   1.7330821e-01  -1.5450430e-03   1.5063786e-03   8.4861539e-04
   7.2071737e-02  -3.0050068e-02   2.1588088e-01  -2.3692785e-03   1.6824227e-03   9.1920072e-04
   7.6775738e-02  -1.1757326e-01   1.7505995e-01  -1.5359998e-03   1.5056254e-03   7.3725847e-04
   7.8075227e-02  -4.2779475e-02   2.3462538e-01  -2.8197670e-03   2.0156314e-03   9.3572547e-04
   7.7684569e-02  -1.1264381e-01   1.9566051e-01  -1.3031583e-03   1.5920078e-03   8.5983775e-04
   7.9635359e-02  -4.7597179e-02   2.6115317e-01  -2.2670001e-03   1.7196352e-03   9.2084804e-04
   8.3421862e-02  -1.0921901e-01   1.8415332e-01  -1.5089367e-03   1.6413255e-03   7.8210031e-04
   8.1125309e-02  -2.5412168e-02   2.5981132e-01  -2.4681465e-03   1.9600562e-03   9.0926337e-04
   8.1533319e-02  -1.3118362e-01   1.9629654e-01  -1.5375318e-03   1.3475188e-03   6.8618947e-04
   8.5737659e-02  -9.8438323e-02   2.1616623e-01  -2.3944321e-03   2.0234260e-03   7.3513845e-04
   8.4282156e-02  -5.9962708e-02   2.2864174e-01  -1.5597702e-03   1.8259064e-03   7.9110806e-04
   8.9057684e-02  -1.0610813e-01   2.4473239e-01  -2.6397999e-03   2.2139340e-03   8.6489332e-04
   7.0952050e-02  -3.6152894e-02   2.2325645e-01  -1.0981220e-03   1.7355837e-03   8.5438682e-04
   8.6374828e-02  -9.7452742e-02   2.2589414e-01  -2.5448897e-03   2.1346032e-03   8.2531784e-04
   7.7652799e-02  -5.8652189e-02   2.3532497e-01  -1.5922334e-03   1.5669631e-03   5.9800988e-04
   9.0426814e-02  -1.3053396e-01   2.4343398e-01  -2.2957470e-03   1.8290195e-03   5.6575751e-04
   7.8675370e-02  -6.0742366e-02   2.7190431e-01  -2.4792902e-03   1.8074986e-03   5.5686781e-04
   8.9317746e-02  -1.6079401e-01   2.3726078e-01  -2.9297225e-03   1.9216984e-03   6.5560429e-04
   6.9993310e-02  -5.4491109e-02   2.4287063e-01  -2.2029231e-03   1.6921081e-03   4.1156794e-04
   7.2132680e-02  -1.1080699e-01   2.1757544e-01  -7.5511496e-04   1.4633284e-03   1.7356798e-04
   7.2079588e-02  -5.6207674e-02   3.0050942e-01  -2.5050346e-03   1.9140975e-03   3.3513174e-04
   8.5536648e-02  -1.5776431e-01   2.3862932e-01  -1.6459986e-03   1.6608939e-03   2.4277365e-04
   7.1023517e-02  -7.1942300e-02   3.0203666e-01  -2.7435720e-03   2.0687656e-03   4.3914784e-04
   7.4870972e-02  -1.3167820e-01   2.4457562e-01  -1.4514071e-03   1.8269175e-03   4.2503375e-04
   7.3725745e-02  -8.0908183e-02   3.1214537e-01  -2.7798149e-03   2.2909001e-03   3.8172344e-04
   7.2338268e-02  -1.3311782e-01   2.5905799e-01  -1.4278194e-03   1.5329480e-03   1.9140133e-04
   8.0937588e-02  -8.4001614e-02   3.0604670e-01  -2.2946140e-03   1.8868246e-03   4.9852081e-04
   8.3897753e-02  -1.3739372e-01   2.5530696e-01  -2.0677680e-03   1.8466867e-03   4.7025117e-04
   8.1245332e-02  -8.4979613e-02   3.2924182e-01  -2.8442818e-03   2.2911046e-03   4.3340019e-04
   7.6494347e-02  -1.4543601e-01   2.7795986e-01  -1.3240967e-03   1.9765058e-03   3.8610891e-04
   7.0040775e-02  -6.5676493e-02   3.3474020e-01  -2.4981421e-03   2.1142282e-03   3.2849739e-04
   8.0919250e-02  -1.6101728e-01   2.5886350e-01  -1.8673743e-03   1.8526029e-03   3.2446466e-04
   7.5751950e-02  -9.1447995e-02   3.4712698e-01  -2.9683962e-03   2.2919412e-03   3.6034193e-04
   7.6863931e-02  -1.5484354e-01   2.9362895e-01  -1.8175253e-03   1.9403935e-03   3.8617651e-04
   7.2002238e-02  -7.5193956e-02   3.2135720e-01  -2.3556004e-03   2.1434926e-03   5.8535580e-04
   8.3125477e-02  -1.4172116e-01   2.8766106e-01  -2.0434887e-03   2.0031559e-03   4.4357468e-04
   8.1950937e-02  -8.2559306e-02   3.3811925e-01  -2.8024607e-03   2.2335051e-03   3.4529660e-04
   9.5208163e-02  -1.6290179e-01   2.8881323e-01  -1.7644638e-03   2.1064505e-03   3.1829113e-04
   8.7765725e-02  -9.7092782e-02   3.3358211e-01  -3.0536078e-03   2.2968465e-03   4.5293401e-04
   1.0099996e-01  -1.5952002e-01   2.7503917e-01  -2.0487335e-03   1.8237058e-03   1.7594239e-04
   1.0444318e-01  -1.4326313e-01   2.8221178e-01  -3.5477184e-03   2.2801766e-03   2.1422019e-04
   8.4873869e-02  -6.8922024e-02   3.0649402e-01  -1.5377819e-03   1.8398273e-03   2.7214618e-04
   9.8821842e-02  -1.4163649e-01   3.1671697e-01  -3.5235116e-03   2.4452888e-03   2.8013831e-04
   8.0240888e-02  -7.8770398e-02   2.6709321e-01  -2.3588592e-03   2.0561733e-03   6.1856583e-05
   9.6702819e-02  -1.4008020e-01   2.9927404e-01  -2.8130222e-03   2.3505931e-03   2.8628359e-05
   7.6978743e-02  -7.6717600e-02   3.1302516e-01  -2.5033451e-03   1.9022841e-03  -5.4146782e-05
   8.9714883e-02  -1.6328914e-01   3.0452441e-01  -2.5867366e-03   1.8753173e-03  -2.1861477e-05
   8.8218476e-02  -8.0316499e-02   3.1818655e-01  -2.3364330e-03   2.0131516e-03  -3.4620183e-04
   9.5139829e-02  -1.7371191e-01   3.0337619e-01  -2.1933032e-03   1.8728492e-03  -1.9780731e-04
   9.3519696e-02  -1.0704553e-01   3.3306005e-01  -2.8980731e-03   2.0193855e-03  -8.5125329e-06
   1.0561603e-01  -1.7362576e-01   3.0181708e-01  -1.9041613e-03   1.9028459e-03  -1.2145101e-04
   1.0021168e-01  -9.9839367e-02   3.6108512e-01  -2.5574184e-03   2.1108513e-03  -9.7617850e-05
   1.0013178e-01  -1.7372768e-01   3.0949335e-01  -2.1871748e-03   1.9258937e-03  -8.4676380e-05
   1.0117078e-01  -7.9471472e-02   3.5394094e-01  -2.6133173e-03   2.2897979e-03  -1.3580832e-04
   9.5823634e-02  -1.7294288e-01   3.2130529e-01  -2.2068234e-03   2.2407677e-03  -1.1656602e-04
   8.7358655e-02  -8.0203505e-02   3.6580701e-01  -2.7288471e-03   2.3718935e-03  -3.0137507e-04
   9.2345861e-02  -1.7266760e-01   3.1075478e-01  -2.6293387e-03   2.4716139e-03  -1.7857840e-04
   7.6252831e-02  -7.0605069e-02   3.3112544e-01  -2.7167844e-03   2.3479716e-03  -2.8438680e-04
   7.5294467e-02  -1.7941534e-01   2.9662705e-01  -1.4551396e-03   1.8820426e-03  -5.1712949e-04
   8.8398754e-02  -1.0522948e-01   3.5568427e-01  -3.0875333e-03   2.6303087e-03  -3.7488807e-04
   8.3623842e-02  -1.6603271e-01   3.2543847e-01  -2.1236281e-03   2.4105323e-03  -4.0403067e-04
   9.2394203e-02  -1.1395913e-01   4.0988070e-01  -3.2812736e-03   2.8586261e-03  -3.9951760e-04
   9.6165767e-02  -1.5478266e-01   3.4226673e-01  -2.0964556e-03   2.4075374e-03  -6.1005974e-04
   9.6381568e-02  -1.2676603e-01   3.8755966e-01  -3.8168465e-03   2.7627754e-03  -4.2209839e-04
   8.9473889e-02  -1.3276841e-01   3.8327811e-01  -2.5141821e-03   2.1153741e-03  -3.8020424e-04
   9.7434508e-02  -1.5571935e-01   3.9451117e-01  -3.8358144e-03   2.5085128e-03  -3.5502110e-04
   8.1462740e-02  -1.0922703e-01   3.7027231e-01  -2.9049133e-03   2.1111121e-03  -3.9439336e-04
   8.9130390e-02  -1.7064074e-01   3.5159739e-01  -3.3850881e-03   2.2451614e-03  -3.9501301e-04
   8.1958047e-02  -9.4528225e-02   4.1382500e-01  -3.4196561e-03   2.4125655e-03  -4.2306610e-04
   8.7934914e-02  -2.0787311e-01   3.9841528e-01  -2.9573266e-03   2.4132810e-03  -2.8189020e-04
   6.7425685e-02  -6.0496044e-02   4.5672325e-01  -5.0188434e-03   2.6098614e-03  -1.7053435e-04
   7.6114297e-02  -1.4753121e-01   2.9408887e-01  -3.4274956e-03   2.8062140e-03  -3.2512004e-04
   7.9881917e-02  -1.9966172e-01   3.6539412e-01  -2.3166754e-03   2.6119091e-03  -2.7902810e-04
   9.5211915e-02  -1.5827311e-01   4.5696391e-01  -2.8325183e-03   2.8549655e-03  -3.8153140e-04
   8.8732908e-02  -1.1630668e-01   5.3194360e-01  -2.7208568e-03   2.8904933e-03  -4.6791500e-04
   1.0738589e-01  -2.0417806e-01   4.8618822e-01  -2.5874755e-03   2.7659978e-03  -5.7910052e-04
   8.7951789e-02  -1.4742761e-01   5.4694226e-01  -3.9496909e-03   2.6137186e-03  -5.2524875e-04
   1.1416293e-01  -1.7958282e-01   4.8953123e-01  -4.3143030e-03   2.2078374e-03  -1.0561782e-04
   1.3247813e-01  -1.9836497e-01   5.1349295e-01  -4.9823841e-03   2.6183534e-03  -1.9958334e-04
   1.1627568e-01  -1.7791873e-01   5.8068725e-01  -4.7892480e-03   2.9226293e-03  -1.8159609e-04
   1.3338744e-01  -2.5062226e-01   5.1791216e-01  -4.3493980e-03   2.9748549e-03  -4.9123719e-04
   1.0729971e-01  -1.3794284e-01   5.4100792e-01  -4.3927359e-03   2.8546219e-03  -3.8460681e-04
   1.0337456e-01  -2.4338863e-01   4.6033555e-01  -4.4632524e-03   2.4475522e-03  -4.7853586e-04
   9.3702165e-02  -1.3422565e-01   5.1475831e-01  -5.3123755e-03   2.4567204e-03  -1.6607410e-04
   9.6001686e-02  -2.4238614e-01   4.1066128e-01  -3.9812801e-03   2.2421216e-03  -4.3970725e-04
   9.6794853e-02  -1.7844478e-01   5.0066262e-01  -5.5880120e-03   2.8812166e-03  -3.2514706e-04
   8.7553930e-02  -2.2145975e-01   4.4231388e-01  -3.5835450e-03   2.2974928e-03  -3.5431393e-04
   8.8313546e-02  -1.2984937e-01   5.0817179e-01  -4.4475766e-03   2.5030628e-03  -2.2256234e-04
   8.8976304e-02  -1.9678682e-01   4.3040618e-01  -3.7273033e-03   2.3525662e-03  -3.3594500e-04
   9.0257295e-02  -1.2942804e-01   4.9241446e-01  -4.4565371e-03   2.5821272e-03  -4.9826211e-04
   9.7645246e-02  -2.0241317e-01   4.3432225e-01  -3.5616179e-03   2.0609499e-03  -6.0345209e-04
   9.7693487e-02  -1.5108293e-01   5.2264265e-01  -4.0958178e-03   2.5747391e-03  -5.0821198e-04
   1.0562007e-01  -1.8379169e-01   4.7724301e-01  -3.4402253e-03   2.3127279e-03  -5.3132886e-04
   1.0156125e-01  -1.4902368e-01   5.4048168e-01  -4.5670435e-03   2.5341890e-03  -2.9674931e-04
   1.1215568e-01  -2.1572278e-01   4.7714743e-01  -4.4037465e-03   2.3585503e-03  -4.7912462e-05
   9.6871735e-02  -1.2978332e-01   5.4545040e-01  -5.1556725e-03   2.5647728e-03   9.9664311e-06
   1.4586880e-01  -1.8425876e-01   4.2855256e-01  -4.7184756e-03   2.7734478e-03   3.9882968e-04
   1.6750910e-01  -1.9773986e-01   4.5252227e-01  -5.9655746e-03   3.5496910e-03   1.0091452e-03
   1.2119515e-01  -1.7850905e-01   3.9546362e-01  -3.8546669e-03   3.2885485e-03   1.2718785e-03
   1.3053859e-01  -3.1993233e-01   4.4427387e-01  -9.7234395e-03   3.3083906e-03   1.8677541e-03
   1.5268377e-01  -2.4478953e-01   4.6700936e-01  -9.3974106e-03   4.4367879e-03   1.4207777e-03
   1.4362309e-01  -2.4773232e-01   4.1518573e-01  -7.7352976e-03   4.1208571e-03   1.4236508e-03
   1.4690981e-01  -1.5637094e-01   5.1738190e-01  -8.7035432e-03   4.2766782e-03   1.4897586e-03
   1.5628372e-01  -2.6647167e-01   4.5138549e-01  -7.1881770e-03   3.9364322e-03   1.3818657e-03
   1.5411039e-01  -2.3498965e-01   5.1189755e-01  -8.5586886e-03   4.2112925e-03   1.3216854e-03
   1.4883986e-01  -2.6197603e-01   4.8341157e-01  -7.3406868e-03   3.8523219e-03   1.3434355e-03
   1.5305263e-01  -1.9070301e-01   5.2525809e-01  -8.0446344e-03   4.1178551e-03   1.4440683e-03
   1.5549112e-01  -2.6388506e-01   4.4774424e-01  -7.3535983e-03   3.7892806e-03   1.2457767e-03
   1.5635557e-01  -2.0154963e-01   5.1326995e-01  -7.6603489e-03   4.0074685e-03   1.2424231e-03
   1.6328469e-01  -2.8745190e-01   5.1825645e-01  -8.0878299e-03   4.2198395e-03   1.1669931e-03
   1.6537181e-01  -2.0017805e-01   5.4756750e-01  -7.7119776e-03   4.2549248e-03   1.1824653e-03
   1.6637005e-01  -2.9039360e-01   5.1316334e-01  -8.2077776e-03   4.2713439e-03   1.2623623e-03
   1.5705650e-01  -2.0064243e-01   5.3447700e-01  -7.5933365e-03   4.0562311e-03   1.1699191e-03
   1.4603678e-01  -2.7973953e-01   5.3230640e-01  -8.0982524e-03   3.7815203e-03   8.9125962e-04
   1.4227825e-01  -2.1329281e-01   5.1962141e-01  -7.5935149e-03   3.3894945e-03   8.8343162e-04
   1.7574501e-01  -3.2591210e-01   5.1051610e-01  -9.1858317e-03   4.0437535e-03   9.2669842e-04
   1.5215975e-01  -2.2994771e-01   5.8184504e-01  -9.4417692e-03   4.2925976e-03   1.0436063e-03
   1.6583750e-01  -3.3985636e-01   5.4804172e-01  -8.4426122e-03   4.1932428e-03   1.0861761e-03
   1.6620725e-01  -2.2922431e-01   5.8783959e-01  -9.4656820e-03   4.5681936e-03   1.1720589e-03
   1.7335976e-01  -3.2330186e-01   5.1611241e-01  -9.1064138e-03   4.3591674e-03   1.1816613e-03
   1.6920142e-01  -2.4251738e-01   6.0868845e-01  -9.9508197e-03   4.5334917e-03   1.4191387e-03
   1.8616254e-01  -3.3965752e-01   5.7374770e-01  -9.9148551e-03   4.2193712e-03   1.4254925e-03
   1.6592073e-01  -2.6873969e-01   6.5201296e-01  -1.0837729e-02   4.0828322e-03   1.5699956e-03
   2.0293932e-01  -3.4986736e-01   5.5651967e-01  -1.0035443e-02   4.3254031e-03   1.5931837e-03
   1.9048013e-01  -2.9267830e-01   6.2473448e-01  -1.1612621e-02   4.4871926e-03   2.1127483e-03
   1.9722735e-01  -3.5297614e-01   6.0924094e-01  -1.0389367e-02   4.2434666e-03   1.8642381e-03
   1.7791002e-01  -2.9462003e-01   6.6438273e-01  -1.1325379e-02   4.4036576e-03   2.0540686e-03
   1.8725916e-01  -3.5270721e-01   5.8620109e-01  -1.0625547e-02   4.2974776e-03   2.1732541e-03
   1.7398409e-01  -3.0426247e-01   6.8050435e-01  -1.1883980e-02   4.4960633e-03   2.3350915e-03
   1.9354559e-01  -3.8730579e-01   6.5333317e-01  -1.1431983e-02   4.4653261e-03   2.1288719e-03
   1.8173737e-01  -3.0611486e-01   6.9535802e-01  -1.1386158e-02   4.1879926e-03   2.2779778e-03
   1.9881824e-01  -4.0472427e-01   6.7628867e-01  -1.2550484e-02   4.4735338e-03   2.2184402e-03
   1.8380426e-01  -3.3426807e-01   7.0865744e-01  -1.2516474e-02   4.2852834e-03   2.2790987e-03
   2.0036589e-01  -4.2557927e-01   6.8590032e-01  -1.2606826e-02   4.3060680e-03   2.3409446e-03
   1.7231997e-01  -3.3955023e-01   7.2020549e-01  -1.2610114e-02   4.0486649e-03   2.5162481e-03
   2.0131054e-01  -4.2406129e-01   6.8318131e-01  -1.2899248e-02   4.3891395e-03   2.3524379e-03
   1.7840384e-01  -3.5507096e-01   6.9713045e-01  -1.3029696e-02   4.2794522e-03   2.5165585e-03
   1.9333094e-01  -4.2020496e-01   6.8863360e-01  -1.3683026e-02   4.5738536e-03   2.4417802e-03
   1.8524647e-01  -3.6014416e-01   7.1227425e-01  -1.2805930e-02   4.2913113e-03   2.3915552e-03
   1.8311150e-01  -5.0064881e-01   6.8045534e-01  -1.6077179e-02   4.3615330e-03   2.7419954e-03
   1.8263914e-01  -3.7876546e-01   7.4640175e-01  -1.5985131e-02   4.7173345e-03   2.8647083e-03
   2.0607894e-01  -5.1176580e-01   7.3625694e-01  -1.5032242e-02   4.7691782e-03   2.8650828e-03
   1.8688534e-01  -4.2360555e-01   7.7264116e-01  -1.5285367e-02   4.6230514e-03   2.8609058e-03
   2.0893585e-01  -5.0466665e-01   7.1688990e-01  -1.4897377e-02   4.7006074e-03   2.6048154e-03
   1.8746468e-01  -4.1628169e-01   7.7417986e-01  -1.5607036e-02   4.6427323e-03   2.8650682e-03
   2.0780121e-01  -5.0399033e-01   7.1373555e-01  -1.5053169e-02   4.5124414e-03   2.5753445e-03
   1.9875855e-01  -4.5777559e-01   7.6133638e-01  -1.6514275e-02   4.6721259e-03   2.8369755e-03
   2.0103851e-01  -4.6059867e-01   7.1617023e-01  -1.5016714e-02   4.3469881e-03   2.5589664e-03
   1.9192576e-01  -4.6394948e-01   7.4489467e-01  -1.6072508e-02   4.5093907e-03   2.6808816e-03
   1.8841391e-01  -4.4872133e-01   7.4734250e-01  -1.5178410e-02   4.2497544e-03   2.6643891e-03
   2.0485513e-01  -5.0176211e-01   7.5255309e-01  -1.6638986e-02   4.5935241e-03   2.7778429e-03
   1.9783362e-01  -4.5872137e-01   7.4387095e-01  -1.5374077e-02   4.1853467e-03   2.6533193e-03
   2.0870059e-01  -5.2259328e-01   7.4786661e-01  -1.6951190e-02   4.6860817e-03   2.8635830e-03
   1.8734211e-01  -4.5815782e-01   7.3728267e-01  -1.6040046e-02   4.1777721e-03   2.7641342e-03
   2.0416975e-01  -5.1662387e-01   7.4337209e-01  -1.6691143e-02   4.3381966e-03   2.6734691e-03
   1.7028115e-01  -4.3783288e-01   7.4838922e-01  -1.6035704e-02   3.7476291e-03   2.9373125e-03
   2.1152226e-01  -5.2154703e-01   7.3327849e-01  -1.6849924e-02   4.3916720e-03   2.7687419e-03
   1.8269548e-01  -4.5127706e-01   7.2441116e-01  -1.6244172e-02   3.7739630e-03   3.0533549e-03
   2.1809781e-01  -5.2764824e-01   7.0114783e-01  -1.6409416e-02   4.0752443e-03   2.9195386e-03
   1.7632039e-01  -4.4939911e-01   7.7986447e-01  -1.6852815e-02   3.7968912e-03   3.1763425e-03
   2.3492990e-01  -5.1829605e-01   7.0298988e-01  -1.5519605e-02   4.0233255e-03   2.7589351e-03
   2.2688008e-01  -4.8494311e-01   7.5077375e-01  -1.7057185e-02   4.3816485e-03   3.0429851e-03
   1.9771204e-01  -4.5237506e-01   7.6360975e-01  -1.6144947e-02   3.8855417e-03   3.4567815e-03
   1.9970843e-01  -5.1507944e-01   8.0827349e-01  -1.7452609e-02   4.2851285e-03   3.4256639e-03
   2.0110563e-01  -5.0895949e-01   7.4098675e-01  -1.6125315e-02   4.1308421e-03   3.3149711e-03
   1.9045831e-01  -4.5567962e-01   7.9171429e-01  -1.7283907e-02   4.2359838e-03   3.4465598e-03
   2.4840106e-01  -4.7418465e-01   6.9363770e-01  -1.5230268e-02   3.9586053e-03   2.5238742e-03
   2.3047866e-01  -4.8099212e-01   7.5295468e-01  -1.6540240e-02   4.4310843e-03   2.6579759e-03
   2.1246510e-01  -4.7237051e-01   7.4052317e-01  -1.5021180e-02   3.9370016e-03   2.8302371e-03
   2.0922548e-01  -4.5099555e-01   8.1180668e-01  -1.5721705e-02   4.2480321e-03   2.7080295e-03
   2.0632901e-01  -4.8736075e-01   7.1988560e-01  -1.4928113e-02   3.9554235e-03   2.6555156e-03
   1.9727188e-01  -4.3013564e-01   7.5297945e-01  -1.5759532e-02   4.1406890e-03   2.6373454e-03
   2.0472617e-01  -4.8004114e-01   7.2573466e-01  -1.4823961e-02   4.0058394e-03   2.5195103e-03
   2.0548324e-01  -4.6913325e-01   7.8246171e-01  -1.5769587e-02   4.2991884e-03   2.5041043e-03
   2.0077339e-01  -4.5851369e-01   7.2170750e-01  -1.4196357e-02   3.6003585e-03   2.3271181e-03
   1.9277924e-01  -4.3756697e-01   7.6679263e-01  -1.5465514e-02   3.8243592e-03   2.1991226e-03
   2.0547592e-01  -4.6817200e-01   7.1172686e-01  -1.4261505e-02   3.7091380e-03   2.1667235e-03
   1.9009887e-01  -4.2100313e-01   7.8205163e-01  -1.4936126e-02   3.7289194e-03   2.2480303e-03
   1.9037784e-01  -5.0700197e-01   7.2796118e-01  -1.5047208e-02   3.5108151e-03   2.1931721e-03
   1.5732011e-01  -4.0010250e-01   7.3856540e-01  -1.4568474e-02   3.1427283e-03   2.0994465e-03
   1.8424728e-01  -4.8135125e-01   7.0532123e-01  -1.4088896e-02   3.0444913e-03   1.8970819e-03
   1.6936430e-01  -4.0151092e-01   7.4271731e-01  -1.5249098e-02   3.4335454e-03   2.1517899e-03
   1.8903225e-01  -5.1184724e-01   7.2315765e-01  -1.4370070e-02   3.3227214e-03   2.1537877e-03
   1.6356564e-01  -4.1355703e-01   7.9915476e-01  -1.5152847e-02   3.3323178e-03   2.1394534e-03
   1.7265457e-01  -4.8535263e-01   7.1797804e-01  -1.3972171e-02   3.0728890e-03   2.0127718e-03
   1.6114477e-01  -4.1312805e-01   7.8181133e-01  -1.5456817e-02   3.3179215e-03   2.2007893e-03
   2.0677026e-01  -4.5422468e-01   7.3177726e-01  -1.3886256e-02   3.1019958e-03   2.1376519e-03
   2.4381125e-01  -4.8120330e-01   7.4710291e-01  -1.5188955e-02   3.6604925e-03   2.0248653e-03
   1.9481122e-01  -4.1488608e-01   7.6525579e-01  -1.4740471e-02   3.7745757e-03   1.9899758e-03
   2.0483888e-01  -5.1884897e-01   7.5616914e-01  -1.3929687e-02   3.7232289e-03   1.9670524e-03
   1.7332504e-01  -3.8852969e-01   7.6222080e-01  -1.4363511e-02   3.4777357e-03   2.0654589e-03
   1.9910938e-01  -4.8910747e-01   7.1683901e-01  -1.3580970e-02   3.4644189e-03   1.8745186e-03
   1.9420944e-01  -4.1382536e-01   7.8625180e-01  -1.4828991e-02   3.6560685e-03   1.9790173e-03
   2.0277716e-01  -4.8204409e-01   7.4491601e-01  -1.3463387e-02   3.4026668e-03   1.8447461e-03
   1.9358463e-01  -4.0412613e-01   7.9876436e-01  -1.4345589e-02   3.5331180e-03   1.9645141e-03
   2.0364996e-01  -4.7893267e-01   7.6144765e-01  -1.3355422e-02   3.2427494e-03   1.8815810e-03
   1.8052090e-01  -4.1172843e-01   8.2434544e-01  -1.4653937e-02   3.1083377e-03   2.1764849e-03
   1.9902139e-01  -4.9550227e-01   7.8192285e-01  -1.4608087e-02   3.0300550e-03   2.2058737e-03
   1.7760414e-01  -4.4941470e-01   8.4412192e-01  -1.5867095e-02   3.0831782e-03   2.4250707e-03
   2.0641189e-01  -4.7012477e-01   7.6107572e-01  -1.3895596e-02   2.9395410e-03   2.1622919e-03
   2.0507267e-01  -4.6748997e-01   7.9690795e-01  -1.5660575e-02   3.0537497e-03   2.3117583e-03
   1.6197753e-01  -4.1553830e-01   8.0687737e-01  -1.5570018e-02   2.7578433e-03   2.6781190e-03
   1.8511479e-01  -5.0970581e-01   8.1850644e-01  -1.5904033e-02   3.1715240e-03   2.4641010e-03
   1.6757751e-01  -4.3189769e-01   7.9437131e-01  -1.4417243e-02   3.2358542e-03   2.3186815e-03
   1.8302218e-01  -4.6601036e-01   7.6893584e-01  -1.5153048e-02   3.4014004e-03   2.1700427e-03
   1.6956270e-01  -4.1337317e-01   7.8266591e-01  -1.3933190e-02   3.0186014e-03   2.2165592e-03
   1.6456570e-01  -4.0932955e-01   8.1935071e-01  -1.5210019e-02   3.1178408e-03   1.9923636e-03
   1.7343226e-01  -4.7263888e-01   7.9364358e-01  -1.3721939e-02   3.0610240e-03   1.9980664e-03
   1.7199586e-01  -4.1144597e-01   8.3683945e-01  -1.4942846e-02   3.4386877e-03   2.0178838e-03
   1.6785117e-01  -4.5616555e-01   7.8670695e-01  -1.3485469e-02   3.0159041e-03   1.9911014e-03
   1.6380083e-01  -4.0719604e-01   8.5464080e-01  -1.4799464e-02   3.3425178e-03   2.0251848e-03
   1.7761447e-01  -4.6440343e-01   8.0975034e-01  -1.3527525e-02   3.0718450e-03   1.9334703e-03
   1.7072382e-01  -4.0036238e-01   8.6308423e-01  -1.4475134e-02   3.2313271e-03   2.0061807e-03
   1.8204309e-01  -4.5805309e-01   8.2227863e-01  -1.3559007e-02   2.9924382e-03   2.0265704e-03
   1.6134994e-01  -3.8384722e-01   8.5535340e-01  -1.4600515e-02   2.8605485e-03   2.1812715e-03
   1.8099426e-01  -4.8009716e-01   7.9941801e-01  -1.4258229e-02   2.8673568e-03   2.1397246e-03
   1.6038819e-01  -3.9637306e-01   8.7706382e-01  -1.5001385e-02   3.0577846e-03   2.3474797e-03
   1.8539325e-01  -4.8497440e-01   7.9813280e-01  -1.4083428e-02   2.9000340e-03   2.0600238e-03
   1.5673409e-01  -4.3492764e-01   8.5291797e-01  -1.5864300e-02   3.1041125e-03   2.2755856e-03
   1.4561167e-01  -4.3108903e-01   8.2524117e-01  -1.4233510e-02   2.7316821e-03   2.2649254e-03
   1.4875585e-01  -4.2508358e-01   8.5105299e-01  -1.5562927e-02   2.9944474e-03   2.3225135e-03
   1.4341214e-01  -4.1216176e-01   8.1545966e-01  -1.4239731e-02   2.6160474e-03   2.1859278e-03
   1.2782153e-01  -4.2761902e-01   8.7119328e-01  -1.5449593e-02   2.2685115e-03   1.8845964e-03
   1.1745942e-01  -4.3184738e-01   8.2492556e-01  -1.4365192e-02   1.9558361e-03   1.8045961e-03
   1.2116846e-01  -4.4478544e-01   8.6484448e-01  -1.5536100e-02   2.4859781e-03   1.8907616e-03
   1.1621553e-01  -4.1587053e-01   8.6424991e-01  -1.4046310e-02   2.0214756e-03   2.0003160e-03
   1.2949493e-01  -4.4344180e-01   8.9941677e-01  -1.5084476e-02   2.4645659e-03   1.7295812e-03
   1.1696835e-01  -4.0908115e-01   8.7349418e-01  -1.3774319e-02   2.1382999e-03   1.7317338e-03
   1.2052852e-01  -3.9062943e-01   9.3622375e-01  -1.4414535e-02   2.2971200e-03   1.6947537e-03
   1.6413298e-01  -4.6435712e-01   8.5667372e-01  -1.3277999e-02   2.0867473e-03   1.2275108e-03
   1.2024159e-01  -3.9375172e-01   9.1206520e-01  -1.4986087e-02   2.2107049e-03   1.7276167e-03
   1.7159774e-01  -4.2906683e-01   8.5566848e-01  -1.2942051e-02   1.9083363e-03   1.4797015e-03
   1.3251130e-01  -4.2796640e-01   9.0327316e-01  -1.4829478e-02   1.9089941e-03   1.8138992e-03
   1.3786853e-01  -4.1642796e-01   8.3095301e-01  -1.2587361e-02   1.4833933e-03   1.5638592e-03
   1.4458928e-01  -3.5425275e-01   9.1477874e-01  -1.2654782e-02   2.2392211e-03   1.4559652e-03
   1.7772859e-01  -4.2448156e-01   8.6775690e-01  -1.2112497e-02   2.4815809e-03   1.1862359e-03
   1.2351881e-01  -3.1977831e-01   9.7795166e-01  -1.2415107e-02   2.5303912e-03   1.3636696e-03
   1.5597342e-01  -4.0749256e-01   9.5581812e-01  -1.2085792e-02   2.4898042e-03   1.1020190e-03
   1.2802342e-01  -3.2742924e-01   9.8119044e-01  -1.2143625e-02   2.3727352e-03   1.1364215e-03
   1.6012711e-01  -4.3369459e-01   9.5950146e-01  -1.1748604e-02   2.0817001e-03   8.4135214e-04
   1.4374358e-01  -3.5759084e-01   1.0087703e+00  -1.3013318e-02   2.7459503e-03   1.0519158e-03
   1.4965063e-01  -4.0053676e-01   9.6707678e-01  -1.1655325e-02   2.5174528e-03   1.0830578e-03
   1.6515457e-01  -3.8422656e-01   1.0246151e+00  -1.2681691e-02   3.0594262e-03   9.0926932e-04
   1.5612818e-01  -3.6862059e-01   9.6840026e-01  -1.1606413e-02   2.6728066e-03   8.4966434e-04
   1.6146672e-01  -3.8226230e-01   1.0090637e+00  -1.2669993e-02   2.9824807e-03   7.4220602e-04
   1.4392077e-01  -3.5112955e-01   9.6572466e-01  -1.0995108e-02   2.0989287e-03   7.4204976e-04
   1.7355368e-01  -3.8848881e-01   9.2992595e-01  -1.2707255e-02   2.3874704e-03   8.3174252e-04
   1.4144009e-01  -3.6245540e-01   9.6016774e-01  -1.3018892e-02   2.1909744e-03   1.3599999e-03
   1.7944089e-01  -4.5003302e-01   1.0156109e+00  -1.3043808e-02   2.6427459e-03   1.1449056e-03
   1.5251450e-01  -3.7850593e-01   1.0120363e+00  -1.3290687e-02   2.9395173e-03   1.1691634e-03
   1.7098089e-01  -4.2585060e-01   9.4783642e-01  -1.1858620e-02   2.5998225e-03   8.1824636e-04
   1.5655680e-01  -3.4734772e-01   9.8386784e-01  -1.2666222e-02   2.8538300e-03   9.6776444e-04
   1.7811476e-01  -4.3483502e-01   9.5857131e-01  -1.2337061e-02   2.8608229e-03   8.3189696e-04
   1.4687427e-01  -3.5689421e-01   1.0217621e+00  -1.2687201e-02   2.7165194e-03   9.5421876e-04
   1.7209500e-01  -4.2374843e-01   9.6467312e-01  -1.1298476e-02   2.3759917e-03   8.0558138e-04
   1.5387867e-01  -3.5157292e-01   1.0034189e+00  -1.2946604e-02   2.7452472e-03   1.0151347e-03
   1.8468610e-01  -3.9215965e-01   9.3342108e-01  -1.0733515e-02   2.1506707e-03   3.3513746e-04
   1.4410564e-01  -3.8411771e-01   9.4059250e-01  -1.2689623e-02   2.1457062e-03   7.8227387e-04
   1.5380610e-01  -3.6942752e-01   9.9661256e-01  -1.1972799e-02   2.3664496e-03   1.1230621e-03
   1.6255639e-01  -4.2015659e-01   9.9983243e-01  -1.2681185e-02   2.8016101e-03   1.0311315e-03
   1.4022337e-01  -3.8244810e-01   9.7574412e-01  -1.1899985e-02   2.4429991e-03   1.1091513e-03
   1.5333795e-01  -4.0738607e-01   9.6882840e-01  -1.2559365e-02   2.6357261e-03   1.1460102e-03
   1.3738586e-01  -3.3981636e-01   9.4483106e-01  -1.1916726e-02   2.4131334e-03   1.1273230e-03
   1.6073404e-01  -4.0136536e-01   9.6864792e-01  -1.2977210e-02   2.6660304e-03   1.0581812e-03
   1.4393413e-01  -3.5534775e-01   9.6697493e-01  -1.1644585e-02   2.2214233e-03   8.9160778e-04
   1.6520914e-01  -3.8111579e-01   9.6204097e-01  -1.2375625e-02   2.2727407e-03   1.0586123e-03
   1.2890096e-01  -3.4233909e-01   9.7172165e-01  -1.2002841e-02   2.0233943e-03   1.2455695e-03
   1.4610876e-01  -4.0955483e-01   1.0000892e+00  -1.3534231e-02   2.6983745e-03   1.3230529e-03
   1.1883661e-01  -3.3967427e-01   9.7924727e-01  -1.1688907e-02   1.9468571e-03   1.3928767e-03
   1.4855023e-01  -4.0440524e-01   9.9070988e-01  -1.3158932e-02   2.4991540e-03   1.2589664e-03
   1.2660691e-01  -3.5809248e-01   9.6375462e-01  -1.2728527e-02   2.0093179e-03   1.4222401e-03
   1.5403438e-01  -4.2518125e-01   9.9497048e-01  -1.3004106e-02   2.0585011e-03   1.2922594e-03
   1.1730341e-01  -3.3751231e-01   1.0160131e+00  -1.2073989e-02   1.4728855e-03   1.2714389e-03
   1.6689495e-01  -3.8751780e-01   9.5146487e-01  -1.1462967e-02   1.3962044e-03   9.1654286e-04
   1.3177702e-01  -3.3114312e-01   1.0058463e+00  -1.2993909e-02   2.4303856e-03   1.1636283e-03
   1.5988279e-01  -4.2173524e-01   9.6744294e-01  -1.1477536e-02   2.2161144e-03   8.1823837e-04
   1.2955924e-01  -3.3998404e-01   1.0029468e+00  -1.2482006e-02   2.3796841e-03   1.0623672e-03
   1.5634801e-01  -4.0391982e-01   9.5901435e-01  -1.1366125e-02   2.1519274e-03   9.4377393e-04
   1.2666140e-01  -3.2063096e-01   9.9571677e-01  -1.2654340e-02   2.2319614e-03   1.2826483e-03
   1.7352678e-01  -3.8854096e-01   9.6307433e-01  -1.1266376e-02   1.6691069e-03   1.0877427e-03
   1.8510445e-01  -4.0408551e-01   9.9815496e-01  -1.2824447e-02   2.4625771e-03   8.6062721e-04
   1.4384017e-01  -3.3946280e-01   9.6446935e-01  -1.2072062e-02   2.5751329e-03   9.9242711e-04
   1.7761851e-01  -4.0460650e-01   9.9462434e-01  -1.1867990e-02   2.6336858e-03   6.9373635e-04
   1.4678724e-01  -3.2782874e-01   9.8453303e-01  -1.1789415e-02   2.3581363e-03   7.3734393e-04
   1.7019512e-01  -4.0091426e-01   9.5680541e-01  -1.1875159e-02   2.4729618e-03   4.9152230e-04
   1.4085394e-01  -3.2028910e-01   9.8229689e-01  -1.1618091e-02   2.1345324e-03   5.6063626e-04
   1.5589942e-01  -3.8320746e-01   9.7287798e-01  -1.1579097e-02   2.0544356e-03   1.9913492e-04
   1.3834645e-01  -3.4304968e-01   9.7409121e-01  -1.1163168e-02   1.6586469e-03   1.2965736e-04
   1.5799759e-01  -4.0602041e-01   9.7584696e-01  -1.1807174e-02   1.9289109e-03   1.3495269e-04
   1.3346875e-01  -3.3393152e-01   9.6818887e-01  -1.1190666e-02   1.4116886e-03   1.7815412e-04
   1.4657719e-01  -3.8036235e-01   9.7159760e-01  -1.1369575e-02   1.3986438e-03   2.1143765e-04
   1.1472741e-01  -3.1698504e-01   9.6815350e-01  -1.1669510e-02   1.3454153e-03   4.9288694e-04
   1.4788914e-01  -4.2001406e-01   9.8871132e-01  -1.1724689e-02   1.6529098e-03   2.0850653e-04
   1.0286430e-01  -3.3468157e-01   9.9883744e-01  -1.2032112e-02   1.2394669e-03   3.8423266e-04
   1.3767038e-01  -4.0609986e-01   9.2696614e-01  -1.0754753e-02   7.5119033e-04  -3.3260985e-05
   1.1087415e-01  -3.0810511e-01   1.0161123e+00  -1.1947177e-02   1.4487021e-03   4.3249247e-04
   1.2673369e-01  -3.8471752e-01   9.7145134e-01  -1.1415185e-02   1.4778381e-03   2.2537163e-04
   1.0100565e-01  -3.1844863e-01   9.9609298e-01  -1.1336983e-02   1.2093522e-03   4.8670530e-04
   1.3350526e-01  -4.1511939e-01   9.6934650e-01  -1.1022155e-02   1.3253873e-03   2.4850483e-04
   9.7409365e-02  -3.0836853e-01   1.0057863e+00  -1.1379806e-02   1.1010828e-03   5.6191069e-04
   1.2572825e-01  -3.8137657e-01   9.6874558e-01  -1.1198036e-02   1.2346636e-03   2.1786557e-04
   8.6984836e-02  -2.8042987e-01   9.8795024e-01  -1.1241908e-02   8.7323273e-04   4.4233832e-04
   1.4550169e-01  -3.7822127e-01   9.4629678e-01  -1.0756062e-02   9.9580145e-04   2.5861506e-04
   1.1635461e-01  -3.2468778e-01   9.8337269e-01  -1.2435804e-02   1.5113394e-03   3.5456251e-04
   1.0720182e-01  -3.5256855e-01   9.6950126e-01  -1.0867330e-02   1.0040108e-03   1.4030944e-04
   1.2514690e-01  -3.7399419e-01   9.9473221e-01  -1.1833632e-02   1.2627021e-03   2.4661342e-04
   9.4171139e-02  -3.1127860e-01   9.9229485e-01  -1.1283628e-02   9.2434690e-04   5.7785575e-04
   9.1642391e-02  -3.5099605e-01   9.9352248e-01  -1.1713787e-02   1.0043961e-03   3.4972462e-04
   1.3038666e-01  -3.0356015e-01   1.0312957e+00  -1.0758586e-02   3.4750074e-04   6.3806593e-04
   1.3589833e-01  -3.8310160e-01   1.0082458e+00  -1.2758882e-02   8.7048826e-04   4.9743875e-04
   8.9379699e-02  -3.6401907e-01   9.6546031e-01  -1.4026247e-02   7.6212318e-04   1.2638789e-03
   1.3823331e-01  -4.3512222e-01   9.8315224e-01  -1.3015220e-02   1.5910175e-03   5.9027425e-04
   9.2488608e-02  -3.2423918e-01   9.7035774e-01  -1.1781447e-02   9.0865489e-04   4.9135043e-04
   1.2303541e-01  -3.6150902e-01   9.4903359e-01  -1.2026475e-02   1.0518224e-03   1.8291843e-04
   1.0391724e-01  -2.9989804e-01   9.6030975e-01  -1.1537947e-02   6.2531852e-04   2.5215837e-04
   1.1534557e-01  -3.6787242e-01   9.9106032e-01  -1.2949767e-02   8.0492440e-04   3.0251858e-04
   9.6958987e-02  -3.1740155e-01   9.7783736e-01  -1.1549985e-02   5.4350743e-04   1.9969444e-04
   1.2259840e-01  -3.6618987e-01   9.9315208e-01  -1.2554107e-02   7.3892130e-04   2.3640528e-04
   7.9280099e-02  -2.9635387e-01   9.8606816e-01  -1.1586470e-02   2.0894751e-04   2.4014806e-04
   1.1385131e-01  -3.7334438e-01   9.9192641e-01  -1.1972125e-02   4.4054440e-04   1.6233010e-04
   7.5179735e-02  -2.7506983e-01   9.8094368e-01  -1.1704634e-02  -1.6650968e-04   3.2746611e-04
   9.4803537e-02  -3.5622416e-01   9.0121948e-01  -1.2833011e-02   3.6691592e-04   2.1457998e-04
   8.3974243e-02  -3.4494741e-01   8.0757758e-01  -1.0322757e-02   1.7668001e-04   3.5343507e-04
   8.5600908e-02  -2.7921097e-01   8.9923183e-01  -1.1082758e-02   9.2456837e-04   5.2897148e-04
   1.0664166e-01  -3.2922001e-01   8.6343223e-01  -1.0438522e-02   5.9979896e-04   1.0597418e-04
   8.3718414e-02  -2.7041144e-01   9.3708735e-01  -1.0990973e-02   4.2887558e-04   5.0905655e-04
   1.1122972e-01  -3.4431069e-01   8.9553879e-01  -1.0524095e-02   5.2544235e-04  -3.6951743e-05
   8.9508480e-02  -2.8299753e-01   9.5007716e-01  -1.0694738e-02   5.6468012e-04   2.1391950e-04
   1.0878229e-01  -3.4589012e-01   9.1202696e-01  -1.0485478e-02   6.1334429e-04  -7.8434781e-05
   6.5715965e-02  -2.5005260e-01   9.0698063e-01  -1.0550960e-02   4.5480882e-05  -3.2311706e-05
   8.6106040e-02  -3.3631077e-01   9.1811616e-01  -1.0519507e-02   3.1881494e-04  -9.6609887e-05
   5.6475387e-02  -2.3835092e-01   9.1739122e-01  -1.0591755e-02  -9.4607175e-05   1.3376126e-05
   8.6990432e-02  -3.4020216e-01   8.9356460e-01  -9.7680163e-03  -8.6505654e-05  -3.5859728e-04
   6.7121567e-02  -2.6430796e-01   9.5321634e-01  -1.1096687e-02   1.3973269e-04   1.0099876e-04
   8.6010592e-02  -3.3208658e-01   9.0654922e-01  -9.6279948e-03  -1.6726077e-04  -1.4113407e-04
   5.6750932e-02  -2.5318311e-01   9.6212370e-01  -1.0874085e-02  -8.8048733e-05   2.1555973e-05
   7.0531330e-02  -3.0921510e-01   8.7901754e-01  -9.6889218e-03  -2.4563963e-04  -3.1205874e-04
   5.8585169e-02  -2.8403168e-01   9.4635423e-01  -1.0996067e-02  -1.9413454e-05   1.4172252e-05
   4.2373257e-02  -2.6411523e-01   9.1348818e-01  -9.8112480e-03  -6.5875119e-04  -2.0291225e-04
   5.3881450e-02  -3.0258080e-01   9.0945437e-01  -1.0581113e-02  -3.4526355e-04  -3.3292136e-04
