   0.0000000e+00   0.0000000e+00   0.0000000e+00   0.0000000e+00   0.0000000e+00   0.0000000e+00
   3.5456869e-02   7.5215844e-02   2.0928518e-01   1.7302502e-03   8.5513165e-04  -7.4927454e-04
   1.2843579e-03  -1.0249062e-02   1.4640564e-01  -7.3252604e-04   7.0306079e-04  -7.9620986e-04
   2.1619862e-02   5.9131162e-02   1.2573035e-01   1.0349654e-03   3.3440828e-04  -2.9204602e-04
   1.0461249e-02   3.7001526e-02   1.5883691e-01   9.4336638e-04   5.0435865e-04  -2.7047059e-04
   2.7255906e-02   6.0283942e-02   3.1066134e-01   9.8837268e-04   1.3279673e-03  -8.1840586e-04
   2.2815612e-02  -4.5111434e-03   9.2608788e-02   4.1325909e-04   9.5702540e-04  -4.0571640e-04
   4.2191720e-02   7.7811294e-02   2.0141395e-01   1.9508000e-03   1.0986643e-03  -6.4344719e-04
   2.7879630e-02   2.8511925e-02   1.7825209e-01   1.9220001e-04   1.2863004e-03  -7.6161469e-04
   2.7477754e-02   5.8046732e-02   8.5723732e-02   1.2021904e-03   6.0777534e-04  -2.0996956e-04
   3.9723330e-02   3.4829391e-02   2.4343439e-01   6.1568335e-04   1.1700421e-03  -6.5913354e-04
   2.3613314e-02  -7.6038226e-03   8.9508739e-02   2.9828964e-04   6.6825525e-04  -2.0302209e-04
   5.7261370e-02   9.2379796e-02   2.7643959e-01   1.8558202e-03   1.3709146e-03  -8.0153837e-04
   2.3897919e-02  -8.4163030e-03   6.5997287e-02   1.3179169e-04   1.0010832e-03  -2.4645064e-04
   5.0269526e-02   9.6390788e-02   2.2553507e-01   1.4410955e-03   1.4258156e-03  -7.4900969e-04
   2.1783084e-02   1.0670403e-02   1.1100207e-01   9.2566260e-05   1.2361063e-03  -4.0914157e-04
   4.3557659e-02   6.2145670e-02   1.8629655e-01   1.5832733e-03   1.2641380e-03  -2.7637538e-04
   2.4229222e-02  -4.6788652e-03   1.2014884e-01   2.5752012e-04   1.2098522e-03   4.0088763e-05
   5.1592887e-02   4.8941922e-02   1.7447421e-01   1.4618623e-03   1.3575937e-03   2.9892136e-05
   5.3585866e-02   6.6429425e-02   2.9982559e-01   1.4608171e-03   2.0689908e-03  -5.5913949e-04
   4.5309233e-02   8.2419689e-03   4.8576236e-02   7.2484094e-04   1.5670580e-03   3.3652949e-05
   6.5828901e-02   1.1831582e-01   2.8047252e-01   2.1336757e-03   2.1368258e-03  -4.9383053e-04
   4.1174001e-02   1.9719343e-02   9.9179936e-02   4.6880169e-04   1.7932965e-03  -1.7802036e-05
   6.5406836e-02   1.0639140e-01   2.2415350e-01   2.1479505e-03   1.8096796e-03  -2.4238405e-04
   5.1688690e-02   2.2442948e-02   2.0865335e-01   4.0966167e-04   2.0822792e-03  -4.3334769e-04
   5.9868124e-02   4.0056112e-02   8.6903140e-02   1.2079014e-03   1.6881136e-03   9.3350048e-05
   8.7967337e-02   3.7651347e-02   2.6182001e-01   4.1529438e-04   2.2473783e-03  -1.4906537e-04
   7.7920898e-02   1.9041888e-02   8.7414898e-02   7.1521414e-04   1.6341422e-03   2.6790957e-04
   8.1906944e-02   7.7218148e-02   2.7998365e-01   1.4992453e-03   2.1159019e-03  -2.2694237e-04
   5.6623257e-02  -1.0035987e-02   8.0317415e-02   1.8790428e-04   1.6834447e-03   1.8096185e-04
   7.9777189e-02   9.3502527e-02   2.3482062e-01   1.6971370e-03   1.9430661e-03  -6.1035289e-05
   5.6084197e-02   2.3577519e-02   9.8759395e-02   8.3812515e-04   1.6735556e-03   4.5399369e-04
   4.3377321e-02   4.4105901e-02   1.7725178e-01   4.6371844e-04   1.9537089e-03   8.0151750e-06
   6.6113968e-02   7.5385915e-02   1.3838245e-01   1.5445665e-03   1.6285029e-03   3.0695102e-04
   6.5496074e-02   5.9711754e-02   2.5577618e-01   1.0148828e-03   2.1559862e-03  -1.7122881e-04
   4.8000157e-02   2.5062804e-02   9.3809393e-02   4.5441884e-04   1.2782527e-03   3.8961413e-04
   7.5404560e-02   1.2100354e-01   2.7943819e-01   2.1350681e-03   2.1198261e-03  -2.2922222e-04
   5.2049277e-02   1.5637986e-02   4.3125102e-02   3.9581685e-04   1.6373642e-03   4.8106995e-04
   7.9229281e-02   9.3548925e-02   1.9182926e-01   1.6909300e-03   2.0439104e-03  -6.2539960e-06
   6.5377740e-02   6.8168787e-03   1.5110371e-01   2.8180471e-04   2.2702198e-03   7.8369981e-05
   7.2739881e-02   4.7682653e-02   1.1367375e-01   1.5339766e-03   2.1393508e-03   2.5801937e-04
   7.7264835e-02   2.3419145e-02   1.9952804e-01   4.2781466e-04   2.5959630e-03  -6.1257460e-05
   7.5827112e-02   4.1261377e-02   3.8500961e-02   1.4207848e-03   2.2050044e-03   2.5731203e-04
   9.4077447e-02   1.1268493e-01   2.3210044e-01   2.0623182e-03   2.7378165e-03   5.7370322e-05
   6.1406095e-02   3.2409331e-02   8.8969725e-03   5.9268840e-04   2.0088691e-03   4.7946629e-04
   9.7297809e-02   1.0991672e-01   2.1140830e-01   1.8833219e-03   2.6087634e-03   1.2648889e-05
   7.3437501e-02   4.0071303e-03   1.0056226e-01   1.7681679e-04   2.4835760e-03   2.9737629e-04
   9.5897699e-02   6.5189239e-02   1.1456812e-01   1.4658376e-03   2.2472528e-03   5.0180846e-04
   8.9620121e-02   5.8223509e-02   2.7179154e-01   9.1758029e-04   3.0650909e-03  -2.1772738e-04
   7.4072737e-02   5.2355947e-02  -5.3513380e-04   1.2683069e-03   2.1873675e-03   6.7705480e-04
   8.0130974e-02   8.0565850e-02   1.8921366e-01   9.8664725e-04   2.7179658e-03   2.7682654e-04
   6.4134639e-02   1.9782455e-02   2.0812346e-02   5.1076264e-04   2.2157036e-03   7.3945934e-04
   9.5961039e-02   1.1199195e-01   2.7292400e-01   2.2628379e-03   2.8569225e-03   1.0215633e-04
   6.9508899e-02  -9.0250772e-03   9.8520801e-03   8.2347926e-04   2.2698789e-03   8.4101126e-04
   1.0170842e-01   1.2841203e-01   2.6738936e-01   2.1563366e-03   3.0630548e-03   2.3166403e-05
   6.7335410e-02   1.6612406e-02   5.8671542e-02   3.7590888e-04   2.3628239e-03   4.1076193e-04
   7.9717711e-02   6.8205036e-02   6.5905620e-02   1.0442293e-03   1.9421599e-03   6.3811559e-04
   8.5323148e-02   1.2452274e-01   2.2837967e-01   2.0748180e-03   2.3366567e-03   4.2111943e-04
   5.4782089e-02   8.2894660e-03   1.5407694e-01  -5.5235034e-04   2.1806033e-03   6.7283475e-05
   7.0206223e-02   7.1062904e-02   1.2642042e-01   8.6966133e-04   1.9831658e-03   3.1358446e-04
   7.0009577e-02   3.9785079e-02   1.8388983e-01   2.0091257e-04   2.5916759e-03   1.6325290e-05
   6.2920390e-02   1.1114638e-02  -2.2933084e-03   1.9083928e-04   2.0236153e-03   6.8158593e-04
   6.8201557e-02   5.6596033e-02   1.3889823e-01   1.4407272e-03   2.1468939e-03   1.5597611e-04
   7.0876708e-02   7.0334730e-02   2.4072708e-01   9.5772998e-04   2.5582691e-03  -9.0104210e-05
   7.0748307e-02   1.0688524e-02  -7.4610185e-03   3.1463051e-04   2.2993105e-03   4.6127581e-04
   9.5403847e-02   1.3548282e-01   2.6491905e-01   1.7485865e-03   2.7548044e-03  -5.1408076e-06
   6.8026702e-02  -5.4765134e-03   2.8479605e-02  -4.1259805e-05   2.1226464e-03   3.5740640e-04
   6.4123586e-02   9.4347901e-02   9.1733428e-02   2.0648446e-03   1.6715951e-03  -1.0816313e-04
   8.1917988e-02   6.6109592e-02   2.7358402e-01   1.0215946e-03   2.5758971e-03   6.4986475e-06
   7.9112158e-02   2.8605584e-02   5.0783306e-02   9.3521797e-04   1.9814173e-03   3.7767249e-04
   9.4039098e-02   1.1839057e-01   2.8834032e-01   1.6355756e-03   2.7537868e-03  -2.2931299e-04
   6.4006318e-02   1.4239336e-02  -2.5960303e-02   4.9435728e-04   1.8915270e-03   4.0681564e-04
   9.1600218e-02   1.2760905e-01   3.2651870e-01   1.2284145e-03   3.0399775e-03  -5.2516192e-04
   7.6884623e-02   3.5281723e-02   5.2474128e-03   7.2882213e-04   2.1283685e-03   5.2085735e-04
   8.2244294e-02   7.1801661e-02   2.7606548e-01   5.0219409e-04   3.2685387e-03  -5.3787061e-04
   8.9305419e-02   3.5207038e-02   6.0435830e-02   1.1093180e-03   2.4554052e-03   2.8253491e-04
   9.0814139e-02   1.0502877e-01   3.3813405e-01   1.5480662e-03   3.3359775e-03  -4.5712234e-04
   8.2035586e-02   2.6365786e-02   5.0682761e-02   5.9528565e-04   2.4386210e-03   2.5566504e-04
   7.6446939e-02   4.3678139e-02   1.4254619e-01   4.1167821e-05   2.5506800e-03   1.8283553e-04
   1.0008551e-01   1.0572453e-01   2.7267248e-01   1.4417883e-03   3.1127250e-03  -1.8934829e-04
   8.1929023e-02   1.9239084e-02   1.3937633e-02   5.3262506e-04   2.4769415e-03   8.9002457e-04
   1.0018514e-01   9.2849750e-02   2.9852877e-01   8.9804272e-04   3.2102915e-03   1.0187802e-04
   8.7028591e-02   4.1487221e-03   7.2448287e-02   3.5730930e-04   2.6721190e-03   4.5336571e-04
   1.0338072e-01   1.1634058e-01   3.3207740e-01   1.6288999e-03   3.2125071e-03  -1.3234749e-05
   9.1261982e-02   1.0798084e-02   5.6944267e-02   4.1914312e-04   2.6382832e-03   5.2790477e-04
   1.0823476e-01   1.3464734e-01   2.6273307e-01   1.5982179e-03   3.0214299e-03   1.3681439e-04
   9.1911731e-02   2.2369670e-02   2.0489523e-01  -7.6992589e-04   3.0864347e-03   1.8241696e-05
   1.2188675e-01   1.0650792e-01   3.1921200e-01   7.2681710e-04   2.9731578e-03   5.2652140e-04
  -9.5607838e-02  -5.2852629e-01  -3.7118933e-01  -7.5714780e-03  -2.7259120e-03   8.2907225e-04
   1.2833421e-03  -5.1129104e-02   4.8146919e-03  -9.3077767e-04  -1.8677259e-04  -3.6426012e-05
   2.3457771e-03  -1.5197423e-01  -1.0729256e-01  -2.7029567e-03   3.5516914e-04   4.3613670e-04
   2.7968130e-02  -7.2735283e-02  -2.4305428e-02  -1.5685222e-03   5.8535167e-04   5.7447535e-04
   5.3035522e-02  -4.1528615e-02   1.5425665e-01  -1.5470766e-03   1.4049345e-03   1.8324217e-04
   1.5289332e-02  -8.0578636e-02  -1.2981685e-01  -1.7692076e-03   3.2580202e-04   1.0191026e-03
   5.7752215e-02  -6.1042768e-02   1.4078559e-01  -2.6143855e-03   1.6429855e-03   2.9458218e-04
   2.4499855e-02  -9.0773272e-02  -7.3401553e-02  -2.4233105e-03   6.8204964e-04   5.9421816e-04
   5.0941902e-02  -3.6107922e-02   9.9795947e-02  -1.3835563e-03   1.2238583e-03   4.1149083e-04
   3.6277373e-02  -9.4719342e-02   1.3987118e-01  -2.7302421e-03   1.4656008e-03  -3.2066866e-05
   2.4413536e-02  -7.8300120e-02  -2.5752255e-02  -1.7336170e-03   7.0293533e-04   3.3827418e-04
   1.6934261e-02  -8.1458006e-02   8.4150210e-02  -2.7522516e-03   9.0602322e-04   5.9973549e-05
  -1.7290240e-02  -1.2169841e-01  -4.1544056e-02  -3.3067895e-03  -1.3136736e-04   1.2491586e-04
   2.5371138e-02  -3.3410319e-02   1.4575419e-01  -1.7452604e-03   7.2687056e-04   4.9355916e-05
  -2.5057113e-03  -1.3370616e-01   2.6221708e-02  -3.7333048e-03   5.6989142e-04  -2.4899868e-06
   1.8920480e-02  -5.0206202e-02   3.6275539e-02  -1.8292212e-03   4.3366158e-04   2.9383326e-04
   7.7470069e-03  -9.5299734e-02   1.3692488e-01  -3.0813117e-03   1.0044369e-03  -2.8929736e-04
   7.7556516e-03  -1.1340311e-01  -9.4125345e-02  -2.7037754e-03   2.2503016e-04   5.4991661e-04
   2.8733989e-02  -1.7421241e-02   2.5148592e-01  -1.8795478e-03   1.3183320e-03  -2.6938818e-04
   1.8673856e-03  -1.1317416e-01  -5.9274164e-02  -2.8409718e-03   1.5084951e-04   2.3162411e-04
   2.7069235e-02  -1.9286167e-02   1.7454295e-01  -1.5234421e-03   7.8366364e-04   1.2002243e-06
   8.4740616e-03  -1.1599268e-01   2.9750246e-02  -3.6698216e-03   5.5962497e-04   1.9037115e-04
   1.5398209e-02  -6.4306887e-02   1.1749056e-03  -2.6688184e-03   1.0363674e-04   5.2296213e-04
   1.6653090e-02  -4.1160192e-02   2.1288912e-01  -2.2490515e-03   8.5508524e-04  -9.7542373e-05
  -4.9356761e-03  -1.3906475e-01  -4.6912237e-02  -3.5502374e-03   1.3180670e-04   4.0641438e-04
   2.2938806e-02  -7.7746973e-02   1.6311730e-02  -2.2897271e-03   4.3277759e-04   4.0676556e-04
   1.7561748e-02  -1.1053835e-01   1.5801247e-01  -3.8001083e-03   9.4073559e-04  -1.9740054e-04
   4.1679567e-02   3.6945751e-02   2.6196179e-01  -1.3510374e-03   5.4948442e-04   1.3559055e-04
  -2.1881458e-03  -1.8094194e-01  -4.7039002e-02  -3.7560971e-03  -6.4126164e-05   4.1579800e-04
   2.1097322e-02  -3.8903844e-02   1.3345581e-01  -2.0627970e-03   3.1979397e-04   2.3012162e-04
  -2.2068350e-02  -8.7575528e-02   6.0923169e-02  -2.8339210e-03  -5.3136209e-04   2.6482743e-04
  -3.1688780e-03  -8.7887728e-02   3.4089411e-02  -3.1256493e-03  -6.1719712e-04   6.5132806e-04
   1.4523421e-02  -5.1836320e-02   1.5240884e-01  -2.6131021e-03   1.2779205e-04   4.2031186e-04
  -9.0231042e-03  -9.4801538e-02   4.2966304e-02  -3.5634581e-03  -2.8658310e-04   6.3170008e-04
  -1.0767474e-02  -1.1621821e-01   3.3406601e-02  -3.9914171e-03  -2.3961862e-04   6.7329838e-04
   2.0798863e-02  -5.6314500e-02   1.1707220e-01  -2.4808127e-03   8.2679935e-05   3.5082561e-04
   1.1839238e-03  -1.1855215e-01   2.2162768e-01  -4.0555550e-03   3.6236420e-04  -2.0627620e-04
   1.4456687e-02  -6.0647309e-02   7.7379998e-02  -2.3610016e-03  -2.8322444e-04   8.4385013e-05
  -1.5762534e-02  -1.3605939e-01   3.2347061e-02  -4.1652375e-03  -5.2532666e-04   3.9170828e-04
   1.5267239e-02   5.2917134e-03   2.8091200e-01  -1.8408419e-03   2.4859290e-05  -9.9678945e-05
  -1.0140412e-02  -1.3031140e-01   5.5030413e-02  -3.9449131e-03  -3.3737886e-04   2.5470218e-04
  -1.9458825e-02  -1.1294075e-01   9.8447660e-03  -4.1892364e-03  -6.1822986e-04   3.3292605e-04
   1.0132507e-02  -4.3707664e-02   1.6699493e-01  -2.4072551e-03  -1.3525164e-04   9.9518299e-05
  -4.5195256e-03  -1.4116538e-01   1.1344641e-01  -4.1812620e-03  -5.2963069e-05   1.6801880e-04
   5.6375763e-03  -1.0036158e-01   3.9940606e-02  -2.9208243e-03  -1.7384929e-04   3.2011849e-04
   3.0507852e-03  -3.6591240e-02   2.8576094e-01  -2.5614559e-03   3.6886830e-04  -2.3257779e-05
  -2.3737498e-03  -1.1208940e-01  -4.5346128e-02  -3.5121211e-03  -2.4494010e-04   5.2430325e-04
   9.0574192e-03   1.3428284e-03   2.5480626e-01  -2.0261877e-03   2.1543650e-04   1.3512116e-04
  -9.2543915e-03  -1.3472439e-01   9.2868283e-02  -4.3241788e-03   1.2531772e-04   2.4679099e-05
   8.3734529e-03  -5.6770166e-02   8.0109050e-02  -2.5180176e-03   2.1711343e-05   1.6131829e-04
   1.1892428e-02  -6.7047818e-02   6.5145490e-02  -2.7352403e-03   6.2036313e-05   2.3446605e-04
  -5.7604228e-03  -1.0434190e-01   2.8355698e-01  -4.3066976e-03   6.0879495e-04  -5.2568290e-04
   1.2656997e-02  -9.0320412e-02  -1.4100234e-02  -2.6338892e-03  -2.2741298e-04   4.5096757e-04
  -3.6487010e-04  -9.3194237e-02   2.0324459e-01  -3.8593842e-03   6.4940582e-04  -1.2721618e-04
  -2.9029147e-03  -5.3929392e-02   5.4187496e-02  -2.3800933e-03  -6.9672767e-05   1.1435220e-04
  -3.3837931e-02  -1.1237390e-01   3.6202698e-01  -4.8502225e-03   5.7348418e-04  -1.1383228e-03
  -1.6443238e-02  -8.9694968e-02   2.9377613e-02  -2.7619601e-03  -5.3499325e-04   2.2174202e-04
   7.3106492e-04  -4.5671453e-02   2.8131573e-01  -3.0044270e-03  -8.0344586e-05   2.0099119e-04
  -2.1831410e-02  -1.1315417e-01   8.4209949e-03  -4.3694526e-03  -6.5468048e-04   5.7082855e-04
   4.0497544e-03   1.0914730e-02   3.1928434e-01  -2.1458171e-03   6.1739903e-06  -6.8083977e-05
  -1.9996256e-02  -1.0865930e-01  -4.7312763e-02  -3.6369787e-03  -6.9186507e-04   5.3191880e-04
   7.2920826e-03  -5.4688091e-02   2.4488400e-01  -3.1137415e-03  -8.0680350e-05   3.9888371e-04
  -4.5617028e-03  -1.1279357e-01   1.1749134e-01  -4.0022434e-03  -2.3489097e-04   4.8902436e-04
   2.5353280e-02  -2.8431561e-02   2.5651428e-01  -2.0624630e-03  -8.3055193e-05   3.3642178e-04
   2.4143947e-02  -1.0677129e-01   1.8961142e-01  -3.4261817e-03  -2.1081623e-04   3.7918969e-04
   8.0328741e-03  -1.0775985e-01   1.0866337e-01  -4.0196870e-03  -3.7693424e-04   4.2630774e-04
   2.4445897e-02  -1.2479363e-02   3.0629702e-01  -2.2706233e-03   1.5491619e-05  -3.0195567e-06
  -1.0937241e-03  -1.0583536e-01   1.2857533e-01  -3.9373110e-03  -3.7617714e-04   1.7221479e-04
  -2.3049857e-02  -9.7347141e-02   1.4360233e-01  -3.8867036e-03  -6.7351706e-04  -2.5157885e-04
   1.7256755e-02  -1.8988269e-02   3.1028253e-01  -1.5033007e-03  -1.9190146e-04  -1.4018243e-04
  -3.0735546e-02  -9.9809448e-02   2.2501095e-01  -2.8734819e-03  -8.4534179e-04  -3.5792891e-04
   1.0213931e-02  -3.1898860e-02   2.1279736e-01  -1.8148502e-03  -3.8044751e-04  -2.7897929e-05
   5.9245080e-03  -5.6633861e-02   2.6790850e-01  -2.9340618e-03  -1.0744240e-04  -2.8958904e-04
   2.5909685e-03  -5.5639867e-02   1.0550650e-01  -2.8162675e-03  -4.0235281e-04   5.3230794e-05
   1.8720709e-02   4.0493536e-02   4.0418710e-01  -1.7910994e-03   9.5154160e-05  -2.6117609e-04
  -1.9684720e-02  -9.2262416e-02   9.5962254e-02  -3.1311779e-03  -5.3700501e-04   4.3615049e-05
   9.1141480e-03   3.2342043e-02   3.5054048e-01  -1.3082119e-03  -2.1719559e-04   2.2611492e-05
  -1.2790814e-02  -1.0383008e-01   1.5033597e-01  -3.5000832e-03  -4.0969549e-04   7.8017575e-05
   3.5643771e-03   9.7737647e-03   2.7430626e-01  -1.4811185e-03  -2.3635039e-04  -2.7096024e-04
   2.7162351e-03  -6.3498252e-02   2.9962207e-01  -3.3202247e-03   7.1363449e-05  -5.3337757e-04
  -3.2703780e-03  -3.5582006e-02   1.4081744e-01  -2.4794532e-03  -8.4366322e-04   2.8498108e-05
  -1.2025744e-02  -1.7583240e-02   3.2514707e-01  -2.3273011e-03  -4.1510749e-04  -2.5510084e-04
  -4.2338621e-02  -1.8330024e-02   2.7069759e-01  -3.1323469e-03  -6.7309097e-04  -5.4458065e-04
  -3.3843232e-02  -5.7996593e-02   6.4554247e-02  -3.0367277e-03  -1.0813515e-03   2.6773622e-04
  -2.1234592e-02  -3.1832083e-04   4.3672088e-01  -2.2795787e-03   2.7222438e-04  -8.5524365e-04
  -4.0377417e-02  -6.3632796e-02   1.0835083e-01  -2.4808036e-03  -8.4851110e-04   1.3315237e-05
  -2.6922211e-02  -1.9010864e-02   5.3462806e-01  -3.5768321e-03   1.5785988e-04  -8.5863796e-04
  -3.6164676e-03  -2.9569324e-02   1.9257071e-01  -1.6633270e-03  -6.6099982e-04  -2.6675176e-04
  -2.4794173e-02  -5.6809767e-02   3.6050149e-01  -3.0691346e-03  -3.1347345e-04  -5.4469244e-04
  -2.8232648e-02  -5.0035502e-02   1.5655251e-01  -3.1739904e-03  -1.0238629e-03   6.7499813e-05
  -1.5002702e-02   4.9685512e-02   4.3554492e-01  -1.5319852e-03  -2.5655688e-04  -7.1763040e-04
  -4.7356355e-02  -7.0677998e-02   2.4090208e-01  -3.4160033e-03  -8.0363741e-04  -3.6924985e-04
  -4.1705560e-02  -2.7005514e-02   2.6179070e-01  -2.2017297e-03  -9.2828900e-04  -5.8815247e-04
  -2.6993182e-02  -4.5275152e-02   2.1733421e-01  -2.3236929e-03  -8.8854639e-04  -1.4489811e-04
  -1.2778209e-02  -3.9604797e-03   3.7014253e-01  -2.2041367e-03  -4.6821875e-04  -2.9514756e-04
  -3.4526965e-02  -5.6094607e-02   2.3061811e-01  -3.3237480e-03  -8.6773167e-04  -1.2536538e-04
  -5.8339197e-02  -4.5110927e-02   2.2356966e-01  -2.8591347e-03  -1.5744900e-03  -5.9928450e-04
  -6.6405911e-02   5.4539495e-02   4.6897759e-01  -1.3638230e-03  -1.4946867e-03  -1.1512573e-03
  -4.5976557e-02  -9.7181803e-02   2.4228816e-01  -3.6954607e-03  -1.6547683e-03   3.6782182e-05
  -3.4156473e-02  -7.1667678e-03   3.1907326e-01  -2.4790424e-03  -1.6262575e-03  -4.7369625e-04
  -2.4845583e-02  -1.8228179e-02   3.5433979e-01  -2.3525874e-03  -1.5622427e-03  -1.5460557e-04
  -3.6198670e-02  -6.6206151e-02   3.8789679e-01  -4.5540262e-03  -1.4596493e-03  -5.8437240e-04
   4.7913351e-04  -1.7393015e-03   2.8742301e-01  -2.3828094e-03  -1.3717537e-03  -4.8886068e-04
  -3.0233516e-02  -1.6645793e-02   4.2715138e-01  -2.4145407e-03  -1.4257098e-03  -4.6124636e-04
  -2.9630858e-02  -7.2356445e-02   1.9217620e-01  -3.6856092e-03  -1.6885794e-03   2.5934772e-05
  -9.3351173e-03   2.0642398e-02   3.5359562e-01  -1.6420968e-03  -1.3937661e-03  -3.5398749e-04
  -2.0137418e-02  -1.2535055e-03   3.7344617e-01  -1.5573202e-03  -1.4284093e-03  -1.3566162e-04
  -3.0297450e-02  -6.8758981e-02   1.9401204e-01  -3.4135716e-03  -1.6463120e-03   8.2372929e-05
  -5.8509171e-03   1.2402602e-02   3.4012670e-01  -1.8524251e-03  -1.3834256e-03  -2.6346669e-04
  -8.9441501e-03   6.0299658e-02   5.0073986e-01  -1.0198105e-03  -1.3159385e-03  -3.6655524e-04
  -2.0105296e-02  -2.8265124e-03   3.4221285e-01  -2.1822885e-03  -1.5174521e-03  -1.5412233e-04
  -1.7023466e-02  -1.7664197e-02   3.7759193e-01  -3.3346451e-03  -1.3155155e-03  -2.3291792e-04
  -1.2158667e-03   2.6015800e-02   4.0777780e-01  -1.4564226e-03  -1.1723516e-03  -4.2315010e-04
  -8.7236973e-03  -2.3578339e-02   4.8949976e-01  -2.4745670e-03  -8.2409361e-04  -4.9662666e-04
  -1.1036739e-02  -6.3375068e-02   2.7538054e-01  -3.0858143e-03  -1.2764611e-03  -1.8572616e-04
   3.4048936e-03   1.6278372e-02   4.2861251e-01  -1.8476328e-03  -1.1583149e-03  -3.1803575e-04
  -3.1845808e-03  -4.5892267e-02   4.4909402e-01  -3.6241428e-03  -1.0252147e-03  -4.2754532e-04
  -3.3842235e-03   2.6060072e-02   3.8267526e-01  -1.2948333e-03  -1.2714303e-03  -4.2961369e-04
  -1.8347721e-02   1.2380522e-03   4.4961745e-01  -2.6367415e-03  -1.2338899e-03  -6.8819849e-04
  -3.1718159e-02   6.6028666e-02   3.5110889e-01  -1.7438979e-03  -1.9624573e-03  -3.9088028e-04
  -5.8938970e-02   8.3590431e-02   5.1056108e-01  -1.2230877e-03  -2.1178284e-03  -6.4671879e-04
  -5.9408049e-02  -7.5384403e-03   3.8565850e-01  -3.1375435e-03  -1.8368499e-03  -4.4627284e-04
  -4.1904770e-02  -1.2678311e-01   5.3354509e-01  -5.2688690e-03  -2.2400284e-03  -7.7982417e-05
  -5.1020332e-02   1.1024920e-01   1.4007186e+00  -1.9483370e-03  -1.1972122e-03   4.4384891e-04
  -3.0419709e-02   3.8708493e-02   1.0798200e+00  -2.1669965e-03  -1.5891620e-03   2.2256071e-04
  -1.6226562e-02   1.4303240e-01   1.2884981e+00  -1.3940808e-03  -1.2697468e-03   2.7271954e-04
  -2.2284274e-02   4.7524288e-02   1.1403011e+00  -3.0101381e-03  -1.4661415e-03   3.7410862e-04
  -1.6275244e-02   8.3606977e-02   1.1522333e+00  -1.8788569e-03  -1.4059503e-03   2.3791458e-04
  -1.2081375e-02   1.0092379e-01   1.2252548e+00  -1.2421555e-03  -1.3708115e-03   2.5215690e-04
  -2.6100514e-02   7.0395471e-02   1.2837880e+00  -2.3936492e-03  -1.1687648e-03  -1.1498930e-04
  -1.6646073e-02   7.2797650e-02   1.0940477e+00  -2.3079902e-03  -1.3814145e-03   1.2038418e-04
  -1.8948721e-02   1.6820684e-01   1.3832404e+00  -1.3016493e-03  -1.2493266e-03  -4.4310710e-04
  -2.7567428e-02   4.1764709e-02   1.1202935e+00  -2.6722448e-03  -1.5432132e-03  -7.4763574e-05
  -1.6042952e-02   1.5233677e-01   1.2873174e+00  -1.1154786e-03  -1.3889152e-03  -2.3307791e-04
  -2.1195239e-02   3.1082107e-02   1.1563375e+00  -3.2453046e-03  -1.2969900e-03  -1.9169615e-04
  -3.5335045e-02   1.0932377e-01   1.1253183e+00  -1.3525239e-03  -1.4652240e-03  -6.4821655e-04
  -4.1519024e-02   4.2078211e-02   1.2181396e+00  -3.2346366e-03  -1.1908399e-03  -6.1679117e-04
  -2.7804728e-02   7.9107398e-02   1.0125974e+00  -2.0758410e-03  -1.4502026e-03  -1.9010695e-04
  -4.1640162e-02   1.2842919e-01   1.3203112e+00  -2.1224134e-03  -1.1463059e-03  -7.8182920e-04
  -5.4729921e-02   6.3943946e-02   9.7009493e-01  -2.5734848e-03  -1.6629013e-03  -2.3570026e-04
  -3.3848811e-02   1.7138712e-01   1.2417707e+00  -1.2817695e-03  -1.3785352e-03  -3.2462521e-04
  -3.9692369e-02   2.6324000e-02   1.0438647e+00  -3.5058232e-03  -1.5697155e-03  -1.3330589e-04
  -2.8242726e-02   1.1597958e-01   1.0651489e+00  -1.4323932e-03  -1.4298887e-03  -4.4642308e-04
  -4.5407198e-02   1.0452283e-01   1.0866250e+00  -1.6773819e-03  -1.4929232e-03  -8.2946339e-04
  -4.2086628e-02   5.6925086e-02   9.5142874e-01  -2.5379726e-03  -1.7604227e-03  -4.1497822e-04
  -2.3741457e-02   1.5847817e-01   1.1277150e+00  -1.0038222e-03  -1.6081596e-03  -8.5328800e-04
  -3.6187055e-02   1.3535820e-01   1.2160533e+00  -1.3702816e-03  -1.6425218e-03  -9.4303093e-04
  -3.5668872e-02   8.2685565e-02   9.4172943e-01  -2.0454105e-03  -1.9690500e-03  -5.5678257e-04
  -4.1020684e-02   1.9331105e-01   1.2277156e+00  -3.5495027e-04  -1.8736942e-03  -1.3229661e-03
  -6.5003290e-02   6.7822849e-02   1.0518094e+00  -2.6798667e-03  -1.9785503e-03  -1.4165466e-03
  -6.1972945e-02   1.6349793e-01   1.0996253e+00  -8.4766052e-04  -2.1434098e-03  -1.3028704e-03
  -7.0302141e-02   1.9837794e-01   1.3172063e+00  -5.1090812e-04  -2.0271528e-03  -1.7756496e-03
  -7.9052712e-02   7.1348782e-02   1.0264103e+00  -1.9867012e-03  -1.9916880e-03  -1.0476643e-03
  -3.4596143e-02   2.6440505e-01   1.4927735e+00   4.4476674e-04  -2.3052446e-04  -1.9311564e-03
   3.4957201e-02   2.6644516e-01   1.0116130e+00   5.5501850e-03  -7.0092059e-04  -7.4510785e-04
   1.2175921e-02   2.0717822e-01   1.0880692e+00   2.6144607e-03  -7.4866176e-04  -2.6953856e-04
   1.8813275e-02   2.4149063e-01   1.3454402e+00   9.5557133e-04  -2.6428766e-04  -8.5507137e-04
   6.0133466e-02   2.5786320e-01   1.1677387e+00   3.2027061e-03  -3.7731608e-04  -4.0684695e-04
   5.3585531e-02   2.3959655e-01   1.4347340e+00   2.4924575e-03   7.4023253e-05  -1.1141118e-03
   3.8106375e-02   2.4876919e-01   1.1979672e+00   2.9488776e-03  -6.9381678e-04  -5.5367498e-04
   4.0241159e-02   3.0382777e-01   1.2936982e+00   3.6696044e-03  -4.2025838e-04  -1.1246440e-03
   2.3154587e-02   3.2001081e-01   1.3505528e+00   3.7464589e-03  -5.7291350e-04  -1.0774468e-03
   2.0215594e-02   2.5363190e-01   1.2894556e+00   2.4826121e-03  -9.9408041e-04  -8.9427743e-04
   3.9555238e-02   2.9697599e-01   1.4124632e+00   3.8328351e-03  -7.1117988e-04  -1.1619386e-03
   3.5564930e-02   2.3406945e-01   1.2891106e+00   3.1875582e-03  -9.2783548e-04  -8.7949268e-04
   3.8403216e-02   2.5035127e-01   1.3387940e+00   3.3035293e-03  -8.0471943e-04  -1.0336040e-03
   1.5808135e-02   3.1390014e-01   1.4557075e+00   4.2755411e-03  -8.7987135e-04  -1.4682572e-03
   9.7299213e-03   3.2718858e-01   1.4523851e+00   3.7625594e-03  -9.5033583e-04  -1.6584880e-03
  -7.5758207e-03   2.3508942e-01   1.3651240e+00   2.2475403e-03  -6.3247742e-04  -2.0374088e-03
   1.1843964e-02   2.6177085e-01   1.3169371e+00   3.3421629e-03  -7.2424985e-04  -1.4533584e-03
   3.9871776e-02   3.2696656e-01   1.5278703e+00   4.6729112e-03  -1.2886004e-04  -1.8199089e-03
   1.4330893e-02   2.4778929e-01   1.4889309e+00   2.7465156e-03  -2.5360358e-05  -1.9124761e-03
   4.0694648e-02   2.9460063e-01   1.3433049e+00   3.9158636e-03  -3.0510360e-04  -1.4145348e-03
   5.0386711e-02   3.5523495e-01   1.4968595e+00   5.0219559e-03  -1.9550524e-04  -1.4797313e-03
   2.6498081e-02   3.0739100e-01   1.5082627e+00   3.7956165e-03  -1.1260131e-04  -1.9573379e-03
  -7.7130529e-05   2.9099851e-01   1.3444437e+00   3.7212113e-03  -3.3515949e-04  -2.1892195e-03
   7.6451568e-02   4.0300056e-01   1.6233470e+00   5.6591203e-03   6.8362682e-04  -1.7187672e-03
   5.0039408e-02   2.5775546e-01   1.3734715e+00   3.1566165e-03   5.8778801e-04  -1.4408011e-03
   3.9607026e-02   3.2120452e-01   1.3450116e+00   4.3532038e-03   3.6144906e-04  -1.6240529e-03
   6.5340165e-02   3.9291144e-01   1.5567389e+00   5.6743891e-03   7.8135919e-04  -1.8207448e-03
   3.3640153e-02   2.7584761e-01   1.3474290e+00   3.5366430e-03   3.1193970e-04  -1.4290409e-03
   5.2601480e-02   3.4496977e-01   1.4258402e+00   4.9935167e-03   2.8126954e-04  -1.5658986e-03
   6.2022235e-02   3.9135381e-01   1.5548830e+00   5.9246767e-03   5.3102102e-04  -1.6584513e-03
   5.2443802e-02   2.8480699e-01   1.3673251e+00   3.7552461e-03   2.1564117e-04  -1.5910856e-03
   6.0502103e-02   3.8017705e-01   1.5188191e+00   5.5420523e-03   2.0371529e-04  -1.7696120e-03
   6.2712255e-02   3.1359505e-01   1.5130752e+00   4.1433555e-03   3.4528026e-04  -1.8056388e-03
   6.5784069e-02   3.4936443e-01   1.4326048e+00   4.8930866e-03   3.0621184e-05  -1.7920782e-03
   6.0779244e-02   4.0755932e-01   1.5429158e+00   5.9527944e-03  -1.0450916e-04  -2.1863994e-03
   5.3549837e-02   4.0940265e-01   1.6337011e+00   5.6911961e-03   2.8869315e-05  -2.6127720e-03
  -5.7406463e-02   3.2482193e-01   1.2589793e+00   4.9521044e-03  -1.5409120e-03  -2.0719657e-03
  -1.4277856e-02   4.0112146e-01   1.3659719e+00   7.0528962e-03  -1.0476636e-03  -2.5280489e-03
   2.3031390e-02   4.2355350e-01   1.4766910e+00   7.1942737e-03  -5.0432088e-04  -2.4114689e-03
   2.6246579e-02   4.4617104e-01   1.5576569e+00   6.8936302e-03  -4.2832235e-04  -2.4961531e-03
  -2.4253574e-02   4.3639159e-01   1.4702172e+00   5.9255126e-03  -1.1230809e-03  -3.0798965e-03
  -5.2454323e-04   4.3852820e-01   1.4108086e+00   6.4668856e-03  -1.0282412e-03  -2.5155391e-03
   2.8458721e-02   4.5769629e-01   1.5311601e+00   7.9574242e-03  -7.9219751e-04  -2.2283954e-03
   3.2393984e-02   3.8618527e-01   1.5425083e+00   5.7404733e-03  -4.7997457e-04  -2.1106947e-03
  -2.0698545e-02   4.7627962e-01   1.4403094e+00   7.0574659e-03  -1.4564324e-03  -2.8058688e-03
  -2.9648819e-02   5.4381560e-01   1.5961394e+00   8.3797433e-03  -1.6637625e-03  -3.2869335e-03
  -3.1873474e-02   4.8216444e-01   1.0649656e+00   9.4875336e-03  -1.5093226e-03  -2.2893783e-03
   5.6574212e-03   4.2598298e-01   1.2820490e+00   6.1693525e-03  -7.6478720e-04  -2.1343380e-03
   3.5631665e-02   4.7659127e-01   1.4961356e+00   7.6437499e-03  -1.5852866e-04  -2.1808383e-03
   3.1993466e-02   4.3065203e-01   1.3480646e+00   7.7293694e-03  -7.8125883e-04  -1.8702425e-03
   2.3994749e-02   4.7477487e-01   1.3793370e+00   7.8640541e-03  -1.0943402e-04  -2.0813227e-03
   6.3563510e-02   5.2149268e-01   1.4999646e+00   8.7826014e-03   3.6934349e-04  -2.0532348e-03
   3.7731978e-02   4.2134855e-01   1.4852960e+00   6.5088111e-03   3.0081631e-04  -2.0638501e-03
   3.0913242e-02   4.1835590e-01   1.1976219e+00   7.3419098e-03  -1.1958108e-05  -2.0084972e-03
   6.5361865e-02   5.1696947e-01   1.5140175e+00   8.9126151e-03   3.5764283e-04  -1.9682829e-03
   5.3969888e-02   3.9818724e-01   1.2884136e+00   6.7705327e-03   4.8781687e-04  -1.7852740e-03
   7.4550861e-02   5.3091273e-01   1.4218935e+00   8.8767541e-03   5.6184092e-04  -2.0456934e-03
   7.1149857e-02   4.9950717e-01   1.5558149e+00   7.9889837e-03   5.1836347e-04  -2.1200305e-03
   5.3490916e-02   4.5591762e-01   1.2065706e+00   7.7143401e-03   1.5007540e-04  -1.5955554e-03
   9.4152503e-02   5.3298880e-01   1.4928572e+00   8.7841941e-03   8.7081214e-04  -1.9210529e-03
   7.9538026e-02   4.6574384e-01   1.5155586e+00   7.4617356e-03   8.7999321e-04  -2.2905369e-03
   5.1271856e-02   4.2230303e-01   1.1764691e+00   6.8797068e-03   1.9500556e-04  -1.9733661e-03
   8.7506754e-02   5.7922566e-01   1.5341524e+00   9.2872024e-03   7.2284845e-04  -2.4276883e-03
   3.9340913e-02   4.1434248e-01   1.2754765e+00   6.4081887e-03   4.3485975e-04  -2.0414180e-03
   5.7668936e-02   5.0470503e-01   1.4159890e+00   8.5898956e-03   3.6047095e-04  -2.4308141e-03
   6.1521569e-02   4.9596288e-01   1.4920591e+00   8.7166828e-03   4.1036083e-04  -2.1285304e-03
   4.3868726e-02   4.3773793e-01   1.3560175e+00   7.0830428e-03   2.8949500e-04  -2.2997460e-03
   7.0992405e-02   4.9801913e-01   1.3481962e+00   9.7161198e-03   4.5903046e-04  -2.6639368e-03
   5.8976459e-02   5.1234437e-01   1.2147314e+00   1.1309798e-02   3.3855176e-04  -2.3117819e-03
   4.9794943e-02   5.2134362e-01   1.0856208e+00   1.0177023e-02   3.0113870e-04  -2.0273807e-03
   5.0535192e-02   4.7188009e-01   1.0452613e+00   8.6701220e-03   3.7290933e-04  -1.9374517e-03
   7.0172076e-02   5.3878610e-01   1.1900041e+00   1.0469010e-02   5.4716548e-04  -2.0278169e-03
   7.1433104e-02   5.9474814e-01   1.1677537e+00   1.1827627e-02   5.9560211e-04  -2.1664108e-03
   3.5677537e-02   4.0610826e-01   1.0412127e+00   7.4440499e-03   1.3358172e-04  -2.2904220e-03
   9.4620783e-02   4.9614069e-01   1.1763457e+00   9.4230808e-03   6.0958337e-04  -2.1014278e-03
   8.6472017e-02   5.0200911e-01   1.2705369e+00   9.9197800e-03   8.5267714e-04  -2.2449649e-03
   3.8458893e-02   3.8615707e-01   9.1981878e-01   7.5236168e-03   3.1676449e-04  -1.9882190e-03
   9.0523794e-02   5.7793290e-01   1.2778229e+00   1.0516907e-02   9.0448717e-04  -2.4963643e-03
   4.0505925e-02   4.3183058e-01   9.5231905e-01   8.3529758e-03   4.9299861e-04  -2.0575018e-03
   6.2278266e-02   5.1349311e-01   1.1002894e+00   9.6258684e-03   5.5745257e-04  -2.0630486e-03
   6.9635921e-02   4.5373622e-01   1.1604392e+00   8.8559785e-03   9.9536923e-04  -2.1972054e-03
   8.4637955e-02   4.9222627e-01   1.0796334e+00   9.8061299e-03   8.3862045e-04  -2.0171340e-03
   6.6495943e-02   5.1458214e-01   1.2237344e+00   1.0017349e-02   9.2480101e-04  -2.2570522e-03
   7.6177887e-02   4.6672520e-01   1.0205413e+00   9.1410290e-03   9.2664426e-04  -1.9040417e-03
   8.1456881e-02   5.4851795e-01   1.1762601e+00   1.0654454e-02   9.4146611e-04  -2.1256629e-03
   6.3512720e-02   4.2144580e-01   1.2613183e+00   7.3248574e-03   1.0407526e-03  -2.0881016e-03
   8.1955080e-02   4.8185494e-01   1.3897084e+00   8.0638745e-03   1.3445949e-03  -1.8416318e-03
   1.1224854e-01   5.2292956e-01   1.6344148e+00   9.0124860e-03   1.7953260e-03  -1.9780779e-03
   9.3327240e-02   4.0982580e-01   1.5131409e+00   6.9301599e-03   1.7202330e-03  -1.9498677e-03
   1.0904700e-01   4.6508611e-01   1.4277577e+00   8.4008109e-03   1.5945883e-03  -1.8505089e-03
   1.1563097e-01   5.3484352e-01   1.7299325e+00   9.1104800e-03   1.8456327e-03  -1.8791172e-03
   1.0766370e-01   4.2448568e-01   1.3503076e+00   7.4958384e-03   1.7022164e-03  -1.6805050e-03
   1.3545160e-01   5.6234288e-01   1.6008392e+00   9.8298853e-03   2.0177484e-03  -1.9591747e-03
   1.0640987e-01   4.7309648e-01   1.6101260e+00   7.5709545e-03   1.7883294e-03  -2.3316388e-03
   9.1292736e-02   5.3015358e-01   1.4712373e+00   9.1557615e-03   1.3730486e-03  -2.3843552e-03
   1.1000310e-01   5.5387575e-01   1.5482668e+00   9.5486870e-03   1.5120492e-03  -1.9605533e-03
   8.9024690e-02   4.6778004e-01   1.7766042e+00   7.2277101e-03   1.8720289e-03  -2.7648923e-03
   1.2590978e-01   4.9597684e-01   1.4287867e+00   8.7920392e-03   1.5500543e-03  -1.8491041e-03
   1.1954169e-01   5.6623992e-01   1.7305908e+00   9.2263323e-03   1.7784090e-03  -2.0261842e-03
   1.2472056e-01   4.6353819e-01   1.4595665e+00   7.8036705e-03   1.6783211e-03  -1.6477553e-03
   1.3849446e-01   5.6732592e-01   1.6832908e+00   9.7592248e-03   1.6928152e-03  -1.8586112e-03
   1.2492612e-01   5.0577072e-01   1.7572891e+00   8.7044595e-03   1.8733802e-03  -2.4435899e-03
   1.2290278e-01   5.1400699e-01   1.5633588e+00   9.3334590e-03   1.5258466e-03  -2.0155486e-03
   1.1719861e-01   6.2585214e-01   1.8482041e+00   1.0490949e-02   1.6995033e-03  -2.6052498e-03
   1.2299899e-01   5.0874347e-01   1.6308840e+00   8.8721522e-03   1.6991422e-03  -2.3368879e-03
   1.2427729e-01   6.0734435e-01   1.7920894e+00   1.0200334e-02   1.6508611e-03  -2.6005650e-03
   1.1789542e-01   5.0006259e-01   1.6634391e+00   8.7198762e-03   1.5828649e-03  -2.3808351e-03
   1.1635721e-01   6.2032979e-01   1.7716267e+00   1.0793071e-02   1.4095697e-03  -2.5916380e-03
   1.1366573e-01   5.7992031e-01   1.8058133e+00   9.1403048e-03   1.4914005e-03  -2.7517419e-03
   1.2939473e-01   5.3883132e-01   1.5864979e+00   9.4636335e-03   1.6426365e-03  -2.4034377e-03
   1.2778755e-01   6.0134815e-01   1.7896482e+00   1.0346815e-02   1.5297447e-03  -2.1190320e-03
   1.1061464e-01   5.1474176e-01   1.7010619e+00   8.3114602e-03   1.5907453e-03  -2.1657206e-03
   1.3892048e-01   5.9138344e-01   1.7305355e+00   1.0278934e-02   1.5742576e-03  -2.1448760e-03
   1.3572007e-01   5.0067300e-01   1.6784939e+00   8.8138774e-03   1.8063945e-03  -2.1038835e-03
   1.5719843e-01   5.8863766e-01   1.7097755e+00   1.0400838e-02   1.9119232e-03  -2.0234887e-03
   1.3942505e-01   5.9009587e-01   1.8699413e+00   9.8904235e-03   1.9432484e-03  -2.2808248e-03
   1.4105204e-01   5.2582151e-01   1.5541935e+00   9.2891363e-03   1.6559609e-03  -1.7936910e-03
   1.5532474e-01   6.3326754e-01   1.8316947e+00   1.0930047e-02   1.9532120e-03  -2.1939954e-03
   1.3830761e-01   5.0944723e-01   1.6182295e+00   8.8734110e-03   1.7097381e-03  -1.9166844e-03
   1.5272379e-01   6.4886052e-01   1.8388109e+00   1.0903637e-02   1.7801518e-03  -2.3932244e-03
   1.2448695e-01   5.1994124e-01   1.7716567e+00   8.9209409e-03   1.7039118e-03  -2.3357700e-03
   1.3569681e-01   6.0196040e-01   1.7136234e+00   1.0325095e-02   1.7235669e-03  -2.0775483e-03
   1.3342090e-01   5.6327675e-01   1.8265091e+00   9.2363872e-03   2.0253199e-03  -2.2643988e-03
   1.4051346e-01   5.6833042e-01   1.6640270e+00   1.0084573e-02   1.8221597e-03  -1.9411181e-03
   1.3257427e-01   6.3145560e-01   1.9345762e+00   1.0149796e-02   1.9429568e-03  -2.4908804e-03
   1.5588504e-01   5.3846773e-01   1.6844499e+00   9.6113110e-03   1.8068764e-03  -1.9513352e-03
   1.5644547e-01   6.2177015e-01   1.8271784e+00   1.0584032e-02   1.9723100e-03  -2.1494304e-03
   1.4120699e-01   5.2305342e-01   1.7331576e+00   8.8828511e-03   1.8350408e-03  -2.1143173e-03
   1.5130195e-01   6.3604417e-01   1.8352833e+00   1.0973662e-02   1.8092995e-03  -2.1995050e-03
   1.3413324e-01   5.6799768e-01   1.8399876e+00   9.6306777e-03   1.8376426e-03  -2.9469328e-03
  -3.4497140e-02   3.3439246e-01   1.9269213e+00   3.5428595e-03  -1.1085609e-03  -5.1563318e-03
   1.5435055e-01   5.2393105e-01   2.0920306e+00   8.0111980e-03   2.1220006e-03  -3.7672996e-03
   1.7280610e-01   5.8788125e-01   2.0801661e+00   1.0299703e-02   2.4367006e-03  -2.4750094e-03
   1.7523690e-01   5.5007507e-01   1.9069494e+00   1.0837750e-02   2.4563630e-03  -2.5313901e-03
   2.0533666e-01   6.5986700e-01   1.6709352e+00   1.6731739e-02   2.3122270e-03  -1.4795182e-03
   2.1703486e-01   6.1601779e-01   1.9105269e+00   1.0004310e-02   3.4633891e-03  -2.0319219e-03
   2.2400080e-01   5.3554731e-01   1.8242450e+00   8.8805998e-03   3.5025689e-03  -1.7439986e-03
   2.5396442e-01   6.6367662e-01   2.0773747e+00   1.0940654e-02   3.5654246e-03  -2.0036699e-03
   2.2450846e-01   4.9437239e-01   2.1093824e+00   8.4913546e-03   3.2918534e-03  -2.1746394e-03
   2.6678263e-01   5.7677685e-01   1.9584688e+00   1.0360498e-02   3.5830620e-03  -1.8747283e-03
