   0.0000000e+00  -8.9090941e-15   0.0000000e+00   6.1629758e-33  -4.2764235e-50  -5.2041704e-18
   4.0712014e-03   9.4962398e-02  -5.2348514e-02  -3.3331880e-03   7.0240631e-04   9.2446852e-04
   5.6877075e-02   1.5310057e-01   1.1039843e-01  -4.1921053e-03  -4.2400085e-04   2.1647063e-04
   7.1773385e-03   1.3971957e-01   1.0220975e-01  -5.3514283e-03  -1.0212010e-04   3.0238253e-04
   6.4745732e-02   1.7379696e-01   2.3757852e-01  -5.4301445e-03   7.3897316e-04   3.9753849e-04
   6.5633341e-02   1.0507682e-01   1.5719118e-01  -5.8127740e-03  -8.5676862e-05   2.0137022e-04
   8.1218238e-02   1.7867750e-01   2.0685065e-01  -7.8511136e-03   6.5431950e-04   1.8861935e-04
   1.0959315e-01   1.6847649e-01   2.4953496e-01  -6.7935863e-03   5.9153259e-04   5.0483875e-04
   1.1587372e-01   1.3864470e-01   2.1438225e-01  -7.9917273e-03   1.0421197e-03   6.1071734e-04
   1.1900656e-01   1.8756588e-01   2.9149762e-01  -7.1009840e-03   1.4279840e-03   5.6020534e-04
   1.4024324e-01   1.6147091e-01   3.0181778e-01  -7.4142550e-03   1.4816858e-03   6.9128029e-05
   1.3603842e-01   1.0780834e-01   2.3277182e-01  -7.1710690e-03   1.0229847e-03   3.5463953e-04
   1.2921618e-01   2.0746418e-01   3.0345266e-01  -6.9683676e-03   9.4665193e-04   5.4755101e-04
   1.4467493e-01   1.2246698e-01   3.5677108e-01  -6.6585194e-03   2.2833254e-03   9.0502693e-04
   1.2085115e-01   1.4154415e-01   3.3496480e-01  -8.1200745e-03   1.5262850e-03   1.9396724e-03
   1.2948241e-01   1.6868912e-01   3.3824972e-01  -7.5091782e-03   1.5536162e-03   2.0057953e-03
   1.3886995e-01   1.6602917e-01   3.8388359e-01  -8.7482048e-03   2.4656326e-03   1.8359139e-03
   1.1475891e-01   1.4974241e-01   3.6882672e-01  -7.7701376e-03   1.9193946e-03   1.9764135e-03
   1.1233504e-01   1.6515613e-01   3.5049167e-01  -8.1033478e-03   2.0366559e-03   2.1408403e-03
   9.4704916e-02   2.4455636e-01   4.0871683e-01  -7.7772549e-03   1.9952213e-03   1.8296316e-03
   1.1200793e-01   1.1932923e-01   3.6988964e-01  -7.7560835e-03   2.0983161e-03   2.0099660e-03
   1.1750005e-01   1.6293732e-01   3.5113446e-01  -8.4087601e-03   1.9632770e-03   1.9262132e-03
   1.1503526e-01   1.6360749e-01   3.2517177e-01  -7.5581565e-03   1.5573004e-03   1.8652223e-03
   1.1028683e-01   2.0539698e-01   3.9049065e-01  -8.3212897e-03   1.7908016e-03   1.6482640e-03
   1.1207747e-01   1.2884375e-01   3.4167771e-01  -7.7731363e-03   1.7244035e-03   2.0346110e-03
   1.1732945e-01   1.4784826e-01   3.5763842e-01  -8.3533903e-03   1.7181901e-03   1.9094704e-03
   1.2490325e-01   1.7471603e-01   3.3765909e-01  -7.7166943e-03   1.6030993e-03   1.8594371e-03
   1.4690980e-01   1.7319796e-01   3.2370712e-01  -8.8695869e-03   2.2047974e-03   1.6127022e-03
   1.2261347e-01   1.6696275e-01   3.4162759e-01  -7.3166911e-03   1.7391292e-03   1.6597865e-03
   1.3266322e-01   2.0228216e-01   3.3745964e-01  -8.3431894e-03   1.9683444e-03   1.4626070e-03
   1.2100031e-01   1.6984617e-01   2.8561052e-01  -7.2029894e-03   1.7731409e-03   1.6582740e-03
   1.1876770e-01   1.5025687e-01   2.6515971e-01  -7.6909746e-03   1.5184150e-03   1.8872200e-03
   1.1583938e-01   2.2317984e-01   3.2403733e-01  -7.1877428e-03   1.5919250e-03   1.8374471e-03
   1.1196714e-01   1.5520717e-01   2.4027958e-01  -8.1145859e-03   2.0459874e-03   2.0201692e-03
   1.1780460e-01   2.1388479e-01   4.2854304e-01  -7.0829825e-03   2.1806033e-03   1.5857281e-03
   9.3024892e-02   1.5328181e-01   2.5115394e-01  -7.9519038e-03   1.9728162e-03   1.8453504e-03
   8.8428484e-02   2.0468228e-01   3.0338990e-01  -7.2141381e-03   1.8055479e-03   2.0968696e-03
   1.0575540e-01   1.9828804e-01   3.0223927e-01  -7.7836893e-03   2.0241460e-03   2.0709713e-03
   8.5336074e-02   1.5397590e-01   2.4800017e-01  -7.0639089e-03   1.7636528e-03   2.3399043e-03
   9.2237047e-02   2.3945043e-01   3.3841845e-01  -7.7049139e-03   2.3197862e-03   1.9702109e-03
   1.0717413e-01   1.0653701e-01   2.5533911e-01  -7.0757713e-03   1.9604946e-03   2.0325063e-03
   1.0288381e-01   2.6171921e-01   3.2632648e-01  -8.0037128e-03   2.4096832e-03   1.6514140e-03
   7.4915845e-02   9.4599629e-02   1.7914253e-01  -4.7247484e-03   2.1789389e-03   7.2787221e-04
   3.9970952e-02   1.3742421e-01   2.6532815e-01  -7.5030004e-03   2.1670458e-03   1.0948249e-03
   5.7617951e-02   2.1517385e-01   3.8694050e-01  -7.9501292e-03   2.3403153e-03   1.4013317e-03
   4.0901997e-02   1.2935661e-01   2.7003672e-01  -6.8707625e-03   1.9008457e-03   1.7268849e-03
   5.6892213e-02   2.6089554e-01   3.5719028e-01  -7.3554890e-03   2.4315003e-03   1.5549027e-03
   3.2457084e-02   1.3335074e-01   3.0484048e-01  -7.7211064e-03   1.7893809e-03   1.9855589e-03
   4.1714461e-02   2.2657781e-01   3.4643184e-01  -7.0467488e-03   1.7213459e-03   1.5198896e-03
   3.8448493e-02   1.6763753e-01   2.9826737e-01  -7.9264558e-03   1.8287594e-03   1.6892233e-03
   5.1881234e-02   2.0177142e-01   3.0729710e-01  -7.0342817e-03   1.7804964e-03   1.6322160e-03
   6.4965910e-02   2.0137752e-01   3.2409862e-01  -7.7986834e-03   2.1512107e-03   1.4457750e-03
   6.2424253e-02   1.6069992e-01   2.3971994e-01  -6.4602118e-03   2.1329198e-03   1.3979792e-03
   5.3880627e-02   3.0624583e-01   3.6341263e-01  -7.8780473e-03   3.0297471e-03   1.2571140e-03
   4.8539298e-02   1.0195680e-01   3.0039188e-01  -7.0579371e-03   2.0335509e-03   1.8476906e-03
   3.9550788e-02   2.7782675e-01   3.6216351e-01  -7.0454938e-03   2.2135029e-03   1.5018660e-03
   2.4796967e-02   1.1120110e-01   2.4777922e-01  -6.0047653e-03   2.1987188e-03   1.7495846e-03
   2.7286247e-02   2.7322366e-01   3.8864884e-01  -6.5337944e-03   2.6759468e-03   1.2325006e-03
   3.6121148e-04   1.5418087e-01   2.8892842e-01  -4.8211551e-03   2.3893650e-03   2.0027419e-03
   2.2574868e-02   2.8116975e-01   3.2535787e-01  -5.7603528e-03   2.9729535e-03   1.4620482e-03
   3.3780665e-02   1.4564776e-01   2.4736721e-01  -5.4660652e-03   2.6741193e-03   1.5367795e-03
   2.7246972e-02   2.6697904e-01   3.3285115e-01  -5.9019136e-03   2.7356781e-03   1.2751960e-03
   2.9202360e-02   1.3632284e-01   2.4997246e-01  -5.9780523e-03   2.3991062e-03   1.5262840e-03
   3.1419280e-02   2.6989435e-01   3.1779581e-01  -5.2821290e-03   2.4656359e-03   1.1517828e-03
   4.2551793e-02   1.7435171e-01   2.6509464e-01  -5.7542101e-03   2.3930358e-03   1.3380298e-03
   3.4671862e-02   2.8031904e-01   3.4078963e-01  -5.2677899e-03   2.3287063e-03   1.0815789e-03
   5.4117860e-02   2.7886979e-01   4.1998449e-01  -6.1863405e-03   3.4326991e-03   4.7448820e-04
   3.3040137e-02   8.7312789e-03   2.8362991e-01  -5.5156257e-03   2.8467084e-03   1.6730850e-03
   4.7052788e-02   1.6200866e-01   3.5505191e-01  -6.0774979e-03   3.2151832e-03   1.7412203e-03
   4.2518484e-02   1.2351900e-01   3.0671336e-01  -5.9632599e-03   3.0026298e-03   1.8047568e-03
   4.0736848e-02   2.0924908e-01   3.5005637e-01  -5.7612051e-03   2.8200434e-03   1.4654718e-03
   4.3701184e-02   1.4920222e-01   3.1805266e-01  -6.2618045e-03   2.8192921e-03   1.6511045e-03
   4.6818315e-02   1.5230560e-01   2.9097037e-01  -5.2772529e-03   2.9151074e-03   1.3774138e-03
   4.5434406e-02   2.0787224e-01   3.5687415e-01  -6.1552628e-03   2.8893760e-03   1.1932584e-03
   5.3026782e-02   1.2700033e-01   2.6946330e-01  -5.4806535e-03   2.7764565e-03   1.3068378e-03
   5.4638931e-02   2.2618859e-01   3.2946262e-01  -5.6138383e-03   2.8977432e-03   8.6749270e-04
   5.4289637e-02   1.4675349e-01   2.6668228e-01  -5.6019244e-03   2.7389831e-03   1.2474131e-03
   4.3881210e-02   2.0493691e-01   2.7930620e-01  -3.8219750e-03   2.0567369e-03   1.1501929e-03
   4.9722005e-02   1.2783755e-01   2.6403051e-01  -4.8598266e-03   2.0479110e-03   1.0443931e-03
   3.2285171e-02   2.2002464e-01   3.0526054e-01  -4.5290931e-03   2.1821194e-03   9.6153938e-04
   2.3503134e-02   1.0868902e-01   2.4914760e-01  -4.7668322e-03   1.8303342e-03   1.1724513e-03
   3.1688333e-02   2.6803400e-01   3.5640828e-01  -4.1198908e-03   1.9814306e-03   6.9747718e-04
   4.6760628e-02   7.1988689e-02   2.6078636e-01  -3.3862288e-03   1.5491465e-03   1.1745602e-03
   4.2039684e-02   2.5274534e-01   3.4215278e-01  -4.2796978e-03   1.9274073e-03   7.8955162e-04
   3.0083082e-02   1.0294049e-01   2.2789422e-01  -4.0126391e-03   1.4729603e-03   9.7763054e-04
   2.6671404e-02   2.0455130e-01   2.5694108e-01  -5.3239371e-04   9.3373571e-04   2.1241583e-05
  -2.5116732e-02   1.6156272e-01  -1.9191882e-01  -1.7775723e-03   1.7472888e-03   5.9128505e-04
  -4.0707169e-02   1.8716994e-01   5.7911736e-02  -3.5105021e-03   1.8292407e-03   2.9668227e-04
  -2.3915362e-02   1.3963012e-01   1.7249308e-01  -2.9692487e-03   1.9999229e-03   3.0647778e-04
  -7.2838870e-02   2.1719739e-01   1.7558043e-01  -4.3615897e-03   2.5173239e-03  -4.6395533e-06
  -4.1690382e-02   1.0958460e-01   2.1214672e-01  -3.5837359e-03   2.3265346e-03   4.0596804e-04
  -3.3107235e-02   1.9866790e-01   2.2638073e-01  -3.0031414e-03   2.3401148e-03   2.7031114e-04
  -3.2066665e-02   1.5988353e-01   1.5741121e-01  -3.5519962e-03   2.0775785e-03   3.4903929e-04
  -3.7647555e-02   2.2738644e-01   2.0155672e-01  -2.5221167e-03   1.8634622e-03   5.8407484e-04
  -2.0269083e-02   2.1019426e-01   2.2690469e-01  -3.3320487e-03   2.0865134e-03   5.9349400e-04
  -1.5924720e-02   1.7224955e-01   2.0677763e-01  -2.6710071e-03   2.1468427e-03   6.6400973e-04
  -7.9953122e-03   2.3608810e-01   2.4415116e-01  -3.1215760e-03   2.2472572e-03   4.1642777e-04
  -2.2074313e-02   1.4459204e-01   1.4175821e-01  -2.6382306e-03   1.8682510e-03   9.2335501e-04
  -1.6151833e-02   2.8408956e-01   2.6115728e-01  -2.4118770e-03   1.9946232e-03   3.7904587e-04
  -1.3481963e-04   1.8178984e-01   2.1627376e-01  -3.2800533e-03   2.4021857e-03   4.1547088e-04
  -7.7360892e-03   1.4616465e-01   1.8993162e-01  -2.4064141e-03   2.3946248e-03   6.2489812e-04
  -6.2131677e-04   2.4058362e-01   2.2214045e-01  -3.0169090e-03   2.9208347e-03   1.9469036e-04
  -4.9250574e-03   1.5437991e-01   1.6181481e-01  -2.6980424e-03   2.7935750e-03   2.6368898e-04
   7.6056584e-03   2.9448075e-01   2.7002430e-01  -2.4575065e-03   3.2223211e-03  -2.9351208e-04
  -4.9314278e-02   8.4103522e-02   1.7248518e-01   1.1277909e-03   4.0304491e-03  -1.0401665e-03
  -6.1279694e-02   1.8018092e-01   2.2874996e-01  -2.6456691e-03   5.6914841e-03  -1.4868242e-04
  -2.2258145e-02   2.0513333e-01   2.7483980e-01  -1.6353459e-03   5.7337507e-03  -2.3547002e-04
  -1.6273274e-02   2.4024682e-01   2.9762349e-01  -2.3478040e-03   5.9158477e-03  -3.2455367e-04
  -4.2959098e-05   1.3397118e-01   2.6018706e-01  -2.6441957e-03   6.0832616e-03  -1.1908568e-04
   1.1662654e-02   2.3819855e-01   3.7454643e-01  -2.8732140e-03   6.0242067e-03  -2.2276958e-04
   1.7852387e-02   1.6562545e-01   3.0802118e-01  -3.2843804e-03   5.7407006e-03  -1.8532179e-04
   4.6491985e-03   2.1142033e-01   2.8185394e-01  -2.4635601e-03   4.9737603e-03  -5.2556954e-04
   1.4203853e-02   2.7152320e-01   3.5896751e-01  -2.6134159e-03   5.4841296e-03  -6.6002269e-04
  -1.3101766e-02   1.4360925e-01   1.7440092e-01  -2.7782225e-03   5.6583535e-03  -7.0910121e-04
  -3.6019651e-03   2.0843569e-01   2.9724821e-01  -2.0786295e-03   5.8613568e-03  -4.5141624e-04
  -2.8402293e-02   2.2871148e-01   3.2031507e-01  -2.6450079e-03   5.6000400e-03  -5.7404719e-04
  -2.7970760e-02   1.8986070e-01   2.7702577e-01  -1.6602140e-03   5.1440043e-03  -4.3536584e-04
  -5.7847093e-03   2.7704675e-01   3.6955974e-01  -1.7597407e-03   5.5709198e-03  -6.5276076e-04
  -2.4472808e-03   1.1856725e-01   2.8443864e-01  -2.0126063e-03   5.6244161e-03  -5.7876311e-04
  -4.4731485e-03   2.5817197e-01   3.5953855e-01  -1.9613369e-03   5.9763003e-03  -5.8455553e-04
   1.6857232e-02   1.8421326e-01   4.1915158e-01  -2.3320306e-03   6.2663633e-03  -4.6142497e-04
  -2.4589394e-03   2.6235052e-01   3.3311687e-01  -1.2362517e-03   5.9773010e-03  -7.4990796e-04
   2.4392282e-02   2.1743577e-01   3.3184740e-01  -2.2303619e-03   6.4052003e-03  -6.7990956e-04
   4.5146141e-03   2.0865417e-01   3.6304325e-01  -1.6871063e-03   6.1689002e-03  -5.6937892e-04
   9.1679586e-03   2.5385780e-01   3.7593008e-01  -2.2617768e-03   6.1838662e-03  -8.4461900e-04
   1.3521674e-02   1.8570867e-01   2.7795060e-01  -9.3885788e-04   6.2332630e-03  -8.5257710e-04
   1.9904551e-02   2.4844318e-01   3.5861047e-01  -2.0369728e-03   6.2841603e-03  -6.4555193e-04
  -1.7993822e-03   1.8645486e-01   3.3122833e-01  -2.0097398e-03   5.9015707e-03  -5.9514086e-04
  -1.7193703e-02   2.4541696e-01   3.7736568e-01  -1.0561825e-03   5.9004282e-03  -7.5031551e-04
  -9.7271374e-03   1.7704310e-01   3.1094423e-01  -2.2082680e-03   6.0189927e-03  -7.5104852e-04
  -4.4019723e-03   2.4631679e-01   3.2790342e-01  -8.7897476e-04   5.7835916e-03  -1.0289065e-03
  -2.0775527e-04   2.4507685e-01   3.4741579e-01  -1.4615709e-03   6.2013677e-03  -1.4820419e-03
   6.9379107e-02   2.7351948e-01   2.5565359e-01  -4.5679113e-05   5.6582195e-03   8.4973270e-04
   1.9490961e-01   1.8043476e-01  -2.0977406e-01  -1.9584287e-03   8.1673099e-03   2.3260532e-03
   2.6125375e-01   3.1834217e-01   1.0957164e-02  -1.8976246e-03   9.2591444e-03   2.5236485e-03
   1.6080928e-01   9.0607310e-02  -4.6398831e-01  -2.0547427e-03   8.9400157e-03   8.6064664e-04
   2.0171517e-01   2.5006515e-01  -1.8401496e-01  -3.1026951e-03   1.0029879e-02   1.9674845e-03
   1.7276495e-01   1.7780953e-01  -1.5432626e-01  -4.0196745e-03   9.4260157e-03   2.2271318e-03
   2.5234697e-01   2.9671208e-01   3.2618050e-01  -2.2938335e-03   9.5112442e-03   2.1930494e-04
   2.1703451e-01   1.9113786e-01   1.9583555e-01  -5.1152519e-03   9.2643043e-03   1.3190413e-03
   1.9341641e-01   3.1410048e-01   3.3793984e-01  -3.4050803e-03   8.8300331e-03   1.4823486e-03
   2.1157140e-01   2.9077557e-01   3.5055619e-01  -4.4744508e-03   9.0617598e-03   1.4825918e-03
   1.7462387e-01   1.9700866e-01   3.1032296e-01  -3.4298466e-03   8.1449515e-03   1.8744865e-03
   1.5874934e-01   3.3405661e-01   4.2266735e-01  -3.6805606e-03   8.0389171e-03   1.6536651e-03
   1.6321804e-01   2.3987794e-01   3.5447318e-01  -4.0746274e-03   8.0349066e-03   1.7474254e-03
   1.6844911e-01   2.3950238e-01   3.4006959e-01  -3.7053243e-03   8.3819980e-03   1.7332558e-03
   1.3875796e-01   2.1712358e-01   2.1870136e-01  -3.4891706e-03   7.5191654e-03   1.0495722e-03
   1.1980051e-01   3.2632611e-01   3.8991419e-01  -5.5147011e-03   7.7626487e-03   1.4146761e-03
   1.2845258e-01   2.6928113e-01   3.3620661e-01  -4.6052242e-03   7.4702749e-03   1.1371911e-03
   1.4996750e-01   2.8760113e-01   3.8230856e-01  -6.4517604e-03   8.3061995e-03   1.5202377e-03
   1.7078236e-01   2.2179035e-01   3.6376915e-01  -4.8919674e-03   7.9359238e-03   1.5358462e-03
   1.5709173e-01   3.1229994e-01   4.5823557e-01  -5.7238955e-03   8.2958661e-03   1.5848045e-03
   1.6007260e-01   2.2165169e-01   3.4537994e-01  -5.5162731e-03   7.9177776e-03   1.6004776e-03
   1.7407348e-01   3.4127035e-01   4.4673245e-01  -4.4986455e-03   8.1054754e-03   7.6156538e-04
   1.8758969e-01   2.7402258e-01   4.2641207e-01  -5.5825324e-03   8.1596708e-03   7.9725059e-04
   1.5949280e-01   3.3713058e-01   4.4818584e-01  -4.7415349e-03   7.5656000e-03   1.2729980e-03
   1.6217585e-01   2.8002288e-01   4.5072263e-01  -5.9907815e-03   8.0657667e-03   1.3580069e-03
   1.6206145e-01   3.2736596e-01   6.0735677e-01  -5.2994560e-03   7.7888090e-03   1.9183259e-03
   1.7727198e-01   2.5133337e-01   4.7358278e-01  -6.1241928e-03   8.6342117e-03   1.6787765e-03
   1.6280062e-01   2.9430126e-01   4.9519883e-01  -5.1355286e-03   7.8116451e-03   1.4298914e-03
   1.6452498e-01   2.4749923e-01   4.9356807e-01  -6.2673847e-03   7.7637192e-03   1.5852304e-03
   1.6187763e-01   2.9957287e-01   5.0380848e-01  -5.1179930e-03   7.4629382e-03   1.1958550e-03
   1.4476869e-01   2.7962419e-01   5.4696127e-01  -5.4097907e-03   7.6591329e-03   1.6303790e-04
   9.9216845e-02   2.9543911e-01   7.2602620e-01  -5.3876298e-03   7.4080124e-03   5.5042277e-04
   1.2240488e-01   2.2683035e-01   5.8699889e-01  -5.6048875e-03   7.8229639e-03   6.2287629e-04
   1.1115589e-01   2.3669758e-01   5.5084612e-01  -5.0392685e-03   7.4707006e-03   9.7356716e-04
   1.1728231e-01   3.3169007e-01   6.4361329e-01  -5.5502200e-03   7.2842449e-03   9.9984257e-04
   1.1954250e-01   2.1403677e-01   5.8360965e-01  -5.5890560e-03   7.2496324e-03   9.6082606e-04
   1.2886792e-01   3.0264981e-01   6.1802836e-01  -5.8104892e-03   7.2078407e-03   7.6075837e-04
   1.3825522e-01   2.3914947e-01   5.6643075e-01  -6.3544453e-03   7.3635634e-03   6.6857198e-04
   1.2821357e-01   3.0620668e-01   6.1423397e-01  -5.7442139e-03   6.8134851e-03   5.0025416e-04
   1.4245610e-01   2.9372601e-01   5.9732583e-01  -6.8873077e-03   6.9861064e-03   5.4313458e-04
   1.2947140e-01   2.6338543e-01   5.9195563e-01  -5.6952083e-03   6.4865006e-03   6.5339374e-04
   1.3651089e-01   3.3867648e-01   6.8276581e-01  -6.0791488e-03   7.1752338e-03  -4.3189666e-05
   5.7099692e-02   1.6135812e-01   1.7308189e-01  -3.1857060e-03   6.1227049e-03  -7.5474750e-04
   8.3547340e-02   2.3145678e-01   5.4120706e-01  -6.2357536e-03   6.7873597e-03   6.6266323e-05
   8.0988956e-02   2.5081691e-01   6.2490476e-01  -7.2974569e-03   6.7308723e-03   8.3154364e-05
   9.7838851e-02   2.7991517e-01   7.0337937e-01  -6.3919375e-03   6.5410553e-03  -3.9245664e-05
   1.1520477e-01   3.0906950e-01   8.3509775e-01  -7.2101920e-03   6.8128653e-03   3.6096450e-04
   8.7905392e-02   2.8310356e-01   6.8964747e-01  -5.1548870e-03   6.6651290e-03  -2.3798164e-04
   8.9198677e-02   3.0830087e-01   6.7481266e-01  -6.2899742e-03   6.9641700e-03  -8.3005999e-05
   1.0773107e-01   2.5761184e-01   6.3018961e-01  -5.1011415e-03   6.9617917e-03   2.1730877e-04
   1.2546091e-01   3.0065547e-01   7.0916773e-01  -6.2513172e-03   7.0562739e-03  -4.5024101e-06
   1.1654721e-01   2.3712616e-01   6.8046607e-01  -6.2521875e-03   6.1068656e-03   1.8874607e-04
   1.1571376e-01   3.4514792e-01   7.2019906e-01  -5.6499432e-03   5.9421330e-03  -7.5563899e-05
   1.1357826e-01   3.6902125e-01   8.8309008e-01  -4.4859382e-03   6.9950876e-03  -5.6992275e-04
   5.3085901e-02   2.7358913e-01   5.4392950e-01  -2.3480534e-03   6.2061133e-03  -1.2112985e-03
   3.5165904e-02   1.6626442e-01   3.9892157e-01  -5.0552407e-03   5.9903006e-03  -1.8372078e-03
   4.6599716e-02   2.5778433e-01   7.2407890e-01  -7.0602249e-03   6.9680674e-03  -1.0345692e-03
   7.7595723e-02   2.7140071e-01   7.8431193e-01  -6.7082980e-03   7.4390450e-03  -3.6922037e-04
   1.0361611e-01   3.6083545e-01   8.5653721e-01  -6.6319755e-03   7.6924301e-03   1.1637511e-04
   1.1648622e-01   2.5406097e-01   8.4736993e-01  -7.3442577e-03   7.6105362e-03   3.9319620e-04
   1.1694585e-01   2.5054447e-01   8.4597282e-01  -6.0971708e-03   7.6165354e-03   3.9723354e-04
   1.8709360e-01   2.8275066e-01   1.0578441e+00  -5.6620760e-03   7.8065043e-03  -8.1176709e-04
   2.0964508e-01   1.9748126e-01   1.0697205e+00  -5.6078072e-03   8.7192783e-03   1.9615346e-04
   2.1406316e-01   2.1231521e-01   1.0173009e+00  -6.0843981e-03   8.2926269e-03   7.4992651e-04
   2.2648875e-01   1.9484941e-01   1.0117848e+00  -5.6553999e-03   7.9520520e-03   1.1989037e-03
   2.3680070e-01   2.9199651e-01   1.0471717e+00  -5.5443233e-03   7.8170272e-03   7.7412901e-04
   1.7615710e-01   1.7954471e-01   9.7109456e-01  -5.6538634e-03   6.8883841e-03   1.4765910e-03
   1.7344341e-01   2.0506777e-01   9.6232028e-01  -4.9321245e-03   6.9215835e-03   1.3239121e-03
   1.8648622e-01   2.6220366e-01   1.0181223e+00  -4.8103155e-03   7.4935730e-03   5.5260700e-04
   1.7261189e-01   1.7673722e-01   9.1666364e-01  -5.1833938e-03   6.9753635e-03   1.1232047e-03
   1.7304899e-01   2.3325213e-01   9.1970682e-01  -4.3396052e-03   7.4263980e-03   3.1016717e-04
   1.6877350e-01   1.5839448e-01   7.0309237e-01  -3.5698606e-03   7.5601348e-03   6.5346832e-04
   1.7539941e-01   2.4093258e-01   7.1849140e-01  -2.2810884e-03   7.2251122e-03   1.9341840e-04
   1.3257152e-01   2.8088253e-01   8.4088936e-01  -3.4135413e-03   6.9212946e-03  -3.3443027e-04
   9.2723308e-03   2.3598448e-01   7.5400867e-01  -2.7736192e-03   6.2878521e-03   9.1422440e-04
  -9.8289009e-03   2.7434277e-01   6.5014796e-01  -4.5929375e-03   8.5051647e-03   8.4331661e-04
   4.1400963e-02   2.3175957e-01   6.3192391e-01  -2.9106859e-03   7.5218021e-03   8.6759018e-04
   4.5877837e-02   2.9644272e-01   6.4816080e-01  -2.9663528e-03   6.9161533e-03   1.1415416e-03
   5.1834042e-02   2.6522743e-01   6.1610901e-01  -1.6395044e-03   6.4102550e-03   9.7199837e-04
   4.2614975e-02   3.1758797e-01   6.8393696e-01  -2.8188586e-03   6.5727550e-03   1.0969710e-03
   6.2285418e-02   2.2004266e-01   6.6241602e-01  -8.2587892e-04   6.9282347e-03   1.5429823e-03
   1.3713374e-01   2.7239570e-01   7.5554685e-01  -1.2459098e-03   7.4547295e-03   6.8240142e-04
   1.2145503e-01   2.0237912e-01   6.5316011e-01  -1.4773180e-03   6.0180744e-03   1.6646233e-03
   1.2671342e-01   3.3811037e-01   7.1784375e-01  -1.8582759e-03   5.9249112e-03   1.0487466e-03
   5.6827498e-02   2.1619144e-01   6.3144447e-01  -6.1317947e-04   5.4089695e-03   4.6521709e-04
   2.4610155e-04   2.7885969e-01   7.1799195e-01  -2.2565034e-03   5.3814799e-03   1.5751442e-03
   5.2236670e-02   1.9988626e-01   4.4086871e-01  -2.2784241e-03   4.9920237e-03   1.2264867e-03
   8.4274677e-02   2.8971552e-01   3.5557024e-01  -5.2201686e-03   7.1368936e-03   1.6403832e-03
   9.3897566e-02   2.7437480e-01   5.1993050e-01  -2.7870003e-03   5.8531200e-03   2.3748919e-03
   7.5078702e-02   2.9974145e-01   5.2561098e-01  -3.2188825e-03   5.7177069e-03   2.3611533e-03
   1.4313013e-01   1.6184261e-01   4.8384319e-01  -2.9469249e-04   7.1978471e-03   5.3438015e-04
   1.6382037e-01   3.8544520e-01   6.4084927e-01  -1.5957127e-03   7.0698345e-03   8.0710879e-05
   7.8438309e-02   2.0597368e-01   3.7904137e-01   2.9255630e-03   5.2269914e-03  -4.4350210e-04
  -1.8808886e-02   2.1776125e-01   2.1370003e-01   8.8001709e-04   5.3398061e-03  -3.8380123e-04
   9.1144430e-03   3.7278878e-01   5.0492342e-01   1.4620176e-04   5.5414710e-03  -3.1286878e-04
  -1.7677032e-02   2.0651479e-01   3.8316800e-01  -9.8645754e-04   5.0079516e-03  -1.7804294e-04
   7.2172877e-03   3.8785479e-01   5.9695003e-01  -1.5867316e-03   5.5271112e-03   1.3296291e-04
   4.9613293e-02   2.1039930e-01   5.3678932e-01  -8.2618419e-04   5.9213072e-03   3.2738997e-04
   4.5848703e-02   3.2747905e-01   5.8602975e-01  -1.3955211e-03   5.8161229e-03  -1.5847796e-04
   2.4534721e-02   2.4444352e-01   5.1423254e-01  -2.4968733e-04   5.3811612e-03  -6.9915121e-04
   2.2547977e-02   3.3239118e-01   5.6164812e-01  -4.4040486e-04   5.5296659e-03  -6.7356284e-04
   2.9783170e-02   2.2509018e-01   4.8221146e-01  -2.5760147e-04   5.3048158e-03  -5.2280344e-04
   2.2467268e-02   3.1716557e-01   5.9479107e-01  -3.5389939e-04   5.3482075e-03  -3.6301029e-04
   1.2912940e-02   2.6381531e-01   5.5116270e-01  -6.1601324e-04   5.6154069e-03   9.0082553e-04
   2.9563938e-02   2.7354419e-01   5.2563860e-01  -2.0782748e-04   5.7375572e-03   7.5282867e-04
   3.5663651e-02   3.2662698e-01   6.0722681e-01  -1.8199318e-04   5.8499987e-03   6.2930146e-04
   3.5651528e-02   2.9053981e-01   3.9652292e-01  -2.5099985e-04   6.3652201e-03   4.4575548e-04
   4.2247404e-02   2.2208366e-01   5.6127802e-01  -1.2766725e-03   5.8776027e-03   9.6500567e-04
   5.7069829e-02   3.8132550e-01   6.6894299e-01  -1.3502127e-03   6.0034907e-03   5.5939881e-04
   4.1329300e-02   2.1668918e-01   5.7429482e-01  -1.0331217e-03   5.6150816e-03   1.2357554e-03
   7.2638343e-02   3.6900309e-01   6.6762500e-01  -7.7796186e-05   6.7251824e-03  -4.4167590e-04
   9.7821191e-02   1.4338964e-01   4.4743753e-01  -1.3380810e-04   6.2345657e-03   8.9164152e-04
   1.2296372e-01   3.4901037e-01   6.3426947e-01  -7.3741127e-04   7.2426755e-03   8.0933855e-04
   1.3542715e-01   2.2195215e-01   5.3630499e-01  -8.1287579e-04   7.1282933e-03   1.0200314e-03
   1.2706365e-01   3.4937704e-01   6.0674710e-01  -8.0590444e-04   6.5867708e-03   6.5725473e-04
   7.6278073e-02   2.2990238e-01   5.7341576e-01  -3.1837488e-04   5.5974840e-03   1.1066851e-03
   8.2800798e-02   2.9043749e-01   6.4309462e-01  -6.7252697e-04   6.3404502e-03   9.8759653e-04
   7.5282026e-02   2.4280489e-01   6.3698597e-01   8.8381530e-04   6.4615060e-03   4.0992611e-04
   7.8803245e-02   3.1438952e-01   6.0303440e-01   6.8220006e-05   7.7478321e-03   5.8960270e-04
   9.6114045e-02   3.4361031e-01   5.9527264e-01  -5.0055645e-04   8.2502200e-03   7.3982458e-04
   1.0390895e-01   3.2347031e-01   5.4475184e-01   6.8339467e-04   7.9683802e-03   5.2254571e-04
   1.2185874e-01   3.4400265e-01   5.9182247e-01  -3.1871683e-04   8.0141847e-03   6.6149686e-04
   1.1809116e-01   3.2459348e-01   5.7726147e-01   1.2111125e-03   7.4943263e-03   4.1571978e-04
   1.0894731e-01   3.6567015e-01   5.9577121e-01  -1.8663353e-04   7.4096323e-03   3.5309217e-04
   1.1952209e-01   3.2813704e-01   5.2080654e-01   1.2621504e-03   7.1819479e-03   1.5897495e-04
   1.1805160e-01   3.8570019e-01   5.9244322e-01  -7.8341402e-05   6.9845553e-03   5.4655275e-05
   1.0604590e-01   3.2053051e-01   5.5292007e-01   1.0143509e-03   6.3654927e-03  -7.6637878e-05
   1.6004564e-01   3.9169631e-01   6.2127741e-01   9.7980786e-04   6.3620849e-03  -2.0906442e-04
   1.2839149e-01   2.4131492e-01   5.0648410e-01   2.2506985e-04   6.6909538e-03   1.2551374e-03
   1.0468685e-01   4.3150851e-01   6.6799846e-01   6.6691715e-04   5.7021386e-03   4.6689653e-04
   1.0830763e-01   2.0871034e-01   3.9856690e-01   2.4149607e-03   4.9016429e-03   5.2259941e-04
   8.9500763e-02   4.2674825e-01   5.3149796e-01   1.7924632e-03   5.1109323e-03  -3.4926893e-04
   7.4644810e-02   2.6634463e-01   5.1237946e-01   1.4965342e-03   5.4065988e-03  -5.5844978e-05
   5.2621677e-02   3.5342969e-01   3.4767059e-01   1.6817540e-03   6.1474497e-03  -4.2756093e-04
   4.8383567e-02   2.9455529e-01   5.1190461e-01   1.3316075e-03   5.6353495e-03   1.9016425e-04
   2.9118471e-02   4.2336303e-01   4.9938731e-01   2.9339554e-03   5.7604986e-03  -1.0497749e-03
   4.2825870e-03   2.9282315e-01   4.6344585e-01   1.0883919e-03   5.4995373e-03  -9.6962623e-05
   7.0218714e-02   4.5249633e-01   6.2838867e-01   2.7338129e-04   6.0958774e-03  -1.9042313e-04
   7.1123367e-03   2.7249388e-01   5.6823770e-01   9.4196543e-04   4.3714579e-03   8.6727527e-04
   4.9138081e-02   4.6036215e-01   6.5666839e-01   4.0542420e-04   5.8837755e-03   3.5641694e-04
   4.8066742e-02   3.7654647e-01   6.6269071e-01  -8.8863372e-04   5.4796467e-03   1.2749185e-04
   4.0512870e-02   3.7161956e-01   6.6921387e-01   8.6362328e-05   5.9920758e-03  -2.7963615e-04
   3.8652000e-02   3.7465047e-01   6.9284410e-01  -5.1878415e-05   5.9654018e-03  -2.7279224e-04
   4.5683841e-02   3.0679640e-01   5.4361724e-01   1.0137410e-03   6.0867389e-03  -2.4222316e-04
   1.0473059e-02   3.9194263e-01   4.9128161e-01   2.1750288e-03   5.7097641e-03  -6.1818977e-04
   4.4188161e-05   3.0439580e-01   5.5832593e-01   1.1999798e-03   5.0761338e-03  -1.3453890e-04
   2.1656181e-02   4.3311292e-01   6.4730014e-01   1.2128645e-03   5.3044382e-03  -7.5600900e-04
   8.4292567e-03   2.9272742e-01   5.2310863e-01   1.4691912e-03   4.9224565e-03  -4.4628502e-04
  -9.9144601e-03   4.2565346e-01   5.6964710e-01   9.4460045e-04   5.4044080e-03  -7.7986034e-04
  -3.3958568e-02   3.0927944e-01   5.2328185e-01   6.9281583e-04   5.3226363e-03  -3.1438716e-04
  -3.2256888e-02   3.8980130e-01   5.7471568e-01   1.7844222e-03   5.4332087e-03  -1.3008846e-03
  -2.8434844e-03   3.4754129e-01   5.5479839e-01   5.8656213e-04   5.5188134e-03  -9.2059900e-04
  -3.9047809e-03   3.1490472e-01   5.2668041e-01   1.7761401e-03   5.2601621e-03  -1.0436258e-03
  -3.0053648e-02   3.6271119e-01   6.2879055e-01   1.4213201e-03   5.1529901e-03  -6.9783253e-04
  -2.5510585e-02   2.9658010e-01   3.6031215e-01   2.1770007e-03   4.6570113e-03  -5.5665693e-05
   3.1705052e-02   3.3269593e-01   1.2154362e-01   4.3387015e-04   6.6199568e-03   1.5828114e-03
   2.8628889e-02   4.5509084e-01   4.6204192e-01   7.2046087e-04   5.9658100e-03   1.2322507e-03
   3.7426830e-02   2.4781768e-01   3.9155171e-01   1.8438552e-03   6.8809938e-03   1.8200377e-05
   6.3774915e-02   4.2277926e-01   4.6094906e-01   1.4079317e-03   5.5208350e-03   8.1962308e-04
   4.8810244e-02   3.7283968e-01   5.0362607e-01   4.8401749e-04   5.8081921e-03   9.2577517e-04
   3.8727169e-02   3.5459533e-01   4.2162461e-01   4.5465291e-03   5.0181558e-03   1.5051644e-04
  -4.7252606e-03   3.0659270e-01   2.9839002e-01   3.4604838e-03   4.5865109e-03   1.1091322e-03
   3.9583783e-03   3.6219291e-01   5.5502927e-01   3.9977340e-03   5.9145484e-03   4.3992992e-04
  -1.0507624e-01   2.2769199e-01   2.4827037e-01   1.2092263e-03   3.5314715e-03   2.8845827e-04
  -6.3187429e-02   2.6602788e-01   4.3357203e-01   2.4997218e-04   4.6527609e-03  -1.4447482e-04
  -6.6850780e-02   4.0965847e-01   6.5692069e-01   3.5617465e-04   4.2787501e-03  -3.1725322e-05
  -9.0086773e-02   2.1851663e-01   5.5930204e-01   2.4296592e-04   2.7336051e-03   2.3648523e-04
  -7.1148908e-02   4.1977709e-01   7.0623393e-01  -8.7703221e-04   3.4481286e-03   6.9051798e-04
  -7.5999035e-03   2.5156977e-01   6.5650113e-01  -8.0682837e-04   4.5449215e-03   4.6921800e-04
   1.6693161e-02   4.1157214e-01   7.3730384e-01  -8.1111331e-04   4.9475077e-03   7.2327520e-04
   1.6050184e-02   3.0548321e-01   6.8531987e-01  -1.2869274e-04   4.2821247e-03   9.3972829e-04
   2.4496819e-02   3.8370832e-01   7.4196241e-01  -1.1829762e-03   4.6558830e-03   9.0425265e-04
   3.0467124e-02   3.0157559e-01   6.9478558e-01  -6.6546317e-04   4.5441156e-03   8.6936221e-04
   7.9724119e-03   3.6302041e-01   8.4541428e-01  -3.0638271e-03   5.2253618e-03   9.4079192e-04
   2.4301988e-02   3.7642266e-01   8.5043511e-01  -1.6438271e-03   5.0139419e-03   7.7506692e-04
   2.8952779e-02   2.2848148e-01   7.2152599e-01  -7.6278401e-04   4.5267495e-03   7.5760851e-04
   7.1446728e-03   3.2900714e-01   7.0644950e-01  -6.5438721e-04   4.6125499e-03   6.2261858e-04
   1.6419816e-02   3.8138773e-01   8.4194704e-01   3.4231540e-04   4.3605703e-03   4.8760231e-04
  -5.2799464e-02   2.4927504e-01   6.4026601e-01   3.8347151e-04   3.3774187e-03   9.2989427e-04
  -1.3826138e-02   3.8156063e-01   8.0008407e-01  -2.7110595e-04   3.8691114e-03  -8.0880926e-04
  -1.1517698e-01   2.4931326e-01   5.2160529e-01  -2.5979422e-03   2.9558759e-03  -9.5163608e-04
  -6.7004956e-02   4.1983496e-01   7.5905144e-01  -9.7175009e-04   4.1933995e-03  -9.1368707e-04
  -6.4368899e-02   2.3593616e-01   6.0944299e-01  -7.2632603e-04   3.7355894e-03  -3.8712273e-04
  -6.4203621e-02   4.0717420e-01   6.9388786e-01   2.2665152e-04   4.1415900e-03  -6.7080087e-04
  -1.0166583e-01   1.8510804e-01   6.0419169e-01  -1.5542869e-03   5.6036411e-03  -4.9700924e-04
  -1.6790240e-01   4.1185090e-01   6.5199067e-01   4.3787574e-03   2.8688642e-03  -2.0247323e-03
  -1.6188977e-01   2.6604373e-01   4.9879046e-01   1.9112206e-03   2.7480836e-03  -1.8307151e-03
  -1.7540323e-01   3.5874328e-01   6.4987050e-01  -4.8444110e-04   2.5388333e-03  -1.3547231e-03
  -1.5335339e-01   4.0797546e-01   7.4451519e-01   5.3321239e-04   2.6434102e-03  -8.6682424e-04
  -5.7451258e-02   2.8051838e-01   7.5742645e-01  -6.1074419e-04   4.3773380e-03  -2.4712176e-03
  -6.0917742e-02   3.8003259e-01   8.1250960e-01  -7.3131560e-04   3.9791972e-03  -1.9027405e-04
  -6.8794008e-02   4.0884905e-01   8.0824311e-01  -1.0954549e-03   3.6119255e-03  -5.3425421e-04
  -8.6457802e-02   3.0525898e-01   7.4312247e-01  -6.2581966e-04   3.0709828e-03  -6.0767694e-04
  -9.2293816e-02   4.1205341e-01   8.2131310e-01  -1.7529111e-03   2.9915000e-03  -6.7105917e-04
  -1.3311308e-01   3.3461132e-01   8.9579398e-01  -1.3817399e-03   3.4053118e-03   3.9790509e-04
  -7.3407387e-02   4.0965225e-01   9.5748971e-01  -3.0389160e-03   5.4126352e-03  -1.8268079e-04
  -1.0502475e-01   2.5666476e-01   7.6737965e-01   1.0513144e-03   2.8706660e-03  -6.0804239e-04
  -1.2238844e-01   3.4800296e-01   7.0692470e-01   4.3658192e-04   2.9715938e-03  -3.6200347e-04
  -6.8725817e-02   3.3034919e-01   4.8079865e-01   1.3841942e-03   1.3725806e-03  -4.4196840e-06
  -4.5097179e-02   4.8515811e-01   7.2461952e-01  -2.3588465e-03   3.2445686e-03   2.2565164e-04
  -6.0781947e-02   3.0068801e-01   6.6464075e-01  -7.3226279e-04   2.4051768e-03   7.0757500e-04
  -3.3195935e-02   4.1463015e-01   6.8867796e-01  -1.3240325e-03   3.3640943e-03   4.5842453e-04
  -6.1690582e-02   3.7326649e-01   6.7649329e-01  -6.2626956e-04   2.7435981e-03   2.7824599e-04
  -7.3189259e-02   4.0880174e-01   7.2890964e-01  -1.3259471e-03   2.4516991e-03   3.4716268e-04
  -6.7883376e-02   4.3241697e-01   7.6149040e-01  -6.6366897e-04   2.8772883e-03   2.3430098e-04
  -6.5017042e-02   3.3412710e-01   7.4715130e-01  -1.4354630e-03   2.7114420e-03   5.8093983e-04
  -6.3136679e-02   4.2341596e-01   7.7000298e-01  -1.0416293e-03   2.9202367e-03   3.2251463e-04
   6.3280539e-02   5.6458008e-01   1.3493774e+00  -6.7366530e-03   5.7457619e-03   7.8931490e-04
   7.9410557e-02   3.7619420e-01   1.2297679e+00  -4.8596795e-03   5.9917441e-03  -6.6252250e-04
  -1.3758991e-03   1.8967924e-01   9.1988321e-01  -1.8315252e-03   3.5170614e-03  -6.4175233e-04
  -7.8571090e-02   3.0867678e-01   7.5730800e-01  -1.0678548e-03   2.5095618e-03  -6.0230470e-04
  -1.0297692e-01   4.2882706e-01   8.7373201e-01  -1.2513967e-03   2.5783741e-03  -1.1898166e-03
  -3.8334011e-02   2.9218165e-01   7.2507630e-01  -1.6563107e-03   2.9144082e-03  -1.7890835e-03
   4.7111184e-03   5.0699251e-01   8.5648544e-01  -2.3993529e-03   2.5017163e-03  -1.0893962e-03
  -6.2963614e-02   3.5641047e-01   7.9583716e-01  -2.6084395e-03   1.8000958e-03  -8.5596118e-04
  -7.2523790e-02   4.7536463e-01   8.1840797e-01  -2.1368146e-03   1.7953060e-03  -1.7958194e-03
  -8.2369186e-02   3.4921984e-01   7.1097571e-01  -3.2395963e-03   1.1949563e-03  -2.8570627e-04
  -5.5901168e-02   4.0570813e-01   8.3797602e-01  -2.6997272e-03   2.4619997e-03  -1.2973435e-03
  -4.9715440e-02   3.2477998e-01   7.2928452e-01  -1.8731689e-03   2.4694227e-03  -1.6114529e-03
  -3.2169265e-02   4.7311874e-01   7.8669056e-01  -2.0869340e-03   2.2258542e-03  -2.5437021e-03
  -5.1623544e-02   2.8662154e-01   7.2624533e-01  -1.3846592e-03   5.2322483e-04  -2.0275240e-03
  -4.5609550e-02   4.3207409e-01   8.2988774e-01  -1.8906850e-03   1.3263147e-03  -2.7051535e-03
  -4.8636769e-02   2.9957103e-01   7.5663002e-01  -1.1324691e-03   9.9883320e-04  -2.6914362e-03
  -9.3048383e-02   3.6651479e-01   7.7541186e-01  -1.5316084e-03   1.3881849e-03  -2.2412493e-03
  -8.7184622e-02   3.8787620e-01   8.1131567e-01  -6.6960780e-04   1.5581353e-03  -2.2916884e-03
  -8.7213199e-02   2.8659234e-01   7.0061060e-01  -6.7160985e-04   1.2126523e-03  -1.7863277e-03
  -1.1907097e-01   3.8230091e-01   6.8412456e-01  -1.5536069e-03   1.7347249e-03  -2.0653495e-03
  -1.0857993e-01   3.3467715e-01   2.5495997e-01  -3.8651382e-03   1.0612567e-03  -1.3835668e-03
  -2.8459536e-02   2.9075362e-01  -1.0192230e-02  -6.4432845e-03   2.5278888e-03  -9.0101269e-04
  -5.6980258e-02   2.7544904e-01   3.5894068e-02  -8.0823652e-03   3.6903395e-03  -8.5864792e-04
  -5.5599543e-02   2.6748954e-01   2.1079575e-02  -7.7983254e-03   4.0844359e-03  -4.7634007e-04
   9.0453121e-03   4.4257283e-01   1.9084321e-01  -8.6571723e-03   5.0413710e-03   1.6229486e-04
   6.2225709e-02   5.0106202e-01   4.9668275e-01  -4.3567464e-03   4.7589824e-03  -1.3119201e-03
   1.8757319e-02   2.2925607e-01   1.4653449e-01   8.4688564e-04   3.4778305e-03  -4.0827610e-03
  -1.0697160e-01   4.2037588e-01   1.0614120e-01  -3.8698246e-03   3.3124153e-03  -1.6559677e-03
  -5.8171869e-02   4.7695122e-01   2.7976545e-01  -3.2470854e-03   3.4621403e-03  -1.5416880e-03
  -5.6580988e-02   3.7734698e-01   2.2964009e-01  -3.6148254e-03   3.4453877e-03  -1.1660706e-03
  -7.0943733e-02   4.5354867e-01   3.0567175e-01  -3.3657107e-03   3.2108598e-03  -1.1844368e-03
  -6.2946454e-02   3.6309318e-01   2.9219355e-01  -3.6909979e-03   3.0434611e-03  -1.0275281e-03
  -7.3327944e-02   4.4948527e-01   3.4166296e-01  -4.0297951e-03   3.1378180e-03  -1.2616101e-03
  -6.8770058e-02   3.4391352e-01   2.7734035e-01  -4.3722341e-03   3.1271951e-03  -1.1908326e-03
  -6.1162933e-02   4.3252419e-01   3.0070318e-01  -4.5223241e-03   3.6183156e-03  -1.2296003e-03
  -7.5655011e-02   3.9312151e-01   2.6658499e-01  -3.8663304e-03   3.1035388e-03  -1.1571818e-03
  -7.4188405e-02   4.4498619e-01   3.1933392e-01  -4.0948922e-03   3.5186302e-03  -1.3907527e-03
  -7.2684068e-02   3.6737330e-01   2.2830660e-01  -3.6384728e-03   3.4184921e-03  -1.3021600e-03
  -7.0634034e-02   4.5556235e-01   2.8953286e-01  -3.7845008e-03   3.6555087e-03  -1.6112107e-03
  -7.5482486e-02   3.6266554e-01   2.1531775e-01  -3.8571422e-03   3.2316620e-03  -1.4660155e-03
  -7.9206954e-02   4.8920956e-01   2.8333630e-01  -3.2235258e-03   3.3323302e-03  -1.5914578e-03
  -7.5093953e-02   3.9837586e-01   2.3860758e-01  -4.4802700e-03   3.3064825e-03  -1.5309239e-03
