   0.0000000e+00   3.5527137e-15   0.0000000e+00   0.0000000e+00   0.0000000e+00   0.0000000e+00
   1.3706488e-01   1.8589117e-01  -2.3847404e-02   2.3377838e-03   1.6675806e-03  -2.8151988e-03
   1.0248958e-01   1.0998991e-01  -2.3299417e-01   4.3835226e-03   1.5767888e-03  -3.9722533e-04
   1.5350246e-02   1.8950219e-01  -2.5282589e-01   2.2231453e-03   7.1217140e-05   1.9946963e-04
  -6.9287236e-02   3.0374552e-01  -1.4278852e-01   2.8382501e-03  -1.1461428e-03   1.3417128e-03
  -5.9300017e-02   1.1837116e-01  -1.8151362e-01   1.5653720e-03  -1.4724110e-03   1.5273879e-03
  -8.9637218e-02   2.7579819e-01  -1.6332861e-01   2.7595584e-03  -1.9652465e-03   1.7125446e-03
  -9.4457388e-02   1.9994428e-01  -1.7436462e-02   2.2881319e-03  -2.3407105e-03   2.0181211e-03
  -8.1004977e-02   2.1114937e-01  -4.8384447e-02   3.2167447e-03  -2.0088221e-03   1.5476998e-03
  -1.1761012e-01   1.3334507e-01  -1.4838486e-02   2.2269410e-03  -2.8442715e-03   2.2531747e-03
  -1.3003571e-01   2.6481267e-01  -1.2298913e-01   3.1068342e-03  -2.9989963e-03   2.2019269e-03
  -1.0587276e-01   1.3276018e-01  -1.3494454e-01   1.9703455e-03  -2.9537168e-03   2.3645303e-03
  -1.2146403e-01   3.1148870e-01   8.1421697e-03   3.5064113e-03  -3.0087636e-03   2.3136344e-03
  -1.3933127e-01   9.3751882e-02  -1.3416045e-01   2.5274607e-03  -3.4541278e-03   2.5429003e-03
  -1.5733517e-01   2.5481828e-01   1.1490066e-01   2.6872105e-03  -3.2342831e-03   3.3653546e-03
  -1.6046722e-01   1.5206651e-01  -1.4527778e-01   3.0722779e-03  -3.7224434e-03   3.0056178e-03
  -1.6420030e-01   2.2950054e-01   8.7749098e-02   2.5594175e-03  -3.7500378e-03   3.5026309e-03
  -1.5556902e-01   1.8111523e-01  -9.8425514e-02   2.6542074e-03  -3.7348183e-03   3.0793291e-03
  -1.8805268e-01   2.1720578e-01   5.2851293e-02   1.6537750e-03  -4.1618179e-03   3.4991949e-03
  -1.6123456e-01   1.5128423e-01  -1.0754295e-01   2.2885447e-03  -3.7939595e-03   3.3238550e-03
  -1.8949287e-01   2.2554459e-01   9.1819755e-02   1.7034846e-03  -3.9952899e-03   3.7140380e-03
  -1.7290328e-01   1.2143499e-01  -5.2835525e-02   2.4628434e-03  -3.8847604e-03   3.4051227e-03
  -2.0024578e-01   1.3107622e-01   5.8117555e-02   9.6892237e-04  -4.3062652e-03   3.6906441e-03
  -1.7590121e-01   2.0148992e-01   5.3570317e-02   2.9403086e-03  -3.6966142e-03   3.4392096e-03
  -1.7972494e-01   8.0122654e-02   9.1340204e-02   1.3594596e-03  -3.9191401e-03   3.8410496e-03
  -1.8467915e-01   1.8301999e-01   7.3786541e-02   2.7541754e-03  -3.9280295e-03   3.3500496e-03
  -1.7756560e-01   1.1196596e-02   4.7992904e-02   1.6074103e-03  -3.8119941e-03   3.5286043e-03
  -1.6576763e-01   2.3012420e-01   7.1190641e-02   2.5841685e-03  -3.8095261e-03   3.4302575e-03
  -1.5023044e-01   3.0069971e-02   1.6308131e-02   1.4890120e-03  -3.8361631e-03   3.6416056e-03
  -1.9861282e-01   2.1028906e-01   1.3176943e-01   2.8765157e-03  -4.2522802e-03   3.7003294e-03
  -1.8338919e-01   4.9714152e-02   1.0786206e-02   1.2437004e-03  -4.2924851e-03   3.6982332e-03
  -1.8579012e-01   2.3712079e-01   3.2430370e-02   2.1238555e-03  -4.0014777e-03   3.6452812e-03
  -1.7606898e-01   5.5693880e-02  -5.9898925e-02   1.2160788e-03  -4.1464633e-03   3.7322835e-03
  -1.7912423e-01   2.7655146e-01   5.6923395e-02   2.5245654e-03  -3.9254146e-03   3.5376373e-03
  -1.7722799e-01   4.5883078e-02  -9.0450341e-02   1.1281501e-03  -4.0989257e-03   3.4664752e-03
  -1.8226065e-01   2.3934857e-01   2.0027735e-02   2.2401344e-03  -3.9845812e-03   3.7327500e-03
  -1.9036559e-01   9.8131588e-02  -4.0837674e-02   1.3621635e-03  -4.2695490e-03   4.0859833e-03
  -1.9345819e-01   2.7410375e-01   1.8667260e-02   2.8543630e-03  -3.8297102e-03   3.7498274e-03
  -1.9972195e-01   7.6853672e-02  -1.1368785e-01   1.1362983e-03  -4.2363128e-03   4.0814321e-03
  -2.2275264e-01   3.0839133e-01   3.7829173e-02   3.2696141e-03  -4.0727530e-03   4.0688765e-03
  -2.0944886e-01   8.1246949e-02  -4.6529075e-02   1.3892297e-03  -4.4142345e-03   3.8598899e-03
  -2.1077178e-01   3.4149275e-01   2.0407630e-02   3.0436717e-03  -4.4535156e-03   3.5359496e-03
  -1.9050051e-01   1.0390473e-01  -7.7134748e-02   1.8397433e-03  -4.5170617e-03   3.6822005e-03
  -2.2559255e-01   3.5233728e-01   1.3469331e-01   3.0522401e-03  -4.4352722e-03   3.6091761e-03
  -2.4049423e-01   7.0300182e-02  -5.8179167e-02   2.7186068e-03  -4.5940764e-03   3.7266718e-03
  -2.6813028e-01   2.1770709e-01   1.2857424e-01   2.1077661e-03  -4.6066133e-03   4.4236008e-03
  -2.5417500e-01   1.5494720e-01  -5.7983928e-02   3.0734742e-03  -4.2518871e-03   3.9122538e-03
  -3.0679926e-01   1.8091376e-01   8.5253191e-02   2.2733158e-03  -4.9856773e-03   4.3322840e-03
  -2.7895484e-01   1.4795628e-01  -4.8184338e-02   2.7752586e-03  -4.5036568e-03   3.9280054e-03
  -2.7914986e-01   1.1111575e-01   8.6263385e-03   1.6389707e-03  -4.6854263e-03   4.2877836e-03
  -2.7709179e-01   1.7296042e-01  -5.1074333e-02   2.5128205e-03  -4.1941920e-03   4.2761496e-03
  -2.7951527e-01   8.0266883e-02  -7.3561576e-02   1.2008881e-03  -4.6174185e-03   4.6543173e-03
  -2.7902895e-01   2.4662961e-01  -3.6097693e-02   2.6127117e-03  -4.2524456e-03   4.7018757e-03
  -2.8040453e-01   1.0897474e-01  -8.2471808e-02   2.2996836e-03  -4.6243420e-03   4.5498073e-03
  -2.9081592e-01   2.6666081e-01  -1.8216915e-02   2.7104537e-03  -4.1753781e-03   4.6062164e-03
  -2.6792608e-01   6.6007296e-02  -9.3491752e-02   1.4834539e-03  -4.3996178e-03   4.7229738e-03
  -2.8920317e-01   2.4510690e-01  -3.7219526e-02   2.5675906e-03  -4.2365596e-03   4.7973300e-03
  -3.1154453e-01   5.2209003e-02  -1.3021556e-01   1.3313055e-03  -4.6810510e-03   4.7973100e-03
  -3.1806197e-01   2.2786068e-01  -3.7608978e-02   2.8371614e-03  -4.3517316e-03   5.0087095e-03
  -3.1418958e-01   8.1703053e-02  -8.1128702e-02   1.5965057e-03  -4.7329322e-03   5.1594454e-03
  -3.1637702e-01   2.6150735e-01  -7.9969817e-02   3.1483514e-03  -4.5440129e-03   4.9862046e-03
  -2.9691026e-01   6.7206972e-02  -1.3295563e-01   1.8642327e-03  -4.4963531e-03   4.9285125e-03
  -2.9406327e-01   2.8667251e-01   3.5184856e-03   3.0375568e-03  -4.2759433e-03   4.9059618e-03
  -2.8576662e-01   8.2595215e-02  -1.0571078e-01   1.7109366e-03  -4.8498697e-03   4.7535238e-03
  -2.9902292e-01   2.6553608e-01  -8.6946058e-02   2.7461407e-03  -4.5350943e-03   4.7919704e-03
  -2.9696333e-01   1.4294435e-01  -2.6134931e-02   1.1968558e-03  -4.7990188e-03   5.0913280e-03
  -2.9134491e-01   2.9983229e-01  -8.5195396e-02   2.9532294e-03  -4.4469705e-03   4.9522647e-03
  -2.7246603e-01   1.1486718e-01  -8.9721230e-02   1.8267596e-03  -4.3089069e-03   5.1285398e-03
  -2.7994915e-01   2.9861277e-01  -5.3661289e-02   2.5824808e-03  -3.8504788e-03   5.0683132e-03
  -2.8019693e-01   6.6122666e-02  -1.5131292e-01   1.3967733e-03  -4.1788501e-03   5.1678821e-03
  -2.9329807e-01   3.2237829e-01  -4.7444010e-02   3.2846614e-03  -3.7852656e-03   5.3224891e-03
  -2.9003584e-01   8.1342651e-02  -9.0273904e-02   2.2901155e-03  -4.0642230e-03   5.5024799e-03
  -2.9401912e-01   2.1366660e-01  -5.1809293e-02   3.1269399e-03  -3.6915498e-03   5.3651311e-03
  -2.8241437e-01   1.3989347e-01  -9.3605279e-03   2.0785153e-03  -4.0282839e-03   5.4148866e-03
  -2.7396940e-01   2.0182754e-01  -1.1862242e-01   3.3519613e-03  -3.3677386e-03   5.2928713e-03
  -3.0663953e-01   2.0316688e-01   6.9393749e-02   2.7088962e-03  -4.0095612e-03   5.8074459e-03
  -2.9007619e-01   1.8034338e-01  -1.1263331e-01   4.3844930e-03  -3.6458399e-03   5.2525095e-03
  -2.9872733e-01   2.6442200e-01   1.2224530e-01   3.5225260e-03  -3.6287001e-03   5.6720561e-03
  -3.1945757e-01   1.3091806e-01  -1.2026838e-01   3.9425241e-03  -3.7725633e-03   5.2437669e-03
  -3.3735371e-01   2.4558433e-01   6.4828157e-02   2.7346487e-03  -4.3746714e-03   5.7187137e-03
  -3.0457602e-01   1.7170840e-01  -1.5149700e-01   4.0926292e-03  -3.8657219e-03   5.4782378e-03
  -3.4056618e-01   2.6189826e-01  -4.3084901e-03   2.8370335e-03  -4.3680988e-03   5.6577459e-03
  -3.1128064e-01   1.8957749e-01  -1.5203499e-01   4.1026495e-03  -4.1447892e-03   5.1155778e-03
  -3.3992630e-01   3.2536420e-01   7.4840467e-02   3.3634261e-03  -4.5378974e-03   5.5368199e-03
  -3.2511413e-01   1.7275055e-01  -1.3938865e-01   4.3487006e-03  -4.9752879e-03   4.8412055e-03
  -3.6424995e-01   3.7094574e-01   5.1364058e-02   3.7570276e-03  -5.1926282e-03   5.1728862e-03
  -3.0328131e-01   1.8828905e-01  -1.2829757e-01   4.3122151e-03  -4.4088455e-03   4.8683749e-03
  -3.7030018e-01   4.3464090e-01   9.3337302e-02   3.4936484e-03  -5.2957828e-03   5.2113938e-03
  -2.9628557e-01   1.9738822e-01  -2.3136302e-01   3.4429317e-03  -4.7842871e-03   5.3109012e-03
  -3.2174673e-01   2.9031148e-01   7.3680332e-02   2.4791413e-03  -4.5753112e-03   5.6332710e-03
  -3.4397602e-01   2.1973166e-01  -3.9840885e-02   4.0414158e-03  -4.5627108e-03   5.4132440e-03
  -3.7309969e-01   1.7752695e-01   2.0228173e-02   2.2117317e-03  -4.7443778e-03   5.9248411e-03
  -3.6677636e-01   2.3177442e-01  -7.9372675e-02   3.6007418e-03  -4.4333970e-03   5.5108358e-03
  -3.3412672e-01   2.0993627e-01   2.8135799e-02   1.9948024e-03  -4.6635721e-03   5.6291126e-03
  -3.3977425e-01   2.7866540e-01  -1.2382635e-01   3.6350914e-03  -4.7540160e-03   5.1484286e-03
  -3.7319995e-01   2.2169814e-01   1.2071681e-02   1.9348309e-03  -5.3403684e-03   5.5153413e-03
  -3.3359030e-01   3.0302141e-01  -2.6160368e-02   4.4791845e-03  -4.7576045e-03   5.0433127e-03
  -4.0615301e-01   2.0057467e-01   2.7713109e-02   2.8910010e-03  -5.4513752e-03   5.5463302e-03
  -1.2613963e-01   1.7528310e-01   1.7054971e-01   1.3434195e-02  -6.7354862e-04  -4.8544856e-03
  -1.1516592e-01   3.8157283e-01   9.6105143e-02   1.6514798e-02  -3.9637414e-03  -7.3185480e-03
  -2.3818858e-01   6.1937869e-01  -5.3825645e-02   1.6438707e-02  -5.9572501e-03  -5.2146948e-03
  -3.1500362e-01   4.7684578e-01   4.1299153e-02   1.4466596e-02  -6.8180882e-03  -3.9016885e-03
  -3.2072180e-01   5.6654571e-01   5.5526277e-02   1.5525105e-02  -6.2617861e-03  -3.5067859e-03
  -3.2581159e-01   5.2362406e-01   8.0400419e-02   1.4224766e-02  -6.4738959e-03  -2.6365901e-03
  -3.1667908e-01   5.8370702e-01  -3.7124157e-02   1.4977774e-02  -5.8120856e-03  -2.6114109e-03
  -3.6641241e-01   5.5035888e-01   1.6759619e-01   1.3858183e-02  -6.5382152e-03  -1.9656844e-03
  -3.4961590e-01   4.8904214e-01  -3.3899307e-02   1.4305721e-02  -6.6141524e-03  -2.1137955e-03
  -3.6451040e-01   6.8788478e-01   2.7105630e-01   1.3750062e-02  -6.9779259e-03  -2.3201562e-03
  -3.6540821e-01   4.6484999e-01  -8.5821534e-03   1.3196991e-02  -6.6479422e-03  -2.2267591e-03
  -3.9580959e-01   4.5609752e-01   1.1726149e-01   1.2293747e-02  -6.8451874e-03  -1.5678314e-03
  -3.6232565e-01   4.8929491e-01   3.4721718e-02   1.3313644e-02  -6.2276369e-03  -1.7859456e-03
  -3.7839247e-01   4.8218322e-01   2.0359339e-01   1.2513817e-02  -6.7099529e-03  -1.0981171e-03
  -3.4419401e-01   5.2444869e-01   7.7445829e-02   1.3840790e-02  -6.5708970e-03  -1.2102903e-03
  -3.6337075e-01   4.2521984e-01   8.7656867e-02   1.1907241e-02  -6.9333183e-03  -9.8218436e-04
  -3.7897520e-01   5.8186777e-01   1.2443079e-01   1.3356483e-02  -6.4983690e-03  -6.3166513e-04
  -3.5179710e-01   3.9463132e-01   7.9480175e-02   1.2164089e-02  -6.5812354e-03  -2.2316841e-04
  -3.8004637e-01   5.9176114e-01   1.4195341e-01   1.3609830e-02  -6.6918116e-03  -4.6784242e-06
  -3.3578729e-01   4.0134536e-01   1.1655405e-01   1.2494558e-02  -6.3682092e-03  -7.2343909e-05
  -3.8025703e-01   6.4386832e-01   1.9156221e-01   1.3599442e-02  -6.3680081e-03   1.7108275e-04
  -3.7607647e-01   3.7003880e-01   1.8614082e-02   1.2738350e-02  -6.4310901e-03  -6.1370242e-05
  -4.1591166e-01   5.5693148e-01   1.8796561e-01   1.2893813e-02  -6.7167648e-03   2.4295420e-04
  -3.7513370e-01   3.8790104e-01   2.2159567e-02   1.1815939e-02  -6.8729583e-03  -4.2061650e-05
  -4.1828176e-01   6.2883739e-01   6.8795722e-02   1.2519327e-02  -6.8561104e-03   2.5545828e-04
  -3.5572366e-01   4.0451132e-01   2.3826403e-02   1.2171754e-02  -6.3165978e-03   2.4105373e-04
  -4.0360939e-01   6.2471721e-01   2.2453075e-01   1.3417958e-02  -6.2760497e-03   8.4442560e-04
  -3.5598331e-01   3.6360597e-01   6.6131485e-02   1.2717348e-02  -5.8395878e-03   4.0850695e-04
  -4.3021241e-01   5.3597101e-01   1.8531979e-01   1.2320518e-02  -6.6435463e-03   9.6289140e-04
  -3.6358962e-01   3.5973936e-01   1.5965118e-02   1.1630922e-02  -6.0768781e-03   8.6127605e-04
  -3.8046460e-01   5.8757231e-01   2.0749768e-01   1.1921314e-02  -5.5880059e-03   1.2292121e-03
  -3.8748012e-01   3.1928099e-01  -5.0048703e-02   1.0921383e-02  -6.1572829e-03   1.0683569e-03
  -4.0614341e-01   5.6173837e-01   1.8993414e-01   1.1993948e-02  -6.0484453e-03   1.4209929e-03
  -4.1968563e-01   3.3118954e-01  -1.2232128e-02   1.0972574e-02  -6.5664445e-03   1.2489103e-03
  -4.4222801e-01   5.9291059e-01   1.7229655e-01   1.1873817e-02  -6.3984889e-03   1.7143083e-03
  -4.0119880e-01   3.4620173e-01   2.0437156e-02   1.1595991e-02  -6.2488002e-03   1.4476513e-03
  -4.2893326e-01   5.7501872e-01   1.6989105e-01   1.2325550e-02  -6.3024099e-03   1.1188225e-03
  -4.1179271e-01   3.5256879e-01   4.3472547e-02   1.0977063e-02  -6.3371004e-03   9.0482587e-04
  -4.2294237e-01   5.7248257e-01   1.9716960e-01   1.2330537e-02  -5.9706266e-03   1.3418428e-03
  -4.0819457e-01   3.6498693e-01   1.0840656e-01   1.0806687e-02  -6.1359193e-03   1.3658616e-03
  -3.5615930e-01   5.7539293e-01   2.1967419e-01   1.1855169e-02  -4.3237690e-03   8.0127678e-04
  -4.2523364e-01   3.4985589e-01   9.8235112e-02   1.0962971e-02  -6.4256013e-03   9.8147990e-04
  -3.7466576e-01   7.0819344e-01   2.9575883e-01   1.2004407e-02  -6.2946401e-03   5.3740466e-04
  -3.9116108e-01   4.1803858e-01   4.2297904e-02   1.1458810e-02  -6.9397974e-03   9.1003756e-04
  -4.1840535e-01   6.4907428e-01   2.5469377e-01   1.1902054e-02  -6.4400397e-03   1.7890185e-03
  -3.8788591e-01   4.4777610e-01   1.3406307e-01   1.2685850e-02  -6.1412163e-03   1.4385101e-03
  -4.2874837e-01   6.4497895e-01   2.7511817e-01   1.1667703e-02  -6.0191869e-03   1.9736780e-03
  -4.4091401e-01   3.6539021e-01   9.1942980e-02   1.1405959e-02  -6.2048420e-03   1.4076212e-03
  -4.7191744e-01   4.0952214e-01   2.1123467e-01   1.0213297e-02  -6.4837106e-03   1.8784613e-03
  -4.6083216e-01   4.6834961e-01   1.1802863e-01   1.1261827e-02  -6.0541459e-03   1.9069783e-03
  -4.6217472e-01   4.1074324e-01   1.3908769e-01   1.0263920e-02  -6.6538097e-03   2.0191771e-03
  -4.5520089e-01   5.2254560e-01   1.0760698e-01   1.0884313e-02  -6.0360123e-03   1.9084018e-03
  -4.7862955e-01   3.7835786e-01   2.5277266e-02   1.0191088e-02  -6.5390362e-03   2.2176196e-03
  -4.8204352e-01   6.1676823e-01   1.7000744e-01   1.1175029e-02  -6.5257667e-03   2.0515718e-03
  -4.6031532e-01   3.8742435e-01  -3.7466954e-02   1.0843257e-02  -6.4842733e-03   1.7021685e-03
  -4.6268826e-01   6.5756017e-01   1.8133532e-01   1.1793975e-02  -6.2796927e-03   2.3020671e-03
  -4.0748571e-01   4.1738634e-01  -1.2513401e-02   1.1538601e-02  -5.7925777e-03   1.7461596e-03
  -4.8859264e-01   6.5214038e-01   2.5449452e-01   1.0945981e-02  -7.2377037e-03   2.0592387e-03
  -4.9039515e-01   4.3490683e-01   4.9059288e-02   1.1527361e-02  -6.9664862e-03   1.4117617e-03
  -5.0311574e-01   4.8522584e-01   1.5443905e-01   1.0427414e-02  -6.9754552e-03   2.3272426e-03
  -4.8574563e-01   5.7949193e-01   6.6199505e-02   1.2349978e-02  -6.6376778e-03   2.1000197e-03
  -4.9509720e-01   4.9206824e-01   1.3935811e-01   1.0754448e-02  -6.8174409e-03   2.5773152e-03
  -4.8113828e-01   5.1376684e-01   8.1321408e-02   1.1990119e-02  -6.4929451e-03   2.0591061e-03
  -5.0135172e-01   4.7742358e-01   1.7100395e-01   1.0233696e-02  -6.9807147e-03   2.5065692e-03
  -4.6573202e-01   5.1387682e-01   8.9851344e-02   1.1882163e-02  -6.2579462e-03   2.0403813e-03
  -4.6308669e-01   4.7429548e-01   1.9225765e-01   1.0048811e-02  -6.5250075e-03   2.2276058e-03
  -3.2038383e-01   6.9700128e-01   7.3412128e-01   8.7521161e-03  -4.6523618e-03   1.7991970e-03
  -5.9267458e-01   2.6416968e-01   2.2702886e-01   8.7708507e-03  -7.0634575e-03   2.7336979e-03
  -5.1693946e-01   3.1710848e-01   1.5901860e-01   1.0548066e-02  -6.5727366e-03   2.3317464e-03
  -5.2355361e-01   4.1722707e-01   2.1819017e-01   9.6334539e-03  -6.3792394e-03   2.6145598e-03
  -5.5431530e-01   3.6567340e-01   2.0075658e-01   8.5085920e-03  -6.6070657e-03   2.5173129e-03
  -6.0119257e-01   3.7993170e-01   2.1198877e-01   8.5368629e-03  -6.8248985e-03   2.9954679e-03
  -6.0916159e-01   3.6966871e-01   1.8792218e-01   9.1572032e-03  -6.9846076e-03   3.0188389e-03
  -6.1334312e-01   3.6705333e-01   1.5352060e-01   8.5550310e-03  -6.7956940e-03   3.0551466e-03
  -6.5234158e-01   3.4407909e-01   1.8464079e-01   7.7774986e-03  -7.2620263e-03   3.2574810e-03
  -6.3995208e-01   4.7851609e-01   3.0327344e-01   8.8701512e-03  -7.1251933e-03   3.4997616e-03
  -6.6560395e-01   2.1848328e-01   1.2834156e-01   7.4388774e-03  -7.0902565e-03   3.4832404e-03
  -7.3964911e-01   4.0191666e-01   2.3795315e-01   8.1687082e-03  -7.5656543e-03   4.0675880e-03
  -7.3896479e-01   2.2978888e-01   8.3813712e-02   7.7394951e-03  -7.8872043e-03   3.9763921e-03
  -7.3657827e-01   3.8586066e-01   1.5864309e-01   8.2218595e-03  -7.8379881e-03   4.0852375e-03
  -7.0550091e-01   2.8105294e-01   7.1552654e-02   8.3593674e-03  -7.3057332e-03   4.3442969e-03
  -7.4532853e-01   4.3951905e-01   2.7823270e-01   9.0768901e-03  -7.5165467e-03   4.6057483e-03
  -7.4978202e-01   2.5746805e-01   1.0617514e-01   8.1347763e-03  -7.8103140e-03   4.6351504e-03
  -7.8686407e-01   4.3511589e-01   2.4506127e-01   8.6523449e-03  -7.9419671e-03   5.0866390e-03
  -8.0492956e-01   2.6908890e-01   1.1043816e-01   8.6144930e-03  -8.4898127e-03   5.1262627e-03
  -8.2079902e-01   4.3061677e-01   2.3279607e-01   7.7732232e-03  -8.3228568e-03   5.6296849e-03
  -8.1362969e-01   2.4950043e-01   5.8239224e-02   7.4090498e-03  -8.6619981e-03   5.6113574e-03
  -8.4049249e-01   4.3219956e-01   2.2635942e-01   7.6508429e-03  -8.8057947e-03   6.1268213e-03
  -8.2983388e-01   2.6575181e-01   9.4995131e-02   7.9162385e-03  -8.6834653e-03   6.1004437e-03
  -8.5571093e-01   3.3408821e-01   2.5700848e-01   6.6106107e-03  -8.7154610e-03   6.3898314e-03
  -8.2266996e-01   2.9745885e-01   1.2025260e-01   7.8036418e-03  -8.6457926e-03   5.7251831e-03
  -8.5905338e-01   3.2204378e-01   2.3376124e-01   6.5989737e-03  -9.5566281e-03   6.1307956e-03
  -8.5348891e-01   3.1302232e-01   1.1240552e-01   8.0795843e-03  -9.1059634e-03   6.0208714e-03
  -8.6687293e-01   3.1791927e-01   2.4748835e-01   7.1904722e-03  -9.5581591e-03   6.3646990e-03
  -8.7061764e-01   3.0656464e-01   1.5935817e-01   8.4097594e-03  -9.1525366e-03   6.2361751e-03
  -8.9191883e-01   2.5058599e-01   2.3980021e-01   6.9565584e-03  -9.4851335e-03   6.5377254e-03
  -8.6315394e-01   3.4853312e-01   1.9638365e-01   8.2587026e-03  -8.8686094e-03   6.0574975e-03
  -8.5666415e-01   2.3556706e-01   1.9711278e-01   6.7150424e-03  -8.8872988e-03   6.7966860e-03
  -8.8322737e-01   2.0691243e-01   1.5755353e-01   4.2299589e-03  -8.3609369e-03   6.7504400e-03
  -7.7000372e-01   1.7722051e-01   1.3139957e-01   6.3088582e-03  -8.6902179e-03   7.2754894e-03
  -7.3025842e-01   4.0315002e-01   3.3476338e-01   5.9497137e-03  -8.8566199e-03   7.0020920e-03
  -8.4318206e-01   2.6327253e-01   1.7152755e-01   5.4366249e-03  -9.6505715e-03   7.2487386e-03
  -8.4642297e-01   2.9002395e-01   3.1692049e-01   5.1359041e-03  -9.5062303e-03   7.7188702e-03
  -8.4120159e-01   2.3171003e-01   1.6271663e-01   6.2386931e-03  -9.1910960e-03   7.5302304e-03
  -8.6869385e-01   1.6198486e-01   2.6862071e-01   5.3150992e-03  -9.3669748e-03   7.9841543e-03
  -8.7930286e-01   2.0258805e-01   2.2108024e-01   5.5667284e-03  -9.3486523e-03   7.7037639e-03
  -8.6037167e-01   6.6593320e-02   2.2043748e-01   4.5089470e-03  -9.1986608e-03   7.7051876e-03
  -8.9318613e-01   2.2874582e-01   2.3935707e-01   5.4923259e-03  -9.4489723e-03   7.7792599e-03
  -8.6693332e-01   8.0908786e-02   2.2290621e-01   4.7361865e-03  -9.4138432e-03   7.8476124e-03
  -8.7608887e-01   2.3398498e-01   2.9982010e-01   5.5768153e-03  -9.1386045e-03   7.6094089e-03
  -8.8002108e-01   4.6924261e-02   2.0816430e-01   4.4349076e-03  -9.4514332e-03   7.6098096e-03
  -9.0211865e-01   1.9806593e-01   2.8032581e-01   5.5593647e-03  -9.2148956e-03   7.8216836e-03
  -9.0930312e-01   6.5086737e-02   3.3008407e-01   4.6738539e-03  -9.9847479e-03   7.8040360e-03
  -7.0334956e-01   3.4492157e-01   1.8736821e-01   6.1803654e-03  -8.5361429e-03   6.5098021e-03
  -8.0043477e-01   1.2803284e-01   7.9047429e-04   5.2414561e-03  -1.0275818e-02   6.8799425e-03
  -8.5946417e-01   2.5049362e-01   2.1309457e-01   5.8032039e-03  -1.0271778e-02   7.2685281e-03
  -8.5480486e-01   7.0723092e-02   1.4534336e-01   4.4624802e-03  -1.0263014e-02   7.4215916e-03
  -8.7129092e-01   1.7484760e-01   1.3959695e-01   5.3045645e-03  -1.0121965e-02   7.5268612e-03
  -8.8854654e-01   1.4511272e-01   2.2240349e-01   4.3657127e-03  -1.0374450e-02   8.0590294e-03
  -8.7917481e-01   1.4508913e-01   1.4109941e-01   5.2883113e-03  -9.9563050e-03   7.8370507e-03
  -9.3942341e-01   1.5034781e-01   3.3600341e-01   4.1750839e-03  -1.0571566e-02   8.2861912e-03
  -8.7038461e-01   6.1176147e-02   1.6626697e-01   5.2790130e-03  -9.7657388e-03   7.8449953e-03
  -9.3038567e-01   1.7649036e-01   3.1773721e-01   4.2847904e-03  -1.0453877e-02   8.1791591e-03
  -8.7276235e-01   4.5060940e-02   9.7257703e-02   4.6950527e-03  -9.6103655e-03   7.9938012e-03
  -9.7653613e-01   1.3340937e-01   3.1555538e-01   3.8783254e-03  -1.0707658e-02   8.4424694e-03
  -9.2347015e-01   2.8836185e-02   1.6025837e-01   4.5939033e-03  -1.0204409e-02   8.0404399e-03
  -9.7003245e-01   1.5864175e-01   3.8265725e-01   4.6614111e-03  -1.0961471e-02   8.2028607e-03
  -9.0019950e-01  -1.2546670e-02   2.4273915e-01   5.0453118e-03  -9.9095887e-03   7.7391961e-03
  -9.4234999e-01   5.1550169e-02   3.5168575e-01   3.4951765e-03  -1.0398668e-02   8.7078157e-03
  -8.6150174e-01   4.9401500e-02   2.9193645e-01   5.3769553e-03  -9.1091702e-03   7.9767187e-03
  -9.2881193e-01   5.7097805e-02   3.5795580e-01   3.6639939e-03  -1.0401568e-02   8.0408531e-03
  -9.1963621e-01   6.2279681e-02   2.4189616e-01   4.6410340e-03  -9.9229271e-03   7.6268309e-03
  -9.4256180e-01   1.1171855e-02   3.0690445e-01   3.2306016e-03  -1.0466442e-02   8.2741660e-03
  -9.1220042e-01   1.2136918e-01   2.8998579e-01   4.8929178e-03  -9.7352197e-03   7.9664935e-03
  -9.1894480e-01  -2.6506751e-02   3.0090982e-01   3.2007783e-03  -1.0143230e-02   8.0356971e-03
  -9.5085271e-01   1.0780914e-01   3.2587303e-01   4.5559779e-03  -1.0151823e-02   8.0584989e-03
  -8.9656822e-01  -5.1255809e-02   3.2436520e-01   3.4471700e-03  -1.0056037e-02   8.2168552e-03
  -8.8321121e-01   9.8107315e-02   3.5433144e-01   5.0111264e-03  -9.4942580e-03   7.8784570e-03
  -8.8983120e-01   4.3617036e-02   2.7409135e-01   4.4574150e-03  -1.0467858e-02   8.0535501e-03
  -7.9959190e-01   2.8958507e-01   3.1856454e-01   5.9057650e-03  -9.5201000e-03   7.6470777e-03
  -8.9939157e-01  -3.6777098e-02   2.6297698e-01   4.3301078e-03  -1.0531864e-02   7.8328421e-03
  -9.3232345e-01   5.0048127e-02   4.0030452e-01   3.3821005e-03  -1.0470439e-02   8.6336775e-03
  -8.8083645e-01   2.9461243e-02   2.5213036e-01   4.4692336e-03  -9.6408573e-03   8.2229078e-03
  -9.5468611e-01   1.4606123e-01   2.9375716e-01   3.4390629e-03  -1.1226437e-02   8.7196084e-03
  -9.1612804e-01   1.1808270e-01   1.8790925e-01   4.2435017e-03  -1.0504034e-02   8.2692036e-03
  -9.2819330e-01   1.9598097e-03   2.5424495e-01   3.3551328e-03  -1.0658387e-02   8.6301772e-03
  -9.1539768e-01   6.9847835e-02   2.3883017e-01   3.1956326e-03  -1.0669075e-02   8.4192413e-03
  -9.3200476e-01  -8.2525260e-02   1.2376915e-01   3.0298995e-03  -1.1164329e-02   8.8480759e-03
  -9.5642215e-01   1.2880743e-01   3.0030934e-01   3.1064301e-03  -1.0927378e-02   9.3344754e-03
  -9.2267797e-01  -7.6257872e-02   1.4255183e-01   3.3170006e-03  -1.0323020e-02   8.7871167e-03
  -9.9322919e-01   1.1230974e-02   3.4808993e-01   2.8826064e-03  -1.0843681e-02   9.1965927e-03
  -9.3398057e-01  -1.3341024e-01   1.6919132e-01   3.0260756e-03  -1.0210558e-02   8.9733003e-03
  -1.0087420e+00  -5.3835851e-02   2.9661847e-01   1.8702757e-03  -1.1368007e-02   9.5864824e-03
  -9.6053393e-01  -6.4671453e-02   2.2738624e-01   3.4746308e-03  -1.0264995e-02   9.2711380e-03
  -9.9442175e-01  -1.5382676e-01   2.8593981e-01   1.5978962e-03  -1.0769226e-02   9.4698890e-03
  -9.8810085e-01  -9.7329202e-02   2.3742192e-01   2.8237273e-03  -1.0564842e-02   9.1744462e-03
  -1.0060571e+00  -1.6656889e-01   3.2072985e-01   1.4967638e-03  -1.0811081e-02   9.4459175e-03
  -9.8008257e-01  -7.6156676e-02   3.3752600e-01   3.3641929e-03  -1.0577424e-02   9.0560049e-03
  -9.4721853e-01  -9.4435161e-02   2.4688025e-01   2.4450878e-03  -1.1624647e-02   8.8111367e-03
  -5.2563280e-01   2.9014709e-01   2.4861887e-01   3.9029754e-03  -6.7207062e-03   3.5677720e-03
  -6.4639772e-01   4.9107013e-02   1.6599042e-02   2.6922739e-03  -8.0896128e-03   6.3432857e-03
  -8.5986366e-01  -2.2473857e-02   1.6848830e-01  -1.0248940e-03  -1.0564052e-02   7.7984060e-03
  -9.2136828e-01  -2.0645914e-02   2.5097806e-01  -2.4305792e-04  -1.0246491e-02   8.2090132e-03
  -9.6783166e-01  -2.3430604e-01   9.1213024e-02  -1.4661195e-03  -1.1090701e-02   8.6394175e-03
  -9.8551635e-01  -2.0631929e-02   3.1885897e-01  -2.3302709e-04  -1.0628068e-02   9.2923647e-03
  -9.6004700e-01  -2.5796854e-01   1.7814175e-01  -2.8127895e-04  -1.0545659e-02   9.2797285e-03
  -9.0746821e-01   1.2379509e-01   3.2098745e-01   1.3211590e-03  -1.0078855e-02   8.6974813e-03
  -9.2832460e-01  -1.6017103e-01   1.1943629e-02  -6.4697237e-04  -1.0691128e-02   8.7151506e-03
  -1.0227800e+00  -1.5911431e-01   1.7202346e-01  -1.8639828e-03  -1.1498547e-02   9.4094226e-03
  -1.0181364e+00  -1.0531218e-01   8.9441066e-02  -1.3526723e-04  -1.1220498e-02   9.2419959e-03
  -1.0190472e+00  -2.3210834e-01   1.4307700e-01  -1.4476599e-03  -1.1453362e-02   9.2660333e-03
  -1.0536273e+00  -8.9360390e-02   1.9664156e-01  -6.5268226e-04  -1.1347641e-02   9.1870083e-03
  -1.0155995e+00  -3.1904111e-01   1.1339765e-01  -1.3772200e-03  -1.0951322e-02   9.2268262e-03
  -1.1175091e+00  -2.0521380e-01   2.7678167e-01  -1.6708505e-03  -1.1651106e-02   9.8238833e-03
  -1.0413781e+00  -3.2645745e-01   6.3871742e-02  -1.2435509e-03  -1.0953573e-02   9.4749294e-03
  -1.0782507e+00  -3.0829794e-01   2.4714551e-01  -1.6273738e-03  -1.1279710e-02   9.9741797e-03
  -1.0984748e+00  -3.5830985e-01   1.5023062e-01  -1.5462716e-03  -1.1702165e-02   9.6687804e-03
  -1.1499389e+00  -3.8984898e-01   2.2301705e-01  -3.1386675e-03  -1.2350684e-02   1.0066369e-02
  -9.3922829e-01  -2.2557833e-01   1.7888780e-01   1.3139624e-03  -9.9417662e-03   5.3722930e-03
  -6.6518683e-01   2.7718505e-01   1.7402999e-01   1.5742711e-03  -7.9515889e-03   5.4076211e-03
  -6.9898654e-01   3.0074142e-01   3.4723294e-02   2.3251040e-03  -1.0167449e-02   5.4027506e-03
  -7.7374582e-01   3.5021715e-01   2.3472562e-01   1.6172206e-03  -1.1208502e-02   6.3721800e-03
  -7.9959360e-01   2.8105592e-01   7.7151569e-02   1.5247161e-03  -1.1614301e-02   6.5058548e-03
  -9.2952311e-01   1.7831167e-01   2.8595289e-01   3.0036179e-05  -1.3084146e-02   7.3939946e-03
  -9.1707816e-01   2.0323833e-01   2.0774568e-01   1.2459736e-03  -1.2602507e-02   7.1565590e-03
  -9.8872315e-01   7.0302502e-03   1.6884249e-01  -7.2577332e-04  -1.3520273e-02   7.7205418e-03
  -1.0083040e+00   1.3738703e-01   2.3851064e-01   6.9333566e-04  -1.2890386e-02   8.0488337e-03
  -8.2059661e-01  -7.3052462e-02   2.4227094e-01   1.0620908e-03  -1.0568996e-02   4.6673585e-03
  -8.2738037e-01   1.6084765e-01   3.1905167e-01   2.5131604e-03  -1.0651585e-02   5.5465465e-03
  -8.5360958e-01  -9.7480413e-02   2.4880016e-01   1.1303130e-03  -1.1203087e-02   5.9084536e-03
  -8.2241230e-01   4.1489469e-01   5.2183872e-01   3.9739106e-03  -1.1435545e-02   5.8029000e-03
  -8.5696506e-01   3.8587188e-03   1.5462896e-01   2.1968752e-03  -1.2052183e-02   6.3477195e-03
  -9.2764147e-01  -2.2473753e-02   2.1567669e-01   8.1476620e-04  -1.2808989e-02   6.8119964e-03
  -9.2521511e-01   8.5915843e-02   2.7411925e-01   1.6347022e-03  -1.2202114e-02   6.8642242e-03
  -9.4231795e-01  -9.4158805e-02   2.0415811e-01   2.0747270e-04  -1.2580504e-02   6.9914419e-03
  -9.6187773e-01   5.6119971e-02   2.9481850e-01   1.0840521e-03  -1.2053792e-02   7.5680102e-03
  -9.3525003e-01  -1.3408234e-01   2.2887541e-01   4.8683037e-04  -1.1993671e-02   7.3772250e-03
  -9.5549541e-01   1.9945967e-02   3.6990842e-01   9.0909483e-04  -1.1804271e-02   7.8771344e-03
  -9.5646387e-01  -1.7444698e-01   1.9477327e-01   5.9754393e-05  -1.2070619e-02   7.9124438e-03
  -9.8227956e-01  -1.4333072e-02   3.5407896e-01   4.1042039e-05  -1.1856118e-02   8.0096891e-03
  -9.4611098e-01  -1.1742333e-01   1.4674560e-01   9.3281932e-04  -1.1847146e-02   7.5013291e-03
  -9.7784005e-01  -4.1425053e-02   3.7421293e-01  -1.3816245e-04  -1.1957782e-02   7.8425944e-03
  -9.8506944e-01  -1.4917203e-01   2.2890899e-01   4.7229379e-04  -1.1822286e-02   8.0526301e-03
  -1.0462054e+00  -1.6147643e-01   3.1310379e-01  -7.8072648e-04  -1.2575039e-02   8.8267203e-03
  -1.0421996e+00  -8.3905865e-02   2.1417909e-01   1.0149161e-03  -1.2373194e-02   8.6207628e-03
  -1.0473774e+00  -2.2546397e-01   2.1648375e-01  -5.8016873e-04  -1.2303460e-02   8.6847903e-03
  -1.0608887e+00  -9.5646313e-02   2.5020949e-01   3.0447072e-04  -1.2051406e-02   8.9699697e-03
  -1.0396262e+00  -2.5833415e-01   2.1011615e-01  -5.4718999e-04  -1.2317741e-02   8.9507911e-03
  -1.0484501e+00  -8.2922999e-02   2.5442553e-01   1.4417723e-04  -1.2000405e-02   9.2118910e-03
  -1.0444296e+00  -3.0535051e-01   1.7082954e-01  -1.3428742e-03  -1.2303727e-02   9.1748992e-03
  -1.0770879e+00  -9.9019042e-02   2.8601296e-01  -2.4674739e-04  -1.2188430e-02   9.5910205e-03
  -1.0618731e+00  -3.4054743e-01   1.1259187e-01  -1.5690215e-03  -1.2180409e-02   9.3980191e-03
  -1.0991850e+00  -8.9317368e-02   2.7816387e-01  -8.1311132e-04  -1.2208481e-02   9.6693328e-03
  -1.0823861e+00  -3.3653747e-01   1.1482348e-01  -1.3079368e-03  -1.2265141e-02   9.5150343e-03
  -1.1253723e+00  -1.1633670e-01   2.6621433e-01  -1.2581179e-03  -1.2527086e-02   1.0007432e-02
  -1.0758748e+00  -3.3779545e-01   1.2904717e-01  -1.2611590e-03  -1.1885811e-02   9.8065180e-03
  -1.1695685e+00  -2.4056803e-01   3.5623765e-01  -1.7874514e-03  -1.2586738e-02   1.0348462e-02
  -1.1436685e+00  -4.7665055e-01   1.8813871e-01  -2.4261617e-03  -1.2251330e-02   1.0277854e-02
  -1.2038372e+00  -2.9511285e-01   3.1774412e-01  -2.9986890e-03  -1.2417337e-02   1.1290403e-02
  -9.0370821e-01  -4.0690543e-01   2.1506209e-01   1.5444414e-03  -9.7754129e-03   2.9399805e-03
  -5.7404610e-01   5.5348756e-01   9.7075713e-02   4.1978892e-03  -7.4063389e-03   4.1451653e-03
  -4.9713438e-01   3.1215498e-01  -1.2117695e-01   1.6617082e-03  -7.7278133e-03   5.3650344e-03
  -6.0104837e-01   2.7756984e-01   1.5195841e-01  -8.4290911e-04  -8.5354392e-03   7.1269120e-03
  -7.2707081e-01   1.7335528e-01   5.6605021e-02  -1.1954382e-03  -9.4463867e-03   7.6547590e-03
  -7.3335727e-01   1.2523805e-01   1.6450206e-01  -2.2240561e-03  -9.5709292e-03   8.2725392e-03
  -7.5588797e-01   7.5361389e-02   4.8700758e-02  -1.5928808e-03  -9.3566821e-03   8.5935556e-03
  -8.2619226e-01  -4.2446719e-02   1.9325422e-01  -2.9106045e-03  -1.0152254e-02   9.0359635e-03
  -8.1470017e-01   1.1316801e-02   1.3567903e-01  -1.3416481e-03  -9.5118314e-03   9.0555132e-03
  -8.2488089e-01  -1.1686319e-01   1.9031086e-01  -2.5691462e-03  -9.8553973e-03   9.2097812e-03
  -8.4221023e-01  -1.5024963e-02   1.3416166e-01  -1.3524582e-03  -1.0451962e-02   8.9588163e-03
  -8.2053141e-01  -1.1161540e-01   1.5442682e-01  -3.0426807e-03  -1.0432081e-02   9.2636329e-03
  -8.2879055e-01  -4.1246783e-02   1.0964047e-01  -2.0358195e-03  -9.8828947e-03   9.3345800e-03
  -8.7926868e-01  -1.3326757e-01   1.5321721e-01  -3.0969750e-03  -1.0802082e-02   9.5327759e-03
  -4.2592534e-01  -2.0967590e-01   1.2753893e-01   5.8306708e-03  -8.4960611e-03  -2.8161760e-03
  -5.7912186e-01  -9.4417286e-02  -2.4386032e-01  -3.4180793e-04  -1.1779750e-02   1.2486186e-03
  -5.3053970e-01   3.2774922e-01  -7.9392470e-02   2.5494136e-03  -1.1371116e-02   2.5817746e-03
  -5.8195052e-01   2.7357224e-02  -4.0211931e-02   4.9280701e-04  -1.1436427e-02   3.7701807e-03
  -6.6166312e-01   2.0015137e-01   2.0386639e-01   1.8505114e-03  -1.0775366e-02   5.2897100e-03
  -6.4747737e-01  -6.1028275e-02   8.6599714e-02   1.2040078e-03  -1.0576085e-02   5.6418672e-03
  -6.8668770e-01   6.9945503e-02   2.0703841e-01   1.8604125e-04  -1.0000153e-02   6.7787137e-03
  -6.4062544e-01  -1.2970182e-02   3.8916120e-02   5.8417001e-04  -9.7069085e-03   6.3523319e-03
  -7.0589545e-01  -9.5559623e-02   1.6699423e-01  -1.4718099e-03  -1.0460466e-02   7.2194118e-03
  -6.9113508e-01  -3.0472485e-02   1.0945841e-01  -7.3396230e-04  -9.3980086e-03   7.5825299e-03
  -7.0301273e-01  -1.9053768e-01   6.1701360e-02  -2.1086998e-03  -9.6544153e-03   7.9028385e-03
  -6.6234823e-01   8.6587264e-03   1.4322086e-01   3.6028780e-04  -8.7888018e-03   6.9743227e-03
  -6.6881121e-01  -2.1197399e-01   7.7087155e-02  -8.6636022e-04  -8.9758980e-03   7.4788233e-03
  -7.3426691e-01  -5.2722339e-02   1.8754526e-01  -4.2766277e-04  -8.9965677e-03   8.0752703e-03
  -6.9568426e-01  -2.4395402e-01   5.3422119e-02  -8.2965911e-04  -8.8900195e-03   7.9798497e-03
  -7.3346814e-01  -4.7247621e-02   2.2692582e-01  -4.1606911e-04  -9.0324627e-03   8.3423340e-03
  -7.3491862e-01  -2.7640362e-01   8.4939655e-02  -1.0865933e-03  -8.9643899e-03   8.2711004e-03
  -7.5501552e-01  -1.0468696e-01   2.1702395e-01  -1.2372458e-03  -9.0121019e-03   8.8231477e-03
  -7.1852626e-01  -2.1545402e-01   9.6320526e-02  -8.8495873e-04  -8.4269519e-03   8.4137079e-03
  -7.4274379e-01  -1.7014730e-01   2.1388195e-01  -1.6386819e-03  -8.4719645e-03   8.2530189e-03
  -3.1792058e-01  -9.6916192e-02  -5.0185473e-02  -2.1728056e-04  -4.8800833e-03   9.5407991e-04
  -1.7737158e-01   5.2616302e-01   3.7177966e-02   1.5727909e-03  -4.3720696e-03   3.2331156e-04
  -1.5475853e-01   5.0672062e-01  -1.3043797e-01   1.5686952e-03  -4.1950048e-03   2.6312973e-03
  -3.1862441e-01   2.8381736e-01  -2.1728989e-01  -1.3587878e-03  -6.8165464e-03   4.5459172e-03
  -3.4864627e-01   3.7453919e-01  -1.4583858e-01  -6.3565810e-04  -6.7837658e-03   5.1054012e-03
  -3.5868023e-01   2.6512072e-01  -9.8804182e-02  -1.0568859e-03  -7.1432767e-03   5.5685990e-03
  -3.5590830e-01   3.1087603e-01   2.0285355e-02  -4.1799526e-04  -6.3969740e-03   5.6183236e-03
  -4.0329593e-01   1.1424061e-01  -7.9019803e-02  -1.5883147e-03  -6.8183413e-03   6.0056253e-03
  -4.7532468e-01   2.2936491e-01   4.0065502e-02  -8.3286922e-04  -6.9408625e-03   6.4097183e-03
  -4.7248197e-01   1.4318946e-02  -7.8370073e-02  -1.7894263e-03  -6.8084400e-03   6.5899043e-03
  -5.1077265e-01   1.6864860e-01   1.5646785e-01  -7.4866841e-04  -6.6032424e-03   6.9780153e-03
  -4.9240616e-01  -6.5037159e-02   1.0530037e-02  -1.3612657e-03  -6.5660258e-03   6.9646799e-03
  -3.8280008e-01   5.1355756e-02   1.2964322e-01  -4.7606587e-04  -5.7126496e-03   2.4995663e-03
  -2.1122038e-01   2.3493207e-01  -1.9655779e-01   1.6486802e-03  -3.7707069e-03   2.4165191e-03
  -2.4512335e-01   2.6559035e-01  -3.7711443e-01  -2.9935816e-03  -5.1075527e-03   4.3615064e-03
  -2.3713319e-01   5.2363412e-01  -2.3850105e-02  -7.6440347e-04  -5.1275599e-03   4.2457709e-03
  -3.0109579e-01   2.2290147e-01  -4.1093552e-01  -2.9817542e-03  -6.3435112e-03   5.4390700e-03
  -2.8680843e-01   4.0530931e-01  -9.3025776e-02  -1.4347851e-03  -5.6397676e-03   5.6317800e-03
  -2.0200582e-01   1.1331918e-01  -3.4359255e-01  -1.9391792e-03  -4.6415302e-03   3.2739771e-03
  -3.0274631e-01   1.6791738e-01  -1.0956563e-01  -3.6214722e-03  -6.2238796e-03   5.3049692e-03
  -2.8167725e-01   1.5543361e-01  -1.6925256e-01  -2.3102643e-03  -5.6970479e-03   5.5350754e-03
  -3.3817235e-01   7.9855760e-02  -5.2044068e-02  -2.7215050e-03  -6.2158830e-03   6.3012437e-03
  -3.4044021e-01   6.0162047e-02  -1.6598971e-01  -3.2289124e-03  -5.9890188e-03   6.1405596e-03
  -4.0552755e-01  -1.0616195e-01  -2.5137399e-01  -5.0328392e-03  -6.6157629e-03   6.5137510e-03
  -4.0859644e-01   6.1694324e-02  -1.9110506e-02  -3.3149536e-03  -5.9954821e-03   7.3945280e-03
  -3.9880612e-01  -1.2999273e-01  -2.8172607e-01  -4.2291961e-03  -6.2128712e-03   7.0921975e-03
  -4.6154117e-01  -4.7984181e-02  -1.4695894e-01  -5.6929311e-03  -6.8635362e-03   7.7396831e-03
  -4.2048529e-01  -8.1222317e-02  -2.7061100e-01  -4.8562282e-03  -6.2172363e-03   7.5034328e-03
  -4.1408054e-01   1.9448472e-03  -2.7221223e-02  -4.2767084e-03  -6.3617639e-03   6.7584401e-03
  -2.0932060e-01   1.6496935e-01  -7.4453174e-02  -1.6824656e-03  -4.4847429e-03   3.4819445e-03
