   0.0000000e+00  -1.4210855e-14   1.4210855e-14   6.1629758e-33   0.0000000e+00   0.0000000e+00
  -7.4258072e-03   2.6496736e-03   3.2866320e-02   5.9448287e-04   2.0242157e-04   1.3924596e-04
  -5.2464692e-02   1.6564478e-01   1.8903459e-01  -1.3030784e-03  -1.7906557e-03  -6.4567593e-04
  -1.8650994e-01  -3.2492488e-02  -5.7381413e-01  -4.4881010e-03  -3.6916101e-03   2.3191299e-04
  -1.2214589e-01  -6.3832890e-02  -3.6788285e-01  -3.5264054e-03  -2.9486066e-03   4.8123458e-05
  -3.1208429e-01   1.8196948e-01  -2.2608285e-01   2.6836395e-03  -4.1874442e-03  -6.4000151e-03
  -2.1195963e-01   1.1716330e-01  -3.2357382e-01   2.7797200e-03  -3.8588289e-03  -3.7186003e-03
  -1.3678964e-01   2.5596576e-01  -6.1728277e-02   3.9109012e-03  -3.6730034e-03  -4.1055411e-03
  -1.2299749e-01   1.0208716e-01  -2.0196846e-01   3.4578239e-03  -3.3133668e-03  -3.5455897e-03
  -1.3019923e-01   1.8840739e-01  -1.2144158e-01   2.9588800e-03  -3.2716095e-03  -3.3087749e-03
  -1.1420169e-01   1.2480534e-01  -1.6435805e-01   3.1532293e-03  -2.8815942e-03  -3.3195244e-03
  -1.4064611e-01   2.1561651e-01  -2.4884463e-02   3.8002510e-03  -3.0729979e-03  -2.8468886e-03
  -1.3670944e-01   1.1127301e-01  -1.1724571e-01   3.7976270e-03  -2.8906264e-03  -2.8569572e-03
  -1.3716982e-01   1.4716916e-01  -4.5540938e-02   2.9141181e-03  -3.2153306e-03  -2.5704788e-03
  -1.1464051e-01   2.5615701e-01   8.3369662e-02   4.4587761e-03  -3.0146902e-03  -2.4264042e-03
  -1.3748745e-01   1.7215742e-01   2.8258776e-02   3.6954129e-03  -3.7146511e-03  -2.1554816e-03
  -1.2556373e-01   1.8543347e-01  -9.0490619e-03   4.5734290e-03  -3.2987760e-03  -1.9652942e-03
  -1.1283937e-01   2.4714812e-01   1.3781033e-01   4.6280407e-03  -3.4798282e-03  -1.4162983e-03
  -1.1730462e-01   1.1473786e-01   4.0792743e-02   4.1648499e-03  -3.6366471e-03  -1.5011438e-03
  -1.3502550e-01   1.8977457e-01   8.3591756e-02   4.4424674e-03  -3.3905800e-03  -1.2340769e-03
  -1.2963859e-01   2.2942572e-01   1.0529255e-01   4.7549352e-03  -3.4212570e-03  -1.0822886e-03
  -1.2790408e-01   1.6423285e-01   3.5931186e-02   4.8556640e-03  -3.2391227e-03  -1.0795206e-03
  -1.1884561e-01   2.6910506e-01   1.2367837e-01   5.7446598e-03  -2.9447740e-03  -1.1515117e-03
  -1.3358795e-01   1.9283516e-01   1.1936920e-01   4.5856849e-03  -3.3658251e-03  -9.0887586e-04
  -1.9543219e-01   1.2071163e-01  -1.4205930e-01   1.8562539e-05  -4.8622452e-03  -2.2168053e-03
  -4.7796590e-01  -9.7136127e-02  -1.3484898e+00  -9.4299856e-03  -7.8442918e-03  -2.3384928e-03
  -3.9709280e-01   1.1548198e-01  -7.2222239e-01  -7.3264563e-03  -8.6416948e-03  -2.7992977e-03
  -3.5084613e-01   1.2248678e-01  -6.0658696e-01  -4.0748666e-03  -7.0034264e-03  -2.9838735e-03
  -3.7151939e-01   9.1467739e-03  -5.1839194e-01  -4.3112512e-03  -7.8089076e-03  -2.0321262e-03
  -3.4004667e-01   2.3133099e-01  -2.9480605e-01  -2.6608614e-03  -7.0127452e-03  -2.2180995e-03
  -3.5676648e-01   3.8738851e-02  -4.3480584e-01  -2.4447346e-03  -7.0476802e-03  -1.9665972e-03
  -3.3965824e-01   1.7940110e-01  -3.1773389e-01  -2.3600146e-03  -6.4349412e-03  -1.9263034e-03
  -3.5505359e-01   1.0546418e-01  -3.5415076e-01  -2.7198629e-03  -6.7222320e-03  -1.6100674e-03
  -3.4312917e-01   1.6868227e-01  -4.5702943e-01  -1.9517309e-03  -5.3939291e-03  -1.6473760e-03
  -3.6402654e-01   2.0207305e-01  -3.5169860e-01  -3.6138893e-03  -6.7635415e-03  -8.9087174e-04
  -3.2179879e-01   1.3669488e-01  -3.9265589e-01  -2.4943849e-03  -5.8909383e-03  -1.3203670e-03
  -3.1548983e-01   2.2953124e-01  -1.6904558e-01  -2.2036744e-03  -6.3568036e-03  -1.1901298e-03
  -3.0988435e-01   9.4995911e-02  -6.0591437e-01  -6.7159146e-03  -7.1931643e-03  -2.3875257e-03
  -5.6136986e-01   1.4798000e-01  -1.4189251e+00  -1.9134092e-02  -1.5981115e-02  -2.4116138e-03
  -5.3926869e-01  -2.0630187e-02  -1.1281709e+00  -1.4555208e-02  -1.3477155e-02  -1.5200094e-03
  -5.3858146e-01   6.2607333e-02  -9.3640163e-01  -1.3155400e-02  -1.3335853e-02  -9.4868773e-04
  -5.1988268e-01  -2.6134453e-03  -9.9083772e-01  -1.2994372e-02  -1.2931615e-02  -9.8131726e-04
  -5.2671362e-01   7.4688948e-02  -9.0657505e-01  -1.1940132e-02  -1.2648698e-02  -8.0006028e-04
  -5.3294375e-01   1.8244519e-02  -8.8431348e-01  -1.2496903e-02  -1.3000223e-02  -4.4044190e-04
  -5.0990829e-01   2.3323073e-02  -9.2413977e-01  -1.1807513e-02  -1.2539907e-02  -5.1285868e-04
  -5.1172898e-01   1.4422440e-01  -7.1172939e-01  -1.1081469e-02  -1.2679930e-02  -4.9597250e-05
  -4.9365570e-01   2.3111351e-02  -8.8351903e-01  -1.0700884e-02  -1.2322620e-02  -1.6669118e-04
  -4.8174027e-01   1.1954563e-01  -7.8434151e-01  -1.0219560e-02  -1.1949766e-02  -2.6729283e-04
  -5.0651055e-01   1.3524838e-01  -6.7206391e-01  -1.0338924e-02  -1.2793028e-02   2.4994337e-04
  -4.9797432e-01   3.4717550e-02  -8.3147012e-01  -1.0105520e-02  -1.2265889e-02  -1.6966799e-04
  -4.6619246e-01   1.5677676e-01  -6.8680680e-01  -9.5211148e-03  -1.2062100e-02  -1.8423253e-04
  -4.8423823e-01   1.0807311e-01  -7.1560153e-01  -9.1974827e-03  -1.2464892e-02   6.4504264e-05
  -4.7062301e-01   8.4208862e-02  -7.2695154e-01  -9.3811119e-03  -1.2435955e-02   3.5363056e-04
  -4.4789636e-01   1.5467283e-01  -6.5966560e-01  -8.7828048e-03  -1.1817966e-02   2.8711769e-04
  -4.3916237e-01   1.2174872e-01  -6.2904172e-01  -9.5138259e-03  -1.2138180e-02   4.3814621e-04
  -4.2683297e-01   8.3841655e-02  -7.1651021e-01  -8.7095441e-03  -1.1875247e-02   2.8376421e-04
  -4.1239370e-01   1.7067206e-01  -5.8349050e-01  -8.6224020e-03  -1.1667981e-02   2.9257717e-04
  -4.2335090e-01   8.0164760e-02  -6.5095155e-01  -8.9815467e-03  -1.2011262e-02   4.0837802e-04
  -4.3679588e-01   1.2732914e-01  -6.2761617e-01  -7.7212109e-03  -1.1823127e-02   6.2794704e-04
  -3.9840305e-01   2.3172492e-01  -5.5641541e-01  -7.2071008e-03  -1.1368768e-02   4.0046164e-04
  -5.4009918e-01   2.7265981e-01  -6.7589737e-01  -1.0161443e-02  -1.5794887e-02   2.2534916e-03
  -4.4332786e-01   1.7289583e-01  -5.9627751e-01  -7.6887821e-03  -1.3283961e-02   1.1092180e-03
  -4.1233274e-01   2.3926183e-01  -4.9287266e-01  -7.1874941e-03  -1.3032715e-02   1.3451056e-03
  -4.3065187e-01   1.1256586e-01  -5.3104843e-01  -7.6193002e-03  -1.4396726e-02   2.0441606e-03
  -3.8733146e-01   1.9682936e-01  -4.6966181e-01  -6.3067122e-03  -1.3231831e-02   1.6285096e-03
  -3.9584799e-01   2.0870040e-01  -4.3332792e-01  -5.8492643e-03  -1.3309141e-02   1.8874686e-03
  -4.0316363e-01   1.1794559e-01  -5.9063974e-01  -6.3677658e-03  -1.3181005e-02   1.8023172e-03
  -3.8076794e-01   2.0492575e-01  -4.6809319e-01  -6.5255374e-03  -1.2446889e-02   1.7963543e-03
  -4.0192841e-01   1.2503122e-01  -5.2838559e-01  -6.7094564e-03  -1.2695938e-02   2.1009407e-03
  -3.9972303e-01   2.2248973e-01  -4.6684919e-01  -6.1439956e-03  -1.2387919e-02   2.0883723e-03
  -4.2213126e-01   2.3176945e-01  -3.8188187e-01  -6.4658577e-03  -1.2958380e-02   2.3945047e-03
  -4.1726273e-01   1.1977815e-01  -4.9027478e-01  -6.9231374e-03  -1.3034137e-02   2.4422470e-03
  -3.9437634e-01   2.3535352e-01  -4.1123044e-01  -5.6074966e-03  -1.2679250e-02   2.3264973e-03
  -4.1477629e-01   1.8100758e-01  -3.6963128e-01  -6.5516948e-03  -1.3694093e-02   2.7776039e-03
  -4.1035350e-01   1.6813138e-01  -4.0149381e-01  -5.1573514e-03  -1.3978108e-02   3.3480862e-03
  -3.4214332e-01   2.9750628e-01  -1.4260195e-01  -3.8736990e-03  -1.3111659e-02   2.8176107e-03
  -3.4291108e-01   1.6216922e-01  -2.8914078e-01  -4.5385239e-03  -1.3665001e-02   3.2829121e-03
  -3.6403322e-01   1.8445725e-01  -3.3412987e-01  -4.6640517e-03  -1.3036057e-02   2.7448463e-03
  -3.6659193e-01   1.9396107e-01  -2.9995356e-01  -5.0426231e-03  -1.3151359e-02   3.2521921e-03
  -3.5921386e-01   1.4237768e-01  -4.1804557e-01  -5.0207981e-03  -1.2770386e-02   3.1202136e-03
  -3.5679474e-01   2.4307226e-01  -3.2030884e-01  -4.4793479e-03  -1.2504539e-02   3.4475356e-03
  -3.6136445e-01   1.8986077e-01  -3.2971540e-01  -5.4511660e-03  -1.2860102e-02   3.5124894e-03
  -3.4994588e-01   1.6847021e-01  -3.8257080e-01  -4.9844815e-03  -1.2520280e-02   3.5494130e-03
  -3.5823887e-01   2.5074879e-01  -2.8257940e-01  -4.7855454e-03  -1.2720226e-02   3.2397075e-03
  -3.4503509e-01   1.4364776e-01  -3.8277924e-01  -5.8629367e-03  -1.3008574e-02   3.0104504e-03
  -3.2510938e-01   1.8718631e-01  -3.7179840e-01  -4.8387796e-03  -1.2590385e-02   3.0308879e-03
  -3.3201357e-01   2.2877870e-01  -2.1820167e-01  -5.3203146e-03  -1.3319908e-02   3.4096584e-03
  -3.4262565e-01   1.2363603e-01  -3.9264462e-01  -5.0617913e-03  -1.3108311e-02   3.4554325e-03
  -3.5341061e-01   2.2255644e-01  -2.9936477e-01  -5.2911351e-03  -1.3138453e-02   3.2648600e-03
  -3.5862986e-01   1.0066461e-01  -3.9300142e-01  -5.9069260e-03  -1.3506486e-02   3.1918766e-03
  -3.5050037e-01   1.6918900e-01  -3.8248321e-01  -5.1021842e-03  -1.3115038e-02   3.0250581e-03
  -3.3458785e-01   2.3170658e-01  -2.4395653e-01  -5.3043910e-03  -1.3149978e-02   2.8449715e-03
  -3.2777362e-01   1.1312772e-01  -4.1574752e-01  -5.2302197e-03  -1.3156018e-02   3.3220984e-03
  -2.8775427e-01   2.8977419e-01  -1.8224853e-01  -5.0639054e-03  -1.3460985e-02   3.0222840e-03
  -2.6405306e-01   9.8943857e-02  -7.0360972e-01  -3.1371409e-03  -1.3926056e-02   3.2440947e-03
  -2.8873420e-01   6.2857828e-02  -5.3445481e-01  -6.0903740e-03  -1.5007310e-02   3.5985591e-03
  -2.7689335e-01   2.5199831e-01  -1.6106188e-01  -5.0523510e-03  -1.5031210e-02   3.2301620e-03
  -2.8843142e-01   8.6862692e-02  -2.9595704e-01  -5.7444781e-03  -1.5684004e-02   3.6590004e-03
  -2.7138855e-01   1.8218455e-01  -2.7984585e-01  -4.6727793e-03  -1.4635956e-02   3.4411981e-03
  -3.0188311e-01   8.6890092e-02  -4.3862749e-01  -6.2497435e-03  -1.4712154e-02   3.2083792e-03
  -2.8700421e-01   1.2508873e-01  -4.2092593e-01  -6.0146124e-03  -1.4396728e-02   3.4509255e-03
  -3.0531654e-01   1.8751185e-01  -3.4749013e-01  -5.3277746e-03  -1.4646752e-02   3.7444536e-03
  -3.2338998e-01   1.4683304e-01  -3.3542681e-01  -6.1073952e-03  -1.5001409e-02   3.9746582e-03
  -3.1730908e-01   1.3991769e-01  -4.0983381e-01  -5.8794297e-03  -1.4614701e-02   4.0054276e-03
  -3.2319554e-01   1.7396221e-01  -2.6293446e-01  -6.5631051e-03  -1.5031573e-02   3.9485546e-03
  -3.0717895e-01   4.8974077e-02  -4.3260649e-01  -7.1051285e-03  -1.4974701e-02   3.8673402e-03
  -3.3224221e-01   2.0872695e-01  -2.7463062e-01  -5.8600939e-03  -1.4915745e-02   4.0058390e-03
  -3.6682608e-01   6.3149991e-02  -3.8067591e-01  -7.4035619e-03  -1.5588609e-02   4.2748436e-03
  -3.2160169e-01   1.3439065e-01  -3.9644045e-01  -5.8540177e-03  -1.4716298e-02   4.0864730e-03
  -3.1405030e-01   1.7728894e-01  -2.6452094e-01  -6.1435813e-03  -1.4836614e-02   3.9769100e-03
  -3.3900700e-01   9.7383502e-02  -3.4451265e-01  -6.7020815e-03  -1.5049782e-02   4.2429368e-03
  -4.5425767e-01   1.2385578e-01  -5.7209240e-01  -6.6677114e-03  -1.6030289e-02   3.1927392e-03
  -3.7498592e-01   1.6505801e-01  -3.1547007e-01  -7.0327553e-03  -1.5449416e-02   3.3396955e-03
  -3.4224598e-01   3.5847054e-02  -4.2696007e-01  -7.5486670e-03  -1.5691951e-02   3.3472556e-03
  -3.4419001e-01   1.9446719e-01  -2.6599543e-01  -5.9160201e-03  -1.5622310e-02   3.4297159e-03
  -3.7499050e-01   1.2916765e-01  -3.1819990e-01  -6.6364354e-03  -1.6094554e-02   3.9377316e-03
  -3.6519834e-01   9.7459586e-02  -4.3077277e-01  -7.0984368e-03  -1.6304724e-02   3.7829921e-03
  -3.6219549e-01   1.6705566e-01  -2.9708781e-01  -6.6228844e-03  -1.5805517e-02   3.4628453e-03
  -3.7077949e-01   8.0532047e-02  -3.6997982e-01  -7.9569048e-03  -1.6703991e-02   3.7495450e-03
  -3.5312397e-01   9.9766291e-02  -3.5859008e-01  -6.9301044e-03  -1.6279684e-02   3.7297094e-03
  -3.7198585e-01   1.3640242e-01  -2.5885198e-01  -7.5420319e-03  -1.7077015e-02   3.5776536e-03
  -3.9090626e-01   9.3705827e-02  -3.5638786e-01  -7.0233905e-03  -1.6687894e-02   3.6660797e-03
  -3.6436495e-01   1.8380239e-01  -2.6368417e-01  -6.7015376e-03  -1.6735949e-02   3.5222520e-03
  -4.0137272e-01   1.1971523e-01  -2.8105067e-01  -7.3289954e-03  -1.7215988e-02   3.6252149e-03
  -4.1893740e-01   9.9760852e-02  -3.6906184e-01  -7.5296506e-03  -1.7192206e-02   3.7615299e-03
  -4.1945088e-01   1.0383327e-01  -4.9921128e-01  -9.4333878e-03  -1.8156508e-02   1.5258448e-03
  -5.3156526e-01   2.5059771e-01  -7.7326985e-01  -1.0626586e-02  -2.0387504e-02   1.0874249e-03
  -4.8887514e-01   2.4576131e-01  -7.6223009e-01  -8.3190458e-03  -1.6915573e-02   9.2911462e-04
  -5.0100398e-01  -1.1246304e-03  -8.7694314e-01  -8.8028905e-03  -1.8064566e-02   2.0010583e-03
  -5.0347485e-01   1.0624787e-01  -7.3357922e-01  -8.8232481e-03  -1.8372758e-02   2.1629075e-03
  -4.9440935e-01   7.5228158e-02  -7.3585898e-01  -8.3599005e-03  -1.8347316e-02   2.3189992e-03
  -5.1603726e-01   1.0475259e-01  -6.6957401e-01  -8.4290297e-03  -1.8392139e-02   2.4159308e-03
  -5.2564573e-01   6.6126923e-02  -6.8433601e-01  -8.6662969e-03  -1.8544918e-02   2.4398809e-03
  -6.0437425e-01   9.8938368e-02  -6.0795130e-01  -8.2555217e-03  -1.8294563e-02   4.6452636e-04
  -6.3685675e-01   4.0710784e-02  -5.7488179e-01  -9.3653151e-03  -1.9833751e-02   1.2110441e-03
  -6.0394403e-01   6.5526686e-02  -6.2170366e-01  -9.0350730e-03  -1.9125600e-02   1.1069498e-03
  -6.3438228e-01   1.3394024e-01  -4.1705431e-01  -9.0484600e-03  -1.9655931e-02   1.7214854e-03
  -7.4621349e-01  -8.8366031e-02  -5.5382167e-01  -1.2245812e-02  -2.1509699e-02   2.7304072e-03
  -6.9284303e-01   4.2857836e-02  -4.4601880e-01  -1.0355573e-02  -2.0933265e-02   2.7125343e-03
  -6.6163555e-01  -3.5444065e-02  -4.2878514e-01  -1.1047829e-02  -2.1805823e-02   2.7649344e-03
  -6.3512700e-01   2.5538308e-02  -5.3087818e-01  -9.5507988e-03  -2.0790595e-02   2.4794724e-03
  -6.7006647e-01   9.3952399e-03  -4.9099007e-01  -1.0098338e-02  -2.1622938e-02   2.8698527e-03
  -6.7787665e-01   3.2808745e-02  -4.9006479e-01  -9.5266168e-03  -2.1265386e-02   2.7948870e-03
  -6.9832777e-01  -2.3817967e-02  -4.7401379e-01  -1.0266452e-02  -2.1658198e-02   2.9708657e-03
  -7.3205210e-01  -1.2955704e-02  -5.0147497e-01  -1.0537571e-02  -2.1970310e-02   3.0980235e-03
  -6.9104151e-01   7.0078162e-02  -3.5434157e-01  -1.0152530e-02  -2.2182103e-02   2.5844068e-03
  -7.0918112e-01  -4.0640908e-02  -5.7874184e-01  -1.0296141e-02  -2.1884797e-02   2.3271039e-03
  -7.0601389e-01   1.0491007e-01  -2.8720248e-01  -9.9807959e-03  -2.2326021e-02   2.7062498e-03
  -7.2783989e-01  -8.3849159e-02  -4.7173634e-01  -1.0822539e-02  -2.2412358e-02   2.8645859e-03
  -6.8608365e-01   6.0665298e-02  -3.0940942e-01  -1.0120686e-02  -2.2259123e-02   2.3334873e-03
  -7.2061557e-01  -4.7571000e-02  -4.1352129e-01  -1.0457917e-02  -2.2916277e-02   2.8245023e-03
  -7.3808602e-01   7.2016900e-02  -3.5227416e-01  -9.9163377e-03  -2.3778469e-02   3.2083551e-03
  -7.2508290e-01   2.2931774e-02  -2.4572926e-01  -1.0824008e-02  -2.3929491e-02   2.9178354e-03
  -7.0846867e-01  -2.2815453e-02  -4.2547293e-01  -9.5266547e-03  -2.3341550e-02   2.5157597e-03
  -7.3290944e-01   2.5239925e-02  -3.0680473e-01  -1.0300956e-02  -2.4036676e-02   2.7569613e-03
  -7.3821355e-01  -1.0298566e-02  -3.9187288e-01  -9.8422355e-03  -2.3906811e-02   2.9563990e-03
  -7.3091196e-01   1.7662110e-02  -2.7197974e-01  -1.0760911e-02  -2.4258739e-02   2.6253112e-03
  -7.4325199e-01  -1.2582949e-03  -3.2959340e-01  -9.5839494e-03  -2.4046371e-02   2.6921626e-03
  -7.3647927e-01   3.0239573e-02  -2.5071509e-01  -1.0742591e-02  -2.4289203e-02   2.7051801e-03
  -7.3530815e-01   1.3828592e-02  -3.4590947e-01  -9.3242695e-03  -2.4025523e-02   2.6796442e-03
  -7.5281366e-01   5.0988179e-02  -2.7210001e-01  -9.8261592e-03  -2.4029482e-02   2.5756869e-03
  -7.5654216e-01  -3.6864989e-02  -3.6868647e-01  -9.9527650e-03  -2.4021753e-02   2.7677820e-03
  -8.4381671e-01   7.2823602e-03  -2.5520385e-01  -1.1463418e-02  -2.3337803e-02   2.5777054e-03
  -8.9991037e-01  -6.3726094e-02  -3.3102417e-01  -1.1976252e-02  -2.4448876e-02   2.8245523e-03
  -8.3564683e-01   7.9984990e-02  -9.5425168e-02  -1.1072937e-02  -2.5012179e-02   2.1539220e-03
  -8.3187215e-01  -7.7006566e-02  -3.9216683e-01  -1.1260357e-02  -2.4630932e-02   1.9710318e-03
  -8.7399673e-01   9.2998363e-02  -1.5651259e-01  -1.0765218e-02  -2.4926552e-02   1.9739648e-03
  -8.8112545e-01  -5.6906348e-02  -3.2976511e-01  -1.1212036e-02  -2.4846674e-02   2.0025607e-03
  -8.1712380e-01   4.5114964e-02  -2.5725771e-01  -1.0378949e-02  -2.4247986e-02   1.1017997e-03
  -8.2611242e-01   2.9255838e-02  -2.1830599e-01  -1.0276291e-02  -2.5292082e-02   1.5941528e-03
  -8.4138057e-01  -3.1766315e-02  -3.3561753e-01  -1.0834456e-02  -2.5695054e-02   1.9050151e-03
  -8.2954488e-01   9.6253569e-02  -1.9104472e-01  -9.9201413e-03  -2.5166867e-02   1.5506641e-03
  -8.6684531e-01   8.4237723e-04  -1.4097025e-01  -1.0925059e-02  -2.6104855e-02   1.9105815e-03
  -8.3605523e-01   4.5467841e-02  -1.6878934e-01  -9.6886895e-03  -2.5155721e-02   1.4043042e-03
  -8.5328091e-01  -3.8408837e-02  -3.0957682e-01  -1.0006566e-02  -2.5540123e-02   1.5123941e-03
  -8.6846823e-01   1.4161583e-02  -1.9729436e-01  -1.0944144e-02  -2.5859274e-02   1.5760331e-03
  -8.7551657e-01   6.5467973e-02  -1.0822334e-01  -9.2282443e-03  -2.5318791e-02   1.3450142e-03
  -9.1089895e-01  -2.7796845e-02  -1.8185450e-01  -1.0198570e-02  -2.5736789e-02   1.3699511e-03
  -9.6519852e-01  -9.8799214e-02  -1.1308737e-01  -1.2504217e-02  -2.6001855e-02   1.8271804e-03
  -1.1527785e+00  -1.2106552e-01  -1.2024564e-01  -1.3421158e-02  -2.8960788e-02   3.3940914e-03
  -1.0235573e+00   4.7419212e-02   4.1572724e-03  -1.0693139e-02  -2.6781712e-02   1.9144105e-03
  -1.0181822e+00  -1.0770492e-01  -2.2870736e-01  -1.1963232e-02  -2.7176088e-02   1.9518603e-03
  -1.0279490e+00   5.0014735e-02  -4.6944147e-02  -1.0613326e-02  -2.6956697e-02   2.0478352e-03
  -1.0563477e+00  -1.3504777e-02  -3.6611220e-02  -1.1618232e-02  -2.7176609e-02   2.4202260e-03
  -1.0577635e+00  -5.3997675e-02  -1.6173897e-01  -1.1375460e-02  -2.6777135e-02   2.3935075e-03
  -1.0971847e+00  -2.8697802e-02  -7.4323909e-02  -1.1999429e-02  -2.7093985e-02   2.5961596e-03
  -1.1700473e+00  -8.7384181e-02  -8.0428750e-02  -1.3127040e-02  -2.7873479e-02   3.2185347e-03
  -1.1354252e+00  -1.0418023e-01  -1.0969364e-01  -1.3227311e-02  -2.8048102e-02   2.9541528e-03
  -9.9470285e-01   8.6617259e-02  -3.4010474e-01  -9.0193219e-03  -2.1866558e-02  -1.9728822e-03
  -1.1867813e+00   1.2269335e-01  -1.3267340e+00  -1.2835077e-03  -1.9531549e-02  -4.7193834e-03
  -1.1518833e+00   2.3068905e-01  -9.2159161e-01  -1.8285085e-03  -1.9405714e-02  -5.6844803e-03
  -1.2090683e+00   1.8778428e-01  -6.2704623e-01  -3.5042440e-03  -2.2413982e-02  -4.7791598e-03
  -1.2202178e+00   2.0481752e-01  -4.7901073e-01  -4.0004151e-03  -2.2139207e-02  -5.3839826e-03
  -1.2249175e+00   2.1566685e-01  -3.5755959e-01  -4.5394825e-03  -2.1724630e-02  -5.1597579e-03
  -1.2558368e+00   1.2990505e-01  -5.2985916e-01  -4.8573622e-03  -2.2114746e-02  -5.0549345e-03
  -1.2464134e+00   2.1701884e-01  -3.7746002e-01  -5.2635950e-03  -2.1886503e-02  -4.9101695e-03
  -1.2724361e+00   6.1341741e-02  -5.1762422e-01  -6.2195391e-03  -2.2487142e-02  -4.5344242e-03
  -1.2939309e+00   1.4237547e-01  -3.2539358e-01  -6.4271939e-03  -2.2886291e-02  -3.7094910e-03
  -1.3309737e+00  -3.8829033e-02  -4.6527063e-01  -1.0800263e-02  -2.4909922e-02  -1.9479909e-03
  -1.2964491e+00   3.9031740e-02  -3.0833438e-01  -1.0296605e-02  -2.5853736e-02  -2.4540119e-03
  -1.2302757e+00   1.4476635e-01  -2.9466780e-01  -9.1903978e-03  -2.4023603e-02  -3.8367672e-03
  -1.3079075e+00   7.1749563e-02  -5.4113905e-01  -1.0646715e-02  -2.6126197e-02  -3.3529253e-03
  -1.2813377e+00   9.5289252e-02  -4.9270302e-01  -8.7878178e-03  -2.5177264e-02  -3.9552550e-03
  -1.3005797e+00   6.4587178e-02  -4.3315463e-01  -9.0925145e-03  -2.5487902e-02  -3.8276640e-03
  -1.3079755e+00   2.3313818e-02  -4.0505567e-01  -9.3810135e-03  -2.5725982e-02  -3.8261364e-03
  -1.3279162e+00   1.0954793e-01  -3.1360438e-01  -8.2595682e-03  -2.5358845e-02  -3.6296998e-03
  -1.3259047e+00   4.0043971e-02  -4.4513918e-01  -8.8246614e-03  -2.5208762e-02  -3.3800596e-03
  -1.3747661e+00  -8.9351762e-03  -4.6172279e-01  -1.2166760e-02  -2.5420350e-02  -2.8972180e-03
  -1.4331215e+00  -1.7382508e-02  -5.1548405e-01  -1.1890941e-02  -2.6600825e-02  -2.7776362e-03
  -1.3994351e+00   4.9226225e-02  -2.3002268e-01  -1.1965172e-02  -2.7589737e-02  -2.9727588e-03
  -1.3542628e+00   9.2476970e-02  -3.0302977e-01  -9.5892002e-03  -2.6193117e-02  -3.8860850e-03
  -1.3882336e+00   3.0766757e-02  -3.5196941e-01  -1.0922856e-02  -2.7315636e-02  -3.2910773e-03
  -1.3490154e+00   5.0661690e-02  -4.3793802e-01  -1.0280574e-02  -2.6183876e-02  -3.7783915e-03
  -1.3422779e+00   9.1581221e-02  -2.5724462e-01  -9.8606722e-03  -2.6124426e-02  -3.9280066e-03
  -1.3732579e+00   2.2812390e-02  -3.3618997e-01  -9.8852364e-03  -2.6557920e-02  -3.6320870e-03
  -1.3951496e+00   3.1711424e-02  -3.6341142e-01  -1.0089720e-02  -2.6497375e-02  -3.3116772e-03
  -1.3810766e+00   8.3143748e-02  -3.2494216e-01  -1.0179847e-02  -2.5892779e-02  -3.4108619e-03
  -1.3994167e+00   6.1857172e-02  -3.0768270e-01  -9.9632516e-03  -2.6973985e-02  -2.9060218e-03
  -1.4728055e+00  -3.2244970e-03  -3.0846433e-01  -8.5889061e-03  -2.7204846e-02  -3.3378216e-03
  -1.5264203e+00   1.8874357e-01  -1.3576615e-02  -6.2093043e-03  -2.8560617e-02  -3.2173596e-03
  -1.5381199e+00  -6.3693364e-02  -3.3041324e-01  -8.7688974e-03  -2.8928294e-02  -2.7794630e-03
  -1.4837044e+00  -1.0845331e-01  -2.6939772e-01  -1.2903136e-02  -2.7121722e-02  -2.8852194e-03
  -1.4893403e+00  -3.8271440e-02  -2.2171732e-01  -1.1770465e-02  -2.8659005e-02  -2.8653766e-03
  -1.4203747e+00  -2.4858129e-02  -2.7444081e-01  -1.0040416e-02  -2.7647558e-02  -3.6069596e-03
  -1.4425042e+00   5.5783626e-02  -7.5722893e-03  -1.0302932e-02  -2.8662001e-02  -3.3436067e-03
  -1.3999104e+00  -2.4572773e-03  -2.0994787e-01  -9.7648850e-03  -2.7375804e-02  -3.7178650e-03
  -1.4236960e+00   1.0723614e-01  -8.3057277e-02  -9.2725764e-03  -2.7847695e-02  -3.3157309e-03
  -1.5198294e+00  -9.6584779e-02  -5.0083683e-01  -1.4806055e-02  -2.8811980e-02  -4.4562577e-03
  -1.5753978e+00  -2.9554533e-02  -1.1434721e+00  -1.7316287e-02  -3.0909715e-02  -1.4687906e-03
  -1.5411137e+00  -1.0814369e-01  -8.1615459e-01  -1.5090699e-02  -3.0886935e-02  -3.1149799e-03
  -1.6081926e+00   3.1257192e-02  -5.0538156e-01  -1.4825199e-02  -3.1559357e-02  -3.2458567e-03
  -1.6288871e+00  -1.1743319e-01  -7.2686779e-01  -1.4823916e-02  -3.1456596e-02  -3.4360370e-03
  -1.6399977e+00  -3.1561148e-02  -5.6645201e-01  -1.4681715e-02  -3.1513834e-02  -3.3165212e-03
  -1.6657527e+00  -8.4841296e-02  -4.7943432e-01  -1.5266054e-02  -3.2579900e-02  -2.6419793e-03
  -1.6846812e+00  -1.0139214e-01  -5.1531991e-01  -1.4620915e-02  -3.2210781e-02  -2.6117594e-03
  -1.6905189e+00  -9.5509375e-02  -5.4387866e-01  -1.4236602e-02  -3.1867218e-02  -2.3031687e-03
  -1.6983241e+00   1.8339661e-02  -3.6841568e-01  -1.3339052e-02  -3.2077647e-02  -2.1116440e-03
  -1.7129488e+00  -1.6507012e-01  -5.5322645e-01  -1.4203325e-02  -3.1542156e-02  -2.3782520e-03
  -1.6247706e+00  -5.0751091e-02  -2.5665469e-01  -1.4422597e-02  -3.1942621e-02  -1.2440304e-03
  -1.5824267e+00  -1.5375104e-01  -1.1172503e-01  -1.7633269e-02  -3.2476265e-02  -8.3247022e-04
  -1.2452530e+00  -3.6469717e-01  -7.3790584e-01  -2.0809358e-02  -2.7366359e-02   9.9620424e-04
  -1.2872037e+00  -6.5930012e-02  -4.9219998e-02  -1.8821087e-02  -2.8904347e-02  -1.4172608e-03
  -1.2949754e+00   8.4906014e-02   9.2173591e-02  -1.6680072e-02  -2.9586745e-02  -1.6663311e-03
  -1.3420657e+00  -8.2861909e-02  -7.8553572e-02  -1.6149527e-02  -2.9951083e-02  -1.2538343e-03
  -1.3805609e+00  -3.1423765e-02   3.8381647e-02  -1.6226342e-02  -3.0271723e-02  -7.6374355e-04
  -1.4074381e+00  -8.6693225e-02   2.0830760e-02  -1.5391258e-02  -2.9845335e-02  -1.4578538e-04
  -1.3963768e+00   1.0831849e-03   9.0824769e-02  -1.5519705e-02  -2.9204607e-02  -5.5300769e-04
  -1.4482665e+00  -1.4247079e-01   1.1558199e-02  -1.6559151e-02  -3.0789403e-02  -2.4524832e-05
  -1.3999169e+00  -3.2143317e-02   8.7182024e-02  -1.5573699e-02  -3.0033190e-02  -6.8139629e-04
  -1.4682752e+00  -1.2719981e-01   9.0917574e-02  -1.7085728e-02  -3.0691448e-02   1.1349410e-04
  -1.4470871e+00  -1.4080830e-01   1.0631497e-02  -1.6288077e-02  -3.0170278e-02   1.6489231e-04
  -1.4312988e+00  -3.1325076e-02   1.7080872e-01  -1.5665151e-02  -2.9805462e-02  -3.4907188e-05
  -1.4689967e+00  -1.7820052e-01  -7.2239879e-02  -1.6650489e-02  -3.0219184e-02   1.4655316e-04
  -1.4431967e+00  -3.9525767e-02   1.6954395e-01  -1.6065587e-02  -3.0185573e-02  -1.3742816e-04
  -1.4932335e+00  -1.5980310e-01   5.3051128e-02  -1.6741124e-02  -3.0713863e-02   4.9180876e-04
  -1.4439239e+00   5.2586258e-02   2.0580241e-01  -1.4924781e-02  -2.9495021e-02  -8.2465465e-04
  -1.4616670e+00  -1.4355352e-01   1.0971956e-01  -1.5974145e-02  -2.9559856e-02  -7.7923112e-05
  -1.3848981e+00   3.9547825e-02   4.1076493e-01  -1.5170655e-02  -2.9554173e-02  -5.5535689e-04
  -1.4421479e+00  -1.5131859e-01   1.6240520e-02  -1.5578432e-02  -2.9783495e-02  -2.8012265e-04
  -1.4549548e+00   3.0784614e-02   3.3835251e-01  -1.4823063e-02  -3.0066148e-02  -3.8913112e-04
  -1.4755830e+00  -1.1618154e-01   1.6899002e-01  -1.5217658e-02  -2.9875262e-02  -1.7711956e-04
  -1.4655945e+00  -2.5978635e-02   2.8475305e-01  -1.4899881e-02  -2.9628206e-02  -3.2046478e-04
  -1.5095143e+00  -1.4227513e-01   2.4499400e-01  -1.7032487e-02  -2.9966288e-02   6.6324060e-04
  -1.6632778e+00  -1.9988860e-01   9.7005927e-02  -1.8732828e-02  -3.1576091e-02   2.0410707e-03
  -1.5863642e+00  -1.0081673e-01   2.6096379e-01  -1.7661363e-02  -3.2256239e-02   5.2183070e-04
  -1.5276305e+00  -1.2618758e-01   1.5194323e-01  -1.6206731e-02  -3.1337961e-02  -1.2920638e-04
  -1.5666467e+00  -1.7565668e-02   3.3336856e-01  -1.6175304e-02  -3.2029175e-02   8.6510793e-05
  -1.5504866e+00  -1.5454802e-01   7.2940649e-02  -1.6102303e-02  -3.1670612e-02   1.5371439e-04
  -1.5843945e+00  -1.0998628e-02   3.2336605e-01  -1.6649812e-02  -3.2432112e-02   4.7170082e-05
  -1.6306701e+00  -9.9840236e-02   4.1668868e-02  -1.6969571e-02  -3.2389512e-02   4.8276045e-04
  -1.5835007e+00  -2.0570822e-01   8.1604099e-02  -1.9006469e-02  -3.1378568e-02  -5.1141512e-04
  -1.5676063e+00  -1.4740822e-01   2.3994620e-01  -1.8724979e-02  -3.2525774e-02  -2.5462134e-04
  -1.5594802e+00  -6.5385266e-02   2.7924244e-01  -1.6110422e-02  -3.2017570e-02  -4.2953299e-04
  -1.5691031e+00  -1.1628580e-01   2.6853633e-01  -1.7292553e-02  -3.2855406e-02  -1.8407536e-04
  -1.5634530e+00  -8.9547051e-02   2.3874218e-01  -1.6001777e-02  -3.2200189e-02  -4.7923596e-04
  -1.5707621e+00  -5.5543403e-02   3.9799319e-01  -1.6673963e-02  -3.2720424e-02  -3.6905081e-04
  -1.6134785e+00  -1.7439054e-01   2.3432932e-01  -1.6488395e-02  -3.2753467e-02  -4.0932642e-04
  -1.6345812e+00  -9.2424666e-02   3.3032557e-01  -1.6777497e-02  -3.2867821e-02  -4.4608882e-04
  -1.6675857e+00  -1.5451223e-01   2.7021838e-01  -1.8085316e-02  -3.3124706e-02  -7.6166227e-04
  -1.6559607e+00  -2.1962435e-01   9.2212679e-02  -2.1648302e-02  -3.2181968e-02  -1.0059852e-03
  -1.6478965e+00  -2.4659834e-01   7.1245330e-02  -2.1264912e-02  -3.3317692e-02  -1.0623505e-03
  -1.6118739e+00  -4.9655384e-03   4.4007836e-01  -1.8209616e-02  -3.3727076e-02  -1.2102536e-03
  -1.6043485e+00  -2.3720354e-01   1.0781668e-01  -1.8035823e-02  -3.3230823e-02  -1.5553293e-03
  -1.6226507e+00  -2.0917802e-02   3.7302454e-01  -1.7698467e-02  -3.3924877e-02  -1.3578517e-03
  -1.6444723e+00  -1.8976331e-01   2.0684024e-01  -1.7952520e-02  -3.4002080e-02  -1.0886367e-03
  -1.6653971e+00  -1.0429199e-01   2.6440810e-01  -1.8459137e-02  -3.3598799e-02  -9.6612359e-04
  -1.7519843e+00  -1.6155240e-01  -6.1603888e-03  -2.0977984e-02  -3.4503983e-02  -3.9017892e-04
  -1.7039059e+00  -2.0718732e-01  -2.1231798e-02  -2.3719286e-02  -3.4137628e-02  -1.2280789e-03
  -1.5941516e+00  -3.5771961e-01  -5.9552809e-01  -3.0660082e-02  -3.4231611e-02  -3.1338030e-03
  -1.6169877e+00  -3.0016694e-01  -2.8462705e-01  -2.5087907e-02  -3.3595171e-02  -3.4455479e-03
  -1.6445447e+00  -8.8884637e-02   2.7556471e-01  -2.2349782e-02  -3.5672226e-02  -2.5386479e-03
  -1.6373153e+00  -1.7031695e-01   7.7340874e-02  -2.0539804e-02  -3.4483586e-02  -3.2319322e-03
  -1.6672226e+00  -8.4112974e-02   2.7450347e-01  -2.0057220e-02  -3.5728536e-02  -2.6232053e-03
  -1.6818683e+00  -2.0425744e-01   1.2897220e-01  -2.0157635e-02  -3.5215105e-02  -2.9112784e-03
  -1.6745789e+00  -1.0956964e-01   2.9082402e-01  -2.0386034e-02  -3.5306934e-02  -2.7476476e-03
  -1.6603409e+00  -2.0241164e-01   1.2479089e-01  -1.9795290e-02  -3.5025774e-02  -3.0828066e-03
  -1.6792553e+00  -1.0629944e-01   2.5284443e-01  -1.9709474e-02  -3.5156575e-02  -2.7640006e-03
  -1.6930714e+00  -2.1756760e-01   1.2945032e-01  -2.0017266e-02  -3.5559215e-02  -2.6090956e-03
  -1.6706396e+00  -8.1669492e-02   2.8083294e-01  -1.9143314e-02  -3.5164006e-02  -2.2669762e-03
  -1.7077041e+00  -1.7616457e-01   1.7417225e-01  -1.9827779e-02  -3.5971178e-02  -2.0225809e-03
  -1.6693218e+00  -1.8236996e-01   1.6024068e-01  -1.9908696e-02  -3.5133906e-02  -2.3873948e-03
  -1.6999208e+00  -1.4493854e-01   2.9368325e-01  -1.9854770e-02  -3.5783070e-02  -2.0498747e-03
  -1.7034551e+00  -2.3320574e-01   1.4554104e-01  -2.0867891e-02  -3.5412225e-02  -1.9604891e-03
  -1.6767483e+00  -1.2058954e-01   2.8484747e-01  -1.9941444e-02  -3.5591274e-02  -2.2145078e-03
  -1.7024728e+00  -2.4788625e-01   1.7811586e-01  -2.0501524e-02  -3.6157077e-02  -1.9239122e-03
  -1.6449880e+00  -2.0320249e-01   2.8120758e-01  -2.1052187e-02  -3.6579115e-02  -6.5570235e-04
  -1.6692478e+00  -2.4815223e-01   2.4443009e-01  -2.0708211e-02  -3.6591825e-02  -9.5561110e-04
  -1.6404079e+00  -1.2462356e-01   2.8430799e-01  -1.9639928e-02  -3.6411888e-02  -1.3761425e-03
  -1.6527878e+00  -2.0267831e-01   1.8377756e-01  -2.0999435e-02  -3.6703653e-02  -1.2253427e-03
  -1.6638318e+00  -1.4695912e-01   2.3624581e-01  -1.9889898e-02  -3.6117805e-02  -1.4702618e-03
  -1.6866020e+00  -1.7491130e-01   2.7512530e-01  -2.0019861e-02  -3.6499320e-02  -1.0982182e-03
  -1.6692916e+00  -2.2389469e-01   2.3722962e-01  -2.1100830e-02  -3.6349090e-02  -1.5021364e-03
  -1.6438654e+00  -1.3025959e-01   3.0283590e-01  -1.9536765e-02  -3.5934969e-02  -1.5857184e-03
  -1.6592227e+00  -1.7864138e-01   2.6310173e-01  -2.0151494e-02  -3.6517682e-02  -1.3187842e-03
  -1.6593133e+00  -1.7794341e-01   2.1698026e-01  -1.9706763e-02  -3.6314558e-02  -1.6267029e-03
  -1.6488723e+00  -9.6914184e-02   4.0989896e-01  -1.9814932e-02  -3.6327836e-02  -1.9338136e-03
  -1.6669367e+00  -2.4506768e-01   1.8307542e-01  -2.0748042e-02  -3.6751051e-02  -1.5736952e-03
  -1.6640515e+00  -1.0345429e-01   2.7398058e-01  -1.9617150e-02  -3.6107545e-02  -2.1915994e-03
  -1.7497852e+00  -2.0244216e-01   1.5882244e-02  -2.2715621e-02  -3.7464371e-02  -3.0763000e-03
  -1.8328861e+00  -3.4067719e-01  -6.6956467e-02  -2.7801608e-02  -3.8085567e-02  -3.5036751e-03
  -1.8193070e+00  -2.9767999e-01   8.3074234e-02  -2.5115022e-02  -3.8792664e-02  -2.4145901e-03
  -1.7743524e+00  -7.9383174e-02   3.8927373e-01  -2.2446281e-02  -3.8225753e-02  -2.4967973e-03
  -1.7732026e+00  -3.1561646e-01   1.2037097e-01  -2.2063015e-02  -3.7746886e-02  -2.7868104e-03
  -1.7753850e+00  -1.1513301e-01   3.3354714e-01  -2.1857344e-02  -3.8164395e-02  -2.3967469e-03
  -1.7521088e+00  -2.5303436e-01   1.0463171e-01  -2.1892780e-02  -3.7550998e-02  -2.8333237e-03
  -1.7739459e+00  -1.4297474e-01   3.0457808e-01  -2.1530283e-02  -3.7826621e-02  -2.4377644e-03
  -1.7811151e+00  -2.5525340e-01   1.8205404e-01  -2.2002625e-02  -3.8164846e-02  -2.6930640e-03
  -1.7728252e+00  -1.4627288e-01   2.6084577e-01  -2.0996003e-02  -3.7839031e-02  -2.8375927e-03
  -1.7836440e+00  -2.2017990e-01   2.0939039e-01  -2.1577271e-02  -3.8160571e-02  -2.5263009e-03
  -1.8028608e+00  -2.0207628e-01   2.0791687e-01  -2.1389849e-02  -3.8142775e-02  -2.6445557e-03
  -1.8228258e+00  -1.3808522e-01   3.1943089e-01  -2.0988984e-02  -3.8037759e-02  -1.9546547e-03
  -1.8057843e+00  -1.4807483e-01   7.2285728e-02  -2.0872191e-02  -3.8644650e-02  -3.9299949e-03
  -1.8067939e+00  -1.5163436e-01   1.3112984e-01  -2.2926845e-02  -3.9704874e-02  -3.5138627e-03
  -1.7644406e+00  -2.1241731e-01   1.9592416e-01  -2.2582323e-02  -3.9511892e-02  -3.2671965e-03
  -1.4645062e+00   1.8990353e-01  -1.8266047e-01  -1.0046849e-02  -3.0393232e-02  -5.6746300e-03
  -1.6816562e+00  -4.5278617e-02  -4.6226964e-01  -1.5343882e-02  -3.4549751e-02  -3.9220996e-03
  -1.7389744e+00   1.2159437e-01   1.2680906e-02  -1.2749129e-02  -3.5237379e-02  -4.3487461e-03
  -1.7527749e+00   3.0320030e-01   3.2188131e-01  -1.0670065e-02  -3.5682802e-02  -4.3218720e-03
  -1.7409120e+00   1.2545056e-01   1.3785116e-01  -1.0064094e-02  -3.5956585e-02  -4.4237367e-03
  -1.7798846e+00   8.6243457e-02   2.0796612e-01  -1.2066779e-02  -3.6590200e-02  -4.3324987e-03
  -1.7777853e+00   1.4564524e-01   2.2357012e-01  -1.1831086e-02  -3.6124241e-02  -4.4784294e-03
  -1.8367445e+00   1.6861697e-01   4.6717643e-01  -1.2432605e-02  -3.7574129e-02  -3.8520926e-03
  -1.8201537e+00   1.8067400e-01   4.3624191e-01  -1.1597641e-02  -3.7119764e-02  -4.0980553e-03
  -1.8461635e+00   7.9166985e-02   3.3247237e-01  -1.3330334e-02  -3.7925622e-02  -3.8260139e-03
  -1.8434137e+00   1.0727077e-01   3.4116795e-01  -1.2184131e-02  -3.7607678e-02  -4.0549210e-03
  -1.8423827e+00   1.2169382e-01   3.2858462e-01  -1.2361304e-02  -3.7291975e-02  -4.1430744e-03
  -1.8725185e+00   1.3713410e-01   3.5696842e-01  -1.3024446e-02  -3.8022356e-02  -3.6170570e-03
  -1.8793841e+00   6.5977167e-02   2.2593539e-01  -1.2887648e-02  -3.7569314e-02  -3.7398076e-03
  -1.9610846e+00   4.9227363e-02   2.0792589e-01  -1.4379123e-02  -3.8373417e-02  -3.0427514e-03
  -1.9162827e+00   1.1010815e-01   3.6704600e-01  -1.4337672e-02  -3.8883157e-02  -2.9430468e-03
  -1.9326041e+00   1.6692185e-02   2.0376891e-01  -1.4310845e-02  -3.8735935e-02  -3.3893431e-03
  -1.9174246e+00   1.0151645e-01   2.8645068e-01  -1.4181211e-02  -3.8603527e-02  -3.3555920e-03
  -1.9303406e+00   5.5786137e-02   3.0683658e-01  -1.5179959e-02  -3.9604157e-02  -2.9103794e-03
  -1.9290460e+00   3.7994926e-02   2.5721385e-01  -1.4422899e-02  -3.8757919e-02  -3.1319899e-03
  -1.8832042e+00   5.7986288e-02   3.1203046e-01  -1.4516340e-02  -3.8428510e-02  -3.1550297e-03
  -1.8912995e+00   7.3983491e-02   4.0262155e-01  -1.4928498e-02  -3.8978555e-02  -3.0702964e-03
  -1.7743879e+00   5.2873961e-02   4.2719689e-01  -1.7934912e-02  -3.6252994e-02  -2.4454132e-03
  -1.7939293e+00   1.1300556e-01   4.3510578e-01  -1.6657415e-02  -3.8120683e-02  -2.4743385e-03
  -1.8169643e+00   2.1095576e-02   3.7557357e-01  -1.5847203e-02  -3.7572089e-02  -3.3156094e-03
  -1.8321076e+00   9.8852518e-02   4.7041932e-01  -1.5110950e-02  -3.7687353e-02  -3.0623135e-03
  -1.8704941e+00   4.2907752e-02   4.1359476e-01  -1.5406527e-02  -3.7926030e-02  -2.5102464e-03
  -1.8366477e+00   7.2605574e-02   2.8126128e-01  -1.5582143e-02  -3.7104865e-02  -2.4988156e-03
  -1.8989782e+00   6.4593538e-03   5.2038771e-02  -1.8761713e-02  -3.7921746e-02  -2.8873086e-03
  -1.8529348e+00  -1.0496786e-01   4.2635410e-02  -2.1672607e-02  -3.7817744e-02  -4.4141398e-03
  -1.8660088e+00  -6.3292242e-03   3.6948070e-01  -2.0489199e-02  -3.8829166e-02  -3.3106895e-03
  -1.8163011e+00   9.1268025e-02   4.5100638e-01  -1.6839284e-02  -3.7383546e-02  -3.6627528e-03
  -1.8315856e+00   4.2455595e-02   4.7880200e-01  -1.8491753e-02  -3.8498047e-02  -3.3646613e-03
  -1.8248505e+00   2.7782302e-02   3.8700880e-01  -1.6928489e-02  -3.8006147e-02  -3.6795876e-03
  -1.8218161e+00   7.8066853e-02   4.5122776e-01  -1.6724324e-02  -3.7857456e-02  -3.7190284e-03
  -1.8437470e+00   2.4336045e-02   3.3565053e-01  -1.7892773e-02  -3.8050121e-02  -3.5812812e-03
  -1.8512386e+00   1.0894107e-02   2.4893624e-01  -1.7236237e-02  -3.8024633e-02  -3.5468021e-03
  -1.8757488e+00   5.5453300e-02   3.9133861e-01  -1.7445697e-02  -3.7834774e-02  -3.3053705e-03
  -1.8584281e+00  -6.4754040e-02   2.2163473e-01  -2.0649732e-02  -3.7091448e-02  -2.9795133e-03
  -1.8799260e+00  -4.6420759e-02   3.3349326e-01  -1.9415771e-02  -3.8599569e-02  -3.0972446e-03
  -1.8416881e+00   8.6597625e-02   4.7850456e-01  -1.7359229e-02  -3.8029967e-02  -3.5253643e-03
  -1.8812840e+00  -2.4727303e-02   3.8378810e-01  -1.8591323e-02  -3.8933127e-02  -3.1673788e-03
  -1.8718886e+00   7.4987732e-02   4.1869041e-01  -1.7182373e-02  -3.8349676e-02  -3.4116188e-03
  -1.8767118e+00   1.2730225e-02   3.9748955e-01  -1.8031076e-02  -3.8838536e-02  -3.1455504e-03
  -1.8731571e+00  -3.8463304e-02   2.4527331e-01  -2.0064394e-02  -3.7835854e-02  -4.2524381e-03
  -1.8190366e+00  -2.8025515e-01  -3.6114129e-01  -3.0077996e-02  -3.8126469e-02  -5.7178008e-03
  -1.8929366e+00  -3.0996307e-01  -1.5897403e-01  -2.9193881e-02  -3.8662613e-02  -5.3141696e-03
