   0.0000000e+00   0.0000000e+00  -1.4210855e-14   0.0000000e+00   0.0000000e+00   0.0000000e+00
  -4.0241537e-02   1.1176565e-01   3.6807314e-01  -7.0612026e-03  -1.1661107e-03   5.7842942e-03
   1.4098551e-01  -5.0990153e-02   3.3259507e-01  -7.5057889e-03   1.7063207e-03   4.6712638e-03
   1.2424641e-01  -1.6525994e-01   4.7553123e-01  -4.2999756e-03   1.4754011e-03   3.8229074e-03
   1.7712074e-01  -1.3252446e-01   4.5147700e-01  -2.0719944e-03   1.5607683e-03   2.0290021e-03
   1.8843735e-01  -7.3541755e-02   4.7936452e-01  -1.3984850e-03   2.4126754e-03   1.3555517e-03
   2.2294486e-01  -1.0891202e-01   4.9808116e-01  -6.6855498e-04   2.6397331e-03   1.8124823e-03
   2.1201887e-01  -9.7018645e-02   5.3082854e-01   7.7005595e-05   3.0136635e-03   1.7984816e-03
   1.7716755e-01   1.8507206e-02   6.1157224e-01   1.9662892e-03   3.6196307e-03   1.9615368e-03
   1.3997322e-01  -8.4355608e-02   6.0950609e-01   2.5646766e-03   2.9163995e-03   2.0233042e-03
   1.5702804e-01  -1.8580514e-02   5.7107846e-01   3.1028275e-03   3.3141202e-03   1.8855945e-03
   1.6282951e-01   1.3254963e-02   6.5920927e-01   4.2735019e-03   3.8888877e-03   6.7868416e-04
  -6.8563180e-02   3.6783336e-03   6.1956348e-01   7.6245982e-03   7.5022354e-04   2.8220280e-03
   1.2519741e-01   3.2253574e-01   7.4890821e-01   6.3929825e-05   3.5293385e-03   3.3658977e-03
   2.0895106e-01   1.6107278e-01   7.3141376e-01   3.8061405e-03   4.3202506e-03   1.8959344e-03
   2.0677559e-01   5.3011839e-02   7.5019238e-01   2.8578589e-03   5.1717454e-03   2.0588198e-03
   2.4929522e-01   7.7956589e-02   6.7932913e-01   3.9898170e-03   5.2877162e-03   2.3963750e-03
   2.7923393e-01   8.3025012e-02   8.0709743e-01   4.0051071e-03   5.5428140e-03   2.2587478e-03
   2.8758535e-01   2.6743382e-02   7.2808552e-01   3.5067741e-03   5.4973465e-03   1.4448185e-03
   2.7958644e-01   2.2204874e-02   7.1835109e-01   3.8496782e-03   4.9828350e-03   2.0693567e-03
   3.6978729e-01   1.7136840e-01   8.6060405e-01   3.9458019e-03   6.2500810e-03   2.1731072e-03
   3.3115609e-01   5.3072648e-02   7.8405611e-01   3.9911214e-03   5.7063820e-03   1.8331873e-03
   3.2539905e-01   4.9914786e-02   7.2946604e-01   3.4414895e-03   5.8545188e-03   1.8475365e-03
   3.0521384e-01   7.9042718e-02   7.8139917e-01   3.8576209e-03   6.3955737e-03   1.5903150e-03
   2.6733110e-01   5.3252601e-02   7.5657016e-01   5.1540402e-03   5.2764143e-03   2.0833764e-03
  -2.2279169e-02  -1.8753255e-01   3.6789918e-01  -1.2878302e-02   1.2128770e-04   4.0587895e-03
   7.1368040e-02  -3.2206379e-02   6.0770030e-01   7.4303315e-03   2.1084005e-03   5.8340305e-03
   2.7870479e-01   1.5222660e-01   4.0860282e-01   5.6994908e-03   6.5154286e-03   5.0701487e-03
   2.4268031e-01  -5.7220971e-02   3.6904845e-01   1.7259615e-03   6.5142060e-03   3.4639667e-03
   2.1917837e-01   5.5664720e-03   4.3526454e-01   9.1976565e-04   6.6856351e-03   3.0318340e-03
   2.2112449e-01   4.5390179e-02   4.7189379e-01   2.7772852e-03   6.1808722e-03   2.9556221e-03
   2.0404164e-01   6.4596256e-02   4.5281208e-01   2.6665658e-03   6.6121939e-03   2.1235354e-03
   1.8373441e-01   4.8318946e-02   3.5921066e-01   3.1559511e-03   6.4035549e-03   1.6523551e-03
   2.1211257e-01   5.3160280e-02   1.4095508e-01   4.2188899e-03   7.0631020e-03   2.0606621e-03
   1.6226322e-01   6.9553104e-02   5.3220039e-01   5.2568145e-04   7.9977349e-03   9.9440270e-04
   9.3851666e-02   1.5287395e-01   6.2913909e-01   1.0808045e-02   6.6607076e-03   1.9478715e-03
   1.8213083e-02   1.1816411e-01   6.1241991e-01  -4.0324509e-03   3.1248576e-03   5.7619578e-03
   4.3691237e-02   5.0556554e-02   6.6849501e-01  -2.3572826e-03   2.8566670e-03   6.2792988e-03
   8.7122837e-02  -1.4026156e-01   4.9867820e-01  -3.0074728e-03   4.7220853e-03   4.5024846e-03
   7.9064099e-02   3.8781029e-02   6.0408209e-01  -8.5295112e-04   4.3492060e-03   4.2818712e-03
   5.9327261e-02   8.5089301e-03   6.1544543e-01  -1.3464507e-03   4.4580724e-03   3.5259500e-03
   8.1180720e-02  -3.1651960e-02   5.4334187e-01  -2.0430266e-03   4.9807097e-03   3.7185723e-03
   4.7292203e-02   5.3172584e-02   6.3153420e-01  -4.0776718e-04   4.6072689e-03   3.5186619e-03
   2.6185522e-02   1.1060686e-02   6.5624252e-01  -1.4560833e-03   4.7094592e-03   3.2195122e-03
   6.4884525e-02   3.5925428e-02   5.7206765e-01  -5.1305733e-04   5.2869634e-03   3.6405016e-03
   7.2626878e-02   5.6057325e-02   6.6014757e-01  -1.4098703e-05   5.4278652e-03   3.5557917e-03
   8.8746194e-02   2.0302050e-04   5.0341283e-01   1.0147138e-04   5.9669833e-03   4.4368898e-03
   9.4086815e-02   1.1537833e-01   6.1792690e-01   9.8214435e-04   6.4186942e-03   3.9108869e-03
   7.9030841e-02   4.2708103e-02   6.2450201e-01   3.2444594e-04   6.0037886e-03   3.8855745e-03
   1.0697464e-01   2.0606138e-01   7.2453250e-01   2.2422745e-03   6.0585479e-03   2.4237551e-03
   1.1307944e-01   1.5841448e-02   4.3972300e-01   4.2122848e-04   6.3773342e-03   2.2373880e-03
   1.0046120e-01   7.0390275e-02   4.6976189e-01   3.2040728e-04   6.1074756e-03   1.6497096e-03
   1.1661184e-01   1.6994250e-01   5.6991414e-01   2.0307115e-04   6.6381504e-03   1.2545195e-03
   1.0210771e-01   4.2638894e-02   4.6254406e-01   1.2957103e-03   5.4313219e-03   1.7504668e-03
   4.7703261e-02   1.6109767e-01   3.6422504e-01  -4.8625210e-04   4.4921746e-03   5.4246192e-03
   8.2093831e-02  -4.6511119e-02   4.3882438e-01  -1.2808872e-02   1.3941569e-03   6.7039535e-03
   1.1068068e-01  -2.4236437e-01   3.2795674e-01  -9.0439825e-03   3.4647898e-03   5.5535634e-03
   1.1022536e-01  -1.3965674e-01   4.7539193e-01  -7.2726913e-03   2.9680986e-03   5.4127942e-03
   1.2415151e-01  -1.4434458e-01   5.3107152e-01  -7.6339340e-03   3.5647778e-03   5.3805900e-03
   8.2967216e-02  -1.8808442e-01   4.6891437e-01  -6.6526605e-03   3.7195431e-03   5.3840464e-03
   1.4966378e-01   9.2445383e-03   5.1042847e-01  -2.8345786e-03   3.5500007e-03   5.4089858e-03
   1.5897657e-01  -1.5728430e-01   1.6321013e-01  -2.4195135e-03   5.6392507e-03   4.4923764e-03
   1.4968675e-01  -1.3895867e-02   3.3071421e-01  -4.5763677e-04   4.7537186e-03   4.7465834e-03
   1.3971300e-01  -8.8715677e-02   2.4236250e-01  -7.9386431e-04   5.4096246e-03   4.1992057e-03
   1.4952509e-01   9.3775759e-03   4.0857506e-01  -6.7800647e-05   5.2427085e-03   4.5219891e-03
   1.7016045e-01   3.2621109e-02   3.2033704e-01   1.2620009e-03   5.6349768e-03   2.3805053e-03
   6.2307475e-02  -3.6561849e-02   1.6262420e-01   5.6421060e-04   5.3030804e-03   1.9976178e-03
   8.3100410e-02  -5.6104510e-02   2.5468667e-01  -1.5258154e-03   4.2412743e-03   3.6171606e-03
   1.6314275e-01   2.3429250e-01   5.0812965e-01   9.0042568e-03   5.8626921e-03   7.1640485e-03
   1.2032711e-01   2.6445380e-02   5.4840269e-01  -4.3750157e-03   4.9080099e-03   6.6802741e-03
   1.2128023e-01   9.0191168e-02   4.7830592e-01  -5.3776826e-05   5.6686755e-03   5.8292500e-03
   5.5809017e-02  -1.3049605e-02   4.7829668e-01  -4.2133055e-04   4.7781255e-03   5.3156769e-03
   7.8519879e-02  -8.1109579e-03   4.0065380e-01  -4.6330490e-05   5.0112231e-03   5.6090648e-03
   5.1716078e-02   6.1246791e-02   4.9015885e-01   7.6428170e-04   5.1588531e-03   5.4868009e-03
   5.8203864e-02  -3.6910920e-02   4.6284039e-01  -1.7206448e-05   4.9673125e-03   4.9797748e-03
   3.2969922e-02   4.3774637e-02   4.6862801e-01   5.4001263e-04   4.9942723e-03   5.0390140e-03
   1.6748805e-02   5.1076781e-02   5.7837296e-01   8.2840481e-04   4.7312791e-03   4.6061690e-03
   3.3778905e-03   2.1344450e-02   4.4440446e-01   2.1291799e-03   4.1410701e-03   4.6706308e-03
   9.5359449e-03  -3.6416840e-02   5.2569719e-01  -2.6329168e-03   4.7832644e-03   4.8249840e-03
  -1.3444751e-01   2.4809918e-01   1.1703419e+00   2.4603837e-03   2.0140980e-03   7.5850744e-03
  -1.2211200e-01   2.4948727e-01   9.8271160e-01  -3.7242920e-03   3.4920541e-03   5.6158258e-03
  -3.3777379e-03   2.3336381e-01   1.1504021e+00   7.5735517e-05   3.9195974e-03   4.9441979e-03
  -1.3405774e-02  -6.6704865e-03   9.3722505e-01  -5.3986774e-04   3.5145224e-03   4.5221273e-03
  -4.5341541e-02   1.5243459e-01   1.0455946e+00   9.0999300e-04   2.7702751e-03   3.8740427e-03
  -1.6223000e-02   8.8398770e-02   1.0148605e+00  -1.1805755e-04   3.7893976e-03   3.9685533e-03
  -4.1589409e-03   1.0773266e-01   1.0116707e+00   3.3743361e-04   3.4816377e-03   3.8426160e-03
  -6.1490602e-02   1.3854356e-01   9.9138669e-01   9.2965321e-04   3.8648478e-03   3.5505851e-03
  -1.1311669e-01   1.4267968e-01   1.0861455e+00   2.2228705e-04   3.8736036e-03   3.2624307e-03
  -6.6194500e-02   2.9463574e-01   1.2299879e+00   3.0972223e-03   3.2878469e-03   2.9959515e-03
  -1.0921876e-01   6.3917900e-02   4.9872203e-01   7.8443391e-04   4.8495771e-03   1.7512370e-03
  -8.1503291e-02   1.3712143e-01   6.4037917e-01   1.5952111e-03   4.7586319e-03   2.0550508e-03
  -7.3373414e-02   1.4210027e-01   6.3851730e-01   2.1041337e-03   4.4016374e-03   1.9344539e-03
  -7.3989803e-02   1.8268229e-01   6.2323246e-01   2.2949231e-03   4.8448949e-03   1.4419728e-03
  -9.7537433e-02   2.1552554e-01   6.3250365e-01   3.5560288e-03   4.6093224e-03   1.6294282e-03
  -8.0826950e-02   2.0080734e-01   6.5153943e-01   3.0795547e-03   4.7247839e-03   1.8431908e-03
  -7.6614861e-02   2.3010476e-01   7.0765631e-01   3.3438016e-03   4.8709826e-03   1.4341513e-03
  -6.7003833e-02   1.9522378e-01   8.9963127e-01   6.5863586e-03   5.2050021e-03   1.7831094e-03
   2.4917313e-02   2.2585486e-01   1.0623967e+00   9.4175917e-03   7.4119015e-03   2.3798579e-04
  -6.7069109e-02   7.9758714e-02   5.8759094e-01   5.8770312e-03   7.5632552e-03   5.8146368e-04
  -1.5767632e-02   5.8511013e-02   1.1481910e-01   5.8144402e-03   5.3128399e-03  -8.8811361e-04
  -7.9400096e-02   1.6132871e-02   2.4835935e-01   4.7591485e-03   6.6647220e-03  -3.9132170e-04
  -9.5804643e-02  -4.7780028e-02   2.5436263e-01   5.8582798e-03   6.2550738e-03  -1.0036735e-04
  -1.4520110e-01   5.6745494e-02   2.3805836e-01   5.8055707e-03   6.5408538e-03  -4.9454693e-04
  -7.8272489e-01   1.1898429e-03   4.8417445e-01  -7.1865460e-03  -2.7469650e-04   8.8825268e-03
  -5.5410695e-01   2.0632866e-01   6.9244897e-01  -9.3488597e-03  -6.5024043e-04   6.4775486e-03
  -4.4889992e-01   1.4228848e-01   7.0405356e-01  -4.0785087e-03   2.0016461e-03   3.4558984e-03
  -3.9683963e-01   6.7450407e-02   8.0643875e-01  -4.2102291e-03   2.1170116e-03   3.0606354e-03
  -4.0696908e-01   4.0598530e-02   6.9929076e-01  -3.0407395e-03   1.7399639e-03   2.7871780e-03
  -3.6137220e-01   1.5101796e-01   7.9934238e-01  -2.7652320e-03   2.3206821e-03   2.8989078e-03
  -3.4939607e-01   3.4796916e-02   7.9600056e-01  -3.1371672e-03   2.6658062e-03   2.9034331e-03
  -3.3991476e-01   7.1636492e-02   7.8376854e-01  -3.0737121e-03   3.2383848e-03   3.2103333e-03
  -3.8123041e-01   1.6723775e-01   8.6763835e-01  -8.5625607e-04   2.6607338e-03   3.1550517e-03
  -4.1366277e-01   6.6970537e-02   8.3051180e-01  -2.7863287e-03   2.7675989e-03   2.9573962e-03
  -3.8512096e-01   2.5428395e-01   8.6830589e-01   1.1123466e-04   3.4153950e-03   3.1443718e-03
  -3.8926116e-01   3.5464273e-02   7.2595967e-01  -6.4219595e-04   3.1913983e-03   2.9494905e-03
  -4.3276559e-01   1.6902979e-01   7.7676325e-01   3.9816307e-04   3.0762812e-03   3.3247077e-03
  -4.2741772e-01   1.2619609e-01   8.6631339e-01  -6.7414980e-04   3.5572394e-03   2.8817011e-03
  -4.2569400e-01   2.6220889e-01   8.4149461e-01   2.3430653e-03   2.8164434e-03   3.2829375e-03
  -4.2549786e-01   9.1051669e-02   6.7599297e-01   1.4034388e-03   3.1968658e-03   3.1368197e-03
  -4.3098937e-01   2.6613217e-01   7.7791333e-01   2.3176016e-03   3.4738456e-03   3.1173582e-03
  -4.0418126e-01   1.7734467e-01   6.8953854e-01   1.9760572e-03   3.6956582e-03   2.9459005e-03
  -4.1979410e-01   2.1172620e-01   6.4447318e-01   2.0222613e-03   4.0211657e-03   2.6657108e-03
  -4.3031945e-01   2.2106495e-01   6.6839170e-01   2.7119253e-03   3.6222652e-03   2.7588917e-03
  -4.1473653e-01   2.8759824e-01   8.6367338e-01   1.1130117e-03   3.3033001e-03   2.3753607e-03
  -3.6258087e-01   2.4408462e-01   7.0358488e-01   2.7044990e-03  -8.9187318e-04   7.1675670e-04
  -2.3000705e-01  -1.1393700e-01   2.3858718e-01   1.7736326e-03   5.1528636e-04  -1.5037490e-04
  -1.5873642e-01  -1.1854854e-01   1.4984762e-01   3.4128729e-03   2.3566971e-03   5.0776485e-04
  -1.3552862e-01  -9.6816556e-03   8.7322231e-02   1.1513778e-02   3.1129806e-03   3.5154769e-03
  -1.6948799e-01   5.1239394e-02   1.2625513e-01  -2.4685606e-03   2.0394896e-03   1.4226826e-03
  -1.8747841e-01  -1.3130950e-01   1.1224401e-01  -2.7576041e-03   2.2145378e-03   4.6114944e-04
  -2.2127257e-01  -7.4552139e-02   1.2256087e-01  -2.4404155e-03   2.3415847e-03   2.7593590e-04
  -1.8514486e-01  -1.2578992e-01   1.2721824e-01  -3.2501797e-03   2.4555835e-03   1.6818648e-04
  -1.7202692e-01  -1.2933924e-01   1.6207626e-01  -3.4635018e-03   2.7484264e-03   9.4016863e-05
  -1.5265743e-01  -1.0995337e-01   2.3651546e-01  -3.8757561e-03   3.6008073e-03  -1.6476128e-05
  -1.6703154e-01  -1.3874131e-01   1.3295960e-01  -2.7951584e-03   3.3245866e-03   1.5715535e-05
  -1.6422826e-01  -9.0834200e-02   2.4907548e-01  -1.9181874e-03   3.1325867e-03  -8.3033316e-05
  -1.5752052e-01  -1.4589056e-01   2.8762019e-01  -4.0622218e-03   3.9535081e-03  -7.4712626e-04
  -1.7799097e-01   5.8187338e-02   4.6263927e-01  -1.1598067e-03   3.4563299e-03  -1.0663272e-03
  -1.9829865e-01  -1.5804424e-01   1.7306260e-01  -8.7515491e-04   3.5083131e-03  -6.4980656e-04
  -2.2368910e-01  -4.1369412e-02   3.1800385e-01  -1.9269751e-03   4.2027946e-03  -9.8325602e-04
  -2.3510960e-01  -1.4360693e-01   2.5905244e-01  -2.5346383e-03   3.7166704e-03  -7.4915097e-04
  -2.3839281e-01  -9.2665778e-02   2.8790512e-01  -2.5673111e-03   3.8030299e-03  -1.0582179e-03
  -2.7537575e-01  -3.1535604e-02   3.0129283e-01  -1.6851825e-03   4.3633466e-03  -1.1870879e-03
  -2.4195948e-01  -4.5862672e-02   3.6414756e-01  -2.7645940e-03   4.2355272e-03  -1.4418133e-03
  -2.2060945e-01   1.2292143e-01   6.6524149e-01  -3.2420299e-04   2.6844277e-03  -2.1579418e-03
  -1.8466577e-01  -7.4823741e-02   3.5433530e-01  -5.3160875e-04   4.5169455e-03  -1.3311045e-03
  -2.0102594e-01  -3.3334030e-02   4.6577459e-01  -1.5110405e-03   5.0971935e-03  -2.0438940e-03
  -2.3869977e-01  -2.5572255e-02   3.6754012e-01  -1.5176628e-04   4.5348139e-03  -1.6894068e-03
  -2.6302604e-01   7.8030851e-02   3.8672532e-01  -3.9733107e-04   5.6435716e-03  -1.8900729e-03
  -2.9232122e-01  -2.3432209e-01   4.8929142e-01  -4.3665829e-03   6.6616883e-03   2.2369447e-04
  -3.2955047e-01   1.8749131e-01   3.9876899e-01  -5.0162710e-03   4.0656717e-03   5.6032319e-03
  -2.7741545e-01   1.1053833e-01   5.9851844e-01  -7.0989864e-03   4.4807449e-03   5.0640849e-03
  -2.3733066e-01  -1.2639286e-01   5.0720151e-01  -6.0702283e-03   5.8145959e-03   4.5332850e-03
  -2.0142231e-01   2.9516867e-02   6.0858204e-01  -5.1749807e-03   6.5513320e-03   4.0782676e-03
  -2.0340450e-01  -1.3473326e-01   6.1604185e-01  -6.9888505e-03   6.5159724e-03   3.8352287e-03
  -2.1009334e-01  -1.2285235e-01   5.7234821e-01  -6.9906874e-03   6.3654632e-03   3.7886242e-03
  -2.1257444e-01  -1.0734657e-01   6.7598576e-01  -7.7795509e-03   6.4687410e-03   3.9027398e-03
  -2.2980955e-01  -1.8062983e-01   6.6859441e-01  -9.1469718e-03   6.5486526e-03   3.2502889e-03
  -2.2785582e-01  -1.3311899e-01   5.6544433e-01  -7.3550346e-03   6.2048342e-03   3.1718706e-03
  -2.4585838e-01  -8.1189304e-02   7.2658695e-01  -7.4313106e-03   5.9840034e-03   3.2443583e-03
  -2.5184934e-01  -1.6574720e-01   5.5486266e-01  -8.0109042e-03   6.6046203e-03   3.0414440e-03
  -2.4846320e-01  -7.3187208e-02   6.9234187e-01  -6.8656131e-03   6.4253016e-03   3.0087914e-03
  -2.6912772e-01  -1.5955509e-01   7.3361386e-01  -7.8330792e-03   6.3908003e-03   2.3804926e-03
  -3.4923860e-01   5.4563693e-02   9.4130285e-01  -4.7927661e-03   6.3197487e-03   1.4460448e-03
  -3.5552934e-01  -1.4833395e-01   5.7301422e-01  -5.8681895e-03   5.8589470e-03   1.0292597e-03
  -3.7625849e-01  -2.8885568e-02   7.3725823e-01  -5.5563203e-03   5.5652419e-03   1.1605978e-03
  -3.8351765e-01  -6.1918107e-02   6.6839771e-01  -5.4290174e-03   5.1230706e-03   3.4556115e-03
  -2.2850480e-01   1.3527871e-01   5.3927816e-01  -5.6581917e-05   4.9665159e-03   2.9387319e-03
  -1.8022337e-01   5.3540145e-03   2.5780465e-01   8.8207229e-04   5.9866836e-03   2.3403964e-03
  -2.0178085e-01   4.1757216e-02   3.5037108e-01  -5.1046121e-04   6.4587828e-03   1.7466637e-03
  -2.4247254e-01   1.1075743e-01   4.7053158e-01   6.6600785e-04   5.9567124e-03   1.6638483e-03
  -2.4836133e-01   7.9996774e-03   4.4573846e-01  -8.8920035e-04   5.9754112e-03   1.5753859e-03
  -2.6851615e-01  -1.2948505e-01   4.4645508e-01  -7.5996426e-03   6.9877050e-03   2.2574893e-03
  -5.6591621e-01  -1.3085910e-01   7.0257648e-01  -6.0123290e-03   4.5030865e-03   1.0341417e-02
  -4.9383743e-01  -3.1777899e-02   6.9100628e-01  -1.5867144e-02   4.0352884e-03   9.8230353e-03
  -3.5558954e-01  -1.1694064e-01   7.3934068e-01  -1.2197195e-02   6.1357459e-03   8.2442838e-03
  -3.6300530e-01  -1.6113425e-01   8.3450218e-01  -1.1416043e-02   5.4113859e-03   6.5833172e-03
  -3.6318825e-01  -1.5450853e-01   7.1271614e-01  -9.5328729e-03   5.4717989e-03   6.7790299e-03
  -3.5851521e-01  -8.9135479e-02   9.2169110e-01  -1.0592229e-02   6.0167796e-03   6.5425995e-03
  -3.8310477e-01  -2.1351202e-01   7.8034977e-01  -9.9241026e-03   5.5740371e-03   6.7813762e-03
  -3.7799328e-01  -5.8342894e-02   8.9350830e-01  -9.3221346e-03   6.0533589e-03   6.3121139e-03
  -3.8569156e-01  -1.6298945e-01   7.6702774e-01  -8.6557202e-03   5.9642330e-03   6.0254800e-03
  -3.6803645e-01  -1.0573744e-02   8.5799625e-01  -7.1265389e-03   5.7352339e-03   5.9922301e-03
  -3.8792642e-01  -7.3005102e-02   8.5911411e-01  -7.3637552e-03   6.0624158e-03   5.4170624e-03
  -3.8300982e-01  -6.1377705e-02   8.0110344e-01  -6.7655365e-03   5.7911141e-03   5.7869913e-03
  -3.9393005e-01   5.3861606e-02   9.0024766e-01  -6.2245823e-03   6.4329038e-03   5.3715812e-03
  -6.0662124e-01   2.6682894e-02   6.3864827e-01  -3.9790023e-03   5.2827806e-03   5.5530804e-03
  -4.1427187e-01   1.6135980e-01   5.0124009e-01  -1.0614552e-03   7.0898322e-03   5.5044260e-03
  -3.9423301e-01   1.3725590e-01   3.2300521e-01   1.2584230e-04   8.0260864e-03   3.4322762e-03
  -3.2231233e-01   2.3519332e-01   3.6146963e-01   1.1842673e-02   7.8665250e-03   7.4846248e-03
  -2.6402377e-01   4.8878829e-01   5.7065285e-01   8.4167439e-03   8.9330203e-03   5.3177483e-03
  -2.7113247e-01   4.0461648e-01   5.1355898e-01   7.4415793e-03   9.5035116e-03   4.7906646e-03
  -2.7057705e-01   4.4242417e-01   6.1994513e-01   7.2314056e-03   8.9031473e-03   4.5866031e-03
  -2.3814185e-01   2.7143850e-01   4.8067398e-01   6.7812068e-03   9.0795269e-03   4.4269292e-03
  -2.6603947e-01   4.3324784e-01   5.7873064e-01   7.4202635e-03   9.3217723e-03   4.8978748e-03
  -2.4705452e-01   3.2698644e-01   5.3193505e-01   7.1313375e-03   8.6823394e-03   4.7130793e-03
  -2.3691928e-01   4.4441932e-01   5.5130661e-01   8.2607212e-03   8.7669596e-03   4.4752988e-03
  -2.7404747e-01   3.5952512e-01   6.0173212e-01   7.0423371e-03   8.8964964e-03   4.1316624e-03
  -2.5903676e-01   4.5138485e-01   5.9625538e-01   7.5638307e-03   8.1671757e-03   4.3901064e-03
  -2.4726022e-01   3.5515532e-01   5.1483427e-01   1.2429737e-02   7.4086292e-03   7.1287601e-03
  -3.4557015e-01   2.1788472e-01   5.8163230e-01  -7.6667653e-03   2.1180948e-03   8.6247638e-03
  -3.4727948e-01   7.0553441e-02   4.6809847e-01  -5.8720356e-03   1.8428111e-03   7.0415377e-03
  -3.6788132e-01  -1.4079101e-01   4.1370835e-01  -5.6534344e-03   3.1252034e-03   6.1306890e-03
  -2.8392145e-01  -1.9574214e-02   5.0648076e-01  -4.8426907e-03   4.3504310e-03   5.6968345e-03
  -2.7081892e-01   3.8280661e-02   6.1333695e-01  -3.3445391e-03   4.1910989e-03   5.1612606e-03
  -2.9516470e-01  -2.9080584e-02   6.1042971e-01  -3.6476020e-03   4.5661523e-03   5.1001116e-03
  -3.5000773e-01   4.0127711e-02   4.5998503e-01  -2.6524819e-03   4.8348591e-03   5.4071955e-03
  -2.9686780e-01   7.9972218e-02   4.4290924e-01  -2.3230738e-03   4.8631259e-03   5.0693584e-03
  -2.7293731e-01   6.2854749e-02   3.0545103e-01   6.8226754e-04   5.2107550e-03   5.3139525e-03
  -2.5960677e-01   5.5970014e-02   3.6386352e-01   8.4360251e-05   5.5009891e-03   5.0495839e-03
  -2.7996891e-01   1.4168475e-01   3.7808900e-01   2.5602230e-03   5.1641208e-03   5.4469425e-03
  -2.9527370e-01   3.3085651e-01   4.9018590e-01   3.9934268e-03   5.1292823e-03   5.2700962e-03
  -2.4237306e-01   1.9711430e-01   3.5580505e-01   2.2929491e-03   5.7524827e-03   4.7203494e-03
  -2.4787379e-01   1.9793123e-01   4.0081678e-01   8.8109170e-03   5.2459737e-03   6.0256697e-03
  -2.4178738e-01   3.5060361e-01   5.7119439e-01   2.2585227e-03   6.2668150e-03   5.3536197e-03
  -2.1008698e-01   2.4571550e-01   4.6802210e-01   3.0820740e-03   6.3843250e-03   4.7726143e-03
  -2.4105908e-01   2.8912321e-01   5.2015862e-01   2.7228266e-03   6.5100069e-03   5.0376699e-03
  -2.1470004e-01   2.0247294e-01   5.1078275e-01   1.0995007e-03   6.6556570e-03   4.0316362e-03
  -2.2104542e-01   1.8968177e-01   4.6273759e-01   8.7844606e-04   6.7463731e-03   4.3594778e-03
  -2.4632909e-01   2.6911265e-01   5.4174543e-01   1.1972647e-03   6.7411285e-03   3.8585842e-03
  -2.5392696e-01   2.0962287e-01   5.6017175e-01   3.4080039e-03   6.2992582e-03   4.1943337e-03
  -2.8442599e-01   4.0347141e-01   4.2090818e-01   5.8254106e-03   6.3890572e-03   3.4252802e-03
  -2.6578306e-01   3.0407309e-01   5.7032749e-01   4.1510593e-03   6.3872018e-03   3.3801787e-03
  -2.4151133e-01   2.6231878e-01   4.3743961e-01   4.5109586e-03   6.3842708e-03   3.2662949e-03
  -2.9916068e-01   3.6228057e-01   4.6266164e-01   5.0830193e-03   6.7329042e-03   3.4875282e-03
  -2.6951041e-01   2.3531936e-01   4.3377353e-01   3.8899456e-03   6.5935139e-03   3.6482701e-03
  -2.9281813e-01   3.4340592e-01   4.6074839e-01   4.7649624e-03   6.4341178e-03   3.5721572e-03
  -3.2568111e-01   3.0928963e-01   5.3079756e-01   4.0412474e-03   6.8437672e-03   2.7668383e-03
  -1.8230676e-01   2.6969510e-01   2.6502341e-01   3.6314344e-03   7.3351168e-03   6.0590440e-03
  -1.4748565e-01   3.1769664e-01   4.6338171e-01   3.2806552e-03   7.6502610e-03   3.3522319e-03
  -1.9615272e-01   2.5959198e-01   3.0226164e-01   4.1144496e-03   8.0798058e-03   2.3789253e-03
  -2.4620266e-01   2.7802681e-01   4.0167917e-01   4.5507790e-03   7.3774194e-03   2.4286827e-03
  -2.3133160e-01   2.2396630e-01   3.1622930e-01   4.0649699e-03   7.4862845e-03   2.4210464e-03
  -2.2264347e-01   2.7357024e-01   3.0299378e-01   4.5426698e-03   7.6957830e-03   2.5476957e-03
  -2.5397215e-01   2.9281975e-01   3.5330197e-01   5.0415273e-03   8.0457296e-03   1.6138115e-03
  -2.6105187e-01   2.0652610e-01   3.8593630e-01   3.4396461e-03   7.3405958e-03   1.6347601e-03
  -2.3768417e-01   3.4254154e-01   8.5629040e-01   4.5784682e-03   6.2948611e-03   4.3088806e-04
  -2.0258243e-01   2.4193643e-01   5.4830747e-01   6.2114540e-03   6.5679113e-03   5.4994812e-04
  -2.0963889e-01   1.6466150e-01   2.6752508e-01   6.5506647e-03   6.8256824e-03  -5.1017593e-06
  -3.1568101e-01  -7.1486842e-02   6.9176690e-01   2.7838448e-04   5.3594549e-03   1.5028604e-03
  -3.8225616e-01   3.3926678e-01   7.7765540e-01  -7.1185033e-04   3.8669635e-03   3.2259911e-03
  -3.3425893e-01   6.9130545e-02   5.7765804e-01  -2.5375471e-03   4.5464434e-03   1.0130860e-03
  -2.8679016e-01   6.1115401e-02   5.6225797e-01  -2.5954154e-03   5.3808291e-03   1.5670036e-03
  -3.5395030e-01   7.4577037e-02   6.0955814e-01  -9.8910936e-04   4.3034118e-03   1.2876481e-03
  -3.1530327e-01   4.8452830e-02   6.5780935e-01  -1.4273482e-03   4.7396429e-03   1.6919077e-03
  -2.9977238e-01   8.3168795e-03   6.2103004e-01  -2.1165674e-03   5.0727633e-03   1.5252223e-03
  -3.2361894e-01   1.4254446e-02   6.1436095e-01  -3.9311986e-03   5.3167331e-03   2.7079950e-03
  -1.9150720e-01   2.6895518e-02   6.0407593e-01  -2.6613255e-03   6.4879353e-03   1.4676074e-03
  -2.2935747e-01   1.2893735e-02   6.7670542e-01  -3.0856243e-03   6.7603813e-03   1.7812816e-03
  -2.7844892e-01  -5.7256601e-02   6.6207936e-01  -4.1888193e-03   7.2224245e-03   1.8504465e-03
  -2.4140042e-01   2.8500574e-02   5.8253581e-01  -1.1949073e-03   7.0139581e-03   2.2228032e-03
  -2.2342022e-01   1.3448737e-01   6.5326403e-01   1.0747882e-03   8.4253630e-03   2.1793502e-03
  -1.8758117e-01   3.5643225e-02   1.1738259e-01   3.1772308e-03   8.7703738e-03   1.9808823e-03
  -1.7919714e-01   1.8164054e-01   3.7321967e-01   3.7015794e-03   8.4245160e-03   1.7450354e-03
  -1.8567484e-01   1.6227445e-01   4.1912144e-01   3.9450330e-03   8.7009047e-03   1.6024194e-03
  -2.0690519e-01   1.5104488e-01   3.5243265e-01   3.0299611e-03   8.8592890e-03   1.4550726e-03
  -1.7681462e-01   2.3218994e-01   4.6682848e-01   4.1483608e-03   8.4809775e-03   1.5075250e-03
  -2.5254065e-01   3.7055128e-01   6.9060893e-01   8.6015065e-03   5.5312493e-03   1.4729638e-03
  -2.0496743e-01   5.0977548e-01   5.3774733e-01   1.1042712e-02   6.0214563e-03   5.8705015e-04
  -2.2660488e-01   3.2030149e-01   3.6962593e-01   1.0022992e-02   6.3562607e-03  -1.4306131e-04
  -2.0970885e-01   4.6235779e-01   3.5060391e-01   1.0922951e-02   7.1176432e-03   2.3323277e-04
  -2.1806080e-01   4.3809053e-01   4.5305880e-01   1.1005072e-02   7.0848730e-03  -1.3054503e-04
  -2.4786394e-01   3.9312581e-01   4.1425609e-01   1.0620737e-02   6.8061342e-03   5.8073155e-05
  -1.9766597e-01   5.7447568e-01   4.4527121e-01   1.2879526e-02   7.6105194e-03  -3.6803617e-04
  -2.3096295e-01   4.7764607e-01   3.0611746e-01   2.0700238e-02   6.3277793e-03   1.1318146e-03
  -2.5512106e-01   4.7434663e-01   1.8523864e-01   1.8703938e-03   4.1872534e-03   4.5403163e-03
  -1.4850424e-01   5.5442386e-01   3.7919417e-01   8.2371391e-03   6.6729798e-03   3.4951964e-03
  -1.7713851e-01   3.8979919e-01   3.6637494e-01   8.1533797e-03   7.4131052e-03   3.4138151e-03
  -1.6731742e-01   5.1619680e-01   4.0975042e-01   1.0297200e-02   7.5231363e-03   3.6351530e-03
  -1.3999898e-01   4.8988768e-01   5.0874111e-01   8.8687824e-03   8.1613110e-03   3.1746810e-03
  -1.7041674e-01   3.7612998e-01   3.7783427e-01   8.1094759e-03   8.2015379e-03   2.9966317e-03
  -1.3069518e-01   4.5167748e-01   3.9486784e-01   9.5794971e-03   8.3111064e-03   3.3315212e-03
  -1.4329736e-01   5.0449378e-01   4.4627825e-01   9.5145919e-03   8.8999184e-03   3.2539182e-03
  -1.5344816e-01   4.7359991e-01   4.6676435e-01   9.1558404e-03   8.5980993e-03   2.8922089e-03
  -1.1179356e-01   4.9962719e-01   4.0085371e-01   1.1075241e-02   8.7907187e-03   3.2301520e-03
  -1.1854438e-01   4.4659647e-01   4.3902815e-01   1.0093867e-02   9.4117139e-03   2.8480463e-03
  -1.8502330e-01   4.9764630e-01   4.4821218e-01   1.3054538e-02   8.6050818e-03   2.8047189e-03
  -1.7483041e-01   6.1490193e-01   5.1706806e-01   1.2040899e-02   9.4218432e-03   1.3814583e-04
  -1.3153966e-01   5.6570202e-01   3.9941986e-01   1.0934248e-02   9.2200480e-03   1.4536965e-03
  -1.3753099e-01   6.1342435e-01   4.1462066e-01   1.9472719e-02   8.1615986e-03   3.1333239e-03
  -1.4831681e-01   6.0450890e-01   3.8973370e-01   9.5667453e-03   9.0707600e-03   3.8281944e-03
  -1.0842140e-01   7.0749973e-01   4.7832718e-01   1.3195669e-02   9.4460564e-03   3.0204182e-03
  -1.2546942e-01   5.3904349e-01   3.6377200e-01   1.1743063e-02   9.4497727e-03   2.6718645e-03
  -7.8468883e-02   6.3722088e-01   4.7066121e-01   1.1118072e-02   9.9727449e-03   2.5616203e-03
  -9.1573789e-02   4.4845264e-01   3.6716346e-01   9.4727727e-03   9.7453089e-03   2.5039796e-03
  -8.7628936e-02   5.6796895e-01   4.9408970e-01   9.4737503e-03   1.0010262e-02   3.4280100e-03
  -7.9535269e-02   4.6267474e-01   4.0929862e-01   8.9248050e-03   1.0743632e-02   3.0622364e-03
  -4.2763232e-02   5.5952234e-01   5.6274359e-01   9.6248147e-03   1.0416473e-02   2.4756483e-03
  -6.2668841e-02   3.8446734e-01   4.0365479e-01   9.5245862e-03   1.0718711e-02   2.1885963e-03
  -7.7137231e-02   4.6618128e-01   4.9724399e-01   8.6853885e-03   1.0913586e-02   2.3896417e-03
  -7.4939877e-02   9.1757564e-02   6.0043047e-01   3.3964247e-04   1.1438457e-02   3.3232920e-03
  -1.7881201e-01   2.5190111e-01   7.8226201e-01   7.8707819e-03   1.0219876e-02   6.9080160e-03
  -1.1333617e-01   4.8810829e-01   9.3678206e-01   4.7110358e-03   1.2270981e-02   5.3912706e-03
  -9.5928742e-02   3.8870340e-01   8.6291045e-01   6.0563036e-03   1.2894997e-02   4.7855086e-03
  -1.0722024e-01   4.4975555e-01   1.0031058e+00   6.4128134e-03   1.2892793e-02   4.5718141e-03
  -1.1311769e-01   3.2631512e-01   8.5329023e-01   6.7376298e-03   1.2316332e-02   4.8431422e-03
  -8.1524058e-02   4.5328331e-01   9.5835585e-01   6.4020754e-03   1.2952336e-02   4.5748816e-03
  -1.0519054e-01   3.1801256e-01   9.3313199e-01   5.2186785e-03   1.2844463e-02   3.7749871e-03
  -1.0967507e-01   3.8656143e-01   8.0272131e-01   7.2281446e-03   1.3175615e-02   2.7459430e-03
  -3.3770936e-01   4.5629209e-01   8.4384344e-01   5.9323055e-03   1.1763496e-02   2.5274306e-03
  -1.9013710e-01   3.3776701e-01   6.6260529e-01   6.8469875e-03   1.2722305e-02   2.9698317e-03
  -1.6845234e-01   4.1732526e-01   8.0572801e-01   7.4183861e-03   1.2891075e-02   2.6691545e-03
  -2.0581160e-01   4.1569964e-01   8.3871715e-01   7.8716912e-03   1.2634180e-02   3.0152623e-03
  -1.5039629e-01   3.6359138e-01   7.5935249e-01   6.5601081e-03   1.3496747e-02   2.9809238e-03
  -1.2626852e-01   4.3512699e-01   8.0598778e-01   8.1956386e-03   1.3498642e-02   2.9887747e-03
  -1.6557867e-01   4.5681052e-01   8.2996949e-01   8.7411115e-03   1.3329261e-02   2.6800453e-03
  -1.6008390e-01   4.7189310e-01   6.0988139e-01   5.2098143e-03   1.3989879e-02   2.3981469e-03
  -1.3775954e-01   4.0619852e-01   4.0267227e-01  -4.3176607e-04   1.2605293e-02   3.9602938e-03
  -1.4311951e-01   4.8443443e-01   1.5010856e-01   7.8185794e-03   1.2967598e-02   4.4062458e-03
  -7.1111422e-02   4.8397535e-01   5.5276213e-01   5.0636873e-03   1.3222856e-02   4.2839619e-03
  -7.8416579e-02   3.6389324e-01   4.7907540e-01   5.2571098e-03   1.3454361e-02   4.5728689e-03
   4.0938255e-02   5.1541278e-01   7.5057249e-01   6.3046463e-03   1.2932543e-02   5.7996194e-03
   3.2984430e-02   2.9389016e-01   4.9980867e-01   6.0925683e-03   1.3478366e-02   4.6863019e-03
   3.7159253e-02   4.7259283e-01   6.5026422e-01   6.9191965e-03   1.3792432e-02   4.7211316e-03
   4.6604002e-02   3.2441228e-01   5.9776190e-01   5.5508591e-03   1.3700913e-02   4.5750909e-03
   4.7812054e-02   4.5486046e-01   6.2415967e-01   6.0750543e-03   1.4244716e-02   4.8093639e-03
   7.8577077e-02   3.9012285e-01   6.2486744e-01   5.8053090e-03   1.4547292e-02   4.1673017e-03
   1.5536626e-02   3.3939093e-01   3.8188570e-01   5.4678510e-03   1.4354990e-02   3.9492317e-03
  -5.1378403e-02   4.3409226e-01   3.6102699e-01   5.2982492e-03   1.4325807e-02   2.7921576e-03
  -3.4125335e-02   2.9577969e-01   2.9113580e-01   5.2129806e-03   1.3807561e-02   2.8102260e-03
  -1.0853638e-01   5.6609866e-01   4.8933361e-01   9.3845085e-03   1.3129594e-02   3.0985007e-03
  -5.9621450e-02   3.4720919e-01   1.2480969e-01   8.6521119e-03   1.4151044e-02   2.5326889e-03
  -9.9594240e-02   3.7828967e-01   2.8370030e-01   7.7720870e-03   1.3186391e-02   2.4601200e-03
  -1.9457157e-01   2.7310214e-01   7.4912561e-01   5.5657162e-03   1.0290832e-02   4.3286079e-03
  -1.3468181e-01   6.0710457e-01   7.7341477e-01   1.2823615e-02   1.1784331e-02   4.5093424e-03
  -1.2761321e-01   6.0532236e-01   8.7321201e-01   1.1605955e-02   1.2386364e-02   4.0112810e-03
  -1.5070506e-01   4.8299621e-01   8.2224261e-01   1.0817920e-02   1.2177118e-02   4.2546835e-03
  -9.2685814e-02   5.4474571e-01   7.6580015e-01   1.2921282e-02   1.1707497e-02   4.7789069e-03
  -7.5494406e-02   5.3802672e-01   8.5674283e-01   1.2051888e-02   1.2438012e-02   4.6070519e-03
  -7.2736624e-02   4.3242947e-01   7.5174672e-01   1.0703595e-02   1.2719703e-02   4.4727031e-03
  -7.6764414e-02   5.4908995e-01   6.9336954e-01   1.2470193e-02   1.3318289e-02   3.6368095e-03
  -1.0512458e-01   6.6143243e-01   5.5468675e-01   1.2941122e-02   1.2623211e-02   2.6330843e-03
  -8.4840015e-02   5.5394146e-01   3.5178828e-01   1.5886563e-02   1.2083503e-02   2.5303059e-03
  -6.9772170e-02   4.9982107e-01   4.7791766e-01   1.2717176e-02   1.2439696e-02   2.8835863e-03
   5.1542014e-02   4.8362111e-01   6.5868650e-01   1.2346453e-02   1.2464628e-02   1.5978035e-03
   4.6158723e-02   5.1439726e-01   6.3586846e-01   1.4401050e-02   1.2444882e-02   9.7722985e-04
   3.7727852e-02   4.1806557e-01   4.5383530e-01   1.3455575e-02   1.2766249e-02   1.3725768e-03
   6.6462569e-03   2.8911186e-01   1.8193689e-01   1.4284313e-02   8.9301737e-03   3.6892728e-03
  -1.3433679e-01   2.9355283e-01   3.2445313e-01   2.0760139e-04   4.3001790e-03   7.3674321e-03
  -3.2409673e-02   2.2691774e-01   4.5676876e-01   6.4241783e-03   8.2823381e-03   5.7541601e-03
   1.3010610e-02   2.1869315e-01   5.7136598e-01   6.3366124e-03   9.5427505e-03   5.4635047e-03
   1.2147091e-02   2.5566288e-01   5.0152995e-01   6.3559413e-03   1.0072339e-02   5.3957769e-03
  -4.0612812e-02   3.2807130e-01   6.5889991e-01   7.4350440e-03   9.6870306e-03   5.3102934e-03
  -6.3066363e-02   2.2339062e-01   5.7998171e-01   6.3721988e-03   1.0122362e-02   5.3698342e-03
  -5.7592816e-02   3.3114832e-01   5.5112720e-01   7.6867425e-03   1.0718486e-02   5.1313447e-03
  -5.7603163e-01   2.8347826e-01   6.6977404e-01   2.9440602e-03   5.1965591e-03   6.2851047e-03
  -2.8331850e-01   2.3931259e-01   4.7815434e-01   4.5105428e-03   8.5992439e-03   6.0685418e-03
  -2.2041637e-01   3.6964266e-01   5.5380929e-01   7.1676770e-03   9.3430419e-03   6.0386256e-03
  -1.4339752e-01   4.3730705e-01   4.2290654e-01   1.0994556e-02   9.4145759e-03   5.8810827e-03
  -1.6786165e-01   3.1106471e-01   2.2215700e-01   1.0644687e-02   9.4404445e-03   5.2167248e-03
  -1.1366616e-01   4.8146974e-01   3.8745150e-01   1.0630635e-02   9.9641318e-03   4.9139528e-03
  -3.0959320e-02   4.7236895e-01   2.2468927e-01   1.2350708e-02   9.6282075e-03   4.4102066e-03
  -2.1452392e-02   4.6572401e-01   3.1477623e-01   1.1095825e-02   9.5462301e-03   3.8470696e-03
  -3.2225298e-02   6.4692862e-01   3.9170992e-01   2.0427048e-02   8.5202486e-03   4.4466018e-03
  -1.3998585e-01   8.4562086e-01   5.1381008e-01   1.9961901e-02   6.3296867e-03   6.4313859e-03
   5.2437375e-03   7.7541630e-01   5.7818580e-01   1.7096221e-02   9.6423958e-03   5.9838987e-03
   1.5215083e-04   6.5734082e-01   6.2474933e-01   1.5715347e-02   1.0259919e-02   6.1635903e-03
  -1.4727448e-02   6.6887295e-01   5.3724900e-01   1.6693389e-02   9.9718699e-03   6.2170199e-03
   4.0415007e-02   7.2478987e-01   6.5385342e-01   1.6627836e-02   1.1179320e-02   5.8578507e-03
   3.4854440e-02   5.8010731e-01   5.3155908e-01   1.5439767e-02   1.1214792e-02   5.8345327e-03
   4.5808673e-02   7.2536156e-01   6.4030086e-01   1.6614909e-02   1.1390660e-02   5.7098737e-03
   6.2958420e-02   6.1206146e-01   7.3925474e-01   1.5277962e-02   1.1616531e-02   4.9134295e-03
   3.0809323e-02   6.7972650e-01   5.8530855e-01   1.6384199e-02   1.1666163e-02   4.7388138e-03
   5.6641390e-02   6.9133270e-01   6.7609089e-01   1.6688901e-02   1.1485422e-02   4.7797811e-03
   3.8623999e-02   6.2569660e-01   5.3576061e-01   1.7012565e-02   1.1092812e-02   4.9604911e-03
   1.1093633e-01   8.7864266e-01   1.0003031e+00   1.8082187e-02   1.0715445e-02   4.3848362e-03
   1.4266414e-01   7.2259354e-01   6.6043405e-01   2.1142678e-02   1.0791804e-02   4.0720710e-03
   1.4977817e-01   6.6618757e-01   6.4032078e-01   2.0730320e-02   1.1026257e-02   4.3305684e-03
   1.4631671e-01   7.8997024e-01   6.5277263e-01   2.0742680e-02   1.1320765e-02   4.4348854e-03
   2.2141201e-01   3.3157575e-01   1.1872344e+00   1.1160715e-02   1.0589060e-02   3.6888416e-03
   2.1182328e-01   4.1569679e-01   1.0746158e+00   1.3480622e-02   1.0485616e-02   2.5544110e-03
   1.7737714e-01   5.2082996e-01   1.0746415e+00   1.5872733e-02   1.0298170e-02   2.6691547e-03
   1.9283120e-01   4.7646079e-01   9.6341958e-01   1.5505936e-02   1.0558005e-02   3.0637510e-03
   2.1809032e-01   5.5834668e-01   1.0738167e+00   1.5386435e-02   1.0965302e-02   2.2503747e-03
   2.4683029e-01   4.2754706e-01   9.3600833e-01   1.4525326e-02   1.1826887e-02   1.9019128e-03
   2.1856270e-01   5.2601694e-01   9.3513458e-01   1.6197284e-02   1.1591819e-02   1.5416447e-03
   2.1653160e-01   5.4109902e-01   1.1319349e+00   1.6215226e-02   1.1355204e-02   1.5259610e-03
   1.9742901e-01   6.1865943e-01   1.4524999e+00   1.9396909e-02   9.3266334e-03   1.5242265e-03
   2.6973309e-01   5.1541826e-01   9.6851861e-01   1.9461295e-02   1.1027109e-02   6.4718721e-04
   2.2760435e-01   5.6886287e-01   9.0885143e-01   2.0285550e-02   1.0449865e-02   1.5524304e-04
   2.1467683e-01   5.9135537e-01   8.7218151e-01   1.9700821e-02   1.0316830e-02   7.3182416e-04
