   0.0000000e+00   0.0000000e+00   0.0000000e+00   0.0000000e+00   0.0000000e+00   0.0000000e+00
  -2.1029834e-02   8.5500537e-02   2.0535199e-01  -1.9610263e-03  -7.7723520e-05  -1.5568404e-04
   1.7589889e-02  -7.6507844e-03   1.4127350e-01   7.1414334e-05   6.5217511e-04  -5.4951776e-04
  -1.2108424e-04  -1.0067889e-02   1.2647244e-01  -1.7708890e-03   1.9413677e-03  -8.4319120e-04
   3.4362326e-02   9.7533932e-03   2.2526020e-01   1.2509801e-03   2.5873096e-03  -7.7248908e-04
   4.6675702e-02   2.9598418e-02   3.6921491e-01   1.2021434e-02   1.3806652e-03  -2.6433413e-03
   2.4175019e-01   1.0366377e-01   2.6094970e-01   2.3701189e-03   4.4952013e-03  -1.7584688e-03
   1.3691774e-01  -3.3527667e-02   1.4653497e-01   2.7173812e-03   4.9504548e-03  -1.3917329e-03
   8.4974240e-02   8.4272549e-02   3.3646154e-01   8.7597451e-04   6.1009863e-03  -1.1878974e-03
   5.2300988e-02  -1.2458137e-02   2.3887987e-01   1.9209972e-03   5.6177606e-03  -6.5364918e-04
   1.1661559e-02  -1.8435395e-02   1.8197474e-01   5.0387263e-03   4.7429462e-03  -5.8184590e-04
   1.0518267e-01   1.8208906e-01   2.0069788e-01   3.7184483e-03   4.0717344e-03  -1.0405300e-03
   9.4376190e-02   1.0170156e-01   3.1469820e-01   8.5708096e-04   3.1351040e-03  -7.0374800e-04
   9.0734194e-02   2.3039338e-02   2.8356880e-01   1.5079299e-03   5.2879511e-03  -1.0138200e-03
   7.4405448e-02   2.8222307e-02   3.8797588e-01   2.1151914e-04   5.2592837e-03  -9.9319901e-04
   7.5467854e-02   1.4587827e-02   3.4693288e-01   9.0080768e-04   5.6391622e-03  -6.4683883e-04
   6.6470149e-02   3.1036766e-02   4.0041405e-01  -4.7126570e-05   4.9263137e-03  -4.0476813e-04
   7.0506526e-02   6.5286918e-03   3.1420094e-01   7.1127045e-04   5.6093208e-03  -4.7173958e-04
   7.0366541e-02   6.4490481e-02   3.9232581e-01  -1.0185798e-03   5.2737763e-03  -2.4488640e-04
   6.0990947e-02   4.7081194e-03   3.3536207e-01   1.2395947e-03   5.3449621e-03  -3.2612267e-05
   8.6336324e-02   1.8240724e-01   5.8468520e-01   6.2819277e-04   4.4157810e-03  -4.4045446e-05
   8.5732856e-02  -1.0065490e-01   3.5875442e-01   2.2512182e-03   5.6586887e-03  -3.1650437e-04
   7.9879836e-02   2.0220013e-02   3.5976981e-01  -3.3133867e-04   5.5342983e-03  -8.5098692e-05
   8.3787815e-02   7.1901297e-02   4.8485775e-01   1.0742238e-03   5.6561403e-03  -4.7976358e-04
   7.1040030e-02  -2.3871496e-02   2.5676605e-01   8.5257472e-05   5.4725069e-03  -5.8787729e-05
   7.4066739e-02   6.8476632e-02   4.5119627e-01   1.5617456e-03   5.6316230e-03  -1.4141393e-04
   7.2957842e-02  -9.4485998e-03   4.2786239e-01  -2.4977332e-04   5.5697678e-03  -2.9685898e-04
   7.2162023e-02   2.8810025e-02   5.2607140e-01   3.7774429e-04   6.2330188e-03  -2.8086506e-04
   1.8035157e-02   5.8016963e-02   4.3127019e-01   4.6421638e-04   5.2195033e-03  -6.7075617e-05
   5.3540737e-02   6.6360627e-02   4.4847453e-01   1.3866170e-03   5.8801610e-03   2.9610504e-05
   8.6675423e-02   6.2407984e-02   4.5716721e-01  -5.4481226e-04   5.2290605e-03  -1.6196301e-04
   9.1559998e-02   3.3095314e-02   4.3786153e-01   1.5523815e-03   5.8486063e-03  -9.3929510e-05
   8.4319689e-02   7.4029181e-02   4.8406306e-01  -1.4596727e-04   5.6476092e-03  -2.7811556e-05
   9.8605828e-02   1.1944498e-02   4.3986741e-01   1.5941414e-03   6.0942630e-03  -1.3218248e-04
   8.9757982e-02   1.0657282e-01   5.2753919e-01   3.6957606e-04   6.3907298e-03  -1.1623375e-04
   8.8672494e-02  -8.5329456e-04   3.9092282e-01   7.5208694e-04   5.6255684e-03  -1.1528031e-05
   8.8223356e-02   1.3309071e-01   5.7489915e-01   5.0060700e-04   6.3876600e-03  -2.2434987e-04
   7.2254900e-02  -2.7066655e-02   3.8124309e-01   3.7893388e-04   6.2710612e-03  -1.6728301e-05
   7.9605116e-02   9.2170808e-02   5.3358451e-01   1.2091105e-03   6.5863908e-03  -1.3828182e-04
   8.0664175e-02  -1.3731760e-02   4.1526719e-01  -2.4244793e-04   6.0227601e-03   2.3910388e-04
   9.4374102e-02   9.4629147e-02   5.6378715e-01   1.1728477e-03   6.3290089e-03  -1.7928453e-04
   9.2065341e-02   1.6397003e-02   4.0563026e-01  -5.8688789e-04   6.1119252e-03   6.3785243e-05
   1.0922444e-01   7.0703531e-02   5.4644477e-01   5.3845781e-04   5.5087958e-03   6.5853684e-05
   1.2841783e-01   2.8142398e-02   4.5455473e-01  -9.2589172e-04   5.9515694e-03  -3.3399347e-05
   1.2369450e-01   4.5784776e-02   5.2538434e-01   8.2180287e-04   5.9993718e-03   1.5246416e-04
   1.3700705e-01   4.6883086e-02   5.4038331e-01  -4.0711727e-04   6.3605411e-03   5.6347985e-05
   1.3964003e-01   1.8571766e-02   5.5072783e-01   1.6499189e-03   6.1490525e-03   5.9336867e-04
   1.5339345e-01   9.6431145e-02   5.6547108e-01   5.0754721e-05   6.3445067e-03   2.7129843e-04
   1.5906212e-01   3.0664914e-02   5.2168482e-01   1.6973635e-03   6.7256393e-03   4.6317276e-04
   1.7208498e-01   1.2162769e-01   6.6678758e-01  -2.9706662e-04   6.9325634e-03   4.5678125e-04
   1.8713543e-01  -4.0894896e-02   5.5643294e-01   2.2181332e-03   7.9653632e-03   3.2321886e-04
   2.0506270e-01   9.7750022e-02   6.5921385e-01  -9.5017252e-05   7.6315851e-03   9.9859216e-04
   1.8392216e-01  -7.0521960e-03   5.2140520e-01   1.9175518e-03   7.3466564e-03   9.7625633e-04
   1.6717021e-01   8.3878168e-02   6.3916061e-01  -9.5652102e-05   7.3896333e-03   7.1401062e-04
   1.8026676e-01  -2.4065758e-02   5.5114759e-01   1.3233898e-03   7.7643751e-03   8.3353732e-04
   1.8683395e-01   9.1036120e-02   7.0802628e-01   6.0522973e-04   7.6179994e-03   8.6409580e-04
   1.5871628e-01   1.3041260e-01   7.4758084e-01   1.0507617e-02   7.9681321e-03   1.2298705e-03
   2.2501127e-01   2.0039647e-01   5.7728146e-01   9.5404844e-03   7.9237350e-03   1.5456170e-03
   2.3558822e-01   1.2078415e-01   5.5567462e-01   3.5730843e-03   8.4955228e-03   1.6560730e-03
   2.4951737e-01   8.0494930e-02   4.9330033e-01   4.4974519e-03   8.1793741e-03   1.2839356e-03
   2.5220611e-01   1.2160121e-01   5.4024628e-01   2.7032907e-03   8.7709501e-03   9.6565098e-04
   2.5318016e-01   8.8147975e-02   5.3863536e-01   4.1361137e-03   9.0843052e-03   1.1495347e-03
   2.3923553e-01   1.2986964e-01   6.4332972e-01   3.0477776e-03   8.8267710e-03   1.2769074e-03
   2.3927820e-01   1.0610100e-01   4.6742175e-01   4.1501047e-03   9.1590257e-03   1.5574984e-03
   2.1082894e-01   1.2997762e-01   5.2641642e-01   2.6688403e-03   8.2048683e-03   1.5468674e-03
   2.2489910e-01   7.2168643e-02   4.6268991e-01   2.3740662e-03   8.3516135e-03   1.1540514e-03
   2.0742694e-01   1.5192900e-01   5.9327907e-01   2.6731594e-03   8.2822107e-03   1.1166936e-03
   2.2421424e-01   5.2291931e-02   4.4426496e-01   3.1610400e-03   8.3940933e-03   1.1720804e-03
   2.2876343e-01   1.5245762e-01   6.6125333e-01   1.6877289e-03   8.5815264e-03   1.2403534e-03
   2.4112671e-01   3.2326841e-03   5.3251703e-01   2.9677944e-03   8.4032486e-03   1.5074737e-03
   2.4466035e-01   1.6121830e-01   6.6723037e-01   2.3632104e-03   8.7097647e-03   1.3141130e-03
   2.9069807e-01   1.7592522e-02   4.9317141e-01   2.6598076e-03   7.9195448e-03   1.3872052e-03
   2.7274496e-01   1.4700702e-01   6.3148888e-01   3.0010790e-03   8.7340093e-03   1.0955129e-03
   2.6987925e-01   4.5884461e-02   5.5543712e-01   1.7742167e-03   8.1465499e-03   1.3968956e-03
   2.6652116e-01   9.7918918e-02   5.8395399e-01   3.4580500e-03   8.1733170e-03   1.1508568e-03
   2.7815216e-01   1.0887866e-01   6.0802191e-01   1.6857079e-03   8.1711718e-03   1.2910207e-03
   2.6145019e-01   6.4458606e-02   5.3752941e-01   3.8360523e-03   8.2905483e-03   1.2823592e-03
   2.2742706e-01   1.6702036e-01   6.9415254e-01   2.1258956e-03   8.4544302e-03   4.7004062e-04
   2.4736618e-01   7.0414076e-02   5.9649356e-01   4.8400199e-03   8.1670042e-03   1.1228627e-03
   2.5337500e-01   1.4981219e-01   7.6839326e-01   2.0065282e-03   8.8666560e-03   5.1386359e-04
   2.7585154e-01   2.6271102e-02   6.8476759e-01   3.3615817e-03   8.3029684e-03   1.0871036e-03
   2.9003484e-01   1.3006297e-01   7.5054028e-01   2.1148508e-03   8.6002040e-03   7.6392122e-04
   2.8583572e-01   5.3197059e-02   6.5593601e-01   3.3863915e-03   8.7415924e-03   1.0403114e-03
   2.6463569e-01   1.3786351e-01   7.4729661e-01   2.2052666e-03   8.4654401e-03   7.2676447e-04
   2.6445290e-01   6.7019459e-02   5.8814453e-01   4.0711166e-03   8.6599338e-03   1.0012814e-03
   2.5000096e-01   1.4685606e-01   7.1623644e-01   2.2202840e-03   8.4401513e-03   1.0286663e-03
   2.5301192e-01   3.4723018e-02   5.7499223e-01   2.9902169e-03   8.2813239e-03   9.8952424e-04
   2.4402072e-01   1.6888051e-01   7.5028280e-01   2.6920672e-03   9.2161281e-03   7.8285126e-04
   2.2172912e-01   4.4654137e-02   6.2758012e-01   2.2972197e-03   8.4781404e-03   1.2233847e-03
   2.4167560e-01   1.3141022e-01   7.6599834e-01   3.0671735e-03   8.8509984e-03   1.3454744e-03
   2.4432765e-01   4.6384536e-02   6.9999260e-01   2.6365935e-03   9.0001883e-03   1.3944339e-03
   2.3835307e-01   8.4013780e-02   7.4443994e-01   3.3786218e-03   9.0938080e-03   1.0946651e-03
   2.2517949e-01   6.7537309e-02   7.1745356e-01   1.5920741e-03   8.8151141e-03   1.2447015e-03
   2.2983797e-01   8.9163718e-02   7.4506191e-01   3.6453118e-03   8.5187031e-03   1.1157228e-03
   2.4661709e-01   6.3896380e-02   6.7937189e-01   2.7076978e-03   8.9564143e-03   1.1469611e-03
   2.3117986e-01   1.4787206e-01   8.3836779e-01   2.7837266e-03   8.6568354e-03   7.0217405e-04
   2.4524782e-01   2.1128914e-02   6.7215497e-01   3.0903834e-03   8.7325205e-03   9.7482290e-04
   2.4265239e-01   1.5643213e-01   8.6364258e-01   2.2500104e-03   8.6689747e-03   7.0011338e-04
   2.4920585e-01   1.9053601e-02   7.3526342e-01   2.4619974e-03   8.5627534e-03   8.8275629e-04
   2.3549736e-01   1.7051512e-01   8.1975530e-01   3.5474344e-03   8.7622342e-03   9.0578344e-04
   2.4168408e-01   1.9493845e-02   6.4923597e-01   1.8645574e-03   8.7979052e-03   1.0767860e-03
   2.4508764e-01   1.3666213e-01   8.2410317e-01   3.2639177e-03   9.0975545e-03   6.3581791e-04
   2.2529213e-01   6.1587365e-02   6.9070462e-01   1.6078551e-03   9.1719522e-03   4.9303653e-04
   2.1233366e-01   1.1282488e-01   7.7549648e-01   3.0232435e-03   8.9163302e-03   5.0434077e-04
   2.1841647e-01   9.5862444e-02   7.2018017e-01   2.0179977e-03   9.3606620e-03  -1.6293216e-04
   1.7124968e-01   1.3893674e-01   8.0985840e-01   3.3664118e-03   8.7265633e-03   2.9303347e-04
   1.9423041e-01   1.0142705e-01   7.6953310e-01   1.7326241e-03   9.3901001e-03  -3.5152307e-04
   1.7083714e-01   8.8007711e-02   7.7418375e-01   3.2049147e-03   9.4156082e-03  -1.6243591e-04
   1.3410353e-01   1.3543619e-01   9.8275945e-01   6.4751012e-04   8.5425841e-03  -7.5268267e-04
   1.1906181e-01   4.3923442e-02   8.2788826e-01   3.5823017e-03   8.3445871e-03  -5.0540611e-04
   9.9214442e-02   1.4414468e-01   9.1778401e-01   1.3894867e-03   8.3344679e-03  -8.3568200e-04
   9.2233556e-02   8.5786832e-02   8.2717921e-01   3.7703795e-03   8.1985756e-03  -7.2239205e-04
   8.9073486e-02   1.4702362e-01   9.7191350e-01   1.9470814e-03   8.3746311e-03  -1.0683000e-03
   5.1447536e-02   1.1977805e-01   9.0035697e-01   3.9827684e-03   7.6646281e-03  -7.7840482e-04
   6.7714764e-02   9.8282520e-02   8.2600872e-01   1.5554492e-03   8.2718540e-03  -1.1074717e-03
   4.0493400e-02   1.0953985e-01   8.6024127e-01   3.4624603e-03   7.7951859e-03  -5.6545333e-04
   5.5403251e-02   9.0462751e-02   7.7513581e-01   2.6538863e-03   7.6316104e-03  -9.0963199e-04
   4.0229960e-02   1.7721865e-01   9.4755350e-01   2.6488135e-03   6.5248202e-03  -1.0531665e-03
   4.5417443e-02   9.1911765e-02   1.0657593e+00   1.6279845e-03   6.8228080e-03  -1.4534004e-03
   1.3335462e-02   1.2593936e-01   8.7439554e-01   4.4558419e-03   6.9373452e-03  -1.1634309e-03
  -4.6989213e-03   1.0393069e-01   9.3997063e-01   2.3248065e-03   7.2557223e-03  -1.4405260e-03
  -1.7764293e-02   1.3062091e-01   8.3297181e-01   4.1912097e-03   7.0968691e-03  -1.7918607e-03
  -5.3055177e-03   1.0401031e-01   7.9835873e-01   3.5754245e-03   6.8900676e-03  -1.2146179e-03
  -3.9111477e-02   1.9619286e-01   1.2093095e+00   1.0945335e-03   6.5150625e-03  -2.2636223e-03
  -4.4915740e-02   5.3777758e-02   9.6967802e-01   3.0453906e-03   6.2998368e-03  -2.0310384e-03
  -6.9523374e-02   1.6688911e-01   9.5129833e-01   2.6787654e-03   6.5396938e-03  -2.1010528e-03
  -7.5521625e-02   4.8475654e-02   6.9851958e-01   4.6799654e-03   6.2536206e-03  -1.9200581e-03
  -1.3155592e-01   2.0036641e-01   9.0632544e-01   2.6162828e-03   7.1335078e-03  -3.3355211e-03
  -2.3100890e-01   9.4724461e-02   9.7969747e-01   3.6827474e-03   5.8505282e-03  -3.5967077e-03
  -2.5735582e-01   1.9444167e-01   9.8545687e-01   4.6967545e-03   6.2702645e-03  -3.3981192e-03
  -2.4675640e-01   1.0137260e-01   9.0038049e-01   2.3549388e-03   6.9051363e-03  -3.9338663e-03
  -2.7509122e-01   1.7263077e-01   1.1083243e+00   3.3676125e-03   6.4901570e-03  -4.0786096e-03
  -2.8970401e-01   1.8095583e-01   8.8002713e-01   3.8088824e-03   6.5597510e-03  -3.3079858e-03
  -2.7644641e-01   1.5191798e-01   9.8608620e-01   3.1031513e-03   5.4794826e-03  -3.7140391e-03
  -2.5832954e-01   2.0394878e-01   8.4853804e-01   5.3068904e-03   5.5436467e-03  -3.7176420e-03
  -2.4629067e-01   8.4713773e-02   6.3015689e-01   6.7629140e-03   5.7922746e-03  -3.6299222e-03
  -2.8381768e-01   2.2461397e-01   8.3359856e-01   4.7145107e-03   6.8698879e-03  -4.2191882e-03
  -3.3612596e-01   1.1040911e-01   7.5277291e-01   6.3474837e-03   5.6997550e-03  -3.7165482e-03
  -3.3933507e-01   2.4936608e-01   9.2520128e-01   5.3252664e-03   6.0381795e-03  -4.1749156e-03
  -3.5199945e-01   9.4796194e-02   7.8160887e-01   5.8415794e-03   5.7698366e-03  -3.8159660e-03
  -3.7306248e-01   2.2955199e-01   9.8741641e-01   6.1610781e-03   5.7110208e-03  -4.0405913e-03
  -3.8808212e-01   9.4950716e-02   8.4543846e-01   6.3742627e-03   5.6097772e-03  -3.7709385e-03
  -4.3358321e-01   2.5772679e-01   1.0210323e+00   5.9361846e-03   5.4723604e-03  -4.6601613e-03
  -4.9696428e-01   1.0385538e-01   8.5695209e-01   6.6709289e-03   4.9907783e-03  -4.4253821e-03
  -4.9334864e-01   2.6573872e-01   1.0253618e+00   4.7701268e-03   5.5332570e-03  -5.0295532e-03
  -4.8738934e-01   7.5297784e-02   8.0577501e-01   5.1960743e-03   5.3775655e-03  -4.5033711e-03
  -4.5381362e-01   2.6134945e-01   1.1857283e+00   3.3790439e-03   5.4082451e-03  -4.6589111e-03
  -4.5250214e-01   1.7388971e-02   7.2306229e-01   6.9065514e-03   4.9314304e-03  -4.7561790e-03
  -4.9010432e-01   2.0972460e-01   9.3710069e-01   3.9079720e-03   5.1202473e-03  -4.9348979e-03
  -5.0474995e-01   1.3615419e-01   8.9636945e-01   6.2843657e-03   4.5275875e-03  -4.5312684e-03
  -5.2119382e-01   2.1449316e-01   9.6198530e-01   4.6183983e-03   4.5102831e-03  -4.8448589e-03
  -5.4025173e-01   1.0824221e-01   8.8087370e-01   6.0001202e-03   4.3816496e-03  -4.6404614e-03
  -5.3988735e-01   2.0207671e-01   9.5427587e-01   4.3732078e-03   4.5763826e-03  -4.9809357e-03
  -5.3446112e-01   1.6507314e-01   9.4672874e-01   5.8229944e-03   4.8803258e-03  -4.7491626e-03
  -5.4397920e-01   8.7906008e-02   1.0375491e+00   1.7680042e-03   4.7153807e-03  -5.0236840e-03
  -5.7939074e-01   2.0478701e-01   1.2607230e+00   4.5723559e-03   4.2427169e-03  -5.1019276e-03
  -5.7459326e-01   1.1984824e-01   1.0155493e+00   2.7148010e-03   5.3567215e-03  -5.2285474e-03
  -5.2713906e-01   1.5557661e-01   8.9215015e-01   4.3976183e-03   3.9941137e-03  -5.9324440e-03
  -5.1600920e-01   1.2630713e-01   1.0000953e+00   3.4465170e-03   5.1822735e-03  -6.1489536e-03
  -5.2622142e-01   2.3660961e-01   1.1184483e+00   4.2900108e-03   5.6879100e-03  -6.5174244e-03
  -5.6063483e-01   8.9638568e-02   9.4718070e-01   4.9750224e-03   5.9621376e-03  -6.1384315e-03
  -5.5832955e-01   2.2167319e-01   1.0402696e+00   4.5671729e-03   5.5755324e-03  -5.9742674e-03
  -5.2430628e-01   1.6934639e-01   7.6001976e-01   6.0605289e-03   5.5837536e-03  -5.5985713e-03
  -5.2436273e-01   2.2417976e-01   1.1056532e+00   4.2485561e-03   5.8485705e-03  -6.5306068e-03
  -5.2982150e-01   1.5372549e-01   9.8677282e-01   2.6748768e-03   5.9633805e-03  -6.4995895e-03
  -5.4972301e-01   1.8078891e-01   9.3045778e-01   4.9958410e-03   5.5556514e-03  -5.9388560e-03
  -5.6910327e-01   1.8655339e-01   9.0431678e-01   3.6290529e-03   6.0415580e-03  -6.2668941e-03
  -5.8105102e-01   1.8849567e-01   9.8783598e-01   5.0857735e-03   5.8035534e-03  -6.0684272e-03
  -5.7224602e-01   1.9749072e-01   9.9040202e-01   3.5869881e-03   6.4282218e-03  -6.5276416e-03
  -5.7309950e-01   1.6581486e-01   9.2255378e-01   5.3761153e-03   6.3008795e-03  -6.3123137e-03
  -5.6559966e-01   1.7444170e-01   1.0705354e+00   1.6924560e-03   6.0162106e-03  -6.3267480e-03
  -5.5256974e-01   2.0210154e-01   1.2544999e+00   5.7721376e-03   5.3925986e-03  -6.3496351e-03
  -5.8869976e-01   1.8692808e-01   1.2385860e+00   2.4963405e-03   6.0700685e-03  -6.9353800e-03
  -6.1053087e-01   1.1506952e-01   1.0075897e+00   6.6950345e-03   5.5143623e-03  -6.4983090e-03
  -5.7385299e-01   1.5651554e-01   1.0708463e+00   1.3890556e-03   6.3290599e-03  -7.0144182e-03
  -5.9928554e-01   1.8584350e-01   1.1022001e+00   5.2326053e-03   5.6330713e-03  -6.6076232e-03
  -6.0570698e-01   1.9034909e-01   1.0647321e+00   3.9349282e-03   5.9637110e-03  -6.7501541e-03
  -6.1551548e-01   1.7839527e-01   1.1106855e+00   4.8655093e-03   6.2691367e-03  -6.4972917e-03
  -6.0722864e-01   1.7586402e-01   1.1157298e+00   2.3641833e-03   6.3777773e-03  -6.4630165e-03
  -5.7666132e-01   1.6831846e-01   1.1303754e+00   2.7392388e-03   6.9893038e-03  -7.5652212e-03
  -6.0882764e-01   7.2939875e-02   1.2503178e+00   3.6615973e-04   6.4042807e-03  -7.2296896e-03
  -6.3467205e-01   1.6847129e-01   1.3934276e+00   1.9139706e-03   7.3032558e-03  -7.7789794e-03
  -6.7010874e-01   1.1890247e-01   1.2160229e+00   2.6026256e-03   7.6872389e-03  -6.7000472e-03
  -6.5000722e-01   1.7875575e-01   1.2711326e+00   1.4669913e-03   7.7037406e-03  -7.3952605e-03
  -5.9428351e-01   6.0522995e-02   8.4738762e-01   2.7379712e-03   7.8578222e-03  -7.6160786e-03
  -5.6760408e-01   1.8311506e-01   8.7465430e-01   6.9259830e-03   8.3567321e-03  -6.7710857e-03
  -5.5448362e-01   2.2954165e-01   4.9753810e-01   2.5997182e-03   8.4594611e-03  -7.4016737e-03
  -4.6807482e-01   3.3314176e-01   6.1945829e-01   3.2962799e-03   1.0208055e-02  -6.6408699e-03
  -4.4117724e-01   4.1240650e-03   6.0341860e-01   3.8100704e-03   9.1467624e-03  -7.5713327e-03
  -4.8787627e-01   1.4329475e-01   6.2845431e-01   3.5503222e-03   8.9261512e-03  -7.4233435e-03
  -4.9780302e-01   2.2471584e-01   7.4569360e-01   2.0710997e-03   8.8467411e-03  -7.3876655e-03
  -5.0964719e-01   1.7147077e-01   7.0510852e-01   3.3706480e-03   8.8199932e-03  -7.3740383e-03
  -5.2950626e-01   1.8967353e-01   7.4019511e-01   3.5371482e-03   8.3187666e-03  -7.4066193e-03
  -5.5852469e-01   2.4917421e-01   8.0403708e-01   3.4510702e-03   8.4463932e-03  -7.9734939e-03
  -5.9345339e-01   1.7668911e-01   7.9136516e-01   3.8022700e-03   8.2364302e-03  -7.3944403e-03
  -5.8755237e-01   1.8275299e-01   7.8676898e-01   3.2471191e-03   7.8718035e-03  -7.6789174e-03
  -5.9735805e-01   2.5241338e-01   8.4972879e-01   2.9338878e-03   8.4630138e-03  -7.8194542e-03
  -6.0827964e-01   1.3679493e-01   7.4346167e-01   3.6046237e-03   7.5992647e-03  -7.5178962e-03
  -6.1344833e-01   2.5320250e-01   8.0829148e-01   2.7043542e-03   8.2978748e-03  -7.9215319e-03
  -6.2782058e-01   1.7635191e-01   7.9824098e-01   3.3739619e-03   8.0686495e-03  -7.5877506e-03
  -6.3000839e-01   2.3395120e-01   8.2714139e-01   2.3553958e-03   8.1825564e-03  -7.8960166e-03
  -6.4511705e-01   1.8909862e-01   7.8849756e-01   3.1500679e-03   8.7040375e-03  -7.7489221e-03
  -6.2964386e-01   2.6170166e-01   8.5636001e-01   1.4904810e-03   8.8453206e-03  -8.0057651e-03
  -6.6029917e-01   1.1418000e-01   8.6518051e-01   9.6075449e-04   8.4027023e-03  -7.8860804e-03
  -6.9165536e-01   3.3345521e-01   1.2533903e+00   7.9825540e-04   7.9703909e-03  -7.4970764e-03
  -6.6318001e-01   2.2771324e-02   6.7981294e-01   3.0972238e-03   9.4307949e-03  -7.4654071e-03
  -6.4369574e-01   2.6565672e-01   7.0420381e-01   1.9609517e-03   9.2180628e-03  -7.7902417e-03
  -5.8676176e-01   1.2874797e-01   4.8701136e-01   3.3148170e-03   8.4272949e-03  -8.3145115e-03
  -5.7159429e-01   2.8438258e-01   7.1315674e-01   2.6620822e-03   9.0117099e-03  -8.3693251e-03
  -5.9626152e-01   1.5405779e-01   6.3770997e-01   2.4433620e-03   8.4522922e-03  -8.0436780e-03
  -6.1019414e-01   2.5783782e-01   7.7131861e-01   2.4609745e-03   8.4426501e-03  -8.1110828e-03
  -6.3154880e-01   1.7740853e-01   6.5952965e-01   1.2707807e-03   8.0174209e-03  -7.8038668e-03
  -6.1529851e-01   2.7543248e-01   8.7670519e-01   2.6399047e-03   7.9843679e-03  -8.4213179e-03
  -6.2947702e-01   1.3205613e-01   7.4415035e-01   2.3068823e-03   8.0068330e-03  -8.0901422e-03
  -6.2539922e-01   2.4709819e-01   8.3975081e-01   1.7971829e-03   7.9938551e-03  -8.2485976e-03
  -6.3540225e-01   1.7098474e-01   7.7320688e-01   2.9298437e-03   7.9542598e-03  -8.2473307e-03
  -6.3867096e-01   2.8582155e-01   8.9780055e-01   2.4995906e-03   7.9900691e-03  -8.2224296e-03
  -6.4309120e-01   1.6746689e-01   8.2491257e-01   2.2118390e-03   7.9057326e-03  -8.2726328e-03
  -6.4341164e-01   2.6527081e-01   9.9924231e-01   1.1673662e-03   7.9224023e-03  -8.3056927e-03
  -6.6699484e-01   1.3237122e-01   7.4460652e-01   2.1936663e-03   8.1402822e-03  -8.1106901e-03
  -6.4519882e-01   2.8397941e-01   8.8291193e-01   9.1901860e-04   8.5202865e-03  -8.3573310e-03
  -6.8352865e-01   1.5371842e-01   7.3257701e-01   1.5118206e-03   8.3124077e-03  -8.2544778e-03
  -6.8278314e-01   2.3145092e-01   8.3460395e-01  -1.8566976e-04   8.6636514e-03  -8.1599649e-03
  -6.6632612e-01   1.7094175e-01   9.4845376e-01  -1.1417218e-03   8.8637333e-03  -8.2091259e-03
  -6.5585746e-01   1.9160942e-01   1.0279130e+00  -2.0824770e-03   9.9166319e-03  -8.9220759e-03
  -6.8511690e-01   1.7614927e-01   1.1335652e+00  -6.3678478e-04   8.8555439e-03  -8.7907760e-03
  -6.3995199e-01   2.5987599e-01   9.1925570e-01   1.4176300e-03   8.8741299e-03  -9.3188637e-03
  -6.6299828e-01   1.4274752e-01   6.9175659e-01   2.2378479e-03   8.8960163e-03  -9.0341388e-03
  -6.5952532e-01   3.0006526e-01   8.0575399e-01   1.1306189e-03   8.2358715e-03  -8.8271258e-03
  -6.7095265e-01   1.4733129e-01   7.6425956e-01  -5.1540461e-04   7.9727232e-03  -9.0276344e-03
  -6.4505606e-01   3.0116450e-01   8.4633688e-01   5.3476395e-04   7.8442407e-03  -8.7966755e-03
  -6.3548714e-01   1.7852219e-01   7.6300724e-01   1.4210007e-03   7.7469962e-03  -9.0044677e-03
  -6.3572651e-01   2.4409407e-01   7.9993149e-01   3.5346258e-05   7.6436715e-03  -8.8873908e-03
  -6.2252256e-01   2.7802686e-01   8.9529964e-01   1.3277729e-03   8.0225919e-03  -9.3454350e-03
  -6.3227926e-01   2.1388009e-01   7.9966235e-01   3.5990168e-04   7.5855808e-03  -9.0163495e-03
  -6.2407352e-01   2.5496434e-01   9.5681153e-01   3.8500531e-04   7.1369169e-03  -9.3357687e-03
  -6.2480215e-01   2.7413997e-01   1.1293814e+00  -1.0918007e-03   7.1165803e-03  -9.6427164e-03
  -6.1458025e-01   2.2663465e-01   9.5942833e-01   4.2323841e-04   7.0986692e-03  -9.5406611e-03
  -6.2017981e-01   2.4877008e-01   8.2761054e-01  -9.0245017e-04   7.3333851e-03  -9.3058418e-03
  -6.1902013e-01   2.2943369e-01   8.2569160e-01   2.0088326e-04   6.9526146e-03  -9.2195792e-03
  -6.1255117e-01   2.3536407e-01   8.1551439e-01  -6.8735333e-04   6.6252015e-03  -9.1387587e-03
  -6.1094298e-01   2.5301296e-01   8.5677650e-01   3.9390370e-04   6.2567143e-03  -9.3412341e-03
  -6.0136893e-01   2.4093499e-01   7.5137544e-01  -8.5980542e-04   6.5411039e-03  -9.5523614e-03
  -6.0836890e-01   2.9049653e-01   8.6649033e-01   6.4706409e-04   6.7395344e-03  -9.3652026e-03
  -5.7616177e-01   2.1677304e-01   5.9679723e-01  -1.3113064e-04   5.5619998e-03  -9.2079941e-03
  -5.0841403e-01   3.0404257e-01   7.8412420e-01   7.9709501e-04   5.7474129e-03  -9.9505388e-03
  -4.9873135e-01   1.6150097e-01   9.1074230e-01  -2.0901136e-03   5.8882248e-03  -9.6470434e-03
  -4.8381712e-01   2.6191527e-01   9.8116153e-01   3.2471315e-03   6.9949419e-03  -1.0102304e-02
  -4.8381009e-01   2.0108815e-01   4.6980911e-01   4.3889367e-03   7.1040284e-03  -1.0159514e-02
  -4.5481129e-01   2.7402213e-01   7.7344323e-01   2.7574646e-03   7.0189487e-03  -1.0297759e-02
  -4.4646006e-01   2.0536448e-01   7.4949050e-01   3.2669769e-03   6.7493316e-03  -1.0221270e-02
  -4.4953483e-01   3.0213009e-01   9.6144474e-01   1.9370580e-03   7.3181470e-03  -9.9390338e-03
  -4.5397584e-01   2.3038704e-01   8.8012880e-01   1.5996739e-03   6.7459229e-03  -9.6816233e-03
  -4.4591663e-01   3.1761780e-01   1.0132973e+00   1.9295311e-03   7.3597024e-03  -9.8286986e-03
  -4.3508645e-01   2.0916232e-01   9.5872863e-01  -2.9493665e-04   6.7106642e-03  -9.4385567e-03
  -4.2453017e-01   3.9316930e-01   1.0910628e+00   1.1232331e-03   7.3346755e-03  -9.4553437e-03
  -4.2162081e-01   1.0763055e-01   4.4983867e-01   2.9732175e-03   6.5279269e-03  -9.3881904e-03
  -4.4140756e-01   2.9650965e-01   5.0788865e-01   2.8396961e-03   5.8559294e-03  -1.0559593e-02
  -4.3314585e-01   1.7323720e-01   4.4735590e-01   3.1492834e-03   6.3585507e-03  -1.0940738e-02
  -4.5944772e-01   3.0114115e-01   7.3335358e-01   1.1590482e-03   6.2393124e-03  -1.0579123e-02
  -4.8124932e-01   1.5498173e-01   7.6935059e-01   1.5878302e-03   5.9336189e-03  -1.0276244e-02
  -4.8588677e-01   2.7648806e-01   9.5898363e-01   7.7670571e-04   6.1764204e-03  -1.0467924e-02
  -4.7860251e-01   2.0976569e-01   8.4043002e-01   3.1858561e-03   6.0132507e-03  -9.8186888e-03
  -4.5728203e-01   2.4776813e-01   8.7193219e-01   4.0591705e-04   5.8652709e-03  -9.9595881e-03
  -4.3868699e-01   2.1206714e-01   7.4291407e-01   1.8958486e-03   5.9315645e-03  -1.0147852e-02
  -4.5573016e-01   1.6660764e-01   7.4370861e-01   1.0915510e-03   6.1042678e-03  -9.8655660e-03
  -4.6753714e-01   2.5195907e-01   8.2104195e-01   2.7850988e-03   6.1964000e-03  -9.8981909e-03
  -4.5802019e-01   2.4252216e-01   8.4137209e-01   2.3705341e-03   6.3942125e-03  -9.5034699e-03
  -4.7077270e-01   2.9473734e-01   9.0036147e-01   3.5387150e-03   6.5485880e-03  -1.0041059e-02
  -4.6892212e-01   3.2080045e-01   9.4281269e-01   3.2479752e-03   6.9304520e-03  -9.9865329e-03
  -4.4396249e-01   1.6612322e-01   9.6394071e-01   2.1084366e-03   5.8843949e-03  -9.9522643e-03
  -4.3808333e-01   3.9774238e-01   1.1276276e+00   4.6914361e-03   6.3504139e-03  -1.0060432e-02
  -4.4579849e-01   1.5375030e-01   5.2807339e-01   4.8103351e-03   5.3736029e-03  -8.9269072e-03
  -4.2400322e-01   3.0392149e-01   3.5996660e-01   3.0383450e-03   4.8230829e-03  -9.5548340e-03
  -4.0096068e-01   3.0165289e-01   8.0468771e-01   2.7093478e-03   5.8158630e-03  -1.0268358e-02
  -3.6283396e-01   2.5328585e-01   1.5447671e-01   6.8700469e-03   5.7392714e-03  -1.0021718e-02
  -3.5044424e-01   1.8684311e-01   4.5918907e-01   4.3116902e-03   6.4564429e-03  -9.9226378e-03
  -3.9869247e-01   3.6601697e-01   1.0710114e+00   3.5658587e-03   6.1993461e-03  -9.8564698e-03
  -4.0581964e-01   2.2576974e-01   1.0235255e+00   6.7731071e-03   6.1820450e-03  -1.0612734e-02
  -3.8606787e-01   2.5032203e-01   5.2477155e-01   8.4603447e-03   6.1087642e-03  -9.7550089e-03
  -3.9632018e-01   1.8035634e-01   2.5259115e-01   9.3002510e-03   6.2657738e-03  -1.0057711e-02
  -3.9542773e-01   3.5723832e-01   3.9975256e-01   1.1250033e-02   6.8064536e-03  -1.0525900e-02
  -4.2647287e-01   2.8892114e-01   3.5156209e-01   1.0438763e-02   6.8513025e-03  -9.3765951e-03
  -4.0278042e-01   3.5419418e-01   5.2656992e-01   9.4413057e-03   7.8116670e-03  -9.8764903e-03
  -4.1659720e-01   2.5969056e-01   4.5150821e-01   9.0666992e-03   7.5569056e-03  -9.4546276e-03
  -3.7752819e-01   2.5877628e-01   7.4574067e-01   5.2633192e-03   7.3330152e-03  -9.9353385e-03
  -3.6028206e-01   2.3333244e-01   6.0770184e-01   5.3025129e-03   7.6598114e-03  -1.0486768e-02
  -3.6038793e-01   3.1930797e-01   8.2243643e-01   4.5271742e-03   7.3360633e-03  -1.0562995e-02
  -3.8446226e-01   1.7555500e-01   6.4742535e-01   5.7148834e-03   7.0089594e-03  -1.0410280e-02
  -3.7183193e-01   3.0233994e-01   7.9539566e-01   3.9342114e-03   8.0390210e-03  -1.0540037e-02
  -3.8412419e-01   1.8386843e-01   6.5004854e-01   3.9387581e-03   7.5920423e-03  -1.0365501e-02
  -3.8724118e-01   3.0754783e-01   7.7760144e-01   3.9037426e-03   8.1057313e-03  -1.0424720e-02
  -4.0580327e-01   1.9956547e-01   6.7357450e-01   3.4352169e-03   7.6675559e-03  -1.0231428e-02
  -4.0510601e-01   2.9253350e-01   7.7109109e-01   4.3899258e-03   7.8603749e-03  -1.0306475e-02
  -4.0366874e-01   2.1179880e-01   7.5393390e-01   3.9985277e-03   7.3421550e-03  -9.9348586e-03
  -3.6735103e-01   3.0921074e-01   8.2928807e-01   5.1639171e-03   8.2621649e-03  -1.0262924e-02
  -3.7360153e-01   2.0079446e-01   7.0899490e-01   4.6680550e-03   7.6855495e-03  -9.4562086e-03
  -3.5025390e-01   9.5949033e-02   7.9644225e-01   1.0194960e-03   5.6912284e-03  -9.3279114e-03
  -2.1121718e-01   1.7187256e-01   6.1557290e-01   1.2403486e-02   8.0921156e-03  -8.8358179e-03
  -2.3188218e-01   2.4819246e-01  -2.8881599e-01   2.3566413e-03   6.6763778e-03  -8.0184689e-03
  -1.7199211e-01   1.6321341e-01   2.5985984e-01  -1.5913046e-04   8.3655252e-03  -7.5995306e-03
  -2.1902738e-01   2.6381165e-01   5.3573064e-01   4.4825569e-04   8.8127222e-03  -7.9440397e-03
  -2.3313290e-01   1.7931837e-01   4.9752613e-01   1.4085566e-03   9.1527234e-03  -7.8462869e-03
  -2.5422786e-01   2.8730503e-01   6.7444067e-01  -9.1123505e-05   8.8657541e-03  -7.9122483e-03
  -2.6531794e-01   1.6891138e-01   6.6353306e-01   2.0046235e-03   8.9290607e-03  -7.7505591e-03
  -2.6583417e-01   2.1694105e-01   7.3306232e-01   2.5516219e-04   8.8793726e-03  -7.0924583e-03
  -2.6652961e-01   2.2726958e-01   7.6943777e-01   1.3074937e-03   9.2430419e-03  -6.7172084e-03
  -2.7086196e-01   2.0197246e-01   7.2187186e-01   4.1690180e-04   9.6257106e-03  -6.2695410e-03
  -2.5557143e-01   2.6424535e-01   8.6727921e-01  -7.3453392e-05   9.4701239e-03  -6.6404322e-03
  -2.4969807e-01   1.3199729e-01   6.4644824e-01   2.4660814e-04   9.8891598e-03  -6.6013198e-03
  -2.8035465e-01   2.8559619e-01   8.0741935e-01  -5.2096500e-04   9.4012907e-03  -6.6680324e-03
  -2.7535931e-01   1.2892111e-01   8.9615174e-01  -1.2293836e-03   9.8541540e-03  -6.7289813e-03
  -2.7597865e-01   2.6301264e-01   1.0777606e+00  -1.1667074e-03   9.8453284e-03  -6.5819029e-03
  -2.9541024e-01   1.2183517e-01   6.9350783e-01   9.6783787e-04   9.7102603e-03  -6.5319187e-03
  -3.1533246e-01   2.6877619e-01   8.8438930e-01  -1.8089164e-04   9.5522094e-03  -6.5249475e-03
  -3.1799172e-01   1.4648818e-01   8.2238803e-01   7.7852306e-04   9.7902086e-03  -6.5914360e-03
  -3.1604143e-01   2.6949217e-01   9.4114369e-01  -6.8469899e-04   9.7450459e-03  -6.3958761e-03
  -3.2467471e-01   1.6112909e-01   8.2506970e-01   1.6423377e-03   9.5378039e-03  -6.4037343e-03
  -3.0360389e-01   2.9600716e-01   9.5073176e-01   1.0734902e-03   9.9424238e-03  -6.3529794e-03
  -3.2834109e-01   1.8010042e-01   6.8495123e-01   3.0576281e-04   9.8980228e-03  -6.3466291e-03
  -3.4189346e-01   2.2004644e-01   7.9766442e-01  -2.0076526e-03   1.0396916e-02  -6.4295252e-03
  -3.6165039e-01   1.2730972e-01   6.9447576e-01  -9.4500149e-04   1.0564747e-02  -6.0433093e-03
  -3.2903380e-01   3.6823005e-01   7.8612931e-01  -1.6147349e-03   9.7031950e-03  -6.7289312e-03
  -3.1681131e-01   1.3633355e-01   6.3207626e-01  -2.1785027e-04   1.0454614e-02  -6.6539918e-03
  -3.2953748e-01   2.5741113e-01   6.0027419e-01  -2.1544346e-03   1.0612529e-02  -6.3595817e-03
  -3.5658755e-01   2.3958342e-01   6.7009159e-01  -2.7269150e-04   9.9298684e-03  -6.2147885e-03
  -3.3055355e-01   2.6982173e-01   7.3019382e-01  -6.9468838e-04   9.8707769e-03  -6.0398470e-03
  -3.3158968e-01   2.4022158e-01   7.1885080e-01  -5.3487985e-04   1.0015245e-02  -6.0154626e-03
  -3.2682444e-01   2.7714671e-01   7.3022313e-01  -1.2299483e-03   1.0647807e-02  -6.1693867e-03
  -3.2940264e-01   2.0291715e-01   6.8916621e-01   5.2260809e-04   1.0231868e-02  -5.8707391e-03
  -3.2658611e-01   2.6108493e-01   7.0934534e-01  -8.7261106e-04   1.0441165e-02  -6.1743858e-03
  -3.2203972e-01   2.5181106e-01   7.5460096e-01   3.7149409e-04   1.0084422e-02  -5.9215707e-03
  -3.2266299e-01   2.4846138e-01   8.9518436e-01  -2.2751355e-03   1.0261244e-02  -6.4490294e-03
  -3.2433356e-01   2.0037378e-01   6.9348495e-01   1.0846236e-04   9.7331804e-03  -5.7109406e-03
  -3.2316868e-01   2.3680975e-01   7.8965931e-01  -1.2586016e-03   1.0127200e-02  -5.9707594e-03
  -2.9335186e-01   2.6799302e-01   7.2737423e-01  -5.6742205e-05   9.9041212e-03  -3.8551451e-03
  -7.9450596e-02   1.9418081e-01   5.2326183e-01  -2.7711993e-03   1.4476372e-02  -2.7335945e-03
  -4.6358547e-02   8.0380156e-02   3.0658053e-01  -5.3295083e-03   1.5130320e-02  -3.5916988e-03
  -5.3362007e-02   1.4466314e-01   5.9984849e-01  -2.4879086e-03   1.4480186e-02  -4.1665294e-03
   7.7843247e-03   5.0158796e-02   4.5265913e-01  -2.2303737e-03   1.4183326e-02  -3.6671517e-03
  -3.6129844e-02   1.9053438e-01   5.3848072e-01  -2.7862211e-03   1.3523862e-02  -3.6088205e-03
  -4.0041551e-02   1.1087837e-01   4.2334093e-01  -2.6284112e-03   1.3148466e-02  -3.4798931e-03
  -4.3437255e-02   1.9475045e-01   6.0015842e-01  -3.2561960e-03   1.2895953e-02  -2.9078833e-03
  -5.4163904e-02   1.1371141e-01   5.0879265e-01  -3.1256734e-03   1.2526101e-02  -2.6858423e-03
  -5.1166914e-02   1.9447637e-01   6.8677256e-01  -3.2894852e-03   1.3112337e-02  -2.7341026e-03
  -1.6564346e-02   1.3053697e-01   5.6637476e-01  -2.4517676e-03   1.3183783e-02  -3.1782228e-03
  -3.5142191e-02   1.9143063e-01   7.1990842e-01  -3.0156379e-03   1.3405340e-02  -2.7797382e-03
  -3.7397779e-02   9.2651668e-02   6.3040977e-01  -3.3340490e-03   1.2812823e-02  -2.9468936e-03
  -4.9299767e-02   2.3610965e-01   7.2078337e-01  -3.7639207e-03   1.3286792e-02  -2.6653962e-03
  -3.5440244e-02   7.5366025e-02   6.1710168e-01  -4.0101018e-03   1.2502588e-02  -2.5207374e-03
  -2.2002135e-02   1.7566377e-01   8.2069391e-01  -5.2430760e-03   1.2827338e-02  -2.8394192e-03
   2.3496307e-02   8.7361736e-02   8.2505613e-01  -5.1240664e-03   1.3007261e-02  -3.1933130e-03
  -3.9555687e-03   1.2850186e-01   8.6192714e-01  -3.5573763e-03   1.3135662e-02  -3.2226151e-03
  -6.8831376e-02   1.9004545e-01   8.4803707e-01  -2.3166034e-03   1.1697422e-02  -3.2692285e-03
  -2.0789009e-02   1.8718654e-01   2.3106587e-01   3.0986951e-03   1.0018286e-02  -2.0962327e-03
  -9.6469346e-02  -6.5604188e-02  -1.3156721e-01   2.9626158e-03   1.1028761e-02  -1.9692912e-03
  -1.1774035e-01   2.4478591e-01  -1.7189096e-02   2.5583912e-03   1.1368945e-02  -1.7180509e-03
  -1.1101592e-01   1.2746328e-01  -3.1175471e-01   2.4763750e-03   1.0263360e-02  -2.2448460e-03
  -1.2712749e-01   1.7603087e-01  -3.5292719e-01   2.5643794e-03   9.4611955e-03  -2.2289184e-03
  -1.8310518e-01   2.6678408e-01  -2.0177591e-01   3.2881479e-03   9.2215999e-03  -2.0490102e-03
  -2.3009584e-01   1.4114739e-01  -2.5228856e-01   4.8817338e-03   8.4443018e-03  -2.2244571e-03
  -2.2951591e-01   2.4948673e-01  -1.2403995e-01   4.2410488e-03   8.0442014e-03  -2.4462894e-03
  -2.4693375e-01   1.4543415e-01  -1.6711566e-01   4.1729424e-03   6.8116997e-03  -1.9844023e-03
  -2.2787839e-01   1.6092604e-01  -8.8618902e-03   3.0465009e-03   7.7718421e-03  -2.1975463e-03
  -2.1263675e-01   1.0044906e-01   1.5319457e-01  -9.7050787e-04   7.4076718e-03  -2.3238432e-03
  -1.7144535e-01   1.0277036e-01   1.5677462e-01   1.1667618e-03   7.9146211e-03  -3.0348266e-03
  -1.8389221e-01   9.0187296e-02   1.7004455e-01  -1.6325023e-03   8.6132438e-03  -2.6050055e-03
  -2.5607330e-01   1.4347426e-01   2.0487119e-01  -4.4293635e-04   8.3516816e-03  -2.3054873e-03
  -2.7843427e-01   1.4209067e-01   2.6127373e-01  -1.8280561e-03   8.0845514e-03  -2.1639903e-03
  -2.6001747e-01   1.0362672e-01   3.0130588e-01  -1.6397126e-04   7.4276996e-03  -1.6928532e-03
  -2.1066460e-01   8.2495549e-02   2.7533608e-01  -1.1214674e-03   7.0315720e-03  -1.7477343e-03
  -2.1687060e-01   2.4754460e-01   6.1480190e-01  -1.0562680e-03   6.9699836e-03  -2.1713024e-03
  -2.1729917e-01  -4.0975106e-03   5.2342875e-01  -1.2146063e-03   6.6112150e-03  -2.4736989e-03
  -2.1159887e-01   9.8341165e-02   4.2852511e-01  -1.3069974e-03   7.5778686e-03  -2.1458507e-03
  -2.3695228e-01   1.3493811e-01   4.2827830e-01  -3.1573395e-04   7.3375057e-03  -2.4142849e-03
  -2.3173483e-01   7.0126748e-02   3.0049278e-01  -1.2793052e-03   7.4599306e-03  -2.2691194e-03
  -2.5133008e-01   1.4281407e-01   4.0324801e-01  -4.4041160e-04   7.5205595e-03  -2.9777174e-03
  -3.6764626e-01   1.0625564e-01   2.1098606e-01  -1.2711485e-03   6.5643373e-03  -3.2679726e-03
  -3.3040650e-01   1.1437639e-01   3.5819273e-01   6.2056895e-04   6.6426328e-03  -2.9088272e-03
  -1.6278129e-01   1.0062181e-01   2.4945616e-01  -7.9047431e-04   7.4019904e-03  -2.9256673e-03
  -2.1390787e-01   6.4595841e-02   3.5680147e-01  -1.8842432e-03   8.5106598e-03  -3.1034739e-03
