   0.0000000e+00   0.0000000e+00   0.0000000e+00   0.0000000e+00   0.0000000e+00   0.0000000e+00
  -3.4473065e-02  -1.4079880e-02  -3.1669629e-01   9.8756279e-05  -9.5776147e-04  -1.1191816e-03
  -4.3546612e-02  -2.3335740e-02  -2.9826467e-01  -1.3184405e-03  -7.3791375e-06  -1.1503660e-03
  -1.5576041e-02  -2.3760558e-01  -2.6636282e-03  -5.2745669e-03   1.3491559e-03  -1.0624041e-03
   5.9738466e-03  -2.4412740e-01   6.3251746e-02  -7.1002199e-03  -1.8613260e-04   1.1011950e-04
   5.1434259e-02  -4.1873151e-01   5.2265099e-02  -5.4117369e-03   5.7087974e-04   2.0839773e-03
   1.4318762e-01  -3.6241519e-01  -6.5242919e-02  -7.5491660e-03   8.6590722e-04   2.6050555e-03
   1.9652499e-01  -4.1020002e-01  -1.8694064e-01  -6.9786218e-03   9.7856610e-04   3.2336332e-03
   2.5538238e-01  -4.5786200e-01  -1.2138751e-01  -7.7988680e-03   2.5417626e-03   3.0674417e-03
   2.5752104e-01  -4.9613153e-01   5.6047774e-02  -9.7417358e-03   2.1728490e-03   3.4888413e-03
   2.9033611e-01  -5.0923710e-01  -2.0031886e-01  -9.5330507e-03   2.2049935e-03   4.0872635e-03
   2.8501055e-01  -4.4195455e-01   1.9975831e-01  -4.1600976e-03   3.1757011e-03   4.2716752e-03
   4.0922421e-01  -3.6852337e-01   5.5446534e-02  -5.7264958e-03   2.6904523e-03   5.0347508e-03
   3.7743675e-01  -6.1275117e-01   8.7158194e-02  -8.6568742e-03   3.9795629e-03   4.7435895e-03
   4.0573771e-01  -4.8733422e-01   3.4561545e-01  -6.4985751e-03   1.9744062e-03   5.3952484e-03
   4.3554672e-01  -6.8661634e-01  -5.0792332e-02  -9.7112402e-03   3.3006607e-03   5.4005725e-03
   3.7786502e-01  -5.3053987e-01   7.2633680e-01  -7.7351377e-03   4.0881069e-03   4.5344290e-03
   4.3433027e-01  -6.2513274e-01  -1.3131895e-02  -9.5256931e-03   3.5944927e-03   5.6949257e-03
   4.5926056e-01  -6.5075915e-01  -6.6864391e-02  -1.1586492e-02   4.0298965e-03   6.1357671e-03
   4.6604191e-01  -5.9243097e-01  -3.2615124e-02  -1.1571442e-02   4.2686890e-03   5.9839070e-03
   4.3931435e-01  -6.0915226e-01   6.5904529e-03  -1.2824331e-02   4.7585645e-03   5.5173433e-03
   3.5072808e-01  -6.5793243e-01   8.4826041e-01  -8.5225285e-03   5.6353341e-03   4.7990857e-03
   3.5324585e-01  -6.6846555e-01   2.7983827e-01  -1.1452374e-02   4.3665529e-03   5.8660106e-03
   4.2329908e-01  -6.2425950e-01   9.6285591e-02  -7.7850815e-03   7.5603377e-03   4.5151479e-03
   5.6896474e-01  -4.5566355e-01   2.9596895e-02  -5.1628276e-03   9.1130409e-03  -2.5782001e-03
   2.5395713e-01  -7.5840384e-01  -1.3552072e-01  -1.9980985e-02   4.7132462e-03  -1.9020930e-03
   1.9794084e-01  -7.0212117e-01  -1.5416082e-01  -1.8467106e-02   3.9150197e-03  -1.3913611e-03
   2.0917011e-01  -6.8072487e-01  -7.1051289e-02  -1.9223167e-02   4.6509497e-03   1.1777700e-03
   1.7705128e-01  -3.8622167e-01   1.2196248e+00  -8.2967749e-03   5.8060609e-03   2.5906101e-03
   3.1407576e-01  -6.2558399e-01   3.5888219e-01  -1.0142750e-02   5.5906164e-03   4.0128098e-03
   3.0916369e-01  -6.6954642e-01  -5.2465092e-01  -1.0819230e-02   6.5337718e-03   4.1930513e-03
   3.3788690e-01  -6.9897712e-01  -3.5088017e-01  -1.4841212e-02   6.5742989e-03   3.9699201e-03
   2.6012871e-01  -6.7402495e-01   4.9894080e-01  -1.0017939e-02   6.7401015e-03   3.5652509e-03
   2.8482097e-01  -6.1487373e-01   7.1286697e-01  -1.0576752e-02   6.6407461e-03   3.1934304e-03
   3.1005225e-01  -7.9358203e-01   2.8335565e-01  -1.3736920e-02   7.4138061e-03   2.4597914e-03
   2.3995709e-01  -6.9819307e-01   6.6064608e-01  -1.1282121e-02   6.0232736e-03   4.1462832e-03
   2.8926036e-01  -6.4134483e-01  -1.0661223e-01  -9.1773396e-03   6.9215574e-03   2.2433086e-03
  -5.5629958e-01  -2.4205253e-01  -1.8716873e-02  -2.2206099e-03  -1.5571507e-03   3.5300150e-03
  -3.3611109e-01  -1.9772081e-01   6.3982987e-01  -8.6069045e-03  -4.0085282e-04   6.1647165e-03
  -1.7324531e-01  -1.1246247e-01   2.7978261e-01  -1.7503171e-03   2.0936350e-03   6.3229923e-03
  -1.2583607e-02  -4.6730839e-01   1.0149679e+00  -9.4537487e-03   4.6614208e-03   4.9757361e-03
   9.8526868e-03  -3.6667423e-01   2.3625615e-01  -8.8914066e-03   3.4605014e-03   5.9797061e-03
   2.7584914e-02  -4.1534210e-01  -2.6591676e-03  -8.6296904e-03   3.5729401e-03   4.9960054e-03
   2.2403510e-02  -3.5056001e-01   1.2464845e-01  -7.9443163e-03   4.1561338e-03   5.5468034e-03
   1.1190565e-02  -6.0227166e-01   4.7660519e-01  -1.1375104e-02   5.7939190e-03   4.5108157e-03
  -1.2998023e-01  -2.6608405e-01   1.6392330e+00  -8.3591307e-03   3.8724497e-03   3.1328555e-03
  -7.5282521e-02  -5.9281096e-01   5.9311815e-01  -8.4041959e-03   3.0521755e-03   4.7735995e-03
   7.1256429e-02  -6.2714790e-01   9.9040649e-02  -1.3712767e-02   4.8620315e-03   5.9760378e-03
   1.0622528e-01  -5.7843980e-01   2.2219009e-01  -1.5228681e-02   5.4195267e-03   5.6512135e-03
   7.9054006e-02  -4.5522673e-01   6.3255203e-02  -1.2463413e-02   5.7602424e-03   5.8069043e-03
   6.1161080e-02  -5.5757193e-01  -2.1474558e-01  -1.6239213e-02   5.8261237e-03   6.5617995e-03
   1.3195995e-01  -6.1544534e-01   3.1739251e-01  -1.9111824e-02   6.4894397e-03   6.0952684e-03
   7.7332907e-02  -5.5088619e-01   2.5068588e-01  -1.6631300e-02   6.2895148e-03   6.1675787e-03
   6.4347774e-02  -5.9825535e-01   2.7571119e-02  -1.7196056e-02   6.6732341e-03   6.4371991e-03
   2.7155713e-02  -6.9408710e-01   5.7252863e-01  -1.5646795e-02   6.7770455e-03   5.5670067e-03
   1.4226738e-02  -4.2934441e-01   9.5967318e-01  -1.5229747e-02   4.6538028e-03   7.1097273e-03
   1.8377098e-01  -7.7945135e-01   1.6418700e-01  -1.9395692e-02   6.8338542e-03   7.1728714e-03
   1.4420761e-01  -7.5980610e-01   2.4368300e-01  -2.0631095e-02   6.8164506e-03   7.4275735e-03
   1.2487086e-01  -6.7297861e-01   2.7540031e-01  -1.9851875e-02   6.6148298e-03   7.5648535e-03
   9.1355348e-02  -6.2957962e-01   3.3330667e-01  -1.7152821e-02   6.1232231e-03   7.1118578e-03
   8.1472760e-02  -7.1017929e-01   3.9347363e-01  -1.8287955e-02   6.4582446e-03   7.6146280e-03
   1.2268181e-02  -7.6864296e-01   1.3494460e+00  -1.3863205e-02   6.5989667e-03   7.1277405e-03
   3.5099018e-02  -7.0603521e-01   1.0698053e+00  -1.5412847e-02   5.7115434e-03   7.0136097e-03
   8.0306732e-02  -8.5739708e-01   8.5969337e-02  -1.5290676e-02   6.2804256e-03   7.1899586e-03
   6.3055424e-02  -8.0378944e-01  -1.1577270e-02  -1.7554478e-02   5.9819058e-03   6.8090547e-03
   4.5892002e-02  -7.6458483e-01   3.2313405e-01  -1.8541574e-02   5.8119304e-03   4.3512740e-03
  -9.6155939e-01  -1.3657731e+00   3.0752062e-01  -3.7284460e-02  -1.7244500e-03  -2.5743677e-04
  -6.4014709e-01  -1.1180150e+00  -8.7495333e-02  -3.6596107e-02   8.0290157e-04   2.7995537e-04
  -5.6136410e-01  -9.5867761e-01   1.5523720e+00  -2.9670947e-02   3.6103182e-03   1.6849158e-03
  -5.1032631e-01  -9.6152713e-01   1.1680899e+00  -2.6937426e-02   1.8368277e-03   2.8691830e-03
  -3.4438120e-01  -1.1887042e+00   5.4561923e-01  -2.8394945e-02   3.1127943e-03   3.9511537e-03
  -3.2793346e-01  -1.2097508e+00   6.4589771e-01  -3.0390602e-02   3.2941136e-03   4.1581013e-03
  -3.2443821e-01  -9.7267208e-01   6.2474223e-01  -2.1421677e-02   2.0115949e-03   3.8996964e-03
  -1.9541826e-01  -8.6469625e-01   1.3745104e-01  -2.2020334e-02   3.7185043e-03   5.4356614e-03
  -1.8257694e-01  -8.9969587e-01  -1.7614500e-01  -2.3066641e-02   4.3118513e-03   4.8231098e-03
  -2.7238389e-01  -7.5685469e-01   6.6187882e-01  -2.0370323e-02   4.7180044e-03   4.2706424e-03
  -2.8972288e-01  -5.9475120e-01   8.8508762e-01  -9.6370595e-03   1.5032138e-03   6.9520021e-03
  -1.9334798e-01  -6.1410221e-01   4.3845405e-01  -1.3259473e-02   1.7464584e-03   5.6195525e-03
  -1.8047907e-01  -8.0435809e-01   5.9666763e-01  -1.7698713e-02   3.1329841e-03   5.3899497e-03
  -2.3133965e-01  -8.6619127e-01   1.3336006e+00  -2.0784653e-02   4.0124051e-03   4.7688988e-03
  -1.8743149e-01  -8.7846505e-01   3.1518179e-01  -1.7110446e-02   3.4541023e-03   5.8947961e-03
  -2.1022355e-02  -8.2664134e-01   8.6312166e-03  -2.0542465e-02   4.6017173e-03   7.2235316e-03
  -4.1487313e-02  -9.8762797e-01   5.5342438e-01  -2.3515091e-02   4.4783092e-03   7.0518355e-03
  -1.6813860e-01  -7.6684086e-01   9.7201762e-01  -1.7428348e-02   3.8557817e-03   5.3375465e-03
  -1.2685198e-01  -8.9868917e-01   6.9483720e-01  -2.3118939e-02   3.6446476e-03   6.8538619e-03
  -1.3845319e-01  -9.4396026e-01   5.2865892e-01  -2.4815587e-02   3.7759947e-03   6.2722044e-03
  -2.7843971e-01  -6.3366856e-01   1.3026966e+00  -1.6243958e-02   3.3582573e-03   5.8577331e-03
  -8.9380002e-02  -8.1060619e-01   1.4603714e-01  -1.8465683e-02   4.1336580e-03   7.3927086e-03
  -1.4076884e-02  -1.0586814e+00   6.3871163e-01  -2.4153901e-02   3.4329566e-03   6.7184373e-03
   9.2976523e-03  -9.3972594e-01   1.4380922e+00  -1.9668461e-02   1.1873100e-03   5.8139115e-03
   2.4225808e-01  -1.0630406e+00   7.4552035e-01  -2.7057284e-02   1.3551270e-03  -2.9932484e-04
   5.1572045e-01  -1.5204878e+00   2.9083420e-01  -3.7858753e-02   2.6047300e-03   2.9306310e-03
   5.5508787e-01  -1.3121239e+00   5.0163799e-01  -3.0294007e-02   3.6452489e-03   4.7249861e-03
   3.5580869e-01  -8.8110263e-01   1.0521752e+00  -1.1715891e-02  -2.2055089e-03   8.6550750e-03
   2.5557433e-01  -8.5583461e-01   1.8732875e+00  -1.6526906e-02  -2.6874079e-03   7.1504069e-03
   2.7341347e-01  -1.0811670e+00   1.2419719e+00  -1.8068416e-02  -2.1552041e-03   9.4629807e-03
   3.4708030e-01  -9.9076224e-01   1.1321344e+00  -2.0536806e-02  -1.0619367e-03   1.0570318e-02
   5.0055528e-01  -1.0510513e+00   1.1298449e+00  -2.3047410e-02   5.1375967e-04   1.1806504e-02
   4.8986725e-01  -9.8659389e-01   1.1194229e+00  -2.0035983e-02   1.3574071e-03   1.0550842e-02
   1.1233875e-01  -9.5129577e-01   4.8875507e-01  -1.9805088e-02   1.5340909e-03  -4.7589989e-03
  -3.5552945e-01  -9.7025893e-01   4.3342194e-01  -2.3789252e-02   1.9835758e-03   1.6538828e-03
  -5.8502786e-02  -7.6287609e-01   1.4168829e+00  -2.1753571e-02   4.3352050e-03   3.8164403e-03
   4.5724258e-02  -1.3214160e+00   1.0761860e+00  -2.6544192e-02   3.4709268e-03   6.8173093e-03
   1.7987153e-01  -1.1361310e+00   7.4503106e-01  -2.3657519e-02   5.1367281e-03   8.2430187e-03
   1.4761782e-01  -1.1516015e+00   8.3061883e-01  -2.7416250e-02   5.9391830e-03   7.7790333e-03
   1.8421358e-01  -1.1810486e+00   9.9262417e-01  -2.7486948e-02   6.4819702e-03   8.8485618e-03
   8.5720826e-02  -1.1106063e+00   1.8020702e+00  -2.5243639e-02   5.9265803e-03   9.9939937e-03
   3.5727616e-01  -1.2541259e+00   4.5183102e-01  -2.4881737e-02   7.9420737e-03   1.0062027e-02
   4.1664347e-01  -1.2164717e+00   2.9678457e-01  -2.7845105e-02   8.9664412e-03   1.0112818e-02
   3.4756983e-01  -1.2071346e+00   3.8683759e-01  -2.8341143e-02   8.8549508e-03   1.0033017e-02
   1.2044604e-01  -8.9296207e-01   1.0737237e+00  -2.0664939e-02   6.2793594e-03   1.0624444e-02
   2.2797600e-01  -1.0857727e+00   7.9352664e-01  -2.2996107e-02   7.6252569e-03   1.0462709e-02
   1.6562530e-01  -1.0155167e+00   1.5120634e+00  -2.0484092e-02   5.5083971e-03   7.2803341e-03
   9.2539769e-02  -7.0038848e-01   1.1680280e+00  -9.3321158e-03   2.1197792e-03   1.1337264e-02
   3.4104899e-01  -9.4383662e-01   2.1920970e-02  -1.4519320e-02   6.2775107e-03   1.1766730e-02
   3.3004890e-01  -8.4330709e-01  -4.0946102e-02  -1.6163488e-02   7.5765132e-03   1.0822051e-02
   3.9679374e-01  -8.0348289e-01  -1.0814990e-01  -1.8218066e-02   9.2713629e-03   1.1658748e-02
   7.2166103e-02  -1.3408042e+00   2.8852254e-01  -3.2542025e-02   6.1860194e-03  -1.5405389e-04
  -1.8224507e-01  -1.2580092e+00   1.3100242e-01  -3.6226915e-02   3.0026093e-03   3.7963670e-03
  -7.2065645e-02  -1.3533679e+00   1.0058948e+00  -3.5570533e-02   7.7544162e-03   4.9141099e-03
  -9.7804941e-02  -1.1362566e+00   1.3709934e+00  -3.1915218e-02   7.6253173e-03   6.8252166e-03
  -7.9232884e-02  -1.0308672e+00   7.6143818e-01  -2.3297253e-02   7.8203892e-03   7.6067143e-03
  -9.6339526e-02  -7.9770343e-01  -3.8287032e-03  -2.2922861e-02   8.5202643e-03   9.2612536e-03
  -5.6130508e-02  -7.9239987e-01   5.4480021e-02  -2.6670972e-02   8.9854683e-03   8.5228667e-03
  -1.7292408e-01  -8.7723849e-01   5.8579788e-01  -2.6187820e-02   6.3945289e-03   7.8048958e-03
  -8.9084752e-02  -8.3436515e-01   6.0354901e-01  -2.5362794e-02   7.0302965e-03   7.6021818e-03
  -4.4852851e-02  -1.0319041e+00   1.4316374e+00  -2.4110314e-02   1.1055308e-02   9.0853185e-03
  -1.5321773e-01  -5.9072166e-01   1.5535889e+00  -1.2962298e-02   7.1982172e-03   1.1063739e-02
  -1.2316144e-02  -8.5089696e-01  -8.1393418e-02  -1.0416458e-02   3.9866159e-03   9.8513918e-03
  -4.7597874e-02  -6.0694825e-01  -3.4428005e-01  -1.3805177e-02   3.3207945e-03   1.0136563e-02
  -1.3395653e-01  -5.5407900e-01  -1.9444820e-01  -1.5724178e-02   3.3356917e-03   7.8177705e-03
  -1.3907819e-01  -5.7625245e-01  -1.0620865e-01  -1.7662488e-02   3.6238821e-03   8.7898268e-03
  -1.7358803e-01  -6.3179979e-01  -4.7257433e-02  -1.8959970e-02   4.0631197e-03   1.0517945e-02
  -3.0233798e-01  -6.7817002e-01   5.3032548e-01  -1.6014919e-02   5.3532088e-03   1.0254380e-02
  -1.4983239e-01  -6.2693982e-01   1.0366596e+00  -1.4815871e-02   7.7784907e-03   9.6126987e-03
  -2.5611561e-01  -1.0472302e+00   4.4390410e-01  -1.8393781e-02   7.4186747e-03   1.1128286e-02
  -2.1687149e-01  -9.2432371e-01   6.6157326e-01  -1.7475477e-02   5.5949226e-03   1.1365469e-02
  -2.4950847e-01  -1.0218382e+00   4.7502215e-01  -2.0892299e-02   5.3926800e-03   9.5375081e-03
  -3.2716164e-01  -8.4280484e-01   4.0626693e-01  -1.6834676e-02   3.8040334e-03   1.1201006e-02
  -2.6744627e-01  -8.6899730e-01   6.1692177e-02  -1.7208489e-02   4.7878428e-03   1.1781857e-02
  -5.4561271e-02  -8.7932212e-01  -3.6533249e-02  -2.4974410e-02   7.7523508e-03   1.3244550e-02
  -8.6447899e-02  -1.1976702e+00   9.1101674e-01  -2.7358761e-02   8.5830182e-03   1.4322526e-02
  -4.6778873e-02  -8.9191318e-01   5.1865242e-01  -2.2878292e-02   4.5336233e-03   1.3717261e-02
  -2.4785382e-01  -1.1203458e+00   8.9279589e-01  -2.7585108e-02   7.7263993e-04   6.0529309e-03
  -3.9172254e-01  -1.1158447e+00   1.0939575e+00  -2.9800126e-02  -1.1655329e-03   6.1579755e-03
  -3.4876830e-01  -1.1842342e+00   1.1810769e+00  -3.1911293e-02  -2.8581343e-04   8.2851591e-03
  -2.9368984e-01  -1.2713086e+00   1.1927973e+00  -3.3865455e-02   4.7948748e-04   1.0354455e-02
  -2.6297815e-01  -1.0290582e+00   1.4161569e+00  -2.3912661e-02   2.1209727e-03   1.0272204e-02
  -6.4246084e-03  -3.5859445e-01   1.5830500e+00  -4.8563990e-03   8.1357421e-03   1.4403136e-02
  -4.3920478e-03  -1.0035714e+00   8.5764553e-01  -1.5179466e-02   6.9670374e-03   1.4699566e-02
   2.9476370e-02  -1.2642315e+00   1.1087410e+00  -2.4744456e-02   6.8699551e-03   1.6294181e-02
   6.3492717e-02  -8.0646941e-01   1.1560544e+00  -1.2877537e-02   5.8699546e-03   1.7148886e-02
   1.6778125e-01  -9.7555740e-01   9.5313210e-01  -2.1348278e-02   8.0578872e-03   1.5942024e-02
   6.1794940e-02  -1.1949027e+00   1.8164077e+00  -2.3909420e-02   6.3417170e-03   1.5950426e-02
   1.9024700e-01  -8.3299468e-01   1.5367249e+00  -1.7470837e-02   5.0249952e-03   1.7195628e-02
   2.2916720e-01  -1.2785191e+00   5.8112608e-01  -3.1323448e-02   6.8537131e-03   8.1936269e-03
  -1.8434339e-01  -1.5440780e+00   7.9422691e-01  -3.6409225e-02   1.3112746e-03   8.9932264e-03
  -4.4917950e-02  -1.3267024e+00   1.2918125e+00  -3.0513574e-02   1.6764472e-03   1.0897815e-02
  -1.3807402e-01  -1.2517933e+00   1.7504797e+00  -1.6318339e-02   2.6476148e-03   1.1532176e-02
  -3.3115975e-01  -1.3612590e+00   4.0966698e+00  -5.8872438e-03   1.5588619e-03   1.2959291e-02
  -1.1561037e-01  -1.8612403e+00   3.6181631e+00  -1.6868294e-02   3.0960976e-03   1.2059182e-02
  -1.3541637e-01  -1.8774479e+00   3.4452680e+00  -2.2394051e-02   3.5279998e-03   1.1935688e-02
  -8.6607416e-02  -1.8174257e+00   3.1005059e+00  -2.0585671e-02   4.0659749e-03   1.4096337e-02
   2.4243199e-02  -1.4344090e+00   3.2581407e+00  -1.6852795e-02   2.5254992e-03   1.6343131e-02
   2.5771467e-01  -1.5987685e+00   2.1797382e+00  -2.2154100e-02   5.3643998e-03   1.6866764e-02
   1.7097391e-01  -1.6700339e+00   2.2376614e+00  -2.3079550e-02   5.2868366e-03   1.5729337e-02
   1.3601619e-01  -1.5630824e+00   2.3721021e+00  -2.1514603e-02   5.4451824e-03   1.6255206e-02
   5.8870251e-02  -1.6099065e+00   2.3743316e+00  -2.1965468e-02   4.8352026e-03   1.8544621e-02
   9.7090109e-02  -1.7899606e+00   3.6318104e+00  -2.1374638e-02   6.8070823e-03   1.7426001e-02
   4.7644411e-02  -1.7350045e+00   3.0164050e+00  -2.3521369e-02   5.6597323e-03   1.7464720e-02
   1.3123000e-02  -1.4800166e+00   2.2812822e+00  -1.6302724e-02   4.9787560e-03   1.6811042e-02
   2.4592238e-02  -1.3548982e+00   2.0003309e+00  -1.9419843e-02   6.5565929e-03   1.6909124e-02
   1.1337813e-03  -1.5030902e+00   2.3428610e+00  -2.4413920e-02   6.8308272e-03   1.6564264e-02
  -6.4083251e-04  -1.5471612e+00   2.5449976e+00  -2.5315412e-02   7.1998765e-03   1.6296213e-02
  -5.3055846e-02  -1.2360479e+00   4.0642027e+00  -1.6201216e-02   4.6061889e-03   1.4753400e-02
   2.8477742e-01  -1.3286782e+00   2.4792258e+00  -1.4644211e-02   5.1930932e-03   1.6846312e-02
  -8.2570901e-02  -1.8991600e+00   1.2864771e+00  -3.4833350e-02   5.0614501e-03   6.3452568e-03
  -4.7748506e-01  -1.5993361e+00   2.3408572e+00  -3.9394075e-02   8.6235367e-04   1.5069540e-03
  -3.9882908e-01  -1.6038395e+00   2.3618102e+00  -3.9687775e-02   1.8376205e-03   3.8230075e-03
  -3.4940972e-01  -1.5982765e+00   2.3212945e+00  -3.9104663e-02   2.5148654e-03   5.7892399e-03
  -4.0622385e-01  -1.1344372e+00   2.5645351e+00  -1.6699091e-02   8.3154202e-04   1.0450040e-02
  -3.0981733e-01  -1.4384897e+00   3.6447439e+00  -1.7276679e-02   6.9330528e-03   1.0580823e-02
  -3.0946554e-01  -1.6452898e+00   4.2741827e+00  -2.1732122e-02   6.9620421e-03   1.0496985e-02
  -3.8638751e-01  -1.9970904e+00   3.8924091e+00  -2.3919333e-02   5.9859984e-03   1.2302107e-02
  -2.8454023e-01  -1.9882159e+00   3.5693547e+00  -2.7014207e-02   7.1667475e-03   1.4420780e-02
  -2.9546669e-01  -1.8971496e+00   3.3339277e+00  -2.5834537e-02   6.9352845e-03   1.4432919e-02
  -6.3505003e-02  -1.3738484e+00   2.4796670e+00  -8.1004677e-03   9.8903373e-03   1.5489241e-02
  -5.5502569e-02  -1.1065669e+00   2.5604506e+00  -1.3108157e-02   1.1392861e-02   1.5122282e-02
   3.8249688e-01  -1.0244016e+00   1.6569140e+00  -2.1133070e-02   1.2322369e-02   1.5412103e-02
   2.1034927e-01  -1.2494401e+00   1.5864215e+00  -1.9607333e-02   1.0171451e-02   1.5866356e-02
   4.0492394e-01  -1.6783477e+00   1.5573612e+00  -4.4428424e-02   1.2946542e-02   1.0741849e-02
   2.4450537e-01  -1.1923261e+00   1.7457963e+00  -2.6176798e-02   9.8678576e-03   1.1896503e-02
   5.5701245e-01  -1.5280897e+00   2.9171735e+00  -2.8834103e-02   8.1129238e-03   1.2072216e-02
   2.0347532e-01  -1.2826226e+00   3.3608525e+00  -2.2072084e-02   3.8277619e-03   1.2749611e-02
   6.3331401e-01  -1.8015402e+00   3.1572752e+00  -3.5661441e-02   6.3330096e-03   4.6638986e-03
   6.5644066e-01  -2.0343966e+00   2.7568397e+00  -4.0951125e-02   8.1437847e-03   8.2290858e-03
   5.9866695e-01  -1.6440649e+00   2.9273652e+00  -2.5623881e-02   6.0617207e-03   1.0902714e-02
   5.7888441e-01  -1.6525195e+00   3.0437448e+00  -2.3138347e-02   6.6731301e-03   1.3109191e-02
   3.2273594e-01  -1.8727581e+00   3.0582304e+00  -3.9713953e-02   1.0194868e-02  -7.6011509e-03
  -4.6807711e-01  -1.5992418e+00   3.8124226e+00  -3.0987409e-02   3.1020662e-03   2.4935672e-03
  -2.3169456e-01  -1.6272676e+00   3.2153358e+00  -2.8355888e-02   2.9416784e-03   7.9526037e-03
  -5.4158783e-02  -1.7039419e+00   3.0893469e+00  -3.2402040e-02   3.6090828e-03   7.8976150e-03
   1.5777387e-01  -1.3851544e+00   2.5927880e+00  -1.6179811e-02   6.7931430e-03   1.0164689e-02
   4.5525314e-01  -1.6508001e+00   2.7151553e+00  -2.4298569e-02   9.5014930e-03   1.2524070e-02
   2.4489362e-01  -1.9804692e+00   4.1040787e+00  -2.8106779e-02   8.4511435e-03   9.7768821e-03
   2.5052863e-01  -1.6626088e+00   3.5682579e+00  -1.8100887e-02   4.6059660e-03   1.1489963e-02
   3.1662877e-01  -1.4930800e+00   2.9003724e+00  -1.7573058e-02   4.9207599e-03   1.2677594e-02
   3.9958766e-01  -1.5656024e+00   2.5394011e+00  -2.8404799e-02   8.0794417e-03   1.0954855e-02
   2.3838033e-01  -1.5626455e+00   2.4093830e+00  -2.4150217e-02   6.5239672e-03   1.0033537e-02
   1.3662026e-01  -1.4799975e+00   2.0780381e+00  -2.0278176e-02   3.8866532e-03   1.0641676e-02
   1.1031948e-01  -1.4922359e+00   2.1419385e+00  -2.1037281e-02   3.6674298e-03   1.0560343e-02
   1.6911629e-01  -1.5096201e+00   3.0423414e+00  -1.5740799e-02   7.1570861e-03   1.0890590e-02
   1.8545000e-01  -1.5765686e+00   2.6722805e+00  -1.9697234e-02   6.9108176e-03   1.0976370e-02
   1.8077899e-01  -1.7965313e+00   2.3832973e+00  -2.2537062e-02   7.8831938e-03   1.1054749e-02
   3.7140089e-02  -1.7105177e+00   3.4568879e+00  -1.9141320e-02   8.2915946e-03   8.4159036e-03
  -8.5681052e-02  -1.6582703e+00   2.9386373e+00  -1.5299716e-02   7.8144050e-03   9.0744465e-03
   1.1085825e-02  -1.6974383e+00   2.4099552e+00  -1.7972897e-02   8.9877916e-03   9.8377044e-03
   4.3945664e-02  -1.5435709e+00   2.3399217e+00  -1.6506806e-02   9.3210527e-03   1.0373737e-02
   3.1497406e-02  -1.8419979e+00   2.6882809e+00  -2.1575647e-02   9.5459357e-03   1.0265085e-02
  -8.5021908e-02  -2.4451559e+00   2.2745674e+00  -3.3311770e-02   9.3798733e-03   4.0397677e-03
  -1.3216679e-01  -2.8189278e+00   2.2092598e+00  -4.6316730e-02   5.8330835e-03   6.6354909e-03
  -4.8895009e-02  -1.4976547e+00   9.2069968e-01  -2.7972127e-02   3.7080281e-03   1.0479012e-02
   2.3528529e-01  -1.4522615e+00   2.3786258e+00  -2.2231150e-02   9.8381343e-03   6.3346140e-03
   1.2615413e-01  -1.2762358e+00   2.3390059e+00  -1.5029475e-02   8.0024834e-03   6.9888721e-03
   1.8157635e-01  -1.4963216e+00   1.8035581e+00  -1.4340785e-02   8.4032358e-03   7.7550122e-03
   4.6571715e-02  -1.0455352e+00   1.7686661e+00   1.7777982e-04   7.5340479e-03   8.2390041e-03
   5.4023845e-02  -1.0106561e+00   1.8018250e+00  -9.7142920e-03   9.1660408e-03   5.2706204e-03
  -5.0500044e-02  -1.2065023e+00   1.3757699e+00  -1.9870623e-02   7.8575506e-03   3.7418855e-03
  -1.6329199e-01  -1.8977438e+00   4.5402833e-01  -3.8504165e-02   1.1203597e-02  -7.0630604e-04
  -2.7003012e-01  -1.7205918e+00   1.2379383e+00  -3.1344031e-02   1.0286805e-02   6.0118426e-03
  -4.8601763e-02  -8.9311792e-01   2.9159658e+00  -1.8825124e-02   9.4253656e-03   5.4210943e-03
   1.7622042e-01  -1.3041620e+00   1.8015449e+00  -1.2652012e-02   1.0600327e-02   7.9747908e-03
   1.4109165e-01  -1.4452194e+00   1.4540695e+00  -1.8289914e-02   1.0573548e-02   7.8735421e-03
   1.2274183e-01  -1.3173624e+00   1.4727913e+00  -1.9077259e-02   1.0579421e-02   7.7713502e-03
   4.0483364e-02  -1.5404843e+00   1.5034308e+00  -2.2281717e-02   8.9891651e-03   7.7563488e-03
   1.1823091e-02  -2.2500479e+00   9.9691490e-01  -4.6149468e-02   5.0405200e-03   6.4256874e-03
  -3.7098373e-02  -2.0858954e+00   2.8876568e+00  -3.9144675e-02   3.3137431e-03   2.8259989e-03
  -2.4244588e-01  -2.3094738e+00   3.2307744e+00  -4.3005138e-02   5.0927698e-04   2.5054138e-03
  -5.5112275e-02  -2.6373129e+00   4.1995857e+00  -4.0969527e-02   5.3096836e-03   5.7155940e-03
  -2.1526285e-02  -2.2516673e+00   4.5598753e+00  -3.5313253e-02   3.9547933e-03   5.7715297e-03
   2.8447754e-02  -2.5463399e+00   3.4092649e+00  -2.8030652e-02   1.7534174e-03   6.9351245e-03
   1.1933958e-01  -1.9702930e+00   2.8518427e+00  -2.4679271e-02   1.6004495e-03   5.7588705e-03
  -7.0384133e-02  -1.8579827e+00   2.8803098e+00  -2.5772809e-02   5.2020394e-04   4.8790235e-03
  -5.8009114e-02  -1.8858161e+00   2.9632297e+00  -2.7864143e-02   5.0213539e-04   5.4282448e-03
  -4.4498218e-02  -2.0922209e+00   3.4434591e+00  -3.1782479e-02  -8.4022526e-05   5.5969778e-03
  -7.9949152e-02  -2.3127575e+00   3.7939875e+00  -3.1324927e-02   2.2381998e-03   4.6906940e-03
  -7.5999370e-02  -1.9719053e+00   4.5947945e+00  -2.9037364e-02   2.7105447e-03   5.9120099e-03
  -9.4912981e-02  -2.1865133e+00   3.5783766e+00  -2.5222744e-02   2.5725821e-03   5.0454405e-03
  -7.3542333e-02  -2.2375594e+00   3.1767687e+00  -2.7499331e-02   2.0009976e-03   6.0254671e-03
   2.8399873e-01  -2.0675218e+00   2.9257206e+00  -2.3641025e-02   3.6870683e-04   9.5263930e-03
   3.4007679e-01  -2.0221237e+00   2.4340303e+00  -2.9251199e-02   1.0357920e-03   1.0832001e-02
   2.2961443e-01  -2.3531200e+00   4.6789183e+00  -3.4333490e-02   8.8351900e-04   1.1509405e-02
   2.0650218e-01  -2.2932117e+00   4.7704215e+00  -3.2865547e-02  -1.2928863e-03   9.8168941e-03
   3.0851002e-01  -2.7319528e+00   3.7668202e+00  -4.2096720e-02   9.0615893e-04   9.7738395e-03
   2.4893462e-01  -2.5448450e+00   3.6628883e+00  -4.0624961e-02   1.5137621e-03   1.0387668e-02
   3.3229905e-01  -2.4434143e+00   3.1591336e+00  -3.4681848e-02   2.3791490e-03   1.2013301e-02
   4.0505350e-01  -2.8240512e+00   3.6152532e+00  -4.5350643e-02   2.9102395e-03   1.1747404e-02
  -1.0899987e-01  -2.4806708e+00   3.5482279e+00  -4.6140765e-02  -2.3816994e-04  -8.8390058e-03
  -7.3773361e-01  -1.4763518e+00   3.2063111e+00  -3.8039534e-02  -1.1474544e-03  -8.7994620e-04
  -8.3142853e-01  -2.5015375e-02   3.9743797e+00  -2.1431481e-02  -2.3461395e-03   1.1923100e-03
  -1.5490263e-01  -1.7598976e+00   1.8249505e+00  -2.1836365e-02  -3.7356709e-04   4.1595304e-03
   9.9385099e-02  -1.3588281e+00   1.6674521e+00  -1.8532790e-02   1.7633517e-03   7.9182567e-03
   2.2697526e-01  -2.4287402e+00   1.8439240e+00  -4.5642085e-02   4.1662346e-03   7.9206020e-03
   2.3206558e-01  -2.2508639e+00   2.0716806e+00  -4.3294656e-02   5.7432185e-03   9.5393570e-03
   4.8289082e-01  -2.2185143e+00   2.0638684e+00  -4.8220622e-02   9.0405515e-03   1.1051079e-02
   6.1276041e-01  -2.2809327e+00   4.1277940e+00  -4.3552845e-02   1.0133594e-02   1.1208876e-02
   5.4075776e-01  -2.3259191e+00   4.0357480e+00  -3.6764489e-02   8.9132952e-03   1.1285432e-02
   6.9755047e-01  -2.4713652e+00   3.2261622e+00  -3.2901302e-02   8.1160704e-03   1.2877587e-02
   8.5407736e-01  -2.4339259e+00   3.1969847e+00  -3.6864222e-02   8.4780362e-03   1.5001733e-02
   8.9721591e-01  -2.4466610e+00   3.2648633e+00  -3.9431207e-02   8.8468650e-03   1.5177020e-02
   9.3329036e-01  -2.3055632e+00   3.1541942e+00  -3.3408252e-02   9.2323173e-03   1.6528262e-02
   7.2838902e-01  -2.3305770e+00   4.5143433e+00  -3.2131353e-02   1.0965575e-02   1.5668546e-02
   9.1754558e-01  -2.1734703e+00   3.4809083e+00  -2.7407360e-02   9.0847402e-03   1.4229178e-02
   9.9457377e-01  -2.2110106e+00   3.1525388e+00  -3.1077241e-02   1.5916076e-03   1.5891002e-02
   1.9472915e+00  -2.0728942e+00   3.1949195e+00  -3.8495542e-02   1.5397191e-02   1.2339719e-02
   2.1347198e+00  -2.7365697e+00   3.3088215e+00  -4.6536730e-02   1.8932754e-02   1.5490157e-02
   1.1676758e+00  -1.8468075e+00   2.3137569e+00  -2.4311609e-02   1.3600256e-02   5.3073179e-03
   6.8721431e-01  -1.1792558e+00   6.6731248e-01  -1.5450407e-02   1.0965167e-02   9.7159487e-03
   9.4938183e-01  -1.3798774e+00   7.1971746e-01  -1.8324801e-02   1.6078831e-02   1.3629931e-02
   1.1890043e+00  -1.3653038e+00   2.7041945e+00  -1.8116539e-02   1.8810272e-02   1.2050349e-02
   1.0576349e+00  -1.4057952e+00   1.8295647e+00  -8.0217554e-03   1.7834849e-02   9.6329196e-03
   1.0808360e+00  -1.5378212e+00   1.5641505e+00  -1.6933106e-02   1.9402168e-02   1.1981869e-02
   1.1347269e+00  -1.5008032e+00   2.1445064e+00  -1.6755626e-02   1.9544867e-02   1.1576964e-02
   7.8591475e-01  -2.1674632e+00   3.0674437e+00  -2.6817759e-02   1.7933138e-02   1.0290130e-02
   8.9993585e-01  -2.0151882e+00   3.0392804e+00  -2.7730978e-02   1.9936267e-02   9.2077223e-03
   4.5326804e-01  -1.8158662e+00   4.2074003e+00  -2.2699360e-02   1.5300980e-02   3.0817958e-03
   5.3856913e-01  -2.1055410e+00   3.6919294e+00  -2.4801904e-02   1.3285348e-02   5.6898211e-03
   4.5342941e-01  -2.2769422e+00   3.7463598e+00  -2.6188077e-02   1.1937939e-02   5.2050732e-03
   4.1757266e-01  -2.1973296e+00   3.7368321e+00  -2.5588718e-02   1.1746182e-02   4.4400227e-03
   4.3308501e-01  -2.2629655e+00   3.7048060e+00  -2.6354052e-02   1.2441860e-02   5.0126815e-03
   5.2389349e-01  -2.3598992e+00   4.2573568e+00  -2.9179943e-02   1.4076958e-02   5.0290447e-03
   4.5956713e-01  -2.2363979e+00   3.7607379e+00  -2.7820583e-02   1.3630518e-02   5.8099527e-03
   5.7723402e-01  -2.4151611e+00   3.3626273e+00  -3.0202540e-02   1.5917471e-02   6.6595352e-03
   5.5408951e-01  -2.3243832e+00   3.7303306e+00  -2.7734676e-02   1.5379948e-02   7.1193644e-03
   5.8194113e-01  -2.2085783e+00   4.2263372e+00  -2.7860493e-02   1.4613519e-02   7.2847695e-03
   5.8946240e-01  -2.1986984e+00   3.3951484e+00  -2.6309409e-02   1.4529048e-02   7.8458316e-03
   6.2543638e-01  -2.2857693e+00   3.1800876e+00  -2.9603121e-02   1.5154907e-02   7.9752782e-03
   6.9982263e-01  -2.0822343e+00   2.8958112e+00  -2.8516524e-02   1.6550538e-02   9.0421518e-03
   7.6349229e-01  -1.9788622e+00   2.3669963e+00  -2.6728756e-02   1.8382201e-02   1.0345937e-02
   6.9121395e-01  -2.3110025e+00   3.7808157e+00  -2.4835270e-02   1.5157689e-02   9.5543290e-03
   6.0179860e-01  -1.9490249e+00   4.4686033e+00  -2.3202241e-02   1.4469788e-02   8.7757965e-03
   6.4476289e-01  -2.3893643e+00   3.2808238e+00  -1.9927733e-02   1.4786284e-02   1.0590285e-02
   7.3075952e-01  -2.1244699e+00   2.6804158e+00  -1.6371436e-02   1.5618563e-02   1.2202395e-02
   7.1799341e-01  -2.0818420e+00   2.8080367e+00  -1.9288383e-02   1.5643390e-02   1.2297328e-02
   7.7131791e-01  -2.1552149e+00   2.9802407e+00  -2.2027734e-02   1.5838210e-02   1.2571343e-02
   3.1264471e-01  -2.3571805e+00   3.2187224e+00  -2.5486095e-02   9.0919695e-03   1.3838750e-02
   3.4339392e-01  -2.5849813e+00   3.4207943e+00  -2.7968173e-02   9.9501587e-03   1.5971225e-02
   3.5103985e-01  -2.2744853e+00   4.5216227e+00  -2.9001278e-02   1.1265133e-02   1.5102961e-02
   2.9179959e-01  -2.3456597e+00   3.3411845e+00  -2.1866372e-02   9.9655231e-03   1.6796964e-02
   3.1644848e-01  -2.2767414e+00   3.0438577e+00  -2.6547347e-02   1.1038646e-02   1.6725429e-02
   2.3444867e-01  -2.0495359e+00   3.1126265e+00  -1.7360817e-02   1.1281415e-02   1.7710283e-02
   2.4962979e-01  -1.9274052e+00   3.0489388e+00  -1.7946035e-02   1.1676490e-02   1.7989459e-02
   2.5503039e-01  -2.2357339e+00   3.3784826e+00  -2.1341115e-02   1.2713810e-02   1.8161666e-02
   9.6834083e-02  -1.3674472e+00   4.5504811e+00  -1.8951733e-02   7.5661101e-03   1.5529932e-02
   2.1366332e-01  -1.5707067e+00   2.6546094e+00  -2.3157949e-02   7.9283152e-03   1.2411735e-02
  -2.5528679e-02  -2.7825124e+00   2.3911007e+00  -3.9302426e-02   7.4187066e-03   1.0663036e-02
   1.7819547e-01  -2.3781781e+00   3.9844973e+00  -3.6850782e-02   4.4213937e-03   9.0729675e-03
   1.9429996e-01  -2.3896053e+00   4.0068118e+00  -3.4337750e-02   7.0143496e-03   9.4925535e-03
   2.2105534e-01  -2.6496463e+00   3.8438812e+00  -4.0418615e-02   9.8812346e-03   1.1336025e-02
   1.3146080e-01  -2.5264963e+00   3.6057852e+00  -4.0498924e-02   1.0065464e-02   1.0907923e-02
   2.2643728e-01  -3.0332379e+00   4.7474871e+00  -4.1811017e-02   8.8262757e-03   1.1827591e-02
  -3.0390664e-02  -3.2855666e+00   5.1996763e+00  -4.2909848e-02   4.5765273e-03   1.3604201e-02
   7.2768730e-03  -2.8891561e+00   5.7456399e+00  -4.1042156e-02   3.1347909e-03   1.2608654e-02
  -3.3845600e-02  -3.1488841e+00   4.8793798e+00  -3.7553073e-02   2.3855725e-03   1.4361729e-02
   1.7493677e-02  -3.2052708e+00   4.4950395e+00  -3.9916545e-02   2.6932691e-03   1.5368569e-02
   3.3218515e-01  -2.9755152e+00   4.1167836e+00  -3.4091992e-02   6.4460026e-03   1.7367337e-02
   2.6913575e-01  -2.6787576e+00   4.2265183e+00  -3.0959873e-02   9.1486806e-03   1.7689436e-02
   1.5137707e-01  -2.3662472e+00   4.7096549e+00  -2.5825384e-02   8.3033544e-03   1.7313385e-02
   3.8670621e-01  -2.7065409e+00   3.2052535e+00  -3.3125006e-02   1.2411600e-02   1.7475343e-02
   4.3897806e-01  -2.8129354e+00   3.5862127e+00  -4.1102869e-02   1.2600309e-02   1.5194402e-02
   3.6240818e-01  -2.5758856e+00   3.5550667e+00  -3.4454069e-02   1.2871936e-02   1.4640619e-02
  -4.6256178e-01  -1.5385747e+00   3.0518536e+00  -1.7701378e-02   6.5383358e-03   1.5605347e-02
  -3.3828347e-02  -2.8485576e+00   7.7603451e-01  -8.1486297e-02   8.5760637e-03   1.5149759e-02
  -9.3735698e-02  -1.5589044e+00   2.5584728e+00  -4.8324948e-02   6.7468851e-03   1.8306677e-02
   9.2020811e-02  -2.2543856e+00   2.8431511e+00  -4.6702407e-02   7.9999287e-03   1.9849742e-02
  -6.6933933e-02  -2.3180323e+00   2.4339042e+00  -4.8793250e-02   7.1897911e-03   1.9246796e-02
  -8.8600646e-02  -1.9693420e+00   1.5855334e+00  -4.6120616e-02   7.4433937e-03   1.9743597e-02
  -1.0319688e-02  -1.7310683e+00   1.7529731e+00  -3.6931008e-02   8.6171317e-03   2.0352323e-02
   2.0291672e-01  -2.2725717e+00   2.0303020e+00  -5.2706255e-02   8.4399662e-03   1.4772401e-02
   2.4374284e-01  -1.9029838e+00   1.5801899e+00  -4.7904149e-02   1.1093658e-02   1.5539744e-02
   2.4581154e-01  -1.9926129e+00   3.4408461e+00  -4.6995583e-02   1.2292741e-02   1.5164414e-02
   3.2295209e-01  -1.9968504e+00   3.2471233e+00  -4.2508576e-02   1.0535140e-02   1.8553241e-02
   2.0257659e-01  -2.3037088e+00   2.3799806e+00  -4.2913466e-02   1.0296213e-02   1.4075043e-02
   7.1993750e-02  -2.3302287e+00   3.0755032e+00  -4.6343100e-02   8.4133493e-03   1.3490411e-02
   4.8258732e-01  -2.1096492e+00   3.5557245e+00  -3.9473265e-02   1.2024718e-02   1.0412655e-02
   1.8624272e-01  -1.8986482e+00   3.5202620e+00  -3.6292517e-02   1.1943920e-02   1.3205681e-02
   4.1103140e-01  -2.1582362e+00   2.7328348e+00  -3.7095231e-02   1.1027288e-02   1.9385505e-02
   6.8476030e-01  -2.0668581e+00   2.2098765e+00  -4.3059343e-02   1.2088673e-02   2.0046665e-02
   1.3029595e+00  -2.2372665e+00   2.6773326e+00  -4.2304571e-02   1.1801662e-02   1.4695718e-02
   1.1429636e+00  -2.0859354e+00   2.5380693e+00  -3.4279222e-02   1.1132498e-02   1.5735584e-02
   1.7057475e+00  -2.2773486e+00   5.7195433e-01  -3.5055254e-02   2.1055860e-02   1.8547478e-02
   6.6781752e-01  -3.1687525e+00   3.7948361e+00  -6.5397240e-02   6.2146989e-03   1.3607892e-02
   7.7700831e-01  -3.4228867e+00   3.8561686e+00  -6.4132942e-02   8.7017320e-03   1.7205828e-02
   7.3954907e-01  -3.4980891e+00   3.9436437e+00  -6.5508031e-02   8.1283402e-03   1.7361627e-02
   7.5971583e-01  -3.4400681e+00   3.9810936e+00  -6.5314260e-02   8.6266221e-03   1.7129539e-02
   6.9443672e-01  -3.4734218e+00   3.9913470e+00  -6.5819358e-02   8.2353315e-03   1.6966604e-02
   5.0154236e-01  -3.2542640e+00   4.9897541e+00  -4.7412174e-02   8.1363387e-03   1.5056877e-02
   4.9323153e-01  -3.1796490e+00   5.1139357e+00  -4.6193698e-02   6.3436281e-03   1.6251287e-02
   5.6742434e-01  -3.1206982e+00   4.4177443e+00  -3.3835028e-02   6.9423312e-03   1.5551329e-02
   5.2600414e-01  -2.9510021e+00   4.4797321e+00  -3.9964398e-02   6.9564350e-03   1.4295807e-02
   4.6798521e-01  -3.1921804e+00   5.1798061e+00  -4.1435844e-02   9.0188553e-03   1.4666545e-02
   3.5932502e-01  -2.8621810e+00   5.4704588e+00  -3.8549385e-02   6.8702801e-03   1.4549441e-02
   3.8161595e-01  -3.2044719e+00   4.6335584e+00  -4.0483736e-02   6.1400229e-03   1.5105911e-02
   3.5239735e-01  -3.3133403e+00   4.6621470e+00  -4.4658681e-02   6.4713725e-03   1.5258697e-02
   3.9495405e-01  -3.1374133e+00   4.7464027e+00  -4.0328435e-02   7.1879205e-03   1.5114627e-02
   5.1070592e-01  -3.3543532e+00   5.0948922e+00  -4.3252932e-02   9.6567064e-03   1.4728218e-02
   5.1927112e-01  -3.1912727e+00   5.5628315e+00  -4.1642538e-02   1.0049123e-02   1.4620974e-02
   4.1872044e-01  -3.4250635e+00   5.3267720e+00  -4.1156962e-02   5.9160902e-03   1.6270415e-02
   5.9635188e-01  -3.4901959e+00   5.1431108e+00  -4.5167562e-02   7.0774323e-03   1.6094845e-02
   1.5575165e-01  -3.5258594e+00   6.1141493e+00  -3.0612571e-02   5.0289826e-03   1.9597939e-02
   3.1158896e-01  -2.9661027e+00   6.1728972e+00  -3.0151672e-02   5.3473337e-03   1.9595267e-02
   6.2425072e-01  -3.1609996e+00   3.4691231e+00  -4.6261378e-02   1.1631090e-02   1.0199189e-02
   2.6391674e-01  -2.6431680e+00   4.1399599e+00  -4.3384484e-02   4.9515614e-03   1.3483267e-02
   3.3531063e-01  -2.5547386e+00   4.3374320e+00  -4.2935942e-02   7.0830380e-03   1.3670164e-02
   3.7185045e-01  -2.9224449e+00   5.1952780e+00  -4.4485919e-02   8.4225683e-03   1.6823306e-02
   7.3456161e-01  -2.5751227e+00   4.4434789e+00  -3.1537433e-02   1.3343783e-02   1.2783320e-02
   6.2603403e-01  -2.0067894e+00   4.0634161e+00  -3.8794845e-02   1.3965377e-02   6.2544751e-03
   7.5088312e-01  -2.7488019e+00   5.5293648e+00  -4.6227848e-02   1.5802928e-02   5.0081351e-03
   5.4561623e-01  -2.6190964e+00   5.6582060e+00  -4.2519500e-02   1.2395775e-02   6.7071143e-03
   7.7774632e-01  -2.8413317e+00   4.5491549e+00  -3.9239939e-02   1.2717379e-02   1.1007334e-02
   9.2940106e-01  -2.6272494e+00   4.0446045e+00  -4.1751653e-02   1.3521740e-02   1.3217308e-02
