   0.0000000e+00   0.0000000e+00   0.0000000e+00   0.0000000e+00   0.0000000e+00   0.0000000e+00
  -4.0578449e-02   4.5000891e-04   2.0511246e-01  -4.2116770e-03  -1.2461352e-03  -1.4860597e-04
  -1.3994410e-01   4.8733256e-02   1.5465942e-02  -4.3912531e-03  -4.0127870e-04  -1.1396241e-03
  -7.3534347e-02   1.1713155e-01   2.1896867e-01  -3.3471105e-03  -1.8598673e-03  -3.4169810e-04
  -7.2061597e-02   4.3250974e-02   1.8058984e-01  -4.4398183e-03  -2.5477330e-03  -1.5184748e-04
  -5.2998291e-02   3.4692445e-02   1.8671445e-01  -3.4529425e-03  -2.3147962e-03  -2.9483225e-04
  -3.3784765e-02   7.6364584e-02   3.0332921e-01  -2.6065995e-03  -3.0754281e-03   2.5785610e-04
  -2.9908033e-02   4.1473388e-02   3.3754999e-01  -3.6048088e-03  -4.3179950e-03   1.4636022e-04
  -2.1153981e-03   2.5782114e-02   2.7646619e-01  -3.4315704e-03  -3.6395210e-03   8.4334970e-04
  -2.3370845e-03   5.5809239e-02   2.9704886e-01  -3.5246434e-03  -3.4654942e-03   6.1026277e-04
  -5.5794759e-03   5.5049503e-03   2.9056490e-01  -4.5624960e-03  -3.9120140e-03   5.4852106e-04
   6.1476539e-03   1.6535506e-02   2.6330979e-01  -3.6840916e-03  -3.7679212e-03   1.0168209e-03
   1.9646798e-02   4.0979417e-02   3.5677952e-01  -2.9428262e-03  -4.0837519e-03   1.3713179e-03
   5.8149403e-02   9.1096438e-02   2.7714578e-01   1.9736907e-03  -2.1173683e-03   1.7003627e-03
  -4.9199250e-02   7.9424226e-02   2.5381076e-01  -5.1022048e-04  -2.5751540e-03   6.0795136e-05
  -3.1343234e-02  -1.5640302e-02   2.3864283e-01  -2.3430667e-03  -3.7724298e-03   5.8713290e-04
  -3.5138747e-02   3.2462941e-02   2.1098318e-01  -5.6250588e-04  -4.0620820e-03   1.3173289e-03
  -9.4711821e-03   3.9871335e-02   3.2673029e-01  -7.2939933e-04  -4.6182788e-03   1.2480485e-03
  -2.6276627e-04   7.2564300e-03   2.2016234e-01  -7.2238589e-05  -4.5926142e-03   1.3668951e-03
  -1.1648843e-02   6.2890984e-02   3.1518532e-01   1.5903145e-04  -4.7824649e-03   1.3393343e-03
  -9.3644800e-03   1.7236663e-03   2.7378048e-01  -1.8477639e-03  -5.0325643e-03   1.0517531e-03
  -6.4682916e-02   5.2141268e-02   1.0458020e-01   8.7377526e-04  -4.6808836e-03   9.0830997e-04
  -5.2086638e-02   9.3490438e-02   2.2072953e-01  -1.4985492e-03  -5.3989224e-03   1.0798783e-03
  -4.5402993e-02   1.2969958e-01   2.0806599e-01   1.6676001e-06  -5.2437979e-03   1.5710327e-03
  -8.9325088e-03   1.4793500e-01   2.7307039e-01  -1.4370015e-04  -4.9475992e-03   1.8695074e-03
   2.1853371e-03   8.8992059e-02   1.9762768e-01  -1.0356545e-03  -4.5032161e-03   2.0732670e-03
   7.1092657e-03   1.1881000e-01   2.1859546e-01   2.5722698e-04  -4.4343333e-03   1.9556675e-03
   3.9753634e-03   1.1583683e-01   2.5472768e-01  -8.9366788e-05  -4.8952946e-03   1.3599407e-03
  -2.0848500e-02   1.0866545e-01   1.8584347e-01   8.4725368e-04  -4.7833941e-03   1.7673830e-03
  -8.5470271e-04   1.5113509e-01   2.7058073e-01   8.8534272e-04  -5.0001526e-03   1.6534197e-03
   6.2039401e-03   9.8000185e-02   2.0269637e-01   1.8203181e-04  -4.8935320e-03   1.9345674e-03
   4.3854367e-03   1.3951132e-01   1.7655832e-01   7.7877526e-04  -4.6072069e-03   1.8761518e-03
  -1.3932077e-03   1.4411752e-01   2.5977621e-01  -2.1569091e-04  -4.9403242e-03   1.5461103e-03
   1.7959740e-02   6.2176365e-02   1.7559557e-01  -6.4762774e-04  -4.6471592e-03   1.8676092e-03
   1.2876381e-01   1.6236450e-01   2.3998053e-01   2.8204621e-03  -1.6615477e-03   3.6653586e-03
  -1.5339454e-02   9.6974636e-02   6.8566708e-02   1.5380168e-03  -3.0065530e-03   2.3315528e-03
  -4.0897658e-02   1.3529832e-01   1.0258345e-01   3.3510551e-03  -5.0615033e-03   2.1105717e-03
  -8.5705496e-02   1.4126712e-01   1.3500875e-02   3.9019528e-03  -5.6109242e-03   2.2084221e-03
  -3.4017879e-02   2.1755098e-01   2.2501453e-01   2.4378356e-03  -5.2905171e-03   2.0696661e-03
  -5.4604239e-02   1.2847608e-01   1.0324028e-01   1.5689854e-03  -5.3356171e-03   2.3758235e-03
  -4.0889821e-02   1.7096870e-01   1.5468116e-01   2.1540679e-03  -5.9747168e-03   2.5225146e-03
  -1.9021288e-02   1.4662112e-01   1.7893263e-01   1.1745823e-03  -5.6838607e-03   1.9251412e-03
  -3.0091319e-02   1.3490979e-01   1.3394776e-01   2.8032779e-03  -5.5679954e-03   2.1565155e-03
  -1.4349808e-02   1.7966610e-01   2.4095342e-01   2.7399406e-03  -6.4241070e-03   2.4727370e-03
  -5.7977857e-03   1.2784931e-01   1.5555292e-01   2.3256303e-03  -5.8910323e-03   2.3717359e-03
   1.0471391e-02   1.8218291e-01   1.3437316e-01   3.2609463e-03  -5.4995678e-03   1.7040614e-03
   6.8709045e-03   1.6931861e-01   1.0043991e-01   2.1549994e-03  -5.6408616e-03   1.6343068e-03
   2.2661341e-02   1.5622496e-01   5.1559449e-02   2.4043119e-03  -5.3097000e-03   1.7091599e-03
   3.0930562e-02   2.0109828e-01   1.0965079e-01   2.0878985e-03  -5.4110441e-03   1.7553852e-03
   3.5669080e-02   1.4044092e-01   8.4443070e-02   1.9399947e-03  -5.4507675e-03   1.8344510e-03
   1.7323299e-02   1.6104944e-01   8.9009424e-02   2.9155828e-03  -5.0291449e-03   1.4600656e-03
   2.9859140e-02   1.8186616e-01   1.3700486e-01   2.4908810e-03  -5.2848924e-03   1.7482750e-03
   2.1970519e-02   1.2251571e-01   1.0735818e-01   1.4191272e-03  -5.1713832e-03   1.6463607e-03
   4.1438071e-02   1.7648924e-01   1.0235884e-01   3.1093501e-03  -4.6121945e-03   1.7804295e-03
   2.7804635e-02   1.8181201e-01   1.5157244e-01   1.5022596e-03  -5.0756090e-03   1.6880370e-03
   2.5216121e-02   1.2427980e-01   7.6641867e-02   7.9033461e-04  -4.8342865e-03   1.8163411e-03
   5.5273395e-02   1.7194640e-01   1.2235868e-01   2.4424759e-03  -5.0038885e-03   1.9274240e-03
   2.2864731e-02   1.4952336e-01   1.5966153e-01   1.1966797e-03  -5.2488555e-03   1.2209464e-03
  -9.8790396e-04   1.0340343e-01   3.6460896e-02   1.1741521e-03  -5.1367877e-03   1.1288125e-03
  -1.2156388e-02   1.7769523e-01   1.6591641e-01   1.8203094e-03  -4.6999137e-03   1.1710360e-03
   1.0558434e-03   1.2426335e-01   6.8980613e-02   2.9290871e-04  -4.1755001e-03   9.1942230e-04
  -1.2577639e-02   1.3520502e-01   1.9874231e-02   4.4154198e-04  -4.0198321e-03   6.9127665e-04
   1.7567120e-02   1.6304195e-01   9.8932898e-02  -3.9079603e-04  -3.9857380e-03   6.4534498e-04
   4.0734556e-03   9.3398332e-02   3.7374645e-02  -1.1237741e-03  -4.1121518e-03   8.8411601e-04
   4.1955323e-04   1.3987986e-01   5.8367777e-02   4.9047760e-04  -3.8095398e-03   4.2299435e-04
  -5.1768053e-04   1.4472579e-01   1.0965426e-01   1.9077511e-04  -4.3215911e-03   6.4232375e-04
  -2.3185091e-02   1.2213462e-01   2.6352781e-02   7.6313147e-04  -3.9261990e-03   9.4917479e-04
   1.4788581e-03   1.8306155e-01   1.3000390e-01   8.5808082e-04  -3.8480998e-03   1.4694393e-03
  -1.4635001e-02   7.3715045e-02   3.5462480e-02  -1.0173195e-03  -3.8461108e-03   1.2691056e-03
   4.6443132e-02   1.2562027e-01   4.6386491e-02  -2.8852959e-04  -3.2325928e-03   1.6754783e-03
   2.3243331e-02   1.3366572e-01   1.0190315e-01  -1.4711409e-03  -3.9426377e-03   1.7464856e-03
   4.0421260e-02   9.0829593e-02   2.0960145e-02  -1.0880879e-03  -3.3773716e-03   1.9419555e-03
   4.7805954e-02   1.2468617e-01   6.0505595e-02  -5.5452238e-04  -3.3814167e-03   1.8614389e-03
   7.2312552e-02   1.0099929e-01   5.3014905e-02  -1.4005082e-03  -3.4700259e-03   1.9126108e-03
   8.1270482e-02   7.3322290e-02   3.8485282e-02  -1.3613148e-03  -3.1120215e-03   2.3335689e-03
   8.7881054e-02   1.1400187e-01   8.4831919e-02  -1.1811056e-03  -3.4551852e-03   2.6686259e-03
   1.1128777e-01   7.6336324e-02   6.0073287e-02  -2.2659661e-03  -3.2422200e-03   2.2955696e-03
   1.3229139e-01   9.7838653e-02   4.4973020e-02  -1.2523023e-03  -2.6243164e-03   2.5646199e-03
   1.5833427e-01   1.3335508e-01   8.1404319e-02  -2.0069272e-03  -2.1152033e-03   2.4716089e-03
   1.8314284e-01   6.9719147e-02   7.1929589e-02  -1.7261217e-03  -1.5182787e-03   2.3440863e-03
   2.0914720e-01   1.0528743e-01   8.8495367e-02  -1.1964518e-04  -7.0466160e-04   1.9520145e-03
   2.0585175e-01   1.2096184e-01   1.2697698e-01  -8.9811457e-04  -5.7861742e-04   1.3765001e-03
   1.4467585e-01   8.2364957e-02   4.1219272e-02  -1.2118766e-03  -7.7337877e-04   1.5521707e-03
   1.6930296e-01   1.2471497e-01   5.4659305e-02  -5.3056524e-05   1.8358592e-04   1.3335262e-03
   2.0765020e-01   1.3678312e-01   7.6266239e-02  -1.1241431e-03  -2.9578505e-05   1.6278681e-03
   1.9566716e-01   8.2865327e-02   3.1675159e-02  -1.8289325e-03   3.9840536e-05   2.1423010e-03
   2.2712160e-01   1.3193408e-01   7.3296234e-02  -1.1774367e-03   6.2190584e-04   2.1587085e-03
   2.3860812e-01   9.9047994e-02   1.1446319e-01  -2.5686870e-03   5.8538076e-04   1.9554068e-03
   2.5869278e-01   8.6282657e-02   1.0872447e-01  -8.2138622e-04   9.5689552e-04   2.5835514e-03
   2.5657236e-01   1.0357458e-01   1.7156284e-01  -1.4911989e-03   7.1522797e-04   2.6685030e-03
   2.7012379e-01   4.7250822e-02   1.3126300e-01  -1.3371231e-03   1.2804266e-03   2.3363111e-03
   2.5157471e-01   1.0198485e-01   1.4031824e-01  -1.0602262e-03   1.3417278e-03   1.9412307e-03
   2.6277602e-01   7.9562836e-02   1.3064001e-01  -1.9583124e-03   1.1810779e-03   2.1475871e-03
   2.7253023e-01   8.4167093e-02   6.5607866e-02  -1.4955990e-03   2.5097689e-03   1.8063431e-03
   2.4059258e-01   1.2355324e-01   1.2096846e-01  -1.5929766e-03   3.0390870e-03   1.7096111e-03
   2.4417087e-01   7.1397248e-02   1.1496248e-01  -2.8277814e-03   2.5363749e-03   1.8053814e-03
   2.3645239e-01   7.5720451e-02   6.8408836e-02  -1.0292862e-03   2.8993535e-03   1.8472818e-03
   2.4833373e-01   1.2158061e-01   1.6231730e-01  -1.3981664e-03   2.4030976e-03   2.1719027e-03
   2.5562850e-01   6.0391641e-02   8.9821828e-02  -1.4079560e-03   2.6138875e-03   2.3772165e-03
   2.8736037e-01   1.1902077e-01   1.3672402e-01  -1.0251875e-03   2.7232461e-03   2.5283968e-03
   2.9508497e-01   4.2533626e-02   9.1411876e-02  -2.3633566e-03   2.7340736e-03   2.6462947e-03
   2.9426973e-01   9.0789984e-02   8.2608111e-02  -1.7760794e-03   3.1173579e-03   2.0316430e-03
   2.9405249e-01   8.6751114e-02   1.2095524e-01  -3.0476839e-03   2.2715438e-03   2.2637628e-03
   3.2306866e-01   4.8334068e-02   9.2967487e-02  -2.4236697e-03   2.9882419e-03   2.4405000e-03
   2.9871178e-01   9.5591758e-02   1.5363593e-01  -1.9638302e-03   2.6200921e-03   2.2618706e-03
   3.0073432e-01   5.4866296e-02   1.5130574e-01  -2.4510786e-03   2.1018465e-03   2.2586857e-03
   3.2014412e-01   5.6076534e-02   1.2412143e-01  -1.7727704e-03   2.8682056e-03   2.6115147e-03
   3.3530480e-01   1.0844331e-01   1.7942489e-01  -1.7787638e-03   2.7114034e-03   2.8637843e-03
   3.4270307e-01   5.9258308e-02   1.3996155e-01  -2.7489610e-03   2.9903235e-03   2.3120871e-03
   3.2496029e-01   8.7914421e-02   1.1687768e-01  -1.1320827e-03   3.3685770e-03   3.4118394e-03
   2.8389555e-01   1.3323065e-01   2.0681124e-01  -2.5775909e-03   3.0798361e-03   2.4827711e-03
   2.3583533e-01   5.3979959e-02   1.0458525e-01  -3.1484397e-03   2.5227798e-03   3.0630670e-03
   2.8484042e-01   1.0101651e-01   1.7298544e-01  -1.9461478e-03   3.1756258e-03   2.6650174e-03
   2.9823405e-01   8.3871156e-02   1.9387240e-01  -2.3924811e-03   2.3205217e-03   2.7925559e-03
   3.3762344e-01   4.5139968e-02   1.5902902e-01  -2.1719233e-03   2.9097387e-03   2.9513900e-03
   3.1929507e-01   9.7378451e-02   2.0425316e-01  -1.5473665e-03   2.7386339e-03   3.0185656e-03
   3.4480116e-01   5.9104031e-02   1.9629728e-01  -2.5130767e-03   3.5226877e-03   2.5405261e-03
   3.5667200e-01   8.1678659e-02   1.9625645e-01  -1.4654158e-03   3.9864718e-03   2.8758639e-03
   3.3458602e-01   1.2603305e-01   2.1169827e-01  -2.0521465e-03   3.5315792e-03   2.8889575e-03
   3.7216646e-01   5.9253255e-02   1.6272580e-01  -2.6981685e-03   4.8257783e-03   2.4800913e-03
   4.2205145e-01   1.3636245e-01   2.5370391e-01  -1.5593252e-03   6.0194615e-03   2.7904799e-03
   3.0767108e-01   1.0829750e-01   4.1069284e-01  -2.5327614e-03   4.9656310e-03   2.3419655e-04
   2.3423063e-01   7.9233478e-02   1.5319596e-01  -2.0542065e-03   5.5060004e-03   9.3689731e-05
   2.1794249e-01   1.6818313e-01   3.0679333e-01  -8.6459408e-04   3.8691293e-03   4.8116979e-04
   2.6415361e-01   9.2576522e-02   2.4975398e-01  -2.4645867e-03   4.2043024e-03   9.2966944e-05
   2.9022795e-01   1.1490751e-01   2.7394783e-01  -1.3148206e-03   4.8952550e-03   3.4070472e-04
   3.1817393e-01   1.2436579e-01   2.7466194e-01  -2.4936704e-03   5.6134306e-03  -2.5483411e-04
   2.8531049e-01   7.8528447e-02   2.1277528e-01  -2.8427129e-03   5.2768748e-03   1.3087266e-04
   3.1731488e-01   1.3247265e-01   2.9051209e-01  -1.7683762e-03   5.7158629e-03  -8.0817612e-05
   3.2832397e-01   1.0044359e-01   3.1636624e-01  -2.5003829e-03   5.1859211e-03   3.6774221e-04
   3.5581793e-01   1.0240506e-01   2.9837877e-01  -1.1645001e-03   5.9527053e-03   3.9051094e-04
   3.6086226e-01   1.3210789e-01   3.3416994e-01  -2.0069551e-03   5.4024378e-03   4.0674785e-04
   3.8005130e-01   7.0884307e-02   2.8040607e-01  -2.0927892e-03   5.9353390e-03   5.2485903e-04
   3.5946483e-01   1.3085281e-01   3.1069150e-01  -1.9919270e-03   5.7970453e-03   5.3025787e-04
   3.8078844e-01   9.2113885e-02   3.1302693e-01  -3.1007256e-03   5.9359523e-03   4.2806663e-04
   3.7457233e-01   7.5762012e-02   2.8935556e-01  -2.7847479e-03   6.8158432e-03   7.1828633e-04
   4.0581104e-01   1.3232065e-01   3.6985704e-01  -1.9955363e-03   6.7261187e-03   9.0383524e-04
   4.5850229e-01   7.8887888e-02   4.5760381e-01  -2.8131646e-03   6.3436430e-03  -2.5434757e-05
   2.9985205e-01   2.0006813e-01   4.7815235e-01   2.5735785e-03   3.3932964e-03   3.6019182e-04
   3.7471399e-01   2.7246239e-02   1.6308888e-01   2.7872118e-04   6.3296670e-03   3.8610881e-04
   4.1688917e-01   1.5774927e-01   3.3131771e-01   4.2344092e-04   6.3697195e-03   7.9711063e-04
   4.8181106e-01   1.1583530e-01   3.0781635e-01  -7.6182733e-04   7.9435304e-03  -2.7104585e-04
   4.5738197e-01   1.4284793e-01   2.5184828e-01   2.4052974e-04   8.5772834e-03  -4.3955677e-04
   4.5204540e-01   1.8902781e-01   3.4946620e-01  -5.8878142e-05   7.7549224e-03   8.5342531e-05
   4.9397077e-01   1.2317030e-01   3.3650120e-01  -1.9826647e-04   8.5044965e-03   4.7195547e-05
   5.0061500e-01   1.3739088e-01   3.7613895e-01   2.2730569e-04   8.0431717e-03   3.3308507e-04
   5.1695188e-01   1.0612774e-01   3.6569839e-01  -2.8393273e-04   8.4772856e-03  -2.2845356e-04
   5.1852165e-01   1.3204719e-01   3.4152635e-01   5.9946874e-04   8.4642901e-03   1.0922095e-04
   5.0025544e-01   1.4655813e-01   3.8732115e-01  -6.5412758e-05   8.0538704e-03   1.0995592e-05
   5.2744718e-01   8.5255306e-02   3.2264477e-01  -1.4064850e-04   8.6535243e-03   2.8702864e-04
   5.2114508e-01   1.4272044e-01   3.3173187e-01   1.2171704e-04   8.9239240e-03  -1.3925680e-04
   4.8822616e-01   1.2744523e-01   3.6234901e-01  -7.0110628e-04   7.9819641e-03  -1.9790637e-04
   5.1034084e-01   1.1905524e-01   3.0123913e-01  -3.6886703e-04   8.6966599e-03   8.6708723e-05
   5.0743516e-01   1.5792580e-01   3.5518986e-01  -8.7479417e-05   8.4751525e-03  -7.8258159e-05
   4.8931980e-01   1.2776034e-01   3.6441521e-01  -5.7513059e-04   7.7497983e-03  -5.1436184e-04
   5.0036782e-01   1.0833082e-01   3.4891028e-01   2.2027961e-04   8.1436866e-03  -1.7486072e-05
   4.8828033e-01   1.5748194e-01   3.4846005e-01   5.8146142e-04   8.1104544e-03  -1.4370537e-05
   4.9401598e-01   1.2238851e-01   3.3738136e-01  -5.9271009e-04   8.0091959e-03  -3.2315573e-04
   5.0362727e-01   1.1578053e-01   2.9976629e-01   3.1169490e-05   8.4268862e-03  -7.6243624e-05
   4.8566374e-01   1.5701911e-01   3.3047590e-01  -2.1146103e-04   8.1366021e-03  -1.0961284e-04
   5.0976341e-01   1.0383213e-01   3.1816079e-01  -1.2168550e-03   8.3195997e-03  -2.9729808e-04
   5.0759367e-01   1.3041997e-01   2.9003017e-01  -1.2757805e-04   8.8590228e-03  -2.9348652e-04
   4.8607912e-01   1.6112857e-01   3.7284851e-01  -1.5039216e-04   8.2577878e-03  -8.5141965e-05
   4.9106969e-01   1.2237846e-01   3.8504440e-01  -2.3805405e-04   8.5043641e-03  -2.8349681e-04
   4.9173197e-01   1.5278318e-01   3.9593332e-01   9.0794367e-04   8.9229292e-03  -1.3530592e-04
   4.7841503e-01   1.7708446e-01   3.9644471e-01   3.8851732e-04   7.9695095e-03  -2.0932774e-04
   5.1155535e-01   1.1626349e-01   3.6842271e-01   2.9656019e-04   8.6733725e-03  -3.3383237e-04
   5.0083041e-01   1.7845605e-01   3.9927561e-01   8.2333025e-04   8.7557510e-03   3.5559081e-05
   5.1703382e-01   1.3814945e-01   3.9583508e-01  -6.1643199e-04   8.4913207e-03  -2.8539560e-04
   5.3068147e-01   1.2754967e-01   3.4544653e-01   1.8141572e-04   9.1941060e-03  -1.8635127e-04
   5.1889617e-01   1.9300981e-01   3.9402185e-01  -2.2868365e-04   8.7381986e-03  -5.3385180e-05
   5.4138111e-01   1.2295470e-01   3.7601984e-01  -5.8537782e-04   9.1258261e-03  -1.8954132e-04
   5.4747177e-01   1.5716549e-01   3.6651175e-01   6.7814335e-04   9.2834853e-03  -2.5969003e-04
   5.4478412e-01   1.5810227e-01   3.9825530e-01  -1.4221766e-04   8.9272829e-03   2.0452613e-05
   5.4961683e-01   1.2422308e-01   3.5349514e-01   5.6815006e-04   9.2458174e-03   5.3103259e-04
   5.5428735e-01   1.6864153e-01   3.7933937e-01   1.0203240e-03   9.1833152e-03   6.8410176e-04
   5.4382766e-01   1.1911059e-01   3.5001385e-01  -4.9300938e-04   9.6442614e-03  -3.7964813e-04
   4.7522830e-01   1.3089557e-01   2.7076419e-01   5.5090948e-04   9.8807996e-03  -5.7042954e-04
   4.8466544e-01   1.9005192e-01   3.4379243e-01   5.2152093e-04   9.3536375e-03  -8.3228353e-05
   5.1065054e-01   1.3424266e-01   3.3643656e-01  -4.2518765e-04   9.7779471e-03  -6.5652368e-04
   4.9373779e-01   1.5134283e-01   3.1007059e-01   5.4177247e-04   1.0164180e-02  -6.3170427e-04
   4.9629723e-01   1.8928623e-01   3.8561389e-01   6.4295515e-04   9.1580351e-03  -4.4179059e-04
   5.2583268e-01   1.1183582e-01   3.5225793e-01   5.1637822e-04   9.3705606e-03  -3.8947678e-04
   5.3148123e-01   1.5938070e-01   3.9252981e-01   1.2255066e-03   9.2197766e-03  -4.4482889e-05
   5.4700950e-01   1.5627406e-01   4.0734236e-01   5.0057622e-04   9.1716086e-03  -3.9322028e-04
   5.6626702e-01   1.1168447e-01   3.7809671e-01   3.8620645e-04   9.6053430e-03  -4.8062929e-05
   5.5431768e-01   1.8994682e-01   4.0193248e-01   7.8979746e-04   9.2817472e-03   4.2097527e-04
   5.3927623e-01   1.2202514e-01   3.8443175e-01  -9.0794311e-04   9.3135398e-03  -3.0801319e-04
   5.3273989e-01   1.4709768e-01   3.8598821e-01   1.1677218e-03   9.3784490e-03  -4.2683943e-05
   5.3721111e-01   1.6473905e-01   4.5155979e-01   7.6527479e-05   8.9244239e-03   2.2215809e-05
   5.4846052e-01   1.5142122e-01   4.3638616e-01   1.1573833e-03   9.0837012e-03   5.6230644e-04
   5.4946159e-01   1.9052334e-01   4.5831592e-01   9.0450371e-04   9.1558914e-03   5.6716652e-04
   5.7464418e-01   1.4293359e-01   4.4248526e-01  -2.5085949e-04   9.4075783e-03   1.7820745e-04
   5.9810783e-01   1.6673284e-01   4.0443235e-01   1.1327605e-03   9.9167525e-03   3.0007876e-04
   5.7794524e-01   2.0224179e-01   4.5305816e-01   1.0491344e-04   9.2926259e-03   5.9582642e-04
   6.0507000e-01   1.1919340e-01   4.1222876e-01  -4.5000086e-04   9.9451396e-03   2.2967597e-04
   6.7219430e-01   1.5776876e-01   4.8134360e-01   1.1340205e-03   1.0435707e-02   9.7462318e-04
   6.6649723e-01   1.6927305e-01   5.0058294e-01   6.4749769e-04   1.0606480e-02   1.8407413e-04
   6.4472480e-01   1.0964241e-01   4.3789571e-01   1.3599215e-03   1.0884361e-02   8.2073166e-05
   6.3140100e-01   1.8576609e-01   4.4224071e-01   1.6850917e-03   1.0695423e-02   1.4782437e-04
   6.2620654e-01   1.5714609e-01   4.7817317e-01   6.0292710e-04   1.0364406e-02   1.9275975e-05
   6.5067845e-01   1.6386168e-01   4.7336774e-01   1.4070468e-03   1.0713450e-02   5.2083946e-04
   6.4239027e-01   2.1843158e-01   4.8262918e-01   1.1794620e-03   1.0037037e-02   8.3053222e-04
   6.6382068e-01   1.6108100e-01   4.6967026e-01   2.7133556e-04   1.0454360e-02   2.0716015e-04
   6.6626954e-01   1.6974193e-01   4.8080601e-01   1.9890230e-03   1.0376198e-02   5.9734562e-04
   6.4791349e-01   2.0984852e-01   5.1816248e-01   1.4622819e-03   9.9189075e-03   4.8140701e-04
   6.6778732e-01   1.5949833e-01   4.8821231e-01   1.4976972e-03   1.0263146e-02   3.5673471e-04
   6.5326571e-01   2.1550821e-01   4.8684258e-01   2.3497716e-03   1.0130757e-02   7.1548584e-04
   6.5404750e-01   1.7794606e-01   4.8218629e-01   4.6834652e-04   1.0137239e-02   4.0000589e-04
   6.6160914e-01   1.8056580e-01   4.2771712e-01   1.5906769e-03   1.0378204e-02   8.8052450e-04
   6.3808352e-01   2.3931425e-01   4.9799634e-01   9.1332700e-04   9.8596555e-03   9.7542820e-04
   6.7100826e-01   1.7300605e-01   4.7576394e-01   2.0257185e-04   1.0595363e-02   5.8399018e-04
   6.6180483e-01   1.8024844e-01   4.8411167e-01   1.8759999e-03   1.0626254e-02   7.8013555e-04
   6.5118860e-01   2.0439724e-01   5.0094966e-01   1.2152327e-03   1.0228550e-02   5.1313654e-04
   6.5330207e-01   1.5373371e-01   4.3465952e-01   1.5545788e-03   1.0576641e-02   6.6533905e-04
   6.8247378e-01   2.1228657e-01   4.6902897e-01   2.4228923e-03   1.1001888e-02   7.2068851e-04
   6.5860674e-01   2.0983475e-01   4.9831603e-01   1.2861846e-03   1.0538244e-02   4.2162223e-04
   6.8204462e-01   1.6785367e-01   4.5818103e-01   1.6270390e-03   1.0978562e-02   7.5611076e-04
   6.8067983e-01   2.3535033e-01   4.9200846e-01   1.9980092e-03   1.0669946e-02   1.1264905e-03
   6.8990408e-01   1.8100800e-01   4.7038958e-01   4.7142563e-04   1.1120381e-02  -8.9529331e-05
   6.6236925e-01   1.8525272e-01   4.1702412e-01   1.5939653e-03   1.1295124e-02   3.8280929e-04
   6.4151634e-01   2.3817085e-01   4.7262065e-01   9.2635505e-04   1.0825982e-02   2.6406144e-04
   6.6219854e-01   1.6842404e-01   4.6222323e-01   1.6019935e-03   1.1854871e-02   7.4092416e-04
   5.7546464e-01   2.2231935e-01   3.7581884e-01   2.1623162e-03   1.1232268e-02  -3.3165577e-04
   5.2738655e-01   2.1695683e-01   3.7561231e-01   1.4370025e-03   1.0467996e-02  -3.0952380e-04
   5.4930260e-01   1.9440495e-01   3.3288578e-01   2.5980109e-03   1.1043921e-02   3.0537984e-04
   5.8514269e-01   2.6467538e-01   3.7732411e-01   2.6631189e-03   1.1540476e-02  -3.8416224e-04
   5.5419357e-01   1.9747909e-01   3.4107969e-01   1.5800968e-03   1.1246879e-02  -1.5361099e-04
   5.8156829e-01   2.2788530e-01   3.6504872e-01   2.3742889e-03   1.1665279e-02   1.4645489e-04
   6.0859771e-01   2.5300878e-01   3.8727491e-01   1.9443898e-03   1.1790355e-02  -4.0681214e-04
   5.8838120e-01   1.8734532e-01   3.7504640e-01   1.8486963e-03   1.1489170e-02  -1.2797288e-04
   6.3516117e-01   2.2697932e-01   3.8340065e-01   3.4861313e-03   1.2039312e-02   1.9858929e-07
   6.3322558e-01   2.4532546e-01   4.0536586e-01   1.6425628e-03   1.2213872e-02  -6.6812872e-04
   4.5822981e-01   2.9451526e-01  -2.8989040e-02   9.2695579e-03   8.7482215e-03  -5.4571479e-04
   1.6140255e-01   3.0271780e-01  -3.4182004e-01   1.5360885e-02   6.2351233e-03   8.2436203e-04
   1.8800602e-01   4.9025099e-01   2.7924337e-02   1.4360341e-02   6.4322092e-03  -7.3083170e-04
   1.3386749e-01   4.9666639e-01   1.6962753e-01   1.3362845e-02   5.0224057e-03  -3.9526415e-04
   9.7704341e-02   4.8088073e-01   7.4678983e-03   1.3723755e-02   4.6745538e-03   5.0705403e-05
   1.2382993e-01   5.3286830e-01   6.2792007e-02   1.4790829e-02   4.5115643e-03  -5.3006938e-04
   1.0289469e-01   4.7526158e-01   1.8515325e-04   1.3883961e-02   4.5489473e-03  -1.1251507e-03
   1.0412540e-01   5.0245212e-01  -8.7429412e-03   1.5035969e-02   4.5005972e-03  -6.3412719e-04
   1.6984167e-01   5.5777003e-01   1.1436170e-01   1.4186729e-02   4.4193872e-03   3.5357502e-04
   2.0775966e-01   4.8316615e-01   8.3327064e-02   1.3911496e-02   5.8193987e-03  -9.7233328e-05
   2.7197813e-01   5.1874421e-01   1.5830014e-01   1.5884540e-02   6.5273357e-03   4.1175824e-04
   3.3698124e-01   4.8888505e-01   2.1547841e-01   1.5178823e-02   7.7469338e-03   1.3085916e-04
   4.0803208e-01   4.6808303e-01   1.9763489e-01   1.6827285e-02   9.5832907e-03  -6.4763368e-05
   4.2489744e-01   5.1460884e-01   2.1328469e-01   1.6372735e-02   1.0190848e-02  -8.4635082e-04
   3.9578072e-01   4.1764088e-01   1.3880141e-01   1.5261503e-02   1.0151323e-02  -5.2171138e-04
   4.4578185e-01   4.8142422e-01   1.9313228e-01   1.6608552e-02   1.0755910e-02  -3.4915455e-04
   4.6019510e-01   4.6125119e-01   1.9966796e-01   1.4855824e-02   1.0643490e-02  -6.3802169e-04
   4.7914051e-01   4.4162902e-01   1.3191195e-01   1.5793253e-02   1.1068942e-02  -4.5085242e-04
   5.2372030e-01   5.0055665e-01   2.1617209e-01   1.6400139e-02   1.0666868e-02  -7.7486408e-05
   4.8380123e-01   4.3762442e-01   1.8958923e-01   1.5619483e-02   1.0048488e-02  -3.4698253e-04
   5.0855670e-01   4.3932494e-01   1.4905613e-01   1.7026637e-02   1.0631349e-02  -1.1128416e-04
   5.0818771e-01   4.9017746e-01   2.2567099e-01   1.6071310e-02   1.0154109e-02  -1.3438491e-04
   5.2191610e-01   4.3534233e-01   2.2420110e-01   1.6120972e-02   1.0940915e-02   7.0933406e-05
   5.4348720e-01   4.7544392e-01   2.1032849e-01   1.6180044e-02   1.0710712e-02   5.5590729e-04
   5.5961887e-01   4.4001227e-01   2.5110651e-01   1.4311106e-02   1.0800093e-02   1.0508259e-03
   5.5549102e-01   4.4500728e-01   1.9433659e-01   1.4867713e-02   1.0220145e-02   1.4013063e-03
   5.5111474e-01   4.6338731e-01   7.0430734e-02   1.5335754e-02   1.0536190e-02   1.3272849e-03
   5.4426650e-01   4.5329446e-01   1.1352207e-01   1.4829494e-02   1.0327676e-02   8.2240166e-04
   5.3455683e-01   4.2003154e-01   2.3826622e-02   1.5427111e-02   1.1348495e-02   6.6402663e-04
   5.3525268e-01   5.1535775e-01   1.2132262e-01   1.5913359e-02   1.0580578e-02   1.3748277e-03
   5.3554602e-01   4.5875524e-01   6.0569193e-02   1.5303852e-02   1.1184155e-02   8.7016265e-04
   5.1944302e-01   4.9388695e-01   9.0569633e-02   1.7015629e-02   1.1538994e-02   4.2996241e-04
   5.0485539e-01   4.7016172e-01   1.4658717e-01   1.5895413e-02   1.0645933e-02   6.6058262e-04
   5.6107433e-01   4.3229447e-01   8.4161741e-02   1.6637287e-02   1.1585945e-02   1.0086536e-03
   5.4777266e-01   5.1861120e-01   1.3516702e-01   1.7370140e-02   1.1087889e-02   1.2675053e-03
   5.4634574e-01   4.5835316e-01   1.2454032e-01   1.6023779e-02   1.1186600e-02   9.2179293e-04
   5.7957930e-01   4.4720756e-01   8.3055298e-02   1.6826864e-02   1.1607380e-02   1.2837141e-03
   5.6849022e-01   4.8110996e-01   1.6404043e-01   1.6138761e-02   1.0765218e-02   1.6832987e-03
   6.1624431e-01   4.0621658e-01   1.1512204e-01   1.6200785e-02   1.1214247e-02   1.3393425e-03
   6.0049156e-01   4.6664401e-01   1.5674346e-01   1.7656122e-02   1.0655020e-02   2.0136963e-03
   5.5584906e-01   4.0647346e-01   2.1684871e-01   1.5723156e-02   1.1348087e-02   9.3120427e-04
   5.7690659e-01   3.9362254e-01   1.4608675e-01   1.6612213e-02   1.0886117e-02   2.3170272e-03
   5.7259103e-01   3.9937493e-01   1.6623841e-01   1.2943614e-02   1.0668134e-02   2.0373406e-03
   4.5982810e-01   4.4670851e-01   6.1684436e-02   1.4720410e-02   8.0478348e-03   3.0738959e-03
   4.3228642e-01   4.7347117e-01   1.2613655e-01   1.4245304e-02   8.5075280e-03   2.9353052e-03
   3.6885300e-01   4.2776650e-01   4.8561886e-02   1.4326794e-02   8.7423521e-03   2.8086938e-03
   3.9444083e-01   4.9610777e-01   7.2487370e-02   1.5898544e-02   8.8104083e-03   3.3893557e-03
   4.8012965e-01   4.8026762e-01   8.3313749e-02   1.4305347e-02   8.7882122e-03   4.5108748e-03
   4.3808800e-01   4.4005979e-01  -1.5564378e-01   1.3740879e-02   7.9533075e-03   4.4400783e-03
   4.5752865e-01   5.1370686e-01  -3.3189038e-02   1.4152413e-02   8.2350171e-03   5.1912718e-03
   4.7597844e-01   4.3739965e-01  -5.8305873e-02   1.3049927e-02   8.8912427e-03   5.1673165e-03
   4.9672005e-01   4.4802493e-01  -1.0106667e-01   1.4565890e-02   9.2296526e-03   5.5494580e-03
   5.2435551e-01   5.1182754e-01  -2.9057517e-02   1.5006097e-02   9.4827178e-03   5.9492098e-03
   5.1829851e-01   4.5550339e-01  -7.9354865e-02   1.3433228e-02   1.0189314e-02   5.4729926e-03
   5.1780890e-01   4.5813139e-01  -1.2247349e-01   1.4550301e-02   1.0254311e-02   5.7558079e-03
   5.4164436e-01   4.7900996e-01  -2.5464602e-02   1.3488381e-02   1.0879470e-02   5.5453244e-03
   5.5496505e-01   3.7822716e-01  -5.9941119e-02   1.3976970e-02   1.0891835e-02   5.8913810e-03
   5.8541862e-01   4.6815882e-01  -2.5031174e-02   1.5190952e-02   1.1265036e-02   5.9464749e-03
   6.2093913e-01   4.2929358e-01  -1.8834555e-02   1.3799540e-02   1.2075431e-02   5.6445970e-03
   6.6693006e-01   4.2467633e-01  -1.0412702e-01   1.5179911e-02   1.2381846e-02   6.1075748e-03
   7.0576806e-01   4.6563896e-01  -3.2576113e-02   1.4884101e-02   1.2487800e-02   6.1882954e-03
   7.1006443e-01   3.8480380e-01  -5.3272139e-02   1.4816948e-02   1.2101900e-02   6.1484485e-03
   7.1816438e-01   4.4289636e-01  -4.9823097e-02   1.6513755e-02   1.2018054e-02   6.5123811e-03
   7.1128846e-01   4.3676376e-01  -2.9785884e-02   1.5256507e-02   1.1951343e-02   6.1205895e-03
   6.7930427e-01   4.0186019e-01  -8.9554973e-02   1.5784380e-02   1.1599624e-02   6.9412773e-03
   6.9514927e-01   4.9116614e-01  -5.1270082e-02   1.5999863e-02   1.1315572e-02   6.8476781e-03
   6.7906796e-01   4.0435615e-01  -7.3194777e-02   1.5565131e-02   1.1108515e-02   6.8865242e-03
   6.9244542e-01   4.4504832e-01  -7.2860852e-02   1.6622295e-02   1.1355585e-02   6.9194987e-03
   7.0435442e-01   4.5714927e-01  -1.9574000e-02   1.5553122e-02   1.1550674e-02   7.0214257e-03
   7.1688043e-01   4.2362910e-01  -7.7102634e-02   1.6577048e-02   1.1884630e-02   7.3667682e-03
   7.2244775e-01   4.8441906e-01  -4.2937472e-02   1.5335830e-02   1.2052389e-02   7.1601631e-03
   7.0078485e-01   3.9166817e-01  -1.1038152e-01   1.4882366e-02   1.2134436e-02   6.8976417e-03
   7.1210104e-01   4.7082588e-01  -4.1411013e-02   1.6227293e-02   1.1739463e-02   7.4312707e-03
   7.1666841e-01   4.3665451e-01  -2.7254561e-02   1.5041368e-02   1.1806982e-02   6.9301102e-03
   7.1561994e-01   4.2902437e-01  -8.1714287e-02   1.6326387e-02   1.2247073e-02   7.2707018e-03
   7.3559948e-01   4.9228609e-01  -1.0229617e-02   1.6437832e-02   1.1978128e-02   8.1460853e-03
   7.6400093e-01   4.1611770e-01  -4.1592182e-02   1.4864781e-02   1.2593387e-02   7.4957919e-03
   7.6620414e-01   4.5942382e-01  -4.0219910e-02   1.6045892e-02   1.2832958e-02   7.7091833e-03
   7.9424807e-01   4.5753487e-01   8.5506613e-04   1.5015813e-02   1.2262000e-02   7.9687652e-03
   8.1085766e-01   3.5671802e-01  -7.9212235e-03   1.4794078e-02   1.2555691e-02   7.9638576e-03
   7.9307109e-01   4.5772513e-01   2.9881521e-02   1.6815489e-02   1.1503939e-02   8.3667725e-03
   8.1669077e-01   4.2216578e-01  -2.7756641e-02   1.5389799e-02   1.2282105e-02   7.9955489e-03
   8.1584425e-01   4.4944523e-01  -5.0584218e-02   1.7291280e-02   1.1970229e-02   8.4525895e-03
   8.2270647e-01   4.8298006e-01   4.1025606e-03   1.5536069e-02   1.1688397e-02   8.4271471e-03
   8.3991938e-01   4.2643245e-01  -3.7052729e-02   1.5037665e-02   1.2322753e-02   8.0232002e-03
   8.5476742e-01   4.6665151e-01   5.3522041e-04   1.6436902e-02   1.1707027e-02   8.5995041e-03
   8.4979958e-01   4.3177354e-01   1.7923703e-02   1.5229696e-02   1.1029452e-02   8.3987752e-03
   8.5096342e-01   4.3954761e-01  -2.7694008e-03   1.7056773e-02   1.0594037e-02   8.8768705e-03
   8.4304603e-01   4.7549227e-01   2.4694124e-02   1.5921486e-02   1.0919915e-02   8.2964220e-03
   8.4609574e-01   4.1934276e-01  -2.8599279e-02   1.5667991e-02   1.1251274e-02   8.6922185e-03
   8.7976760e-01   4.8886075e-01   1.4434284e-03   1.6097636e-02   1.1600560e-02   9.0822729e-03
   8.8626720e-01   4.8428631e-01   2.5176055e-02   1.5390835e-02   1.1251237e-02   8.7717913e-03
   8.8489224e-01   4.1339930e-01   7.0436502e-03   1.5982246e-02   1.1448632e-02   8.8788017e-03
   8.7189929e-01   4.8294299e-01   7.2757229e-02   1.6262558e-02   1.1284475e-02   9.2030464e-03
   8.8865309e-01   4.0984168e-01   3.8447813e-02   1.5175787e-02   1.1617284e-02   8.8988868e-03
   9.0048055e-01   4.4633027e-01   1.4012854e-02   1.6167462e-02   1.1435327e-02   9.4012690e-03
   8.9898688e-01   4.4999201e-01   4.2431761e-02   1.4384515e-02   1.1124426e-02   9.1460969e-03
   9.0243443e-01   4.1773699e-01   4.3138520e-03   1.5138676e-02   1.1582198e-02   9.3235056e-03
   8.8607999e-01   4.9335821e-01   3.9576599e-02   1.6044032e-02   1.1215220e-02   9.2298110e-03
   8.8015410e-01   4.5878316e-01   3.8387483e-02   1.5300083e-02   1.1208488e-02   8.7573047e-03
   8.9151769e-01   4.5733597e-01   4.8530941e-02   1.6228589e-02   1.1413292e-02   9.2143653e-03
   8.6033933e-01   4.8688117e-01   9.4639521e-02   1.5295278e-02   1.1396428e-02   8.9696301e-03
   8.8200506e-01   4.0445616e-01   6.3371411e-02   1.4226256e-02   1.1833135e-02   9.0994138e-03
   8.8440298e-01   4.7196400e-01   7.5655238e-02   1.5698906e-02   1.1261143e-02   9.6597702e-03
   8.9741563e-01   4.2252666e-01   1.0442171e-01   1.4505669e-02   1.1576866e-02   9.3251677e-03
   9.2386646e-01   4.9245550e-01   4.4261318e-02   1.6897767e-02   1.3048123e-02   1.0305185e-02
   6.8826334e-01   4.5610634e-01  -3.9998572e-02   1.1546631e-02   1.2164905e-02   7.9709902e-03
   5.8353362e-01   5.2364082e-01  -6.1776410e-01   1.9339094e-02   9.6299113e-03   1.0443965e-02
   7.5748899e-01   4.6810854e-01  -4.8073260e-01   1.6125886e-02   1.2521431e-02   1.0393885e-02
   7.3324969e-01   5.3649065e-01  -3.7735438e-01   1.8325236e-02   1.1709717e-02   1.0632803e-02
   7.2743008e-01   5.2482907e-01  -3.0148128e-01   1.8001285e-02   1.1674217e-02   1.0085376e-02
   6.6292308e-01   4.9399482e-01  -3.6339901e-01   1.8606119e-02   1.0538142e-02   1.0263554e-02
   7.1850981e-01   5.3585995e-01  -3.0600432e-01   1.9173337e-02   1.1144189e-02   1.0653019e-02
   7.3349285e-01   4.9137534e-01  -2.9802633e-01   1.8131202e-02   1.1212522e-02   1.0971979e-02
   7.5046273e-01   5.1230013e-01  -3.3134258e-01   1.8285082e-02   1.1466844e-02   1.0607843e-02
   7.6621331e-01   5.2154769e-01  -2.2920849e-01   1.7929482e-02   1.1202184e-02   1.1375377e-02
   8.0455832e-01   4.8130402e-01  -2.5424634e-01   1.8621764e-02   1.1199213e-02   1.1738857e-02
   8.1366002e-01   4.7885014e-01  -2.4422895e-01   1.8672734e-02   1.1781851e-02   1.1336734e-02
   8.3975774e-01   4.6609232e-01  -2.2383144e-01   1.8376925e-02   1.1549976e-02   1.1679100e-02
   8.5177255e-01   4.5884742e-01  -2.3307398e-01   1.8508089e-02   1.1808634e-02   1.2043271e-02
   8.8791850e-01   4.9778133e-01  -1.7551046e-01   1.8573361e-02   1.1527319e-02   1.2415243e-02
   8.9735017e-01   4.3975517e-01  -2.1965551e-01   1.7627078e-02   1.1700687e-02   1.2370851e-02
   9.2969785e-01   4.8119708e-01  -2.3011398e-01   1.8056251e-02   1.2087965e-02   1.2553604e-02
   9.2922039e-01   4.7853572e-01  -1.9673201e-01   1.7547052e-02   1.1962871e-02   1.2239566e-02
   9.2918317e-01   4.5728270e-01  -2.3844222e-01   1.8404248e-02   1.1965888e-02   1.2319907e-02
   9.3203715e-01   5.1691930e-01  -1.8721958e-01   1.8750748e-02   1.1581002e-02   1.2685046e-02
   9.5803012e-01   4.4958429e-01  -2.3762024e-01   1.7157516e-02   1.2466448e-02   1.1857107e-02
   9.9346250e-01   4.7255549e-01  -2.2017261e-01   1.8943945e-02   1.3138788e-02   1.2049622e-02
   9.5256415e-01   5.2145584e-01  -1.5925226e-01   1.7664706e-02   1.2909685e-02   1.2522881e-02
   9.9787598e-01   4.2883876e-01  -1.3860453e-01   1.7339918e-02   1.2891220e-02   1.2455485e-02
   9.5848388e-01   4.6502597e-01  -2.3266039e-01   1.8590970e-02   1.2727550e-02   1.2164344e-02
   9.3368656e-01   4.9238784e-01  -1.7527599e-01   1.7807838e-02   1.2321318e-02   1.2245306e-02
   9.3472448e-01   4.3672185e-01  -2.2478389e-01   1.7981336e-02   1.2578691e-02   1.2489560e-02
   9.5423696e-01   5.1241779e-01  -1.6301353e-01   1.8612067e-02   1.2782809e-02   1.2822485e-02
   9.5655352e-01   4.4596225e-01  -1.5501142e-01   1.6259261e-02   1.3493565e-02   1.1715512e-02
   8.8320129e-01   4.7432443e-01  -2.3158898e-01   1.6856799e-02   1.3633874e-02   1.2335533e-02
   8.7525461e-01   5.1063738e-01  -1.5122881e-01   1.6415115e-02   1.3374383e-02   1.2573111e-02
   8.6399594e-01   4.2347408e-01  -1.6792675e-01   1.5462276e-02   1.3399708e-02   1.2595531e-02
   8.6817836e-01   4.7160184e-01  -1.4752056e-01   1.6873901e-02   1.3662854e-02   1.2791885e-02
   8.8491672e-01   4.8331816e-01  -9.8484725e-02   1.6121037e-02   1.3409978e-02   1.3020151e-02
   8.7422774e-01   4.1220100e-01  -1.5965731e-01   1.5341714e-02   1.3405635e-02   1.3185265e-02
   9.1067299e-01   4.6108081e-01  -1.4224385e-01   1.5795327e-02   1.3697643e-02   1.3313425e-02
   9.6096435e-01   4.3763542e-01  -5.3435894e-02   1.5186204e-02   1.3417574e-02   1.3756938e-02
   9.5812359e-01   4.1379984e-01  -5.1734936e-02   1.6461858e-02   1.3144532e-02   1.3931563e-02
   1.0008838e+00   4.5167588e-01  -1.1486758e-01   1.6701228e-02   1.3089890e-02   1.3637072e-02
   9.9282369e-01   4.0202253e-01  -1.4885360e-01   1.5230813e-02   1.3310186e-02   1.3675778e-02
   1.0042605e+00   4.3667045e-01  -1.5535671e-01   1.5832424e-02   1.3363778e-02   1.4103088e-02
   1.0004300e+00   4.5594430e-01  -9.2645006e-02   1.5489774e-02   1.2811182e-02   1.4132998e-02
