   0.0000000e+00   0.0000000e+00   1.4210855e-14   0.0000000e+00   0.0000000e+00   0.0000000e+00
   7.6397698e-03   1.3878155e-01   3.5573655e-02   1.1693680e-03   4.2582917e-04  -6.5485015e-04
  -6.2409447e-03  -2.9616095e-02  -2.7623712e-02  -3.1399242e-04  -7.3113477e-05   3.8516753e-04
   1.0610310e-02   6.6458281e-02  -4.3019500e-02   1.7885462e-03  -2.9823102e-04   5.4758579e-04
   5.1620569e-02  -2.6940262e-02   4.1572830e-02   5.1196486e-04   1.0080680e-04   1.3339810e-03
   5.8120365e-02  -9.3027849e-02  -1.1499493e-01   2.3600440e-04   2.9921030e-04   1.4266858e-03
   6.8940866e-02  -1.5576553e-03  -9.2342870e-02   1.9920701e-03   6.9844339e-05   1.7088062e-03
   9.2160640e-02  -2.0533293e-02   9.0959183e-02   1.0826869e-03   6.5493547e-04   1.8295008e-03
   9.3568062e-02  -1.0430924e-01  -1.7148936e-01   1.3195249e-03   4.7959207e-04   1.5254715e-03
   3.6853545e-02  -4.7917347e-02   5.8489867e-03   2.3815999e-03   4.7254082e-04   1.2943975e-03
   4.3999719e-02  -2.3492384e-01  -8.1587240e-02  -4.7280511e-04  -9.9174562e-06   1.8832565e-03
   7.6447629e-02  -9.1959067e-02  -1.0632038e-01   1.1572821e-03   2.5002666e-04   1.5254938e-03
   1.0929535e-01  -1.3718154e-01   3.9459848e-02  -1.8988290e-04   4.7748617e-04   1.6886807e-03
   1.0842265e-01  -1.4220477e-01  -1.2736388e-01   9.3006383e-04   6.2575380e-04   1.5390333e-03
   1.5576761e-01  -1.0575124e-01   6.0886711e-02   4.5871786e-04   8.1485752e-04   2.0699183e-03
   1.4261849e-01  -2.5284394e-01  -1.0656120e-01  -7.6426344e-06   7.0912381e-04   2.1917289e-03
   1.8790151e-01  -2.5792427e-02   8.5843007e-02   1.5808928e-03   1.2097610e-03   2.1043643e-03
   1.5753004e-01  -2.8922317e-01  -6.9420476e-02  -6.9815373e-04   4.8692683e-04   2.6188278e-03
   1.6865791e-01  -8.5591706e-02   1.1724959e-02   8.6974317e-04   6.4473772e-04   2.6855454e-03
   1.9917373e-01  -1.7356213e-01   1.1230245e-01  -1.2075941e-04   4.8471496e-04   2.9856809e-03
   2.0628437e-01  -5.1672747e-02  -2.0876054e-01   6.3565041e-03   8.2853481e-04   3.4478969e-03
   2.5581266e-01  -7.3524849e-02   5.3230609e-03   2.8135049e-03   1.6422343e-03   3.5480546e-03
   2.3933425e-01  -1.9717869e-01  -1.9013117e-01   1.9319783e-03   7.0657613e-04   3.2558248e-03
   2.7309915e-01  -4.3613820e-03   1.0517270e-01   2.4339083e-03   1.0605705e-03   3.2990332e-03
   2.4638257e-01  -2.8241165e-01  -1.2488229e-01   5.6573779e-04   5.1172615e-04   3.6006466e-03
   2.9130594e-01  -3.2793673e-03   1.0247349e-01   1.7040465e-03   8.6138075e-04   2.8105022e-03
   2.5915089e-01  -2.1143278e-01  -6.9237814e-02  -9.2965836e-07   1.0262451e-03   2.1483480e-03
   2.4728279e-01  -6.3241568e-02  -2.9138776e-02   1.7424929e-03   7.2540722e-04   2.4008783e-03
   2.6336080e-01  -1.3444316e-01   1.0130762e-01   5.8538307e-04   7.9235870e-04   3.1881795e-03
   2.6609887e-01  -1.9230628e-01  -1.1354935e-01   5.1038293e-04   6.2985571e-04   3.3962878e-03
   2.9886892e-01   1.9627534e-02   1.2043441e-01   1.4558380e-03   4.1476797e-04   3.7073292e-03
   2.7479618e-01  -2.6152583e-01  -1.7429374e-01  -5.8442378e-04   1.9969109e-04   3.4772566e-03
   2.6819666e-01  -4.9773743e-02   8.6930968e-02   5.1226890e-04   2.5378112e-05   3.1281000e-03
   2.6253812e-01  -2.5693786e-01  -3.8825462e-02  -7.4344873e-04  -1.1708167e-04   3.5610805e-03
   2.5761295e-01  -8.2084483e-02  -1.6911259e-02   4.3602257e-04  -1.4163375e-04   3.3795609e-03
   2.7102702e-01  -1.6665476e-01   7.3258843e-02  -4.8092494e-04  -7.3121509e-05   3.9030342e-03
   2.5832020e-01  -1.8092161e-01  -2.4417458e-02  -9.6475564e-04   1.4690217e-04   3.2651736e-03
   2.6241075e-01   1.7173851e-02   1.8141341e-01   9.9381571e-04   8.3384521e-05   3.1970364e-03
   2.4989381e-01  -2.7280133e-01  -8.0719407e-02  -1.1981047e-03  -5.1539511e-04   3.7343538e-03
   3.0424088e-01   2.0655447e-03   1.2761972e-01   1.1009061e-03   2.4851731e-04   3.4955123e-03
   2.8217143e-01  -2.3074128e-01   1.5407159e-02  -1.7024256e-03  -4.5708543e-04   4.1000027e-03
   3.0008802e-01  -6.3582372e-02   8.0515220e-04   3.0931716e-04  -8.7343808e-05   3.9573417e-03
   3.0394310e-01  -1.8550278e-01   1.3196182e-01  -1.5295207e-03  -2.2772120e-04   4.2835379e-03
   2.8831156e-01  -1.4686900e-01  -3.4215047e-02  -1.5658961e-04   5.0649620e-05   3.7243286e-03
   2.9697450e-01  -1.1596105e-01   1.3514185e-01  -6.5717014e-04  -5.9491181e-05   4.0989472e-03
   2.7930746e-01  -2.5851123e-01  -1.3877375e-04  -1.9612276e-03  -3.9884403e-04   4.4242256e-03
   3.0257440e-01  -2.1842416e-03   1.7588949e-01   7.6063722e-04  -1.1788135e-04   3.7622316e-03
   2.7832949e-01  -3.0851470e-01   3.9390457e-02  -2.0827323e-03  -9.9377665e-04   3.9483773e-03
   2.8472709e-01  -1.2072978e-01   1.1965787e-01  -1.9319226e-04  -6.1766278e-04   3.8772498e-03
   2.6224931e-01  -1.6579929e-01   1.0217313e-01  -9.4413603e-04   6.9336323e-05   3.1407317e-03
   2.6049531e-01  -1.0568715e-01  -3.3795499e-02  -1.8182633e-05  -6.4364425e-05   3.4634204e-03
   2.7275900e-01  -1.0439498e-01   1.2886686e-01  -1.0141691e-03  -5.3311873e-04   4.2191885e-03
   2.7233314e-01  -2.0586811e-01   9.8766115e-03  -1.7432979e-03  -5.7311621e-04   4.5637350e-03
   3.1414166e-01   4.7091039e-04   1.9425820e-01   3.7946888e-04  -3.0945998e-04   3.9542508e-03
   2.8472995e-01  -1.2080671e-01   1.3499001e-01  -1.4170823e-03  -3.5677542e-04   4.1688753e-03
   3.0136318e-01  -4.7127077e-02   5.6498286e-02   2.7222279e-04  -1.8449800e-04   4.5177981e-03
   2.8569051e-01  -1.4133312e-01  -2.9588048e-01   1.9987456e-03   1.0185115e-03   4.9425803e-03
   3.4321245e-01   7.0329003e-02  -7.0700210e-02   3.2296636e-03   1.2850083e-03   4.1422692e-03
   3.3219221e-01   3.5371211e-03   5.9679930e-02   1.7308372e-03   5.6422487e-04   4.4834955e-03
   3.2077624e-01   2.3627294e-03  -3.8298631e-02   2.3997653e-03   1.1388828e-04   3.9768697e-03
   3.4125899e-01   4.1969465e-02   1.3605073e-01   1.4036755e-03   5.6475613e-04   3.9491863e-03
   3.0980995e-01  -1.4972085e-01  -6.5659648e-02  -2.1161369e-04  -4.3182907e-05   4.1308464e-03
   3.2756878e-01   8.5617965e-02   4.1645433e-02   1.8831234e-03   1.7344212e-04   4.0588650e-03
   2.9965377e-01  -1.3767154e-01   3.8327761e-02  -7.9211253e-04  -3.0917927e-04   4.3907300e-03
   2.9969776e-01  -2.8242659e-02  -2.7352200e-03  -2.2949661e-04  -4.1359446e-04   3.7544486e-03
   3.2945940e-01   2.6591143e-02   2.1822577e-01  -2.9019171e-05   1.6344179e-04   3.6637837e-03
   2.7889954e-01  -7.2846015e-02   2.2589238e-03  -3.6403861e-04   1.0353223e-03   2.9078342e-03
   2.7828303e-01   1.1929210e-01   8.6265659e-02   1.6241715e-03   9.3937454e-04   2.4307859e-03
   2.5780528e-01  -1.1233689e-01  -1.6809932e-02  -9.2354699e-04   2.4506588e-04   3.1727575e-03
   2.6678775e-01   7.4675265e-02   2.6512565e-02   6.1591370e-04   3.1991170e-04   3.0365799e-03
   2.7959550e-01  -5.8883377e-03   1.6409603e-01  -4.3849540e-04   2.2244778e-04   3.7001574e-03
   2.6951444e-01  -4.9375797e-03  -2.1380012e-02   2.6677406e-04   3.7446853e-04   3.1183238e-03
   2.9614135e-01   3.7310695e-02   1.5772279e-01  -3.8742283e-04   4.5398828e-04   3.3588455e-03
   2.7400140e-01  -3.7796517e-02  -4.1696097e-02   5.2432641e-05   2.5053671e-04   3.6170290e-03
   3.0249003e-01   9.1066693e-02   2.5210840e-01   3.0228202e-04   6.4144185e-04   3.0692157e-03
   2.7928002e-01  -1.0011493e-01  -7.3440062e-02  -8.9878135e-04   4.8888350e-04   3.3602766e-03
   2.8095352e-01   1.1819896e-01   2.1302640e-01   3.1921352e-06   2.1401219e-04   3.5989303e-03
   2.5544130e-01  -1.2004609e-01   9.9052420e-03  -1.9286659e-03  -7.8947487e-05   3.6203998e-03
   2.7441827e-01   4.0466279e-02   1.2461659e-02  -6.5756866e-04   4.1952876e-04   3.2905833e-03
   2.8967520e-01   5.1020062e-02   2.1776111e-01  -1.2891857e-03   5.4899401e-04   3.8499608e-03
   2.4531000e-01  -3.7748459e-02  -2.4791207e-02  -3.8575145e-04   3.8780360e-04   3.7172210e-03
   2.8997957e-01   9.3211620e-02   1.7192068e-01  -7.0298202e-04   8.1216035e-04   3.4151555e-03
   2.7056519e-01  -1.2872918e-01  -7.4521872e-02  -2.0581929e-03   5.9741935e-04   4.0816265e-03
   3.0228185e-01   1.2167594e-01   1.7094140e-01  -2.8277810e-04   8.5076468e-04   3.5754631e-03
   2.8907911e-01  -7.8430214e-02   2.8089898e-02  -2.1122058e-03   5.8312740e-04   4.1778932e-03
   3.1189391e-01   8.9333005e-02   1.4287889e-02  -3.4843900e-04   7.7200259e-04   3.6319096e-03
   3.1467497e-01   9.2616919e-02   2.5584575e-01  -8.3787350e-04   7.0759187e-04   4.1176303e-03
   2.9047876e-01  -7.2297775e-02   7.6118897e-03  -1.9154181e-03   8.5327623e-04   3.6259541e-03
   2.9923058e-01   1.8923369e-01   2.2639624e-01   2.7361249e-04   1.4627397e-03   2.7239663e-03
   2.2868374e-01  -1.6215363e-01  -3.6361365e-01   1.5971005e-04   5.8190681e-04   3.9480364e-03
   2.1962654e-01   1.3679329e-01   1.1756839e-01   8.1270567e-04   1.1249688e-04   2.5483189e-03
   2.3104412e-01  -2.9505959e-02   1.4824495e-02  -6.7676663e-04  -1.5012993e-04   3.3181952e-03
   2.6106109e-01   1.2644031e-01  -4.7556922e-02   1.6003615e-03   3.3081817e-04   2.8334521e-03
   2.8346774e-01   5.7107591e-02   1.2502055e-01   3.8628845e-04   3.5306503e-04   3.6531342e-03
   2.7534393e-01   3.0780210e-02  -9.5080666e-02   7.7100283e-04   5.3323838e-04   3.6389263e-03
   2.8330772e-01   1.2811692e-01   6.9750526e-02   1.5479012e-03   6.0361038e-04   3.5621258e-03
   2.7672594e-01  -2.3469884e-02   2.8574784e-02  -6.1159882e-04   3.9576181e-04   3.9452371e-03
   2.8741166e-01   1.2123233e-01   3.7761887e-02   1.0404995e-03   3.9186433e-04   3.5526534e-03
   2.8996537e-01   1.6161473e-02   1.5072533e-01  -5.1550946e-04   2.8864331e-04   4.0697996e-03
   2.9573769e-01   1.5696626e-01   9.8419800e-02   3.7766712e-04   3.2264714e-04   3.8738178e-03
   2.6706048e-01  -5.1640725e-02   3.7239702e-02  -1.0702022e-03   8.6749284e-05   4.1390930e-03
   2.6436145e-01   6.1877603e-02  -3.6917652e-02   7.1754208e-04   4.6337868e-05   3.9141807e-03
   3.0210588e-01   9.3444994e-02   2.2114410e-01  -1.7865117e-04   1.0582726e-04   4.3982917e-03
   2.9669861e-01  -1.4682603e-02  -1.0448706e-01   2.0641038e-04   4.9567188e-04   4.1498273e-03
   3.4638587e-01   1.0202175e-01   2.2206968e-01  -5.8120880e-06   6.9778999e-04   4.3977520e-03
   3.1227983e-01  -6.3411302e-02  -3.9638921e-02  -1.1592088e-03   4.3387074e-04   4.8162374e-03
   3.2317802e-01   1.4365262e-01   1.6827325e-01   4.6297847e-04   4.2155220e-04   4.2006486e-03
   2.8929086e-01  -9.4430833e-02   9.7563851e-02  -1.5677904e-03   1.3400334e-04   4.5960660e-03
   2.9967072e-01   4.7450216e-02   1.0366914e-02  -9.8117012e-05   5.8062765e-04   4.1941069e-03
   3.2002573e-01   9.1906363e-02   1.9414346e-01  -2.3957703e-04   4.1358499e-04   4.4352803e-03
   2.8810849e-01  -6.6935424e-02  -2.4624505e-02  -1.0219822e-03   1.2749864e-04   4.5555581e-03
   3.4119568e-01   1.5129460e-01   2.1097778e-01   2.9031929e-04   8.1904896e-04   4.2595151e-03
   3.0249445e-01  -8.7631653e-02  -6.4028345e-03  -1.2645675e-03   4.4087659e-04   4.6162269e-03
   3.1925742e-01   9.1507123e-02   8.0384470e-02  -2.7136219e-04   4.2849931e-04   3.9300583e-03
   3.1595734e-01   1.4875840e-02   1.6472015e-01  -1.3973720e-03   2.7237640e-04   4.4889433e-03
   2.9695788e-01   1.3700270e-02   2.4556816e-02  -8.3496922e-04   3.3991120e-04   3.9876532e-03
   3.1895547e-01   4.4596753e-02   2.4491726e-01  -1.4757445e-03   9.5078557e-05   4.1445404e-03
   3.0944088e-01   1.9992322e-02  -3.4680690e-02  -1.2679197e-04   6.1308226e-04   3.6718838e-03
   3.0934814e-01   1.4154153e-01   1.8850646e-01   5.1527660e-04   7.1170301e-04   3.5246227e-03
   2.9877149e-01  -5.7489697e-02   1.6313296e-02  -1.6505517e-03   4.3556213e-04   4.1275950e-03
   3.1018133e-01   8.1574852e-02   8.0151441e-02   1.3909449e-04   5.7491006e-04   4.2920659e-03
   3.4184235e-01   8.3632675e-02   2.5494473e-01  -9.8392528e-04   6.9451308e-04   4.6965834e-03
   3.3572390e-01  -4.5127108e-02  -4.4477726e-02  -1.1997085e-03   9.6091911e-04   4.2703557e-03
   3.5495313e-01   1.3372712e-01   1.8144575e-01  -3.7677939e-04   1.0363474e-03   3.8003502e-03
   3.1878720e-01  -5.6647664e-02   7.2229912e-02  -1.6795834e-03   6.6572837e-04   4.1702196e-03
   3.0933057e-01   1.0591455e-01   1.1715773e-01  -1.6577441e-04   5.0290654e-04   3.4901438e-03
   3.1008841e-01  -5.6390635e-03   2.4990356e-01  -1.7928826e-03   5.1944694e-04   4.0011234e-03
   2.6666514e-01  -6.5731473e-02   3.3242665e-02  -1.7307154e-03   1.8368169e-04   4.1574514e-03
   3.2343609e-01   1.3894965e-01   2.8567944e-01  -6.0359068e-04   7.7584476e-04   3.6994605e-03
   2.9509734e-01   3.2184672e-02  -1.7252741e-01   5.0181168e-03   6.0495925e-04   3.9346668e-03
   2.8900842e-01   1.4450210e-01  -6.4614426e-03   3.7272915e-03   1.4221559e-03   3.7884964e-03
   2.9117817e-01   5.6624529e-02  -1.0009164e-01   2.1344647e-03   1.3746538e-03   3.9744237e-03
   3.1203607e-01   2.1675373e-01   7.0803449e-02   3.0774694e-03   1.3650317e-03   3.8051204e-03
   3.2180469e-01   3.5505451e-02   1.0146697e-01   9.7306375e-04   1.2387409e-03   4.6064014e-03
   3.4492974e-01   1.1012623e-01   1.7369293e-02   2.2883399e-03   1.6457867e-03   3.9968163e-03
   3.6914619e-01   1.3064953e-01   1.6300026e-01   1.4627080e-03   1.7339447e-03   4.4421932e-03
   3.3347537e-01   6.7258746e-02  -5.4708416e-02   1.7811353e-03   1.6145281e-03   4.0138110e-03
   3.3308571e-01   2.5409293e-01   1.9357625e-01   2.0043243e-03   1.7670378e-03   3.9659950e-03
   3.0497388e-01   7.0480394e-03  -1.5653623e-02   5.9653667e-04   1.7864040e-03   4.0991664e-03
   3.3241039e-01   1.8534713e-01   1.5595909e-01   1.9060888e-03   1.9591984e-03   3.8689608e-03
   3.1206583e-01  -4.4716784e-02   8.5167476e-02  -1.4909872e-04   1.4811054e-03   4.5129764e-03
   3.1236020e-01   1.2829448e-01   2.9553686e-02   1.9336872e-03   1.9851751e-03   4.1216832e-03
   3.2715083e-01   1.4961482e-01   3.2158740e-01   1.1558390e-03   1.5247016e-03   4.5664538e-03
   3.0248235e-01   1.1042519e-02   5.5420781e-02   1.2144624e-03   1.2418208e-03   4.3106250e-03
   3.2345110e-01   1.8546472e-01   3.2757207e-01   1.3217262e-03   1.3586576e-03   3.9354640e-03
   3.0594158e-01   5.0705905e-03  -1.0685263e-02   1.1169162e-03   1.5083429e-03   3.9293920e-03
   3.1987268e-01   1.4980530e-01   2.2543397e-01   1.6068767e-03   1.5550666e-03   3.7135833e-03
   3.1154475e-01   5.0421152e-02   1.8922754e-01  -1.2391055e-06   1.4378089e-03   3.7736843e-03
   3.3265711e-01   1.4670257e-01   1.2985021e-01   1.3667503e-03   1.6675707e-03   3.3947129e-03
   3.3045520e-01   2.3550340e-02   1.6829497e-01  -2.6868836e-04   1.8194677e-03   3.9053669e-03
   3.1456544e-01   7.1517798e-02   5.4297015e-02   4.5019803e-04   1.7724018e-03   3.8459802e-03
   3.4522438e-01   1.7163812e-01   2.8667313e-01   1.1194970e-03   2.1628939e-03   4.0560527e-03
   3.1569477e-01   2.5421457e-02   4.0667092e-03   9.6003202e-04   1.8250026e-03   4.1618170e-03
   3.6123776e-01   1.8694227e-01   2.7609235e-01   1.7990046e-03   2.1247885e-03   4.1018892e-03
   3.7403329e-01  -2.8959943e-02   1.3567896e-01  -5.3400218e-04   2.3597341e-03   4.4159981e-03
   3.9191911e-01   1.0679077e-01   1.3544106e-01   7.6533450e-04   2.6476814e-03   3.9720654e-03
   3.8734651e-01  -1.1446432e-02   1.6754731e-01  -7.8343128e-04   2.5778513e-03   4.3836662e-03
   3.6932746e-01   8.4693954e-02   1.0198373e-01   9.5919636e-04   2.7081591e-03   3.6949024e-03
   3.7283135e-01   3.4966877e-02  -3.8473118e-02   4.0331042e-03   3.6105526e-03   4.0203041e-03
   3.8341637e-01   2.4952213e-01   1.5159202e-01   3.7824707e-03   3.0873574e-03   3.0612220e-03
   3.4740635e-01   3.0022201e-02  -8.0316067e-02   1.8361326e-03   2.4502492e-03   3.6731334e-03
   3.7081558e-01   2.9317933e-01   2.4223294e-02   4.0035776e-03   3.0072195e-03   3.4182811e-03
   3.5056189e-01   8.1911395e-02   5.9282460e-02   1.6282563e-03   2.5418967e-03   4.1381841e-03
   3.8697787e-01   1.7049941e-01   5.1534894e-02   3.0403075e-03   2.9753090e-03   3.3672316e-03
   4.0536367e-01   8.4099163e-02   1.5355724e-01   1.1705371e-03   3.1691546e-03   3.7411398e-03
   3.8990691e-01   8.8544206e-02  -4.2051820e-02   2.1548879e-03   3.0869647e-03   3.4036556e-03
   4.1030235e-01   1.7858577e-01   2.4821465e-01   1.6331379e-03   3.1232538e-03   3.5050362e-03
   3.6943873e-01   1.7906630e-02  -8.3912744e-02   1.2104210e-03   2.9652827e-03   3.7593203e-03
   3.8737134e-01   2.0921473e-01   1.5356319e-01   2.2332477e-03   2.9650509e-03   3.4823360e-03
   3.6044769e-01   4.0505915e-02   1.1291186e-02   1.2326065e-03   2.6381432e-03   4.0362084e-03
   3.6791979e-01   1.5396554e-01   5.1265971e-02   1.8619965e-03   2.5795146e-03   3.5563097e-03
   3.8782754e-01   1.0333517e-01   1.3455710e-01   6.7362291e-04   2.9918218e-03   3.9857453e-03
   3.9427365e-01   6.5757404e-02  -4.2926105e-04   4.9134973e-04   3.1092529e-03   3.8831364e-03
   4.2315451e-01   2.3993383e-01   2.0266733e-01   2.0593941e-03   3.2499382e-03   4.2506621e-03
   4.0888336e-01   1.1213212e-02   2.8133870e-02  -2.9992512e-04   3.0835242e-03   4.2172351e-03
   4.1271340e-01   1.9797805e-01   1.0155038e-01   2.1330391e-03   3.1075050e-03   3.8783293e-03
   4.2700443e-01   8.6616384e-02   1.8193747e-01   1.0332112e-05   3.2979895e-03   4.5335075e-03
   4.0604013e-01   8.1212145e-02  -1.0535956e-02   4.8633519e-04   3.2689449e-03   4.3197465e-03
   4.5447930e-01   2.2237939e-01   2.2658921e-01   1.0792791e-03   3.9287298e-03   4.2521481e-03
   4.3020181e-01   2.5042612e-02   2.4329820e-02  -4.2825958e-04   3.6032511e-03   4.3932810e-03
   4.0782377e-01   1.4956986e-01   1.2439249e-01   1.2657304e-03   3.2522642e-03   3.5671361e-03
   4.2485617e-01   1.4250660e-01   1.7093927e-01   8.1405734e-04   3.7081138e-03   4.0993714e-03
   4.0572163e-01   1.3658283e-02  -1.4012020e-02  -4.1935183e-04   3.4734881e-03   4.4417689e-03
   4.3216468e-01   2.1502772e-01   1.1998670e-01   1.3409758e-03   3.7174430e-03   4.0836754e-03
   4.3033834e-01   8.9146297e-02   1.0982066e-01   8.0543086e-06   3.6765393e-03   4.3389737e-03
   4.0620993e-01   1.6509013e-01   5.0854785e-02   1.4871145e-03   3.3832979e-03   4.0777558e-03
   4.4944098e-01   1.5644623e-01   2.5744952e-01   6.1793363e-04   3.8127088e-03   4.1727435e-03
   4.3403419e-01   1.9363198e-02   2.1299295e-02  -3.6209307e-04   3.5898850e-03   4.2190866e-03
   4.4889485e-01   2.9496314e-01   2.3272393e-01   1.8775149e-03   3.6445547e-03   4.2644172e-03
   4.4021854e-01  -2.5925754e-02   2.7268777e-02  -1.0467245e-03   3.9593954e-03   4.2214783e-03
   4.4351665e-01   2.3909525e-01   6.4520889e-02   3.1684364e-03   3.9145270e-03   4.5774714e-03
   4.2347971e-01   9.7325054e-02   3.5362987e-02   7.1400404e-04   4.3768085e-03   3.8758447e-03
   4.2232448e-01   1.3464012e-01  -5.2005769e-02   2.4336578e-03   4.5202106e-03   4.1012379e-03
   4.4533317e-01   2.9533606e-01   1.6935716e-01   3.2737769e-03   4.4988716e-03   3.7099259e-03
   4.1608772e-01   8.7755516e-02  -2.1581122e-02   1.2503899e-03   3.8982941e-03   3.9289153e-03
   4.3187464e-01   2.6580910e-01   8.7996194e-02   2.9372969e-03   4.0953216e-03   3.5734456e-03
   4.3024586e-01   1.1233324e-01   6.0022062e-02   6.6226031e-04   3.8328003e-03   4.1723267e-03
   4.2783483e-01   1.5830021e-01  -7.1563686e-03   1.7231498e-03   4.1574019e-03   3.9299246e-03
   4.5696631e-01   1.9349842e-01   2.1417233e-01   9.8704785e-04   4.4354359e-03   4.3561522e-03
   4.4057273e-01   8.2439254e-02  -4.4109308e-02   1.2143083e-03   4.3294643e-03   4.2893609e-03
   4.7808544e-01   2.2312067e-01   2.2617405e-01   1.5546168e-03   4.6882953e-03   4.2210356e-03
   4.4860181e-01   2.1797767e-02   5.7674439e-02  -3.7809624e-04   4.3828148e-03   4.3178413e-03
   4.6101804e-01   2.3434601e-01   1.5505196e-01   1.6680366e-03   4.5135283e-03   4.2488455e-03
   4.2349421e-01   3.4857585e-02   1.1621694e-01  -1.0613863e-03   3.8658862e-03   4.6839211e-03
   4.4712957e-01   1.6588649e-01   6.2342423e-02   1.0218912e-03   4.3107161e-03   4.5440507e-03
   4.6354012e-01   1.2978000e-01   2.1915164e-01  -3.4326981e-04   4.2947052e-03   4.8593778e-03
   4.4745318e-01   1.1389232e-01   4.9954561e-02   4.2750404e-04   4.3412680e-03   4.4489465e-03
   4.6101457e-01   1.6234074e-01   2.3012794e-01   6.8833971e-04   4.5884664e-03   4.4253032e-03
   4.4700657e-01   5.5195401e-02   5.8729611e-02  -4.6888320e-04   4.4782891e-03   4.6546079e-03
   4.5855729e-01   1.8934979e-01   1.1220353e-01   1.0990079e-03   4.5659917e-03   4.3621183e-03
   4.8028553e-01   1.1495924e-01   2.6036979e-01  -3.1182846e-04   4.7663161e-03   4.7331006e-03
   4.4775049e-01   1.1372922e-01   9.5597495e-02   1.9974828e-04   4.3400377e-03   4.3031951e-03
   4.6981096e-01   1.4346208e-01   1.3481695e-01   9.3754655e-05   4.5301699e-03   4.1711995e-03
   4.5296401e-01   5.7777636e-02   1.2986990e-01  -1.2646594e-03   4.2030775e-03   4.5931555e-03
   4.8331623e-01   1.3739439e-01   4.0392311e-02   3.4073804e-04   4.4990782e-03   4.1405055e-03
   4.8613013e-01   1.2858119e-01   1.9776184e-01  -5.6512853e-04   4.3845383e-03   4.8805627e-03
   4.7432150e-01   1.3694979e-01   4.9970006e-02   9.2946986e-04   4.3762002e-03   4.6497628e-03
   4.3827029e-01   3.0263691e-01   3.3464371e-01   1.5295051e-03   3.7172345e-03   4.5270732e-03
   4.1976660e-01   1.2085739e-02   4.6371858e-02  -6.3273571e-05   3.9421783e-03   4.3107057e-03
   4.6229911e-01   2.3464362e-01   2.8143874e-01   8.8309701e-04   4.1399601e-03   4.1948605e-03
   4.3983028e-01  -1.0068272e-02   9.6752390e-02  -1.2604223e-03   4.0759580e-03   4.3477297e-03
   4.7508459e-01   1.9447434e-01   2.0825710e-01   6.2158538e-04   4.5258003e-03   4.0570157e-03
   4.6441825e-01   5.6062466e-02   1.3027925e-01  -9.2763039e-04   4.1913835e-03   4.6658085e-03
   4.6772744e-01   6.1279487e-02   6.7354658e-02  -1.2240075e-03   4.1764459e-03   4.6551635e-03
   4.8971098e-01   2.4169237e-01   2.7530382e-01   7.2227978e-04   4.4872216e-03   4.1775625e-03
   4.6337998e-01  -1.6499288e-02   1.2090038e-01  -1.5373174e-03   4.3155867e-03   4.1475635e-03
   4.5909151e-01   1.7200663e-01   1.6671912e-01   4.0668293e-04   3.9243154e-03   4.6845393e-03
   4.7152200e-01   4.7290367e-02   2.6760029e-01  -1.5012911e-03   3.8451723e-03   4.7926712e-03
   4.7077226e-01   8.0956328e-02   1.2608778e-01  -3.7888297e-04   4.3345682e-03   4.0895913e-03
   4.7599939e-01   1.4171199e-01   2.0153584e-01   1.4428486e-04   3.9771928e-03   4.0883390e-03
   4.4329022e-01   4.0192715e-02   1.6953060e-01  -1.6370344e-03   3.4491290e-03   4.4428199e-03
   4.6611571e-01   1.8484085e-01   1.5113576e-01   1.0113958e-04   3.9541954e-03   4.0166613e-03
   4.7904574e-01   9.4940910e-02   2.1885483e-01  -1.3907215e-03   3.9256534e-03   4.4013727e-03
   4.5579348e-01   5.7750597e-02   4.4686435e-02  -1.2422602e-03   3.9418392e-03   4.2253403e-03
   4.8224600e-01   2.3572732e-01   2.9140438e-01   2.6797007e-05   3.9154639e-03   4.1945305e-03
   4.6715688e-01   8.7116980e-02   1.4470144e-01  -1.5380953e-03   3.7894133e-03   4.2674374e-03
   4.6761985e-01   1.5069681e-01   1.8146974e-01  -5.5328632e-04   4.1135076e-03   3.9245470e-03
   4.7245296e-01   1.0941851e-01   2.5912340e-01  -8.3790746e-04   4.4086036e-03   4.0132738e-03
   4.5470102e-01   4.4964375e-02   9.9786026e-02  -2.0111593e-03   4.0136641e-03   3.7781364e-03
   4.7205996e-01   1.7511237e-01   1.9206337e-01  -8.1915337e-05   4.3791830e-03   3.4340327e-03
   4.7535249e-01   1.1216849e-01   2.8264890e-01  -1.2256762e-03   4.3442665e-03   3.7440650e-03
   4.5518346e-01   3.9952565e-02   5.7622518e-02  -1.4796268e-03   4.3393316e-03   3.7139836e-03
   4.7091814e-01   1.7215872e-01   2.6450257e-01  -9.9880985e-04   4.4165058e-03   3.5369935e-03
   4.6106189e-01   1.0739636e-02   1.1281728e-01  -1.8812191e-03   4.3721462e-03   3.8483884e-03
   4.5575772e-01   5.8841176e-02   1.0383663e-01  -9.7532280e-04   4.2904087e-03   3.7657168e-03
   4.8621139e-01   2.2657779e-01   2.5422823e-01   7.8567844e-05   4.6905839e-03   3.6612104e-03
   4.6740672e-01   2.5766884e-02   1.0509704e-01  -1.8913495e-03   4.2676707e-03   4.3574057e-03
   4.7308624e-01   2.0111627e-01   1.9772777e-01   2.1802200e-03   3.9968075e-03   4.5253359e-03
   5.0268526e-01   3.1868067e-02  -1.7100944e-01   2.3487871e-03   5.2081809e-03   4.2820732e-03
   5.0617654e-01   2.2907234e-01   4.4402083e-02   3.1217695e-03   4.8170881e-03   3.6103572e-03
   4.9135394e-01   1.5931325e-01   1.0423064e-01   1.7371798e-03   4.6153748e-03   3.1978763e-03
   4.7745789e-01   1.6144751e-01  -4.7395320e-03   2.5036852e-03   4.4620689e-03   3.2935697e-03
   5.1671481e-01   1.8887466e-01   1.2754759e-01   2.7194704e-03   5.0660074e-03   3.3228541e-03
   4.8720702e-01   2.5550915e-02   2.0363537e-02   3.1262418e-04   4.9000386e-03   3.4788896e-03
   4.9313789e-01   2.3966612e-01   1.3056686e-01   2.5433708e-03   4.6694506e-03   3.3753726e-03
   4.8223318e-01   1.0385430e-01   1.7407202e-01   4.3052844e-04   4.4404635e-03   3.8425897e-03
   5.0460270e-01   1.4719916e-01  -5.4955173e-03   1.5837016e-03   5.1020553e-03   3.4831478e-03
   5.2253960e-01   2.4336120e-01   2.9615202e-01   1.5442191e-03   4.9341375e-03   3.6601778e-03
   4.8464605e-01   4.5488562e-02  -2.6225392e-02   4.8049853e-05   4.8006427e-03   3.6681975e-03
   5.1486066e-01   2.1516275e-01   2.3357455e-01   1.1462588e-03   4.9243831e-03   3.3361390e-03
   5.0380031e-01   3.7881342e-02   7.7266732e-02  -4.3701976e-04   4.8095535e-03   3.6589103e-03
   5.0316911e-01   1.6901588e-01   1.0312388e-01   9.3967649e-04   4.6632392e-03   3.4216037e-03
   5.3333703e-01   1.4673172e-01   2.1224022e-01   2.3623281e-04   5.0166650e-03   3.7926399e-03
   5.2078365e-01   7.4030554e-02   7.0374175e-02  -2.7516984e-05   5.2722123e-03   3.4228064e-03
   5.4046134e-01   2.3326886e-01   2.7626514e-01   8.1952915e-04   5.1963775e-03   3.2495493e-03
   5.0556760e-01   4.8963060e-02   8.4869446e-02  -9.0943219e-04   4.7934564e-03   4.0039674e-03
   5.3357182e-01   1.7170152e-01   1.3489942e-01   4.6704172e-04   5.1300781e-03   3.7697112e-03
   5.4259231e-01   1.0744952e-01   1.6008271e-01   5.7030336e-04   5.4088885e-03   3.4121185e-03
   5.4898247e-01   7.5197177e-02   2.6033103e-01  -1.0572400e-03   5.1650589e-03   4.3013674e-03
   5.7055830e-01   1.4984807e-01   1.3701376e-01   7.1786402e-04   5.3838703e-03   3.6666984e-03
   5.7545254e-01   9.7219658e-02   2.6551321e-01  -6.7209810e-04   5.4244612e-03   4.6418766e-03
   5.6441222e-01   7.4463772e-02   5.8754112e-02  -1.9611596e-04   5.5269915e-03   4.4367252e-03
   6.1579084e-01   2.4657920e-01   3.3941722e-01   8.0937005e-04   5.9415029e-03   4.6829854e-03
   5.7203895e-01   5.2230277e-02   2.2571003e-02   1.6457844e-04   5.5929408e-03   4.5351808e-03
   5.9018979e-01   2.1989871e-01   2.7979329e-01   1.3056454e-03   5.5725057e-03   4.1527348e-03
   5.6776758e-01   1.4834133e-02   1.5998893e-01  -1.1024987e-03   5.4522087e-03   4.4382718e-03
   5.4854409e-01   2.3368082e-01   2.2322758e-01   1.3730303e-03   5.2089741e-03   4.3902872e-03
   5.4946052e-01   8.0139382e-02   2.4590286e-01  -8.9026988e-04   5.5048578e-03   4.4100741e-03
   5.5461218e-01   1.2704467e-01   4.0438247e-02   5.0972593e-04   5.5837456e-03   4.2860112e-03
   5.7701628e-01   2.0076556e-01   3.0185169e-01   6.1550064e-04   5.5917501e-03   4.7393253e-03
   5.7614227e-01   5.5159479e-02   5.7483758e-02  -4.0655333e-04   5.8410037e-03   4.2777467e-03
   5.9464117e-01   2.2889529e-01   2.6760588e-01   8.1834351e-04   6.2007197e-03   4.2307232e-03
   5.9793805e-01   2.3079056e-02   1.8670470e-01  -1.0890622e-03   5.7910411e-03   4.7735178e-03
   5.8875264e-01   1.6193489e-01   1.2068471e-01   3.2459479e-04   5.9583404e-03   4.0853271e-03
   5.9482623e-01   1.5071603e-01   2.4177404e-01  -4.5363014e-04   6.0423578e-03   4.5189253e-03
   5.8089076e-01   4.4414634e-02   1.0402646e-01  -1.0236103e-03   6.0568023e-03   4.8606374e-03
   6.0559404e-01   2.3134266e-01   2.9900982e-01   3.3212348e-04   6.2018722e-03   4.4901625e-03
   5.7903941e-01  -7.0863866e-03   1.3340850e-01  -1.3313175e-03   5.9182621e-03   4.6851496e-03
   6.0115952e-01   2.0402524e-01   2.8389054e-01  -1.2723646e-04   5.8765289e-03   4.2596546e-03
   6.1127691e-01   2.0424613e-02   2.1569075e-01  -1.6256044e-03   6.1064917e-03   4.2755591e-03
   6.0439906e-01   1.4673824e-01   2.0193149e-01   9.5832103e-05   6.1228112e-03   4.3434933e-03
   6.2854486e-01   4.2073573e-02   2.6921318e-01  -1.7498595e-03   6.3120694e-03   4.5573425e-03
   6.2163407e-01   1.0116243e-01   1.2300094e-01  -4.3359432e-04   6.3775941e-03   4.5872954e-03
   6.4021728e-01   1.6877749e-01   2.5969634e-01  -1.5318259e-04   6.6100197e-03   4.3273503e-03
   5.8955654e-01   7.2760249e-02   1.6793887e-01  -9.5570129e-04   6.4941936e-03   4.3318672e-03
   5.9733436e-01   2.8093470e-01   1.5579009e-01   1.1654909e-03   6.5291740e-03   4.3166696e-03
   5.9577185e-01   4.7977240e-02   1.2457225e-01  -1.3879471e-03   6.1318732e-03   4.7620991e-03
   6.1099612e-01   1.6079724e-01   1.4549435e-01   5.9398725e-04   6.7079801e-03   4.4661442e-03
   6.0656890e-01   1.2769635e-01   2.9299768e-01  -5.9486061e-04   6.4438498e-03   5.0260921e-03
   5.6556785e-01   2.4182378e-02   6.5188885e-02  -9.5044040e-04   6.4137594e-03   4.1478082e-03
   5.6937289e-01   1.2064840e-01   6.9052658e-02   3.4388366e-04   6.5465390e-03   4.3991410e-03
   6.0215446e-01   2.1462298e-01   2.7874932e-01   6.0686916e-04   6.6280706e-03   4.5756332e-03
   5.9030536e-01   3.9972248e-02   7.8942895e-02  -4.2067352e-04   6.1255523e-03   4.5985957e-03
   6.1179315e-01   2.2790374e-01   2.1703647e-01   1.1882278e-03   6.4331884e-03   4.3078439e-03
   6.1301471e-01   4.4131092e-02   1.4184309e-01  -1.1486702e-03   6.6518363e-03   4.7535788e-03
   6.0013577e-01   1.6433211e-01   9.5260022e-02   3.0881174e-04   6.3673199e-03   4.7774623e-03
   5.7543448e-01   1.9235566e-01   2.3752590e-01  -3.5257519e-04   6.3990129e-03   4.3906333e-03
   6.0368154e-01   5.5778932e-02   5.5298490e-02  -9.1839415e-04   6.6908691e-03   5.1248097e-03
   6.3274241e-01   2.5687376e-01   2.9104677e-01   1.5540033e-03   7.0013227e-03   5.0936613e-03
   6.2507555e-01   3.7384723e-02   1.4969041e-01  -9.5483721e-04   6.9317251e-03   5.1850303e-03
   6.0520030e-01   1.7843108e-01   1.3700619e-01   5.7011926e-04   6.6922186e-03   5.1939352e-03
   6.2364618e-01   6.6007413e-02   1.7157654e-01  -9.4977055e-04   6.7435242e-03   5.3333551e-03
   6.1153946e-01   1.1467196e-01   7.6303649e-02   1.7349757e-04   6.9495746e-03   5.2833092e-03
   6.3162586e-01   2.0239899e-01   3.3152501e-01  -1.8325874e-04   7.0067546e-03   5.6613826e-03
   6.2171571e-01   2.3680674e-02   6.0515077e-02  -1.0443086e-03   6.9337663e-03   5.8783796e-03
   6.3553477e-01   2.6010331e-01   2.1604404e-01   1.5878781e-03   6.9423590e-03   5.5546276e-03
   5.8578033e-01  -8.1870862e-02  -3.2884742e-01   1.5634011e-03   6.8367800e-03   6.3233995e-03
   5.8104171e-01   3.3431970e-01   1.3714324e-01   4.0798156e-03   6.2594214e-03   5.9433265e-03
   6.7035817e-01   1.0741049e-01   1.4637939e-01   9.0275532e-04   5.7147767e-03   7.6792724e-03
   6.7340390e-01   1.4088930e-01   5.1126806e-02   2.3195380e-03   6.4460216e-03   6.2500128e-03
   6.3844557e-01   3.0485186e-01   3.0813505e-01   2.6640585e-03   6.5052154e-03   4.5718814e-03
   5.5724721e-01   4.3285253e-02   5.7102225e-02   4.0453635e-04   5.9650090e-03   4.6746893e-03
   5.8157170e-01   2.8306278e-01   1.7966858e-01   3.3344578e-03   6.1898467e-03   4.6871016e-03
   5.7598581e-01   1.0346530e-01   1.3191502e-01   7.0525530e-04   6.4445731e-03   5.7169487e-03
   5.9367252e-01   2.2116229e-01   4.7160169e-02   2.4119452e-03   6.7749262e-03   5.0072918e-03
   5.9933738e-01   1.7694412e-01   2.6776763e-01   1.4247630e-03   6.6462525e-03   5.3138929e-03
   5.8667812e-01   1.4464894e-02   4.8164327e-02   3.2445295e-05   6.9052226e-03   5.4698610e-03
   6.0812598e-01   1.8188541e-01   8.7686122e-02   1.5011056e-03   6.9156425e-03   5.3474714e-03
   5.8787225e-01   1.2859898e-01   1.6828509e-01   1.1305513e-03   6.2121369e-03   6.1898926e-03
   5.9809387e-01   9.9020703e-02   7.6504112e-02   5.4751139e-04   6.6520757e-03   5.9413252e-03
   5.7367065e-01   1.2182690e-01   4.3116519e-02   6.2251029e-04   6.7173914e-03   5.7042884e-03
   5.9636270e-01   2.5179198e-01   3.0501672e-01   5.0619493e-04   6.3861693e-03   5.7105291e-03
   5.6633782e-01   2.5387040e-02   1.8470684e-02  -1.4424851e-03   6.1935033e-03   5.5660372e-03
   5.8511034e-01   2.1823710e-01   1.2729186e-01   4.5424533e-04   6.3526959e-03   5.4092776e-03
   6.1030829e-01   1.6334311e-01   3.7049577e-01  -2.8037654e-04   6.7841709e-03   5.9058204e-03
   6.0095804e-01   2.4449543e-02   9.7328563e-02  -6.6882178e-04   5.9702494e-03   7.1655359e-03
   6.4765678e-01   2.9476886e-01   3.2905759e-01   2.1308299e-03   6.1589533e-03   5.9843568e-03
   6.0342571e-01  -2.3654893e-02   1.5045389e-01  -1.5632369e-03   6.0996131e-03   5.7353033e-03
   6.2975221e-01   1.9124015e-01   2.5778992e-01   2.6465345e-04   6.2430448e-03   5.5815213e-03
   6.0428773e-01   3.5104893e-02   1.7629730e-01  -1.6688518e-03   6.1544919e-03   6.0815372e-03
   5.9904179e-01   1.7366563e-01   1.8577796e-01  -1.2732226e-04   6.2623867e-03   6.0319807e-03
   6.1270318e-01   1.5432965e-01   3.2071363e-01  -6.1571013e-04   6.3448301e-03   6.3754907e-03
   5.8997321e-01   1.2225277e-01   3.0447850e-01  -5.6537707e-05   5.8820454e-03   5.5900979e-03
   6.0182870e-01   2.6399919e-01   2.8908167e-01   1.5598017e-03   6.1207769e-03   5.5790202e-03
   6.2281190e-01   6.8742591e-02   3.1893770e-01  -1.0828398e-03   6.5454043e-03   6.3571253e-03
   6.3769635e-01   1.2589366e-01   1.8241916e-01   2.3502212e-04   6.9696485e-03   6.0010656e-03
   6.4619847e-01   1.3118111e-01   3.5795513e-01  -4.8984704e-04   6.8707340e-03   6.4604578e-03
   6.3855223e-01   3.1942442e-02   1.3593103e-01  -8.5517562e-04   6.8801979e-03   6.5530653e-03
   6.5773075e-01   2.1526812e-01   2.7526609e-01   4.0483723e-04   6.9681354e-03   6.5922255e-03
   6.6813887e-01   7.6800532e-02   2.8796574e-01  -9.9545880e-04   7.1909498e-03   6.2676554e-03
   6.2178068e-01   4.3090670e-02   1.7725754e-01  -1.5039153e-03   6.9591576e-03   6.2620084e-03
   6.5344496e-01   2.4353461e-01   5.8237765e-01  -2.0041366e-03   5.8490052e-03   6.5251115e-03
   6.3105946e-01   2.1601415e-01   2.6777378e-01   1.6083606e-03   5.8580314e-03   6.5426675e-03
   6.5288922e-01  -1.6929405e-02   4.1102056e-02   2.5789439e-03   7.4071290e-03   6.2885511e-03
   6.8070269e-01   5.8519758e-02   7.0756933e-02  -2.2057776e-04   8.7513201e-03   6.6020288e-03
   6.5530088e-01   1.5475806e-01   1.6706824e-01   4.7190902e-04   7.8468138e-03   6.4916168e-03
   6.8534073e-01   1.9945045e-01   3.3515247e-01   1.7022270e-04   8.0990296e-03   6.5225108e-03
   6.4431964e-01   1.1819583e-01   1.1693436e-01   1.6408704e-04   8.3052480e-03   6.4027725e-03
   6.6816386e-01   1.9782680e-01   3.3459457e-01   8.1619596e-04   8.6706626e-03   6.0101660e-03
   6.5262077e-01   9.4110799e-03   9.1510313e-02  -8.5202656e-04   8.5126387e-03   6.7850923e-03
   6.8579956e-01   1.8771885e-01   3.9306086e-01  -1.9085494e-04   8.6711351e-03   6.7095331e-03
   6.1914064e-01  -6.9488159e-03   1.1970373e-01  -1.3727761e-03   7.9567709e-03   6.6130437e-03
   6.5679831e-01   2.0448077e-01   3.8893133e-01   6.4137894e-05   8.3623729e-03   5.9455440e-03
   6.4038741e-01   4.1657556e-03   2.5473487e-01  -1.6222973e-03   8.4729527e-03   6.4552124e-03
   6.5706114e-01   1.3274230e-01   2.5675955e-01   2.1086734e-04   8.4308042e-03   6.2458565e-03
   6.5817636e-01   6.4910323e-02   3.8600521e-01  -8.8851616e-04   8.4057504e-03   6.6321768e-03
   6.3075023e-01   2.6920736e-02   1.8904613e-01  -5.5646543e-04   8.3205503e-03   6.5204736e-03
   6.3960088e-01   1.5208121e-01   2.6883562e-01   3.0306303e-04   8.3396074e-03   6.5127839e-03
   6.4154947e-01   4.0434311e-02   2.7436015e-01  -1.6699447e-03   8.3347852e-03   7.1628700e-03
   6.2535513e-01   1.0715699e-01   1.7324388e-01   7.7718591e-06   8.3116278e-03   6.7235339e-03
   6.4355241e-01   1.2605708e-01   3.5482267e-01  -5.1812756e-04   8.2895194e-03   6.8201021e-03
   6.0891394e-01   7.1077192e-02   1.6066920e-01   1.7682852e-05   8.1215860e-03   6.5095050e-03
   6.2992382e-01   1.6625605e-01   4.1247732e-01   4.2394091e-04   8.0479867e-03   6.5184421e-03
   6.1393391e-01  -1.4346523e-02   2.3547618e-01  -1.5713096e-03   7.9896018e-03   7.0411008e-03
   6.3371935e-01   1.7077424e-01   3.1445370e-01   4.4652507e-04   8.1137168e-03   6.8983856e-03
   6.4953929e-01   6.6999145e-02   4.1465504e-01  -5.7853162e-04   8.0489585e-03   7.0338041e-03
   6.1803493e-01   8.0047052e-03   1.8007824e-01  -5.3573951e-04   7.8846805e-03   6.8709712e-03
   6.6522549e-01   1.4372563e-01   3.7829624e-01   5.6008739e-05   8.3118379e-03   6.7976606e-03
   6.5152440e-01  -2.9332175e-03   2.8130077e-01  -1.5091970e-03   7.9520159e-03   7.4794953e-03
   6.3323638e-01   1.5751077e-01   2.9235349e-01   2.1212397e-04   8.0182603e-03   6.4712552e-03
   6.1109942e-01   7.3013205e-02   2.4122749e-01  -6.8610145e-04   8.3466082e-03   6.5080020e-03
