   0.0000000e+00  -3.5527137e-15   0.0000000e+00   0.0000000e+00   0.0000000e+00   0.0000000e+00
  -8.7432629e-02  -4.0039175e-03  -1.4918299e-01  -2.0009604e-04  -1.4516251e-03   8.3079314e-04
  -8.9532577e-03   1.1698753e-01   5.7969628e-02   1.1356326e-03   7.3714125e-04   2.3588689e-04
  -1.3421562e-02  -1.1522219e-02  -7.5624808e-02  -1.3377439e-03  -1.7288175e-03   1.8269118e-03
   5.4677479e-02   1.6717632e-02  -1.7460125e-01  -1.1962436e-03  -2.3386830e-03   3.0738633e-03
   1.3591393e-01   1.7346206e-01   2.9179003e-01   1.6824481e-03  -2.7036312e-03   3.5946571e-03
   8.2970632e-02  -3.9521634e-03   3.1908165e-02  -4.8606134e-04  -2.9501913e-03   3.6721918e-03
   1.3431680e-01   5.3205797e-02   8.1103965e-02  -4.2715376e-04  -2.6544694e-03   3.2420788e-03
   1.3359788e-01  -1.0854819e-02  -1.0886239e-01  -1.4113011e-03  -2.6128185e-03   3.5356725e-03
   1.5723088e-01   2.3764090e-01   1.8356233e-01   2.6485334e-03  -2.6487663e-03   3.2750455e-03
   1.1871929e-01   1.3372614e-01  -7.0597498e-02   1.4821204e-03  -2.4193400e-03   3.1384726e-03
   9.9523235e-02   1.0831428e-01   1.9297730e-01   7.5353627e-05  -3.2177676e-03   2.9569253e-03
   1.6080558e-01   5.1201743e-02   1.4631334e-02  -5.4049328e-07  -2.3684954e-03   3.1689761e-03
   1.3438417e-01   7.8306891e-02   2.6047117e-02   1.3027150e-04  -3.7415995e-03   3.8556772e-03
   1.6981667e-01   5.3106204e-02   1.0222107e-01  -2.1017256e-04  -2.6203662e-03   3.2298499e-03
   1.6648020e-01   2.9419804e-02  -5.8545267e-02  -3.4933458e-04  -2.8366758e-03   2.8591638e-03
   1.7151958e-01   1.1183632e-01   3.8104162e-01   9.5395160e-04  -4.0413134e-03   3.2117077e-03
   2.0542651e-01   9.5272549e-02   7.0640199e-02   1.6795011e-03  -3.4457628e-03   3.3843257e-03
   1.9953903e-01   3.0755407e-01   3.6508269e-01   5.0329582e-03  -5.2991039e-03   3.6291902e-03
   1.0925408e-01   1.2871427e-01  -5.6772912e-02   1.6780186e-03  -5.7585899e-03   3.2866025e-03
   1.2789643e-01   2.0020180e-01   3.2003474e-01   2.6912177e-03  -5.4063930e-03   3.1731719e-03
   5.9476750e-02   8.2139190e-02   5.3336923e-02   1.1423312e-03  -6.6328066e-03   3.4770449e-03
   1.1368691e-01   1.5228060e-01   3.4453381e-01   1.9186531e-03  -5.4778730e-03   2.9164428e-03
   8.1130761e-02   3.5165773e-02   1.3151387e-01   4.3936566e-04  -6.4860242e-03   3.4293758e-03
   1.1651901e-01   1.2253088e-01   3.4519796e-01   1.1615237e-03  -6.0197375e-03   3.8897121e-03
   2.1215297e-01   1.3810929e-01   3.1155068e-01   2.4454001e-03  -4.8898377e-03   3.3149192e-03
   4.0089631e-01   2.9245504e-01   8.2744112e-01   4.4090371e-03  -2.9595418e-03   6.9704865e-03
   2.7849980e-01   1.4629473e-01   5.9070516e-01   3.4661859e-03  -6.0370812e-03   7.1892608e-03
   2.2463029e-01   2.8984949e-01   6.5865485e-01   6.1460045e-03  -6.2419443e-03   5.9535296e-03
   2.3235174e-01   2.6873197e-01   7.1011677e-01   5.0052877e-03  -6.5952574e-03   5.7638039e-03
   2.1260061e-01   2.3440441e-01   5.1750956e-01   4.6399081e-03  -6.5953175e-03   5.9717437e-03
   2.5076490e-01   3.6167290e-01   7.6603479e-01   6.3114834e-03  -5.8376735e-03   5.2901585e-03
   3.5259206e-01   2.8330352e-01   7.4369841e-01   6.0725030e-03  -4.2688590e-03   4.2010838e-03
   3.3334378e-01   2.5893687e-01   5.2843841e-01   5.3226413e-03  -4.6775926e-03   5.3529001e-03
   3.4037482e-01   2.3589111e-01   7.2129235e-01   4.7082936e-03  -4.7585363e-03   5.3864890e-03
   3.7086205e-01   2.0928168e-01   5.1320312e-01   4.3587628e-03  -4.5767920e-03   5.4953782e-03
   5.3359514e-01   1.8179256e-01   8.3013528e-01   2.7355963e-03  -1.2559294e-03   4.3405604e-03
   4.9247316e-01   1.0129388e-01   7.0967392e-01   1.7995584e-03  -2.1990969e-03   3.8276587e-03
   5.1260780e-01   1.6709722e-01   8.9952104e-01   3.2767385e-03  -2.3580125e-03   3.6863636e-03
   5.2047150e-01   1.2488433e-01   6.7519579e-01   3.0513381e-03  -2.4113037e-03   4.1485816e-03
   5.3100521e-01   1.7993853e-01   9.5623456e-01   3.7100176e-03  -2.3744801e-03   3.8520298e-03
   5.3944247e-01   1.1151137e-01   6.0739784e-01   2.9055911e-03  -2.1210234e-03   4.1128944e-03
   5.5673553e-01   1.2469388e-01   1.0233313e+00   2.7889248e-03  -1.7981425e-03   3.6646194e-03
   5.7171613e-01   7.4436979e-02   6.7719274e-01   2.1047080e-03  -1.7591704e-03   4.4483643e-03
   6.0478574e-01   1.7441854e-01   8.8940951e-01   2.9753131e-03  -1.1176939e-03   3.7318190e-03
   5.6998322e-01   1.6083460e-01   6.0616722e-01   3.6292436e-03  -2.7531439e-03   4.9763300e-03
   7.3612938e-01   2.9406550e-01   1.1184141e+00   5.8202575e-03  -1.0258765e-03   3.1132022e-03
   6.9297553e-01   1.3230974e-01   7.2356726e-01   4.4846745e-03  -5.4299446e-04   3.8567346e-03
   6.6915229e-01   1.7292591e-01   9.8611476e-01   3.6591502e-03  -1.6723995e-03   3.9705052e-03
   6.8187880e-01   1.6486962e-01   7.6434658e-01   4.2668243e-03  -1.1145722e-03   3.9684120e-03
   6.5876970e-01   1.4431111e-01   7.3284045e-01   3.1042257e-03  -1.7375398e-03   4.0522837e-03
   6.7956539e-01   1.8439454e-01   9.2323892e-01   3.5498406e-03  -9.9838646e-04   3.9675109e-03
   6.6640343e-01   2.6289866e-01   7.6848524e-01   6.3546472e-03  -2.3041607e-03   4.5839769e-03
   6.7789099e-01   1.5132065e-01   6.6043213e-01   2.3771936e-03  -1.7632808e-03   3.6767205e-03
   6.3279212e-01   2.3691373e-01   6.9813266e-01   3.1157854e-03  -2.9245686e-03   4.2357583e-03
   7.3784108e-01   1.6963370e-01   4.6901467e-01   4.0191885e-03  -1.3827528e-03   3.7323752e-03
   6.7019156e-01   9.7121686e-02   6.8338368e-01   4.2687616e-04  -2.1327704e-03   3.4424962e-03
   7.2589200e-01   1.0736424e-01   6.5982318e-01   1.7771046e-03  -7.3163051e-04   3.4244132e-03
   6.8325685e-01   1.4371370e-01   8.2141167e-01   1.4511937e-03  -1.6483432e-03   3.4357960e-03
   6.8976516e-01   1.3154707e-01   6.1047493e-01   2.5408930e-03  -1.6839702e-03   3.6290144e-03
   7.1293360e-01   1.4887757e-01   9.9175527e-01   2.5321063e-03  -1.3604309e-03   3.2310811e-03
   6.7970182e-01   1.2515611e-01   6.4859825e-01   3.0973515e-03  -2.5518805e-03   4.0972908e-03
   7.1971295e-01   2.1771867e-01   9.2886184e-01   4.3020169e-03  -2.2336575e-03   3.3503581e-03
   6.8421613e-01   8.0448798e-02   6.4549900e-01   2.1487322e-03  -2.7971090e-03   3.9605942e-03
   6.9057450e-01   1.9020416e-01   8.8445963e-01   3.3921063e-03  -2.2985810e-03   3.6467090e-03
   6.7502658e-01   1.1820065e-01   5.6899010e-01   1.8302504e-03  -2.9708691e-03   4.0548072e-03
   7.3807578e-01   2.1521220e-01   2.8165121e-01   3.4891404e-03  -1.5390847e-03   3.6288108e-03
   7.0323868e-01   1.5783390e-01  -3.9765401e-01  -2.0049315e-04  -1.9461277e-03   3.5447182e-03
   6.3790003e-01   1.6873974e-01  -1.8049651e-02   7.5601196e-04  -2.2792738e-03   3.0190535e-03
   6.5771251e-01   3.8734505e-01   1.5211493e-01   4.9086984e-03  -2.5637518e-03   3.3811084e-03
   6.2053150e-01   1.4095816e-01  -7.4058020e-02   1.3103371e-03  -2.8360116e-03   3.5313654e-03
   6.3547911e-01   1.9142084e-01   3.3811366e-01   1.5583148e-03  -1.3285473e-03   3.3564571e-03
   5.5439662e-01   2.4604354e-01   2.9113055e-01   4.2109367e-03  -3.3720903e-03   3.9627138e-03
   6.0236039e-01   2.8127436e-01   4.5681670e-01   3.6414596e-03  -1.7188632e-03   3.3321930e-03
   5.7224908e-01   1.4853281e-01   3.5031821e-01   1.9701966e-03  -2.8067524e-03   3.5611107e-03
   6.1525654e-01   2.8471666e-01   4.8956382e-01   4.1141533e-03  -2.0690744e-03   3.3440665e-03
   5.9487546e-01   1.7769552e-01   4.7996659e-01   2.4356725e-03  -3.2649902e-03   3.8760505e-03
   6.0451935e-01   2.1541929e-01   4.8274890e-01   3.6263042e-03  -2.8557062e-03   3.9820878e-03
   6.4143940e-01   1.6783239e-01   2.9208073e-01   2.1733395e-03  -2.7318409e-03   3.7308314e-03
   6.6127022e-01   2.2574987e-01   6.3083864e-01   3.2275043e-03  -2.3146250e-03   3.4563636e-03
   6.3235736e-01   1.8600490e-01   3.0642125e-01   2.7708978e-03  -2.9236917e-03   4.0170728e-03
   6.4856221e-01   3.1244329e-01   4.2898701e-01   3.5901030e-03  -2.8507445e-03   4.2300594e-03
   6.3535536e-01   2.4957646e-01   1.6128475e-01   3.7343211e-03  -2.9122657e-03   4.2547455e-03
   6.8344428e-01   3.9268152e-01   5.0245537e-01   7.3851191e-03  -3.1881480e-03   4.2528795e-03
   1.7929510e-01   8.3048324e-01   3.7108339e-01   2.2035613e-02  -1.6801190e-02   1.7130217e-02
   2.5178047e-01   6.5612226e-01   4.4755287e-01   1.0664886e-02  -1.0188961e-02   1.0940138e-02
   1.4045417e-01   7.7744597e-01   6.0651847e-01   1.3845083e-02  -1.3560609e-02   1.0484956e-02
   3.3259191e-01   6.9447427e-01   8.0519803e-01   1.2396369e-02  -7.1761216e-03   7.5520364e-03
   3.0869231e-01   3.2782127e-01   5.5915441e-01   7.1081430e-03  -6.2901052e-03   8.3034871e-03
   3.4322592e-01   4.5058742e-01   3.6578013e-01   7.9731020e-03  -6.6305818e-03   8.0475308e-03
   3.3292746e-01   4.8830729e-01   2.9747549e-01   7.9942271e-03  -7.3056995e-03   7.8061893e-03
   3.2925163e-01   5.3961429e-01   4.6021889e-01   8.8518051e-03  -7.4448958e-03   7.5746504e-03
   3.1165020e-01   5.2656171e-01   3.1163545e-01   8.7175372e-03  -8.0863262e-03   7.5150005e-03
   2.9905960e-01   5.2766383e-01   2.7222060e-01   8.4127763e-03  -8.3901291e-03   7.3019805e-03
   2.6018796e-01   4.7382169e-01   4.4485926e-01   8.0733076e-03  -9.2709617e-03   7.3225851e-03
   2.8151414e-01   4.9779026e-01   4.4377415e-01   8.9230929e-03  -8.7028899e-03   7.0290083e-03
   2.7343024e-01   4.7596891e-01   2.3405633e-01   7.8566737e-03  -8.6535868e-03   7.1880596e-03
   3.0083120e-01   4.8449878e-01   5.9782531e-01   8.0873162e-03  -9.1296862e-03   7.3433495e-03
   3.0752638e-01   4.5625340e-01   3.5372416e-01   8.5813266e-03  -8.9779244e-03   7.6711041e-03
   3.4192068e-01   4.9016149e-01   5.5028556e-01   8.2180256e-03  -8.2872083e-03   7.1601953e-03
   2.8979270e-01   5.1331818e-01   3.3779085e-01   1.0243426e-02  -1.0208754e-02   8.9758128e-03
   3.3493747e-01   5.9065367e-01   4.0041036e-01   1.0845203e-02  -9.2115313e-03   8.1582776e-03
   3.1986709e-01   5.7296192e-01   5.0532239e-01   9.8394215e-03  -9.8279974e-03   8.2444965e-03
   3.2508780e-01   5.6613552e-01   3.9453184e-01   1.0428791e-02  -9.1268291e-03   7.8631508e-03
   3.3562663e-01   5.6759353e-01   6.0037473e-01   9.6965099e-03  -1.0143400e-02   8.3508200e-03
   4.0845877e-01   6.0340187e-01   2.3173094e-01   1.1658341e-02  -8.3789950e-03   8.2888467e-03
   4.4067400e-01   6.5368824e-01   5.2603097e-01   1.1162748e-02  -8.2439959e-03   8.4330383e-03
   4.4102113e-01   5.6513629e-01   2.7229489e-01   1.0801821e-02  -8.0985095e-03   8.1790128e-03
   4.5046895e-01   6.1073922e-01   4.7372565e-01   1.0730748e-02  -7.9689124e-03   7.8124369e-03
   4.1299358e-01   5.4036665e-01   4.0627351e-01   1.0289818e-02  -9.2849670e-03   8.6601995e-03
   4.8524705e-01   6.1192809e-01   5.7751584e-01   1.1187763e-02  -7.8961794e-03   7.9015040e-03
   3.2643808e-01   9.5391141e-01   4.7394764e-01   2.0506740e-02  -1.2019998e-02   1.2096393e-02
   3.6076981e-01   8.8793143e-01   5.2446208e-01   1.6295740e-02  -9.6688803e-03   9.9473415e-03
   3.9535895e-01   8.0300538e-01   2.8367019e-01   1.4467749e-02  -8.1762744e-03   9.5938935e-03
   4.2697143e-01   7.6719873e-01   4.4734694e-02   1.3767940e-02  -7.2470954e-03   8.6568734e-03
   3.7206225e-01   8.5948961e-01   4.1492285e-01   1.4800204e-02  -7.5041392e-03   9.8027980e-03
   3.2279627e-01   8.0857132e-01   1.6362472e-01   1.5194346e-02  -8.8770413e-03   1.0081143e-02
   3.1251135e-01   9.2121099e-01   7.1527983e-01   1.6950290e-02  -9.0366064e-03   9.1849883e-03
   3.4145067e-01   7.6612058e-01   3.8729223e-01   1.5235011e-02  -9.0231308e-03   9.3558301e-03
   3.3844650e-01   7.1579746e-01   6.0307020e-01   1.3228774e-02  -9.2338159e-03   9.1795935e-03
   4.0065919e-01   5.8600643e-01   1.9776952e-01   1.3130152e-02  -8.8285461e-03   9.0735376e-03
   3.9008583e-01   6.2956850e-01   2.7810894e-01   1.0404192e-02  -8.3607772e-03   8.9071932e-03
   3.9225413e-01   7.2250226e-01   4.2260022e-01   1.2706575e-02  -8.7282980e-03   8.8926067e-03
   3.4759948e-01   8.2744699e-01   3.8809744e-01   1.5346558e-02  -1.0156039e-02   9.7772141e-03
   3.9529573e-01   8.2897124e-01   4.9975039e-01   1.5337353e-02  -8.6615388e-03   9.3937510e-03
   4.2963706e-01   7.3414351e-01   3.3410034e-01   1.4046917e-02  -8.1674679e-03   9.2634205e-03
   4.5539555e-01   8.0495061e-01   6.0944401e-01   1.4815024e-02  -8.1557811e-03   8.8738415e-03
   4.2517461e-01   6.8763549e-01   3.8131542e-01   1.3565916e-02  -8.0780692e-03   8.6842589e-03
   3.9501378e-01   7.6993701e-01   6.9687935e-01   1.4127850e-02  -9.4898215e-03   9.2047850e-03
   4.2145413e-01   7.4272540e-01   3.9870067e-01   1.4709984e-02  -9.0198764e-03   9.6794031e-03
   3.5633769e-01   8.5286864e-01   7.3458184e-01   1.5696837e-02  -9.5973097e-03   9.9301091e-03
   4.0305699e-01   7.0967095e-01   4.7553154e-01   1.3741658e-02  -9.3600731e-03   9.6469655e-03
   4.1244697e-01   8.1220536e-01   5.6263388e-01   1.5557590e-02  -9.0966320e-03   9.6525873e-03
   3.8347372e-01   7.7526856e-01   5.1458850e-01   1.2472626e-02  -9.3135586e-03   8.9180382e-03
   4.5369385e-01   7.2881021e-01   4.9261297e-01   1.4363445e-02  -8.0590910e-03   8.7709729e-03
   4.5757524e-01   8.4656817e-01   7.0343935e-01   1.6088476e-02  -8.3293980e-03   8.8633333e-03
   3.1205943e-01   8.0936658e-01   5.3557830e-01   1.6061333e-02  -9.8433027e-03   9.8296433e-03
   3.6414137e-01   8.3694792e-01   7.1444635e-01   1.6052638e-02  -7.6650459e-03   8.7067602e-03
   3.5050046e-01   7.5340345e-01   5.2417069e-01   1.4276304e-02  -7.9981013e-03   9.3482165e-03
   3.6360807e-01   7.8437277e-01   6.0845587e-01   1.5053753e-02  -7.5553172e-03   8.6301922e-03
   3.8191315e-01   8.6357651e-01   6.9021517e-01   1.6227861e-02  -8.1533351e-03   9.2983183e-03
   3.8099474e-01   8.3213831e-01   5.1904525e-01   1.6119868e-02  -7.9272106e-03   8.8559334e-03
   3.1647131e-01   9.2219775e-01   6.9004294e-01   1.7277866e-02  -1.0191061e-02   9.9458010e-03
   3.7153128e-01   8.7856847e-01   5.8395392e-01   1.7507670e-02  -8.8384192e-03   9.3158034e-03
   3.4918456e-01   8.2672013e-01   6.3787693e-01   1.5699466e-02  -8.9595103e-03   9.4099326e-03
   3.8333120e-01   8.8033876e-01   5.8948219e-01   1.7419992e-02  -8.3560153e-03   8.9601134e-03
   3.7731782e-01   9.2092501e-01   6.5789303e-01   1.7324421e-02  -8.9185505e-03   9.4087708e-03
   3.9206485e-01   8.9930150e-01   4.5779207e-01   1.7454528e-02  -8.3665082e-03   8.8799325e-03
   3.8650212e-01   9.1256846e-01   6.7671987e-01   1.6412803e-02  -8.3076073e-03   9.0227156e-03
   3.5320958e-01   8.9406605e-01   4.0982305e-01   1.8235982e-02  -9.5990540e-03   1.0177519e-02
   4.4762007e-01   9.0986580e-01   6.7312610e-01   1.6900345e-02  -6.9814395e-03   9.6650282e-03
   3.4510111e-01   1.1435861e+00   7.7325049e-01   2.2670118e-02  -1.0034036e-02   1.0753426e-02
   3.6209478e-01   1.2190151e+00   6.5977914e-01   2.4112562e-02  -9.2226738e-03   1.0479563e-02
   3.9580475e-01   1.1287185e+00   2.8682121e-01   2.1132193e-02  -9.6070693e-03   1.0420798e-02
   3.5599876e-01   1.1155376e+00   6.1288383e-01   2.0661393e-02  -9.0653046e-03   1.0011462e-02
   2.3177861e-01   1.0900161e+00   6.8519151e-01   2.1060457e-02  -1.1561691e-02   1.1770088e-02
   2.8974550e-01   1.0653178e+00   6.3892372e-01   2.0870281e-02  -1.0327345e-02   1.0569104e-02
   2.4272049e-01   1.1321215e+00   6.5697639e-01   2.1860356e-02  -1.2722421e-02   1.2297944e-02
   2.7196278e-01   1.1140959e+00   6.7339686e-01   2.1684572e-02  -1.1116200e-02   1.0900984e-02
   2.6255441e-01   1.0889469e+00   7.4772563e-01   2.0435594e-02  -1.1913178e-02   1.1024910e-02
   2.9429482e-01   1.1241751e+00   5.9653072e-01   2.2579029e-02  -1.0864901e-02   1.0811239e-02
   2.4112353e-01   1.2827944e+00   9.4253122e-01   2.4203492e-02  -1.2455620e-02   1.0664774e-02
   2.1645204e-01   1.0647082e+00   6.7455418e-01   2.1160279e-02  -1.1845975e-02   1.1518706e-02
   2.6292505e-01   1.1101326e+00   8.8748892e-01   2.1668005e-02  -1.0195417e-02   1.0650515e-02
   2.2708017e-01   1.0405411e+00   6.5218703e-01   2.0222393e-02  -1.0594927e-02   1.0809734e-02
   2.6580652e-01   1.0294732e+00   9.5506531e-01   1.9506139e-02  -1.0073070e-02   1.0241686e-02
   2.2445263e-01   9.6430401e-01   7.9564885e-01   1.8788659e-02  -1.0990496e-02   1.0716875e-02
   2.8382318e-01   1.0501909e+00   9.2350697e-01   2.0356143e-02  -9.7342028e-03   1.0725778e-02
   2.7925321e-01   1.0220835e+00   6.7758928e-01   2.0459280e-02  -1.0409043e-02   1.1241812e-02
   2.9537447e-01   1.0781000e+00   9.4266600e-01   2.0570018e-02  -1.0246704e-02   1.1377422e-02
   2.6024393e-01   1.0269948e+00   8.9905401e-01   1.9332815e-02  -1.0850933e-02   1.1773195e-02
   3.2420728e-01   1.0466917e+00   6.8725083e-01   2.0293347e-02  -1.0110682e-02   1.2079728e-02
   2.7773890e-01   1.0448069e+00   6.8901836e-01   1.9658201e-02  -1.1405160e-02   1.1788238e-02
   2.7989504e-01   1.1107858e+00   7.4864683e-01   2.1296868e-02  -1.0495406e-02   1.1394294e-02
   2.4096218e-01   1.0272968e+00   7.2995770e-01   2.0342334e-02  -1.1788058e-02   1.1954223e-02
   2.2010543e-01   1.1262279e+00   9.4633407e-01   2.1542530e-02  -1.1654415e-02   1.1734110e-02
   1.3313080e-01   1.0949336e+00   8.6508707e-01   2.1299098e-02  -1.2852782e-02   1.2255660e-02
   1.9036414e-01   1.1020678e+00   7.4411314e-01   2.2942759e-02  -1.0957520e-02   1.0979558e-02
   8.2350437e-02   1.2940911e+00   1.1722740e+00   2.5607673e-02  -1.2276018e-02   1.0968550e-02
   4.5715578e-02   1.0773221e+00   1.1080516e+00   2.1658022e-02  -1.3034124e-02   1.1537471e-02
   8.3403686e-02   1.0841407e+00   8.8177492e-01   2.1590043e-02  -1.1419268e-02   1.0269650e-02
   1.7301170e-01   1.4027104e+00   8.9078319e-01   2.7965214e-02  -1.1183553e-02   1.0245225e-02
   1.3583819e-01   1.2840873e+00   6.8304497e-01   2.4845629e-02  -1.1175359e-02   1.0637765e-02
   1.5175411e-01   1.3951919e+00   7.0362412e-01   2.6919554e-02  -1.2044763e-02   1.1304265e-02
   9.3790937e-02   1.4882595e+00  -4.3895987e-01   2.8751445e-02  -1.5372260e-02   1.4033970e-02
   7.6177417e-02   1.2851709e+00   4.9687697e-02   2.1477955e-02  -1.3689190e-02   1.1268293e-02
   1.1126562e-01   1.2291279e+00   6.1801317e-01   2.1938096e-02  -1.3583105e-02   1.1457000e-02
   9.9474655e-02   1.2029405e+00   5.7297419e-01   2.4223666e-02  -1.3542768e-02   1.1902017e-02
   1.6173846e-01   1.0283597e+00   7.8371230e-01   1.9083639e-02  -1.1040209e-02   1.0139017e-02
   1.2698106e-01   1.1591864e+00   4.8856519e-01   2.2733373e-02  -1.2865168e-02   1.0371840e-02
   1.6903378e-01   1.2427288e+00   6.5000716e-01   2.2473250e-02  -1.1625439e-02   9.4598774e-03
   1.6357422e-01   1.2000879e+00   3.8554460e-01   2.3022868e-02  -1.2508632e-02   1.0212297e-02
   2.3887483e-01   1.2649435e+00   9.3361317e-01   2.2994546e-02  -1.1121877e-02   9.6061582e-03
   2.4526203e-01   1.5872828e+00   5.8621858e-01   3.2640947e-02  -7.2017673e-03   6.4240213e-03
   2.1727419e-01   1.1524610e+00   6.8932902e-01   2.5070597e-02  -6.9364570e-03   7.1712743e-03
   1.9947150e-01   1.1553349e+00   5.6127791e-01   2.2864625e-02  -7.8331910e-03   7.4859575e-03
   1.8564949e-01   1.2624445e+00   5.4189740e-01   2.3390062e-02  -8.3395464e-03   7.4447286e-03
   1.5379202e-01   1.3135363e+00   3.2963686e-01   2.4135430e-02  -9.8677505e-03   7.5695969e-03
   1.5247643e-01   1.3328171e+00   3.1152462e-01   2.3728568e-02  -1.0375971e-02   7.2172250e-03
   1.4599312e-01   1.3431877e+00   3.1679644e-01   2.3755797e-02  -1.0793445e-02   6.9520462e-03
   1.2750104e-01   1.3215718e+00   2.9085306e-01   2.3375574e-02  -1.1506954e-02   6.9081356e-03
   1.2378137e-01   1.2163242e+00   4.5043112e-01   2.1992383e-02  -1.2056856e-02   7.2126676e-03
   1.7006289e-01   1.3224876e+00   5.6540932e-01   2.4610643e-02  -1.0349065e-02   6.9179810e-03
   1.4772704e-01   1.1795886e+00   3.9618406e-01   2.2674582e-02  -1.1046166e-02   6.8897189e-03
   1.4011611e-01   1.2583769e+00   6.2833936e-01   2.2953288e-02  -1.0155971e-02   6.3715408e-03
   6.5533712e-02   1.1737279e+00   4.1072172e-01   2.2211119e-02  -1.2351596e-02   7.5801308e-03
   1.6301594e-01   1.2559582e+00   5.8051358e-01   2.2892619e-02  -1.0938072e-02   6.9648038e-03
   1.1981003e-01   1.2234795e+00   3.9406204e-01   2.2910324e-02  -1.1562227e-02   7.0960507e-03
   1.5784275e-01   1.2391689e+00   6.1928645e-01   2.2328735e-02  -1.0633435e-02   6.7376860e-03
   1.4331722e-01   4.8799970e-01   6.7036761e-01   1.0220865e-02  -1.0983155e-02   5.5304354e-03
   2.2413037e-02   1.1362304e+00   7.1340849e-01   2.2909797e-02  -1.2050622e-02   8.0224166e-03
   7.7007214e-02   1.3644824e+00   6.9733442e-01   2.5370249e-02  -1.1455464e-02   6.4505284e-03
   1.1581120e-01   1.4076648e+00   5.4560986e-01   2.7459584e-02  -1.1981661e-02   5.7903462e-03
   2.1827198e-01   1.0084522e+00   1.8097899e-01   2.1010413e-02  -1.0951119e-02   6.0955397e-03
   3.1057702e-01   7.7605593e-01  -3.7886198e-02   1.4353595e-02  -9.3758638e-03   5.1233130e-03
   2.5490301e-01   1.0136782e+00  -7.5752035e-02   1.8162532e-02  -1.0462691e-02   5.7706918e-03
   2.1891660e-01   1.0786867e+00   7.9354125e-02   1.8037391e-02  -1.0535113e-02   4.7652241e-03
   1.6177759e-01   1.0641107e+00   2.8817260e-01   1.9570528e-02  -1.1718049e-02   5.1276073e-03
   1.4685079e-01   1.0997163e+00   2.9518848e-01   2.0265729e-02  -1.1467631e-02   5.1990966e-03
   9.8403343e-02   1.0705275e+00   4.6060919e-01   1.9360178e-02  -1.2562231e-02   5.2748470e-03
   8.5713292e-02   1.0738865e+00   4.9900932e-01   1.9976143e-02  -1.1947226e-02   5.2573376e-03
   1.0152639e-01   9.9685332e-01   5.6188754e-01   1.8303987e-02  -1.2459837e-02   5.3612293e-03
   6.0521981e-02   9.8181310e-01   5.8003856e-01   1.9012352e-02  -1.1980570e-02   4.7647431e-03
  -1.5164093e-02   9.5956761e-01   6.7783153e-01   1.7911174e-02  -1.2850262e-02   6.4232140e-03
  -1.9457288e-01   1.3697870e+00   5.9992627e-01   2.9538594e-02  -1.5078222e-02   1.1562345e-02
  -1.9999966e-01   1.3547654e+00   1.1133369e+00   2.5528978e-02  -1.4324023e-02   8.6222202e-03
  -2.9310170e-01   1.0694337e+00   1.0112996e+00   2.0407037e-02  -1.6098789e-02   7.6623884e-03
  -2.6083077e-01   1.1273685e+00   9.3697964e-01   2.2851038e-02  -1.4862580e-02   6.9046881e-03
  -2.4556167e-01   1.1693052e+00   8.8276592e-01   2.3282142e-02  -1.5904981e-02   7.6973410e-03
  -1.7140559e-01   1.1764796e+00   8.5753039e-01   2.3713027e-02  -1.4559653e-02   7.0260881e-03
  -2.3021400e-01   1.4177955e+00   8.3577961e-01   2.8163915e-02  -1.6326408e-02   9.0609433e-03
  -2.1945649e-01   1.3435395e+00   8.2879997e-01   2.6615733e-02  -1.5086762e-02   7.6029470e-03
  -2.0187251e-01   1.2916190e+00   8.1508193e-01   2.5081715e-02  -1.5372616e-02   7.7372547e-03
  -1.9766027e-01   1.3408832e+00   8.3246220e-01   2.5992970e-02  -1.5104138e-02   7.7570541e-03
  -1.5822869e-01   1.4013969e+00   1.1109794e+00   2.7623161e-02  -1.5516463e-02   6.5842665e-03
  -5.9233548e-03   8.9782313e-01   9.4279305e-01   2.2796000e-02  -1.3524281e-02   7.0724800e-03
   2.2643744e-01   4.3275175e-01   9.1433784e-01   1.2737645e-02  -9.7926077e-03   4.5628499e-03
   7.1545948e-02   8.5042156e-01   8.7584795e-01   1.8711242e-02  -9.9115027e-03   4.3586166e-03
   4.8920000e-02   1.1186034e+00   1.0865944e+00   2.2338417e-02  -1.0863448e-02   5.4610542e-03
  -2.4437136e-02   1.0297012e+00   1.0164175e+00   2.1660481e-02  -1.1429248e-02   5.4034066e-03
  -5.8008200e-02   1.1212946e+00   1.2740321e+00   2.2365180e-02  -1.2371754e-02   5.2696185e-03
  -6.2737690e-02   1.0060522e+00   1.0878735e+00   2.1659764e-02  -1.1998676e-02   5.6584005e-03
  -5.1742460e-02   1.0379066e+00   9.7863411e-01   2.1297141e-02  -1.2140683e-02   5.7545194e-03
  -6.2007694e-02   1.2066006e+00   9.4114388e-01   2.5101074e-02  -1.3642405e-02   6.2760457e-03
  -5.5927458e-02   1.1873869e+00   9.3137089e-01   2.4175123e-02  -1.2563840e-02   5.2339479e-03
  -7.4993230e-02   1.1399517e+00   8.1055575e-01   2.2832598e-02  -1.3298949e-02   5.3799333e-03
  -1.3155953e-01   1.0407683e+00   9.4226426e-01   2.1218392e-02  -1.4799639e-02   5.8231696e-03
  -1.0277021e-01   1.0331579e+00   1.2158730e+00   2.1192460e-02  -1.3680160e-02   5.4383115e-03
  -8.9145488e-02   9.6415721e-01   9.1987175e-01   1.9900367e-02  -1.3759213e-02   5.4760014e-03
  -8.6462821e-02   9.7439408e-01   1.3367760e+00   1.9994201e-02  -1.3084776e-02   4.9224093e-03
  -1.1015665e-01   8.9714632e-01   9.8437573e-01   1.9127664e-02  -1.3781882e-02   5.4864306e-03
  -1.0807617e-01   9.6069943e-01   1.2464394e+00   1.9343425e-02  -1.3658273e-02   5.2054159e-03
  -9.7630376e-02   8.9470370e-01   1.0162642e+00   1.9203377e-02  -1.3371949e-02   5.2198699e-03
  -8.7169286e-02   9.7825801e-01   1.1010601e+00   1.9125707e-02  -1.3265120e-02   4.9769332e-03
  -6.5205650e-02   8.0150516e-01   8.3432095e-01   1.6982611e-02  -1.2997413e-02   4.8339136e-03
  -9.0529932e-02   8.4455373e-01   8.3251233e-01   1.5525806e-02  -1.3143800e-02   4.6932245e-03
  -7.7364839e-02   9.2374101e-01   1.0672101e+00   1.7571721e-02  -1.2200050e-02   4.2860091e-03
  -1.8476706e-01   7.5202317e-01   8.3341916e-01   1.5477340e-02  -1.4096516e-02   5.5716155e-03
  -8.6141072e-02   8.3185873e-01   1.2346140e+00   1.6236830e-02  -1.2307646e-02   4.6007356e-03
  -1.3988012e-01   7.3583401e-01   7.9942928e-01   1.4941067e-02  -1.3439971e-02   5.0272756e-03
  -9.0887893e-02   8.8604091e-01   1.0060784e+00   1.6994671e-02  -1.2763873e-02   4.4623619e-03
  -1.5898570e-01   9.0131795e-01   6.9934157e-01   1.6961820e-02  -1.3405064e-02   4.3440268e-03
  -1.5105381e-01   7.6712923e-01   1.0936999e+00   1.5016226e-02  -1.3213604e-02   3.7685768e-03
  -1.6669903e-01   7.6634298e-01   8.1140532e-01   1.5978286e-02  -1.3646833e-02   4.0314867e-03
  -1.2225548e-01   8.5589443e-01   1.0194323e+00   1.6513158e-02  -1.3876389e-02   3.8142547e-03
  -1.2405988e-01   7.7351310e-01   8.1095076e-01   1.6215470e-02  -1.3532680e-02   3.9985955e-03
  -2.1411775e-01   7.2614655e-01   1.0014551e+00   1.4747488e-02  -1.6118267e-02   4.6341188e-03
  -1.5469849e-01   8.0009337e-01   1.0116399e+00   1.6357089e-02  -1.3865007e-02   3.2803550e-03
  -2.3289219e-01   7.8979082e-01   8.7066689e-01   1.5951478e-02  -1.5928987e-02   3.9713804e-03
  -2.2879254e-01   8.1430515e-01   1.1235173e+00   1.6071392e-02  -1.5075821e-02   3.4537795e-03
  -2.5084686e-01   7.6069063e-01   8.4402914e-01   1.5239133e-02  -1.5987032e-02   3.8050592e-03
  -2.1104319e-01   8.2857078e-01   1.0929138e+00   1.6226241e-02  -1.4805264e-02   3.1631827e-03
  -2.7344013e-01   8.8041527e-01   8.3365813e-01   1.7561673e-02  -1.6742019e-02   4.4275206e-03
  -2.0442228e-01   9.9327026e-01   1.1032490e+00   1.9865712e-02  -1.4960338e-02   3.5615184e-03
  -2.3905771e-01   8.5009936e-01   8.0776714e-01   1.7299684e-02  -1.5702999e-02   3.9193216e-03
  -2.6668459e-01   8.2356885e-01   8.5776451e-01   1.5999392e-02  -1.6279426e-02   4.3790035e-03
  -2.5630087e-01   9.1469270e-01   9.6410252e-01   1.7936819e-02  -1.5812440e-02   4.2349083e-03
  -2.6697263e-01   8.5017079e-01   8.1147160e-01   1.6577600e-02  -1.6250226e-02   4.7445720e-03
  -2.4857004e-01   8.8498040e-01   9.9603854e-01   1.6983892e-02  -1.5859744e-02   4.3071493e-03
  -2.6023158e-01   8.5514134e-01   9.3938279e-01   1.7540393e-02  -1.6995021e-02   4.6250649e-03
  -2.0663138e-01   9.7050016e-01   1.2758158e+00   1.8981513e-02  -1.4909832e-02   2.2567740e-03
  -4.0665213e-02   8.6380610e-01   1.1678200e+00   2.1387059e-02  -1.0783544e-02   1.1814800e-03
   2.1335306e-02   6.7743108e-01   8.6169817e-01   1.2750993e-02  -6.3546402e-03   4.4034585e-03
   1.4970286e-03   6.1471319e-01   6.5451966e-01   1.3556143e-02  -8.1312765e-03   3.7507473e-03
  -1.1212546e-01   7.9108534e-01   5.6772474e-01   1.4335096e-02  -1.0742322e-02   4.4264860e-03
  -7.3937387e-02   8.8326201e-01   1.1807542e+00   1.7079006e-02  -8.9851855e-03   3.8600212e-03
  -1.2288937e-01   7.7835965e-01   9.0254161e-01   1.5316400e-02  -9.9982780e-03   4.1013767e-03
  -1.4951669e-01   7.7860262e-01   8.8675205e-01   1.4810578e-02  -1.0322578e-02   4.2251286e-03
  -2.1530869e-01   7.1013405e-01   1.2063400e+00   1.3853831e-02  -1.3333761e-02   5.0781756e-03
  -1.9967908e-01   6.8800869e-01   1.0853853e+00   1.4440055e-02  -1.2478623e-02   4.6590166e-03
  -2.3504363e-01   7.2077440e-01   8.8256656e-01   1.4141602e-02  -1.3273052e-02   4.9573956e-03
  -3.0245220e-01   7.0882288e-01   1.0448881e+00   1.4173522e-02  -1.4891860e-02   5.5721817e-03
  -2.5673304e-01   7.4440463e-01   1.0871919e+00   1.4915368e-02  -1.3605397e-02   5.0032528e-03
  -2.8087205e-01   6.8952965e-01   8.2973446e-01   1.3667288e-02  -1.4291171e-02   5.3072446e-03
  -2.3453003e-01   8.7397886e-01   1.2077890e+00   1.7030372e-02  -1.3036667e-02   4.9239937e-03
  -2.3704211e-01   7.6947138e-01   8.9314494e-01   1.6249008e-02  -1.2630464e-02   4.7897708e-03
  -2.0509731e-01   8.8018712e-01   1.2456871e+00   1.8319987e-02  -1.1392246e-02   4.7064409e-03
  -2.2501765e-01   7.5577214e-01   9.3737681e-01   1.5084933e-02  -1.1120005e-02   5.0693932e-03
  -2.6818172e-01   7.3584844e-01   1.1936111e+00   1.4307988e-02  -1.2833081e-02   5.5848564e-03
  -2.4558060e-01   7.1881564e-01   9.8425973e-01   1.4688899e-02  -1.2000034e-02   5.2568954e-03
  -3.0510662e-01   8.3932410e-01   1.0530467e+00   1.7009355e-02  -1.4140861e-02   6.4473249e-03
  -2.7444331e-01   9.3949772e-01   1.1907042e+00   2.0799872e-02  -1.3399042e-02   4.5744200e-03
  -1.8596876e-01   1.0459145e+00   1.1786393e+00   2.3445114e-02  -1.2394109e-02   3.3994444e-03
  -6.4942031e-02   6.2233736e-01   1.0497354e+00   1.3123282e-02  -8.6424719e-03   4.9386155e-03
  -6.8373590e-02   4.8570070e-01   8.9349917e-01   1.1426681e-02  -9.0333334e-03   4.9951266e-03
  -1.3978545e-01   8.0556577e-01   9.8891519e-01   1.6522758e-02  -1.0271397e-02   5.0987937e-03
  -1.7334449e-01   8.8878658e-01   1.1599499e+00   1.7121785e-02  -1.1163522e-02   5.4040963e-03
  -2.9259999e-01   8.7520965e-01   7.7323469e-01   1.7097616e-02  -1.4471765e-02   6.6810435e-03
  -2.8756611e-01   9.6882454e-01   1.1631455e+00   1.8214461e-02  -1.3145510e-02   5.4855889e-03
  -3.0872357e-01   8.6772720e-01   8.1693778e-01   1.7009942e-02  -1.4184151e-02   5.5881417e-03
  -2.5171653e-01   7.0076311e-01   1.1316854e+00   1.4897769e-02  -1.2544521e-02   4.7914791e-03
  -1.9208963e-01   7.7210858e-01   7.3581662e-01   1.5954846e-02  -1.2269346e-02   5.2158113e-03
  -2.4760261e-01   8.2498053e-01   7.1303718e-01   1.4742662e-02  -1.3260348e-02   5.2684587e-03
  -2.7171222e-01   8.1559270e-01   5.9629940e-01   1.4379735e-02  -1.3670972e-02   5.2526557e-03
  -2.9847010e-01   7.8785046e-01   6.0660092e-01   1.3832875e-02  -1.4048247e-02   5.1789994e-03
  -2.8676278e-01   8.2212318e-01   1.1676290e+00   1.5114716e-02  -1.3032318e-02   4.7904017e-03
  -2.4817327e-01   7.2267317e-01   7.5998032e-01   1.4962061e-02  -1.2254380e-02   4.8640151e-03
  -2.6599413e-01   6.3320122e-01   1.5261531e+00   1.3125056e-02  -1.2001861e-02   4.5287120e-03
  -2.4931006e-01   5.0099486e-01   1.0907628e+00   9.9909494e-03  -1.1509978e-02   5.0330734e-03
  -2.6825260e-01   6.5794498e-01   1.3590192e+00   1.2628728e-02  -1.4448016e-02   5.9810641e-03
  -1.7874037e-01   5.5316558e-01   1.0291631e+00   1.1555908e-02  -1.1925277e-02   5.6827810e-03
  -3.0683191e-01   6.4765192e-01   1.0686496e+00   1.2768616e-02  -1.5291123e-02   6.7645041e-03
  -3.5724338e-01   6.9781582e-01   1.3840115e+00   1.3590737e-02  -1.5711148e-02   6.2105952e-03
  -3.7218565e-01   5.9439716e-01   1.2220500e+00   1.2258489e-02  -1.5989882e-02   6.0461752e-03
  -3.7294126e-01   6.3427023e-01   1.2740906e+00   1.2450398e-02  -1.6260634e-02   6.0257073e-03
  -4.2269506e-01   6.4400937e-01   1.1401650e+00   1.3018986e-02  -1.7463690e-02   6.4693855e-03
  -4.4638320e-01   6.4760088e-01   1.1996707e+00   1.3133936e-02  -1.8928542e-02   7.6069204e-03
  -3.9644623e-01   6.8083375e-01   1.3775279e+00   1.4117246e-02  -1.7631665e-02   6.4412511e-03
  -4.0303917e-01   6.3615449e-01   1.2175926e+00   1.3360505e-02  -1.7505886e-02   6.8942374e-03
  -3.6456730e-01   7.0019469e-01   1.4096881e+00   1.4362955e-02  -1.7627283e-02   7.2086889e-03
  -3.4798202e-01   8.0068711e-01   1.0930571e+00   1.8663374e-02  -1.7246506e-02   7.9165857e-03
  -2.9291742e-01   1.0698335e+00   1.3708429e+00   2.2533539e-02  -1.7081900e-02   8.1219862e-03
  -2.8263283e-01   8.9211311e-01   9.7490989e-01   1.9793609e-02  -1.6793676e-02   8.6647624e-03
  -3.0018864e-01   9.8941066e-01   1.0992292e+00   2.0478451e-02  -1.8445658e-02   9.3211323e-03
  -3.1062746e-01   9.3560204e-01   1.2116089e+00   1.9892247e-02  -1.7448272e-02   8.6204532e-03
  -2.9203866e-01   9.1191107e-01   1.1465684e+00   1.9357649e-02  -1.7345875e-02   8.9484860e-03
  -2.4672571e-01   8.9151040e-01   1.3313301e+00   1.9220217e-02  -1.6477077e-02   8.1723745e-03
  -3.0819097e-01   8.6202904e-01   1.3190277e+00   1.9803283e-02  -1.7974553e-02   9.3952611e-03
  -2.1845424e-01   8.7127471e-01   1.0193008e+00   1.9754419e-02  -1.5909175e-02   8.4941212e-03
  -2.4972817e-01   8.9835332e-01   1.0720829e+00   1.8700491e-02  -1.7106948e-02   9.0022855e-03
  -2.5378302e-01   9.1446373e-01   1.3269821e+00   1.9236094e-02  -1.7103171e-02   8.6757763e-03
  -2.1617950e-01   8.8498166e-01   8.0269620e-01   1.8640086e-02  -1.7984355e-02   9.0825167e-03
  -2.3014880e-01   8.9128098e-01   1.3162798e+00   1.7637545e-02  -1.6120821e-02   7.5671603e-03
  -2.3248338e-01   7.2041965e-01   1.1346578e+00   1.5176364e-02  -1.6582108e-02   7.5008490e-03
  -2.3286241e-01   8.0535510e-01   1.3060991e+00   1.6361513e-02  -1.6507584e-02   7.8850435e-03
  -2.1422564e-01   8.1673376e-01   1.2277507e+00   1.8012525e-02  -1.5781134e-02   7.7432598e-03
  -2.6032152e-01   9.3043937e-01   1.0691560e+00   2.1001310e-02  -1.7409633e-02   8.9818537e-03
  -2.1312984e-01   9.3391434e-01   1.1986335e+00   1.9587584e-02  -1.6086002e-02   8.1057030e-03
  -2.3110848e-01   8.8265918e-01   1.0106586e+00   1.8632790e-02  -1.6533524e-02   8.4183785e-03
  -1.1130123e-01   9.6017546e-01   1.3760933e+00   1.9820309e-02  -1.4911357e-02   7.7546131e-03
  -2.0129382e-01   9.3110759e-01   9.8701540e-01   2.0062871e-02  -1.5801253e-02   7.8515055e-03
  -9.4452093e-02   1.0261279e+00   1.3274104e+00   2.1774976e-02  -1.4490171e-02   7.3778878e-03
  -2.0430963e-01   9.2055351e-01   9.2569139e-01   1.9302383e-02  -1.5602369e-02   8.0476096e-03
  -2.0032325e-01   9.3925170e-01   1.2795958e+00   1.9283931e-02  -1.5314779e-02   7.9823278e-03
  -1.9772008e-01   8.8895549e-01   1.0585815e+00   1.9413273e-02  -1.5298887e-02   8.1462298e-03
  -2.0131801e-01   9.1343657e-01   9.4173724e-01   1.8856620e-02  -1.5650991e-02   8.3188200e-03
  -1.7384772e-01   9.4391958e-01   1.2896819e+00   1.9390593e-02  -1.4935209e-02   7.4263611e-03
  -1.8096909e-01   8.9384725e-01   1.0783428e+00   1.9444963e-02  -1.5263552e-02   7.9457156e-03
  -2.3753082e-01   1.1259226e+00   1.0842694e+00   2.5502735e-02  -1.6129327e-02   7.5350187e-03
  -2.1301497e-01   1.0637405e+00   1.1603132e+00   2.2457830e-02  -1.5662675e-02   7.2742159e-03
  -2.5589377e-01   9.1896325e-01   1.0772172e+00   1.9665918e-02  -1.5935611e-02   7.7910905e-03
  -1.8833984e-01   9.9952844e-01   1.2478496e+00   2.0976140e-02  -1.4771799e-02   7.2468613e-03
  -1.0757305e-01   8.9551007e-01   1.8491015e-01   1.9874405e-02  -1.3472755e-02   6.8862684e-03
  -5.0408861e-02   7.7098005e-01   1.2900922e+00   1.5034740e-02  -1.1258302e-02   5.6670786e-03
  -1.6696822e-02   7.7748961e-01   1.4214101e+00   1.6332851e-02  -1.0761257e-02   6.0480786e-03
  -1.3164314e-01   8.4008005e-01   1.2918525e+00   1.7262103e-02  -1.2630067e-02   6.7558356e-03
  -1.2519496e-01   8.7398912e-01   1.3552480e+00   1.8234898e-02  -1.2799505e-02   6.7535897e-03
  -1.3797338e-01   8.3011342e-01   1.1683949e+00   1.7339045e-02  -1.3612385e-02   7.1130109e-03
  -1.5122445e-01   9.6032963e-01   1.2756240e+00   1.9399298e-02  -1.4479867e-02   7.5766619e-03
  -1.8455863e-01   8.5769811e-01   1.2388823e+00   1.8125046e-02  -1.4326437e-02   7.4666329e-03
  -1.9797879e-01   8.9502652e-01   1.2038256e+00   1.8299644e-02  -1.5121572e-02   7.6631447e-03
  -1.8711789e-01   9.3906104e-01   1.2675438e+00   1.8962809e-02  -1.4859273e-02   7.5184379e-03
  -1.7388126e-01   9.5162370e-01   1.1072651e+00   1.9686690e-02  -1.4453502e-02   7.5202180e-03
   1.1820153e-01   7.6096285e-01   1.3434203e+00   1.8493086e-02  -9.4817697e-03   5.0206874e-03
  -5.2459287e-03   4.0940519e-01   8.0959951e-01   8.7192217e-03  -1.0538539e-02   5.5905005e-03
  -4.9438214e-03   8.0155807e-01   1.2154265e+00   1.4218554e-02  -1.0136643e-02   5.2290261e-03
  -3.3089709e-02   1.0616927e+00   1.2861134e+00   2.2638256e-02  -1.1889355e-02   2.6206572e-03
  -1.4030705e-01   1.3660551e+00   1.2192629e+00   3.2279759e-02  -1.0942080e-02   1.1925235e-03
  -1.2228897e-02   6.9453249e-01   1.1333421e+00   1.7272367e-02  -6.5309378e-03   3.9123157e-03
   1.0170993e-01   7.9727439e-01   1.0413674e+00   1.6643918e-02  -5.6465531e-03   4.7145330e-03
   8.7886846e-02   8.1379082e-01   1.1714463e+00   1.5735429e-02  -5.3917636e-03   4.5835307e-03
