   0.0000000e+00   0.0000000e+00   0.0000000e+00   0.0000000e+00   0.0000000e+00   0.0000000e+00
  -6.6252565e-03  -1.5621196e-02   1.3517355e-01  -9.6691572e-04   2.1377452e-04  -1.1058929e-04
  -2.9210640e-03   3.2784021e-02   1.9455106e-01   3.9281910e-04   8.2508238e-05   3.3980080e-04
   1.5434270e-03  -6.0685001e-03   1.8525496e-01  -2.1356113e-04  -2.3524386e-05   3.9899034e-04
   3.4293339e-03   7.5577799e-02   2.1578195e-01   2.1600809e-03   2.9567943e-04   1.5171340e-04
  -8.0654903e-03   4.0946375e-02   2.5629197e-01   1.7996878e-03  -7.2390660e-05   1.6393939e-05
  -4.2265277e-04   6.4754056e-02   2.3547494e-01   3.1278108e-03   3.6893133e-04  -4.9218758e-04
  -2.7733262e-03   1.5190543e-01   3.3120879e-01   4.2600722e-03   3.4227009e-04  -7.6035897e-08
   3.2685825e-03   8.8557468e-02   2.6338966e-01   4.4732556e-03   3.8051720e-04   1.2808437e-04
   8.1486965e-03   1.0337455e-01   2.5384313e-01   4.8801969e-03   7.8585692e-04   1.6112130e-04
   1.1415437e-02   1.2032035e-01   3.1604724e-01   5.0782476e-03   7.3562123e-04   7.7018021e-05
   3.0624590e-02   1.0999948e-01   3.4678748e-01   4.8293002e-03   1.1288613e-03   3.8359193e-04
   4.6448773e-02   1.1688286e-01   3.1175947e-01   5.6907066e-03   1.4675216e-03   5.8960751e-04
   3.9983530e-02   9.3514478e-02   3.5787751e-01   4.1052520e-03   1.3567708e-03   2.0201231e-04
   2.3333019e-02   1.5466908e-01   3.7939416e-01   5.5170876e-03   1.3191901e-03   1.7144084e-04
   1.9035399e-02   9.6559845e-02   4.4451029e-01   4.3826323e-03   1.1772897e-03   1.6322299e-04
   3.2274641e-02   1.1786939e-01   4.2930202e-01   4.9269462e-03   1.6636486e-03   6.6910178e-04
   3.1156304e-02   7.2056264e-02   4.9396805e-01   3.8967285e-03   1.3428778e-03   6.6798739e-04
   4.9356824e-02   1.2289225e-01   4.8916074e-01   5.4288105e-03   1.9140135e-03   6.2222094e-04
   3.6890430e-02   9.4981739e-02   5.3595623e-01   5.1457503e-03   1.5102859e-03   7.1041646e-04
   5.6451898e-02   8.5817429e-02   5.2073703e-01   5.0321501e-03   1.9089522e-03   8.3780335e-04
   2.7329797e-02   1.8561546e-01   6.1949142e-01   5.8390190e-03   1.5896847e-03   7.9838320e-04
   5.2807905e-02   3.1998360e-02   5.3515865e-01   5.0533714e-03   1.9692398e-03   9.2231666e-04
   5.6285774e-02   1.9317543e-01   5.9378044e-01   6.9138624e-03   1.9078837e-03   1.3207940e-03
   2.0438732e-02  -2.2837223e-02   6.1492645e-01   9.5955806e-04   2.4488863e-03   9.3322305e-05
   4.3654854e-02   3.2295337e-02   5.5439846e-01   2.9602001e-03   2.5854831e-03   8.2520497e-04
   2.2589464e-02   5.6289073e-02   6.3002783e-01   2.6158422e-03   1.9522040e-03   1.0258734e-03
   4.0774555e-02   4.6965088e-02   5.0726634e-01   3.6683118e-03   2.4531478e-03   9.9248802e-04
   2.2101916e-02   1.0932691e-01   6.7467327e-01   3.3722683e-03   2.4881354e-03   5.5781658e-04
   3.8324598e-02   2.5604126e-02   4.9353559e-01   3.3354891e-03   2.4561063e-03   1.0339174e-03
   4.6916469e-02   1.2791297e-01   5.3422192e-01   4.7906753e-03   2.4237960e-03   1.0888068e-03
   4.7614325e-02   1.0672637e-01   5.6997501e-01   4.1645658e-03   2.2825306e-03   9.4059323e-04
   5.7665291e-02   1.1211522e-01   5.5735374e-01   5.3458539e-03   2.1867825e-03   1.4361043e-03
   6.4154019e-02   7.7207094e-02   5.5882476e-01   4.5839616e-03   2.3401528e-03   1.4336785e-03
   6.7969296e-02   1.5099863e-01   5.9871589e-01   5.7380002e-03   2.5603706e-03   1.3606898e-03
   7.4722928e-02   5.3770771e-02   5.6146396e-01   4.5205533e-03   2.6230412e-03   1.4341380e-03
   6.6207544e-02   1.5552141e-01   6.0387963e-01   6.1378616e-03   2.4484793e-03   1.7342761e-03
   6.8970233e-02   8.3669386e-02   5.9665056e-01   5.6791260e-03   2.4418099e-03   1.2648325e-03
   7.7169652e-02   9.1867389e-02   5.8245726e-01   5.7449092e-03   2.5082863e-03   1.6207174e-03
   6.6410864e-02   1.7665015e-01   6.7286728e-01   7.0848591e-03   2.5058593e-03   1.2708994e-03
   7.4248472e-02   6.0599328e-02   6.3932958e-01   5.6317456e-03   2.4616649e-03   1.7782047e-03
   8.9173823e-02   1.1549757e-01   6.2270443e-01   6.4009995e-03   3.0213261e-03   1.5914182e-03
   6.3739300e-02   9.6939556e-02   6.4630466e-01   5.6999733e-03   2.4072169e-03   1.6865040e-03
   6.2969195e-02   9.3640231e-02   6.5060935e-01   5.3174549e-03   2.3815714e-03   1.5745653e-03
   6.8334468e-02   1.0042662e-01   5.9409213e-01   6.2818767e-03   2.6081327e-03   1.6726191e-03
   6.0543554e-02   1.3094118e-01   7.0440602e-01   5.4779487e-03   2.3538720e-03   1.6883409e-03
   7.8695724e-02   1.3520165e-01   5.5687774e-01   7.8308509e-03   2.8174255e-03   1.5584427e-03
   6.3989589e-02   1.3782834e-01   6.7792699e-01   5.8099715e-03   2.2036488e-03   1.7830615e-03
   8.4002347e-02   7.7016203e-02   5.8506955e-01   6.8383402e-03   2.4755473e-03   2.3104104e-03
  -1.0474209e-01  -3.9078526e-01   7.2867466e-01  -1.8108493e-02  -9.0871103e-04  -3.6286504e-03
   3.4937078e-02  -5.2657355e-01   3.2993834e-01  -1.6789515e-02   8.9645340e-04  -7.7715436e-04
   2.0877211e-02  -2.5865627e-01   6.4911483e-01  -1.0169358e-02   5.9956438e-04   9.3927967e-05
   3.6515832e-02  -2.9956677e-01   5.2262167e-01  -7.4287032e-03   5.0280008e-04   1.2783508e-03
   3.0302670e-02  -1.0898614e-01   6.3082582e-01  -3.6396793e-03   6.8504228e-04   1.3041437e-03
   4.1771568e-02  -1.8542643e-01   6.1531606e-01  -3.9369848e-03   3.1224738e-04   2.2787390e-03
   3.7237965e-02  -6.8941159e-02   6.6350982e-01  -1.4602612e-03   3.6346120e-04   2.9132216e-03
   4.5672134e-02  -1.3480960e-01   6.1997044e-01  -1.7954509e-03   3.8102569e-04   3.0086680e-03
   3.8912866e-02  -2.9504947e-02   6.7401825e-01  -1.3643669e-03   4.2256343e-04   2.7364582e-03
   4.2786146e-02  -1.1444319e-01   6.1301062e-01  -1.6472052e-03   3.6575275e-04   2.6497805e-03
   2.5003596e-02  -6.9464631e-03   7.0157370e-01   7.8541181e-05   2.0370417e-04   2.9154890e-03
   3.9397482e-02  -6.7909204e-02   6.7482807e-01  -1.3884545e-05   2.0943443e-04   2.6315324e-03
  -6.8125638e-02  -4.3363670e-01   5.7314387e-01  -1.6837500e-02   7.4593976e-04  -2.3622268e-03
  -3.6565218e-02  -2.8285158e-01   4.2363780e-01  -1.1306239e-02   9.2278897e-04  -1.3121027e-03
  -1.1049227e-02  -2.0591506e-01   5.5135904e-01  -8.0906238e-03   8.4652237e-04  -1.0174530e-03
   2.0539196e-02  -1.6186427e-01   4.6843399e-01  -4.7803723e-03   1.2082839e-03  -1.4612226e-04
  -8.6806985e-03  -8.3046235e-02   6.3289545e-01  -4.3410601e-03   7.7796708e-04   3.6949253e-04
   6.9400850e-03  -1.4471528e-01   4.5289643e-01  -2.8212867e-03   6.4919396e-04   9.1742433e-04
  -7.0338045e-03  -3.5378243e-02   5.7817339e-01  -2.5225062e-03   5.1868360e-04   1.0432857e-03
   1.5510881e-02  -1.0354815e-01   4.1984052e-01  -7.8936031e-04   8.2824400e-04   1.1053889e-03
   4.5286956e-03   2.2267194e-03   5.0411357e-01   1.2231572e-04   5.7040155e-04   9.7316734e-04
  -7.1052003e-03   7.6728186e-03   5.5056945e-01  -5.0522296e-04   2.8449719e-04   1.0741048e-03
   5.6732424e-03  -9.8500044e-03   4.4326147e-01   1.0812059e-03   4.6872005e-04   1.6835686e-03
  -4.9372161e-03   5.0208451e-03   4.9082976e-01   1.1784586e-03   1.0925126e-04   1.4714377e-03
   7.3775083e-03  -9.1051920e-02   5.0785797e-01  -2.1864508e-03   6.5207973e-04   1.4070153e-03
  -1.3945151e-03   8.2672416e-03   4.9708489e-01  -9.5492412e-04   7.5403964e-04   1.4887260e-03
   2.5511009e-02  -9.3510153e-02   4.3553367e-01  -1.1718387e-03   7.4018285e-04   1.9563829e-03
   2.7050925e-02   3.4873842e-02   5.2753132e-01   1.0311412e-04   7.2469302e-04   2.2902844e-03
   1.6667952e-02  -3.1034972e-02   5.6072905e-01  -9.3944016e-04   5.2383597e-04   1.8443077e-03
   3.2628201e-02   1.5802945e-02   3.9974929e-01   1.9139625e-03   1.0238026e-03   1.7168112e-03
   1.6720967e-02   2.8988539e-02   5.9597329e-01   2.2475385e-04   5.4624355e-04   1.9070572e-03
   8.7811004e-03  -8.3621176e-03   4.8926173e-01   1.0593017e-03   7.0472396e-04   1.8824891e-03
   2.4731166e-02  -4.5548246e-03   5.0363016e-01  -1.1016686e-04   5.6555687e-04   1.8602602e-03
   3.9648743e-02   3.3437947e-02   4.6712397e-01   1.1530470e-03   7.3985357e-04   2.2575764e-03
   1.2774671e-02   4.6814164e-02   5.8382804e-01   8.2699388e-04   1.5683955e-04   1.7650821e-03
   2.2314951e-02  -8.8954169e-04   4.1635002e-01   1.8332921e-03   5.0071930e-04   1.7330660e-03
   1.1491462e-02   7.7082666e-02   5.5001219e-01   9.7047719e-04   4.4272769e-05   1.7147785e-03
  -5.9416577e-02  -5.3056146e-01   3.7787039e-01  -2.3301068e-02   7.4524838e-06  -3.7188892e-03
  -8.0643703e-02  -4.1289813e-01  -1.3476027e-01  -1.8261797e-02  -1.0926335e-04  -3.7498958e-03
  -5.9619214e-02  -2.6365876e-01   1.9843835e-01  -1.3956105e-02   5.6210313e-04  -3.4451691e-03
  -5.2792633e-02  -2.7558122e-01   1.2228715e-01  -1.1257213e-02   1.1081434e-03  -2.9343483e-03
  -5.5637672e-02  -1.0643447e-01   3.4011120e-01  -4.9632139e-03   1.6958559e-03  -3.3374861e-03
   1.0455717e-02  -1.5573743e-01   3.0884308e-01  -3.2485174e-03   2.7292190e-03  -2.6987332e-03
   4.1345565e-02  -3.1843085e-03   2.3742711e-01  -1.7941242e-03   2.9083076e-03  -1.5368485e-03
   5.1630568e-02  -8.0052851e-02   8.5908750e-02  -1.6226708e-03   2.9466877e-03  -8.4616123e-04
   8.1190537e-02   4.8500236e-02   1.8799393e-01  -8.1044651e-04   3.4942222e-03  -5.4326036e-04
   7.7742414e-02   3.4087484e-03   1.9648491e-01  -5.8353740e-04   3.1368175e-03  -7.8909599e-05
   1.0151081e-01   4.9634589e-02   2.3808469e-01   5.8725113e-04   3.5012893e-03   6.7284485e-04
   1.1098114e-01  -5.9070543e-04   2.3979161e-01   2.7484563e-04   3.4543009e-03   3.9665391e-04
   1.1459258e-01   2.3412202e-02   1.7451990e-01   9.1008679e-04   3.3658659e-03   7.1922599e-04
   8.8918168e-02   1.0232413e-01   3.0895702e-01   1.4158113e-03   3.6628833e-03   2.3981648e-04
   1.1932910e-01   5.6747946e-03   1.4082800e-01   1.8873033e-03   3.4912124e-03   1.0191946e-03
   1.2043776e-01   1.2569902e-01   3.0074951e-01   1.9815401e-03   3.5850264e-03   8.4209882e-04
   1.6458923e-01   1.9445854e-02   1.3924931e-01   3.3106778e-03   4.3161640e-03   1.3204740e-03
   1.5818407e-01   8.3806322e-02   3.2291118e-01   1.4147883e-03   4.4695885e-03   1.1598987e-03
   1.6730595e-01   1.7382368e-02   1.8684707e-01   2.6273149e-03   4.3178500e-03   1.7022659e-03
   1.5573383e-01   8.4721975e-02   2.9613902e-01   2.7288213e-03   4.5123342e-03   1.8307029e-03
   1.5355545e-01   2.4201816e-02   3.3871744e-01   8.2041140e-04   4.1060633e-03   1.6237680e-03
   1.7624429e-01   5.6142541e-02   2.6337540e-01   2.6600101e-03   4.3033948e-03   2.1880236e-03
   1.7363724e-01   3.5471404e-02   3.2396536e-01   1.5783600e-03   4.6019733e-03   1.8935135e-03
   1.7767646e-01   6.0535664e-02   3.4766029e-01   2.0723861e-03   4.9807808e-03   1.8072779e-03
   1.7244935e-01   3.6661658e-02   3.7574365e-01   1.9857509e-03   4.6058714e-03   1.6823084e-03
   1.8237567e-01   2.9289034e-02   2.8996969e-01   2.6176869e-03   4.7616372e-03   1.9123168e-03
   1.5901012e-01   1.2442088e-01   3.8643082e-01   3.5571682e-03   4.6485395e-03   1.4385942e-03
   1.7402458e-01  -1.0784327e-02   2.6666486e-01   2.4250026e-03   4.8213672e-03   1.4117364e-03
   1.4311671e-01   1.2561275e-01   4.2112800e-01   2.2839664e-03   4.3262945e-03   1.0692855e-03
   1.5691568e-01  -1.7210986e-02   3.2419272e-01   2.0453226e-03   4.8156857e-03   1.0021215e-03
   1.5203125e-01   1.0132467e-01   4.0405597e-01   2.9151223e-03   4.4978822e-03   1.1358466e-03
   1.3788001e-01   3.6060094e-02   3.2379366e-01   3.1000244e-03   4.2194407e-03   1.3872991e-03
   1.5315605e-01   8.1825409e-02   3.6481322e-01   3.6176373e-03   4.9374174e-03   1.2153757e-03
   1.5698884e-01   3.4526069e-02   4.0644116e-01   2.3177848e-03   4.8120928e-03   1.2888974e-03
   1.8128273e-01   6.5378031e-02   3.5934023e-01   4.1846130e-03   5.4921041e-03   1.1686609e-03
   1.5161790e-01   1.3513849e-01   5.2595017e-01   3.9061248e-03   4.6054574e-03   1.8134920e-03
   1.7747636e-01   2.2198748e-02   3.8081311e-01   4.3529955e-03   5.6785692e-03   1.9457532e-03
   1.4140479e-01   1.9529324e-01   4.7664719e-01   6.5144244e-03   3.9526637e-03   1.3231522e-03
   1.4899504e-01   7.2550981e-02   2.1837125e-01   5.2837475e-03   4.7680085e-03   8.4264867e-04
   1.1935058e-01   1.8773569e-01   2.8238717e-01   6.0999667e-03   5.1679848e-03   5.3450475e-04
   1.1437426e-01   1.9191965e-01   2.2415951e-01   8.9614718e-03   5.1094104e-03   4.7700876e-04
   1.3063555e-01   2.5273884e-01   3.9520198e-01   7.9751215e-03   5.0328550e-03   9.5047543e-04
   1.5400837e-01   1.3494039e-01   2.1955720e-01   8.2774571e-03   5.2307285e-03   1.3867698e-03
   1.4787283e-01   2.7912130e-01   4.3525378e-01   7.8622164e-03   5.3213193e-03   6.0348068e-04
   1.7604129e-01   1.2745713e-01   2.1798966e-01   7.8695861e-03   6.2450329e-03   8.2674460e-04
   1.6502516e-01   2.5247574e-01   3.9756084e-01   7.3700870e-03   6.0723272e-03   7.1226978e-04
   1.8013231e-01   1.3898743e-01   2.4653406e-01   7.6074305e-03   6.3315669e-03   1.0595372e-03
   1.7724915e-01   2.4825213e-01   4.4440290e-01   7.9473355e-03   6.0908220e-03   1.1408579e-03
   2.0823126e-01  -4.0294032e-02   2.3809005e-01   1.2731848e-05   7.0561041e-03   9.6112703e-04
   1.8853186e-01   1.2176894e-01   3.2351706e-01   3.5545421e-03   6.7550030e-03   9.8115951e-04
   1.9755528e-01   6.4490945e-02   3.2179042e-01   3.7451460e-03   6.3944813e-03   1.8184795e-03
   1.8528775e-01   1.3589107e-01   4.5663793e-01   4.3296154e-03   6.0784550e-03   2.0896843e-03
   1.6901962e-01   9.6421909e-02   3.8906397e-01   4.5156641e-03   6.1007211e-03   1.8910518e-03
   1.7688698e-01   1.0556510e-01   3.5505485e-01   5.5556377e-03   6.1777126e-03   2.2548892e-03
   1.9086063e-01   1.8260734e-01   3.7767747e-01   6.7773345e-03   6.3642635e-03   2.4536446e-03
   1.8573547e-01   1.0468485e-01   3.1507829e-01   5.7177929e-03   6.4686866e-03   2.2224921e-03
   1.7160354e-01   2.1261402e-01   4.1864363e-01   5.1035488e-03   6.3734227e-03   2.3059014e-03
   7.4859576e-02  -4.2232039e-01   1.3414331e-01  -1.7561289e-02   5.5989015e-03  -2.5787260e-03
   7.2282145e-02  -3.0032880e-01   1.1070943e-01  -1.0262242e-02   5.6404950e-03  -2.4287607e-03
   1.0950924e-01  -5.9286731e-02   2.6775132e-01  -5.6173757e-03   6.3803114e-03  -1.4125601e-03
   1.0482989e-01  -1.4298997e-01   2.1283266e-01  -4.3995524e-03   6.1844204e-03  -6.6900379e-04
   8.1531439e-02   3.8664865e-02   3.2033627e-01  -2.2153467e-03   5.7296384e-03  -2.2871855e-04
   8.5881438e-02  -8.7410700e-02   2.2607086e-01  -2.4099672e-03   5.9632014e-03   1.9322975e-04
   9.2710710e-02   4.6044109e-02   3.1674803e-01  -1.0935580e-03   6.0306853e-03   1.8324075e-04
   1.1102692e-01  -5.1634770e-02   2.4861217e-01  -1.7795822e-03   6.1030631e-03   4.6314727e-04
   9.8433389e-02   5.4150843e-02   3.1744862e-01  -4.7675716e-05   6.0652809e-03   6.0457887e-04
   8.9209444e-02   4.1065205e-03   3.1522167e-01  -8.9209197e-04   5.6202135e-03   4.0015921e-04
   8.8635378e-02   5.8112238e-02   2.8307790e-01   1.0064476e-03   5.4843139e-03   5.0624363e-04
   7.3813608e-02   1.1134358e-01   4.1272558e-01   1.6429140e-03   5.3516511e-03   1.5959730e-04
   7.5354679e-02   3.0842796e-02   2.7807558e-01   1.4323413e-03   5.1631086e-03   5.6286107e-04
   5.0353947e-02   5.2824935e-02   5.8671730e-01  -4.7280518e-04   4.4943722e-03   5.1740712e-04
   6.9758519e-02   2.1964750e-02   5.0963575e-01   2.4721964e-03   4.7125973e-03   1.0939003e-03
   9.6922834e-02   1.2335676e-01   4.0733485e-01   2.9028196e-03   5.0486732e-03   9.0240652e-04
   8.3285791e-02   7.0817270e-02   3.4680582e-01   2.8944033e-03   4.7695183e-03   1.2081101e-03
   8.4111892e-02   1.7522245e-01   4.3980969e-01   3.5770397e-03   4.8756795e-03   1.5729431e-03
   8.9129360e-02   4.7183542e-02   3.7522865e-01   2.3987363e-03   4.8892813e-03   1.4145223e-03
   8.7387228e-02   1.7806984e-01   4.5911765e-01   3.9260276e-03   4.7557325e-03   1.7699244e-03
   8.5082139e-02   8.5874807e-02   4.4822593e-01   3.4215780e-03   4.6295218e-03   1.9877147e-03
   8.2313179e-02   1.6643535e-01   4.5844509e-01   4.6366215e-03   4.7287337e-03   1.9313901e-03
   7.9605432e-02   1.1130905e-01   4.4813574e-01   5.7559784e-03   5.0916812e-03   1.5101676e-03
   3.3223523e-03   3.6320244e-01   6.8711669e-01   1.0913120e-02   2.6788917e-03   1.1100976e-03
   6.3995417e-03   2.0476758e-01   4.7870616e-01   1.0531917e-02   3.3746351e-03   1.3514368e-03
  -3.8298840e-02   3.1290764e-01   8.1803173e-01   1.0384993e-02   2.9104724e-03   1.0238564e-03
  -6.7704297e-02   3.5097770e-01   7.7097539e-01   1.3551220e-02   2.1383412e-03   1.3272286e-03
  -9.1063098e-02   4.1393810e-01   7.4116819e-01   1.4490788e-02   3.1500670e-03  -4.5977138e-04
  -8.9667362e-02   3.1664613e-01   6.9666283e-01   1.3968921e-02   2.8747594e-03  -1.8220259e-03
  -8.9900503e-02   4.3249815e-01   5.5843810e-01   1.4252899e-02   2.7480136e-03  -1.8642131e-03
  -8.8460878e-02   4.1455356e-01   4.0755535e-01   1.5509306e-02   1.8060884e-03  -1.5014321e-03
  -8.0831272e-02   4.0211037e-01   1.9233247e-01   1.4838347e-02   1.9393917e-03  -2.4834376e-03
  -9.8726453e-02   4.8880737e-01   3.1892389e-01   1.4649778e-02   1.8185164e-03  -2.4694619e-03
  -1.3147343e-01   4.4402268e-01   3.0403324e-01   1.6666264e-02   1.4087087e-03  -2.2634384e-03
  -7.1747835e-02   5.1564920e-01   2.3218868e-01   1.6859922e-02   2.1197850e-03  -2.6384633e-03
  -7.6061344e-02   4.0812117e-01   2.3052349e-01   1.3926284e-02   2.1495391e-03  -2.8335030e-03
  -9.1327926e-02   4.8876275e-01   2.1683634e-01   1.4892363e-02   2.5621206e-03  -3.2632306e-03
  -6.6239168e-02   4.2196893e-01   2.2814590e-01   1.3587661e-02   2.6150373e-03  -3.7806520e-03
  -5.1908573e-02   4.7962279e-01   1.6569992e-01   1.4775585e-02   2.8642035e-03  -3.7894567e-03
  -4.6400900e-02   4.4135492e-01   1.6182862e-01   1.3502982e-02   3.1936721e-03  -4.3291132e-03
  -4.4817100e-02   4.2146795e-01   8.5216118e-02   1.3620520e-02   3.2965293e-03  -4.5589655e-03
  -3.7210888e-02   5.1491136e-01   2.1891336e-01   1.4068369e-02   3.6430766e-03  -4.5422514e-03
  -2.8082408e-02   3.8126408e-01   1.8567188e-01   1.1845623e-02   3.4492176e-03  -4.6457279e-03
  -3.4242415e-02   4.6401766e-01   1.8689390e-01   1.3031046e-02   3.3796879e-03  -4.1623764e-03
  -4.2901722e-02   3.7058662e-01   1.6078283e-01   1.1139186e-02   3.3492284e-03  -4.5669747e-03
  -1.5928060e-02   2.8718275e-01   1.1803530e-01   5.9589051e-03   3.8081704e-03  -4.5268389e-03
  -1.1301306e-02   2.7163281e-01   1.2006332e-01   5.9976576e-03   3.6500460e-03  -4.8356513e-03
  -2.2358787e-02   2.0959425e-01   9.7059680e-02   4.5420356e-03   3.6581838e-03  -4.9363671e-03
  -3.8899138e-02   2.9615040e-01   2.4140961e-01   5.3979874e-03   3.0666555e-03  -5.1752324e-03
  -2.5476235e-02   1.9894764e-01   3.0342745e-02   5.6710812e-03   3.7573269e-03  -5.4529705e-03
  -3.5918158e-02   3.3471959e-01   1.7621108e-01   5.4869809e-03   3.0553014e-03  -5.6041773e-03
  -4.2695198e-02   2.2221567e-01   8.5177610e-02   5.1389431e-03   3.3913327e-03  -5.9829171e-03
  -2.1239598e-02   3.1945613e-01   1.8158696e-01   5.5654797e-03   3.5872758e-03  -5.5651343e-03
  -2.4853427e-02   2.0827451e-01   9.7538570e-02   4.1521184e-03   3.6690865e-03  -5.9835747e-03
  -2.3104812e-02   3.4566586e-01   1.3593821e-01   6.1734604e-03   3.6713737e-03  -5.8236438e-03
  -1.7013514e-02   2.2014011e-01   7.8635775e-02   5.4062580e-03   3.9186478e-03  -5.4292381e-03
  -3.9559823e-03   3.2142754e-01   1.3008764e-01   6.1618735e-03   4.0912220e-03  -5.5337029e-03
  -7.2881212e-03   2.9860618e-01   1.1238803e-01   5.4299511e-03   4.1780305e-03  -5.5264408e-03
   1.7166172e-02   2.1650187e-01  -3.2828576e-02   5.4829321e-03   5.1148142e-03  -5.4622887e-03
   2.9057890e-02   2.3443151e-01   2.5386450e-01   3.6079640e-03   4.6067086e-03  -5.6444464e-03
   3.0971054e-02   2.1176758e-01   6.5980601e-02   4.7566559e-03   5.0761116e-03  -5.4369101e-03
   2.4948142e-02   3.0425266e-01   1.5621527e-01   4.7145373e-03   4.8307164e-03  -5.6415102e-03
   3.6003064e-02   2.2833151e-01   4.3280385e-02   5.3255403e-03   5.4924580e-03  -5.8169493e-03
   1.0800787e-02   3.4714450e-01   2.0829255e-01   5.1678000e-03   4.5911949e-03  -5.8391186e-03
   4.1303801e-02   2.0712657e-01   5.4567323e-02   5.7205048e-03   5.3131882e-03  -5.3567808e-03
   4.3886180e-02   3.8379289e-01   2.0565956e-01   5.9666869e-03   5.6551344e-03  -5.4259403e-03
   3.6423899e-02   2.2958815e-01   7.0339838e-02   5.0994533e-03   5.9316211e-03  -5.9365344e-03
   1.6242790e-02   3.6204955e-01   1.7113100e-01   5.6625256e-03   5.7120821e-03  -6.2023490e-03
   2.1767955e-02   2.2766529e-01   1.2598166e-01   4.7794909e-03   5.6482740e-03  -5.6687854e-03
   3.3040097e-02   3.2760519e-01   1.8949012e-01   6.1231145e-03   6.0517175e-03  -5.6454792e-03
   2.4521921e-03   2.9249974e-01   4.1332659e-01   4.7868710e-03   6.2240823e-03  -6.1105976e-03
   4.5545627e-02   2.9131552e-01   1.8164750e-01   6.9294174e-03   6.1519152e-03  -5.9016306e-03
   4.7436500e-02   3.8142687e-01   2.1856125e-01   6.3001174e-03   5.4083123e-03  -5.5240376e-03
   4.3168533e-02   2.4731721e-01   1.1284420e-01   6.5640399e-03   5.8574326e-03  -6.1077591e-03
   8.2610159e-02   4.1847600e-01   3.9463027e-01   3.9890160e-03   5.6753757e-03  -4.5736454e-03
   1.4036101e-01   2.1130256e-01   2.8162947e-01   5.8255941e-03   6.2931903e-03  -4.6443111e-03
   8.2206314e-02   2.5084642e-01   3.3116434e-01   6.7910563e-03   5.1256654e-03  -4.2004160e-03
   9.8668552e-02   2.5629743e-01   2.9376934e-01   6.5018515e-03   5.5996999e-03  -4.6958168e-03
   8.0187862e-02   2.9822977e-01   2.6287635e-01   7.2930621e-03   5.6757804e-03  -4.5741853e-03
   6.6806495e-02   2.3623184e-01   2.7859874e-01   6.0992148e-03   5.8105563e-03  -4.9484682e-03
   6.8027653e-02   2.9944169e-01   2.4446381e-01   6.8176023e-03   5.5942587e-03  -5.1038785e-03
   6.3919129e-02   2.9524337e-01   2.3229623e-01   7.2385542e-03   5.4800633e-03  -4.8979075e-03
   5.5247045e-02   2.9533539e-01   2.5550294e-01   6.4419490e-03   5.3344157e-03  -5.0650790e-03
   5.3525673e-02   3.1231921e-01   2.2034091e-01   7.3874698e-03   5.6135263e-03  -5.9082714e-03
   5.1332215e-02   6.8781928e-02   3.7047244e-01  -1.5147346e-02   2.4005631e-03  -6.5420822e-03
   8.0311693e-02  -1.6172359e+00  -8.5492065e-01  -5.7690277e-02   2.9926710e-03  -8.2267842e-03
   1.3671363e-01  -9.5222658e-01  -7.0986854e-01  -3.6718483e-02   6.5537029e-03  -7.0461382e-03
   1.3535166e-01  -7.7073649e-01  -4.6144570e-01  -3.0746754e-02   6.9528533e-03  -6.1794470e-03
   1.0510649e-01  -7.3110464e-01  -3.7071504e-01  -2.9781087e-02   6.7150677e-03  -5.7382887e-03
   1.2035651e-01  -7.4722993e-01  -4.6592445e-01  -2.8637447e-02   6.6298062e-03  -5.2849499e-03
   1.3182166e-01  -5.6204488e-01  -2.8765734e-01  -2.5949426e-02   7.2777396e-03  -4.8874183e-03
   1.2135139e-01  -7.0060466e-01  -3.0687401e-01  -2.7483397e-02   6.9465374e-03  -4.7142706e-03
   1.4015085e-01  -5.8231459e-01  -2.9316564e-01  -2.4608497e-02   7.1331682e-03  -4.3317032e-03
   1.2423190e-01  -5.7955624e-01  -2.2973092e-01  -2.4921078e-02   6.7899452e-03  -4.3353559e-03
   1.4066995e-01  -6.2082269e-01  -3.5858946e-01  -2.3795037e-02   7.2144355e-03  -4.1920624e-03
   1.5218865e-01  -4.9414349e-01  -1.8328840e-01  -2.3278123e-02   7.2902260e-03  -3.6473884e-03
   1.6215267e-01  -6.0283678e-01  -3.2910379e-01  -2.3950164e-02   6.9148367e-03  -3.2027854e-03
   1.5779380e-01  -5.4939305e-01  -2.9420918e-01  -2.2814202e-02   7.1804888e-03  -2.9232555e-03
   1.6402812e-01  -5.0443793e-01   1.1084324e-01  -2.4885823e-02   7.4686152e-03  -2.6631061e-03
   1.9230320e-01  -5.8323685e-01  -2.4746233e-01  -2.1685241e-02   7.9952478e-03  -2.8193911e-03
   1.9306007e-01  -4.4822533e-01  -1.2797683e-01  -2.1019433e-02   8.1390386e-03  -2.2260542e-03
   1.9890330e-01  -5.2218896e-01  -2.7155025e-01  -2.0025413e-02   8.2836625e-03  -2.1018457e-03
   1.9419674e-01  -3.8620397e-01  -1.3058596e-01  -1.8742653e-02   8.3042215e-03  -2.1459902e-03
   1.9672484e-01  -4.8344938e-01  -2.0580061e-01  -1.8858027e-02   8.5068538e-03  -2.0454161e-03
   1.9273924e-01  -3.7017579e-01  -1.4907479e-01  -1.8102480e-02   8.3473979e-03  -1.8543314e-03
   2.0437643e-01  -4.6996560e-01  -1.6028907e-01  -1.8903493e-02   8.5234390e-03  -1.5919596e-03
   2.2295134e-01  -3.4653371e-01  -9.2799216e-02  -1.7532860e-02   8.6531367e-03  -1.0978321e-03
   2.2153391e-01  -4.8116960e-01  -1.6090278e-01  -1.7903830e-02   8.6733521e-03  -1.2741730e-03
   2.0695022e-01  -3.2517555e-01  -7.0182163e-02  -1.6425768e-02   8.5928474e-03  -1.3726094e-03
   2.1694787e-01  -4.6427868e-01  -1.3211451e-01  -1.7254027e-02   8.7278948e-03  -8.9459615e-04
   2.0338698e-01  -2.0002311e-01  -1.8661108e-01  -1.0811791e-02   9.1624788e-03  -1.6223753e-03
   2.3145416e-01  -2.7604125e-01  -2.5584438e-01  -1.0317917e-02   9.4261969e-03  -1.1430940e-03
   2.2010240e-01  -2.5237547e-01  -7.2086270e-02  -1.2314468e-02   9.7559953e-03  -1.2302635e-03
   2.4452499e-01  -2.5317786e-01  -8.7611741e-02  -1.0559968e-02   1.0634775e-02  -1.0275589e-03
   2.2848014e-01  -2.3136024e-01  -1.2866632e-03  -1.0854798e-02   1.0303844e-02  -1.3140090e-03
   2.4872324e-01  -2.5756246e-01  -1.4121660e-01  -9.5924201e-03   1.0419207e-02  -6.1533549e-04
   2.6163072e-01  -2.1551434e-01   9.0268091e-02  -1.0295151e-02   1.0822036e-02  -7.6429787e-04
   2.7920782e-01  -7.5103001e-02   1.0108239e-01  -3.1559661e-03   1.1352958e-02   2.5697509e-04
   2.9425764e-01   2.3315115e-02  -1.1270626e-01  -1.0556476e-03   1.0449316e-02  -1.3124933e-04
   2.9555683e-01  -1.0460273e-01  -1.6819577e-01  -2.2086241e-03   1.0753509e-02   2.1719734e-04
   2.8758694e-01   1.1663243e-01  -2.3890774e-01   6.9119818e-04   1.0931821e-02   9.1505707e-05
   3.0021223e-01  -4.7292162e-02  -1.5004527e-01  -1.2820633e-03   1.1258223e-02   7.6535517e-04
   3.1425812e-01   6.0177158e-02  -1.0339274e-01  -4.2622302e-04   1.1248257e-02   7.0467877e-04
   3.0116959e-01  -3.4186876e-02  -9.0622759e-02  -1.2876660e-03   1.0957617e-02   1.1164592e-03
   3.0169237e-01   5.3931903e-02  -5.6572792e-02   2.7997776e-05   1.0971726e-02   1.3672567e-03
   3.3509794e-01  -5.7131765e-02  -8.1069088e-02  -1.1920374e-03   1.1275324e-02   2.2679382e-03
   3.3409237e-01   6.9998278e-02  -7.3894516e-02   3.7289204e-04   1.1301774e-02   1.9014894e-03
   3.1747251e-01  -3.8161485e-02  -7.4528604e-02  -7.9811947e-04   1.1144856e-02   1.9161804e-03
   3.3895532e-01   2.9671326e-02  -1.0589668e-01   6.1135784e-04   1.1608043e-02   2.2140584e-03
   3.1693335e-01   1.5585330e-02  -5.9624944e-02  -8.9806104e-04   1.1539361e-02   1.6483414e-03
   3.3443353e-01  -1.6133959e-02   1.1110400e-01  -8.6453971e-04   1.1968996e-02   2.3096156e-03
   3.3498338e-01   1.4235858e-03   1.6710394e-01   1.1696468e-04   1.1655125e-02   2.3825873e-03
   3.3162933e-01  -1.5419370e-02  -1.4003804e-01   1.4319935e-03   1.1811161e-02   2.2091490e-03
   3.1330110e-01   1.0941655e-01   1.5204183e-02   1.8531466e-03   1.1384789e-02   2.1901858e-03
   3.4191334e-01  -3.5605019e-03  -9.0766386e-02   1.5011733e-03   1.1897478e-02   2.6720584e-03
   3.4060700e-01   1.1565256e-01   1.0532572e-02   1.4731647e-03   1.1824819e-02   2.6920394e-03
   3.4713708e-01  -1.4109805e-02  -1.2171608e-01   1.9473147e-03   1.1816734e-02   2.7635990e-03
   3.1129457e-01   9.1608679e-02  -3.0297017e-02   2.7011211e-03   1.1781447e-02   2.3039194e-03
   3.1581025e-01   1.2069141e-01   1.7291511e-02   2.2040248e-03   1.1472833e-02   2.6396522e-03
   3.3386173e-01   2.9751662e-02  -8.0445198e-02   2.5876516e-03   1.1971644e-02   3.0837309e-03
   3.0480005e-01   9.1274064e-02   2.4180031e-01   1.5511096e-03   1.1111225e-02   2.7134048e-03
   3.2040465e-01   6.1585191e-02  -1.4109891e-02   4.8941984e-03   1.1656324e-02   2.8707312e-03
   3.0936990e-01   9.7968610e-02   3.5707483e-02   3.2712141e-03   1.1377343e-02   3.0033736e-03
   3.1642498e-01   7.5743188e-02  -7.7200820e-02   3.8319116e-03   1.1311532e-02   3.0431413e-03
   3.0763946e-01   1.3005087e-01   3.1050864e-02   3.3198138e-03   1.1366289e-02   2.9921976e-03
   3.1070852e-01   7.2047080e-02  -8.3724861e-02   3.0913464e-03   1.1569163e-02   3.6744077e-03
   2.9328553e-01   1.6417629e-01  -7.7548334e-02   4.4609476e-03   1.2166323e-02   2.7316690e-03
   2.5467126e-01  -1.5040335e-01   1.0427456e-01  -5.2480674e-03   1.3952931e-02  -3.3596150e-04
   2.7784901e-01  -3.8444729e-02   2.3161770e-02  -1.5431720e-03   1.3753176e-02   1.1048451e-03
   3.1461424e-01   7.8520321e-02   8.3647840e-02  -3.0717768e-04   1.3798075e-02   2.4311421e-03
   3.5285319e-01  -1.7401459e-02  -5.0108256e-02   1.0274350e-03   1.4436232e-02   3.0365388e-03
   3.4378030e-01   1.0832821e-01   1.2870916e-01   9.8477035e-04   1.4108872e-02   3.4660614e-03
   3.6551120e-01   1.2559308e-02   4.8273389e-02   1.6251218e-03   1.4355171e-02   3.9855593e-03
   3.3543935e-01   1.0016825e-01   4.5150439e-01   9.7897914e-04   1.4053797e-02   3.7083004e-03
   3.6657159e-01  -8.1994764e-03   2.0662346e-03   3.3275444e-03   1.3941069e-02   4.0583026e-03
   3.4148852e-01   1.5682883e-01   8.1636915e-02   3.3202081e-03   1.3863840e-02   3.6921223e-03
   3.5152395e-01   6.2944082e-02  -6.4989616e-02   3.4164665e-03   1.3967163e-02   3.8248891e-03
   3.6884982e-01   1.7066556e-01   9.9191490e-02   3.1147066e-03   1.3938192e-02   4.1617918e-03
   3.7046980e-01   5.5250278e-02  -2.6088791e-02   3.2402731e-03   1.4093893e-02   4.1251194e-03
   3.7294147e-01   1.5980935e-01   5.1379618e-02   3.9318319e-03   1.4291755e-02   4.0947041e-03
   3.8112106e-01   5.8631499e-02   2.8509056e-02   3.0042500e-03   1.4265982e-02   4.9975904e-03
   3.8529147e-01   1.2608027e-01   6.4689159e-02   3.7704861e-03   1.4351310e-02   4.8671237e-03
   3.5879484e-01   8.6073435e-02   8.4051820e-02   4.2405356e-03   1.4144926e-02   4.9448328e-03
   3.5652902e-01   9.4957730e-02   7.4351396e-02   3.6800750e-03   1.3888979e-02   4.9045928e-03
   3.5230652e-01   1.4761603e-01   4.3573222e-02   4.9585901e-03   1.4094815e-02   4.3256165e-03
   3.2340058e-01   1.0371746e-01   9.5410914e-02   3.6943845e-03   1.3787607e-02   3.9215403e-03
   3.3191152e-01   1.0560169e-01   5.8294144e-03   4.3785330e-03   1.4215661e-02   3.5701405e-03
   3.4572667e-01   1.9118377e-01   1.3963243e-01   4.8483433e-03   1.4277836e-02   3.6923734e-03
   3.4558265e-01   6.7177698e-02   6.8701741e-03   4.3701676e-03   1.4276031e-02   3.9507558e-03
   3.4124219e-01   1.4921315e-01   4.2721175e-01   3.1471960e-03   1.3934588e-02   3.9781448e-03
   3.6087336e-01   5.5860557e-02   1.3757672e-01   4.7107109e-03   1.4635189e-02   4.2538123e-03
   3.7484585e-01   1.5002661e-01   8.9575910e-02   5.2749649e-03   1.4704984e-02   4.2211854e-03
   3.6488075e-01   1.0385110e-01   6.2602335e-02   4.2899683e-03   1.4508155e-02   4.4300781e-03
   3.7179732e-01   1.6968853e-01   1.2434235e-01   5.6447278e-03   1.4691876e-02   4.3391156e-03
   3.9256314e-01   1.9033955e-01   1.1798412e-01   5.4226262e-03   1.5024720e-02   3.6178621e-03
   4.3578708e-01   8.1976287e-02   6.9363074e-02   3.8135874e-03   1.6657675e-02   3.0308928e-03
   4.0259795e-01   1.2860991e-01   1.8750245e-01   4.6506223e-03   1.6045404e-02   2.9479295e-03
   4.1303298e-01   1.0174102e-01   4.0713664e-02   4.7133096e-03   1.5894640e-02   3.1246124e-03
   4.3149316e-01   1.4797532e-01   3.5870061e-02   5.8180419e-03   1.6320132e-02   3.0729830e-03
   4.0945399e-01   1.2334772e-01   3.0662870e-01   3.6506276e-03   1.6148876e-02   3.3201416e-03
   4.1610157e-01   4.3779396e-02   3.1479068e-01   3.6090432e-03   1.5984003e-02   3.9156554e-03
   4.4890536e-01   1.8595183e-01   2.9875511e-01   6.0719688e-03   1.6411426e-02   3.7539596e-03
   4.3095465e-01   5.2101221e-02   1.0660130e-01   4.6660994e-03   1.6139043e-02   3.8454294e-03
   4.2218075e-01   2.0782280e-01   1.9455118e-01   5.9023564e-03   1.6295451e-02   3.5661811e-03
   4.1793797e-01   8.5600664e-02   1.1326581e-01   4.9354112e-03   1.6485895e-02   3.4904948e-03
   4.2334859e-01   1.4480380e-01   1.4489918e-01   5.3548572e-03   1.6311533e-02   3.3220872e-03
   4.1248500e-01   1.5663296e-01   2.0170595e-01   4.9320731e-03   1.6200216e-02   2.9054566e-03
   4.2013896e-01   1.3676919e-01   1.3591948e-01   6.4003532e-03   1.6685056e-02   2.9699567e-03
   4.2716518e-01   2.2496031e-01   2.6204664e-01   6.2206586e-03   1.6746863e-02   3.2141242e-03
   4.3170060e-01   1.1771556e-01   1.0501003e-01   6.2275446e-03   1.6944751e-02   3.2110877e-03
   4.4408090e-01   2.3462080e-01   2.4245377e-01   6.4586155e-03   1.7213059e-02   2.8396905e-03
   4.2547836e-01   1.3888097e-01   7.6072507e-02   5.7234717e-03   1.6918082e-02   2.7279757e-03
   3.9972245e-01   2.9824622e-01   1.9239656e-02   8.3165523e-03   1.6636600e-02   1.8102782e-03
   3.9141039e-01   1.6001208e-01   5.4791030e-02   6.4217889e-03   1.6808780e-02   1.1507679e-03
   4.0524785e-01   2.1709971e-01   5.5683413e-02   7.9930084e-03   1.7162876e-02   1.6537172e-03
   4.3876186e-01   2.1449022e-01  -7.4694117e-02   8.8728998e-03   1.7689399e-02   2.2800655e-03
   4.1540572e-01   2.2273882e-01   5.5470294e-02   7.9370251e-03   1.7866807e-02   1.9629449e-03
   4.3452955e-01   2.7937220e-01   6.1273742e-02   9.0926835e-03   1.8047874e-02   2.0373790e-03
   4.1137187e-01   2.0118842e-01   2.8436136e-02   8.6698818e-03   1.7501671e-02   1.5135781e-03
   3.9688076e-01   3.1182229e-01   8.0929071e-02   9.3571783e-03   1.7653660e-02   1.2190951e-03
   4.0967729e-01   2.0920090e-01   5.2614686e-03   8.6962630e-03   1.7755255e-02   9.4807055e-04
   4.3089120e-01   2.8272385e-01   3.3467561e-02   9.4894496e-03   1.7919162e-02   1.2878276e-03
   4.1389347e-01   2.7591740e-01   5.5359453e-02   8.8149420e-03   1.7732571e-02   7.9152373e-04
   4.3825092e-01   2.1069848e-01   1.9949991e-02   8.2564657e-03   1.7896745e-02   9.7305575e-04
   4.4152863e-01   2.9944987e-01   8.9496925e-02   8.7928280e-03   1.7721744e-02   1.1041888e-03
   4.5609541e-01   2.0443930e-01   3.9791868e-02   7.7456410e-03   1.8066310e-02   8.9468416e-04
   4.6386895e-01   9.3576667e-02   1.6202194e-01  -1.0755484e-03   1.7332125e-02   8.1259801e-04
   4.7847351e-01  -1.8530324e-01  -1.3930748e-01  -1.0348140e-02   1.7053215e-02  -1.5919130e-04
   4.5504415e-01  -1.2702672e-01  -1.0638566e-02  -5.9860680e-03   1.6832992e-02   5.4607470e-04
   4.6094091e-01   2.4837978e-02   8.0653026e-02  -2.6738543e-03   1.6822226e-02   1.4129129e-03
   4.3406777e-01  -4.4897849e-02   9.8866206e-02  -2.1269227e-03   1.6127801e-02   1.6058071e-03
   4.4805814e-01   6.2890484e-02   3.1362661e-02   1.6014372e-03   1.6324648e-02   2.0132317e-03
   4.2803166e-01   4.1715814e-02   5.9189036e-02   1.3243267e-03   1.6259844e-02   1.7322750e-03
   4.2438809e-01   9.9003455e-02   6.3471143e-02   2.5715958e-03   1.6030094e-02   2.2123690e-03
   4.2285702e-01   6.4993548e-02   1.1745112e-01   1.8047507e-03   1.6239895e-02   2.3979429e-03
   4.3287225e-01   8.7804092e-02   8.2976972e-02   2.5317427e-03   1.6196065e-02   2.7741685e-03
   4.2339562e-01   7.7466441e-02   1.7039220e-01   1.1667438e-03   1.5644998e-02   2.9718814e-03
   4.4649686e-01   8.9962930e-02   8.6895196e-02   3.4143701e-03   1.6042991e-02   2.9062463e-03
   4.3104569e-01   7.5762252e-02   1.7362667e-01   1.6459285e-03   1.5913842e-02   2.9120271e-03
   4.1104315e-01  -2.2184984e-02   4.2851976e-01  -4.8065598e-04   1.5859519e-02   2.7370149e-03
   4.3155069e-01   9.2295986e-02   3.9462908e-01   1.7302418e-03   1.6088765e-02   3.3918576e-03
   4.6113213e-01  -1.7919391e-02   9.8540964e-02   1.4547384e-03   1.6292979e-02   4.1906001e-03
   4.6812205e-01   1.5365113e-01   1.9721603e-01   3.5497005e-03   1.6145832e-02   4.7220830e-03
   5.0437299e-01   5.0672129e-02   1.8244708e-01   3.9655213e-03   1.7158170e-02   5.9921995e-03
   5.0992648e-01   1.8330116e-01   1.0341658e-01   3.7096384e-03   1.7411761e-02   5.2397962e-03
   5.2062616e-01   1.2736724e-03  -2.5947993e-03   8.9026583e-04   1.7744402e-02   5.0767918e-03
   5.0912232e-01   1.7090646e-01   1.0832303e-01   2.7977366e-03   1.7491526e-02   5.4284274e-03
   5.1273425e-01   3.7246498e-02   5.0571319e-02   2.2597970e-03   1.7674783e-02   5.2996842e-03
   4.9961997e-01   1.7913350e-01   7.9999481e-02   3.4801305e-03   1.7399601e-02   5.6678093e-03
   4.7198699e-01   5.4117295e-02   6.5414214e-02   2.4731984e-03   1.7027479e-02   4.7642415e-03
   4.6972962e-01   2.3555260e-01   9.7736257e-02   4.4110492e-03   1.6919303e-02   4.6710076e-03
   4.9433175e-01   5.3862513e-02   1.4445739e-02   3.0453866e-03   1.7404310e-02   4.7553725e-03
   5.1165948e-01   2.1171654e-01   3.8573183e-02   3.9761699e-03   1.7288872e-02   5.1660121e-03
   5.0346283e-01   7.7401024e-02  -8.8062957e-02   3.7247232e-03   1.7703768e-02   5.0332684e-03
   5.0168868e-01   1.5916939e-01   1.2252392e-02   3.7314985e-03   1.7641411e-02   5.2066107e-03
   5.0205021e-01   1.3203889e-01   3.0015821e-02   3.5345266e-03   1.7636953e-02   5.2196022e-03
   5.2800723e-01   1.6173442e-01   8.7520997e-03   4.6416796e-03   1.8251590e-02   5.4809187e-03
   5.2137984e-01   1.2807706e-01   3.5898536e-02   3.2180878e-03   1.7972727e-02   5.6761225e-03
