   1.3460556e-14   0.0000000e+00   1.4210855e-14   0.0000000e+00   0.0000000e+00   0.0000000e+00
  -6.0140551e-02   2.3890413e-02   2.4919098e-01  -6.6099436e-04  -2.1946300e-04   1.9038244e-04
  -1.1535717e-02  -6.4511548e-02   8.8771536e-02  -3.1576298e-04   6.1633033e-05  -6.4345079e-04
  -6.9771979e-02   6.0183026e-02   2.7416949e-01   2.7013082e-04  -2.9312215e-04  -7.0052627e-04
  -6.4086609e-02  -6.0193902e-02   1.7604583e-01   3.3999070e-06  -2.5867124e-04  -1.3054488e-03
  -1.2551677e-01   1.0762415e-01   3.3130426e-01   1.5627961e-03  -8.3202883e-04  -1.0884355e-03
  -1.0113432e-01  -1.3696056e-02   1.7066577e-01   9.6666864e-04  -6.1988208e-04  -1.5962486e-03
  -1.3293115e-01   1.2829869e-01   3.1501094e-01   2.0608601e-03  -9.2904690e-04  -1.3155333e-03
  -8.0064897e-02   1.3754594e-02   1.0992689e-01   1.4695223e-03  -7.3655561e-04  -1.5575539e-03
  -1.4408382e-01   1.3913951e-01   3.2421272e-01   2.1921217e-03  -1.0738758e-03  -1.7848327e-03
  -1.1679922e-01   1.8218465e-02   1.5043585e-01   1.8102875e-03  -1.1834038e-03  -2.0656572e-03
  -1.7704511e-01   1.4381560e-01   3.5335849e-01   2.3707532e-03  -1.5625574e-03  -1.7652534e-03
  -1.2504023e-01   3.5720027e-02   1.5991706e-01   2.0432428e-03  -1.1932680e-03  -1.9633411e-03
  -1.8524172e-01   1.4379883e-01   3.5082293e-01   2.2446047e-03  -1.8219978e-03  -2.1217036e-03
  -1.3923622e-01   2.7977424e-02   2.1789703e-01   1.5409025e-03  -1.2284002e-03  -2.5657474e-03
  -1.8358803e-01   1.2435309e-01   2.7174152e-01   2.4382194e-03  -1.9476481e-03  -2.4576673e-03
  -1.7286377e-01   8.5009096e-02   2.7623904e-01   1.3990453e-03  -1.2802020e-03  -3.0273336e-03
  -1.8265798e-01   6.8177667e-02   2.3782172e-01   2.5097187e-03  -1.7659367e-03  -3.1138163e-03
  -2.2419283e-01   1.3921139e-01   3.8977987e-01   2.1162418e-03  -2.2184143e-03  -3.1653286e-03
  -2.1269545e-01   6.3138388e-02   2.4324076e-01   1.8508183e-03  -2.0714216e-03  -3.8657303e-03
  -2.3781220e-01   1.4349229e-01   3.5222829e-01   2.4363681e-03  -2.3039213e-03  -4.1274512e-03
  -2.4138274e-01   1.0439694e-01   3.2302411e-01   1.7310402e-03  -2.1891137e-03  -4.1257420e-03
  -2.5061376e-01   9.2368146e-02   2.3666654e-01   2.6573151e-03  -2.8269191e-03  -4.2420862e-03
  -2.7288012e-01   1.6138662e-01   3.6369261e-01   2.2815211e-03  -2.2615431e-03  -3.9083942e-03
  -2.1746336e-01   5.9358859e-02   1.5228628e-01   2.1597483e-03  -1.9647624e-03  -4.5970862e-03
  -2.8338802e-01   1.7844213e-01   3.3663818e-01   2.3585013e-03  -2.5929529e-03  -4.3195448e-03
  -2.6136947e-01   1.2519525e-01   2.1224058e-01   3.4020737e-03  -2.6670440e-03  -4.5409008e-03
  -2.7600035e-01   1.5867328e-01   3.2317321e-01   1.9261804e-03  -2.4825501e-03  -4.8452703e-03
  -2.8305603e-01   1.6770191e-01   2.7037800e-01   3.6691410e-03  -3.0080457e-03  -4.6658208e-03
  -2.9018099e-01   1.7756986e-01   3.4586435e-01   2.3593344e-03  -3.0187051e-03  -4.5337592e-03
  -2.8641704e-01   1.3695903e-01   2.6724822e-01   3.5971304e-03  -3.5621674e-03  -4.8459311e-03
  -3.2186806e-01   2.0092894e-01   4.2625933e-01   2.8137710e-03  -3.5045232e-03  -4.7455258e-03
  -3.1026065e-01   1.2402554e-01   2.6465182e-01   3.4874541e-03  -3.7820571e-03  -5.0433715e-03
  -3.4174882e-01   2.3633727e-01   4.3565793e-01   3.4900157e-03  -3.8189320e-03  -4.8885373e-03
  -3.5448632e-01   1.8934054e-01   2.8098483e-01   5.0691377e-03  -3.9286798e-03  -5.3030303e-03
  -3.7337845e-01   2.7145695e-01   2.2701805e-01   5.6373230e-03  -4.3506419e-03  -5.7930500e-03
  -3.9474875e-01   2.9607314e-01   3.5750331e-01   3.8572034e-03  -4.0224246e-03  -5.6245313e-03
  -3.3196272e-01   2.4030953e-01   2.5404878e-01   5.3042649e-03  -3.9589390e-03  -5.8960494e-03
  -3.8631075e-01   2.9970552e-01   4.5353226e-01   3.8903113e-03  -3.9503583e-03  -5.5216554e-03
  -3.4158572e-01   2.4077396e-01   3.3628743e-01   5.3877286e-03  -3.9960807e-03  -6.0740724e-03
  -3.7558697e-01   3.6962131e-01   4.8284456e-01   5.4670178e-03  -3.9819348e-03  -5.6676225e-03
  -3.2201797e-01   2.2208604e-01   2.7087049e-01   5.0683473e-03  -3.6906137e-03  -6.0512022e-03
  -3.8245502e-01   3.8498062e-01   4.9970952e-01   6.2751300e-03  -4.1270705e-03  -5.9810799e-03
  -3.3398374e-01   2.7204155e-01   2.9659694e-01   6.1238453e-03  -3.7256295e-03  -6.2135709e-03
  -3.8160926e-01   4.0059758e-01   5.1500758e-01   6.6130679e-03  -3.9017364e-03  -6.2997320e-03
  -3.4203180e-01   3.1794746e-01   2.9380388e-01   6.7013075e-03  -3.8092913e-03  -6.3769815e-03
  -4.0002285e-01   4.2063583e-01   5.1606413e-01   7.2094539e-03  -4.1721616e-03  -6.3099056e-03
  -3.8221252e-01   3.2245068e-01   3.8246993e-01   6.8644334e-03  -4.1264639e-03  -6.4303043e-03
  -4.0592895e-01   4.3505310e-01   5.7944566e-01   7.5168939e-03  -4.4463532e-03  -6.1713546e-03
  -3.3193297e-01   3.4248531e-01   3.3360070e-01   7.2806322e-03  -3.7992320e-03  -6.3719657e-03
  -3.7895188e-01   4.7042145e-01   5.5746934e-01   7.7599158e-03  -4.1729244e-03  -6.5544180e-03
  -3.5239975e-01   3.1742322e-01   4.3317922e-01   7.0275741e-03  -4.0111998e-03  -6.7054494e-03
  -3.8496958e-01   4.2110844e-01   5.8365596e-01   7.7420651e-03  -4.0272928e-03  -6.9125180e-03
  -3.4347460e-01   3.3101111e-01   4.8172777e-01   6.8128339e-03  -3.6044767e-03  -7.2227690e-03
  -3.9123499e-01   3.9301257e-01   5.3088612e-01   7.8536953e-03  -4.4145425e-03  -6.7973681e-03
  -3.7311870e-01   3.6872807e-01   5.2957571e-01   7.0412172e-03  -4.3954901e-03  -6.8590565e-03
  -3.6577439e-01   3.5826555e-01   5.2217831e-01   8.0681731e-03  -4.7727393e-03  -7.1131316e-03
  -3.9680309e-01   3.5663476e-01   6.1831574e-01   6.7895451e-03  -4.5737393e-03  -7.6480071e-03
  -4.7310186e-01   3.8141347e-01   5.9773904e-01   8.9524241e-03  -6.1762480e-03  -7.3223214e-03
  -4.1793347e-01   4.2652888e-01   4.5280533e-01   9.2047224e-03  -5.7727783e-03  -7.1224643e-03
  -4.5771443e-01   4.6738443e-01   6.4862942e-01   8.4459827e-03  -5.3153657e-03  -7.3504160e-03
  -4.2958190e-01   3.9120633e-01   5.3208675e-01   9.5558159e-03  -5.6554260e-03  -7.5289313e-03
  -4.6983484e-01   4.6137863e-01   7.3940748e-01   8.7511536e-03  -5.4493792e-03  -7.7256691e-03
  -4.3338257e-01   3.7838477e-01   5.9722200e-01   8.6916354e-03  -5.6570648e-03  -7.7292987e-03
  -4.5274319e-01   4.7887354e-01   6.5516138e-01   9.3610520e-03  -6.1119039e-03  -7.8985917e-03
  -4.4581341e-01   4.3959292e-01   6.8226124e-01   7.8987206e-03  -5.7349870e-03  -7.8998748e-03
  -3.9649925e-01   4.1043049e-01   5.4606055e-01   8.9712675e-03  -5.6021934e-03  -7.9915757e-03
  -4.0848942e-01   4.6921451e-01   6.7341927e-01   8.5073136e-03  -5.3294857e-03  -8.0458399e-03
  -4.1601805e-01   4.1795003e-01   5.6828238e-01   8.9311196e-03  -5.7219175e-03  -8.1441900e-03
  -4.8969223e-01   4.7840560e-01   7.6322209e-01   8.9016642e-03  -6.0529656e-03  -8.2742814e-03
  -4.8506043e-01   3.3862879e-01   6.2109467e-01   6.8700353e-03  -5.8216503e-03  -8.5717243e-03
  -5.1638513e-01   4.3246314e-01   7.1041803e-01   8.3081790e-03  -6.1943077e-03  -8.6441055e-03
  -5.0690571e-01   3.6103829e-01   6.5031900e-01   6.6368890e-03  -5.9513280e-03  -9.0474865e-03
  -5.1058459e-01   4.1489950e-01   6.8883669e-01   7.8155645e-03  -6.3924175e-03  -9.0049949e-03
  -5.0055909e-01   3.8316999e-01   6.8220899e-01   6.8369788e-03  -6.2487612e-03  -8.5814219e-03
  -4.9240008e-01   4.0133331e-01   6.4030884e-01   7.5684459e-03  -6.4786972e-03  -8.7219411e-03
  -5.4189845e-01   4.0068256e-01   7.0798051e-01   7.0501603e-03  -6.9057823e-03  -8.6595337e-03
  -5.4699285e-01   3.6745326e-01   6.0260944e-01   7.1635798e-03  -7.4692408e-03  -8.3480681e-03
  -5.5176529e-01   4.3407057e-01   6.6834198e-01   6.7271202e-03  -7.1715066e-03  -8.2201224e-03
  -5.3401055e-01   4.0302651e-01   5.8909471e-01   7.9167404e-03  -7.2281448e-03  -8.3262087e-03
  -5.4414577e-01   4.4254632e-01   6.5931810e-01   7.4355421e-03  -7.1108561e-03  -8.4901383e-03
  -5.5447596e-01   4.3866418e-01   6.1425158e-01   8.3654264e-03  -7.5380951e-03  -8.3553225e-03
  -5.8845932e-01   4.7281094e-01   7.5497824e-01   7.8792150e-03  -7.3232293e-03  -8.4896048e-03
  -5.5363737e-01   4.0329072e-01   6.0975733e-01   8.0550171e-03  -7.1195852e-03  -8.2567908e-03
  -6.0618969e-01   4.8992965e-01   7.6590756e-01   8.3569293e-03  -7.7693137e-03  -8.0314521e-03
  -5.9470568e-01   3.9316728e-01   6.3102146e-01   8.9327677e-03  -8.1359272e-03  -8.3592088e-03
  -5.8596178e-01   4.8466403e-01   5.7795877e-01   9.1640478e-03  -8.6271099e-03  -8.2597941e-03
  -6.0385798e-01   5.2097082e-01   6.9852095e-01   8.3034782e-03  -8.0591419e-03  -8.3262798e-03
  -6.0355890e-01   4.7052812e-01   5.8250011e-01   9.5999664e-03  -8.0941307e-03  -8.2103309e-03
  -6.2320844e-01   5.4432854e-01   7.4116574e-01   8.5367499e-03  -7.7220401e-03  -8.1839118e-03
  -5.8974136e-01   4.7435745e-01   5.6152547e-01   9.5996894e-03  -7.8457018e-03  -8.0824675e-03
  -6.3692879e-01   5.6899899e-01   7.8556249e-01   8.9175516e-03  -7.8052070e-03  -8.1154248e-03
  -6.1075528e-01   4.6855293e-01   6.1766165e-01   9.2435166e-03  -8.0354354e-03  -7.9868226e-03
  -6.6728013e-01   6.0020098e-01   7.8153698e-01   9.7232803e-03  -8.3148040e-03  -7.7603188e-03
  -6.1679091e-01   4.7409107e-01   6.3092040e-01   9.3334942e-03  -7.6618464e-03  -8.1959401e-03
  -6.7720621e-01   5.8869409e-01   7.5687514e-01   1.0076903e-02  -8.2308076e-03  -8.0947431e-03
  -6.3787264e-01   5.3178615e-01   6.0342786e-01   9.3586540e-03  -7.9183083e-03  -8.3250193e-03
  -6.6872268e-01   6.0670560e-01   7.4681571e-01   9.9945363e-03  -8.3482828e-03  -7.9896064e-03
  -6.4236484e-01   5.4903396e-01   6.0619618e-01   1.0127876e-02  -8.2868569e-03  -8.1938699e-03
  -6.7348039e-01   6.3813979e-01   7.9246214e-01   9.7778764e-03  -8.5342502e-03  -7.9129646e-03
  -6.4477207e-01   5.1097981e-01   6.6651258e-01   9.7379823e-03  -8.3608358e-03  -8.5030334e-03
  -6.9361694e-01   6.2089249e-01   8.2903674e-01   9.8145232e-03  -8.9759360e-03  -8.5027713e-03
  -6.8552784e-01   5.1246086e-01   7.3781228e-01   8.9198852e-03  -8.9794750e-03  -8.5700361e-03
  -6.6552797e-01   5.4509623e-01   7.0280590e-01   9.6946321e-03  -9.0325854e-03  -8.3998083e-03
  -7.0056994e-01   5.7934718e-01   8.1085724e-01   9.1456440e-03  -8.8002815e-03  -8.2875689e-03
  -6.7170706e-01   5.3281443e-01   6.4798106e-01   1.0139996e-02  -8.9678696e-03  -8.4580737e-03
  -6.9867426e-01   6.0872916e-01   8.0110043e-01   9.6226254e-03  -8.7952362e-03  -8.4144501e-03
  -6.7406038e-01   5.4464613e-01   6.2058709e-01   1.0410191e-02  -8.7812987e-03  -8.4870773e-03
  -7.2205022e-01   6.1145843e-01   8.3650060e-01   9.7185719e-03  -8.8518933e-03  -8.5492498e-03
  -6.9784167e-01   5.1898941e-01   6.9371435e-01   1.0188656e-02  -9.0020897e-03  -8.7313901e-03
  -7.5377274e-01   6.0817572e-01   8.4611821e-01   9.9141783e-03  -9.4712035e-03  -8.4611331e-03
  -7.1835986e-01   5.1408791e-01   6.6868434e-01   9.5037080e-03  -9.2440812e-03  -8.7181021e-03
  -7.6156865e-01   6.0289324e-01   7.7374289e-01   9.8664158e-03  -9.7367815e-03  -8.6556026e-03
  -7.1108039e-01   4.9262102e-01   7.1677664e-01   9.1471512e-03  -8.9474533e-03  -9.0201160e-03
  -7.6669693e-01   5.6792793e-01   7.8564786e-01   9.5998803e-03  -9.8038974e-03  -8.7878615e-03
  -7.6890449e-01   5.0407261e-01   7.3628992e-01   8.5579889e-03  -9.7703705e-03  -8.9254243e-03
  -7.7908659e-01   5.3841439e-01   7.0379542e-01   9.8478753e-03  -1.0118222e-02  -8.7093477e-03
  -7.8279232e-01   5.9840158e-01   8.3038369e-01   9.1973818e-03  -9.5120329e-03  -8.6865141e-03
  -7.8311082e-01   5.2691904e-01   6.8836777e-01   9.9121278e-03  -9.9810693e-03  -9.0051605e-03
  -8.2239768e-01   5.8708388e-01   8.3921868e-01   9.2399171e-03  -9.8774937e-03  -8.9884582e-03
  -8.0305510e-01   5.4285943e-01   7.3782458e-01   9.6631415e-03  -1.0240905e-02  -9.1103640e-03
  -8.2711231e-01   6.4103723e-01   8.4448287e-01   1.0274639e-02  -1.0673602e-02  -8.8457793e-03
  -7.8740613e-01   5.2666346e-01   7.1144963e-01   9.2253489e-03  -1.0220021e-02  -9.4346820e-03
  -8.4893833e-01   6.1062621e-01   8.5695542e-01   9.7485043e-03  -1.0732210e-02  -9.2684189e-03
  -8.1306706e-01   5.1401959e-01   7.2230918e-01   8.4876801e-03  -1.0488540e-02  -9.0409236e-03
  -8.3840999e-01   5.7628595e-01   8.2584123e-01   9.5837701e-03  -1.0887170e-02  -8.9808377e-03
  -8.4016727e-01   5.2519361e-01   8.2440594e-01   8.4373758e-03  -1.0810424e-02  -9.2163713e-03
  -8.6257364e-01   5.5476420e-01   7.6247268e-01   9.8891331e-03  -1.1364107e-02  -9.3538463e-03
  -8.9188050e-01   6.1546002e-01   8.5985028e-01   9.3572409e-03  -1.1273015e-02  -9.0721733e-03
  -8.6378424e-01   5.5494578e-01   7.4463501e-01   1.0067778e-02  -1.1409862e-02  -9.2600326e-03
  -8.7029094e-01   6.0990255e-01   8.0642563e-01   9.4854233e-03  -1.1406610e-02  -9.0672892e-03
  -8.8379558e-01   5.9502539e-01   7.3981741e-01   1.0435024e-02  -1.1776249e-02  -9.3421265e-03
  -9.2225604e-01   6.1660531e-01   8.5980587e-01   9.2987430e-03  -1.1709514e-02  -9.3095440e-03
  -9.0171940e-01   5.8979373e-01   7.3057246e-01   1.0295261e-02  -1.2027990e-02  -9.2257665e-03
  -9.3557911e-01   6.4525139e-01   9.3938762e-01   9.8822124e-03  -1.2081242e-02  -9.2882109e-03
  -9.1434656e-01   5.3218014e-01   7.6631190e-01   9.6567475e-03  -1.2196275e-02  -9.4366697e-03
  -9.4373225e-01   6.5107740e-01   9.0567458e-01   1.0314931e-02  -1.2463711e-02  -8.9945422e-03
  -9.1545059e-01   5.5352000e-01   7.9965857e-01   9.5123801e-03  -1.2022111e-02  -9.2134391e-03
  -9.2890215e-01   6.3576245e-01   8.3639107e-01   1.0337253e-02  -1.2413441e-02  -8.9644684e-03
  -9.1776728e-01   5.9325630e-01   8.0985894e-01   9.5675755e-03  -1.1964213e-02  -9.2454403e-03
  -9.4372753e-01   6.3288006e-01   7.7689365e-01   1.0710261e-02  -1.2566674e-02  -9.1210960e-03
  -9.3715130e-01   6.1662905e-01   8.9676683e-01   9.1036955e-03  -1.2259387e-02  -9.4127500e-03
  -9.2380820e-01   6.1889782e-01   7.9074023e-01   1.0445983e-02  -1.2725124e-02  -9.0019069e-03
  -9.3714745e-01   6.6100550e-01   9.1308871e-01   9.1857159e-03  -1.2402262e-02  -8.6603278e-03
  -9.2569701e-01   5.8895370e-01   8.0256593e-01   1.0170291e-02  -1.2583436e-02  -8.8129508e-03
  -9.3273754e-01   6.6622384e-01   8.2763251e-01   1.0302150e-02  -1.2994914e-02  -8.6112758e-03
  -9.2863407e-01   6.9549707e-01   7.7659563e-01   9.3660475e-03  -1.2686214e-02  -8.7889002e-03
  -9.4125614e-01   7.4998315e-01   8.2491806e-01   1.0727920e-02  -1.3055538e-02  -8.2670181e-03
  -9.2821858e-01   7.1177199e-01   7.6333932e-01   9.6274236e-03  -1.2610325e-02  -8.6920317e-03
  -9.9232391e-01   7.8774899e-01   8.6097124e-01   1.1261181e-02  -1.3534456e-02  -8.1038284e-03
  -1.0127549e+00   7.4355581e-01   9.7439421e-01   1.0083040e-02  -1.3205181e-02  -8.5434222e-03
  -1.0422899e+00   7.1002816e-01   8.0371989e-01   1.0935643e-02  -1.4365232e-02  -8.6834567e-03
  -1.0521154e+00   8.2179815e-01   9.9142095e-01   1.0990722e-02  -1.3963711e-02  -8.6986659e-03
  -1.0150530e+00   7.0544924e-01   8.0333825e-01   9.9853589e-03  -1.3895028e-02  -8.8286903e-03
  -9.7766467e-01   7.8055269e-01   8.3564600e-01   1.1071910e-02  -1.4074780e-02  -8.6097235e-03
  -9.5717565e-01   7.6400827e-01   7.9949245e-01   1.0114514e-02  -1.3540819e-02  -8.9258232e-03
  -1.0024201e+00   8.1262686e-01   8.8104014e-01   1.1071559e-02  -1.4120405e-02  -9.2744819e-03
  -9.9345353e-01   7.8072481e-01   8.8863580e-01   1.0182489e-02  -1.3575974e-02  -8.9078922e-03
  -9.7885294e-01   7.6511162e-01   7.9300834e-01   1.0964567e-02  -1.4151468e-02  -9.0327328e-03
  -1.0312214e+00   7.7448558e-01   9.4884527e-01   1.0343168e-02  -1.3981793e-02  -9.1145139e-03
  -9.9290467e-01   7.3662644e-01   7.8422368e-01   1.0620013e-02  -1.4123662e-02  -9.3991663e-03
  -1.0237265e+00   8.1158417e-01   9.5739851e-01   1.0916272e-02  -1.4379018e-02  -9.1742330e-03
  -9.8122847e-01   7.3064850e-01   7.6572035e-01   9.7788726e-03  -1.3990902e-02  -9.4683337e-03
  -1.0238622e+00   8.3128255e-01   8.1014767e-01   1.1173957e-02  -1.4428639e-02  -9.2561407e-03
  -9.8224237e-01   7.9322239e-01   6.9529561e-01   9.8264848e-03  -1.3275594e-02  -9.2529730e-03
  -9.9452188e-01   8.2711382e-01   7.5274471e-01   1.1424955e-02  -1.4101487e-02  -9.3176000e-03
  -9.8711021e-01   8.2259471e-01   7.9422844e-01   9.9843715e-03  -1.3279482e-02  -9.3139437e-03
  -9.7994499e-01   8.1909624e-01   6.8359744e-01   1.1270930e-02  -1.3949382e-02  -9.3713249e-03
  -1.0071661e+00   8.3191772e-01   8.2692086e-01   9.9852346e-03  -1.3818266e-02  -9.2777647e-03
  -1.0024409e+00   8.1182848e-01   7.4983523e-01   1.1079558e-02  -1.4211040e-02  -9.6398177e-03
  -1.0111620e+00   8.4339837e-01   9.0104092e-01   1.0530262e-02  -1.3849185e-02  -9.4988107e-03
  -9.9531900e-01   7.6488342e-01   7.5241705e-01   1.0784982e-02  -1.4378894e-02  -9.9895087e-03
  -1.0136237e+00   8.3177180e-01   9.3158568e-01   1.0064829e-02  -1.3730838e-02  -9.8937284e-03
  -9.0818643e-01   7.1204292e-01   6.7160036e-01   9.5709544e-03  -1.1647382e-02  -1.1144611e-02
  -9.6653214e-01   8.6322496e-01   9.1821680e-01   1.0315879e-02  -1.2503750e-02  -9.3920421e-03
  -9.5097651e-01   7.6471940e-01   7.7184457e-01   1.0504242e-02  -1.3062872e-02  -9.4757318e-03
  -9.5971359e-01   8.5222537e-01   7.1599952e-01   1.1244029e-02  -1.3631212e-02  -9.9065997e-03
  -9.7554606e-01   8.4984649e-01   7.7659651e-01   9.8051929e-03  -1.2972069e-02  -1.0346901e-02
  -9.4974781e-01   8.5540524e-01   7.5981945e-01   1.0911695e-02  -1.2574146e-02  -1.0218691e-02
  -1.0063679e+00   8.5638271e-01   8.7286672e-01   9.9874445e-03  -1.2264097e-02  -1.0322467e-02
  -1.0036141e+00   8.3646876e-01   7.9899157e-01   1.0953009e-02  -1.3040828e-02  -1.0355469e-02
  -1.0225873e+00   8.9763169e-01   9.6727511e-01   1.0721088e-02  -1.2597409e-02  -9.9454261e-03
  -1.0045251e+00   7.7818540e-01   8.0303504e-01   1.0331729e-02  -1.2903368e-02  -1.0401165e-02
  -1.0210275e+00   8.9134063e-01   9.6168113e-01   1.0921628e-02  -1.3380638e-02  -1.0122444e-02
  -1.0002451e+00   7.9380991e-01   7.7952431e-01   9.9309543e-03  -1.3326296e-02  -1.0401110e-02
  -1.0183836e+00   8.8951010e-01   9.0186267e-01   1.0910611e-02  -1.3327446e-02  -1.0094968e-02
  -1.0382802e+00   8.8248128e-01   7.9189365e-01   1.1281710e-02  -1.3855528e-02  -1.0073059e-02
  -1.0570797e+00   8.3639783e-01   8.7138135e-01   1.0159870e-02  -1.3472797e-02  -1.0081655e-02
  -1.0792791e+00   8.8659321e-01   8.3611733e-01   1.1247792e-02  -1.3946875e-02  -9.7755318e-03
  -1.0985690e+00   8.5622266e-01   7.8507808e-01   1.1211639e-02  -1.4637856e-02  -9.5342208e-03
  -1.0972597e+00   8.5720046e-01   7.8798314e-01   1.0117902e-02  -1.4146062e-02  -1.0024113e-02
  -1.0864208e+00   9.1336046e-01   8.8701577e-01   1.1481177e-02  -1.4173418e-02  -9.7337665e-03
  -1.1145468e+00   8.4378589e-01   9.3782251e-01   9.6793550e-03  -1.4011272e-02  -9.9931685e-03
  -1.0930570e+00   8.2012729e-01   8.6542513e-01   1.1053005e-02  -1.4100777e-02  -1.0306716e-02
  -1.0722364e+00   9.1444739e-01   9.9118906e-01   1.1047658e-02  -1.3279146e-02  -9.8960448e-03
  -1.0827538e+00   8.1001243e-01   8.3350845e-01   1.0628730e-02  -1.3743137e-02  -1.0219437e-02
  -1.1158807e+00   9.4373909e-01   9.1835498e-01   1.1977051e-02  -1.4246322e-02  -1.0089624e-02
  -1.0941446e+00   8.6747852e-01   7.8100439e-01   1.1335883e-02  -1.4762097e-02  -1.0067276e-02
  -1.1019474e+00   9.2847100e-01   8.6637155e-01   1.1959230e-02  -1.4550731e-02  -1.0086900e-02
  -1.0923601e+00   9.0071398e-01   7.9659702e-01   1.1997524e-02  -1.4473174e-02  -1.0621769e-02
  -1.1079625e+00   9.4109083e-01   9.0000334e-01   1.1547829e-02  -1.4647977e-02  -1.0376849e-02
  -1.0913974e+00   8.9915588e-01   7.4528385e-01   1.2013138e-02  -1.4841727e-02  -1.0559998e-02
  -1.1239227e+00   9.5491839e-01   9.6476363e-01   1.1355905e-02  -1.4712434e-02  -1.0223867e-02
  -1.1040334e+00   8.6395379e-01   8.0858252e-01   1.1459967e-02  -1.5148438e-02  -1.0601061e-02
  -1.1327917e+00   9.6006830e-01   1.0011192e+00   1.1678568e-02  -1.5164279e-02  -1.0510858e-02
  -1.1111687e+00   8.9464895e-01   8.1672005e-01   1.0677642e-02  -1.4691699e-02  -1.0617467e-02
  -1.1227751e+00   9.4994683e-01   8.4588042e-01   1.1987676e-02  -1.4709703e-02  -1.0292231e-02
  -1.1268579e+00   9.4728679e-01   9.0608211e-01   1.0871005e-02  -1.4433381e-02  -1.0213638e-02
  -1.1149979e+00   9.0886770e-01   7.7806771e-01   1.1832255e-02  -1.5113303e-02  -1.0927510e-02
  -1.1464817e+00   9.8824659e-01   9.1291621e-01   1.1410869e-02  -1.4910897e-02  -1.0431779e-02
  -1.1181652e+00   9.2653368e-01   7.9574275e-01   1.2071276e-02  -1.5470469e-02  -1.0717363e-02
  -1.1214759e+00   9.6725177e-01   8.8024865e-01   1.0844996e-02  -1.4738228e-02  -1.0520799e-02
  -1.1174187e+00   9.6248658e-01   8.4401313e-01   1.2193275e-02  -1.5235254e-02  -1.0733930e-02
  -1.1261052e+00   9.3923869e-01   8.9568491e-01   1.0549810e-02  -1.4871446e-02  -1.0800854e-02
  -1.1357982e+00   9.5561346e-01   8.7100503e-01   1.2012110e-02  -1.5756248e-02  -1.1001191e-02
  -1.1509489e+00   9.7579087e-01   9.2970170e-01   1.0728620e-02  -1.5246793e-02  -1.0544120e-02
  -1.1271394e+00   9.2153409e-01   8.1325960e-01   1.2003777e-02  -1.5855376e-02  -1.0953083e-02
  -1.1400436e+00   9.8340842e-01   1.0004206e+00   1.1370260e-02  -1.4995193e-02  -1.0579696e-02
  -1.1221049e+00   9.0033838e-01   7.8782682e-01   1.1738571e-02  -1.5451366e-02  -1.1381235e-02
  -1.1737758e+00   1.0077219e+00   9.9633205e-01   1.1569844e-02  -1.5625978e-02  -1.0531996e-02
  -1.1515766e+00   8.8787792e-01   7.9295914e-01   1.1644586e-02  -1.6061415e-02  -1.1057082e-02
  -1.1609814e+00   1.0055670e+00   9.8436110e-01   1.1434185e-02  -1.5413980e-02  -1.0485763e-02
  -1.1353524e+00   9.1652045e-01   8.2049307e-01   1.2105946e-02  -1.6057902e-02  -1.0832843e-02
  -1.1551302e+00   9.8817582e-01   9.5774379e-01   1.1088591e-02  -1.5503945e-02  -1.0650120e-02
  -1.1317970e+00   9.0687649e-01   8.1595622e-01   1.1834705e-02  -1.5773625e-02  -1.1219087e-02
  -1.1466371e+00   9.4249394e-01   9.3993117e-01   1.0340337e-02  -1.5403614e-02  -1.0991113e-02
  -1.1264888e+00   9.0795689e-01   8.3283974e-01   1.1789117e-02  -1.5881573e-02  -1.1019254e-02
  -1.1163266e+00   9.3473656e-01   8.6173258e-01   1.0495288e-02  -1.5475390e-02  -1.0963128e-02
  -1.1374040e+00   9.6999341e-01   8.9354194e-01   1.2225428e-02  -1.6074411e-02  -1.0937958e-02
  -1.1420887e+00   9.2686416e-01   9.0546131e-01   1.0955829e-02  -1.5571246e-02  -1.1207941e-02
  -1.1452635e+00   9.4818110e-01   8.5980721e-01   1.2239638e-02  -1.5966730e-02  -1.1272893e-02
  -1.1618925e+00   9.7852870e-01   9.2961683e-01   1.1469012e-02  -1.5729593e-02  -1.1185421e-02
  -1.1429659e+00   8.7878704e-01   8.3814466e-01   1.1452032e-02  -1.5663218e-02  -1.1733612e-02
  -1.1961238e+00   9.8818513e-01   1.0089109e+00   1.1615937e-02  -1.6397862e-02  -1.1228751e-02
  -1.1819269e+00   8.7814522e-01   8.3992013e-01   1.0825435e-02  -1.6351066e-02  -1.1263180e-02
  -1.2025213e+00   9.5292859e-01   9.0114291e-01   1.1962790e-02  -1.6897596e-02  -1.1331293e-02
  -1.1895737e+00   9.5183257e-01   9.2620076e-01   1.0928049e-02  -1.6455431e-02  -1.0633535e-02
  -1.1648533e+00   9.4454052e-01   8.6246508e-01   1.2299624e-02  -1.6712110e-02  -1.0996892e-02
  -1.1614241e+00   9.3121706e-01   9.3807149e-01   1.0614919e-02  -1.5955792e-02  -1.1000207e-02
  -1.1707268e+00   9.3084597e-01   9.2751948e-01   1.2068530e-02  -1.6443947e-02  -1.1015591e-02
  -1.1502823e+00   9.6887045e-01   9.4457709e-01   1.1106669e-02  -1.5619734e-02  -1.0816578e-02
  -1.1414988e+00   9.3906274e-01   8.8862331e-01   1.2237423e-02  -1.6104735e-02  -1.1104421e-02
  -1.1539392e+00   9.7621268e-01   1.0190045e+00   1.1191137e-02  -1.5448131e-02  -1.0974612e-02
  -1.1543375e+00   9.2025337e-01   9.0855488e-01   1.2378632e-02  -1.5961366e-02  -1.1430958e-02
  -1.1650412e+00   9.8087248e-01   1.0113825e+00   1.1297330e-02  -1.5463159e-02  -1.1452411e-02
  -1.1506766e+00   9.1993353e-01   8.6647710e-01   1.1836432e-02  -1.5973246e-02  -1.1645962e-02
  -1.1941461e+00   1.0084927e+00   1.0801377e+00   1.1953771e-02  -1.5880227e-02  -1.1198190e-02
  -1.1396626e+00   9.0993519e-01   8.4967093e-01   1.1587678e-02  -1.5703455e-02  -1.1554205e-02
  -1.1702730e+00   1.0179140e+00   1.0521360e+00   1.2270049e-02  -1.5683180e-02  -1.1612893e-02
  -1.1276716e+00   9.1431785e-01   9.1087159e-01   1.0980837e-02  -1.5308183e-02  -1.1666348e-02
  -1.1512748e+00   9.7697870e-01   9.6245574e-01   1.2042956e-02  -1.5907321e-02  -1.1728192e-02
  -1.1438639e+00   9.9779873e-01   9.9244266e-01   1.1171209e-02  -1.5184892e-02  -1.1566064e-02
  -1.1214745e+00   9.4530026e-01   8.7636312e-01   1.2109608e-02  -1.5517866e-02  -1.2023475e-02
  -1.1624110e+00   1.0371104e+00   1.0553589e+00   1.1907283e-02  -1.5789040e-02  -1.1567539e-02
  -1.1157965e+00   9.2157607e-01   8.7497736e-01   1.1517967e-02  -1.5638133e-02  -1.1834576e-02
  -1.0997080e+00   1.0458426e+00   9.7708339e-01   1.2245348e-02  -1.4744031e-02  -1.1419534e-02
  -1.1134031e+00   9.4406587e-01   8.9943192e-01   1.0778024e-02  -1.4653774e-02  -1.2222954e-02
  -1.1360581e+00   1.0163797e+00   9.3974976e-01   1.1965273e-02  -1.4731283e-02  -1.1605455e-02
  -1.1318901e+00   9.8166485e-01   8.4950308e-01   1.1910214e-02  -1.4871004e-02  -1.1775181e-02
  -1.1523447e+00   1.0669704e+00   1.0818648e+00   1.2423818e-02  -1.4376937e-02  -1.1530579e-02
  -1.1407797e+00   1.0150141e+00   8.6742989e-01   1.2514441e-02  -1.5127053e-02  -1.1784923e-02
  -1.1396593e+00   1.0066544e+00   8.3732389e-01   1.1750294e-02  -1.5164302e-02  -1.2052406e-02
  -1.1567956e+00   1.0997682e+00   9.9862527e-01   1.2917221e-02  -1.4941988e-02  -1.1976504e-02
  -1.1679170e+00   9.7409077e-01   9.1840519e-01   1.0962156e-02  -1.4734156e-02  -1.2202977e-02
  -1.1438468e+00   1.0305036e+00   9.7548652e-01   1.2262701e-02  -1.4831216e-02  -1.2084447e-02
  -1.1583913e+00   9.9165040e-01   9.7889680e-01   1.0528357e-02  -1.4561215e-02  -1.2237905e-02
  -1.1632766e+00   1.0073698e+00   9.0074107e-01   1.2216601e-02  -1.5274757e-02  -1.2459933e-02
  -1.1859132e+00   1.0739139e+00   1.0201520e+00   1.1773870e-02  -1.5128665e-02  -1.2244083e-02
  -1.1681816e+00   9.8853848e-01   8.6470380e-01   1.1299289e-02  -1.5049435e-02  -1.2824608e-02
  -1.2038150e+00   1.0993095e+00   1.0092806e+00   1.2657020e-02  -1.5609582e-02  -1.2512241e-02
  -1.1855357e+00   1.0227942e+00   9.3046424e-01   1.0805049e-02  -1.4954727e-02  -1.2530028e-02
  -1.1741603e+00   1.0653618e+00   8.9023259e-01   1.2557451e-02  -1.5656368e-02  -1.2418605e-02
  -1.1877931e+00   1.0749027e+00   9.8982908e-01   1.1257257e-02  -1.4949281e-02  -1.2237087e-02
  -1.1814094e+00   1.0296548e+00   8.9955496e-01   1.2387263e-02  -1.5563238e-02  -1.2419628e-02
  -1.2167846e+00   1.0453744e+00   1.0246393e+00   1.0782294e-02  -1.5517277e-02  -1.2378947e-02
  -1.1893907e+00   1.0143531e+00   9.3019300e-01   1.2309311e-02  -1.5934768e-02  -1.2612251e-02
  -1.2308399e+00   1.0720090e+00   1.0447126e+00   1.1440646e-02  -1.6011264e-02  -1.2098553e-02
  -1.1891540e+00   1.0209246e+00   8.7450215e-01   1.2212800e-02  -1.6189059e-02  -1.2069842e-02
  -1.2065143e+00   1.0793224e+00   1.0341698e+00   1.1372024e-02  -1.5567538e-02  -1.1938348e-02
  -1.1475357e+00   1.0038274e+00   8.4563239e-01   1.1849811e-02  -1.5658873e-02  -1.2140134e-02
  -1.1891282e+00   1.0615162e+00   1.0417401e+00   1.1337186e-02  -1.5606342e-02  -1.2032313e-02
  -1.1835505e+00   9.8538991e-01   9.0505017e-01   1.1639228e-02  -1.6306665e-02  -1.2155751e-02
  -1.2251134e+00   1.0489485e+00   1.1034256e+00   1.1687356e-02  -1.6658493e-02  -1.2200147e-02
  -1.1998519e+00   9.2231394e-01   9.3919999e-01   1.0435193e-02  -1.6532928e-02  -1.2824968e-02
  -1.2353430e+00   1.0369740e+00   1.0905412e+00   1.1687447e-02  -1.7111574e-02  -1.2884013e-02
  -1.2222244e+00   9.1577339e-01   1.0154020e+00   9.8517408e-03  -1.6763459e-02  -1.3151396e-02
  -1.2076932e+00   1.0018189e+00   1.0524398e+00   1.1395337e-02  -1.6818480e-02  -1.3001357e-02
  -1.1625252e+00   9.4751218e-01   1.0106456e+00   9.7444114e-03  -1.5882424e-02  -1.3090669e-02
  -1.1370978e+00   9.6505368e-01   1.0087182e+00   1.1089295e-02  -1.5627522e-02  -1.3214578e-02
  -1.1579021e+00   9.3120208e-01   1.0395536e+00   9.7364942e-03  -1.5856753e-02  -1.3370944e-02
  -1.1580939e+00   9.6551847e-01   1.0584188e+00   1.1222966e-02  -1.6174368e-02  -1.3384692e-02
  -1.1995326e+00   9.8229005e-01   1.1306119e+00   1.0149494e-02  -1.6491140e-02  -1.3179702e-02
  -1.1941621e+00   9.0743332e-01   1.0329154e+00   1.0973357e-02  -1.7038832e-02  -1.3567463e-02
  -1.2091109e+00   9.8908693e-01   1.1996351e+00   1.0083447e-02  -1.6856863e-02  -1.3107258e-02
  -1.1630328e+00   8.7568333e-01   1.0135744e+00   9.6793711e-03  -1.6464908e-02  -1.4213421e-02
  -1.2123111e+00   1.0042013e+00   1.1321767e+00   1.0589730e-02  -1.6966995e-02  -1.4037481e-02
  -1.2050279e+00   8.8779461e-01   1.0934929e+00   9.3937405e-03  -1.7008841e-02  -1.4531962e-02
  -1.2035975e+00   9.6622216e-01   1.1049475e+00   1.0520177e-02  -1.7493366e-02  -1.3773468e-02
  -1.1924178e+00   9.4608229e-01   1.0072219e+00   1.1253323e-02  -1.7688707e-02  -1.4004203e-02
  -1.2179238e+00   1.0152136e+00   9.6164118e-01   1.1782607e-02  -1.8124696e-02  -1.4223290e-02
  -1.2113680e+00   9.9183205e-01   1.0115500e+00   1.0132279e-02  -1.7198740e-02  -1.4817733e-02
  -1.2111847e+00   1.0235740e+00   1.0477878e+00   1.1469083e-02  -1.7565525e-02  -1.4180253e-02
  -1.2141938e+00   1.0045392e+00   1.0095789e+00   1.0518611e-02  -1.7206009e-02  -1.4547134e-02
  -1.2329239e+00   1.0496840e+00   1.1114413e+00   1.1964439e-02  -1.7932042e-02  -1.4327212e-02
  -1.2341541e+00   9.9925501e-01   1.1436205e+00   1.0372765e-02  -1.7281295e-02  -1.4664397e-02
  -1.2208987e+00   9.7594291e-01   1.0342578e+00   1.2093037e-02  -1.8104178e-02  -1.4628612e-02
  -1.2263831e+00   1.0792996e+00   1.1600288e+00   1.1641119e-02  -1.7359460e-02  -1.4284569e-02
  -1.1941964e+00   9.7052939e-01   9.9259195e-01   1.1820175e-02  -1.7751271e-02  -1.4808384e-02
  -1.2288184e+00   1.0794464e+00   1.1763892e+00   1.1454911e-02  -1.7779549e-02  -1.4594492e-02
  -1.1948641e+00   9.7502678e-01   9.8467961e-01   1.1729100e-02  -1.7961369e-02  -1.5238143e-02
  -1.2285822e+00   1.0849592e+00   1.1541488e+00   1.1110241e-02  -1.8003129e-02  -1.4786023e-02
  -1.1766106e+00   9.9716668e-01   9.9469210e-01   1.1703058e-02  -1.8156791e-02  -1.5265539e-02
  -1.2170704e+00   1.0621799e+00   1.1765867e+00   1.0901954e-02  -1.8090537e-02  -1.5155712e-02
  -1.1566655e+00   9.9188935e-01   9.6676274e-01   1.1475068e-02  -1.7748205e-02  -1.5417406e-02
  -1.2105830e+00   1.0455746e+00   1.1866633e+00   1.0752071e-02  -1.8189780e-02  -1.4953296e-02
  -1.1855690e+00   9.5166673e-01   1.0256151e+00   1.0853619e-02  -1.8450355e-02  -1.5464503e-02
  -1.2137244e+00   1.0202662e+00   1.2029172e+00   1.0581485e-02  -1.7835039e-02  -1.5586072e-02
  -1.1920792e+00   9.1768221e-01   1.0396115e+00   1.0110614e-02  -1.7658754e-02  -1.6301691e-02
  -1.2163817e+00   1.0234755e+00   1.1867891e+00   1.0692954e-02  -1.7715303e-02  -1.6330987e-02
  -1.1845055e+00   9.4696901e-01   1.0113649e+00   1.0682446e-02  -1.7641471e-02  -1.6795756e-02
  -1.2280560e+00   1.0471857e+00   1.1997890e+00   1.0217671e-02  -1.7797850e-02  -1.6178967e-02
  -1.1559078e+00   9.4961809e-01   1.0363346e+00   1.0528087e-02  -1.7566695e-02  -1.6154632e-02
  -1.2054926e+00   1.0395966e+00   1.2299325e+00   1.0250260e-02  -1.7642199e-02  -1.6046847e-02
  -1.1624471e+00   9.4436311e-01   1.0167404e+00   1.0450397e-02  -1.7324588e-02  -1.6559051e-02
  -1.1943106e+00   1.0653104e+00   1.1901428e+00   1.0464094e-02  -1.7820962e-02  -1.6127468e-02
  -1.1352293e+00   9.4238741e-01   1.0553554e+00   9.6865314e-03  -1.7310017e-02  -1.6277778e-02
  -1.1369944e+00   1.0481780e+00   1.1433140e+00   1.0670051e-02  -1.7309311e-02  -1.5835354e-02
  -1.1214635e+00   9.3688392e-01   1.0951797e+00   9.4088792e-03  -1.6836058e-02  -1.6567980e-02
  -1.1350781e+00   9.7311126e-01   1.0866051e+00   1.0546140e-02  -1.7333759e-02  -1.6506010e-02
  -1.1793035e+00   9.8529768e-01   1.1496274e+00   9.9418180e-03  -1.7661242e-02  -1.6568481e-02
  -1.1595894e+00   9.5450050e-01   1.0017403e+00   1.0877305e-02  -1.7976603e-02  -1.6829985e-02
  -1.1837507e+00   1.0034331e+00   1.1788879e+00   1.0226683e-02  -1.7600754e-02  -1.6438088e-02
  -1.1428718e+00   9.3694588e-01   1.0385765e+00   1.0588833e-02  -1.7467074e-02  -1.7001328e-02
  -1.1707804e+00   9.8834288e-01   1.2236268e+00   1.0022086e-02  -1.7764508e-02  -1.6580210e-02
  -1.1601326e+00   9.0257839e-01   1.0540309e+00   9.7682081e-03  -1.7799717e-02  -1.7293172e-02
  -1.1728173e+00   1.0205245e+00   1.2069487e+00   1.0095439e-02  -1.7911592e-02  -1.6990532e-02
  -1.1274953e+00   9.4475161e-01   9.9627859e-01   1.0223775e-02  -1.7697810e-02  -1.7395094e-02
  -1.1781259e+00   1.0066439e+00   1.2234860e+00   1.0761184e-02  -1.8316843e-02  -1.6836867e-02
  -1.1564676e+00   9.7191403e-01   1.0402168e+00   1.1301756e-02  -1.8749057e-02  -1.7444947e-02
  -1.1827149e+00   9.9958772e-01   1.1212905e+00   9.5434783e-03  -1.8340285e-02  -1.7988312e-02
  -1.1921325e+00   9.8462685e-01   1.1220401e+00   1.1219013e-02  -1.9019554e-02  -1.7816601e-02
  -1.2225590e+00   1.0101502e+00   1.1760537e+00   9.7520052e-03  -1.8686677e-02  -1.7838866e-02
  -1.2147271e+00   9.9720267e-01   1.0908906e+00   1.1314585e-02  -1.9212974e-02  -1.7884865e-02
  -1.2503571e+00   1.0317176e+00   1.1799039e+00   1.0315997e-02  -1.9038854e-02  -1.8270703e-02
  -1.2443089e+00   9.6902189e-01   1.0702074e+00   1.0866537e-02  -1.9368876e-02  -1.8727271e-02
  -1.2717764e+00   1.0510832e+00   1.2247633e+00   1.1024181e-02  -1.9460004e-02  -1.8464163e-02
  -1.2227232e+00   9.2713838e-01   1.0375273e+00   9.8908910e-03  -1.8882626e-02  -1.8998433e-02
  -1.2470244e+00   1.0391960e+00   1.1352367e+00   1.1417469e-02  -1.9395681e-02  -1.8911811e-02
  -1.2210282e+00   9.8916561e-01   1.0666433e+00   1.0022779e-02  -1.8734514e-02  -1.8500733e-02
  -1.2024729e+00   9.9603722e-01   1.0348613e+00   1.1546730e-02  -1.9218371e-02  -1.8454950e-02
  -1.2180013e+00   1.0629689e+00   1.1541947e+00   1.0502354e-02  -1.8929134e-02  -1.7969421e-02
  -1.1858700e+00   1.0147923e+00   1.0462675e+00   1.1807137e-02  -1.9225555e-02  -1.8029293e-02
  -1.1485056e+00   1.1426890e+00   1.1451487e+00   1.1267457e-02  -1.8223157e-02  -1.5956902e-02
  -1.1388660e+00   1.0814323e+00   1.0594115e+00   1.2322150e-02  -1.8644862e-02  -1.6137361e-02
  -1.1838131e+00   1.1386389e+00   1.1834659e+00   1.1892325e-02  -1.8810060e-02  -1.6331331e-02
  -1.1887213e+00   1.0386604e+00   1.1107937e+00   1.1321829e-02  -1.8750973e-02  -1.6932180e-02
  -1.1946246e+00   1.1176966e+00   1.2061860e+00   1.2199435e-02  -1.8768953e-02  -1.6200974e-02
  -1.1857169e+00   1.0581371e+00   1.1477523e+00   1.1174366e-02  -1.8713227e-02  -1.6795407e-02
  -1.1683421e+00   1.0613087e+00   1.1370853e+00   1.2264517e-02  -1.8780531e-02  -1.7004948e-02
  -1.2093551e+00   1.0848971e+00   1.2576836e+00   1.2019320e-02  -1.9182271e-02  -1.6877839e-02
  -1.1815098e+00   1.0126623e+00   1.1183264e+00   1.1412094e-02  -1.8937553e-02  -1.7011638e-02
  -1.1839783e+00   1.1159360e+00   1.2388972e+00   1.2704001e-02  -1.8724477e-02  -1.6548243e-02
  -1.1603361e+00   1.0228188e+00   1.1363917e+00   1.1863077e-02  -1.8402878e-02  -1.7003401e-02
  -1.1835875e+00   1.1003547e+00   1.2046295e+00   1.2777966e-02  -1.8958153e-02  -1.7126512e-02
  -1.1716873e+00   1.0593956e+00   1.1197445e+00   1.2617541e-02  -1.8863044e-02  -1.7306700e-02
  -1.1911403e+00   1.1556977e+00   1.2763626e+00   1.2847166e-02  -1.9034872e-02  -1.6813339e-02
  -1.1610752e+00   1.0542524e+00   1.1251388e+00   1.2636457e-02  -1.9028623e-02  -1.7223045e-02
  -1.1889442e+00   1.1527263e+00   1.2856236e+00   1.2680532e-02  -1.8988395e-02  -1.6796795e-02
  -1.1703943e+00   1.0376275e+00   1.1579880e+00   1.2034201e-02  -1.9047935e-02  -1.7101386e-02
  -1.1569875e+00   1.1038080e+00   1.2718006e+00   1.2999241e-02  -1.9079431e-02  -1.6411546e-02
  -1.1545875e+00   1.0281646e+00   1.2246647e+00   1.1492852e-02  -1.8781495e-02  -1.6712283e-02
  -1.1350195e+00   1.1030002e+00   1.1688287e+00   1.3156012e-02  -1.8899269e-02  -1.6327537e-02
  -1.1463052e+00   1.1196954e+00   1.2152876e+00   1.2159832e-02  -1.8632392e-02  -1.6386734e-02
  -1.1504315e+00   1.1213315e+00   1.1756677e+00   1.3429895e-02  -1.9629952e-02  -1.6104978e-02
  -1.1769748e+00   1.1665205e+00   1.1297827e+00   1.3976128e-02  -2.0219225e-02  -1.6368398e-02
  -1.1554831e+00   1.1626656e+00   1.1242501e+00   1.3198126e-02  -2.0020953e-02  -1.6361009e-02
  -1.1501475e+00   1.2720291e+00   1.2691048e+00   1.4696196e-02  -1.9868383e-02  -1.5663822e-02
  -1.1075332e+00   1.1392481e+00   1.1724174e+00   1.2626132e-02  -1.9006983e-02  -1.6553874e-02
  -1.1272590e+00   1.2485530e+00   1.2627602e+00   1.4540594e-02  -1.9695091e-02  -1.6210474e-02
  -1.1269798e+00   1.2063115e+00   1.2462986e+00   1.2740082e-02  -1.9105531e-02  -1.6141320e-02
  -1.0953605e+00   1.1876770e+00   1.1860459e+00   1.4095162e-02  -1.9311542e-02  -1.6375443e-02
