   0.0000000e+00   0.0000000e+00   0.0000000e+00   0.0000000e+00   0.0000000e+00   0.0000000e+00
   3.5396095e-02   1.6435663e-02  -1.6940453e-01  -3.3148388e-03   1.7823123e-03  -5.5337709e-04
  -2.3638465e-02  -1.8090993e-01  -1.6797998e-01  -3.9991963e-03   2.4580733e-03   5.7585199e-04
  -2.9389703e-02  -8.4924468e-02  -1.7744745e-02  -3.2269479e-03   2.4358861e-03   6.3998555e-04
  -1.5218078e-02  -8.0123370e-02  -1.8529826e-02  -2.4969222e-03   2.2238686e-03   4.0404560e-04
  -2.3059193e-02  -4.8161355e-02  -1.5739474e-02  -1.9693249e-03   1.9094368e-03   3.2037307e-04
  -2.3045402e-02  -2.0897847e-02  -5.6762278e-02  -1.6378049e-03   1.9171467e-03   1.9984212e-04
  -2.1167249e-02  -3.2671272e-02  -2.1571854e-02  -1.1116522e-03   2.0860623e-03   1.3756080e-04
  -2.5326593e-02  -4.6833227e-02   1.1112227e-02  -9.3356840e-04   1.9905315e-03   1.6562911e-04
  -1.5823845e-02   2.9381324e-03   2.0131784e-02  -1.7236710e-03   2.4363137e-03  -9.5386013e-05
  -1.3800184e-02  -1.0460774e-01  -2.4092696e-02  -1.4541651e-03   2.4593876e-03  -2.2290000e-04
  -1.6036225e-02  -6.8881793e-02   2.3655433e-02  -1.4905578e-03   2.5128512e-03  -3.9190025e-04
  -7.9551377e-02  -9.1786400e-03   3.0084346e-02  -1.3147503e-03   1.7526219e-03  -5.7572467e-04
  -2.1676382e-02  -1.1117651e-01  -5.7737513e-02  -1.6485388e-03   2.5224238e-03  -7.3291648e-04
  -7.7574965e-02  -4.3708793e-03   4.3402625e-02  -2.0057296e-03   1.7855409e-03  -6.8017100e-04
  -4.8320209e-02  -6.4303442e-02  -4.3467245e-02  -9.8698657e-04   2.1163851e-03  -7.4420918e-04
  -2.4205533e-02  -4.9492852e-02  -2.3590172e-02  -1.3858994e-03   2.5888470e-03  -8.1189618e-04
  -3.3136357e-02  -5.3459174e-02  -5.0339683e-02  -1.7875266e-03   2.2339045e-03  -7.2067901e-04
  -3.4342640e-02   1.3301672e-02  -2.8992093e-02  -1.2923895e-03   2.4449525e-03  -6.9822920e-04
  -2.7508353e-02  -4.4630604e-02  -1.8413295e-02  -2.3228135e-03   2.0196200e-03  -4.3981992e-04
  -2.4517634e-02  -2.6253560e-03  -1.8166539e-01  -3.8068977e-04   1.9319457e-03  -6.6985860e-04
  -1.3948228e-02  -4.5474108e-02  -9.0999418e-02  -8.8851170e-04   2.1167753e-03  -9.1415980e-04
  -2.8557859e-02  -1.0581836e-02  -6.1481971e-02  -1.4362004e-04   2.3201152e-03  -7.7039880e-04
  -1.7293393e-02   2.4301877e-02  -2.1980210e-03   4.8381195e-05   2.1257581e-03  -7.6349378e-04
  -1.3120775e-02  -2.2670834e-02  -2.7759574e-02  -5.8182189e-05   2.0700661e-03  -9.7585920e-04
  -7.5788566e-03   3.0037320e-02  -3.7811617e-02   3.6458471e-04   2.1778449e-03  -1.0319057e-03
   1.3568205e-02   4.2091481e-02   7.6177743e-03  -1.3068141e-04   2.0980164e-03  -1.1564207e-03
   1.2758257e-02   2.6037773e-03  -6.4245543e-02   4.8647666e-04   2.3960474e-03  -1.2432141e-03
   2.0336151e-02   5.3425577e-02   2.5431912e-02   3.1286617e-05   2.3169204e-03  -1.3071843e-03
  -3.3389979e-04  -2.9637233e-02  -4.4548350e-02   3.8047867e-04   2.4449485e-03  -1.2242722e-03
  -8.8321146e-03   3.6675902e-02   2.4380461e-02   3.4922708e-04   2.4458682e-03  -1.1148703e-03
  -3.1433594e-03   8.4169643e-03  -7.5600499e-03   5.0161108e-04   2.6539015e-03  -1.1521314e-03
  -7.0419394e-03   1.6395309e-02  -7.5995016e-03   7.1457941e-04   2.3545727e-03  -1.2245974e-03
   9.8195568e-03   5.6674554e-03   9.8276270e-03   2.1150707e-04   2.2454267e-03  -1.3527859e-03
  -6.2868840e-03  -5.0655379e-02   1.7309957e-03  -3.2139746e-04   2.3529191e-03  -8.7093536e-04
  -6.1643950e-03   8.0026935e-03  -5.6635132e-03   6.5978599e-04   2.7768171e-03  -9.2264909e-04
   1.4162660e-03   3.3527512e-02   2.8964649e-02   2.9654499e-04   2.4343441e-03  -9.2472313e-04
  -1.5384293e-02  -4.6217215e-02  -6.0818306e-02   5.3722866e-04   3.1946080e-03  -8.8104776e-04
  -2.4698416e-02   1.4708496e-01   9.5415583e-02   2.0892918e-03   3.3273271e-03  -8.9177619e-04
  -1.7053354e-02  -5.4731128e-02  -1.4906116e-01   1.7083215e-04   3.7769835e-03  -1.1156436e-03
  -9.9565656e-03   3.3919392e-02  -4.7581485e-03  -4.3323275e-05   4.1652743e-03  -1.0057339e-03
  -1.8568228e-02  -2.2512100e-02  -5.9971912e-02   8.1791529e-04   4.2488120e-03  -1.1560502e-03
  -9.0807860e-03   5.9093123e-02  -1.1761606e-02   9.4082128e-04   4.4540682e-03  -1.0384266e-03
  -2.1666319e-02  -5.1973988e-03  -4.8711951e-02   1.4008790e-03   4.3796489e-03  -1.0531791e-03
   1.8896398e-03   5.1033503e-02  -6.1782509e-02   1.2426773e-03   4.8203152e-03  -1.3916462e-03
   2.6475421e-03   6.0684242e-02  -1.6959507e-02   1.2153787e-03   4.9440472e-03  -1.1591959e-03
  -7.2559885e-03   1.6205140e-02  -6.3916455e-02   9.7571277e-04   4.5921728e-03  -1.1891283e-03
  -2.1241189e-02   1.8930766e-01  -8.1814062e-02   1.3830533e-03   3.3579524e-03  -2.6820313e-04
  -2.1769008e-02   1.4428018e-01  -2.9435445e-02   2.3019321e-03   4.3093514e-03  -8.3296078e-04
  -1.4075642e-02   1.7976657e-01  -2.6123591e-02   2.0295303e-03   4.1572399e-03  -1.0664946e-03
  -1.4279062e-02   9.7990867e-02  -8.6630572e-02   2.1104054e-03   4.4990955e-03  -1.0355699e-03
  -3.3313865e-04   1.3666365e-01  -5.9811705e-02   1.7369323e-03   4.6083033e-03  -1.1563736e-03
  -1.4000459e-02   7.0658399e-02  -8.4317853e-02   1.6227837e-03   4.6056857e-03  -1.0947503e-03
  -5.1123191e-02   2.1188590e-01   1.5355490e-02   3.0206060e-03   3.9168680e-03  -8.7910830e-04
  -4.5181771e-02   4.9948564e-02  -5.6861765e-02   2.6296449e-03   3.7782340e-03  -1.3104196e-03
  -4.3418963e-02   1.6645211e-01  -3.4007550e-02   2.9909187e-03   3.5047524e-03  -1.3519554e-03
  -3.7675358e-02   1.0836759e-01  -7.2489472e-02   2.2548292e-03   3.6320687e-03  -1.2581460e-03
  -4.7622307e-02   1.1586727e-01  -5.5069839e-02   3.0050475e-03   3.7656523e-03  -1.1983920e-03
  -3.7174595e-02   1.4944892e-01  -2.0607237e-02   2.8281158e-03   3.7852832e-03  -1.3484181e-03
  -4.5135108e-02   9.4441529e-02  -3.0266530e-02   3.0780427e-03   3.8548857e-03  -1.4011144e-03
  -4.4186130e-02   1.9052293e-01  -1.1985464e-02   3.2286824e-03   3.9968413e-03  -1.2725574e-03
  -4.2755017e-02   9.7089688e-02  -2.0407342e-02   3.1635685e-03   3.7658878e-03  -1.2533702e-03
  -2.6480852e-02   1.7681221e-01  -9.4651494e-02   2.7194973e-03   3.9635615e-03  -1.4156075e-03
  -1.7203385e-02   1.9693774e-01  -1.0680226e-01   2.7779934e-03   4.1538855e-03  -1.2645238e-03
  -4.9539270e-02   1.6309011e-01  -7.0682305e-03   3.3047618e-03   4.2339344e-03  -1.1592048e-03
  -4.5821295e-02   1.7633015e-01   3.4800635e-02   3.3369075e-03   4.0921920e-03  -1.3008472e-03
  -5.3057409e-02   1.3869288e-01  -3.0749823e-02   3.7524493e-03   3.9327462e-03  -1.3520466e-03
  -4.6562728e-02   2.1418509e-01  -2.8505398e-02   3.5349746e-03   4.2567712e-03  -1.2754057e-03
  -4.8296690e-02   1.3599174e-01  -6.5726796e-02   3.5834693e-03   4.0066464e-03  -1.2032953e-03
  -4.8725169e-02   1.7939367e-01   4.9908636e-03   3.4177934e-03   4.1725314e-03  -1.1614302e-03
  -4.0040231e-02   1.4921216e-01   1.1571645e-02   3.6703385e-03   3.9603312e-03  -1.2412456e-03
  -4.3996702e-02   1.5201305e-01  -1.9129479e-02   3.8267284e-03   3.5692366e-03  -1.4009065e-03
  -3.5005198e-02   1.6279788e-01  -7.9698145e-03   2.8923986e-03   3.3693921e-03  -1.4517535e-03
  -1.9894178e-02   2.6950720e-01   9.2453823e-02   3.0304120e-03   2.3387608e-03  -1.5108671e-03
  -1.7575394e-02   3.7822587e-02  -9.8434501e-02   3.1930485e-03   2.4493232e-03  -1.6737322e-03
  -1.6181330e-02   1.9664536e-01   2.1840177e-02   3.9967720e-03   2.5697023e-03  -1.7942967e-03
  -3.1543974e-02   1.0320672e-01   5.2393460e-02   3.4380319e-03   2.8592578e-03  -1.3915857e-03
  -5.0011252e-02   1.3681395e-01   6.0341218e-02   3.6821521e-03   2.7820252e-03  -1.1783390e-03
  -4.7454740e-02   1.8429245e-01   2.4039055e-02   4.2936229e-03   2.4657671e-03  -1.3364870e-03
  -6.4653595e-02   1.6841026e-01   6.7932169e-02   4.0996210e-03   2.0985778e-03  -1.2108505e-03
  -7.5966166e-02   1.6277712e-01   8.1168858e-02   4.2341373e-03   2.1230255e-03  -1.2325286e-03
  -8.7194342e-02   1.5749071e-01   5.7827567e-02   3.7958291e-03   1.9181343e-03  -1.1238791e-03
  -1.0094913e-01   1.6168851e-01   7.3554290e-02   4.6968484e-03   1.7253819e-03  -1.0420919e-03
  -1.1935000e-01   1.9667528e-01   1.3741876e-01   4.7256080e-03   1.7607484e-03  -8.1146408e-04
  -1.4759626e-01   1.0787381e-01   1.1119767e-01   4.8299638e-03   1.3733340e-03  -7.9064617e-04
  -1.5011222e-01   1.7008935e-01   1.0803782e-01   4.6351851e-03   1.2611416e-03  -8.2540042e-04
   5.8177846e-02   2.2456158e-01  -8.9110763e-02   2.6593356e-03   7.0475532e-03  -9.7293272e-04
   6.1669788e-03   2.2332325e-01  -6.1733735e-02   4.7465082e-03   5.1570948e-03  -9.2389348e-04
  -2.2531534e-02   2.1419992e-01   5.5147884e-02   4.2141278e-03   4.0675833e-03  -9.0105493e-04
   3.1228697e-02   3.3330179e-01  -5.1689012e-02   2.0853492e-03   2.7156058e-03  -1.5265653e-03
   4.6362381e-02   4.8954990e-02  -2.3553226e-01   3.5020681e-03   4.4772030e-03  -1.3603897e-03
   1.5625129e-02   1.9434019e-01  -6.4197280e-02   3.4897845e-03   4.1201275e-03  -1.1614157e-03
   5.7281677e-03   1.8864191e-01  -2.8637310e-02   4.2660210e-03   4.3170202e-03  -1.2188832e-03
   6.2405559e-03   2.1732110e-01   2.1943303e-03   4.9727379e-03   4.1972914e-03  -1.3699161e-03
  -1.4227788e-02   1.6780434e-01  -1.2381878e-02   5.3269141e-03   3.9795310e-03  -1.4847602e-03
  -8.5043421e-03   2.1948507e-01   2.8998905e-02   5.5779607e-03   3.9193248e-03  -1.6985340e-03
  -1.3414687e-03   1.8677037e-01   3.8501900e-02   5.3816776e-03   4.2373623e-03  -1.7203269e-03
  -1.8763254e-02   1.7211942e-01   5.4062634e-02   5.1121856e-03   3.8791588e-03  -1.5966556e-03
  -3.1036980e-02   1.8751095e-01   6.7284671e-02   5.4418972e-03   3.7745323e-03  -1.5709886e-03
  -2.7594832e-02   2.4128931e-01   1.1160949e-01   4.3954095e-03   3.0229714e-03  -1.5333683e-03
  -2.9776623e-02   1.5576703e-01   4.6792226e-02   5.4368548e-03   3.2219387e-03  -1.5386308e-03
  -4.7837802e-02   1.0702155e-01   2.0164499e-02   4.6431626e-03   3.2420686e-03  -1.3492807e-03
  -6.7370248e-02   1.6119511e-01  -1.7178372e-02   4.9170763e-03   2.8096790e-03  -1.2619804e-03
  -6.4579839e-02   1.9556983e-01   9.3100864e-02   4.6375773e-03   2.9347338e-03  -1.2717241e-03
  -9.8448396e-02   9.3917810e-02   2.4334545e-03   5.5574917e-03   2.5033824e-03  -1.7889433e-03
  -1.4905709e-01   2.0644423e-01   1.8500158e-02   5.6651689e-03   1.5956486e-03  -1.6485376e-03
  -9.2715401e-02   1.4974341e-01  -3.7635616e-03   5.4804178e-03   1.7243359e-03  -1.6700609e-03
  -9.0906388e-02   1.6446959e-01   2.1758801e-02   5.9321689e-03   2.0145522e-03  -1.6761333e-03
  -8.9909803e-02   1.4042293e-01   3.7792059e-02   6.3110304e-03   2.0983016e-03  -1.3447097e-03
  -9.3052158e-02   1.4257358e-01   2.8542069e-02   6.3799306e-03   2.2295342e-03  -1.4018914e-03
  -9.0745805e-02   1.7510417e-01   9.2442026e-02   6.2549516e-03   2.1301584e-03  -1.4553522e-03
  -1.0526510e-01   1.1262844e-01   4.0376956e-02   6.8076766e-03   2.2994030e-03  -1.4516088e-03
  -1.0596086e-01   2.2523588e-01   8.0365597e-02   5.8042638e-03   1.6776642e-03  -1.3961081e-03
  -6.6099708e-02   2.3842048e-01  -2.9732552e-02   5.7924788e-03   1.5302594e-03  -1.7604822e-03
  -8.5431928e-02   3.8407978e-02  -8.2782860e-03   6.2550085e-03   2.0637722e-03  -1.5884605e-03
  -1.1183532e-01   1.8111958e-01   1.1659123e-01   6.3980131e-03   1.9765243e-03  -1.1038752e-03
  -1.1863820e-01   1.4263470e-01   6.5844772e-02   6.1767826e-03   1.7920666e-03  -1.3563523e-03
  -1.2028479e-01   2.0746186e-01   3.0215239e-02   7.0081437e-03   1.7813544e-03  -1.6704483e-03
  -1.1767683e-01   1.8396183e-01   1.8630189e-02   6.7867957e-03   1.9789632e-03  -1.4963574e-03
  -1.2270994e-01   1.8096774e-01   1.2812550e-02   6.6341514e-03   1.9595280e-03  -1.3079586e-03
  -1.1406329e-01   1.9289928e-01   5.9730922e-02   6.6838599e-03   1.7146500e-03  -1.4376958e-03
  -1.3138704e-01   1.6207551e-01   9.5841472e-02   6.8565253e-03   1.5008635e-03  -1.4825839e-03
  -1.1740122e-01   1.7279204e-01  -8.9159315e-02   5.9812065e-03   1.7158331e-03  -1.3962265e-03
  -6.7923007e-02   2.5701250e-01   1.9394697e-01   6.4495089e-03   9.8513125e-04  -2.0846934e-03
  -1.3139601e-01   3.1968555e-01  -1.0384602e-01   4.3810223e-03   6.0235442e-04  -1.4693184e-03
  -1.1806176e-01   8.6669289e-02  -2.3547979e-01   5.3113771e-03   1.5613423e-03  -1.7554663e-03
  -1.5927057e-01   1.9389787e-01  -6.5653095e-02   6.0724463e-03   9.9377550e-04  -1.5664503e-03
  -1.6368571e-01   1.8314848e-01  -2.6096935e-02   6.8605489e-03   7.8407555e-04  -1.7728615e-03
  -1.6315460e-01   1.9373813e-01  -6.6902869e-03   7.3315468e-03   4.5808759e-04  -1.9123690e-03
  -1.6905180e-01   2.2026954e-01  -4.1672115e-02   9.0332278e-03  -9.4638778e-05  -1.8279329e-03
  -1.0219284e-01   2.4218419e-01  -1.3751010e-01   8.2106623e-03   1.3192586e-03  -1.5630704e-03
  -1.1427224e-01   2.6060845e-01  -1.0187661e-01   8.5585185e-03   1.4568740e-03  -1.7805303e-03
  -1.4029403e-01   2.5991588e-01  -7.7817351e-02   8.2406745e-03   8.9201127e-04  -1.4710799e-03
  -1.6757907e-01   2.6735732e-01  -8.5382490e-03   8.2679826e-03   8.2302145e-04  -1.3269934e-03
  -1.6180001e-01   3.6492145e-01   3.0404345e-02   9.3844215e-03   3.3745728e-04  -1.5309554e-03
  -1.8509875e-01   1.5107267e-01  -5.5848804e-02   8.8933064e-03   4.1571688e-04  -1.4895449e-03
  -1.7815018e-01   3.0428008e-01   9.9751298e-03   8.9660369e-03   2.2720705e-04  -1.6463318e-03
  -1.8308790e-01   2.1410783e-01  -6.6153576e-02   9.1282456e-03  -2.5231067e-04  -1.8216982e-03
  -1.7298449e-01   2.9519870e-01  -1.6202801e-01   8.6620528e-03  -4.5951527e-04  -2.1863944e-03
  -1.9133385e-01   2.4346962e-01  -6.4869342e-02   9.3140728e-03   8.1446119e-05  -1.9056941e-03
  -1.9595042e-01   3.3608738e-01  -4.1101693e-02   9.7705507e-03   8.9465445e-05  -1.9461169e-03
  -2.0446674e-01   2.4281940e-01  -3.3357789e-02   9.5476544e-03   1.9447551e-04  -1.9069800e-03
  -2.0361978e-01   3.1792596e-01   4.0881958e-02   9.1160197e-03   5.4082473e-04  -1.6177140e-03
  -1.9777124e-01   3.6195471e-01  -1.9928381e-02   9.5266781e-03   3.3502847e-04  -1.6327213e-03
  -2.0984193e-01   1.9291542e-01   1.3389525e-02   9.3363602e-03   7.3106844e-04  -1.5773416e-03
  -2.1563119e-01   2.5504649e-01   2.8519768e-02   9.2007189e-03   7.5325734e-04  -1.4522220e-03
  -2.2276412e-01   2.6761798e-01   4.6407251e-02   9.5106048e-03   5.7669893e-04  -1.3413257e-03
  -2.3643319e-01   3.4890209e-01   9.4359184e-02   8.6439944e-03   5.4655696e-04  -1.0647002e-03
  -1.5514791e-01   3.1158000e-01  -9.3860009e-02   8.4207605e-03   7.2285316e-04  -1.9639399e-03
  -1.7465758e-01   3.0277396e-01  -1.6419598e-02   8.3472489e-03   6.1887452e-04  -1.8336490e-03
  -1.9108178e-01   3.0744117e-01   2.0979687e-03   8.6408566e-03   3.8219430e-04  -1.6277447e-03
  -1.9270531e-01   3.5954565e-01   2.4258305e-02   9.0249929e-03  -1.4882324e-05  -1.6978131e-03
  -1.9010650e-01   2.7637704e-01  -1.6681316e-01   8.6244077e-03  -7.5692346e-04  -1.0354336e-03
  -1.9614056e-01   3.4907393e-01  -8.2134581e-02   8.3441354e-03  -9.2402097e-04  -1.3945150e-03
  -2.1270367e-01   3.6949561e-01  -6.5878031e-02   9.4765921e-03  -4.9997116e-04  -1.0762409e-03
  -2.1891381e-01   2.5938153e-01  -5.6656585e-02   9.5225035e-03  -2.3936417e-04  -1.2623996e-03
  -2.1698718e-01   3.0855731e-01  -2.4303958e-02   9.4453883e-03  -3.5261961e-04  -1.2675317e-03
  -2.2219539e-01   3.1640979e-01   1.7762015e-02   8.7707384e-03  -5.0654114e-04  -1.0501405e-03
  -2.2498238e-01   3.1813024e-01  -8.9424943e-04   9.4583557e-03  -3.1442374e-04  -1.1195959e-03
  -2.2403765e-01   3.2876803e-01   3.0212239e-02   9.4827490e-03  -1.1811580e-04  -1.0504266e-03
  -2.2888525e-01   3.1367870e-01  -1.6574041e-03   9.6885008e-03  -1.9771452e-04  -1.0702359e-03
  -2.3077097e-01   3.5202290e-01   2.9436733e-02   9.4744035e-03  -6.4688790e-05  -9.3356975e-04
  -2.4200220e-01   2.9404291e-01  -1.7785987e-02   9.5428683e-03   1.6405525e-05  -9.5240954e-04
  -2.6033775e-01   3.3538496e-01   3.2418488e-02   9.9043085e-03   3.0493694e-05  -6.4001079e-04
  -2.1831657e-01   3.8553283e-01   2.0428379e-02   7.8870313e-03   7.9130662e-04  -8.9534549e-04
  -1.5213637e-01   4.9263230e-01  -2.6089640e-01   5.9282165e-03   7.1697883e-04  -1.3973735e-03
  -1.2924588e-01   1.9310018e-01  -1.6913433e-01   6.3080984e-03   1.3162833e-03  -8.9691080e-04
  -1.4881774e-01   2.3232932e-01  -1.8136506e-01   6.8796097e-03   1.6738651e-03  -1.0417723e-03
  -1.7104909e-01   3.1025984e-01  -1.1712514e-01   7.3324369e-03   1.6228950e-03  -8.7042957e-04
  -1.8744536e-01   2.6089139e-01  -1.2695638e-01   7.3987751e-03   1.1070820e-03  -7.8902087e-04
  -2.0093187e-01   3.3339878e-01  -9.2019867e-02   8.5455856e-03   8.7467678e-04  -9.6707653e-04
  -1.9438428e-01   3.2189176e-01  -1.3089845e-01   8.6553833e-03   1.0163724e-03  -1.0871972e-03
  -2.0043633e-01   3.2027841e-01  -8.0548057e-02   8.5069869e-03   9.3677174e-04  -9.2991460e-04
  -2.0809387e-01   3.2460506e-01  -2.1993509e-02   8.4547644e-03   1.0161255e-03  -9.2476528e-04
  -2.0899286e-01   2.7311833e-01  -2.3561885e-02   8.2504710e-03   8.7879920e-04  -8.6416561e-04
  -2.2277775e-01   3.1957383e-01   8.6834168e-03   8.6351078e-03   5.3638590e-04  -8.1858903e-04
  -2.2676699e-01   2.6714372e-01   1.5246479e-03   8.1495603e-03   5.1514496e-04  -9.0925419e-04
  -2.3478012e-01   3.1107598e-01  -8.7628180e-03   8.4244712e-03   3.0775098e-04  -8.4255107e-04
  -2.2675261e-01   3.0508900e-01  -2.2510388e-02   7.7756324e-03   5.6581524e-04  -9.3191194e-04
  -1.9725446e-01   4.2622747e-01   4.8840671e-02   8.4160076e-03  -1.4990151e-04  -1.5135040e-03
  -1.6891585e-01   2.4478340e-01  -1.3195912e-01   8.6002187e-03   1.1843462e-03  -1.4275800e-03
  -2.2013967e-01   2.2834299e-01  -1.3689709e-01   8.5047630e-03   1.1751842e-03  -8.2350082e-04
  -2.2984424e-01   3.1323989e-01  -7.1781636e-02   8.4231487e-03   9.1094014e-04  -8.4693468e-04
  -2.3929407e-01   2.7185996e-01  -5.4811639e-02   8.8763013e-03   6.2142171e-04  -8.3355599e-04
  -2.6799889e-01   3.4176590e-01  -3.8742695e-02   9.6051911e-03   1.5112151e-04  -6.7282644e-04
  -2.7653508e-01   3.1378474e-01  -3.6897266e-02   1.0320439e-02  -2.5224218e-04  -7.5611448e-04
  -2.7970377e-01   3.4359079e-01  -1.8604257e-03   9.8350303e-03  -2.0162111e-05  -8.6388316e-04
  -2.7525367e-01   2.7286187e-01  -3.6436686e-02   9.6125813e-03   1.4384532e-04  -7.4997116e-04
  -2.8794342e-01   3.0795898e-01   1.4457617e-02   9.8973950e-03  -1.0004560e-04  -7.0608634e-04
  -2.8722364e-01   2.6621392e-01   3.8590569e-03   9.5655292e-03  -3.0257294e-04  -7.0497963e-04
  -3.0070544e-01   3.1361918e-01   4.0831401e-02   1.0198505e-02  -6.0193620e-04  -6.1797293e-04
  -2.8657260e-01   2.1118907e-01   1.4503450e-02   9.7436072e-03  -3.6470957e-04  -9.2190761e-04
  -2.9447067e-01   2.9727963e-01  -1.1624355e-02   1.0049311e-02  -5.4160904e-04  -7.2244533e-04
  -2.1526253e-01   1.8703499e-01   5.0117958e-02   8.7999377e-03   3.1329555e-03  -5.9064182e-04
  -1.8410202e-01   2.6559273e-01   9.5935918e-03   9.9453462e-03   2.1430432e-03   2.7148930e-04
  -1.9136998e-01   2.3106046e-01  -3.6507862e-02   9.3499439e-03   2.1508753e-03   4.7507598e-04
  -2.2630659e-01   3.4950150e-01   3.8200313e-02   9.2733504e-03   1.3689716e-03   8.6238084e-04
  -2.3436641e-01   2.2012734e-01  -7.4001009e-02   9.7228903e-03   8.6153790e-04   3.6847941e-04
  -2.2836767e-01   3.6883276e-01   7.5548210e-02   9.9278351e-03   9.8293314e-04   6.3594541e-04
  -2.2863399e-01   1.8620781e-01  -1.0811106e-02   1.0430276e-02   1.1528826e-03   4.4227870e-04
  -2.4426467e-01   3.1211940e-01   8.2741630e-02   1.0779189e-02   1.0586645e-03   5.3074286e-04
  -2.5440591e-01   2.5630220e-01   4.6483615e-02   1.1023531e-02   1.1871259e-03   3.9428993e-04
  -2.5060840e-01   3.0441052e-01   4.6555713e-02   1.1422298e-02   1.2887992e-03   2.3762398e-04
  -2.5159464e-01   2.7381669e-01   4.2955934e-02   1.1553966e-02   1.5115737e-03   2.4186094e-04
  -2.4953803e-01   2.7887211e-01   6.5358635e-02   1.1318855e-02   1.2050146e-03   2.0640744e-04
  -2.6530299e-01   3.0513224e-01   1.2659232e-01   1.1720018e-02   1.0906047e-03   2.5043593e-04
  -2.6159317e-01   2.6350290e-01   1.0992488e-01   1.1514968e-02   1.2191406e-03   2.3021593e-04
  -2.4389854e-01   3.0417089e-01   1.0798606e-01   1.1519713e-02   1.0839050e-03  -4.4623455e-05
  -2.5053137e-01   2.2917463e-01   9.1564631e-02   1.0982135e-02   1.0843605e-03   1.8691977e-04
  -2.6314537e-01   2.7074971e-01   1.0445693e-01   1.1564528e-02   1.2490838e-03   4.1902856e-04
  -2.5331088e-01   3.4145094e-01   1.8412019e-01   1.0205761e-02   1.1249312e-03   6.8289606e-04
  -1.9899525e-01   3.1621844e-01  -5.7633436e-02   9.9581232e-03   1.4396624e-03   1.4047492e-04
  -1.9017391e-01   2.4081411e-01  -5.5191219e-02   9.3720422e-03   1.5608612e-03   1.0304100e-04
  -2.2384263e-01   3.0501169e-01   5.6817446e-02   1.0481950e-02   8.8643013e-04   3.0048620e-04
  -2.3309762e-01   2.6877969e-01   9.7610052e-02   1.0246944e-02   8.4580279e-04   5.3065934e-04
  -2.4230156e-01   2.5143252e-01   9.4860287e-02   1.0915321e-02   8.3151548e-04   3.9198233e-04
  -1.8994713e-01   3.7407005e-01   1.6509818e-01   1.0433983e-02   1.3120702e-03   2.4098975e-04
  -2.3379578e-01   2.2853815e-01   1.0950055e-01   1.1070780e-02   8.2856663e-04   4.5487074e-04
  -2.4810178e-01   3.1367209e-01   1.8517671e-01   1.1281241e-02   5.6551182e-04   6.2645167e-04
  -2.5240284e-01   2.8471746e-01   1.8314561e-01   1.1221136e-02   4.9143066e-04   3.8110688e-04
  -2.4285531e-01   2.9343541e-01   1.3981364e-01   1.1520376e-02   7.5835636e-04   1.2502169e-04
  -2.3494339e-01   3.1157346e-01   1.6712824e-01   1.0984290e-02   4.0977676e-04  -1.1396469e-04
  -2.2503037e-01   2.8497540e-01   1.0519970e-01   1.1236381e-02   7.5094337e-04  -2.4670990e-04
  -2.3970575e-01   2.7544681e-01   1.8374998e-01   1.0869328e-02   7.5678787e-04   2.9075202e-04
  -2.5584258e-01   2.8517409e-01   1.9288794e-01   1.2050599e-02   7.7793782e-04   2.9448029e-04
  -2.5070805e-01   3.2188599e-01   1.7373282e-01   1.1568436e-02   8.5711693e-04   2.9572333e-04
  -2.5515898e-01   2.4377185e-01   1.6483632e-01   1.1254910e-02   6.5997531e-04   2.9190147e-04
  -2.5865429e-01   3.0782493e-01   1.5812549e-01   1.1358225e-02   7.9158189e-04   2.5650823e-04
  -2.6684424e-01   2.5833925e-01   1.4367933e-01   1.0872140e-02   7.9162852e-04   3.9888755e-04
  -2.6334576e-01   2.7635794e-01   1.0393414e-01   1.1509177e-02   9.1075447e-04   2.5806765e-04
  -2.4354179e-01   2.8701910e-01   1.4620735e-01   1.0844812e-02   1.3728567e-03   4.7880974e-04
  -2.8544924e-01   2.2642374e-01   1.2170422e-01   1.1275665e-02   1.4409802e-03   8.3309127e-04
  -2.7326240e-01   3.0977719e-01   1.2153728e-01   1.1799675e-02   1.4346121e-03   6.5921958e-04
  -2.6690848e-01   2.6371200e-01   1.0589196e-01   1.1129572e-02   1.0665311e-03   4.6946061e-04
  -2.7933894e-01   2.4504269e-01   1.1119320e-01   1.1810141e-02   1.0698010e-03   3.9026527e-04
  -2.6326807e-01   3.0436674e-01   1.3070476e-01   1.1753748e-02   9.5920283e-04   2.6049683e-04
  -2.7903920e-01   2.4515220e-01   1.3981616e-01   1.1735850e-02   6.3302657e-04   3.4925098e-04
  -2.7455977e-01   2.8742461e-01   6.1611913e-02   1.2551704e-02   7.8142858e-04  -1.4376193e-04
  -2.6774611e-01   2.4325079e-01   5.0743552e-02   1.1310960e-02   8.3348070e-04   3.1727627e-04
  -2.9138470e-01   2.8011637e-01   1.1920749e-01   1.2400957e-02   4.1299861e-04   2.9832091e-04
  -2.8706137e-01   3.3493762e-01   1.4222633e-01   1.2967761e-02   6.4288352e-04   2.6780600e-04
  -3.0383755e-01   2.7664039e-01   1.1831934e-01   1.2147795e-02   4.1542753e-04   2.8633011e-04
  -3.0177184e-01   2.9515124e-01   7.7927578e-02   1.2672693e-02   1.7811365e-04   1.6948381e-04
  -2.9576536e-01   2.9000709e-01   1.3432542e-01   1.1893256e-02   1.3102574e-04   2.0777053e-04
  -2.8935073e-01   2.6061376e-01   4.2518663e-02   1.2413163e-02   1.9332417e-04  -6.6453120e-07
  -2.7487532e-01   3.0083675e-01   1.2705896e-01   1.2238676e-02  -8.1738532e-05   1.4165871e-05
  -2.9646237e-01   2.6019677e-01   1.0170027e-01   1.3059348e-02  -2.5883219e-04   3.9081263e-05
  -2.9975530e-01   3.2225819e-01   1.4518233e-01   1.3301506e-02   9.8307231e-05  -1.3589195e-05
  -2.9903342e-01   2.7391334e-01   1.1713371e-01   1.3245866e-02   1.0790623e-04   1.3789908e-04
  -3.0699929e-01   2.7454619e-01   1.1971194e-01   1.2962336e-02   1.2103552e-04   7.6962902e-05
  -2.7373357e-01   4.2070822e-01   1.6452883e-03   1.3087321e-02  -3.4248240e-04  -2.1588185e-04
  -1.2935243e-01   5.2668237e-01  -1.4849536e-01   1.2867265e-02   2.2517184e-03   1.2003732e-04
  -1.6844900e-01   4.4026301e-01   2.2797588e-02   1.3358156e-02   1.3915724e-03   7.3757751e-04
  -2.1696058e-01   3.6021668e-01   1.0010120e-01   1.3256358e-02   1.1309370e-03   1.2365882e-03
  -2.4210211e-01   3.2146966e-01   1.2468559e-01   1.3398582e-02   6.5287132e-04   1.2271620e-03
  -2.2978867e-01   3.6008307e-01   1.3458577e-01   1.4049833e-02   8.5313295e-04   1.1078803e-03
  -2.3921487e-01   2.7631714e-01   1.1901612e-01   1.3449934e-02   4.2107860e-04   1.1256881e-03
  -2.4385827e-01   3.2856702e-01   1.0246287e-01   1.3862307e-02   8.3695247e-04   1.1950074e-03
  -2.3852615e-01   3.8641720e-01   1.8714736e-01   1.3861200e-02   1.0417326e-03   1.0506038e-03
  -2.5137968e-01   2.6823719e-01   7.4975321e-02   1.4623348e-02   6.2470209e-04   9.4697484e-04
  -2.6859709e-01   3.7936314e-01   7.6304327e-02   1.4716331e-02   7.7665180e-04   7.3690738e-04
  -2.7181049e-01   3.0708045e-01  -1.7277759e-01   1.3785749e-02   5.8917832e-04   9.8441369e-04
  -2.4702568e-01   4.0581050e-01   5.1225465e-02   1.4300812e-02   8.3942028e-04   1.0091435e-03
  -2.6635581e-01   2.9881227e-01   4.8626183e-02   1.4362661e-02   1.0744933e-03   1.1327154e-03
  -2.5954560e-01   3.6712283e-01   9.0990780e-02   1.4849172e-02   1.2358856e-03   9.8410115e-04
  -2.5824651e-01   2.8999384e-01   7.1727604e-02   1.4764751e-02   1.2484123e-03   1.0533563e-03
  -2.5818944e-01   3.4658427e-01   9.8696158e-02   1.5165720e-02   1.0369003e-03   1.0713240e-03
  -2.6977126e-01   3.7030983e-01   1.3876153e-01   1.5151548e-02   1.3562058e-03   1.1688712e-03
  -2.7780365e-01   3.2386766e-01   1.1703871e-01   1.5285021e-02   9.3370232e-04   1.0500143e-03
  -2.8011054e-01   3.3800720e-01   1.1148274e-01   1.5302730e-02   9.4455640e-04   9.1707550e-04
  -2.7830384e-01   3.2221321e-01   1.4717685e-01   1.4464234e-02   8.7113382e-04   9.8339848e-04
  -2.6934146e-01   3.4671977e-01   9.2136462e-02   1.5248317e-02   1.0204462e-03   9.8236390e-04
  -2.7526222e-01   2.8836150e-01   1.1187368e-01   1.5331615e-02   1.0170801e-03   1.0591031e-03
  -2.7712268e-01   3.1426050e-01   1.0197009e-01   1.5180909e-02   1.0483035e-03   9.6157890e-04
  -2.7059737e-01   3.2892403e-01   9.6961935e-02   1.4710161e-02   9.3439903e-04   1.0904606e-03
  -2.8465066e-01   2.9125347e-01   3.7505647e-02   1.4596310e-02   7.2151865e-04   1.0986509e-03
  -2.5625599e-01   4.3877525e-01   1.0756385e-01   1.4616615e-02   1.1504938e-03   1.0067500e-03
  -2.6816185e-01   2.7044719e-01  -5.8645767e-03   1.4921330e-02   5.4730322e-04   8.7521363e-04
  -2.6897064e-01   3.7544343e-01   8.6155923e-02   1.4669595e-02   7.1344204e-05   1.0678528e-03
  -2.6686473e-01   3.0061681e-01   9.3753956e-02   1.4703439e-02   2.5786519e-04   8.6314501e-04
  -2.5802919e-01   3.3927734e-01   8.2572872e-02   1.5115919e-02   4.8106864e-04   8.0781331e-04
  -2.5905400e-01   3.5029323e-01   1.3045335e-01   1.4827932e-02   3.2047237e-04   9.8261585e-04
  -2.6516192e-01   3.2392757e-01   1.0099626e-01   1.5453808e-02   4.6458587e-04   8.2322139e-04
  -2.5678422e-01   3.6449812e-01   1.3871936e-01   1.5161671e-02   5.8272071e-04   9.6365683e-04
  -2.6562253e-01   3.1366777e-01   1.2883481e-01   1.5472432e-02   3.3062511e-04   8.9880221e-04
  -2.4407156e-01   4.6452413e-01   1.5951420e-01   1.4246575e-02   1.2948682e-04   7.6391771e-04
  -2.3743277e-01   2.8689601e-01   4.5910363e-02   1.4561115e-02   9.7998881e-05   4.8649010e-04
  -3.0456955e-01   3.4267131e-01   1.1776243e-01   1.5025057e-02  -5.7421447e-04   9.6144338e-04
  -2.5894115e-01   3.7605119e-01   1.5803514e-01   1.4865366e-02  -9.6787503e-05   8.8967430e-04
  -2.6111987e-01   2.9057396e-01   1.3251721e-01   1.4704380e-02  -1.3645420e-04   8.2030648e-04
  -2.6011896e-01   3.4190839e-01   1.6208882e-01   1.5163422e-02  -6.6292399e-05   7.9269884e-04
  -2.6683161e-01   3.1999079e-01   1.5341283e-01   1.5009009e-02  -3.5228367e-04   8.4299139e-04
  -2.7932914e-01   3.3073766e-01   1.6684746e-01   1.5298924e-02  -2.7783651e-04   9.3009199e-04
  -2.8090493e-01   3.3993884e-01   1.9652415e-01   1.5078150e-02  -4.9464414e-04   9.1446361e-04
  -2.7945966e-01   3.2503077e-01   1.6997278e-01   1.5560567e-02  -4.6913533e-04   6.9716178e-04
  -2.7081632e-01   3.4011732e-01   1.9092642e-01   1.4963688e-02  -6.4619431e-04   7.7658319e-04
  -2.8072463e-01   2.8611401e-01   1.7021565e-01   1.5194997e-02  -5.6585008e-04   7.3248346e-04
  -2.6795852e-01   3.8584001e-01   2.0924193e-01   1.4808904e-02  -7.6990840e-04   7.2175371e-04
  -2.6389896e-01   2.6632988e-01   1.4932941e-01   1.4629038e-02  -8.3966029e-04   5.5177635e-04
  -1.9816134e-01   4.3657672e-01  -1.0443899e-01   8.3767372e-03   1.3826031e-03   1.3577091e-04
  -1.5275151e-01   2.5969946e-01  -3.3207786e-01   5.4577188e-03   1.3871611e-03  -8.5485893e-04
  -1.5725678e-01   2.4576693e-01  -8.7347081e-02   8.5962470e-03   1.2661673e-03  -6.8518516e-04
  -1.7905966e-01   3.2066331e-01  -5.0148607e-02   1.0344275e-02   6.8780806e-04  -7.2187552e-04
  -2.0736541e-01   3.1478605e-01   1.5047172e-02   1.0724279e-02   4.1045114e-05  -5.8406822e-04
  -2.3712468e-01   3.0919713e-01  -4.7396405e-03   1.2052556e-02  -7.2915758e-04  -3.0954239e-04
  -2.3302564e-01   3.7685056e-01   2.9885152e-02   1.2251629e-02  -9.2935276e-04  -5.4722226e-04
  -2.5736001e-01   3.1458428e-01   4.1730198e-02   1.2237476e-02  -1.0942402e-03  -5.0031269e-04
  -2.5687276e-01   3.4277208e-01   5.5657325e-02   1.2391852e-02  -9.2597754e-04  -5.6803300e-04
  -2.4767452e-01   3.5698670e-01   7.3037652e-02   1.2173649e-02  -8.7882690e-04  -5.3920319e-04
  -2.6456157e-01   2.9171973e-01   2.3774676e-02   1.2451867e-02  -9.6088569e-04  -4.6110029e-04
  -2.6759921e-01   3.5155127e-01   8.7119295e-02   1.2270252e-02  -7.8325161e-04  -3.5270779e-04
  -2.7884486e-01   2.9117334e-01   6.3808901e-02   1.2827682e-02  -1.0546414e-03  -3.6307119e-04
  -2.7355625e-01   3.0880956e-01   7.2776633e-02   1.2438701e-02  -1.1499465e-03  -4.0777474e-04
  -2.7428193e-01   3.1454885e-01   6.9178222e-02   1.2050693e-02  -1.0236541e-03  -4.5326205e-04
  -2.7039318e-01   3.3733285e-01   2.1541410e-02   1.2607039e-02  -9.7685757e-04  -5.5144339e-04
  -2.6973852e-01   3.2188700e-01   4.5181938e-02   1.2247027e-02  -1.0458987e-03  -4.2178963e-04
  -2.7553214e-01   3.0407863e-01   1.8661798e-02   1.2841819e-02  -1.2461973e-03  -4.4063008e-04
  -2.6888578e-01   3.6478254e-01   6.6936414e-02   1.2576919e-02  -9.4054941e-04  -3.6908750e-04
  -2.7997613e-01   2.6900577e-01   8.9126681e-03   1.2552757e-02  -9.6669236e-04  -2.9461606e-04
  -2.7102221e-01   3.7071382e-01   2.8192544e-02   1.2494396e-02  -1.2642768e-03  -4.2280941e-04
  -2.5770202e-01   3.0390859e-01  -5.3461720e-03   1.1926358e-02  -1.7493774e-03  -8.3811106e-04
  -2.5043519e-01   3.1305062e-01   6.3134070e-03   1.2748501e-02  -8.6926668e-04  -4.8919549e-04
  -2.6149129e-01   3.3026820e-01   5.6479786e-02   1.2465882e-02  -1.0560565e-03  -2.5880763e-04
  -2.8470659e-01   2.8983589e-01   2.4851506e-02   1.2956978e-02  -1.2480493e-03  -3.0780361e-04
  -2.6925317e-01   3.6067234e-01   6.8829892e-02   1.3006645e-02  -8.0773410e-04  -3.1444519e-04
  -2.8237058e-01   4.2751215e-01   2.2764298e-02   1.3563119e-02  -1.0673986e-03  -3.0149599e-04
  -2.6459538e-01   4.7234756e-01   3.4160837e-02   1.2022316e-02  -1.5822785e-03  -2.5049001e-04
  -2.5459499e-01   2.6568800e-01   2.6532974e-03   1.2602990e-02  -1.0416539e-03  -3.9294070e-04
  -2.5665960e-01   3.6431026e-01   9.6337319e-02   1.2943707e-02  -1.1857044e-03  -3.6056688e-04
  -2.7353956e-01   2.9707928e-01   1.1528721e-01   1.2753762e-02  -1.2486459e-03  -2.2252532e-04
  -2.8007563e-01   3.3213690e-01   1.2865790e-01   1.3512006e-02  -1.2800926e-03  -2.1361553e-04
  -2.6940025e-01   3.8182070e-01   1.5063428e-01   1.3446726e-02  -1.4331584e-03  -3.0698272e-04
  -2.6871072e-01   3.1288737e-01   9.8758338e-02   1.3644701e-02  -1.5317095e-03  -4.0057861e-04
  -2.7144088e-01   3.4864653e-01   1.4171079e-01   1.3320671e-02  -1.3674301e-03  -2.4682588e-04
  -2.7466050e-01   3.3773008e-01   1.5201287e-01   1.2664188e-02  -1.1584992e-03  -2.0142217e-04
  -2.4222612e-01   5.2789812e-01  -1.7297516e-02   1.1846646e-02  -1.2625652e-03  -4.2833308e-04
  -2.1999103e-01   2.6291061e-01  -8.8144872e-02   1.2431515e-02  -7.2235209e-04  -4.4708223e-04
  -2.5757377e-01   3.2260128e-01   4.5504533e-03   1.2783221e-02  -1.4226262e-03  -2.9428043e-04
  -2.4201709e-01   4.1459200e-01  -2.6393023e-02   1.3883434e-02  -1.2362216e-03  -4.3587860e-04
  -2.5736868e-01   3.0453211e-01  -1.2205835e-01   1.3592524e-02  -1.2417907e-03   1.6831673e-04
  -2.1082286e-01   4.3824480e-01  -9.7507411e-05   1.4094546e-02  -5.4759012e-04   2.0011787e-04
  -2.3211453e-01   3.7632747e-01   3.7753244e-03   1.4245751e-02  -4.9053002e-04   5.4819774e-04
  -2.2729308e-01   4.1986526e-01   2.2025240e-02   1.4854778e-02   4.4902933e-06   5.0506396e-04
  -2.1957016e-01   4.0442891e-01   5.6943899e-02   1.4302731e-02   2.2789792e-05   4.8393491e-04
  -2.2787302e-01   3.7167468e-01   4.8052574e-02   1.4470180e-02   3.8381406e-04   5.8163741e-04
  -2.3077118e-01   4.1429923e-01   7.3533015e-02   1.4681793e-02   4.4343322e-04   8.2522090e-04
  -2.1637287e-01   3.7151181e-01  -3.3475439e-03   1.4135614e-02   5.1801891e-04   5.2160084e-04
  -1.9839319e-01   4.3235919e-01   7.5040068e-02   1.3085746e-02   2.7717403e-04   3.8892917e-04
  -2.1021794e-01   3.3722021e-01   5.6739105e-02   1.3591578e-02   4.4504275e-04   5.8721235e-04
  -1.9980158e-01   3.8671857e-01   6.5711622e-02   1.3439410e-02   9.2097047e-04   7.1004567e-04
  -2.1985315e-01   3.3851205e-01   6.2444971e-02   1.3394484e-02   8.0528795e-04   8.6711868e-04
  -2.2041130e-01   3.8068311e-01   8.1585101e-02   1.3682282e-02   8.2897958e-04   8.3290237e-04
  -2.1670922e-01   3.5241203e-01   9.5033940e-02   1.3460111e-02   5.9567643e-04   7.3137639e-04
  -2.0629075e-01   4.1249316e-01   6.0867372e-02   1.3570051e-02   4.8495743e-04   7.3758035e-04
  -2.1410158e-01   3.1959245e-01  -2.4570055e-03   1.3542023e-02   7.5412343e-04   6.3108428e-04
  -1.9626080e-01   4.0054877e-01  -1.0462777e-02   1.4293626e-02   8.8187220e-04   4.8645826e-04
  -4.2655168e-02   3.5261134e-01  -1.9917775e-01   1.2127597e-02   1.8337777e-03   1.2861497e-03
  -7.2521891e-02   5.8148367e-01   9.2618477e-02   1.1198419e-02   2.0140735e-03   1.5532106e-03
  -4.0192679e-02   3.4260439e-01  -1.6649670e-01   1.1488556e-02   1.9597155e-03   1.6252968e-03
  -1.0159535e-01   3.4098431e-01  -3.7509903e-02   1.2387016e-02   5.9448078e-04   1.7982446e-03
  -1.2544754e-01   4.1639428e-01   2.6051177e-02   1.3215576e-02   5.7683913e-04   1.8681369e-03
  -7.5592577e-02   3.9462843e-01   7.9550881e-03   1.1115225e-02   3.2790926e-03   8.6971956e-04
   1.0337348e-01   3.0966969e-01  -1.8444273e-01   8.4486427e-03   7.1350579e-03  -9.8655829e-04
   1.1443418e-01   3.8937305e-01  -7.7836688e-02   8.4161375e-03   7.0510027e-03  -1.0007385e-03
   8.4490779e-02   4.7561716e-01   5.9248080e-03   9.5118536e-03   6.9690602e-03  -3.6083082e-04
   7.4677206e-02   3.3424074e-01  -1.2619002e-02   9.5470606e-03   6.7613843e-03  -1.6111557e-04
   5.2447842e-02   4.9388870e-01   5.4172302e-02   9.3523386e-03   6.0144603e-03  -3.1682904e-05
   4.5027727e-02   2.3832791e-01  -1.1579713e-02   9.3704014e-03   6.3700798e-03  -1.3447782e-04
   4.9049060e-02   3.0239615e-01   2.2157248e-02   9.4234381e-03   6.5510344e-03  -2.7294079e-05
   4.1104700e-02   3.0570672e-01   3.1535784e-02   9.7349198e-03   6.5100546e-03  -3.0720246e-05
   3.7427802e-02   2.9454043e-01   4.0417405e-02   9.6918625e-03   6.7390396e-03   6.7980955e-05
   4.1013504e-02   3.7324722e-01   7.4605467e-02   9.7660513e-03   7.0491854e-03   2.2021790e-04
   3.6606501e-02   2.5634561e-01   7.5954800e-03   9.8907041e-03   6.8821599e-03   2.0072345e-04
   3.9355102e-02   2.8401189e-01   3.5452090e-02   9.9843151e-03   7.0940122e-03   2.7627533e-04
   3.5785307e-02   2.8564048e-01   4.4374123e-02   1.0312152e-02   6.9863364e-03   3.1221065e-04
   2.0901849e-02   3.7520020e-01   9.7335610e-02   8.9592097e-03   6.3105587e-03   4.0216611e-04
   1.5133876e-02   2.4403056e-01  -3.9524445e-02   9.3620761e-03   6.1401112e-03   2.4823070e-04
   2.5765611e-02   3.2379657e-01  -1.8633902e-02   9.4704762e-03   6.3278938e-03   2.5722403e-04
   3.1662475e-02   3.4424082e-01   1.9181043e-02   9.9650943e-03   6.6174622e-03   3.1619264e-04
   2.1447366e-02   3.0825243e-01   2.9562334e-02   1.0436093e-02   6.7104915e-03   3.5563588e-04
   2.0475842e-02   3.6202244e-01   5.8779891e-02   1.0194832e-02   7.0019679e-03   4.4182071e-04
