   0.0000000e+00   0.0000000e+00   0.0000000e+00   0.0000000e+00   0.0000000e+00   0.0000000e+00
  -1.9503457e-02   5.8622762e-02   1.2381337e-01   4.9905831e-04  -4.5291431e-04   2.6377596e-04
   1.9589797e-02  -7.5134444e-03   1.6560857e-01   5.9990815e-04   3.9915677e-05  -8.0839151e-06
  -3.8275447e-03   7.7426190e-02   1.3636171e-01   1.2358034e-03   7.2083666e-04   2.1486990e-04
  -7.3219013e-03   5.9298137e-02   1.6467551e-01   4.0785869e-03   1.1114893e-03   3.8567290e-04
  -2.9201595e-02   6.1668710e-02   9.8320177e-02   3.7546363e-03   7.7041053e-04   6.7222065e-04
  -4.4930107e-02   1.3967958e-01   1.3581122e-01   4.7023697e-03   1.5219127e-03   5.3930210e-04
  -2.3748285e-02   3.9645548e-02   2.0933890e-01   2.9312256e-03   1.5026008e-03   4.2467657e-04
  -4.6040856e-02   1.2247856e-01   2.4383520e-01   2.7045385e-03   1.2850882e-03   5.1165508e-04
  -4.8264486e-03   9.3107437e-02   2.5175824e-01   3.2391711e-03   1.8240979e-03  -1.2405374e-04
  -2.1720691e-02   7.6202841e-02   2.4266423e-01   4.3331431e-03   2.1346968e-03   4.0183769e-04
  -4.6488264e-02   1.2795301e-01   2.4305640e-01   4.8688662e-03   1.8577253e-03   4.9611977e-04
  -1.8532985e-02   8.6913815e-02   3.2071213e-01   4.3329063e-03   1.8702721e-03   3.7583816e-04
  -2.6158532e-02   1.0229307e-01   2.3800135e-01   5.8429536e-03   1.6513853e-03   6.5618241e-04
  -4.1666423e-02   1.9492082e-01   2.5785911e-01   5.2189931e-03   1.4575746e-03   8.9873786e-04
  -6.7912095e-03   8.3755408e-02   2.4473747e-01   5.3537459e-03   2.0560015e-03   5.2277348e-04
  -3.5629122e-02   2.0097688e-01   2.3701334e-01   7.1333190e-03   2.1424406e-03   5.7955932e-04
   1.5642383e-02   9.2648323e-02   2.9131937e-01   5.2489739e-03   2.9624626e-03   3.3418275e-04
  -1.6244001e-02   1.5324981e-01   2.1172869e-01   6.8925666e-03   3.0866680e-03   8.4419687e-04
   1.6647538e-02   1.3778016e-01   2.9786498e-01   6.7462617e-03   3.0896771e-03   7.1001373e-04
   6.9841974e-03   1.9042813e-01   2.3028184e-01   6.9781329e-03   3.4628264e-03   3.6944664e-04
   7.9047301e-02   1.8128917e-01   3.8512685e-01   6.0121956e-03   4.5357193e-03   3.4339548e-04
   8.6560027e-02   8.6433526e-02   3.5285730e-01   6.1368139e-03   4.2948151e-03   5.0247231e-04
   8.1842024e-02   1.8242807e-01   3.8670368e-01   7.5595244e-03   4.7975265e-03   9.0725034e-04
   8.8941735e-02   8.2030046e-03   5.7962246e-01   7.3583096e-04   2.3681398e-03  -6.4111528e-04
   1.0062028e-01   9.9047194e-02   4.9761425e-01   2.1325257e-03   3.2623106e-03  -8.8893212e-04
   1.2037010e-01   1.8380032e-02   5.4371462e-01   2.3989990e-03   3.0618906e-03  -9.4936522e-04
   9.3813426e-02   9.2710605e-02   5.4813918e-01   2.8041829e-03   3.2116096e-03  -4.4520616e-04
   1.2716261e-01   9.8468585e-02   5.4787167e-01   3.5495529e-03   2.8366400e-03  -6.6131795e-04
   1.1582112e-01   7.9063514e-02   4.6417578e-01   4.5098711e-03   2.6915831e-03  -4.5224156e-04
   8.4893168e-02   1.7426801e-01   5.0643517e-01   6.2996884e-03   2.7342540e-03  -1.9587829e-04
   1.0777640e-01   1.2285452e-01   5.0808583e-01   6.9427237e-03   2.9810479e-03  -3.0343761e-04
   6.5125248e-02   1.6100431e-01   5.3379115e-01   4.2445085e-03   3.0685577e-03   1.2907830e-04
   8.9313699e-02   1.2228160e-01   5.2159779e-01   5.3891543e-03   2.7887502e-03  -1.8000294e-05
   9.0761664e-02   1.3768165e-01   4.8520531e-01   7.3636352e-03   2.9884263e-03  -4.5361195e-05
   5.7174347e-02   2.1608160e-01   4.5995391e-01   7.8214244e-03   2.6775150e-03   1.3105269e-04
   6.5269081e-02   1.8375942e-01   5.6095645e-01   6.1279285e-03   2.5408648e-03   1.8383705e-04
   8.7115847e-02   1.3184123e-01   5.7645445e-01   6.3306414e-03   2.9596458e-03  -2.1089248e-04
   5.5791919e-02   2.2902666e-01   5.5917019e-01   7.5809518e-03   3.0502472e-03  -9.4403853e-06
   7.9765642e-02   1.2991119e-01   5.9457652e-01   6.5193244e-03   3.1233098e-03   7.4789884e-05
   4.7709242e-02   1.7907324e-01   5.4026372e-01   6.6724795e-03   2.6374525e-03   2.3812748e-04
   6.6979910e-02   1.7572898e-01   5.8404226e-01   6.8733336e-03   2.9855176e-03   1.3899351e-04
   6.2984251e-02   1.6217117e-01   5.4423110e-01   6.8227596e-03   3.2023690e-03  -6.9451567e-06
   5.9011263e-02   2.1251289e-01   6.0693309e-01   6.2889138e-03   3.0126065e-03   3.4259676e-04
   6.8534837e-02   1.4875381e-01   5.6403408e-01   7.5225223e-03   3.2039690e-03   2.4297559e-04
   3.2072319e-02   2.0905272e-01   5.7866540e-01   7.6143827e-03   3.0124983e-03   4.7388787e-04
   5.4842763e-02   1.5956501e-01   6.0848309e-01   7.6291892e-03   3.1716050e-03   2.7223017e-04
   2.8592258e-02   2.1949572e-01   5.5350360e-01   8.0186309e-03   2.9558422e-03   5.4222297e-04
   3.0511348e-02   1.7688677e-01   6.1855239e-01   6.0268288e-03   2.7615985e-03   6.0764459e-04
   2.0120801e-02   2.4661199e-01   5.6637523e-01   6.8607113e-03   2.6762606e-03   5.5459532e-04
   4.8764400e-02   1.5293582e-01   4.3938017e-01   8.5197364e-03   2.8700900e-03   4.7496985e-04
   2.9449760e-02   2.2904431e-01   4.7039437e-01   9.0640735e-03   2.6945426e-03   7.7840569e-04
   2.7837157e-02   2.3558643e-01   5.4802620e-01   1.0091594e-02   2.2106963e-03   7.0015322e-04
   1.2672334e-02   2.2489090e-01   4.8202931e-01   9.3246511e-03   1.9749963e-03   8.6065153e-04
   2.5253306e-02   2.3515784e-01   5.5400907e-01   8.4614420e-03   2.1078674e-03   9.1521077e-04
   5.0562366e-03   1.9909034e-01   3.5515421e-01   8.2761230e-03   2.2766250e-03   5.7297906e-04
   1.0261258e-02   2.4597955e-01   4.0187384e-01   8.8059895e-03   2.2446975e-03   7.9804200e-04
   3.3378544e-02   2.1744040e-01   4.6955884e-01   8.8758533e-03   2.4714015e-03   5.3671528e-04
   1.8064852e-02   2.2722945e-01   4.5159016e-01   9.6657322e-03   2.2308520e-03   5.9954177e-04
   1.1686491e-02   2.4360503e-01   5.3459547e-01   8.6498054e-03   2.0480067e-03   7.0135506e-04
   2.3931285e-02   1.9354580e-01   5.0867371e-01   8.7644606e-03   1.7584948e-03   4.7154641e-04
  -3.1494693e-03   2.6874643e-01   5.5123149e-01   8.8308953e-03   1.8721407e-03   7.5891478e-04
   1.7686185e-02   2.0237674e-01   5.2163900e-01   8.8436900e-03   1.8200129e-03   5.7572423e-04
  -1.5217505e-02   2.7263982e-01   5.1924763e-01   9.1836864e-03   1.6700512e-03   8.0485453e-04
   2.3074309e-02   1.8795121e-01   4.9309243e-01   8.7850911e-03   1.7858704e-03   4.4432359e-04
  -8.1051005e-03   2.4423848e-01   5.6778309e-01   8.6257689e-03   1.5864818e-03   6.4416440e-04
   3.4570683e-02   1.9242172e-01   6.0587808e-01   8.1480883e-03   1.5845237e-03   4.6889178e-04
   3.0458696e-02   2.3708469e-01   4.6205428e-01   8.7578351e-03   1.4228577e-03   2.5902686e-04
   2.5094207e-02   2.3329991e-01   5.5741053e-01   8.9719522e-03   1.6415906e-03   5.9874522e-04
   3.7847361e-02   1.8006964e-01   5.2194617e-01   9.2824881e-03   1.5264629e-03   5.5463261e-04
   5.5982926e-03   2.5594643e-01   5.5299360e-01   9.6571137e-03   1.3034393e-03   7.4101499e-04
   3.6704865e-02   2.0667835e-01   6.0850437e-01   8.7134064e-03   1.2526086e-03   6.7042409e-04
   2.7697294e-02   2.0393355e-01   4.9798952e-01   9.1805542e-03   1.0761561e-03   7.9347787e-04
   1.6212713e-02   2.7484044e-01   5.6518824e-01   9.3142506e-03   1.1570590e-03   7.5779512e-04
   4.0141124e-02   1.9855374e-01   5.5538859e-01   9.5131466e-03   6.7368127e-04   4.5795876e-04
   2.9442960e-03   2.7554777e-01   5.4453984e-01   9.7244573e-03   3.6537627e-04   1.0326912e-03
   3.1275420e-02   2.6021279e-01   5.5163124e-01   1.0347050e-02   3.3455756e-04   6.0203506e-04
   1.4331569e-02   2.2503154e-01   5.4544169e-01   9.7273411e-03   4.5116350e-05   8.0221863e-04
   1.4853406e-02   2.5002050e-01   5.9835150e-01   9.8166614e-03   3.9333096e-04   8.3228029e-04
   1.9121438e-02   1.9426649e-01   5.4687546e-01   9.1409183e-03   3.1799904e-04   5.6486985e-04
  -1.0698285e-02   2.6678131e-01   6.1507221e-01   9.2903191e-03   1.5913469e-04   5.7265565e-04
   2.2429321e-02   2.2646484e-01   6.3967278e-01   1.0504386e-02   4.5677479e-04   2.0724129e-04
   1.3475065e-02   2.2560860e-01   6.3771668e-01   1.0051800e-02   6.1739001e-04   5.2933475e-04
  -1.9315407e-02   2.5329485e-01   6.7759857e-01   9.6590797e-03   4.7074078e-04   5.9478958e-04
   8.8977305e-03   1.9525643e-01   6.5598176e-01   9.9491483e-03   4.3027651e-04   4.0565794e-04
  -2.5080485e-02   2.6145088e-01   6.3635125e-01   9.8040809e-03   1.8458074e-04   4.3084873e-04
   1.9468730e-02   2.2934488e-01   7.6689730e-01   8.1618134e-03   4.5969271e-04  -1.6567895e-04
  -8.4552486e-04   1.7181087e-01   7.3058635e-01   8.2235567e-03  -1.4969421e-04  -1.6470937e-05
  -3.0724266e-02   2.5666723e-01   7.2322983e-01   8.8358787e-03  -5.5148645e-05   1.8716579e-04
   1.5554513e-03   2.4563818e-02   6.7141110e-01   6.9795559e-03  -1.8341652e-03   2.3731028e-03
   2.3350077e-01  -3.6870303e-01   5.0892709e-01  -7.5094977e-03   7.9283659e-04   4.4660542e-03
   2.4107459e-01  -2.6357912e-01   5.8500902e-01  -1.8149025e-03   1.0649738e-03   3.5866675e-03
   1.8501402e-01  -8.4639708e-02   6.0538802e-01   3.5266064e-03   1.4630015e-03   2.5595133e-03
   2.3611065e-01  -1.0231967e-01   6.7648708e-01   3.4108920e-03   1.7705000e-03   2.4852376e-03
   1.9563922e-01  -8.6357893e-02   6.0672815e-01   3.5370985e-03   1.9312711e-03   2.6756064e-03
   1.7382897e-01  -6.7114559e-02   5.6650550e-01   2.8526662e-03   1.6630743e-03   3.5485835e-03
   1.8592195e-01  -1.2925810e-01   5.7808086e-01   3.3656430e-03   1.9478244e-03   3.3373930e-03
   1.5226120e-01  -5.1288775e-02   5.4189479e-01   3.4860249e-03   1.6130558e-03   3.7385527e-03
   1.7212700e-01  -1.2105297e-01   5.8483820e-01   2.2506405e-03   1.9614211e-03   3.7816547e-03
   1.6573018e-01  -6.4690590e-02   6.0540334e-01   1.9906570e-03   1.8113692e-03   3.8356239e-03
   1.9844042e-01  -1.3010954e-01   5.8618180e-01   3.1807186e-03   2.2992142e-03   2.9499568e-03
   1.7551829e-01  -1.1064731e-01   5.0853636e-01   3.9312209e-03   1.8775860e-03   3.0620434e-03
   1.3652998e-01  -6.0024040e-02   5.6914296e-01   3.9278216e-03   1.6601013e-03   3.4608124e-03
   1.6799667e-01  -1.2836799e-01   6.1256304e-01   3.3736898e-03   1.7450125e-03   3.2518836e-03
   1.4504471e-01  -1.2596473e-01   6.0418777e-01   3.0551746e-03   2.0966016e-03   3.1544803e-03
   1.3841995e-01  -9.2657782e-02   5.9638812e-01   3.7133073e-03   2.2201202e-03   3.2219265e-03
   1.4119019e-01  -1.0792858e-01   6.3187698e-01   3.5579671e-03   1.8860508e-03   3.0719287e-03
   1.3409136e-01  -1.4712902e-01   6.3769997e-01   3.0723799e-03   1.8605882e-03   2.8453756e-03
   1.5444474e-01  -1.3616046e-01   6.3821656e-01   2.9708121e-03   2.6569593e-03   2.9377245e-03
   1.6944197e-01  -1.3178203e-01   6.7419046e-01   3.9447180e-03   3.0633749e-03   2.8504171e-03
   1.6107201e-01  -1.5614879e-01   6.4701279e-01   4.2294056e-03   2.9023834e-03   2.4026548e-03
   1.4469325e-01  -1.0849902e-01   6.6895938e-01   3.4141936e-03   2.9564583e-03   2.8321405e-03
   1.8861164e-01  -1.7731676e-01   6.5737163e-01   3.3389910e-03   3.1692799e-03   2.3828665e-03
   1.5361540e-01  -1.1965462e-01   6.7991888e-01   3.8600336e-03   3.0483615e-03   2.9246416e-03
   1.7142847e-01  -1.3477422e-01   6.8418084e-01   3.8833907e-03   3.0658410e-03   3.2228329e-03
   1.7288846e-01  -2.0149610e-01   6.4454897e-01   3.5035757e-03   2.4256134e-03   2.9026215e-03
   1.5203159e-01  -1.1421023e-01   7.0809955e-01   3.2321560e-03   2.5021046e-03   3.2872590e-03
   1.8010118e-01  -2.8646640e-01   7.6953385e-01   9.4906152e-04   2.0936429e-03   2.8887847e-03
   1.9254094e-01  -1.7071362e-01   7.6428877e-01   3.2575556e-03   2.5318325e-03   2.0976952e-03
   1.4959689e-01  -1.9673586e-01   6.9941601e-01   4.0043780e-03   2.5122227e-03   1.9974766e-03
   1.3108870e-01  -1.5139966e-01   6.7030659e-01   3.9880801e-03   2.2841873e-03   2.4798867e-03
   1.4907709e-01  -1.6293169e-01   6.8986373e-01   3.9644234e-03   2.7673067e-03   2.3726640e-03
   9.7806152e-02  -1.5355298e-01   4.4147249e-01   3.6889300e-03   1.9941992e-03   1.8244861e-03
   9.8265425e-02   1.6997682e-02   5.2038748e-01   5.1929144e-03   2.4982526e-03   1.8353016e-03
   1.4740674e-01  -1.0334650e-01   5.9349842e-01   4.6171285e-03   2.7274455e-03   1.4875813e-03
   1.2420123e-01  -7.0019909e-02   6.7036146e-01   4.3289619e-03   2.8775549e-03   2.2570114e-03
   1.4014341e-01  -1.8826714e-01   6.1451826e-01   4.5910069e-03   2.8308790e-03   1.9481158e-03
   9.0254720e-02  -1.3078578e-01   6.3545280e-01   4.5554925e-03   2.2320277e-03   2.1220818e-03
   1.2014642e-01  -1.7358046e-01   6.6467635e-01   4.2503857e-03   2.4892908e-03   2.0481017e-03
   1.2233161e-01  -1.7021632e-01   5.8892921e-01   4.6773364e-03   2.5209268e-03   2.1257149e-03
   1.2296549e-01  -1.3638097e-01   6.6656873e-01   3.8043410e-03   2.6417130e-03   2.1831027e-03
   1.5118523e-01  -1.9723205e-01   6.7836018e-01   4.3749500e-03   3.1408506e-03   2.1146387e-03
   1.3034848e-01  -1.6181390e-01   6.6745913e-01   4.6474441e-03   3.0586624e-03   2.6545702e-03
   1.2894839e-01  -2.0586855e-01   6.6069282e-01   4.2411590e-03   2.9898991e-03   2.4836420e-03
   1.1206609e-01  -1.8447820e-01   6.0325568e-01   4.8802169e-03   2.7804444e-03   2.4384868e-03
   1.1233670e-01  -1.3931175e-01   6.2336838e-01   4.5385139e-03   3.1471784e-03   2.5430075e-03
   1.2217077e-01  -2.3080196e-01   6.0391502e-01   3.4119305e-03   2.8962251e-03   2.6930100e-03
   1.1155376e-01  -1.1207136e-01   6.4817399e-01   4.6022006e-03   3.0270001e-03   2.6090185e-03
   1.1388214e-01  -1.6655276e-01   5.2016655e-01   5.3790420e-03   3.0082833e-03   1.8059958e-03
   1.0159154e-01  -1.5313579e-01   5.5492886e-01   4.6983214e-03   3.0106139e-03   2.4707673e-03
   1.0858265e-01  -1.7066712e-01   5.8914806e-01   4.7792265e-03   2.8513886e-03   2.4579854e-03
   1.0395739e-01  -2.0776356e-01   5.3702955e-01   4.8645694e-03   2.7697025e-03   2.2956039e-03
   7.2119372e-02  -1.2474237e-01   6.5198179e-01   4.9805144e-03   2.4691015e-03   2.4522242e-03
   9.1289344e-02  -2.3121439e-01   5.9300596e-01   4.2353754e-03   2.2551725e-03   2.2258786e-03
   5.8158363e-02  -1.5062877e-01   6.3880082e-01   3.6908546e-03   2.2443576e-03   2.2092708e-03
   9.1422725e-02  -2.1043620e-01   6.4522621e-01   4.1125671e-03   2.6890339e-03   2.2307146e-03
   7.0341954e-02  -2.1366886e-01   5.6973485e-01   4.4128417e-03   2.6219131e-03   2.0757949e-03
   4.9298969e-02  -1.4752808e-01   6.1140997e-01   3.9974024e-03   2.1019804e-03   2.1024003e-03
  -4.9990198e-03  -1.4741187e-01   4.1186351e-01   2.9487838e-03   1.6330378e-03   2.1955222e-03
   5.3553838e-02  -2.0201941e-01   6.0356237e-01   4.6597024e-03   1.4443233e-03   1.9109210e-03
   2.4345138e-02  -1.7827564e-01   6.3223697e-01   5.0575019e-03   8.8824482e-04   2.5309582e-03
   1.4952664e-02  -1.7517324e-01   7.0470447e-01   5.0612491e-03   8.1799139e-04   2.3202397e-03
   1.6728875e-02  -1.9027324e-01   6.5897416e-01   5.8784460e-03   7.9795988e-04   2.1335682e-03
   5.6822536e-02  -1.4372137e-01   9.7804643e-01   1.8873463e-03  -7.4845706e-04   1.8644567e-03
   5.5494663e-02  -1.5689222e-01   9.9728591e-01   1.8109431e-03   4.4415369e-04   9.5570007e-04
   2.9814582e-02  -1.7310521e-01   8.4898074e-01   2.1899190e-03  -7.0705899e-05   7.6102829e-04
   4.3551375e-02  -1.0919885e-01   7.9687190e-01   3.8370536e-03   3.9271119e-04   1.1858910e-03
   1.0618697e-02  -1.6985623e-01   6.9405948e-01   3.5735544e-03  -1.3015811e-04   9.2485181e-04
  -2.2175048e-02  -7.5631424e-02   7.7577792e-01   5.1677489e-03  -2.2178367e-04   1.2072128e-03
  -5.1870551e-03  -1.8657095e-01   7.4680154e-01   3.6691689e-03  -1.1090163e-05   1.1247137e-03
  -2.0298276e-02  -1.1870648e-01   7.6554573e-01   4.6989252e-03   1.1559055e-04   1.6365838e-03
  -1.2648189e-02  -1.7344719e-01   7.6742636e-01   4.4943116e-03   1.0842721e-04   1.6825422e-03
  -3.1992915e-02  -1.9327987e-01   7.2178260e-01   4.2262501e-03  -1.8965161e-04   1.6558512e-03
  -2.9563737e-02  -1.5083102e-01   8.4451705e-01   3.7177066e-03   5.7203381e-05   2.0911169e-03
  -6.4111618e-03  -2.4164787e-01   8.0993092e-01   3.0285672e-03  -2.3756614e-04   2.3744456e-03
  -1.3376223e-02  -1.9290640e-01   8.1893395e-01   4.1609854e-03   1.1378094e-05   1.9616964e-03
  -2.3805783e-02  -1.9470052e-01   8.3179167e-01   3.4603921e-03  -2.7993171e-04   2.2532433e-03
   2.6338257e-03  -2.1083556e-01   8.2203684e-01   5.3126312e-03   2.1891781e-04   1.5337518e-03
   1.8523723e-03  -1.7402371e-01   8.0000626e-01   4.9575571e-03   6.5181902e-04   2.0564393e-03
  -2.0901865e-03  -1.8997052e-01   7.9631054e-01   5.4327028e-03   7.7565995e-04   2.0183025e-03
  -2.4632063e-02  -2.1845668e-01   7.7653321e-01   5.1137444e-03   8.8900769e-04   2.0313270e-03
  -1.4283824e-02  -1.3983990e-01   8.2310853e-01   5.2782938e-03   8.5973406e-04   2.1664214e-03
  -4.4137262e-03  -2.0661050e-01   7.8085070e-01   5.2757883e-03   1.0010722e-03   1.8967210e-03
  -3.8389705e-02  -1.3349628e-01   8.1608552e-01   5.4495447e-03   8.6539368e-04   1.8995441e-03
  -6.1454665e-03  -2.1183859e-01   7.9910190e-01   4.8349196e-03   9.9522886e-04   2.1360952e-03
  -2.9809256e-02  -1.6973386e-01   8.0837325e-01   5.2379927e-03   5.6912716e-04   2.0355886e-03
  -3.7073481e-02  -1.6316351e-01   8.4664809e-01   5.4626163e-03   6.5395343e-04   1.8184741e-03
  -3.4732720e-02  -2.0451457e-01   7.9108918e-01   5.7875033e-03   8.9922860e-04   2.0121783e-03
  -5.9156322e-02  -1.2601021e-01   7.9307897e-01   5.6082055e-03   4.4667058e-04   2.0329273e-03
  -2.9682055e-02  -2.1630901e-01   7.3336615e-01   5.5254482e-03   7.9550529e-04   1.6113117e-03
  -6.6465071e-02  -1.4788877e-01   7.1890666e-01   5.9191714e-03   5.2222929e-04   1.8828721e-03
  -7.6437285e-02  -1.2091910e-01   7.6909851e-01   6.1433423e-03   2.9974355e-04   1.8770341e-03
  -5.8751041e-02  -2.0337807e-01   7.4612903e-01   5.6583786e-03   2.0065154e-04   1.7781995e-03
  -1.0418864e-01  -1.8423428e-01   8.3481025e-01   4.5996611e-03  -1.0135401e-04   2.1173990e-03
  -6.2231056e-02  -2.0759026e-01   8.3548546e-01   5.6234089e-03  -1.0556052e-04   2.1592964e-03
  -1.0216152e-01  -1.9712122e-01   8.0194899e-01   5.9614695e-03  -7.3302414e-04   2.1306664e-03
  -1.0521201e-01  -1.4117951e-01   8.6161330e-01   5.7142536e-03  -4.9559942e-04   2.1481043e-03
  -8.9624063e-02  -1.9405595e-01   8.0230818e-01   6.2288471e-03  -1.7978861e-04   1.8174413e-03
  -1.1461873e-01  -1.1678772e-01   8.5015922e-01   6.8624494e-03  -3.7871050e-04   1.9643933e-03
  -8.6352678e-02  -1.9165049e-01   8.6699542e-01   6.0479116e-03  -1.3612208e-04   1.8914441e-03
  -1.1034954e-01  -1.1880152e-01   8.2319798e-01   7.4523701e-03  -1.6996815e-04   1.8155711e-03
  -1.0393378e-01  -1.4108928e-01   8.8109697e-01   6.0697120e-03  -6.1944022e-04   2.0017082e-03
  -1.0951327e-01  -1.9745654e-01   8.1307996e-01   5.9897465e-03  -7.7354162e-04   1.9862762e-03
  -1.2495676e-01  -1.0181082e-01   8.4603759e-01   6.4905575e-03  -8.5015418e-04   1.8429617e-03
  -1.0713519e-01  -2.0652696e-01   8.9696446e-01   5.6151391e-03  -1.0356283e-03   2.0891665e-03
  -1.1498507e-01  -1.2242857e-01   8.3465335e-01   6.7485082e-03  -9.4652120e-04   1.9734959e-03
  -8.9054570e-02  -1.9587800e-01   8.5535578e-01   5.8275605e-03  -5.9792768e-04   2.2557450e-03
  -9.3719729e-02  -2.2113569e-01   8.0265098e-01   5.7892705e-03  -7.7290604e-04   2.1334798e-03
  -1.1450511e-01  -1.2338954e-01   8.7012208e-01   5.1890451e-03  -1.2962901e-03   2.5084141e-03
  -7.8883141e-02  -2.2877997e-01   8.1407252e-01   5.4893954e-03  -8.1163034e-04   2.1191031e-03
  -1.0456723e-01  -1.3462833e-01   8.4335553e-01   6.2956617e-03  -8.2135529e-04   2.0692860e-03
  -7.2134854e-02  -1.9481396e-01   8.5011036e-01   6.3320237e-03  -7.3302712e-04   1.6417984e-03
  -1.1520506e-01  -1.0534232e-01   8.3842512e-01   6.4938328e-03  -8.1056253e-04   1.8802587e-03
  -8.6404672e-02  -2.3972552e-01   8.0967592e-01   5.8854657e-03  -5.4779036e-04   1.7616320e-03
  -1.1685326e-01  -1.7361940e-01   8.3556941e-01   6.5202034e-03  -7.3988889e-04   2.0804780e-03
  -1.1940056e-01  -1.5348694e-01   9.2631543e-01   5.5622039e-03  -1.3100227e-03   2.0723802e-03
  -1.1983398e-01  -1.7720512e-01   8.5630845e-01   5.9403466e-03  -1.5027475e-03   1.6486642e-03
  -1.2860741e-01  -1.1790284e-01   9.4074832e-01   5.1197037e-03  -1.8678354e-03   1.9299996e-03
  -7.7223008e-02  -2.2254653e-01   8.6133415e-01   5.9045199e-03  -1.1079165e-03   1.7303077e-03
  -1.0512424e-01  -1.3514595e-01   8.7490668e-01   6.2674276e-03  -1.3814680e-03   1.7302660e-03
  -1.0109674e-01  -2.2643664e-01   9.4167887e-01   4.3810845e-03  -1.4985834e-03   2.0873625e-03
  -1.2013997e-01  -1.4892519e-01   9.2516247e-01   4.3147212e-03  -1.7311068e-03   2.2336906e-03
  -7.7844193e-02  -2.3891073e-01   8.8847662e-01   5.2118584e-03  -1.1251777e-03   1.7357471e-03
  -1.2545497e-01  -1.9263212e-01   8.4665787e-01   5.8048709e-03  -1.8274279e-03   1.8242969e-03
  -1.2011394e-01  -1.7062055e-01   9.0703627e-01   5.4922638e-03  -1.6296358e-03   1.9283200e-03
  -1.0481847e-01  -2.1536477e-01   8.6533939e-01   5.8349403e-03  -1.6055470e-03   1.6932233e-03
  -1.5418857e-01  -9.6524793e-02   8.8874907e-01   7.0375825e-03  -2.0168340e-03   1.6826329e-03
  -1.2555296e-01  -1.7739680e-01   9.5569058e-01   5.9625746e-03  -1.5219276e-03   1.6862573e-03
  -1.4502142e-01  -1.8268582e-01   8.7998248e-01   6.1173368e-03  -1.8995663e-03   1.7010087e-03
  -1.4768680e-01  -1.3145647e-01   9.3504926e-01   6.5392577e-03  -1.5738979e-03   1.9062243e-03
  -1.0902195e-01  -2.1956180e-01   9.1409446e-01   5.5689302e-03  -9.7808371e-04   1.7453816e-03
  -1.2324270e-01  -1.5426309e-01   9.0069016e-01   5.7301967e-03  -1.1827415e-03   1.7744504e-03
  -1.2077629e-01  -1.7284088e-01   9.4643492e-01   6.1452229e-03  -1.0540823e-03   1.7677516e-03
  -1.2465636e-01  -2.0076016e-01   8.7065610e-01   5.8395817e-03  -1.2695734e-03   1.5806314e-03
  -1.5637345e-01  -1.3839939e-01   9.2251323e-01   5.1599998e-03  -2.3596213e-03   1.6473795e-03
  -1.3731085e-01  -2.1874869e-01   9.3614902e-01   5.1311324e-03  -2.2223093e-03   1.6114666e-03
  -1.7044187e-01  -1.5347588e-01   9.1207753e-01   4.9109297e-03  -2.4008805e-03   1.5038700e-03
  -1.4217102e-01  -1.7233421e-01   9.7355438e-01   4.9963104e-03  -2.5372685e-03   1.6309120e-03
  -1.2978150e-01  -2.1227376e-01   8.4814427e-01   4.6862836e-03  -2.3125655e-03   1.2140292e-03
  -1.5194149e-01  -1.2750814e-01   8.7384495e-01   5.3675736e-03  -2.1248658e-03   1.5834353e-03
  -1.2558976e-01  -2.0689999e-01   8.9643188e-01   5.0076449e-03  -1.9282094e-03   1.6249411e-03
  -1.5510645e-01  -1.1247507e-01   8.8794307e-01   6.6321470e-03  -2.2091363e-03   1.2656740e-03
  -6.9784101e-02  -1.2072431e-01   9.2697762e-01   6.8840538e-03  -9.4444685e-04   1.5251996e-03
  -8.8873807e-02  -1.5095134e-01   8.3135178e-01   7.3184082e-03  -1.0507403e-03   1.7600514e-03
  -1.0842440e-01  -1.6907029e-01   8.0196484e-01   7.4216184e-03  -2.0903002e-03   1.9627846e-03
  -1.0805904e-01  -1.1319150e-01   8.5106843e-01   7.1896915e-03  -1.4209567e-03   2.0484947e-03
  -1.2548772e-01  -1.9077038e-01   8.2654020e-01   6.6772063e-03  -1.8801912e-03   2.0619698e-03
  -1.3648218e-01  -5.1676096e-02   8.8529175e-01   7.5839715e-03  -1.6976143e-03   1.6798775e-03
  -6.6395690e-02  -2.8672673e-01   7.9342197e-01   5.8565218e-03  -2.9692668e-04   1.6207081e-03
  -7.9430375e-02  -1.0542917e-01   9.1260139e-01   5.9279336e-03  -1.0015003e-03   1.5645255e-03
  -8.4267818e-02  -1.7032651e-02   1.0072596e+00   7.0675670e-03  -1.2810216e-03   8.0680965e-04
  -2.1436791e-01   1.2578232e-02   6.1445462e-01   6.1904318e-03  -3.4911795e-03   7.7700844e-04
  -2.0628680e-01   3.2273184e-02   6.7185311e-01   6.5654747e-03  -3.2761089e-03   6.6756281e-04
  -2.0758244e-01   2.1874832e-02   7.0075878e-01   5.8027977e-03  -2.8294893e-03   6.1471096e-04
  -2.1046997e-01  -2.9568664e-02   6.7155446e-01   6.1388571e-03  -2.6325017e-03   9.0468008e-04
  -2.1691243e-01   7.3234607e-03   7.3583284e-01   6.9390401e-03  -2.2374691e-03   1.3140836e-03
  -2.2740269e-01  -6.0932365e-02   7.7601000e-01   6.4772052e-03  -2.0592502e-03   1.3943964e-03
  -2.4545136e-01  -6.8278647e-02   7.0145299e-01   5.7070471e-03  -2.1980545e-03   1.4260999e-03
  -2.2609166e-01  -5.4421372e-02   7.9356248e-01   5.6303520e-03  -1.9124431e-03   1.3981986e-03
  -2.1381710e-01  -5.3329488e-02   8.4093605e-01   5.7963524e-03  -1.9558964e-03   1.2273361e-03
  -1.9472204e-01  -1.0725896e-01   8.1681796e-01   6.3105240e-03  -1.6985114e-03   1.2217116e-03
  -2.1595114e-01  -1.5733860e-02   9.1048101e-01   7.0577364e-03  -2.3733372e-03   1.3038661e-03
  -1.9328204e-01  -1.2022569e-01   8.7872088e-01   6.6385923e-03  -1.9375895e-03   1.2955010e-03
  -2.2661125e-01  -7.1833655e-02   8.4242611e-01   6.6320030e-03  -2.1729618e-03   1.6898034e-03
  -2.4691566e-01  -6.2315238e-02   9.1514706e-01   6.4812593e-03  -2.7119297e-03   1.1623873e-03
  -2.5063513e-01  -1.2867421e-01   9.1384029e-01   6.1097618e-03  -2.9944316e-03   1.2306614e-03
  -2.4028328e-01  -9.4765289e-02   8.9806159e-01   6.0438800e-03  -2.4592807e-03   1.3669530e-03
  -2.3179593e-01  -1.0242425e-01   9.3781800e-01   5.8592794e-03  -1.9748243e-03   1.2204116e-03
  -2.2180104e-01  -1.1309093e-01   9.1616073e-01   6.7144151e-03  -2.0548211e-03   1.0722693e-03
  -2.4062839e-01  -4.8038283e-02   9.6034928e-01   5.9943920e-03  -2.5663694e-03   1.1752314e-03
  -1.9174053e-01  -1.4034022e-01   8.8804896e-01   6.0598699e-03  -1.8922477e-03   8.3236774e-04
  -2.2216896e-01  -8.1736913e-02   8.9645807e-01   6.5519920e-03  -2.0005903e-03   1.2688364e-03
  -2.2586529e-01  -8.2273305e-02   9.3567297e-01   4.9200449e-03  -2.0833046e-03   1.2468428e-03
  -1.9073382e-01  -1.4344945e-01   8.7893111e-01   4.5995741e-03  -2.6146864e-03   8.2829731e-04
  -1.9263698e-01  -6.8229157e-02   9.6487844e-01   4.8365780e-03  -2.5589537e-03   5.7396249e-04
  -1.8515119e-01  -1.3658477e-01   9.1536950e-01   5.6154113e-03  -2.9489686e-03   5.8415854e-04
  -2.2980544e-01  -7.4971105e-02   9.2154185e-01   4.7840138e-03  -3.6506652e-03   7.5854345e-04
  -1.9148559e-01  -1.4446036e-01   9.5896031e-01   4.8656492e-03  -2.9917580e-03   4.8996383e-04
  -2.1476471e-01  -1.0485226e-01   8.9151863e-01   5.3820428e-03  -3.5259881e-03   7.2145122e-04
  -1.9065201e-01  -8.9729601e-02   9.5450240e-01   5.2238277e-03  -2.7528560e-03   5.3028154e-04
  -2.0675468e-01  -1.3339158e-01   8.8272105e-01   5.4012177e-03  -3.1026513e-03   6.0574190e-04
  -2.1947099e-01  -8.9050963e-02   8.8911888e-01   5.4341062e-03  -2.8291079e-03   8.6174220e-04
  -2.1295320e-01  -1.3207316e-01   9.6906190e-01   4.8112463e-03  -2.5750696e-03   8.6980194e-04
  -2.1329742e-01  -1.0625052e-01   9.1855531e-01   6.0489736e-03  -2.4470903e-03   6.8050543e-04
  -2.3231899e-01  -7.6021882e-02   1.0019267e+00   5.6846242e-03  -2.7297978e-03   1.1355675e-03
  -2.2265582e-01  -1.1108497e-01   9.7323455e-01   6.4238596e-03  -2.5412055e-03   7.2041237e-04
  -2.4255389e-01  -1.0122473e-01   9.1998993e-01   5.5055174e-03  -3.0974744e-03   1.0779264e-03
  -1.8004133e-01  -1.8893296e-01   8.8193975e-01   5.5955000e-03  -2.9562511e-03   7.8473578e-04
  -1.9998866e-01  -1.3523881e-01   9.0183576e-01   4.8507932e-03  -2.8199630e-03   2.9144914e-04
  -2.5348037e-01  -1.2350549e-01   8.5313626e-01   3.4975613e-03  -3.6447873e-03   4.3100691e-04
  -2.4210629e-01  -6.2572517e-02   8.5724409e-01   6.7556945e-03  -3.6615390e-03   7.1757500e-04
  -2.3144432e-01  -8.4283036e-02   8.4449914e-01   6.5354902e-03  -3.4233564e-03   4.6899416e-04
  -2.6961959e-01  -6.0156594e-02   8.7164306e-01   6.5507288e-03  -3.3011152e-03   1.1889737e-03
  -2.4321299e-01  -7.1905449e-02   9.1042732e-01   6.5200294e-03  -2.6970041e-03   1.2220079e-03
  -2.4260659e-01  -1.1186512e-01   8.8056090e-01   6.7130973e-03  -3.1008908e-03   1.1498913e-03
  -2.4810750e-01  -2.5184547e-02   9.1743517e-01   7.1956196e-03  -2.5998146e-03   1.1939999e-03
  -2.0053351e-01  -1.4442176e-01   9.2176160e-01   6.1635910e-03  -1.8413421e-03   1.1892512e-03
  -2.2530901e-01  -2.0154245e-02   9.2851632e-01   6.7020179e-03  -2.7319491e-03   1.3291952e-03
  -1.7819871e-01  -1.4942481e-01   8.9623031e-01   5.9149961e-03  -2.3659106e-03   9.1919723e-04
  -2.1891702e-01  -7.1386795e-02   8.8996014e-01   6.7348428e-03  -2.4351174e-03   1.1502204e-03
  -2.3186504e-01  -9.1339110e-02   9.6507632e-01   6.2851619e-03  -2.6365499e-03   9.6128144e-04
  -2.2845001e-01  -1.0882319e-01   9.2544638e-01   6.9735201e-03  -2.7111544e-03   1.1718574e-03
  -2.6623556e-01  -3.2443622e-02   9.8281464e-01   7.2195927e-03  -2.7410317e-03   1.3994641e-03
  -2.4788765e-01  -1.1132216e-01   9.3252137e-01   6.9789123e-03  -2.4846904e-03   1.1858088e-03
  -2.7116106e-01  -5.4994448e-02   9.3199683e-01   7.0895797e-03  -3.4023961e-03   1.4531561e-03
  -2.3505734e-01  -8.3829286e-02   9.3000337e-01   6.6425301e-03  -2.5946706e-03   1.1416376e-03
  -2.3258256e-01  -1.2539712e-01   8.6746672e-01   6.2888465e-03  -2.5943467e-03   1.1522908e-03
  -2.8377864e-01  -4.2779926e-03   9.5575450e-01   7.6163532e-03  -3.2853962e-03   1.1479973e-03
  -2.4818724e-01  -1.1105098e-01   9.4619282e-01   6.7790614e-03  -2.8103645e-03   1.0459232e-03
  -2.6899330e-01  -8.1247483e-02   9.8396565e-01   6.4421093e-03  -3.0187449e-03   1.3598895e-03
  -2.4772135e-01  -1.1152758e-01   1.0380343e+00   6.6532209e-03  -2.6304380e-03   1.2075317e-03
  -2.3689827e-01  -1.6465404e-01   1.0076277e+00   6.1561583e-03  -2.4858101e-03   1.2962904e-03
  -2.4488993e-01  -1.0499266e-01   1.0298146e+00   7.0017387e-03  -2.4568976e-03   1.4258294e-03
  -2.2112991e-01  -1.3331568e-01   1.0237219e+00   6.9844738e-03  -1.9577102e-03   1.3952016e-03
  -2.3732031e-01  -8.9370470e-02   9.4024350e-01   7.3039230e-03  -2.4520738e-03   1.5760237e-03
  -2.4473929e-01  -4.1562040e-02   1.0086648e+00   8.4113765e-03  -2.3369782e-03   1.4760633e-03
  -2.1449322e-01  -1.1911271e-01   9.2862932e-01   7.6490278e-03  -2.4814148e-03   9.9588085e-04
  -2.8316918e-01  -1.9442262e-02   9.6928364e-01   7.9692973e-03  -2.4259545e-03   1.4216053e-03
  -2.8427292e-01  -3.4258899e-02   9.2829494e-01   7.8988892e-03  -2.3906703e-03   1.3891233e-03
  -2.7883754e-01  -7.4309485e-02   9.2388924e-01   7.8399130e-03  -2.8122633e-03   1.6640671e-03
  -3.1482751e-01  -2.5182690e-02   1.0252125e+00   7.5704605e-03  -3.5187005e-03   1.7469347e-03
  -2.4594853e-01  -1.1742371e-01   1.0286782e+00   7.6450853e-03  -2.5582814e-03   1.5015160e-03
  -2.7522357e-01  -5.1369595e-02   9.6811233e-01   8.0602703e-03  -2.6790142e-03   1.7359613e-03
  -2.8279016e-01  -1.9460383e-02   1.0375030e+00   7.9825480e-03  -2.6343021e-03   1.5342904e-03
  -2.5869198e-01  -1.0102472e-01   9.6470408e-01   7.8919287e-03  -2.4148205e-03   1.4784911e-03
  -3.0447476e-01   3.0687333e-02   9.9714625e-01   9.5670033e-03  -2.6802333e-03   1.5318273e-03
  -2.5807580e-01  -8.5220748e-02   1.0160172e+00   8.1602161e-03  -2.4969881e-03   1.6038830e-03
  -2.9353772e-01  -5.6320535e-02   9.7526703e-01   8.1669185e-03  -3.2023030e-03   1.7121949e-03
  -2.5536287e-01  -4.6511700e-02   1.0246684e+00   8.7041552e-03  -2.3596203e-03   1.4464110e-03
  -2.7177977e-01  -8.4078700e-02   9.4032943e-01   7.7787542e-03  -3.0587749e-03   1.3919065e-03
  -2.3115527e-01  -1.0672284e-01   9.8958087e-01   7.4642750e-03  -2.0012028e-03   1.1431213e-03
  -2.9688904e-01   1.5057150e-02   1.0005371e+00   8.9640323e-03  -2.8809177e-03   1.9505732e-03
  -2.9553091e-01  -4.2363032e-02   8.7943469e-01   8.6591025e-03  -4.4214528e-03   7.9428216e-04
  -3.1738907e-01   3.5561389e-02   9.8214952e-01   9.1279421e-03  -4.1938161e-03   1.4134267e-03
  -2.7591142e-01  -4.6671531e-02   9.7203421e-01   9.5849073e-03  -3.5088037e-03   1.4019393e-03
  -3.1826078e-01   6.5481679e-02   1.0597465e+00   9.4232780e-03  -3.9694670e-03   1.6601422e-03
  -2.8075195e-01  -8.9152466e-02   9.8331767e-01   7.6959947e-03  -3.9522428e-03   1.0387164e-03
  -2.9837718e-01   1.3290391e-02   9.9318010e-01   8.6736307e-03  -3.6896947e-03   1.3872619e-03
  -2.7994206e-01  -1.5853461e-02   1.0551483e+00   8.8076390e-03  -3.2214267e-03   1.0994647e-03
  -2.9207372e-01  -2.6125908e-02   1.0186319e+00   8.9165033e-03  -3.7557143e-03   1.2400003e-03
  -1.9278911e-01   4.9112630e-02   1.3660593e+00   6.0141298e-03  -4.8354073e-03   3.5773440e-04
  -3.0124636e-02   9.8761922e-02   1.4113090e+00   8.6664751e-03  -3.3665171e-03  -1.2760354e-03
  -4.4281993e-02   9.4615906e-02   1.3171656e+00   8.8170470e-03  -2.8749907e-03  -1.0088770e-03
  -8.3488744e-02   1.1916466e-01   1.3483668e+00   8.8610340e-03  -3.2757433e-03  -3.9297831e-04
  -6.1655753e-02   4.9402910e-03   1.2718958e+00   7.6568217e-03  -3.0935475e-03  -4.6423350e-04
  -1.1275493e-01   1.0993179e-01   1.2909380e+00   7.9340754e-03  -3.3125601e-03  -1.9367556e-04
  -1.4701834e-01   1.1476097e-01   9.0994044e-01   8.1991665e-03  -2.7393774e-03  -8.8843657e-04
  -1.5797908e-01   7.5620474e-02   9.7875312e-01   7.8827519e-03  -2.8208776e-03  -1.0808305e-04
  -1.3993787e-01   1.0943333e-01   1.0694714e+00   8.5860125e-03  -2.0165657e-03   1.3620563e-04
  -1.4213461e-01   5.2946945e-02   1.0224102e+00   8.1370627e-03  -1.7420300e-03   3.6764661e-04
  -1.8765215e-01   8.3462138e-02   1.0197374e+00   8.0566599e-03  -2.8403977e-03   5.9203031e-04
  -1.9748261e-01   8.0706734e-02   1.0862691e+00   7.3716355e-03  -2.3808934e-03   5.1074169e-04
  -1.7823867e-01  -1.1634194e-02   1.0652711e+00   6.4805220e-03  -2.2388682e-03   5.8348314e-04
  -1.7203257e-01   1.0458172e-01   1.1188160e+00   9.0438045e-03  -1.8799557e-03   4.8933502e-04
  -1.5425185e-01  -2.8895209e-03   1.1274112e+00   7.8265788e-03  -1.9711692e-03   6.0220097e-04
  -1.8674645e-01   4.0999991e-02   1.1549622e+00   8.2300057e-03  -2.6210759e-03   8.9862639e-04
  -1.6455727e-01   2.3009165e-03   1.1997587e+00   7.7977602e-03  -2.2923434e-03   7.5882994e-04
  -1.7502898e-01  -2.3196927e-02   1.1447345e+00   8.1522318e-03  -2.5911688e-03   8.7970793e-04
  -1.9258175e-01   4.3227583e-02   1.2223569e+00   7.3519406e-03  -3.0297392e-03   1.1461172e-03
  -1.4667350e-01  -3.5755110e-02   1.1350699e+00   8.1818646e-03  -2.5694179e-03   4.1331153e-04
  -1.7533417e-01   4.2328675e-02   1.2078414e+00   7.8731168e-03  -2.8551644e-03   8.5385883e-04
  -1.5383384e-01  -2.8081604e-02   1.1513096e+00   8.5725787e-03  -2.6027183e-03   5.5901119e-04
  -1.7184161e-01   7.8323336e-02   1.1016571e+00   9.2740839e-03  -2.3370106e-03   9.0066760e-04
  -1.3886012e-01   3.0576010e-02   1.0537950e+00   1.0687404e-02  -2.0808537e-03   9.3086823e-04
  -1.9169936e-01   5.4233189e-02   1.0247491e+00   1.0201131e-02  -2.7264994e-03   9.7111514e-04
  -1.9949070e-01   8.5412318e-02   1.0599853e+00   1.0245523e-02  -2.6760124e-03   1.3598132e-03
  -1.7952364e-01   2.2905775e-02   1.0556489e+00   9.9107378e-03  -3.2572433e-03   1.0291289e-03
  -2.2787462e-01   1.5979374e-01   1.1065584e+00   1.0471900e-02  -3.3042100e-03   8.5828476e-04
  -2.0903888e-01   2.4098350e-02   1.0401207e+00   9.2417080e-03  -2.8105788e-03   9.6675122e-04
  -2.2755912e-01   8.8212460e-02   1.0721683e+00   9.5290837e-03  -3.2954379e-03   1.1037268e-03
  -2.2291474e-01   5.7024462e-02   1.1371087e+00   9.5956488e-03  -3.2480381e-03   1.0603391e-03
  -2.3925330e-01   7.3545176e-02   9.3819801e-01   9.4589140e-03  -3.9055378e-03   7.6822841e-04
  -2.1795700e-01   1.1004647e-01   1.0110946e+00   9.3121543e-03  -2.6363352e-03   8.1725318e-04
  -2.2409272e-01   3.2213938e-02   1.0307458e+00   8.8503528e-03  -2.4326570e-03   1.0218665e-03
  -2.5445003e-01   1.3316708e-01   1.0545349e+00   9.7000117e-03  -3.1186820e-03   8.6396299e-04
  -2.3761946e-01   4.8513229e-02   1.0905614e+00   9.0898016e-03  -2.5467614e-03   9.0500210e-04
  -2.5278153e-01   8.0706715e-02   1.0325964e+00   9.4973418e-03  -2.8561319e-03   1.0301682e-03
  -2.5548121e-01   1.0141702e-01   1.0549897e+00   9.5590191e-03  -3.0210028e-03   9.9698992e-04
  -2.6741809e-01   5.9853702e-02   1.0098447e+00   9.8079833e-03  -2.9984196e-03   1.1048130e-03
  -2.9278790e-01   1.2546630e-01   1.0875686e+00   9.6717116e-03  -3.6215429e-03   1.1711155e-03
  -2.5943760e-01   9.6481316e-02   1.0403183e+00   1.0640790e-02  -2.6324970e-03   5.4028479e-04
  -3.0014195e-01   8.9504277e-02   9.9258963e-01   8.7557729e-03  -4.1615980e-03   8.7544940e-04
  -3.2427123e-01   1.4656764e-01   1.0296246e+00   9.2197020e-03  -3.8597923e-03   4.5351844e-04
  -3.5205568e-01   1.1553542e-01   9.7307103e-01   8.8673443e-03  -4.0412211e-03   7.5918467e-04
  -3.4276859e-01   1.4282908e-01   9.1734581e-01   1.0245156e-02  -3.5561336e-03   1.2509666e-03
  -3.4374314e-01   1.6057433e-01   1.0251806e+00   9.8025215e-03  -3.7894715e-03   1.2190286e-03
  -3.4981392e-01   7.4299268e-02   1.0047961e+00   9.1969756e-03  -4.3705748e-03   8.8556163e-04
  -3.5699320e-01   1.6065022e-01   1.0396881e+00   9.6738109e-03  -3.8956722e-03   1.1984041e-03
  -3.3815209e-01   7.0065157e-02   1.0721549e+00   9.4344372e-03  -3.9900567e-03   1.2474586e-03
  -3.3007281e-01   1.4600269e-01   1.1442115e+00   9.9661994e-03  -4.4166776e-03   1.0952979e-03
  -3.0091571e-01   4.5257811e-02   1.0771981e+00   9.4542605e-03  -3.7311620e-03   9.8472541e-04
