   0.0000000e+00   0.0000000e+00  -2.8421709e-14  -1.1102230e-16   4.5604540e-19   5.0631211e-35
   1.4440866e-01   1.4540819e-01   9.2218945e-01   7.9209188e-03   1.9857671e-03   1.4085962e-03
   1.3726029e-01  -9.9289887e-02   2.8253280e-01   3.7836894e-03   1.6338031e-03   9.0274775e-04
   9.6658489e-02  -4.2554753e-01   6.5160565e-01  -5.7720944e-04   1.1615527e-03   1.2262951e-03
   2.9749185e-02  -8.7713942e-01   2.6071139e-01  -1.0674619e-02   6.7562553e-05   1.2333059e-03
   1.9514306e-02  -6.0748973e-01   4.3531921e-01  -3.7465307e-03  -8.8031058e-04   1.8269877e-03
   1.4286952e-01  -5.8348751e-01   5.4306242e-01  -5.2018327e-03   1.0745716e-03   1.4357589e-03
   1.8254306e-01  -3.9525447e-01   7.8714010e-01   3.1375487e-03   1.0253528e-03   2.4713925e-03
   1.1985788e-01  -4.8237550e-01   5.5030580e-01   1.8072190e-04   2.9959963e-04   1.9924135e-03
   1.2738605e-01  -6.8006354e-01   7.4229425e-01  -2.9528302e-03   4.2446680e-04   2.4413020e-03
   1.0189267e-01  -5.5481182e-01   4.9196444e-01  -2.1376268e-03   7.0808510e-04   1.5667877e-03
   2.3788878e-01  -4.0097236e-01   1.1029466e+00   1.2514362e-03   2.2856391e-03   2.8711069e-03
   1.4934080e-01  -6.2541695e-01   2.8864309e-01  -1.1812254e-03   3.0261897e-04   3.2596132e-03
   1.3968477e-01  -4.5818901e-01   8.8885577e-01  -1.7808484e-04   1.1604009e-03   2.1479627e-03
   5.7938423e-02  -5.4502531e-01   4.3485925e-01   1.2701747e-03  -7.0316196e-04   3.4584206e-03
   1.8277740e-01  -3.8453997e-01   8.9425589e-01   1.1436054e-03   1.8268142e-03   2.8576878e-03
   1.0115044e-01  -7.6455970e-01   4.8337611e-01  -2.7892483e-03  -2.8840046e-04   3.2191691e-03
   2.1440239e-01  -9.2431809e-01   1.5458035e+00  -2.6351584e-03   3.4964403e-03   3.4532284e-03
  -6.1156221e-03  -1.1222585e+00   1.7598426e-01  -6.4517128e-03  -1.0680423e-03   1.1238098e-03
  -4.2465009e-02  -9.2601568e-01  -1.3030495e-01  -5.0594272e-03  -2.5074254e-03   1.1310645e-03
  -3.2553479e-02  -4.9974430e-01   3.1686316e-01   7.6247399e-04  -2.2345505e-03   2.0163392e-03
   2.0696498e-02  -4.6710656e-01   6.1781825e-01  -8.0465710e-04  -1.1983161e-03   1.0517053e-03
  -1.2675221e-02  -6.1517181e-01   3.9997471e-01  -3.6839684e-04  -2.2081573e-03   1.3668197e-03
   5.6138893e-02  -2.3841873e-01   1.1507474e+00   5.5307070e-03  -4.8107742e-04   1.6801079e-03
   1.7494959e-02  -6.6960707e-01   3.7602284e-01  -6.9641299e-04  -1.0770381e-03   1.3931311e-03
  -6.7033124e-02  -6.7714721e-01   3.5922222e-01  -2.1837912e-03  -2.3994799e-03   1.7825322e-03
  -9.9011604e-02   1.5632187e-01   5.8624504e-01   7.9503455e-03  -2.3078166e-03   1.7049571e-03
  -1.0437527e-02  -1.0336285e-01   8.2148894e-01   3.8879614e-03  -1.2642767e-03   1.1917999e-03
   1.3218896e-01   2.6526072e-01   1.4820406e+00   1.1822053e-02   5.1798327e-04   2.2702539e-03
   1.1471302e-01  -1.3338537e-01   8.6851678e-01   4.9420411e-03   2.4371506e-04   1.9499975e-03
   2.6779365e-01  -2.2094787e-02   1.5847909e+00   9.1576605e-03   1.9022403e-03   2.5170594e-03
   2.0767260e-01  -2.0924650e-01   8.9686506e-01   7.1331826e-03   8.8552900e-04   2.6607209e-03
   2.7747577e-01   6.8224183e-02   1.5778154e+00   1.1848470e-02   1.8381232e-03   3.2021732e-03
   4.6330473e-01  -6.1576966e-01   1.0566068e+00   8.2493184e-03   1.8035407e-03   4.3726683e-03
   3.3464257e-01  -4.1661763e-01   3.6806129e-01   8.6056088e-03   8.1131386e-05   3.0347502e-03
   1.3585539e-01   6.0334729e-02   4.9434182e-01   1.1200842e-02  -2.2868761e-03   2.8477436e-03
   1.9470147e-01  -6.2262639e-02   8.2221314e-01   6.9848014e-03  -1.1985187e-03   1.7801224e-03
   1.6682484e-01   4.7195544e-02   6.2637943e-01   1.1565438e-02  -2.0486402e-03   2.5019908e-03
   3.0418148e-01  -2.0316079e+00   1.6713677e+00  -1.2606989e-02   3.4727986e-03   8.0325979e-03
   1.3126840e-01  -5.8323939e-01   6.0994914e-01   5.0809567e-03   3.4685411e-05   5.1506235e-03
   1.0259424e-01  -5.0064614e-01   4.0987652e-01   3.3273507e-03  -1.8174172e-03   3.5685282e-03
   1.1960181e-01  -1.4120226e-01   5.0757784e-01   1.0349186e-02  -2.5145347e-03   5.3569926e-03
   2.9793337e-01  -7.3387655e-01   9.3158603e-01  -2.7633834e-03  -7.0315262e-04   4.1664739e-03
   4.3009886e-01  -1.7519408e+00   1.2789905e+00  -2.1713569e-02   2.6532731e-03   7.9051858e-03
   4.4753683e-01  -1.2756118e+00   1.9721613e-01  -7.7549680e-03   2.4894866e-03   5.7224307e-03
   4.0816194e-01  -7.2911633e-01   3.5671678e-01  -2.3493382e-03   1.8207252e-03   3.2529950e-03
   1.8928911e-01  -4.5690063e-01   3.4635468e-01  -1.5134663e-05   7.1702088e-04   3.4148444e-03
   1.5345655e-01  -3.0682728e-01   4.3088649e-01   3.0363934e-03  -8.2462734e-04   4.6185793e-03
   7.5261487e-02  -6.9691490e-01   1.0380247e+00  -5.3691715e-03  -2.1521728e-03   2.8741707e-03
  -9.0742364e-03  -2.5508711e-01   1.1025034e+00   8.9013683e-04  -1.7391304e-03   1.5449574e-03
   4.9396937e-02  -7.9220358e-01   6.4963721e-01  -2.8183275e-03  -1.3590773e-03   2.4542710e-03
   2.5529376e-02  -6.3275099e-01   6.6178104e-01  -3.5234589e-03  -1.5936279e-03   2.9233879e-03
   2.6983288e-02  -5.4894003e-01   1.0034268e+00  -2.6217838e-03  -3.0881779e-03   4.5746916e-03
   1.1907425e-01  -6.6146112e-02   1.0570369e+00   5.6126313e-03  -7.8141322e-04   4.0705545e-03
   1.5691529e-01  -8.9814549e-02   1.1383170e+00   1.3816655e-02  -1.8449900e-03   4.0429326e-03
   1.9051278e-01  -2.1526069e-01   5.9170404e-01   5.4214355e-03  -1.2176190e-03   1.8543847e-03
   7.4414707e-02  -5.9880269e-01   5.9149506e-01  -2.1179986e-03  -2.7350108e-03   2.8407947e-03
   7.6583577e-02  -5.7734771e-01   6.1126277e-01  -4.4371169e-03  -3.4157323e-03   3.1979860e-03
   1.0365764e-01  -6.0678549e-01   1.0650067e+00  -2.5515013e-03  -3.6570619e-03   4.7893981e-03
   1.9328953e-01  -9.3888632e-03   1.3052064e+00   5.4835643e-03  -2.0727472e-03   4.1019219e-03
   3.6748401e-01   6.1612298e-02   5.3583127e-01   1.2591267e-02  -1.0500079e-03   3.5238940e-03
   2.0023506e-01  -3.9527687e-01   6.3259776e-01  -1.1288100e-03  -2.7819008e-03   3.1712889e-03
   1.6114809e-01  -4.4915653e-01   5.7592237e-01  -2.6184867e-03  -3.2673370e-03   3.2713928e-03
   2.7775009e-01  -4.0602994e-01   1.1100471e+00  -4.3150297e-03  -1.9885408e-03   5.1817713e-03
   2.9688247e-01  -4.2013703e-01   5.0387383e-01   1.2534907e-03  -2.4460553e-03   4.5955972e-03
   2.8006264e-01   9.6330363e-02   7.3359367e-01   1.2220299e-02  -3.1579631e-03   3.8354899e-03
   1.5428899e-01  -2.6669493e-01   4.7495435e-01   3.7755666e-03  -4.7550689e-03   2.5602252e-03
   1.0753494e-01  -3.6136626e-01   4.3547167e-01   9.8190109e-04  -5.2785287e-03   2.9904088e-03
   4.2518929e-02  -2.8360034e-01   4.8403174e-01   1.5549801e-03  -5.8145378e-03   2.9516615e-03
   4.9798045e-02  -2.5245475e-02   4.6981660e-01   5.2552964e-03  -4.9782626e-03   4.1297617e-03
   5.8804454e-02   5.0848053e-01   1.4031081e+00   8.3416969e-03  -3.7620469e-03   4.6758741e-03
   2.7813555e-03   1.0395742e-01   5.9557354e-01   9.9039671e-03  -3.7179025e-03   3.2179917e-03
  -1.3720094e-02   8.6956978e-02   6.4241349e-01   7.9001492e-03  -4.6293943e-03   3.7264070e-03
   1.7197250e-02   1.6827995e-01   1.1115859e+00   6.2832678e-03  -3.8322149e-03   3.1589322e-03
   3.3850694e-02  -6.4837631e-03   3.5107383e-01   8.3788331e-03  -5.2087375e-03   4.9160212e-03
   8.3520140e-03   1.7455089e-01   6.0209568e-01   9.0757321e-03  -5.4685274e-03   4.7033518e-03
   1.5447834e-01   5.5120960e-01   6.0547559e-01   1.5815248e-02  -4.0158940e-03   4.1288216e-03
   4.0590736e-02   8.7652878e-02   7.8639158e-01   5.7969950e-03  -5.7546474e-03   4.0018181e-03
   1.0151481e-01  -3.8250482e-01   1.5889841e+00  -1.5536110e-03  -4.6671969e-03   4.2219777e-03
   4.1893351e-02  -2.2009251e-01   1.1643458e+00   6.0142668e-03  -4.4968700e-03   3.4200066e-03
   9.4239498e-02   4.1836913e-01   8.5758922e-01   1.4431693e-02  -4.3285579e-03   2.3060822e-03
  -1.1588991e-02  -2.2945528e-01   6.8048296e-01   1.5725635e-03  -5.5162127e-03   2.5931200e-03
  -2.4250254e-02  -1.6466491e-01   6.9585470e-01   1.9959018e-03  -5.6728634e-03   2.5152217e-03
  -8.9585926e-02   1.9312855e-01   6.6651992e-01   8.1051071e-03  -6.4701064e-03   3.3491840e-03
  -4.6743591e-02   5.7175692e-01   1.2194426e+00   1.0962605e-02  -4.7047016e-03   1.6603746e-03
  -1.1589228e-01  -1.2459606e-01   5.7367798e-01   4.1607981e-03  -6.1070548e-03   2.0392234e-03
  -1.0363117e-01  -5.4454145e-02   5.3428740e-01   1.8781587e-03  -7.2700459e-03   3.2644439e-03
  -4.6080955e-02   7.6743820e-02   9.5928887e-01   5.6938013e-04  -6.0140378e-03   3.5862596e-03
  -7.8293600e-02  -1.8975413e-01   4.9858286e-01   6.8155334e-04  -6.0042425e-03   3.6453670e-03
  -3.6476023e-02  -2.6955727e-01   4.1914819e-01  -2.7588630e-03  -6.4496655e-03   4.1541668e-03
  -7.1634360e-02  -2.8685543e-01   6.9018403e-01  -2.3528845e-03  -6.5306901e-03   5.1807511e-03
   2.2933251e-02   7.9454407e-01   1.0774337e+00   1.6363583e-02  -4.7977989e-03   4.0714020e-03
   2.0468892e-03  -8.8952527e-02   6.0075622e-01   2.8586680e-03  -4.4937587e-03   2.3629914e-03
  -6.8864039e-02  -2.0878799e-01   5.0506610e-01   5.5657613e-04  -5.9535634e-03   2.4958222e-03
  -1.4473271e-01  -2.3108537e-01   4.6843625e-01  -1.2794638e-03  -6.6025492e-03   2.8147402e-03
  -6.3071444e-02  -3.2421603e-01   9.2017447e-01  -2.4644643e-03  -6.0328598e-03   3.8977375e-03
  -1.1485948e-01  -1.6091450e-01   7.3922158e-01  -2.0975798e-04  -5.0154965e-03   2.6607231e-03
  -9.4365331e-02  -4.8022155e-01   4.4543508e-01  -1.4405995e-03  -5.5339212e-03   2.2329493e-03
  -3.3752847e-02   2.4071063e-01   1.1840730e+00   5.8806634e-03  -3.9249634e-03   1.5750740e-03
  -5.8667533e-02  -4.6738273e-01   3.6564659e-01  -5.7230873e-04  -4.9489619e-03   1.9663967e-03
  -8.8124453e-02   2.0769054e-01   1.0925651e+00   1.1578852e-02  -5.1539590e-03   3.3425934e-03
   1.3330129e-01  -1.3206211e-01   4.9874956e-01   5.5141428e-03  -3.1173311e-03   1.7543592e-03
   5.9985624e-02  -2.2602779e-01   5.1592928e-01   1.6295623e-03  -3.9895622e-03   2.3382312e-03
  -6.5203486e-02  -1.5418301e-01   6.2097258e-01   3.0885371e-03  -5.8879938e-03   3.6440894e-03
   1.3558528e-02  -1.2044913e-01   1.0815597e+00   8.2075680e-04  -4.0057779e-03   3.2040783e-03
  -1.2252987e-01  -5.4438416e-01   3.5215688e-01  -4.1742741e-03  -5.1917520e-03   2.8880471e-03
  -7.1509453e-02   3.6855941e-01   3.9757566e-01   1.4667771e-02  -6.0444921e-03   3.9715271e-03
  -1.4162670e-01   1.9635581e-01   1.1027283e+00   4.2391592e-03  -4.7378001e-03   4.6449532e-04
  -2.5718382e-01  -2.6569541e-01   4.1765696e-01   5.0774612e-04  -6.2976783e-03   7.7375899e-04
  -2.4937624e-01  -2.1958725e-01   4.4128084e-01  -1.5250845e-03  -6.6280426e-03   1.4227179e-03
  -3.3749538e-01   4.9517275e-01   1.3116497e+00   1.3724725e-02  -6.6518463e-03   1.7429727e-03
  -3.6750053e-01   5.3534080e-01   1.1224825e+00   1.2341435e-02  -5.9505536e-03  -4.9085685e-05
  -3.8708266e-01   1.3839238e-01   5.8517433e-01   8.6221095e-03  -7.6004752e-03   1.1636338e-03
  -3.8446924e-01   2.5356101e-01   9.3582883e-01   9.8392769e-03  -7.4691945e-03   2.5762651e-03
  -3.6828436e-01   1.0679238e-01   1.0148244e+00   6.4004010e-03  -6.4128254e-03   8.4086252e-04
  -4.7158477e-01  -2.3842558e-01   6.5258188e-01   1.1839502e-03  -8.3228924e-03   1.2962981e-03
  -2.8330288e-01  -2.0508966e-01   1.3025606e+00   2.1880184e-03  -5.6210262e-03   2.2676281e-03
  -3.2546707e-01  -1.8313563e-01   7.2469489e-01   3.2571784e-03  -7.1193005e-03   2.9208808e-03
  -2.8941730e-01  -1.3459003e-01   1.4002536e+00   3.2269485e-03  -6.1199734e-03   2.8819195e-03
  -3.0841630e-01  -1.2730992e-01   7.7050734e-01   4.2266544e-03  -6.4817284e-03   2.0771068e-03
  -3.1746589e-01   6.1997272e-01   1.4325517e+00   1.7836041e-02  -7.4194051e-03   2.6304562e-03
  -1.6230051e-01   4.9843388e-01   7.1949889e-01   1.5180394e-02  -6.0426946e-03   2.1901843e-03
  -1.8017808e-01   6.4412292e-02   4.4258028e-01   5.5932748e-03  -5.1881307e-03   1.2105129e-03
  -1.4485128e-01   3.4769264e-01   1.5314560e+00   1.1983867e-02  -4.0004690e-03   2.5434286e-03
  -1.6618838e-01   1.7018484e-01   8.1857263e-01   1.0072400e-02  -4.0828764e-03   2.1559772e-03
  -1.5677683e-01   5.5926266e-02   6.8226138e-01   5.1523191e-03  -4.7592073e-03   2.2652508e-03
  -1.2703841e-01  -7.6889880e-02   7.0163548e-01   2.5134263e-03  -4.5348165e-03   2.5296553e-03
  -1.0708800e-01   2.6271531e-01   1.2879934e+00   1.0283296e-02  -3.8277361e-03   3.6847395e-03
  -7.1376616e-02   1.8069056e-01   1.1663789e+00   8.2724188e-03  -2.4953833e-03   2.8224889e-03
  -1.4607681e-01  -4.2027300e-02   9.3902598e-01   8.2815353e-03  -4.0383929e-03   3.7350935e-03
  -4.1584956e-02   2.0339917e-01   1.5796613e+00   8.6109559e-03  -1.6249902e-03   3.0495801e-03
  -6.4461385e-02  -1.1324467e-01   7.5420557e-01   5.6064137e-03  -2.1589647e-03   3.3769833e-03
  -2.4063342e-02   9.9790116e-02   1.5166108e+00   7.5690198e-03  -1.4238762e-03   2.5276963e-03
  -1.1684056e-01  -1.3528430e-01   7.8564136e-01   5.5384993e-03  -3.1034164e-03   2.5387415e-03
  -2.3643756e-01   2.5581914e-01   1.3975442e+00   8.7749242e-03  -3.6414535e-03   2.6945281e-03
  -1.8640645e-01   4.9915001e-02   6.5847065e-01   5.7759453e-03  -2.9432242e-03   3.3210967e-03
  -7.0449837e-02   5.0523294e-01   1.6919762e+00   1.3717887e-02  -1.4077211e-03   4.0565270e-03
  -8.5774294e-02   2.1587467e-01   8.9849039e-01   9.8769161e-03  -2.0554832e-03   3.7422374e-03
  -1.2564218e-01   7.8765269e-02   9.2833613e-01   7.2756494e-03  -3.4308632e-03   4.1073591e-03
  -7.7191017e-02   2.1800831e-01   1.4239628e+00   7.8017671e-03  -1.4777385e-03   3.7578196e-03
  -1.0078893e-01  -1.0227722e-01   7.3586267e-01   4.3724111e-03  -1.6873749e-03   3.5541967e-03
  -2.1999807e-02   1.0510219e-01   1.4647880e+00   6.8849324e-03  -4.3858069e-04   3.6612537e-03
  -6.5273396e-02  -1.0456183e-01   8.4452669e-01   4.5079344e-03  -1.7501999e-03   3.5083793e-03
  -6.4429198e-02  -1.7962262e-01   1.4147623e+00   3.7305462e-03  -1.5150282e-03   3.9614554e-03
  -5.7669422e-02  -2.0318502e-01   7.9191314e-01   3.0958392e-03  -1.4323298e-03   2.9730956e-03
  -4.9613278e-02   4.0019608e-04   1.3900495e+00   6.2017652e-03  -1.4799450e-03   3.9770364e-03
  -6.5409994e-02   8.6710831e-03   1.1594602e+00   5.1061329e-03  -2.2014951e-03   4.0288805e-03
  -3.1477748e-02   4.1238525e-01   1.1322317e+00   1.1155374e-02  -1.8157997e-03   3.4432876e-03
  -5.4717736e-02   3.7652798e-03   6.5390813e-01   7.2675015e-03  -2.9213389e-03   3.7404687e-03
  -1.5061061e-02   3.9164627e-02   1.2319440e+00   4.3305111e-03  -1.4597851e-03   2.7535127e-03
   6.4719980e-03  -3.1866000e-02   1.0799278e+00   6.5396875e-03  -1.5728878e-03   3.4041121e-03
   5.0870036e-02   9.0238032e-02   1.0605688e+00   5.5406265e-03  -2.6890345e-04   2.7090964e-03
   5.2449057e-02  -1.0993672e-01   7.9624225e-01   3.3442484e-03  -1.1205611e-03   3.4146518e-03
   1.1058427e-01   7.3154766e-02   1.0427557e+00   6.0191721e-03  -8.3518277e-04   4.4315210e-03
   1.7654548e-01   1.8847992e-01   1.3342337e+00   5.7660250e-03   8.7069897e-04   3.6835768e-03
   1.6543166e-01  -6.3849225e-02   6.8207902e-01   3.0655583e-03  -4.6808009e-04   4.1794966e-03
   1.5988675e-01  -1.4173058e-01   1.3150074e+00   1.7402219e-03   2.3999620e-04   3.9875025e-03
   1.0697902e-01  -1.2508703e-01   7.5221397e-01   2.2514783e-03  -6.9445004e-04   3.4223764e-03
  -2.9250093e-02   5.6453888e-01   1.4849590e+00   1.2081371e-02  -2.5971659e-03   4.3901377e-03
   5.2350553e-03   3.0688735e-01   8.9616179e-01   1.0927416e-02  -2.6600761e-03   4.0467931e-03
   1.0736717e-01   1.5182401e-01   1.6156618e+00   7.3546171e-03  -1.0865319e-03   4.2549502e-03
   2.6955559e-02   6.4918123e-02   1.0651336e+00   6.1287978e-03  -2.4044455e-03   4.4449087e-03
   1.5492567e-01   3.0323338e-01   1.5655297e+00   8.1547083e-03  -6.4848501e-04   3.9584421e-03
   7.6117265e-02  -4.0999208e-02   8.7787686e-01   3.4014192e-03  -2.6305320e-03   4.1846405e-03
   1.2750640e-01   5.5061856e-01   1.1132720e+00   1.1604790e-02  -1.9517846e-03   4.0563726e-03
   6.5643431e-02   6.3005704e-02   8.7287406e-01   5.9379359e-03  -3.5755509e-03   4.9201445e-03
   2.2673540e-01   1.7507322e-01   1.4577766e+00   6.1847841e-03  -1.2086861e-03   4.7934862e-03
   1.7641841e-01   3.8548934e-02   7.4016776e-01   6.2016181e-03  -2.6428081e-03   4.7485144e-03
   2.0690851e-01  -8.4296990e-02   1.4774295e+00   3.4367768e-03  -1.5646337e-03   5.0010127e-03
   1.8602534e-01  -1.3442480e-01   8.7523772e-01   1.8446648e-03  -2.4489801e-03   4.8109350e-03
   2.2550778e-01  -1.6088098e-01   1.4736778e+00   2.8671717e-03  -1.6955055e-03   5.4241229e-03
   1.9672746e-01  -1.8318318e-01   9.6490086e-01   1.7311380e-03  -2.1669186e-03   5.0868925e-03
   1.8323501e-01  -1.5357776e-01   1.4087687e+00   2.2442032e-03  -1.7283301e-03   5.1874676e-03
   1.9507844e-01  -1.3474570e-01   8.5037166e-01   2.2096274e-03  -1.9352405e-03   5.0043033e-03
   2.3571687e-01  -8.5288649e-03   1.5038208e+00   3.9634884e-03  -1.1875020e-03   5.1364697e-03
   1.7854286e-01  -9.5259724e-02   9.1313730e-01   2.8130298e-03  -1.7844120e-03   4.4278966e-03
   2.5476594e-01   8.1716566e-02   1.5416852e+00   5.7849784e-03  -9.8121136e-04   5.4075391e-03
   2.4967834e-01   2.6654311e-02   1.0417594e+00   4.7076102e-03  -1.0038408e-03   4.6867004e-03
   2.9273580e-01  -8.7810636e-02   1.6254851e+00   4.6552220e-03  -3.2853902e-04   5.2115707e-03
   2.5772776e-01  -1.6910515e-01   1.0082301e+00   2.9333333e-03  -5.4300155e-04   4.6983411e-03
   1.7441791e-01   2.2093931e-01   1.3083602e+00   7.6820513e-03  -1.5855972e-03   5.9679053e-03
   2.1212340e-01   1.7535864e-01   1.1591869e+00   6.5468890e-03  -1.0036579e-03   5.1535895e-03
   3.0227200e-01  -1.3445496e-01   1.4431492e+00   4.0766034e-03  -2.1084562e-04   5.7418212e-03
   1.7961846e-01   1.2339725e-01   1.0534166e+00   6.6711670e-03  -1.9308896e-03   4.8866152e-03
   1.9735548e-01   1.7936207e-01   1.5060826e+00   7.5978118e-03  -1.4090796e-03   5.2630642e-03
   1.9398716e-01   1.9660316e-01   1.3077360e+00   8.1486432e-03  -1.6092184e-03   4.7814766e-03
   1.5934555e-01   2.5139986e-01   1.1488148e+00   7.2002310e-03  -1.7945667e-03   4.8707681e-03
   1.6786232e-01  -6.9028173e-02   1.3538639e+00   5.2813623e-03  -2.1276202e-03   5.2719476e-03
   1.6439804e-01   6.7196047e-02   1.2450723e+00   5.5276620e-03  -1.5591408e-03   5.0976642e-03
   1.8746870e-01   4.3366487e-02   1.2418461e+00   5.5284139e-03  -2.0207982e-03   5.5829059e-03
   2.3328433e-01   4.4762523e-02   1.3034723e+00   4.4831058e-03  -2.4589680e-04   4.8604580e-03
   2.2422427e-01  -4.9901309e-02   1.0901864e+00   4.8528461e-03  -1.0956722e-03   5.2645597e-03
   2.2016305e-01   1.8928090e-02   1.1685304e+00   3.5960005e-03  -4.7227083e-04   4.4521645e-03
   1.7802631e-01   2.5526341e-02   1.0441329e+00   5.2345935e-03  -1.5042322e-03   5.3620441e-03
   2.1750761e-01   9.7513117e-02   1.4320579e+00   5.0586121e-03  -1.2752151e-04   4.7786212e-03
   1.8935003e-01  -2.3168924e-02   7.9660212e-01   4.7083880e-03  -9.6850775e-04   4.7087119e-03
   2.4563516e-01   5.7995936e-02   1.4863064e+00   4.4944197e-03   4.5070294e-04   4.5933802e-03
   2.4949674e-01  -1.8696733e-01   8.4866388e-01   1.7828468e-03  -2.6015686e-05   4.3363007e-03
   3.1860050e-01  -1.6456190e-01   1.5104831e+00   1.7770937e-03   1.2665628e-03   4.8467675e-03
   3.0179126e-01  -7.8868783e-02   9.4528839e-01   4.3310813e-03   6.2694870e-04   5.2235052e-03
   3.1513710e-01   6.7289750e-01   1.6522081e+00   1.4742572e-02   1.1324549e-03   6.1591443e-03
   1.4106602e-01   3.7755530e-01   1.2726467e+00   1.0785727e-02  -1.8360885e-04   4.1239126e-03
   1.8965371e-01   2.5487873e-01   7.9258142e-01   1.0435653e-02   6.6872711e-04   4.6364291e-03
   2.4604404e-01   3.4232275e-01   1.5783192e+00   1.0470255e-02   1.5908069e-03   4.3650414e-03
   1.9395881e-01   2.1487302e-01   9.1695670e-01   8.4643076e-03   9.8940654e-04   4.3402956e-03
   1.4770810e-01   1.8095495e-01   1.4301008e+00   7.4683983e-03   5.3885896e-04   4.3603355e-03
   1.9724766e-01   1.4608176e-01   9.0213411e-01   7.0240509e-03   1.2849576e-03   4.2663882e-03
   1.4341876e-01   1.7913951e-01   9.4230995e-01   6.1547406e-03   1.0979300e-04   4.9765883e-03
   1.0969156e-01   3.5289168e-01   1.3445879e+00   8.8929782e-03   6.6847823e-04   3.5982451e-03
   1.3016489e-01   7.2416570e-01   9.2755727e-01   1.8766488e-02  -5.1107484e-04   4.3836628e-03
   2.0418680e-01   9.7304133e-02   6.3664792e-01   6.2145083e-03   6.0023248e-05   3.5018849e-03
   1.4680954e-01   1.0593348e-01   9.2983969e-01   5.7829098e-03  -8.3374677e-04   4.4773329e-03
   2.0696742e-01   1.4517038e-01   9.0761247e-01   5.6512824e-03   5.2816212e-04   3.6713830e-03
   1.9636815e-01   5.0845885e-03   6.2132777e-01   3.7131212e-03   5.6435895e-04   3.7820680e-03
   2.4701468e-01   4.7572137e-01   1.1902846e+00   1.1709419e-02   1.4872611e-03   3.8332715e-03
   2.6305085e-01   1.2982427e-01   6.8065157e-01   6.0195266e-03   9.6942264e-04   3.9550150e-03
   2.4108402e-01   3.1420967e-01   1.1441831e+00   1.0089758e-02   6.5193792e-04   4.7024689e-03
   1.9386719e-01   1.7277476e-01   6.3802856e-01   6.1523736e-03   3.6146533e-04   3.6820347e-03
   7.4846009e-02   2.5894501e-01   1.2708499e+00   9.4297507e-03  -3.7533229e-04   4.4662247e-03
   1.3457307e-01   1.5144612e-01   8.8836055e-01   6.8256051e-03   2.7854603e-04   3.7940555e-03
   3.1092443e-02   1.3963847e-01   9.8998040e-01   6.9670344e-03  -2.6854696e-03   5.7087825e-03
   7.1654255e-02   4.0356752e-01   7.6753893e-01   8.1075016e-03  -1.9400384e-03   3.6751151e-03
   1.0128642e-03   1.5486576e-01   8.6076445e-01   7.7396737e-03  -3.0793385e-03   4.5725618e-03
  -4.8304786e-02   9.3402095e-01   1.3310341e+00   1.8321237e-02  -2.7484039e-03   4.9589450e-03
  -5.6666210e-02   6.8844747e-01   1.1488356e+00   1.8075064e-02  -2.7328811e-03   4.1595816e-03
   4.4553748e-02   7.4857947e-01   5.2616807e-01   2.1167227e-02  -3.2906956e-03   5.5028783e-03
  -1.9771273e-02   3.5859312e-01   1.3202346e+00   1.0578300e-02  -3.9410972e-03   3.6400272e-03
  -3.2908482e-02   4.5427518e-01   8.4365175e-01   1.0433300e-02  -3.2115027e-03   3.0964183e-03
  -1.1024465e-01   4.3829207e-01   1.3026571e+00   1.1711185e-02  -3.9692133e-03   4.2917127e-03
  -1.1113724e-02   2.5247210e-01   1.0225983e+00   7.5286005e-03  -2.5394537e-03   3.4489883e-03
   1.6848151e-01   5.1338435e-01   1.6668729e+00   1.5232224e-02  -1.3252172e-03   4.2756243e-03
   9.8264198e-02   1.1388599e-01   1.0411156e+00   7.7278187e-03  -1.4166176e-03   4.0774592e-03
   8.5994185e-02   2.3928372e-01   1.1051732e+00   1.0096702e-02  -1.9030294e-03   4.8391341e-03
   1.4799799e-01   2.6654844e-01   1.2270979e+00   9.0499309e-03  -5.4761345e-04   4.3070752e-03
   9.9555830e-02   1.3283627e-01   8.3140634e-01   8.3559780e-03  -2.1772592e-03   4.8444203e-03
   5.2036084e-02   2.7564562e-01   1.1704047e+00   7.9887733e-03  -1.2321345e-03   3.7329861e-03
   1.2043282e-02   4.8334558e-02   5.8251874e-01   6.4171324e-03  -2.6833273e-03   4.0395276e-03
  -4.6132732e-02  -3.3743780e-02   1.3907495e+00   5.1147492e-03  -2.1230706e-03   4.2687955e-03
  -1.2950003e-02   1.4918826e-01   7.8738564e-01   7.1307695e-03  -1.9571985e-03   4.1715450e-03
  -1.5107581e-01   3.9639042e-01   1.5585536e+00   1.0007969e-02  -3.8552952e-03   5.0582175e-03
  -9.6730018e-02   2.1588476e-01   8.8029571e-01   8.8017226e-03  -4.6019111e-03   4.6119576e-03
  -9.8012748e-02   2.5835726e-01   1.2326417e+00   6.4165140e-03  -3.9280617e-03   3.8902946e-03
  -5.6139249e-02   7.8683040e-02   6.8442860e-01   5.8696179e-03  -3.6510025e-03   3.7671897e-03
  -7.5547826e-02   8.0122036e-02   1.2766807e+00   5.9572210e-03  -4.0322496e-03   5.0022677e-03
  -4.5627617e-02   1.4756310e-01   9.5205170e-01   6.2918813e-03  -3.4269476e-03   4.2479201e-03
  -8.0495602e-02   1.3124523e-01   1.0149734e+00   6.7047093e-03  -4.0345076e-03   4.8701001e-03
  -7.5585427e-02   3.9375141e-01   1.1552383e+00   8.7912119e-03  -3.3835948e-03   4.0217114e-03
  -1.2985427e-01   1.0248192e-01   6.0692291e-01   5.3958948e-03  -5.0598000e-03   4.2545509e-03
  -1.8407773e-01   3.2462521e-01   1.4927620e+00   8.4850468e-03  -4.5877982e-03   3.6640075e-03
  -1.3664700e-01  -1.2899592e-02   6.5644249e-01   5.6093233e-03  -3.6978123e-03   2.3820271e-03
  -1.2422022e-01   3.2034241e-02   2.1252019e-01   5.0952194e-03  -4.5952903e-03   3.1128286e-03
  -1.6685620e-01   2.7637243e-02   7.9713972e-01   3.4121127e-03  -4.9436151e-03   3.3900054e-03
  -1.6949443e-01   3.7769525e-02   4.7364746e-01   2.2469853e-03  -5.3248397e-03   3.5632152e-03
  -2.1579394e-01   2.4728819e-02   9.4618973e-01   4.0305932e-03  -5.1021273e-03   3.4944555e-03
  -2.0054437e-01   1.3255484e-01   6.1309481e-01   4.5110466e-03  -5.0541520e-03   3.3475804e-03
  -1.6083057e-01   3.5349277e-01   1.3692383e+00   6.5757793e-03  -4.8497120e-03   4.3501282e-03
  -1.3310086e-01   9.9689300e-02   7.4826736e-01   4.9630866e-03  -5.3727379e-03   3.9225231e-03
  -1.8619341e-01   3.7689380e-01   1.1646204e+00   1.0052522e-02  -6.2564668e-03   5.0241558e-03
  -1.4782624e-01   2.5311848e-01   1.2129458e+00   6.1602114e-03  -4.7601198e-03   3.8739760e-03
  -2.2227845e-01  -3.7989613e-02   7.6811970e-01   3.5496608e-03  -7.1425361e-03   4.6132095e-03
  -1.5740776e-01   1.3907143e-01   1.2524535e+00   4.1970558e-03  -4.4040633e-03   3.8283039e-03
  -2.2416015e-01   2.5770855e-01   4.1359273e-01   9.7107877e-03  -5.1722116e-03   3.8607427e-03
  -1.4060405e-01   6.8686592e-01   1.6285868e+00   1.2225670e-02  -4.1729348e-03   3.5183094e-03
  -2.7622793e-01   1.1185380e-01   8.6563677e-01   5.5125113e-03  -6.5590822e-03   3.4160059e-03
  -3.4460936e-01   1.0142753e-01   1.3178692e+00   5.7332385e-03  -7.2242519e-03   4.4502702e-03
  -3.6779150e-01   8.3673717e-02   1.1408877e+00   3.6879839e-03  -6.6074344e-03   3.2845614e-03
  -3.1540927e-01   4.5117659e-02   1.0969547e+00   2.8579343e-03  -6.9839243e-03   3.8315780e-03
  -3.0824324e-01   1.3287114e-01   9.0161067e-01   3.3906222e-03  -6.5544705e-03   3.0449449e-03
  -3.2883165e-01  -1.1417563e-02   8.9005042e-01   2.3548837e-03  -7.4070013e-03   3.8924666e-03
  -3.0531141e-01   2.3684941e-01   1.4226086e+00   4.7523130e-03  -6.0349369e-03   3.2200914e-03
  -3.4621801e-01  -7.1466304e-03   8.3719097e-01   3.3494747e-03  -7.3012330e-03   3.0666330e-03
  -2.8964228e-01   5.3280448e-02   1.4626787e+00   4.0500390e-03  -6.2370585e-03   4.1110330e-03
  -3.4732256e-01   7.2312546e-02   1.0136366e+00   3.3756280e-03  -6.8965425e-03   3.2732034e-03
  -3.5279192e-01   6.4482877e-02   1.1576358e+00   4.6377978e-03  -6.9441275e-03   3.7393789e-03
  -2.9267379e-01   1.1570028e-01   1.1583257e+00   3.5373630e-03  -5.7144447e-03   3.2803150e-03
  -3.1585963e-01   9.9375509e-02   9.9910557e-01   4.3895072e-03  -6.5461258e-03   4.3948187e-03
  -2.3995676e-01   4.0347447e-01   1.2819937e+00   7.3967034e-03  -5.3297238e-03   3.4642400e-03
  -2.5055986e-01   1.0449138e-01   8.3465129e-01   5.5771089e-03  -6.9383261e-03   4.1052091e-03
  -1.9218969e-01   4.4025884e-01   1.5370145e+00   8.4060108e-03  -4.8836783e-03   3.5043265e-03
  -2.1532310e-01   1.5830441e-01   8.8279111e-01   6.8736846e-03  -5.8329365e-03   4.2421875e-03
  -1.6321076e-01   4.8296624e-01   1.6218217e+00   1.1520102e-02  -4.6420721e-03   4.2640347e-03
  -7.7616300e-02   2.5721627e-01   8.3377976e-01   1.1703951e-02  -4.3470523e-03   5.5662467e-03
  -1.3880524e-01   2.7184911e-01   1.6388425e+00   1.0525095e-02  -4.1669328e-03   5.2762265e-03
  -1.5700933e-01   4.7210923e-01   1.4398639e+00   1.4947841e-02  -4.9235404e-03   5.6426160e-03
   2.9606970e-02   7.0877433e-01   1.1178472e+00   1.6078311e-02  -2.2492781e-03   3.5843788e-03
  -1.6020143e-01   2.8820470e-01   9.8271549e-01   8.6691884e-03  -4.4102891e-03   3.9527394e-03
  -1.6536156e-01   3.3714464e-01   1.4610860e+00   8.2689028e-03  -3.8458071e-03   3.6174803e-03
  -1.7054356e-01   5.6255736e-02   9.1070143e-01   5.0314810e-03  -4.7248778e-03   3.4012114e-03
  -1.3621103e-01   3.0646606e-01   1.3843792e+00   8.4550840e-03  -4.2357576e-03   4.9083169e-03
  -1.4342457e-01   2.0749998e-01   1.0653918e+00   5.7813217e-03  -4.1069838e-03   3.9738090e-03
  -1.9238864e-01   2.1387911e-01   9.8113928e-01   6.4643706e-03  -5.9381850e-03   4.8178130e-03
  -1.9284215e-01   3.3194518e-02   1.4145772e+00   2.9666725e-03  -4.4205143e-03   4.0022861e-03
  -1.5364525e-01   1.3008023e-01   8.0089349e-01   5.9691977e-03  -4.8516789e-03   4.0484307e-03
  -8.0775931e-02   5.0554121e-01   1.5470509e+00   1.1682262e-02  -3.8285478e-03   5.4083680e-03
  -8.9246366e-02   2.9120099e-01   9.8168433e-01   9.3757095e-03  -3.7429635e-03   4.1591243e-03
  -1.9257135e-01   4.3436294e-01   1.1750671e+00   1.1503511e-02  -5.2075466e-03   5.2109673e-03
  -1.3456284e-01   4.9105639e-01   1.3090335e+00   9.5376941e-03  -3.9028070e-03   3.8790976e-03
  -1.3078872e-01   3.8369309e-01   1.0908284e+00   1.2228270e-02  -4.5866219e-03   5.1118569e-03
  -3.9211453e-02   4.3814628e-01   1.2614217e+00   8.2447668e-03  -1.7331744e-03   4.7484179e-03
  -1.0658881e-01   2.9025965e-01   7.7855847e-01   7.6533911e-03  -3.4045745e-03   4.5144058e-03
  -5.4890443e-02   4.6745795e-01   1.4122409e+00   1.0415773e-02  -2.5811909e-03   4.7394269e-03
  -9.8446931e-02   4.3481020e-01   1.0706988e+00   1.1929771e-02  -3.8125413e-03   5.2999547e-03
  -8.9378651e-02   8.0601265e-01   1.3534405e+00   1.7100118e-02  -4.2373261e-03   5.3544768e-03
  -2.2571302e-01   2.5488491e-01   9.3787090e-01   7.5663125e-03  -5.8211243e-03   3.4978703e-03
  -2.3143154e-01   2.2484013e-01   1.1743488e+00   6.6220188e-03  -5.6116581e-03   4.4999253e-03
  -1.8161884e-01   3.3563570e-01   1.3953186e+00   7.2349498e-03  -4.7602305e-03   3.6906984e-03
  -2.1371885e-01   1.3943986e-01   8.8144088e-01   5.3961999e-03  -5.9621607e-03   4.2829205e-03
  -1.1546341e-01   2.1320867e-01   1.6195055e+00   5.7950382e-03  -4.0987626e-03   4.1161420e-03
  -1.7794249e-01   1.5427055e-01   9.7978985e-01   5.8549012e-03  -5.1671678e-03   3.4476845e-03
  -1.1503048e-01   2.4450616e-01   1.5999533e+00   7.7663495e-03  -4.3239021e-03   4.2210777e-03
  -7.0188466e-02   1.9626394e-01   9.6737288e-01   5.1636754e-03  -3.5080521e-03   4.0617823e-03
  -1.2559013e-01   1.9340437e-01   1.2541657e+00   5.6194916e-03  -4.0726295e-03   5.0133470e-03
  -1.2326052e-01   2.1310612e-01   1.0856235e+00   5.5158964e-03  -3.6459349e-03   4.0651822e-03
  -1.0898880e-01   1.3942611e-01   1.3259059e+00   6.2301293e-03  -3.2330367e-03   4.5711767e-03
  -1.2908835e-01   2.1287437e-01   1.1980719e+00   5.3969262e-03  -2.9335021e-03   4.6066601e-03
  -1.1991520e-01  -5.7039342e-02   1.2414804e+00   3.6962504e-03  -3.5715211e-03   5.5891911e-03
  -9.3476062e-02   1.1876931e-01   1.2866529e+00   4.3045732e-03  -2.8579334e-03   4.5050443e-03
  -1.2494422e-01   1.0150389e-01   1.1392128e+00   6.6446822e-03  -3.8542065e-03   5.3679042e-03
  -1.0332954e-01   2.2942767e-01   1.3434814e+00   6.9494624e-03  -2.8742768e-03   4.4946489e-03
  -2.2758576e-01   4.5321663e-02   8.4649637e-01   4.8756954e-03  -5.4789210e-03   5.4496238e-03
  -1.9715381e-01   6.6889496e-02   1.4928585e+00   3.8042552e-03  -3.6792257e-03   4.4671311e-03
  -1.8815060e-01  -1.0813379e-01   7.8738567e-01   3.2225094e-03  -4.8859833e-03   5.1763154e-03
  -2.5961150e-01  -1.1903637e-01   1.5091592e+00   2.2667924e-03  -4.7978831e-03   5.6684506e-03
  -1.4680994e-01   4.3721403e-02   9.7377463e-01   5.6247171e-03  -4.2086413e-03   7.2413033e-03
   1.5286716e-02   1.0145473e-01   1.2926142e+00   5.6124521e-03  -1.8923626e-03   5.2491241e-03
  -1.3915635e-01   7.0166786e-03   9.1580894e-01   3.7527706e-03  -4.2931707e-03   5.2265002e-03
  -2.0363097e-01  -8.4774551e-02   1.6000521e+00   2.2387814e-03  -4.6071409e-03   5.2943964e-03
  -2.1410014e-01   4.7530504e-02   1.1717626e+00   3.4419421e-03  -4.4937338e-03   4.6844342e-03
  -2.4042880e-01   8.8204213e-02   1.5613103e+00   5.5965203e-03  -4.6916854e-03   5.2871995e-03
  -2.5516257e-01   8.0450839e-02   1.2399037e+00   3.6645765e-03  -4.0397899e-03   4.3495944e-03
  -2.5456564e-01   3.1445435e-01   1.4879950e+00   9.1341695e-03  -4.1956760e-03   5.2454004e-03
  -2.7892015e-01   1.6405563e-01   1.2770150e+00   5.1805865e-03  -4.5851250e-03   4.4021902e-03
  -3.2505016e-01   1.8823361e-01   1.2689204e+00   7.3520471e-03  -5.4778380e-03   5.7839644e-03
  -2.3642710e-01   3.1935872e-01   1.3431018e+00   7.1553262e-03  -3.5899026e-03   3.6321276e-03
  -2.3823911e-01  -1.3594684e-01   1.1853803e+00   3.2640728e-03  -4.5538592e-03   5.0484242e-03
  -2.5317097e-01   8.6625437e-02   1.4673388e+00   4.0167267e-03  -3.8622281e-03   3.8758934e-03
  -2.9083392e-01   1.0744728e-02   1.1150784e+00   7.0286659e-03  -4.4891340e-03   5.3368454e-03
  -7.2516035e-02   3.7486800e-01   1.6649608e+00   8.2205999e-03  -1.2560792e-03   4.6493058e-03
  -2.4651856e-01  -6.7687432e-03   9.0194918e-01   4.5182646e-03  -3.8458500e-03   4.7741242e-03
  -2.1378968e-01  -1.9850797e-01   1.5812874e+00   6.8620018e-04  -2.8440552e-03   4.1565180e-03
  -2.1973800e-01  -8.2554552e-02   8.6623476e-01   2.6087546e-03  -3.3682907e-03   4.2637804e-03
  -1.0519523e-01   1.9658701e-01   1.6263592e+00   7.1862492e-03  -1.8509125e-03   4.9780849e-03
  -1.6383017e-01  -2.3171196e-02   9.9734514e-01   3.3759824e-03  -3.5794957e-03   4.6536149e-03
  -2.0523006e-01  -7.0554563e-02   1.5727368e+00   4.1351569e-03  -3.0519524e-03   4.9455330e-03
  -2.5832471e-01  -4.2135145e-02   9.6269498e-01   2.4412402e-03  -4.2550669e-03   4.4689981e-03
  -1.9901962e-01  -7.1135113e-02   1.5784066e+00   2.9165926e-03  -3.1520924e-03   5.1610125e-03
  -1.8745677e-01   8.9181270e-02   1.0029432e+00   6.0134491e-03  -3.2487529e-03   4.6897907e-03
  -2.8731480e-01   5.5235384e-01   1.3809705e+00   1.4168723e-02  -4.2418722e-03   6.7818329e-03
  -2.4257943e-01   8.4866194e-01   1.6008276e+00   1.6341808e-02  -2.3620422e-03   5.4788920e-03
  -3.4912652e-01   4.0273009e-01   1.0361700e+00   1.2406475e-02  -3.9076369e-03   5.1412132e-03
  -3.0692415e-01   7.6677006e-01   1.6526128e+00   1.5116312e-02  -3.2366913e-03   5.4607635e-03
  -3.5329484e-01   5.2866433e-01   9.7323802e-01   1.3781784e-02  -4.0871719e-03   5.3468040e-03
  -4.7894261e-01   8.8977043e-01   1.5545786e+00   1.7717355e-02  -5.5030616e-03   6.2361688e-03
  -4.1301466e-01   4.4230002e-01   1.1552245e+00   8.1276635e-03  -4.9272231e-03   4.8869358e-03
  -4.3774687e-01   1.7342867e-01   1.1629402e+00   5.7561240e-03  -5.4218110e-03   5.2869105e-03
  -3.4751190e-01   4.4062505e-01   1.4181535e+00   1.0076016e-02  -3.6791538e-03   5.0209887e-03
  -2.2069561e-01   4.1824279e-01   7.4069381e-01   1.4535601e-02  -4.3369274e-03   6.7665685e-03
  -1.3947066e-01   1.2071862e-01   1.5503857e+00   5.0623212e-03  -2.3592919e-03   4.9936469e-03
  -2.1772494e-01   2.6326713e-01   1.1674032e+00   8.6098782e-03  -3.2883398e-03   5.3952213e-03
  -1.1825406e-01   5.1013880e-01   1.6378126e+00   1.0060498e-02  -1.6052979e-03   5.4227812e-03
  -8.5324643e-02   4.3435247e-01   1.1817725e+00   1.3086571e-02  -2.9701207e-03   7.8311587e-03
  -1.4865222e-01   6.6064351e-01   1.5332616e+00   1.4028735e-02  -2.8186905e-03   6.9962443e-03
  -2.4596111e-01   3.8173749e-01   1.2796343e+00   1.2921942e-02  -4.1965265e-03   6.5852239e-03
  -1.8196418e-01   5.9994501e-01   1.4577976e+00   1.4176062e-02  -2.5735277e-03   6.7182139e-03
  -5.6018371e-02   8.0871618e-01   9.1106213e-01   2.1687096e-02  -2.7049582e-03   7.0251044e-03
   1.0855519e-02   7.7167729e-01   1.8530162e+00   1.5795017e-02  -4.1989125e-04   5.0709249e-03
  -1.1827027e-01   5.5708619e-01   1.1910001e+00   1.3233581e-02  -1.3001688e-03   4.9557426e-03
  -1.5738173e-01   3.4822147e-01   1.8131108e+00   1.1283807e-02  -1.7507982e-03   5.7639085e-03
  -9.6864316e-02   4.6632449e-01   1.4098370e+00   1.2409724e-02  -1.2002391e-03   5.0810024e-03
  -2.0540085e-01   2.0605318e-01   1.5739173e+00   8.7655048e-03  -2.8105280e-03   5.7546812e-03
  -1.1822043e-01   4.5465195e-01   1.5355313e+00   1.1750380e-02  -1.1678771e-03   5.1421036e-03
  -1.6553835e-01   5.1192976e-01   1.6792872e+00   1.5592296e-02  -2.2426485e-03   6.0187466e-03
  -8.0444938e-02   5.9226504e-01   1.7757518e+00   1.3795384e-02  -7.3680357e-04   4.8645672e-03
  -1.9610486e-01   3.9758372e-01   1.5310481e+00   1.5918855e-02  -2.7963640e-03   5.6513916e-03
  -1.2690342e-01   6.7324300e-01   1.8664193e+00   1.5832949e-02  -6.0811153e-04   4.1131033e-03
  -1.9812913e-01   5.4167495e-01   9.3047088e-01   1.6298481e-02  -2.7813967e-03   5.1672445e-03
   5.7689472e-02   8.7053652e-01   1.7909697e+00   1.8284559e-02   5.2214961e-04   5.5233283e-03
  -1.3764135e-01   4.2830485e-01   1.4883438e+00   1.5152769e-02  -1.8319596e-03   5.1217935e-03
  -1.0495455e-01   1.0641148e+00   1.6497918e+00   2.7720148e-02  -2.9804002e-03   7.3989023e-03
  -1.2474005e-01   6.0973710e-01   1.1757250e+00   1.3524283e-02  -3.7168513e-03   5.5756533e-03
  -9.1196257e-02   4.0974407e-01   1.6236039e+00   1.0595568e-02  -2.5367289e-03   5.0732779e-03
