   0.0000000e+00   0.0000000e+00   2.8421709e-14   1.1102230e-16  -8.6736174e-18   9.6296497e-34
  -3.3744354e-02   6.7761404e-02   1.2988127e-02  -2.7949533e-05  -2.5082055e-04  -4.5606500e-04
  -5.1044695e-02   1.2898915e-01   4.0679872e-02   1.8409448e-04  -4.1852630e-04  -8.7308112e-04
  -6.5915166e-02   1.6761349e-01   5.7716730e-03   6.5704271e-04  -8.0403157e-04  -9.7067505e-04
  -7.3278779e-02   1.6116867e-01   3.6218091e-02   5.8457080e-04  -9.8546768e-04  -1.5601424e-03
  -7.1033534e-02   1.5477744e-01   5.4122498e-02   9.0127750e-04  -1.0985950e-03  -2.2543929e-03
  -7.3311055e-02   1.5588117e-01   6.2508817e-02   7.8795486e-04  -1.0076710e-03  -2.3469497e-03
  -4.5411070e-02   1.7174538e-01   1.1705066e-01   5.2495926e-04  -7.1682243e-04  -2.9335234e-03
  -6.2312564e-02   1.2731712e-01   9.7784660e-02  -4.8907267e-04  -6.6087330e-04  -2.7810849e-03
  -6.8305858e-02   1.3005630e-01   2.1441909e-02  -3.4814007e-04  -9.1710676e-04  -2.9342993e-03
  -5.9059782e-02   2.1571029e-01   6.9188748e-02   1.8683878e-04  -1.0633770e-03  -2.8284770e-03
  -3.7585669e-02   2.0777130e-01   1.1609456e-01   1.3045564e-04  -8.8287492e-04  -3.3068076e-03
  -3.7713912e-02   1.5324189e-01   4.0412096e-02  -7.5301631e-04  -9.1436942e-04  -3.2448145e-03
  -4.0413351e-02   9.9118911e-02  -3.1905999e-02  -1.3019944e-03  -7.6937783e-04  -3.1560789e-03
  -3.6417210e-02   1.2561080e-01  -7.7280895e-02  -1.0334553e-03  -9.2014696e-04  -3.4239748e-03
  -3.4518747e-02   1.6608551e-01  -4.9960729e-02  -6.7705495e-04  -1.0506275e-03  -3.5398921e-03
  -3.9367473e-02   1.6925238e-01   5.0364105e-03  -6.6427352e-04  -1.2023470e-03  -3.6198895e-03
  -2.2876370e-02   1.4134815e-01  -6.2136755e-02  -7.8869065e-04  -7.9452284e-04  -3.7722132e-03
  -3.5188553e-02   1.6266500e-01  -7.8278960e-02  -7.1730429e-04  -9.3974204e-04  -3.8574365e-03
  -2.9984795e-02   1.5353054e-01  -4.8398681e-02  -8.1458856e-04  -1.0318846e-03  -4.4601014e-03
  -3.2767564e-02   1.7874001e-01  -5.7350901e-02  -6.2125832e-04  -1.0000554e-03  -4.2657429e-03
  -4.0666422e-02   1.7814189e-01  -5.0527771e-02  -5.1836660e-04  -1.0584708e-03  -4.4833042e-03
  -4.8086603e-02   1.9609897e-01  -7.0404919e-02  -3.9184581e-04  -1.1443889e-03  -4.7220479e-03
  -5.8581260e-02   2.0712484e-01  -6.3452283e-02  -3.7399902e-04  -1.4842888e-03  -4.8046544e-03
  -6.6256917e-02   1.7028246e-01  -8.7911354e-02  -1.0295181e-03  -1.8353771e-03  -4.7730059e-03
  -5.0617189e-02   1.4891476e-01  -8.3502659e-02  -1.1035648e-03  -1.4459738e-03  -4.8527394e-03
  -3.3919899e-02   1.0466694e-01  -9.9929514e-02  -1.7637491e-03  -1.2218310e-03  -4.8270568e-03
  -4.3799427e-02   1.3063397e-01  -1.1897950e-01  -1.4790132e-03  -1.0963127e-03  -4.6904530e-03
  -5.3852265e-02   1.3236617e-01  -1.0771218e-01  -1.7336004e-03  -1.0195346e-03  -4.9262542e-03
  -6.3146839e-02   1.4182864e-01  -1.4295733e-01  -1.7149884e-03  -1.3038835e-03  -5.1180239e-03
  -7.2227536e-02   1.7685414e-01  -1.0547382e-01  -1.2063936e-03  -1.5482021e-03  -5.3514499e-03
  -6.5325967e-02   2.3481587e-01  -7.5823525e-02   1.9658040e-04  -1.2980139e-03  -5.2747865e-03
  -6.4331454e-02   1.9551209e-01  -9.9480675e-02  -8.7423395e-04  -1.2999549e-03  -5.5771938e-03
  -8.5134426e-02   1.6575171e-01  -1.3644377e-01  -7.7449365e-04  -1.4297809e-03  -5.2914521e-03
  -8.5695138e-02   1.8622361e-01  -1.9360428e-01  -4.1770989e-04  -1.5405577e-03  -4.9953152e-03
  -1.0835863e-01   2.5707281e-01  -1.4193510e-01   9.2219867e-05  -1.8578198e-03  -5.0807420e-03
  -9.4436092e-02   2.5345322e-01  -1.2708522e-01   1.4186890e-04  -1.5728657e-03  -5.8110377e-03
  -1.0631395e-01   2.4159430e-01  -1.2412353e-01  -2.2897672e-04  -1.6547478e-03  -5.4962828e-03
  -1.1354611e-01   1.9317520e-01  -1.5384053e-01  -8.5421351e-04  -1.6339998e-03  -5.5233795e-03
  -1.1966168e-01   1.6169546e-01  -1.9273325e-01  -1.3140215e-03  -1.7280603e-03  -5.9916370e-03
  -1.0079242e-01  -1.0357600e-02  -6.1190481e-01  -5.2275515e-03  -1.1830971e-03  -5.4708019e-03
  -8.5723175e-02   8.6318000e-02  -2.3227638e-01  -3.0701036e-03  -1.4122625e-03  -5.9544355e-03
  -6.2563374e-02   1.0143091e-01  -2.2929339e-01  -2.3453436e-03  -1.0277864e-03  -6.2117558e-03
  -5.7601575e-02   1.0468204e-01  -2.2555622e-01  -2.3515039e-03  -9.5442894e-04  -6.2679423e-03
  -5.5994402e-02   1.1122405e-01  -2.6067761e-01  -2.3378618e-03  -8.0864749e-04  -6.2987375e-03
  -5.4891986e-02   1.2959059e-01  -2.3148759e-01  -2.0037112e-03  -7.0680790e-04  -6.3684882e-03
  -8.1410170e-02   2.0018203e-01  -2.0939998e-01  -1.3955025e-03  -9.7000486e-04  -6.3996218e-03
  -1.0284441e-01   1.6949281e-01  -2.3489502e-01  -2.1542348e-03  -1.1030946e-03  -6.2627379e-03
  -4.1538270e-02   8.2367832e-02  -4.0437211e-01  -3.8379185e-03  -1.2380408e-04  -5.9862984e-03
  -7.9123988e-02   1.8010131e-01  -3.1268975e-01  -2.7251860e-03  -6.6283342e-04  -6.1962471e-03
  -9.3065206e-02   1.9679878e-01  -3.1097346e-01  -2.3165988e-03  -9.7883706e-04  -6.1924499e-03
  -1.0323868e-01   2.2206627e-01  -2.7924234e-01  -1.6190898e-03  -1.0629745e-03  -6.4357616e-03
  -9.7626488e-02   2.2966610e-01  -2.7491966e-01  -1.6556627e-03  -1.0353828e-03  -6.9349676e-03
  -1.1521355e-01   2.1837353e-01  -2.7577311e-01  -1.6840902e-03  -1.1018929e-03  -6.9266950e-03
  -1.2044858e-01   2.3245562e-01  -2.3761992e-01  -1.7078653e-03  -1.0938294e-03  -7.2729733e-03
  -1.1532633e-01   2.3760402e-01  -2.5516995e-01  -1.8172955e-03  -1.2161875e-03  -7.3393272e-03
  -1.2078856e-01   2.8014754e-01  -2.4083079e-01  -1.4835311e-03  -1.4890590e-03  -7.1474122e-03
  -1.3692262e-01   2.4140895e-01  -3.1318334e-01  -1.3678306e-03  -1.5953037e-03  -6.8994497e-03
  -1.4570826e-01   2.6660826e-01  -2.5303425e-01  -8.8898858e-04  -1.6189072e-03  -7.3865071e-03
  -1.4326026e-01   2.7066581e-01  -2.2008993e-01  -1.1107750e-03  -1.6987047e-03  -8.0142677e-03
  -1.4625968e-01   2.8475215e-01  -2.0338151e-01  -1.2298401e-03  -1.8116865e-03  -7.5797539e-03
  -1.4957571e-01   2.8278815e-01  -1.9233586e-01  -1.3783833e-03  -1.8510570e-03  -8.1896974e-03
  -1.7177860e-01   2.5651862e-01  -2.3305014e-01  -1.2813324e-03  -2.1249722e-03  -8.0636824e-03
  -1.9359724e-01   2.4880733e-01  -1.5576383e-01  -1.4843829e-03  -2.4378181e-03  -8.6579961e-03
  -1.9781795e-01   2.6877460e-01  -1.7680764e-01  -1.2669823e-03  -2.3177423e-03  -8.6074474e-03
  -1.9495806e-01   3.1883070e-01  -1.5053467e-01  -7.9703117e-04  -2.3212067e-03  -9.1675543e-03
  -1.8272627e-01   3.0833242e-01  -1.5755072e-01  -8.6899427e-04  -2.2749599e-03  -9.3876097e-03
  -1.5512080e-01   3.3340030e-01  -1.2108125e-01  -1.0127941e-03  -1.7558097e-03  -8.2943967e-03
  -1.6631105e-01   3.1470332e-01  -2.0365175e-01  -7.5626964e-04  -1.9808406e-03  -8.5716918e-03
  -1.8064613e-01   3.7711696e-01  -2.2686610e-01  -1.2059151e-04  -2.0771120e-03  -8.4273091e-03
  -1.8345363e-01   4.5014798e-01  -1.7164153e-01   8.8409620e-04  -2.2402893e-03  -8.6002899e-03
  -1.7950024e-01   4.8171161e-01  -1.3931094e-01   1.1130808e-03  -2.3305103e-03  -8.7782917e-03
  -1.8333440e-01   4.8486926e-01  -1.5171208e-01   1.1827461e-03  -2.4229315e-03  -8.6122170e-03
  -1.7110133e-01   4.7534364e-01  -1.6846977e-01   1.0648136e-03  -2.0012472e-03  -8.4676444e-03
  -1.7302948e-01   4.7846112e-01  -1.7690414e-01   1.0624929e-03  -2.0662789e-03  -8.5761991e-03
  -2.0832963e-01   4.5709157e-01  -2.0822007e-01   1.0085057e-03  -2.6630843e-03  -8.6506804e-03
  -1.9384953e-01   5.1940106e-01  -1.5849013e-01   1.6783955e-03  -2.3696445e-03  -8.4439320e-03
  -1.9663623e-01   4.6398047e-01  -1.4672246e-01   1.1435752e-03  -2.3870291e-03  -8.7638350e-03
  -2.2207284e-01   4.5188793e-01  -1.9537111e-01   9.4848784e-04  -2.7188912e-03  -8.8253093e-03
  -2.0565336e-01   4.5039051e-01  -1.8910891e-01   4.0749550e-04  -2.6816589e-03  -9.2222262e-03
  -2.0073995e-01   4.2961526e-01  -2.2590623e-01   3.9074777e-05  -2.6654046e-03  -9.1376920e-03
  -2.1002187e-01   4.6118943e-01  -2.2796367e-01   6.6457693e-04  -2.6902587e-03  -8.8603964e-03
  -2.1934645e-01   5.3024255e-01  -1.9158646e-01   2.0773664e-03  -2.8460462e-03  -8.8585430e-03
  -2.2086119e-01   5.1124030e-01  -1.8854230e-01   1.6675775e-03  -2.8521818e-03  -9.1621020e-03
  -2.3663572e-01   5.2370483e-01  -1.5282513e-01   1.6611502e-03  -3.1773490e-03  -9.1047634e-03
  -2.4291248e-01   5.6445325e-01  -1.4705229e-01   2.4368082e-03  -3.1667952e-03  -9.4292441e-03
  -2.6168441e-01   5.3986272e-01  -1.2317258e-01   1.5059413e-03  -3.6403896e-03  -9.6556915e-03
  -2.4896679e-01   5.1742971e-01  -1.1120175e-01   1.0633628e-03  -3.4656110e-03  -9.5136752e-03
  -2.3411219e-01   5.0829623e-01  -1.6402583e-01   1.0221650e-03  -3.2133458e-03  -9.2196868e-03
  -2.5333916e-01   5.3605935e-01  -1.5352883e-01   1.5797936e-03  -3.4844418e-03  -9.1756235e-03
  -2.6650480e-01   5.6012614e-01  -1.3421754e-01   2.0491894e-03  -3.6984887e-03  -9.0230931e-03
  -2.7233385e-01   5.7243497e-01  -9.3364151e-02   2.4183813e-03  -3.8679536e-03  -9.3270687e-03
  -2.9674674e-01   5.7083916e-01  -9.7479873e-02   2.4213674e-03  -4.2855276e-03  -9.6557067e-03
  -2.9993594e-01   5.8614634e-01  -9.7140146e-02   2.1247273e-03  -4.3570643e-03  -9.3134665e-03
  -3.0003233e-01   5.5419389e-01  -1.0032233e-01   1.3468812e-03  -4.4758710e-03  -9.5781768e-03
  -3.0172151e-01   5.2300268e-01  -1.3921622e-01   1.1539296e-03  -4.5168725e-03  -1.0102625e-02
  -3.1838158e-01   5.5580459e-01  -1.3400933e-01   1.8911991e-03  -4.9259638e-03  -1.0257609e-02
  -3.1142665e-01   5.9470075e-01  -1.1344375e-01   2.2470389e-03  -4.7070007e-03  -1.0358306e-02
  -3.1261614e-01   5.6930838e-01  -1.1825525e-01   2.2309535e-03  -4.8587493e-03  -1.0478616e-02
  -3.2416653e-01   5.9694122e-01  -8.2165267e-02   2.3036670e-03  -4.9294515e-03  -1.0287196e-02
  -3.2611354e-01   5.6009662e-01  -1.9042653e-01   2.0899970e-03  -5.1114198e-03  -1.0090343e-02
  -3.3293538e-01   6.0682004e-01  -1.6024227e-01   2.6813793e-03  -5.1013242e-03  -9.8784839e-03
  -3.5070842e-01   6.2225593e-01  -1.5572703e-01   3.2171668e-03  -5.5749826e-03  -9.7003380e-03
  -3.4904353e-01   6.5404998e-01  -9.2647481e-02   3.4715080e-03  -5.4645289e-03  -9.6165603e-03
  -3.5133601e-01   6.4919781e-01  -9.9627770e-02   3.1033999e-03  -5.6513113e-03  -9.8276092e-03
  -3.5382102e-01   6.4633000e-01  -1.3396005e-01   3.1656770e-03  -5.5660927e-03  -9.7034306e-03
  -3.4218060e-01   6.2685668e-01  -1.2554957e-01   2.8257505e-03  -5.6519629e-03  -1.0105523e-02
  -3.4229262e-01   5.8199184e-01  -1.1545981e-01   2.0414736e-03  -5.6494059e-03  -1.0239888e-02
  -3.4178312e-01   6.2167552e-01  -1.5279792e-01   2.5930545e-03  -5.3960828e-03  -9.8533912e-03
  -3.4985346e-01   6.2319733e-01  -1.4433816e-01   2.7861451e-03  -5.3646404e-03  -9.6476449e-03
  -3.5060093e-01   6.2788426e-01  -1.2594903e-01   2.9438710e-03  -5.4217240e-03  -9.8666385e-03
  -3.4673227e-01   6.4335962e-01  -1.2819183e-01   3.0350371e-03  -5.6221697e-03  -9.5711304e-03
  -3.3377605e-01   6.8079381e-01  -8.1551288e-02   3.4869589e-03  -5.6941572e-03  -9.5176293e-03
  -3.8221054e-01   6.0449213e-01  -1.7046501e-01   2.4499635e-03  -6.5008460e-03  -9.3063134e-03
  -3.9135312e-01   5.9877200e-01  -1.6556716e-01   2.6274182e-03  -6.5655589e-03  -9.7799229e-03
  -4.0257113e-01   6.0737393e-01  -1.5514927e-01   3.0296294e-03  -6.5911698e-03  -9.9766002e-03
  -4.1214197e-01   6.3678749e-01  -1.5665540e-01   3.2217275e-03  -6.7097483e-03  -9.8658570e-03
  -4.1771031e-01   6.3209673e-01  -1.6275293e-01   3.2050394e-03  -6.9706914e-03  -1.0396949e-02
  -4.2089038e-01   6.2961870e-01  -1.6216961e-01   2.9382771e-03  -7.1030383e-03  -1.0313427e-02
  -4.1812269e-01   6.3959989e-01  -1.9051245e-01   3.4240645e-03  -6.9722749e-03  -1.0833976e-02
  -4.2077702e-01   6.1480470e-01  -1.8764881e-01   3.1267313e-03  -6.8454295e-03  -1.0797093e-02
  -4.1549344e-01   6.0027083e-01  -1.7752388e-01   2.7222241e-03  -6.8195190e-03  -1.1188454e-02
  -4.2902870e-01   6.2674503e-01  -1.6605045e-01   2.8289555e-03  -6.9571687e-03  -1.0798303e-02
  -4.0232318e-01   5.8538279e-01  -2.0247336e-01   2.1439363e-03  -6.6834256e-03  -1.0867639e-02
  -3.8778008e-01   5.9159986e-01  -2.3446555e-01   1.6254752e-03  -6.7775906e-03  -1.0715993e-02
  -3.8036663e-01   5.7554713e-01  -2.0835796e-01   2.4542542e-03  -6.6833713e-03  -1.0410012e-02
  -3.6620346e-01   5.8250407e-01  -1.4899873e-01   2.4149649e-03  -6.3264759e-03  -1.0283364e-02
  -3.6173033e-01   5.9045374e-01  -1.5802661e-01   2.9607148e-03  -6.3981240e-03  -1.0914463e-02
  -3.7668843e-01   5.5729447e-01  -2.0366765e-01   2.0050152e-03  -6.5624370e-03  -1.0587884e-02
  -3.7897399e-01   5.2985432e-01  -2.5244741e-01   1.9307519e-03  -6.4302885e-03  -1.0796118e-02
  -3.7868320e-01   5.4654834e-01  -2.2712649e-01   2.1214827e-03  -6.3152490e-03  -1.0999849e-02
  -3.9815278e-01   5.8900250e-01  -2.2004284e-01   2.7559487e-03  -6.7305518e-03  -1.0892218e-02
  -4.0478084e-01   5.8693291e-01  -2.1984514e-01   2.8521841e-03  -6.9795979e-03  -1.1313108e-02
  -3.8700598e-01   5.7297354e-01  -2.4582564e-01   2.4405433e-03  -6.7587938e-03  -1.1419153e-02
  -3.8373169e-01   5.4131141e-01  -2.6662355e-01   1.6802871e-03  -6.5789527e-03  -1.0925226e-02
  -3.9161339e-01   5.5584548e-01  -2.8684348e-01   1.9455516e-03  -6.7737780e-03  -1.1243862e-02
  -3.9907317e-01   5.7513310e-01  -2.6013695e-01   2.0088181e-03  -7.0566161e-03  -1.1903677e-02
  -3.8573426e-01   5.7212466e-01  -2.1958376e-01   2.0361952e-03  -7.0900306e-03  -1.1995847e-02
  -3.8380382e-01   5.3438561e-01  -2.4080671e-01   1.7014559e-03  -7.1160017e-03  -1.2122669e-02
  -3.8153500e-01   5.1838642e-01  -2.1303008e-01   1.4663559e-03  -7.2056193e-03  -1.2518385e-02
  -3.9376009e-01   5.5024516e-01  -2.6337480e-01   2.0695856e-03  -7.2231437e-03  -1.2537701e-02
  -3.9185084e-01   5.7329606e-01  -2.7626941e-01   2.3392658e-03  -7.1436030e-03  -1.2386277e-02
  -3.8232797e-01   5.8108804e-01  -2.3932489e-01   2.4789450e-03  -7.2628820e-03  -1.2537640e-02
  -3.8258756e-01   5.3437861e-01  -3.9468847e-01   1.8917472e-03  -7.5074284e-03  -1.2205424e-02
  -3.5450664e-01   6.0637147e-01  -2.8181954e-01   2.6267486e-03  -6.9815013e-03  -1.2362798e-02
  -3.5362698e-01   5.9344970e-01  -2.8681241e-01   2.8840465e-03  -6.5493778e-03  -1.2506771e-02
  -3.5070216e-01   5.6191726e-01  -2.4386442e-01   2.2270265e-03  -5.7675480e-03  -1.1831972e-02
  -3.2069783e-01   6.2363580e-01  -2.9106507e-01   2.9299759e-03  -5.8607590e-03  -1.2005797e-02
  -3.2584131e-01   6.8618859e-01  -2.2889008e-01   3.6211984e-03  -6.0710076e-03  -1.1818042e-02
  -3.4747423e-01   6.4804316e-01  -2.7725934e-01   3.8520777e-03  -6.2112843e-03  -1.1285009e-02
  -3.4159828e-01   6.4563057e-01  -2.8107152e-01   3.4882166e-03  -6.0524088e-03  -1.1202892e-02
  -3.6741159e-01   6.4766906e-01  -2.4759978e-01   3.2284387e-03  -6.5005215e-03  -1.1689784e-02
  -3.7533043e-01   6.4119252e-01  -2.9414879e-01   3.0448675e-03  -6.6311473e-03  -1.1625128e-02
  -3.9471386e-01   6.4237323e-01  -3.1345338e-01   3.1700229e-03  -6.7142075e-03  -1.1676447e-02
  -3.9473038e-01   6.7411982e-01  -3.0895586e-01   3.6536236e-03  -6.6464302e-03  -1.2010856e-02
  -3.9463030e-01   6.8694070e-01  -2.8961339e-01   3.5418720e-03  -6.7967694e-03  -1.1905040e-02
  -4.0607153e-01   6.5360513e-01  -3.2400099e-01   3.6887487e-03  -6.7876571e-03  -1.1625213e-02
  -4.1285827e-01   6.5764760e-01  -2.7620181e-01   3.4270597e-03  -6.8811874e-03  -1.2062775e-02
  -4.0680667e-01   6.5456736e-01  -2.9825786e-01   3.6423110e-03  -7.0220085e-03  -1.1912892e-02
  -4.2160379e-01   6.5697298e-01  -2.7658969e-01   3.5825302e-03  -7.2849051e-03  -1.1961274e-02
  -4.0427806e-01   6.6925718e-01  -2.7581827e-01   3.6131322e-03  -6.9223028e-03  -1.1874630e-02
  -4.0977612e-01   6.1919319e-01  -3.5994968e-01   3.2451660e-03  -6.8976624e-03  -1.1799406e-02
  -4.1927049e-01   6.3441093e-01  -3.4648673e-01   3.0317973e-03  -6.9808680e-03  -1.2076873e-02
  -4.1553572e-01   6.2060370e-01  -3.5818208e-01   2.4623884e-03  -7.0749645e-03  -1.1936952e-02
  -4.0886273e-01   6.5234604e-01  -3.2111271e-01   2.9164779e-03  -6.9419731e-03  -1.1797371e-02
  -4.0389438e-01   6.4013675e-01  -3.7042780e-01   3.3577979e-03  -6.4203121e-03  -1.1849183e-02
  -3.9434301e-01   6.2919021e-01  -3.4224762e-01   3.2109513e-03  -6.3948576e-03  -1.1934183e-02
  -4.0857604e-01   5.9505100e-01  -3.7719667e-01   3.0392671e-03  -6.6401396e-03  -1.2080473e-02
  -4.3133579e-01   6.2320778e-01  -3.8868621e-01   2.8631178e-03  -7.0693960e-03  -1.2250933e-02
  -4.3639824e-01   5.9084650e-01  -3.7271638e-01   2.3366890e-03  -7.0619706e-03  -1.2511248e-02
  -4.4909172e-01   5.6929051e-01  -3.7171455e-01   1.9767276e-03  -7.1442485e-03  -1.2619212e-02
  -4.6906287e-01   6.2135909e-01  -3.7855517e-01   2.4616779e-03  -7.4233585e-03  -1.2656169e-02
  -4.7910814e-01   6.4208254e-01  -3.5681769e-01   3.0491440e-03  -7.5756818e-03  -1.3223415e-02
  -5.0267254e-01   6.0940289e-01  -3.6905653e-01   2.7046774e-03  -7.9252224e-03  -1.3767367e-02
  -5.1985783e-01   6.2609863e-01  -3.3920933e-01   2.3638621e-03  -8.1448483e-03  -1.3790199e-02
  -5.4048032e-01   5.9477043e-01  -3.7564777e-01   2.4789989e-03  -8.3238173e-03  -1.3687072e-02
  -5.2263841e-01   5.8600400e-01  -3.2303044e-01   2.2061572e-03  -8.1779798e-03  -1.4055216e-02
  -5.2826043e-01   5.9920198e-01  -3.7919004e-01   2.2005547e-03  -7.6676115e-03  -1.3434926e-02
  -5.0803572e-01   5.4788423e-01  -4.2822410e-01   1.5914754e-03  -7.3459077e-03  -1.3281695e-02
  -5.0983039e-01   5.4728970e-01  -3.4820620e-01   1.5769679e-03  -7.5337143e-03  -1.2957718e-02
  -5.1384133e-01   5.3852784e-01  -3.3987498e-01   1.7653943e-03  -7.7091075e-03  -1.3113880e-02
  -5.2217437e-01   5.8475893e-01  -3.1316506e-01   2.4257936e-03  -8.0424043e-03  -1.3374236e-02
  -5.1388875e-01   5.9302469e-01  -3.2337747e-01   2.4334271e-03  -7.7044642e-03  -1.3236562e-02
  -5.3614228e-01   6.0594774e-01  -2.9457921e-01   2.5700261e-03  -7.8499722e-03  -1.3469789e-02
  -5.3286028e-01   5.9667497e-01  -3.0359821e-01   2.1584189e-03  -7.8483594e-03  -1.3615466e-02
  -5.2627904e-01   5.9856253e-01  -2.9686966e-01   2.6302942e-03  -7.8236372e-03  -1.4224890e-02
  -5.0039995e-01   6.1347223e-01  -3.8735786e-01   3.0433196e-03  -7.1535197e-03  -1.3342854e-02
  -4.6075535e-01   5.9028350e-01  -3.4681985e-01   2.9905439e-03  -6.9720726e-03  -1.3608286e-02
  -4.9191627e-01   6.1440181e-01  -3.1156029e-01   3.4429270e-03  -7.3357992e-03  -1.3684232e-02
  -3.6724652e-01   5.8111911e-01  -3.4584129e-01   2.9184250e-03  -5.5116869e-03  -1.3443322e-02
  -4.3896982e-01   5.6156748e-01  -3.2663058e-01   1.9351913e-03  -6.9018489e-03  -1.3451306e-02
  -4.3823048e-01   5.3867022e-01  -3.1883492e-01   2.3374282e-03  -6.9420651e-03  -1.3622158e-02
  -4.5077631e-01   5.3478634e-01  -3.3054131e-01   2.3330422e-03  -7.1937179e-03  -1.3558864e-02
  -4.6849155e-01   5.1516646e-01  -3.4857815e-01   2.4371062e-03  -7.7194501e-03  -1.4113815e-02
  -4.5309791e-01   3.8376143e-01  -3.7419046e-01  -2.3958320e-04  -7.6078690e-03  -1.4387170e-02
  -4.6817278e-01   4.6338721e-01  -3.3347353e-01   1.0998645e-03  -7.7609112e-03  -1.4356160e-02
  -4.0936368e-01   2.8284404e-01  -4.8761224e-01  -1.3319513e-03  -6.6613561e-03  -1.3459267e-02
  -4.2458218e-01   3.9100679e-01  -3.3693374e-01  -5.7623977e-04  -6.8287400e-03  -1.3575318e-02
  -4.4083665e-01   4.0668425e-01  -3.5036507e-01  -2.4900099e-05  -6.8432210e-03  -1.3250978e-02
  -4.3195853e-01   3.3139516e-01  -5.3748143e-01  -9.1978525e-04  -6.6659615e-03  -1.2001047e-02
  -4.1648356e-01   3.6904215e-01  -5.7612548e-01  -1.0245963e-03  -6.9037156e-03  -1.2825210e-02
  -3.7574534e-01   1.1581454e-02  -6.4581794e-01  -7.0752554e-03  -6.2998694e-03  -9.6210185e-03
  -3.7748745e-01   2.5905397e-01  -5.4387692e-01  -2.9969341e-03  -6.8629491e-03  -1.0383988e-02
  -3.9424689e-01   2.7162224e-01  -5.4853354e-01  -2.2124659e-03  -6.7886349e-03  -1.0778701e-02
  -4.2750384e-01   3.6597666e-01  -5.0376196e-01  -5.7558819e-04  -6.8814641e-03  -1.1493269e-02
  -4.2169638e-01   3.8574347e-01  -4.4436867e-01  -4.7141751e-04  -6.6357550e-03  -1.1365680e-02
  -4.1640327e-01   3.3844401e-01  -4.5594268e-01  -1.3996188e-03  -6.4078383e-03  -1.1030872e-02
  -4.0417085e-01   3.4656462e-01  -4.9726508e-01  -1.4811904e-03  -6.1948638e-03  -1.0825415e-02
  -4.3560140e-01   3.4590210e-01  -5.0147608e-01  -1.1836616e-03  -6.7695956e-03  -1.0943480e-02
  -4.5553655e-01   3.6278941e-01  -4.8067079e-01  -6.0930763e-04  -7.0594742e-03  -1.1528882e-02
  -4.6759108e-01   3.5525266e-01  -4.4540088e-01  -1.3089660e-03  -7.3360970e-03  -1.1711464e-02
  -4.5759529e-01   3.7287470e-01  -4.2510102e-01  -1.2602901e-03  -7.1344961e-03  -1.1136205e-02
  -4.8223182e-01   3.9816762e-01  -4.5450140e-01  -2.9550130e-04  -7.5081188e-03  -1.1296734e-02
  -4.6655298e-01   3.7671963e-01  -4.6289380e-01  -6.5786508e-04  -7.0979339e-03  -1.1478968e-02
  -4.7668023e-01   3.9809761e-01  -4.5227493e-01  -1.1584143e-04  -6.8887550e-03  -1.1940595e-02
  -4.8401333e-01   3.6934678e-01  -4.8374795e-01  -1.0749154e-03  -5.0959370e-03  -1.1667320e-02
  -4.6004456e-01   3.6416911e-01  -5.3796194e-01  -7.6558458e-04  -6.1432657e-03  -1.1770926e-02
  -4.6271754e-01   3.9815856e-01  -5.2999147e-01  -4.6922412e-04  -6.5251707e-03  -1.1684796e-02
  -4.6192819e-01   4.1458151e-01  -5.2823150e-01  -3.6173599e-04  -6.6236641e-03  -1.1583790e-02
  -4.6705292e-01   4.0185223e-01  -4.9589194e-01  -4.1420650e-04  -6.6403610e-03  -1.1812108e-02
  -4.6641719e-01   4.0480485e-01  -4.8117679e-01  -3.2983834e-04  -7.0587956e-03  -1.1962853e-02
  -4.6771886e-01   4.0841828e-01  -4.8173762e-01  -7.1697718e-04  -7.0220496e-03  -1.1886504e-02
  -4.7426317e-01   3.8883924e-01  -5.2303575e-01  -9.4985750e-04  -7.1692967e-03  -1.1954500e-02
  -4.7083955e-01   3.8275534e-01  -5.1792215e-01  -8.0877984e-04  -7.0782007e-03  -1.2240317e-02
  -4.8347890e-01   3.8019861e-01  -5.1054271e-01  -1.0916630e-03  -7.2288457e-03  -1.2500749e-02
  -4.8101486e-01   4.4274300e-01  -5.0512193e-01  -1.9246954e-04  -7.2922623e-03  -1.2648587e-02
  -4.8072016e-01   4.1320034e-01  -4.8547413e-01  -7.9505443e-04  -7.3964225e-03  -1.2962220e-02
  -4.9619004e-01   3.7282611e-01  -5.0076063e-01  -1.6170313e-03  -7.4552998e-03  -1.2937876e-02
  -4.9595896e-01   3.4806002e-01  -5.2867409e-01  -2.1515356e-03  -7.2888956e-03  -1.2828499e-02
  -5.1138060e-01   3.4060019e-01  -5.8592935e-01  -2.0001736e-03  -7.3820913e-03  -1.2991325e-02
  -5.0570424e-01   3.4175654e-01  -5.7705353e-01  -1.9585108e-03  -7.4333692e-03  -1.3345217e-02
  -5.2228344e-01   3.6718825e-01  -5.5027778e-01  -1.5436407e-03  -7.7880865e-03  -1.3407107e-02
  -5.2685918e-01   3.8493813e-01  -5.4738913e-01  -1.7525393e-03  -7.5211253e-03  -1.3058391e-02
  -5.2600320e-01   3.6865514e-01  -5.7872753e-01  -1.5569997e-03  -7.4977113e-03  -1.3383759e-02
  -5.2782359e-01   3.7470329e-01  -5.2068881e-01  -1.8099696e-03  -7.7916757e-03  -1.3606755e-02
  -5.5139395e-01   3.5735129e-01  -5.4458499e-01  -2.1618972e-03  -7.5932676e-03  -1.3207591e-02
  -5.3624673e-01   3.0336846e-01  -4.9084026e-01  -3.1165147e-03  -7.5718090e-03  -1.3349977e-02
  -5.2298799e-01   3.0566901e-01  -5.1247148e-01  -2.6937801e-03  -7.3770346e-03  -1.3693810e-02
  -5.2439679e-01   3.3183622e-01  -5.3155680e-01  -2.6543179e-03  -7.3937960e-03  -1.3713798e-02
  -5.4136351e-01   2.9213658e-01  -5.2575189e-01  -3.1733953e-03  -7.7121007e-03  -1.3854207e-02
  -5.3902409e-01   2.8716183e-01  -5.0346672e-01  -3.3718180e-03  -7.7854686e-03  -1.3893652e-02
  -5.1805606e-01   2.7600092e-01  -5.4458712e-01  -3.6052400e-03  -7.5273802e-03  -1.3385535e-02
  -5.0787311e-01   2.4581577e-01  -5.2665598e-01  -3.7966645e-03  -7.4197542e-03  -1.3461905e-02
  -5.1083410e-01   2.6961637e-01  -5.3100044e-01  -3.4770003e-03  -7.3601370e-03  -1.3449464e-02
  -5.1724703e-01   2.9251138e-01  -5.0344429e-01  -3.3315381e-03  -7.4691894e-03  -1.3598150e-02
  -5.0763310e-01   2.8903710e-01  -5.4223555e-01  -3.1193503e-03  -7.3163501e-03  -1.3979463e-02
  -5.1810644e-01   2.7520366e-01  -5.2645267e-01  -3.6828892e-03  -7.7113102e-03  -1.4359984e-02
  -5.2293771e-01   2.5904363e-01  -4.9949795e-01  -3.8784057e-03  -7.9507914e-03  -1.4600269e-02
  -5.3620101e-01   2.8284769e-01  -5.1259105e-01  -3.6673283e-03  -8.2262544e-03  -1.4270660e-02
  -5.3137876e-01   2.7511421e-01  -4.7916188e-01  -3.4819743e-03  -8.1833265e-03  -1.4505883e-02
  -5.3778823e-01   2.6812806e-01  -4.7689742e-01  -3.2789607e-03  -8.1936921e-03  -1.4550427e-02
  -5.4548872e-01   2.4911536e-01  -4.5875224e-01  -4.0082116e-03  -8.3882399e-03  -1.4710549e-02
  -5.5434609e-01   2.2958054e-01  -5.1863856e-01  -4.2603182e-03  -8.3796203e-03  -1.4413937e-02
  -5.5422109e-01   2.4514714e-01  -5.3601054e-01  -4.1364702e-03  -8.4597753e-03  -1.4500897e-02
  -5.5664235e-01   2.2461150e-01  -5.4139966e-01  -4.5168418e-03  -8.6294959e-03  -1.4957900e-02
  -5.5477114e-01   2.2156944e-01  -5.0535325e-01  -4.7573791e-03  -8.7553075e-03  -1.5198451e-02
  -5.6999108e-01   2.1546536e-01  -5.1315426e-01  -4.6088427e-03  -8.8839447e-03  -1.5134506e-02
  -5.5285666e-01   1.5590280e-01  -5.0123347e-01  -5.5527337e-03  -8.5810938e-03  -1.5849626e-02
  -5.8269324e-01   1.2883925e-01  -5.5540688e-01  -5.6689261e-03  -8.9863984e-03  -1.5824857e-02
  -5.7571009e-01   1.7409461e-01  -5.0104424e-01  -5.3846057e-03  -8.8426400e-03  -1.5861803e-02
  -5.8078081e-01   1.5617064e-01  -5.2883198e-01  -5.6681650e-03  -9.0840812e-03  -1.5687295e-02
  -5.7818987e-01   1.6370590e-01  -5.3388851e-01  -5.4678614e-03  -9.1923161e-03  -1.5478114e-02
  -5.5151935e-01   1.3436654e-01  -4.5420526e-01  -5.2646197e-03  -7.8057416e-03  -1.5588240e-02
  -5.2585139e-01   1.3247969e-01  -4.7473274e-01  -5.1264971e-03  -8.0398771e-03  -1.5216286e-02
  -5.4777933e-01   1.2801779e-01  -5.2707646e-01  -5.6276168e-03  -8.3783314e-03  -1.4964847e-02
  -5.4987263e-01   1.2312992e-01  -5.7619438e-01  -5.7901160e-03  -8.4845523e-03  -1.5201799e-02
  -5.6955863e-01   1.3610180e-01  -5.4975145e-01  -5.5200828e-03  -8.7558120e-03  -1.5081321e-02
  -5.7028415e-01   1.5679746e-01  -5.7388282e-01  -5.3249592e-03  -8.8523181e-03  -1.5040145e-02
  -5.5974549e-01   1.5605525e-01  -5.0891511e-01  -5.8128786e-03  -8.2186638e-03  -1.5629770e-02
  -5.6051257e-01   1.3091614e-01  -5.0443875e-01  -5.7494058e-03  -6.9987430e-03  -1.5251839e-02
  -4.7374541e-01   1.4263280e-01  -7.5675155e-01  -3.9574072e-03  -6.6772863e-03  -1.3665391e-02
  -4.7960227e-01   1.1150122e-01  -6.7619204e-01  -5.0110396e-03  -6.1953573e-03  -1.3649795e-02
  -4.9430745e-01   1.4331538e-01  -5.8492399e-01  -4.7521296e-03  -6.9120369e-03  -1.4386210e-02
  -5.0603658e-01   1.5168672e-01  -5.5642603e-01  -4.7854738e-03  -7.5344171e-03  -1.4631239e-02
  -4.9448762e-01   1.2280827e-01  -6.1346060e-01  -5.1843680e-03  -7.1271184e-03  -1.4031240e-02
  -5.1136454e-01   1.2874901e-01  -6.2183522e-01  -4.9821037e-03  -7.0302894e-03  -1.3965279e-02
  -5.0913530e-01   1.0441467e-01  -5.7622824e-01  -5.1697113e-03  -7.1226992e-03  -1.3807545e-02
  -5.1379546e-01   1.1814367e-01  -5.8160201e-01  -5.5034126e-03  -7.2585794e-03  -1.3976917e-02
  -5.5327372e-01   1.6195843e-01  -6.1643205e-01  -4.3613081e-03  -6.9613725e-03  -1.3066386e-02
  -5.0806130e-01   1.1964165e-01  -6.1195379e-01  -4.9128345e-03  -7.1329048e-03  -1.4072457e-02
  -5.2352380e-01   1.3532203e-01  -5.8336774e-01  -4.5730928e-03  -7.5582269e-03  -1.4022543e-02
  -5.1793161e-01   1.2204770e-01  -5.5364198e-01  -5.1960931e-03  -7.5225513e-03  -1.4252929e-02
  -5.4525499e-01   1.1133119e-01  -5.7050751e-01  -5.0734210e-03  -7.8666089e-03  -1.4214855e-02
  -5.6404597e-01   1.0724820e-01  -5.6881074e-01  -5.2448053e-03  -8.1187188e-03  -1.4307571e-02
  -5.5889380e-01   1.0022787e-01  -5.6880179e-01  -5.1997428e-03  -7.8692742e-03  -1.4764002e-02
  -5.5292742e-01   9.0379399e-02  -5.6933738e-01  -5.6302925e-03  -7.7821588e-03  -1.4474741e-02
  -5.4324550e-01   1.2497165e-01  -6.3441551e-01  -5.3140128e-03  -8.0122463e-03  -1.3848314e-02
  -4.8727982e-01   1.4064664e-01  -6.5591840e-01  -4.8670322e-03  -7.4744823e-03  -1.3957855e-02
  -5.1353208e-01   1.5066669e-01  -6.1138335e-01  -4.6426658e-03  -7.9498128e-03  -1.3501130e-02
  -5.2457602e-01   1.3047971e-01  -6.2060266e-01  -4.7464168e-03  -8.2297767e-03  -1.3583247e-02
  -5.3546483e-01   1.2060195e-01  -5.8123883e-01  -5.4450260e-03  -8.0558549e-03  -1.3901126e-02
  -5.4430207e-01   8.5511736e-02  -6.2051291e-01  -6.0737216e-03  -7.8233487e-03  -1.3811544e-02
  -5.5649699e-01   9.6245774e-02  -6.3943138e-01  -5.9139381e-03  -8.0659498e-03  -1.4051979e-02
  -5.7756322e-01   1.1148414e-01  -6.2795410e-01  -5.8267363e-03  -8.4172371e-03  -1.4452708e-02
  -5.6944864e-01   1.2895909e-01  -5.9728012e-01  -5.6607875e-03  -8.1779284e-03  -1.4473227e-02
  -5.7269362e-01   1.4063597e-01  -5.7754443e-01  -5.5227220e-03  -8.1979701e-03  -1.4119946e-02
  -5.8467554e-01   1.3155726e-01  -5.9015072e-01  -5.3962097e-03  -8.3219486e-03  -1.3909095e-02
  -5.9039285e-01   1.1519161e-01  -5.7143827e-01  -5.9364093e-03  -8.4273828e-03  -1.4397965e-02
  -6.0744822e-01   9.4725448e-02  -5.6650820e-01  -6.5348576e-03  -8.6732284e-03  -1.4516825e-02
  -5.8036884e-01   8.1547210e-02  -5.8581357e-01  -6.8526823e-03  -8.2477635e-03  -1.4661723e-02
  -5.9137094e-01   7.7927611e-02  -6.0745783e-01  -6.7741038e-03  -8.4271596e-03  -1.4618642e-02
  -5.7086099e-01   8.6666656e-02  -5.9069171e-01  -6.7795844e-03  -8.1985178e-03  -1.4754567e-02
  -5.6990411e-01   1.1201371e-01  -5.9411053e-01  -6.1016290e-03  -8.2634869e-03  -1.5065513e-02
  -5.5979369e-01   1.0977278e-01  -5.5728980e-01  -5.8350897e-03  -7.8902063e-03  -1.4742437e-02
  -5.8371416e-01   1.0092863e-01  -5.8430285e-01  -6.1444681e-03  -8.1573920e-03  -1.4656744e-02
  -5.7734594e-01   8.2126735e-02  -5.4422976e-01  -6.9070541e-03  -7.9910185e-03  -1.5422944e-02
  -6.0137279e-01   1.2350318e-03  -5.8413665e-01  -8.1643125e-03  -8.3609139e-03  -1.5602747e-02
  -5.9177761e-01   1.6827535e-02  -5.9581831e-01  -8.0474775e-03  -8.3517800e-03  -1.5749503e-02
  -6.1133759e-01   4.1284336e-02  -5.7780108e-01  -7.6240980e-03  -8.7488593e-03  -1.5966600e-02
  -6.1072569e-01   4.7869722e-02  -5.4499944e-01  -7.6080350e-03  -8.8285473e-03  -1.5913418e-02
  -6.2151206e-01  -1.0154671e-02  -5.7696816e-01  -8.4874952e-03  -8.9248850e-03  -1.6304519e-02
  -6.2487789e-01  -5.7308744e-02  -5.9607147e-01  -9.3696642e-03  -8.6852330e-03  -1.6269318e-02
  -6.2507087e-01  -4.4637128e-02  -6.2122957e-01  -8.9733661e-03  -8.8725972e-03  -1.6636154e-02
  -6.3627768e-01  -9.1849077e-03  -6.1984931e-01  -9.1075290e-03  -9.1884186e-03  -1.6615423e-02
  -6.7653288e-01   8.5920037e-03  -5.7798498e-01  -8.7612986e-03  -8.8483649e-03  -1.5466550e-02
  -6.1405115e-01  -3.4899004e-02  -5.8447334e-01  -9.1024067e-03  -8.7961612e-03  -1.6572694e-02
  -6.3176466e-01  -8.7832702e-02  -5.8649715e-01  -1.0226427e-02  -9.1056166e-03  -1.7040093e-02
  -6.2205133e-01  -1.0990892e-01  -6.3043870e-01  -1.0355020e-02  -8.8110222e-03  -1.7485703e-02
  -6.0492769e-01  -7.9729374e-02  -6.4921755e-01  -1.0176152e-02  -8.6259658e-03  -1.6983629e-02
  -5.8476964e-01  -4.5548386e-02  -6.5373576e-01  -9.6573862e-03  -8.5420503e-03  -1.6473972e-02
  -5.9147688e-01  -4.4517713e-02  -5.9580068e-01  -9.8369446e-03  -8.7902589e-03  -1.6088527e-02
  -5.9424883e-01  -1.2903823e-01  -6.6604575e-01  -1.0748208e-02  -9.0740753e-03  -1.6418565e-02
  -5.9900301e-01  -1.5684221e-01  -6.8304180e-01  -1.1126221e-02  -8.9658947e-03  -1.6722641e-02
  -6.1084809e-01  -1.4548287e-01  -6.6121502e-01  -1.1333253e-02  -9.2321780e-03  -1.6735183e-02
  -6.2448505e-01  -1.3206460e-01  -6.6305806e-01  -1.1137853e-02  -9.5128137e-03  -1.6782304e-02
  -6.2334046e-01  -1.6301971e-01  -6.5372424e-01  -1.1927049e-02  -9.3001883e-03  -1.7128550e-02
  -6.5344346e-01  -1.8371509e-01  -6.2760251e-01  -1.2258230e-02  -9.7849601e-03  -1.7027702e-02
  -6.4812092e-01  -2.0480362e-01  -6.7319702e-01  -1.2549467e-02  -9.6703177e-03  -1.6990949e-02
  -6.5340094e-01  -2.3564596e-01  -6.8152590e-01  -1.2797414e-02  -9.7027007e-03  -1.7077124e-02
  -6.4251802e-01  -2.2245053e-01  -7.2398713e-01  -1.2707537e-02  -9.0283760e-03  -1.7183301e-02
  -6.4654498e-01  -1.5355566e-01  -7.7465509e-01  -1.0899139e-02  -9.0800146e-03  -1.5731381e-02
  -6.1747393e-01  -7.1540113e-02  -8.6049458e-01  -9.2220673e-03  -9.9698823e-03  -1.4601897e-02
  -6.2887538e-01  -1.4913776e-01  -8.6044604e-01  -1.0849039e-02  -9.4993363e-03  -1.5101857e-02
  -6.3547484e-01  -1.3135606e-01  -8.2293445e-01  -1.1192636e-02  -8.0035147e-03  -1.4192928e-02
  -5.4663807e-01  -1.1999123e-01  -1.0107256e+00  -1.1263054e-02  -7.8735872e-03  -1.4239852e-02
  -5.6958450e-01  -1.1553287e-01  -9.5561109e-01  -1.1190117e-02  -8.5477603e-03  -1.4517534e-02
  -5.6784212e-01  -1.2702585e-01  -9.8529289e-01  -1.1517855e-02  -8.6325034e-03  -1.4605006e-02
  -5.8802369e-01  -1.1344373e-01  -8.9801007e-01  -1.1024588e-02  -8.9951931e-03  -1.4852596e-02
  -6.0051909e-01  -1.1096290e-01  -8.3608487e-01  -1.1380880e-02  -8.7345107e-03  -1.5095717e-02
  -6.5802520e-01   8.7081576e-02  -7.5792032e-01  -9.0115572e-03  -6.9251873e-03  -1.2202633e-02
  -6.0241497e-01   5.6820361e-02  -9.3033825e-01  -8.3245321e-03  -7.6241356e-03  -1.1982654e-02
  -6.3630552e-01   5.4195486e-02  -8.5189688e-01  -8.2457342e-03  -8.2953728e-03  -1.2095159e-02
  -6.4340974e-01   1.8149076e-01  -8.4117440e-01  -7.4313433e-03  -8.0324676e-03  -1.2261574e-02
  -6.4099950e-01   2.3679488e-01  -8.0668219e-01  -6.6326653e-03  -8.2851334e-03  -1.2329028e-02
  -5.6025039e-01   4.9186541e-02  -1.0608992e+00  -1.0625419e-02  -7.8415559e-03  -1.1102112e-02
  -5.4855036e-01   2.3927038e-01  -9.2759315e-01  -8.3724476e-03  -7.1880259e-03  -1.1020357e-02
  -5.6413313e-01   2.2493401e-01  -8.0292201e-01  -7.6113733e-03  -7.4187039e-03  -1.2003294e-02
  -5.7176950e-01   2.2800797e-01  -8.3225863e-01  -7.4567224e-03  -7.3758346e-03  -1.1890111e-02
  -5.8799615e-01   2.5809588e-01  -7.5143352e-01  -7.2556148e-03  -7.3131144e-03  -1.2403533e-02
  -5.8361323e-01   2.6186347e-01  -8.2694195e-01  -6.9484627e-03  -7.6554837e-03  -1.2218301e-02
  -5.7094496e-01   2.6528192e-01  -7.8708291e-01  -6.4578012e-03  -7.5787607e-03  -1.2781549e-02
  -5.9338337e-01   2.6950653e-01  -7.2920772e-01  -6.6940460e-03  -7.9159219e-03  -1.2868090e-02
  -5.9709647e-01   2.1122145e-01  -7.5440002e-01  -7.4864271e-03  -8.1062547e-03  -1.3218081e-02
  -6.1023852e-01   2.0675790e-01  -7.2634762e-01  -7.8695722e-03  -8.2835366e-03  -1.3350410e-02
  -6.1321794e-01   2.1254266e-01  -7.2997285e-01  -7.7013402e-03  -8.1904211e-03  -1.2971884e-02
  -6.3127952e-01   2.0263628e-01  -7.0321549e-01  -7.4182834e-03  -8.4891204e-03  -1.3654957e-02
  -6.2960900e-01   1.7824236e-01  -7.0166815e-01  -8.1866237e-03  -8.6600564e-03  -1.4043932e-02
  -6.5784844e-01   1.6112940e-01  -7.4443993e-01  -8.6717681e-03  -9.1167027e-03  -1.3817403e-02
  -6.5681200e-01   2.4433774e-01  -7.3966754e-01  -7.4940590e-03  -9.0099742e-03  -1.3376171e-02
  -6.6875978e-01   2.4281802e-01  -7.4674719e-01  -7.0751560e-03  -8.8937156e-03  -1.3253773e-02
  -6.6207494e-01   2.4753090e-01  -6.9650016e-01  -7.1763271e-03  -8.8584218e-03  -1.3284093e-02
  -6.3856627e-01   2.5540625e-01  -7.0898601e-01  -6.9812263e-03  -8.7024030e-03  -1.3641244e-02
  -6.2979191e-01   2.5243119e-01  -7.1928828e-01  -7.1787052e-03  -8.7915123e-03  -1.3047685e-02
  -6.3375082e-01   2.3660019e-01  -7.3897096e-01  -7.1583008e-03  -8.8317198e-03  -1.2723283e-02
  -6.1078504e-01   2.7495145e-01  -7.3427365e-01  -6.8889152e-03  -8.8735604e-03  -1.2971481e-02
  -6.2138602e-01   2.3171182e-01  -7.5435692e-01  -7.6000180e-03  -8.8598359e-03  -1.3155145e-02
  -6.4464815e-01   2.2841256e-01  -7.4493019e-01  -7.4815382e-03  -8.9979197e-03  -1.3322403e-02
  -6.3508269e-01   2.4587662e-01  -7.2456796e-01  -7.5110894e-03  -8.6984786e-03  -1.3573891e-02
  -6.5237236e-01   2.1239502e-01  -7.5352738e-01  -7.7394688e-03  -8.7896255e-03  -1.3763574e-02
  -6.6580830e-01   2.3666750e-01  -7.2567042e-01  -7.6387808e-03  -9.1238875e-03  -1.3849595e-02
  -6.7334870e-01   2.3108145e-01  -7.3540497e-01  -7.7816477e-03  -9.3560209e-03  -1.3885170e-02
  -6.8975792e-01   2.3941532e-01  -7.1287910e-01  -7.8075562e-03  -9.5968946e-03  -1.3989633e-02
  -6.9188369e-01   2.7826503e-01  -6.5768884e-01  -7.2405334e-03  -9.7735053e-03  -1.4246931e-02
  -6.8049829e-01   2.5621277e-01  -7.2274764e-01  -7.6173783e-03  -9.6287879e-03  -1.4328538e-02
  -6.8028114e-01   2.5467280e-01  -6.9943554e-01  -7.6798085e-03  -9.2500656e-03  -1.4238271e-02
  -6.7681027e-01   2.2328035e-01  -7.1219460e-01  -8.2985366e-03  -9.3627698e-03  -1.4640756e-02
  -6.8812657e-01   1.9935068e-01  -7.2342597e-01  -8.6634887e-03  -9.2175279e-03  -1.4121282e-02
  -6.9500300e-01   2.1980472e-01  -7.1821931e-01  -8.3097608e-03  -9.4196526e-03  -1.3981850e-02
  -7.0162287e-01   1.9841291e-01  -7.1404483e-01  -8.4742212e-03  -9.5942829e-03  -1.4352342e-02
  -6.9223356e-01   2.0147094e-01  -6.8293065e-01  -8.4279305e-03  -9.4664735e-03  -1.4305818e-02
  -7.0292762e-01   2.6056336e-01  -7.0869649e-01  -7.3158075e-03  -9.7705326e-03  -1.4153383e-02
