   0.0000000e+00   0.0000000e+00   0.0000000e+00   0.0000000e+00   0.0000000e+00   0.0000000e+00
  -2.5381819e-02  -1.4694283e-02  -7.1903728e-02  -2.8642501e-03  -9.5965071e-05  -2.0197164e-05
  -1.4881553e-02   1.0416273e-01   1.5430700e-01   6.8669799e-04  -7.6646986e-04  -1.2996051e-04
  -1.9104654e-02   1.2482155e-02   4.9088011e-02  -2.6783853e-03  -2.7439087e-04   2.1272391e-04
   2.5986271e-02   1.1039111e-01   9.9718652e-02  -2.4340664e-04   2.2339215e-04   4.4365405e-05
   6.4907108e-02   8.1060747e-02   1.8955051e-01  -1.3098791e-03   1.0190559e-03   3.4147254e-04
   5.5833725e-02   6.3635871e-02   2.0855663e-02  -8.8887004e-04   8.1888539e-04   5.3740877e-04
   9.2579960e-02   1.2680971e-01   2.5070697e-01   3.3838222e-04   1.3467474e-03   2.3685924e-04
   5.6303160e-02   1.6137572e-02  -8.9708481e-02  -6.9167416e-05   8.9786304e-04   2.5911506e-04
   9.9478776e-02   9.6119760e-02   2.7358887e-01   2.4241908e-04   1.7696026e-03   5.8659461e-05
   8.3799178e-02   1.5354162e-02  -3.5851850e-02  -1.6343608e-03   1.8942724e-03   1.9022132e-04
   1.5432211e-01   1.3021722e-01   2.5355639e-01   2.4727067e-03   2.2708882e-03  -7.3744047e-04
   1.0847928e-01  -4.5754626e-03  -4.4861058e-02  -4.6030231e-04   1.6602414e-03   1.5890171e-04
   1.4823287e-01   9.4542750e-02   1.9098497e-01   1.9617699e-03   2.2134398e-03  -3.1853477e-04
   1.4329175e-01   3.6783959e-02   9.3239136e-02  -9.8987913e-04   2.3463351e-03   4.4878301e-04
   1.6510761e-01   9.8638260e-02   1.3052856e-01   1.5486635e-03   2.0111711e-03   1.1379226e-04
   1.6978641e-01   6.4838375e-02   1.5491774e-01  -4.9048670e-04   3.1212421e-03  -2.8081405e-04
   1.4005238e-01   5.2158741e-02   6.4307318e-03   3.9887156e-05   2.2188067e-03   1.2166557e-04
   1.6599750e-01   1.1890576e-01   2.3396427e-01   1.0959013e-03   2.1381055e-03   1.0659382e-04
   1.5688264e-01   4.8159170e-02   1.0351395e-01  -4.6244299e-04   2.7450238e-03   6.7717825e-04
   1.6716469e-01   1.1505347e-01   1.1603190e-01   2.1890313e-03   2.1317807e-03   1.2546355e-04
   1.8431890e-01   6.1738171e-02   2.3250200e-01   7.0130985e-04   2.8634343e-03   1.4611476e-04
   1.5813829e-01   6.6475800e-02  -5.1087766e-02   1.1309637e-03   1.9693940e-03   1.3720059e-06
   1.8212711e-01   1.1735483e-01   2.9361130e-01   2.1717981e-03   2.7940064e-03  -1.3029283e-04
   1.5786077e-01  -5.3629908e-03   1.0265510e-01   2.5476234e-03   1.9766270e-03  -2.0589986e-04
   1.8942740e-01   8.2507095e-02   3.4150731e-01   3.2283046e-03   3.1809376e-03  -9.4596818e-04
   1.3294899e-01   2.2366811e-02   2.3644921e-03   4.0854259e-03   2.0236745e-03  -7.3102821e-04
   1.6622539e-01   7.5086647e-02   3.1263474e-01   1.6594036e-03   2.6765895e-03  -3.8088300e-04
   1.5539205e-01   1.3823062e-02   3.9488504e-02   2.3192706e-03   2.1486111e-03  -7.2874159e-04
   1.8284931e-01   1.0554324e-01   2.9858156e-01   3.2703630e-03   2.7119127e-03  -2.7700910e-04
   1.6358883e-01   2.5559443e-02   9.1879066e-02   7.5101334e-04   2.7556345e-03   3.3510601e-05
   1.7500671e-01   1.0646384e-01   2.1165774e-01   2.8794635e-03   2.9899963e-03  -5.0376740e-04
   1.9458990e-01   6.7232027e-02   2.1477231e-01   7.7173437e-04   3.2818167e-03   3.0279069e-04
   1.7571794e-01   6.9233297e-02   8.5637267e-02   1.8809036e-03   2.9101470e-03   3.8397341e-04
   2.1033249e-01   1.1911145e-01   2.9359414e-01   2.9515347e-03   3.5959202e-03   6.5506051e-05
   1.8585790e-01   5.1050017e-02   1.8721861e-01   7.7158227e-04   4.0051074e-03   3.1991588e-04
   1.8586330e-01   1.1444360e-01   2.5332991e-01   4.7506776e-03   3.0858178e-03  -2.5905818e-04
   1.7320106e-01   6.7149008e-02   2.1404539e-01   7.6859666e-04   3.3224690e-03   1.6009814e-04
   1.9357094e-01   8.6514302e-02   1.0687293e-01   2.8428461e-03   2.8472218e-03   1.2426909e-04
   2.2714740e-01   1.4145270e-01   2.7721007e-01   3.8758481e-03   3.0378988e-03   3.1984188e-04
   2.2255790e-01   3.7996729e-02   1.4595890e-01   8.5419292e-04   3.8054511e-03   6.0043551e-04
   2.2395720e-01   8.7881397e-02   2.2660391e-01   3.8697754e-03   3.5117972e-03  -4.2901146e-05
   2.3587135e-01   5.9152495e-02   3.4289347e-01   2.3737789e-03   4.0725601e-03   1.3858199e-04
   2.1475329e-01   3.8204085e-02   1.7216047e-01   2.7369854e-03   3.7596141e-03  -2.1254671e-04
   2.0528059e-01   9.6342885e-02   3.1841011e-01   3.4994741e-03   4.5429885e-03  -5.3250612e-04
   2.0913620e-01   4.3925469e-02   1.4888737e-01   1.0647089e-03   4.2234885e-03   3.1698740e-04
   2.2751160e-01   1.2370661e-01   2.1800713e-01   4.9635209e-03   4.3148881e-03  -1.8348525e-04
   2.4445825e-01   1.0488931e-01   2.9526648e-01   3.7874481e-03   4.4268840e-03   2.2296792e-04
   2.4273262e-01   4.6876298e-02   1.2329534e-01   2.2697337e-03   4.6486880e-03   1.3446370e-04
   2.4319146e-01   1.1773895e-01   2.8725459e-01   3.9513674e-03   4.4826924e-03  -1.8741291e-04
   2.2291440e-01   4.6706309e-02   2.0948674e-01   9.2238217e-04   5.0422988e-03   2.5548954e-04
   2.1247224e-01   9.4532106e-02   1.3091623e-01   3.5893627e-03   4.8177254e-03  -2.7282842e-04
   2.2691860e-01   1.0868672e-01   3.7631484e-01   2.9629186e-03   5.1965901e-03   5.1419841e-05
   2.2010927e-01   4.3045269e-02   1.1023555e-01   3.6566402e-03   5.4431382e-03  -5.6337549e-04
   2.4422295e-01   1.3689755e-01   3.8798656e-01   4.3895347e-03   5.2661590e-03  -1.1330964e-04
   2.2782593e-01   1.7723893e-02   1.2742776e-01   2.4433795e-03   4.9627622e-03   1.7510199e-04
   2.5409395e-01   1.1119174e-01   2.3702521e-01   4.3075232e-03   5.0405813e-03   1.0024243e-05
   2.4171149e-01   4.2636122e-02   2.0679249e-01   8.1512721e-04   5.3240329e-03   5.5955502e-04
   2.5802319e-01   9.9060071e-02   1.6855538e-01   3.3885888e-03   5.3969106e-03   3.2767941e-04
   2.6118644e-01   1.1191618e-01   3.7282494e-01   4.0579621e-03   6.0101431e-03  -1.7845667e-04
   2.3566520e-01   4.4545718e-02   9.8111929e-02   4.4569415e-03   5.0096802e-03   1.4053604e-04
   2.5610317e-01   1.2445114e-01   3.7018712e-01   4.8740960e-03   5.1353166e-03   2.8218374e-04
   2.2889640e-01   1.8716619e-02   1.4566506e-01   2.3392107e-03   5.3786304e-03   4.2046496e-04
   2.5245221e-01   1.0538744e-01   3.0467854e-01   4.5016202e-03   5.0993165e-03  -1.3231541e-04
   2.4527169e-01   5.0567665e-02   2.4696229e-01   1.7636032e-03   5.4134349e-03   5.7825554e-04
   2.5555331e-01   9.0496035e-02   2.5611300e-01   4.8075517e-03   5.0619341e-03   1.4756287e-05
   2.3209968e-01   6.0029337e-02   2.5977382e-01   2.6829501e-03   5.1794787e-03   3.4518596e-04
   2.5459606e-01   1.1266662e-01   2.6872530e-01   4.8507749e-03   5.6497971e-03  -4.9917814e-04
   2.7273761e-01   7.7359567e-02   3.1486484e-01   3.7885513e-03   5.3678479e-03   5.7259344e-05
   2.4989884e-01   6.7656427e-02   1.2262337e-01   3.1084942e-03   5.2977220e-03   1.9318406e-04
   2.7169914e-01   1.4806096e-01   3.6418520e-01   6.1380805e-03   4.7767591e-03  -2.9044530e-04
   2.5022076e-01  -5.6328846e-03   9.6729820e-02   5.0405937e-03   4.8387287e-03  -6.8450965e-04
   2.7750277e-01   4.4701458e-02   2.1960676e-01   1.8114308e-03   5.4321280e-03   3.8577035e-05
   2.6459013e-01   1.0115311e-01   2.3909299e-01   4.5360712e-03   5.2451507e-03  -3.5198910e-04
   2.6566073e-01   9.6260864e-02   2.9867489e-01   3.4793880e-03   5.0813197e-03   4.9461914e-05
   2.5258567e-01   7.4311911e-02   1.7534845e-01   4.9112208e-03   4.8870394e-03  -2.2225115e-04
   2.8425189e-01   1.3052157e-01   4.2212220e-01   5.0592995e-03   5.8867804e-03  -2.5914024e-04
   2.4566756e-01   5.9530050e-02   1.0755812e-01   5.3364164e-03   5.3048630e-03  -4.3872981e-04
   2.8347509e-01   1.3918215e-01   3.7823405e-01   4.6373383e-03   5.8334111e-03  -4.2478889e-04
   2.9869671e-01   6.7056281e-02   1.1815491e-01   3.9728470e-03   5.2004328e-03  -4.6799683e-05
   3.0261670e-01   1.5715236e-01   3.5256088e-01   5.3193431e-03   5.9585121e-03  -3.7985765e-04
   3.0170264e-01   4.9898364e-02   2.0348833e-01   3.0603898e-03   5.9505582e-03  -2.6280392e-04
   2.9839739e-01   1.5215581e-01   2.1852175e-01   7.1600656e-03   5.1194433e-03  -1.9855360e-04
   3.1213166e-01   1.3019688e-01   3.6714589e-01   4.3302339e-03   6.2549265e-03  -1.4644829e-04
   2.8301266e-01   5.5964637e-02   1.3331037e-01   4.7071583e-03   6.1060664e-03   8.1731335e-05
   3.2557331e-01   1.5178411e-01   3.4484458e-01   6.8319625e-03   5.9784980e-03  -1.2481907e-04
   3.1232449e-01   5.3748874e-02   1.9608237e-01   3.8761672e-03   6.0641229e-03   1.3900908e-05
   3.1339663e-01   1.3860674e-01   3.6535931e-01   6.9979159e-03   6.5560207e-03  -7.0635684e-04
   2.9916018e-01   7.5765255e-02   2.6295728e-01   3.4245925e-03   6.4437321e-03   1.2709675e-04
   2.9821222e-01   1.0681756e-01   2.4727425e-01   5.6240821e-03   5.9662744e-03  -1.3327989e-04
   2.8886677e-01   5.6348522e-02   2.9368343e-01   2.6495019e-03   6.5544753e-03   3.3163651e-04
   2.9563289e-01   1.1171182e-01   2.8238589e-01   5.5234308e-03   6.7792023e-03   9.9167333e-05
   3.1433754e-01   1.1595136e-01   4.1710225e-01   4.8934565e-03   7.1211714e-03  -1.5660723e-04
   3.0234635e-01   7.9684135e-02   2.0472028e-01   5.0384121e-03   6.5491424e-03  -2.0333158e-04
   3.1512442e-01   1.3215413e-01   4.3910955e-01   5.4282847e-03   7.2795158e-03  -1.2020061e-04
   3.1336408e-01   5.9533093e-02   2.2622496e-01   4.3810118e-03   6.7914105e-03   5.9099860e-04
   3.2828369e-01   1.6306598e-01   4.0106381e-01   7.5532773e-03   6.9718604e-03   6.4770696e-05
   3.3066323e-01   4.8804421e-02   2.3411467e-01   4.2015860e-03   7.2510813e-03   5.3969282e-04
   3.4981980e-01   1.1056678e-01   3.4397353e-01   6.0762865e-03   7.1088103e-03  -1.3512726e-05
   3.3482913e-01   6.0586860e-02   3.5537552e-01   4.1689336e-03   7.3735646e-03   2.9434186e-04
   3.3889101e-01   8.5894851e-02   2.8303841e-01   5.9552175e-03   7.8425522e-03  -9.5875495e-05
   3.4421748e-01   1.0308790e-01   4.7120490e-01   5.9280165e-03   7.9298361e-03   1.7057748e-04
   3.4950378e-01   7.0765044e-02   2.0354853e-01   5.4699326e-03   7.5002615e-03   1.8907858e-04
   3.6351689e-01   1.4345587e-01   4.4120513e-01   7.0178632e-03   8.3775994e-03  -4.4759087e-04
   3.4794897e-01   5.5425969e-02   3.2251099e-01   4.2234774e-03   8.1386818e-03   3.3633212e-04
   3.5411166e-01   1.2035062e-01   3.4830846e-01   6.8592859e-03   7.9713988e-03   2.4423032e-04
   3.7976377e-01   1.1021617e-01   4.9001059e-01   6.0854073e-03   8.6853527e-03   3.1933826e-04
   3.4519745e-01   6.9457578e-02   2.7365399e-01   5.4854329e-03   8.2605652e-03   6.6642285e-06
   3.6924254e-01   1.1563710e-01   5.2620245e-01   6.1386955e-03   8.8191503e-03   2.9774698e-04
   3.4692008e-01   5.5716871e-02   2.5514782e-01   4.5423968e-03   8.6039444e-03   6.2371529e-04
   3.6920483e-01   1.5207906e-01   4.6728380e-01   7.1802766e-03   8.5239558e-03   5.4827382e-04
   3.5133108e-01   6.4457759e-02   2.5552948e-01   6.3134099e-03   8.1578379e-03   5.1789804e-04
   3.7038246e-01   1.3923506e-01   4.6848464e-01   6.8657777e-03   8.5798129e-03   4.9620129e-04
   3.6039132e-01   4.1313685e-02   3.0765898e-01   4.5309372e-03   8.8660166e-03   7.1782039e-04
   3.7235339e-01   1.5298499e-01   4.3398618e-01   7.9648138e-03   8.3153002e-03   5.7842634e-04
   3.7332387e-01   9.3446833e-02   4.8062916e-01   5.2915447e-03   9.0974320e-03   7.9863493e-04
   3.7204220e-01   8.6266695e-02   3.4598039e-01   6.1694587e-03   9.3333338e-03   4.5319077e-04
   3.7821075e-01   1.5133208e-01   4.6283216e-01   8.1795233e-03   8.6641224e-03   6.1537670e-04
   3.6062949e-01   7.2390947e-02   3.5007086e-01   4.7446403e-03   8.7798080e-03   1.3453804e-03
   3.5242503e-01   1.3080307e-01   3.3279210e-01   7.1532635e-03   8.7522118e-03   9.9938703e-04
   3.7267372e-01   1.2223567e-01   4.8978347e-01   6.0007032e-03   9.1314898e-03   1.2871762e-03
   3.5947717e-01   1.0807602e-01   2.5448336e-01   6.4377118e-03   8.9334570e-03   9.1065348e-04
   3.8912088e-01   1.6381586e-01   4.9230815e-01   6.2859704e-03   9.1629077e-03   9.7673183e-04
   3.9436266e-01   8.6014800e-02   2.9701303e-01   7.1902043e-03   9.2304032e-03   8.6283566e-04
   3.9127143e-01   1.5159341e-01   5.2153566e-01   7.1747224e-03   8.9682571e-03   1.1328237e-03
   3.6195245e-01   4.7851940e-02   3.2881048e-01   5.6803898e-03   8.9488599e-03   1.1841485e-03
   3.6329476e-01   1.2546651e-01   3.8579734e-01   7.3644153e-03   8.9105666e-03   1.0328985e-03
   3.7455648e-01   1.2044969e-01   4.1105328e-01   5.3932562e-03   9.0322187e-03   1.5445521e-03
   3.7985538e-01   1.2018160e-01   3.3234854e-01   7.4720252e-03   8.7179893e-03   1.0420604e-03
   4.0045771e-01   1.3411545e-01   5.0217474e-01   6.7565687e-03   9.4895797e-03   1.2219161e-03
   3.7831065e-01   6.4442676e-02   2.7612510e-01   5.8004525e-03   9.5564314e-03   1.1345114e-03
   3.9950614e-01   1.5280647e-01   5.1277550e-01   7.5838243e-03   1.0059743e-02   5.1610066e-04
   3.8230921e-01   1.0402631e-01   3.6042287e-01   5.7719150e-03   9.8669928e-03   1.2692346e-03
   3.8658163e-01   1.4723614e-01   3.6630484e-01   7.9002781e-03   9.6416464e-03   1.0862078e-03
   3.8654246e-01   1.2836234e-01   4.6299778e-01   5.3672114e-03   9.7873812e-03   1.5120284e-03
   3.9734059e-01   1.2888770e-01   3.4771396e-01   7.3172332e-03   9.7986325e-03   1.5866170e-03
   4.3174130e-01   1.5193875e-01   5.7914414e-01   6.8971817e-03   1.0359959e-02   1.8517121e-03
   4.1001716e-01   9.1413849e-02   3.4886541e-01   7.5241535e-03   9.7728752e-03   1.3080262e-03
   4.0896052e-01   1.6189269e-01   5.1877011e-01   6.8044831e-03   1.0531722e-02   1.2399863e-03
   3.7604798e-01   6.9198852e-02   2.7310526e-01   5.7994017e-03   9.8364286e-03   1.5749647e-03
   4.0957904e-01   1.8929769e-01   5.0886119e-01   8.5387101e-03   1.0069106e-02   1.3204613e-03
   3.9176101e-01   7.2893628e-02   3.2036225e-01   5.6544515e-03   1.0377664e-02   1.6287765e-03
   4.2190921e-01   1.8476318e-01   5.0808130e-01   8.8916699e-03   1.0076046e-02   7.7459022e-04
   3.9279991e-01   7.2701125e-02   3.7567134e-01   6.3321644e-03   9.6267564e-03   1.4304572e-03
   3.9881204e-01   1.6985635e-01   5.0823877e-01   7.5301217e-03   1.0031319e-02   1.0552756e-03
   4.0377303e-01   9.0221814e-02   3.9676271e-01   4.9544769e-03   1.0360373e-02   1.6629791e-03
   4.3669859e-01   1.2612999e-01   4.4376161e-01   7.7225121e-03   1.0125127e-02   1.0096497e-03
   4.2482635e-01   1.1578824e-01   5.1608571e-01   5.9980627e-03   1.0340809e-02   1.5842500e-03
   4.1941148e-01   1.0358944e-01   4.3185943e-01   8.0695576e-03   9.9246557e-03   1.0646995e-03
   4.1325859e-01   1.2842676e-01   5.1007916e-01   6.1498677e-03   1.0179682e-02   1.5198319e-03
   4.1450338e-01   1.1265179e-01   3.4506694e-01   8.1949033e-03   9.9543542e-03   1.1999823e-03
   4.2162610e-01   1.6160376e-01   6.0951198e-01   7.7106991e-03   1.0636868e-02   1.1937776e-03
   4.0879523e-01   6.0811885e-02   3.2706040e-01   6.3303063e-03   1.0787811e-02   9.2274098e-04
   4.2516167e-01   1.5615822e-01   5.1951714e-01   8.5708631e-03   1.0759411e-02   8.4434776e-04
   3.9683501e-01   6.2720252e-02   3.4665193e-01   6.2828008e-03   1.0673629e-02   1.2750131e-03
   4.1624615e-01   1.6296774e-01   5.4230851e-01   8.3472637e-03   1.0426274e-02   1.1869429e-03
   3.9833358e-01   7.7300175e-02   4.3013147e-01   6.2528020e-03   1.0712777e-02   1.5022426e-03
   4.0237153e-01   1.6566330e-01   5.0001472e-01   8.3612687e-03   1.0360397e-02   1.0318376e-03
   4.1035245e-01   1.0365346e-01   4.5388508e-01   6.8229367e-03   1.0458268e-02   1.5700578e-03
   4.0392377e-01   1.3470866e-01   4.8883427e-01   8.6631352e-03   1.0828254e-02   1.1317833e-03
   4.4094193e-01   1.3297649e-01   5.6668916e-01   9.1879054e-03   1.0798709e-02   1.2336492e-03
   4.0250832e-01   7.5591001e-02   3.1905614e-01   6.9260796e-03   1.0771260e-02   1.4572079e-03
   4.4126962e-01   1.6567652e-01   5.8315129e-01   8.3796931e-03   1.0955235e-02   1.2080583e-03
   4.2031323e-01   1.1256495e-01   3.7705702e-01   6.6979411e-03   1.0492277e-02   1.7030468e-03
   4.1422375e-01   1.7635590e-01   4.6808272e-01   8.5220487e-03   1.0344158e-02   1.1307489e-03
   4.2455222e-01   1.1982336e-01   4.9506203e-01   7.0668016e-03   1.0047790e-02   1.5927997e-03
   4.2761813e-01   1.4860503e-01   4.1278597e-01   7.6683339e-03   1.0138354e-02   1.0107180e-03
   4.3740888e-01   1.5513817e-01   5.5271681e-01   8.5682378e-03   1.1294565e-02   6.8043202e-04
   4.0706435e-01   1.0057737e-01   4.3793834e-01   5.8625999e-03   1.0931591e-02   1.4879967e-03
   4.0326769e-01   1.5553454e-01   4.6022204e-01   8.3535104e-03   1.0765450e-02   1.6157820e-03
   4.3723302e-01   1.6052701e-01   6.0240663e-01   7.6098924e-03   1.1225082e-02   1.6713116e-03
   4.2898790e-01   1.0316484e-01   4.2328758e-01   6.6540774e-03   1.1137241e-02   2.0364172e-03
   4.4658248e-01   1.7001662e-01   5.6375435e-01   8.5890941e-03   1.1106556e-02   1.7011564e-03
   4.2478168e-01   8.8067316e-02   4.7058315e-01   6.0256341e-03   1.1490071e-02   2.0386902e-03
   4.3290439e-01   1.5124019e-01   4.9817311e-01   8.2497315e-03   1.1392926e-02   1.8273376e-03
   4.5659203e-01   1.5558437e-01   6.0642693e-01   8.5607424e-03   1.1551622e-02   1.8510404e-03
   4.4284335e-01   8.9377917e-02   4.1305923e-01   6.6902766e-03   1.0900565e-02   2.2474566e-03
   4.7141952e-01   1.5507547e-01   5.3035905e-01   8.3572298e-03   1.1154386e-02   1.9036673e-03
   4.7947228e-01   1.0552608e-01   5.7397072e-01   7.0995457e-03   1.1674611e-02   1.8273771e-03
   4.4474313e-01   1.0825221e-01   4.7461944e-01   8.6423475e-03   1.1201256e-02   1.9358940e-03
   4.4612759e-01   1.3899553e-01   6.5929907e-01   7.9467103e-03   1.0961505e-02   2.0173723e-03
   4.1590498e-01   1.0731445e-01   4.4819314e-01   8.4039137e-03   1.0483542e-02   1.6644198e-03
   4.1571995e-01   1.5332629e-01   5.9125593e-01   8.9803415e-03   1.0742208e-02   1.9238566e-03
   4.3665532e-01   1.1346838e-01   5.7761058e-01   6.6321535e-03   1.0995167e-02   2.4929929e-03
   4.1619370e-01   1.3540082e-01   4.8606733e-01   8.7652272e-03   1.1028827e-02   1.9342018e-03
   4.5347217e-01   1.5656380e-01   6.9157906e-01   7.9961027e-03   1.0883692e-02   2.2131195e-03
   4.3287424e-01   9.0135771e-02   4.3901050e-01   6.8171079e-03   1.0731353e-02   2.2176689e-03
   4.4964513e-01   1.7086085e-01   6.7042095e-01   8.5513817e-03   1.0577286e-02   2.0471152e-03
   4.3270599e-01   7.6784668e-02   5.1209873e-01   6.9908200e-03   1.0631337e-02   2.3582243e-03
   4.4122205e-01   1.7305479e-01   6.2297714e-01   8.7204512e-03   1.0556775e-02   2.0886051e-03
   4.4508540e-01   1.3779611e-01   5.6746402e-01   7.1384077e-03   1.0831277e-02   2.5372945e-03
   4.2979151e-01   1.1885494e-01   5.0155980e-01   7.6229720e-03   1.0397876e-02   2.1589435e-03
   4.5126947e-01   1.6641662e-01   6.7683558e-01   8.8179998e-03   1.0440930e-02   2.0092269e-03
   4.4017844e-01   9.0948883e-02   5.6208019e-01   7.0652717e-03   1.0367158e-02   2.5486634e-03
   4.3016870e-01   1.6018624e-01   6.2641041e-01   8.9365752e-03   1.0571147e-02   1.8887727e-03
   4.3938487e-01   1.2507764e-01   6.6355225e-01   7.7260705e-03   1.0570856e-02   2.1188000e-03
   4.3205367e-01   1.1588961e-01   5.5275903e-01   7.5365446e-03   1.0416726e-02   2.2809234e-03
   4.3779010e-01   1.6353747e-01   6.5501869e-01   9.2823909e-03   1.0304706e-02   1.9905673e-03
   4.2154643e-01   9.3314263e-02   6.1744557e-01   6.7925125e-03   1.0427322e-02   2.2145204e-03
   4.2756579e-01   1.4152307e-01   5.9767246e-01   8.6363187e-03   1.0372386e-02   1.9016605e-03
   4.5272410e-01   1.3363956e-01   7.0940511e-01   7.1535082e-03   1.0470399e-02   2.2161769e-03
   4.5171350e-01   1.2683147e-01   6.1237208e-01   9.4420611e-03   1.0220231e-02   1.8243527e-03
   4.6634426e-01   1.6254392e-01   6.9461849e-01   8.9690566e-03   1.1030664e-02   1.2523903e-03
   4.4668542e-01   1.1788773e-01   5.2988515e-01   8.7277330e-03   1.0197548e-02   1.7090596e-03
   4.6787561e-01   1.6363605e-01   7.5815086e-01   9.4236697e-03   1.0823393e-02   1.5798358e-03
   4.5660060e-01   7.1456973e-02   5.9126922e-01   7.4212522e-03   1.0622800e-02   2.0621896e-03
   4.5777677e-01   1.7592427e-01   7.2219309e-01   9.4632798e-03   1.0403103e-02   1.5747491e-03
   4.5468640e-01   8.7622844e-02   5.8089399e-01   6.6773637e-03   1.0710864e-02   1.9226079e-03
   4.5698624e-01   1.5313897e-01   6.2669714e-01   9.1831442e-03   1.1020472e-02   1.6580439e-03
   4.7698985e-01   1.3714398e-01   7.6543628e-01   8.6143923e-03   1.0959473e-02   2.0800513e-03
   4.5593211e-01   1.0525957e-01   5.5588393e-01   9.1896157e-03   1.0716612e-02   1.7850605e-03
   4.5607783e-01   1.7461993e-01   7.9031928e-01   8.5493272e-03   1.0855814e-02   1.7606351e-03
   4.3133299e-01   6.4775091e-02   5.9079686e-01   7.4571233e-03   1.0955811e-02   2.0495359e-03
   4.3921575e-01   1.6416833e-01   7.2405454e-01   9.6435696e-03   1.0942291e-02   1.7717701e-03
   4.3622032e-01   1.1445878e-01   6.5848613e-01   6.9978603e-03   1.1245309e-02   2.1269486e-03
   4.6257915e-01   1.5018014e-01   6.2609971e-01   1.0363053e-02   1.1111436e-02   9.9102679e-04
   4.7968600e-01   1.4963542e-01   7.3643853e-01   8.3832698e-03   1.1362668e-02   1.3501781e-03
   4.7114094e-01   1.3755136e-01   5.7633102e-01   9.6354414e-03   1.0934575e-02   1.4783469e-03
   4.8796144e-01   1.7981669e-01   8.0869619e-01   9.8240691e-03   1.0903016e-02   1.6897974e-03
   4.8200731e-01   9.5344951e-02   5.7211541e-01   8.7887794e-03   1.0994500e-02   1.2758866e-03
   4.8956983e-01   1.8307810e-01   7.8537068e-01   9.6369071e-03   1.0659477e-02   1.5016271e-03
   4.7013948e-01   6.4926445e-02   5.0220557e-01   8.4859783e-03   1.0641371e-02   1.6723689e-03
   4.9352157e-01   1.6963887e-01   7.8707134e-01   9.5620977e-03   1.1275437e-02   1.5285994e-03
   4.7057039e-01   8.2814754e-02   5.7755163e-01   7.8079455e-03   1.0771241e-02   2.0419198e-03
   4.8305736e-01   1.6992183e-01   7.4737961e-01   1.0488768e-02   1.0948957e-02   9.4371584e-04
   4.8777400e-01   1.1413873e-01   7.5241397e-01   8.6579405e-03   1.1023827e-02   1.9210791e-03
   4.8178426e-01   1.0562981e-01   6.3112875e-01   9.8155741e-03   1.1243805e-02   1.6276269e-03
   4.9492604e-01   1.7283839e-01   8.3839023e-01   9.5636755e-03   1.1339504e-02   1.9373659e-03
   4.8902196e-01   8.2959461e-02   5.7849349e-01   8.5536228e-03   1.1267650e-02   1.9581792e-03
   5.2129472e-01   1.7817407e-01   7.9460746e-01   9.3068206e-03   1.1733123e-02   1.9228396e-03
   4.8445191e-01   1.0033991e-01   5.9154575e-01   7.7810399e-03   1.1464715e-02   2.2365273e-03
   4.8602064e-01   2.0012483e-01   7.9675523e-01   1.1104588e-02   1.2089678e-02   1.4082527e-03
   4.8383998e-01   1.3145333e-01   7.6241176e-01   8.2192694e-03   1.1607325e-02   2.0110420e-03
   4.6817618e-01   1.1461806e-01   6.5065578e-01   8.9245178e-03   1.1355539e-02   2.0655055e-03
   5.0236113e-01   1.8422994e-01   8.5824018e-01   9.7839746e-03   1.1445288e-02   2.1287670e-03
   4.9764286e-01   1.1039119e-01   6.7120359e-01   7.9331768e-03   1.1876177e-02   2.4229324e-03
   5.0413655e-01   1.9909474e-01   7.6346048e-01   1.1896841e-02   1.1120209e-02   1.6350187e-03
   4.8644942e-01   1.2872857e-01   6.9948867e-01   7.4316709e-03   1.1433544e-02   2.0362905e-03
   4.9410322e-01   1.4434004e-01   6.9899976e-01   9.2902976e-03   1.1913186e-02   1.8381612e-03
   5.0727200e-01   1.7509061e-01   8.8253364e-01   9.9119773e-03   1.1807289e-02   1.9893602e-03
   4.9031945e-01   1.0055375e-01   6.7691166e-01   8.7527860e-03   1.1555534e-02   2.0905334e-03
   4.9110781e-01   1.9782620e-01   8.3728978e-01   9.6837624e-03   1.1525750e-02   1.8137849e-03
   4.9075922e-01   5.3251210e-02   7.0349537e-01   7.9302108e-03   1.2011715e-02   2.2822231e-03
   4.9832462e-01   1.7326828e-01   8.7457670e-01   1.0306719e-02   1.2225779e-02   1.8174268e-03
   4.7661160e-01   1.2274268e-01   7.5286308e-01   8.1525942e-03   1.2209731e-02   2.2310333e-03
   4.7903402e-01   1.6004685e-01   7.0132397e-01   9.7356530e-03   1.1925678e-02   2.0005837e-03
   5.0872752e-01   1.7761896e-01   8.9328694e-01   9.9507284e-03   1.2112559e-02   1.8551646e-03
   4.7827984e-01   1.3085686e-01   7.5367385e-01   7.3822311e-03   1.1065245e-02   2.1896596e-03
   4.9500225e-01   1.3642928e-01   7.5754145e-01   1.0696183e-02   1.1143933e-02   1.7518373e-03
   4.8275412e-01   1.8854960e-01   7.3208588e-01   7.5936882e-03   1.1362466e-02   1.9679377e-03
   4.9405674e-01   1.3479673e-01   7.2617965e-01   9.8704703e-03   1.1742349e-02   1.5163160e-03
   4.8857835e-01   1.3312976e-01   8.0488778e-01   8.9452453e-03   1.1762894e-02   1.8707091e-03
   4.8652123e-01   1.0590326e-01   6.5559792e-01   9.8728693e-03   1.1957957e-02   1.7490364e-03
   4.8730255e-01   1.6859598e-01   8.7473001e-01   1.0455518e-02   1.2056273e-02   1.6490198e-03
   4.7346575e-01   8.8365209e-02   6.9659111e-01   8.7805836e-03   1.2163241e-02   1.9900193e-03
   4.6742762e-01   1.9239831e-01   7.7399692e-01   1.0500896e-02   1.1654271e-02   1.6791872e-03
   4.5793349e-01   1.3958731e-01   7.6886906e-01   8.2804510e-03   1.2068656e-02   2.0223691e-03
   4.7061530e-01   1.5030108e-01   7.2362864e-01   1.0458447e-02   1.1920349e-02   1.6483384e-03
   4.7889027e-01   1.9494091e-01   9.0832382e-01   9.6402286e-03   1.2032421e-02   1.6725166e-03
   4.7909733e-01   7.9612392e-02   6.3404067e-01   8.6535435e-03   1.1974823e-02   1.8510359e-03
   4.9507449e-01   1.9056918e-01   8.3681114e-01   1.0877473e-02   1.1877207e-02   1.8932728e-03
   4.8710411e-01   1.0858319e-01   7.4175201e-01   8.3830727e-03   1.2406122e-02   2.0062077e-03
   4.8752881e-01   1.7193504e-01   7.5981451e-01   1.1140476e-02   1.1548007e-02   1.7108591e-03
   4.9523133e-01   1.5358240e-01   8.2317383e-01   8.6060087e-03   1.2030585e-02   1.8199769e-03
   4.9073776e-01   1.3685889e-01   7.2080076e-01   1.0561345e-02   1.1651638e-02   1.3819532e-03
   4.9623835e-01   1.8845475e-01   9.0257786e-01   1.0392818e-02   1.2167976e-02   1.5584159e-03
   4.9141373e-01   1.2053082e-01   6.1200081e-01   1.0519670e-02   1.1328769e-02   1.6723297e-03
   4.9467874e-01   2.1243620e-01   8.6400270e-01   1.1329883e-02   1.1835201e-02   1.3649071e-03
   4.9699044e-01   9.3083230e-02   6.8134941e-01   8.8091741e-03   1.1787628e-02   1.9251179e-03
   5.1299000e-01   1.9961532e-01   8.4011837e-01   1.1184965e-02   1.2131553e-02   1.7841697e-03
   5.1234982e-01   1.2628770e-01   8.0616044e-01   8.8723605e-03   1.2245577e-02   1.8390603e-03
   5.3113998e-01   1.5085096e-01   8.2196107e-01   1.1145363e-02   1.2206939e-02   1.8238010e-03
   5.3110180e-01   1.6661987e-01   9.2837831e-01   1.0280677e-02   1.2414342e-02   2.0894259e-03
   5.2515387e-01   1.1911636e-01   7.4113796e-01   1.0805873e-02   1.2052416e-02   1.4940439e-03
   5.1850931e-01   1.7969346e-01   9.0535419e-01   1.1171975e-02   1.1876359e-02   1.7617207e-03
   5.0693313e-01   1.2644193e-01   7.8008578e-01   8.8333003e-03   1.2401118e-02   2.0782346e-03
   5.2414708e-01   1.7982919e-01   7.4178525e-01   1.1175807e-02   1.1726720e-02   1.5235291e-03
   5.1602726e-01   1.7679769e-01   9.0175151e-01   9.6617232e-03   1.2381906e-02   1.8047426e-03
   5.1277898e-01   1.4043330e-01   7.2477894e-01   1.0916960e-02   1.2308344e-02   1.6744482e-03
   5.1577808e-01   1.9768984e-01   9.2237828e-01   1.0987219e-02   1.2492783e-02   1.8380320e-03
   5.0252974e-01   1.1821606e-01   7.3207426e-01   1.0002697e-02   1.3043195e-02   1.4846723e-03
   4.9368724e-01   1.9839881e-01   8.7738285e-01   1.1519689e-02   1.2463198e-02   1.7621607e-03
   4.8035854e-01   1.2662906e-01   8.3546484e-01   9.1778336e-03   1.2725895e-02   1.9800662e-03
   4.6801589e-01   1.6410714e-01   7.7800310e-01   1.1093684e-02   1.2429041e-02   1.8268810e-03
   5.0786333e-01   2.1676666e-01   9.4504160e-01   1.2192802e-02   1.2515403e-02   1.7334665e-03
   5.0223232e-01   1.2970504e-01   7.8106728e-01   9.9273084e-03   1.2615502e-02   1.9396047e-03
   5.1615138e-01   2.0938451e-01   9.0713253e-01   1.2099179e-02   1.2315173e-02   1.7386218e-03
   5.0531719e-01   7.5624553e-02   7.0452323e-01   1.1447943e-02   1.1507406e-02   1.4212159e-03
   5.0048611e-01   2.4633229e-01   8.7079176e-01   8.2016118e-03   1.1074964e-02   1.9698700e-03
   4.8856578e-01   1.8723338e-01   7.9198344e-01   1.0497536e-02   1.1403506e-02   1.8294234e-03
   5.2016000e-01   2.0114490e-01   9.7813563e-01   1.0646234e-02   1.2028614e-02   1.8153966e-03
   4.9620823e-01   1.2179276e-01   7.6625239e-01   8.7813901e-03   1.2264339e-02   1.9534771e-03
   4.9660242e-01   2.0550516e-01   9.0978588e-01   1.1497285e-02   1.2030755e-02   1.8722392e-03
   5.0953309e-01   1.7218165e-01   8.6212749e-01   9.8629500e-03   1.2759095e-02   1.8785287e-03
   5.0196665e-01   2.3983428e-01   8.4640900e-01   1.3231911e-02   1.1530976e-02   1.7181047e-03
   5.0444532e-01   2.0001617e-01   8.7379351e-01   9.7430175e-03   1.2300650e-02   1.9076351e-03
   4.8816167e-01   1.8089120e-01   7.9914973e-01   1.1061631e-02   1.2320487e-02   1.8226917e-03
   5.0895004e-01   2.4061905e-01   9.7593774e-01   1.1418372e-02   1.2198030e-02   1.7265439e-03
   4.9075951e-01   1.4274869e-01   7.3983450e-01   9.5337712e-03   1.1789166e-02   2.0795927e-03
   5.0141832e-01   2.3830879e-01   9.5465481e-01   1.0657640e-02   1.2300675e-02   1.8807140e-03
   5.0106440e-01   1.6020988e-01   7.5578388e-01   8.7364724e-03   1.2434146e-02   2.1126044e-03
   5.2339052e-01   2.4573097e-01   8.9367680e-01   1.1112537e-02   1.2040477e-02   1.9496311e-03
   5.1757386e-01   1.8738877e-01   8.6141393e-01   9.3061890e-03   1.2260317e-02   2.4496976e-03
   4.9420061e-01   2.2888065e-01   8.3364364e-01   1.1622178e-02   1.2283412e-02   1.9769289e-03
   5.1300183e-01   2.0091628e-01   9.8209307e-01   1.0557171e-02   1.2363812e-02   2.1932774e-03
   5.0981963e-01   1.8955863e-01   7.6749687e-01   1.0819749e-02   1.1998216e-02   2.0483026e-03
   5.1654570e-01   2.7011658e-01   9.9483838e-01   1.0700712e-02   1.2365515e-02   2.0593478e-03
   5.1832474e-01   1.7840304e-01   7.2683444e-01   9.9157516e-03   1.2209804e-02   2.2272372e-03
   5.3042433e-01   2.6329032e-01   9.8647189e-01   1.1309725e-02   1.2831992e-02   1.2099434e-03
   5.2179798e-01   1.4513895e-01   7.6289594e-01   9.3015005e-03   1.2485754e-02   2.0584727e-03
   5.3576456e-01   2.5115741e-01   9.9027247e-01   1.2741314e-02   1.1732289e-02   1.9902404e-03
   5.3210965e-01   1.5950746e-01   8.3678434e-01   8.9623673e-03   1.2486304e-02   2.3634146e-03
   5.3354786e-01   2.3149980e-01   8.8184248e-01   1.1041055e-02   1.2291600e-02   2.0148259e-03
   5.3767963e-01   1.9804474e-01   9.1773553e-01   9.0309610e-03   1.2570811e-02   2.3538217e-03
   5.4439951e-01   2.1097512e-01   8.2445396e-01   1.1278912e-02   1.2587427e-02   2.2597693e-03
   5.5770784e-01   2.3684464e-01   9.6752761e-01   1.1370060e-02   1.3362685e-02   1.4498684e-03
   5.3255571e-01   1.7091881e-01   7.2588392e-01   1.0249373e-02   1.2554323e-02   2.1334011e-03
   5.3709584e-01   2.6774142e-01   9.8789203e-01   1.1140946e-02   1.2268490e-02   2.3303587e-03
   5.2670496e-01   1.5854370e-01   7.9425864e-01   1.1286800e-02   1.2383574e-02   1.8978086e-03
   5.3648496e-01   2.3455951e-01   1.0082601e+00   1.0081620e-02   1.2601528e-02   2.4614802e-03
   5.2603550e-01   1.6875652e-01   8.1585200e-01   1.0346103e-02   1.2133941e-02   2.2465332e-03
   5.5393652e-01   2.6607473e-01   1.0346418e+00   1.1805194e-02   1.2150583e-02   2.5248330e-03
   5.4503639e-01   1.8432573e-01   7.6200749e-01   8.9754478e-03   1.2471832e-02   2.0613715e-03
   5.3597262e-01   2.6530844e-01   9.1006371e-01   1.1846305e-02   1.1660742e-02   2.5301597e-03
   5.3669044e-01   1.9370313e-01   8.8935860e-01   8.8334254e-03   1.2593478e-02   2.9297060e-03
   5.3432581e-01   2.3142018e-01   8.0411582e-01   1.1006234e-02   1.2445212e-02   2.5144711e-03
   5.3741771e-01   2.5106664e-01   9.5721747e-01   9.4411831e-03   1.2829138e-02   2.7597955e-03
   5.1105715e-01   2.0148346e-01   7.5222076e-01   9.7434416e-03   1.2721671e-02   2.3466087e-03
   5.3301950e-01   2.6466461e-01   9.8771342e-01   1.0775190e-02   1.2932227e-02   2.5801618e-03
   5.1583438e-01   2.0264689e-01   8.4128006e-01   9.0985977e-03   1.3087362e-02   2.9551588e-03
   5.4862207e-01   2.6588941e-01   8.6550921e-01   1.2026531e-02   1.2935411e-02   1.9663878e-03
   5.4646068e-01   2.2378454e-01   8.5435313e-01   9.2010623e-03   1.3044378e-02   2.4352625e-03
   5.3355239e-01   2.3629028e-01   8.8610958e-01   1.1099681e-02   1.3103427e-02   2.4392391e-03
   5.3251718e-01   2.6172366e-01   9.8752727e-01   1.1494154e-02   1.2767123e-02   2.3252863e-03
   5.3098130e-01   1.9805694e-01   7.4259957e-01   1.0978122e-02   1.1933300e-02   2.2133299e-03
   5.1553209e-01   2.5706500e-01   1.0020475e+00   9.9704849e-03   1.2047602e-02   2.3712991e-03
   5.2528646e-01   2.0437522e-01   7.7339398e-01   1.1447991e-02   1.2126882e-02   1.6728158e-03
   5.0796490e-01   2.2530087e-01   9.0235306e-01   9.6677684e-03   1.2074999e-02   2.2432692e-03
   4.9897762e-01   2.0197986e-01   7.5773694e-01   1.0239266e-02   1.1830487e-02   2.2123144e-03
   5.2803878e-01   2.5599827e-01   9.5326825e-01   1.1106278e-02   1.2409296e-02   2.3700536e-03
   5.1568819e-01   1.7001832e-01   8.1212102e-01   9.0045170e-03   1.2883587e-02   2.1999501e-03
   5.1085881e-01   2.1830000e-01   8.5772879e-01   1.2071416e-02   1.2700525e-02   1.3279771e-03
   5.0749897e-01   1.8777455e-01   9.8160088e-01   9.2625662e-03   1.2654634e-02   2.3501242e-03
   5.3496753e-01   1.8487649e-01   8.4895496e-01   1.1274311e-02   1.2864789e-02   1.4912414e-03
   5.2816379e-01   2.4802558e-01   1.0050167e+00   1.1009158e-02   1.2796711e-02   2.1589493e-03
   5.1560481e-01   1.4337347e-01   8.2809308e-01   8.9436548e-03   1.2980415e-02   2.5668988e-03
   5.3309113e-01   2.4906260e-01   8.5589628e-01   1.2688165e-02   1.2282876e-02   2.1521614e-03
   5.3405726e-01   1.9798307e-01   1.0043576e+00   1.0361782e-02   1.2925505e-02   2.1468020e-03
   5.3311076e-01   1.6333983e-01   7.8707583e-01   1.1203089e-02   1.2483475e-02   2.0364347e-03
   5.3623178e-01   2.3087175e-01   9.9016628e-01   1.0290915e-02   1.2915429e-02   2.1391777e-03
   5.2427577e-01   1.8128589e-01   7.4000095e-01   1.2201805e-02   1.2420301e-02   1.7862354e-03
   5.3816130e-01   2.7103291e-01   9.9430039e-01   1.2531851e-02   1.3114187e-02   1.5599157e-03
   5.4337416e-01   1.6563928e-01   7.6295153e-01   1.0070104e-02   1.2753012e-02   2.1786839e-03
   5.5374157e-01   2.5106436e-01   9.6494050e-01   1.1390650e-02   1.2730872e-02   1.9461501e-03
   5.3732928e-01   1.5775227e-01   8.9122343e-01   8.9373672e-03   1.3089875e-02   2.1959336e-03
   5.3530789e-01   2.0530409e-01   9.1011134e-01   1.1449935e-02   1.2838585e-02   2.1954642e-03
   5.4076115e-01   2.2664284e-01   1.0378227e+00   1.0826794e-02   1.3121879e-02   2.1550401e-03
   5.2210208e-01   1.5302010e-01   8.2062852e-01   9.4145488e-03   1.2859023e-02   1.9611646e-03
   5.2840729e-01   2.2363168e-01   9.5831180e-01   1.1538284e-02   1.3149081e-02   1.2305044e-03
   5.3953392e-01   1.8417991e-01   9.4720868e-01   9.6096662e-03   1.3158885e-02   2.0122130e-03
   5.3204988e-01   2.0185560e-01   8.5544325e-01   1.2345981e-02   1.2637970e-02   1.8631958e-03
   5.3886779e-01   2.4945971e-01   1.0393995e+00   1.0699480e-02   1.2897063e-02   1.8222734e-03
   5.2662078e-01   1.8335846e-01   8.1595756e-01   1.0753352e-02   1.2639202e-02   1.7664732e-03
   5.3330939e-01   2.3633393e-01   1.0075322e+00   1.0884373e-02   1.2860458e-02   1.6747046e-03
   5.1833467e-01   1.5713834e-01   7.9851725e-01   9.5110947e-03   1.2787799e-02   1.9326503e-03
   5.3725858e-01   2.4371635e-01   1.0294846e+00   1.1836668e-02   1.2831159e-02   1.8698528e-03
   5.1824803e-01   1.7141224e-01   8.9255249e-01   9.6626310e-03   1.2999286e-02   2.1155623e-03
   5.1749260e-01   2.3049730e-01   8.8585390e-01   1.1624259e-02   1.2956025e-02   1.5290987e-03
   5.3127900e-01   2.2146928e-01   9.7533184e-01   1.0036445e-02   1.3190280e-02   2.1390759e-03
   5.2121660e-01   1.9296500e-01   8.4745407e-01   1.0685528e-02   1.3123328e-02   1.8858657e-03
   5.1466802e-01   2.6553504e-01   1.0410747e+00   1.1114375e-02   1.3146280e-02   1.9542962e-03
   5.1556991e-01   1.5511472e-01   8.1329850e-01   9.8610496e-03   1.3060561e-02   2.1434147e-03
   5.3876657e-01   2.9823564e-01   1.0004256e+00   1.3287313e-02   1.3188515e-02   1.4165971e-03
   5.1611167e-01   1.8597498e-01   8.6372386e-01   9.6713046e-03   1.3193895e-02   2.2396145e-03
   5.3578514e-01   2.5206145e-01   8.8872772e-01   1.1608910e-02   1.3266239e-02   1.4833280e-03
   5.4826277e-01   2.3381769e-01   9.2120164e-01   9.2471357e-03   1.3202744e-02   1.8883606e-03
   5.4904824e-01   2.4287196e-01   8.5079687e-01   1.0720873e-02   1.2905357e-02   1.6982191e-03
   5.4906616e-01   2.5801151e-01   1.0338222e+00   1.0976550e-02   1.3563994e-02   1.7646487e-03
   5.4299126e-01   1.8218953e-01   8.3664200e-01   9.5970016e-03   1.3377964e-02   2.0611624e-03
   5.4490735e-01   2.5493755e-01   9.8162458e-01   1.1385799e-02   1.3162090e-02   1.8055053e-03
   5.3147500e-01   1.8974398e-01   9.0440777e-01   9.6523761e-03   1.3456244e-02   2.1195496e-03
