   0.0000000e+00   3.5527137e-15   0.0000000e+00   0.0000000e+00   0.0000000e+00   0.0000000e+00
   1.8574485e-02  -5.4905595e-02   4.9362586e-03   3.8930767e-04   7.9240260e-05  -6.8162490e-05
   3.7869592e-02  -5.9426547e-02   9.9797438e-02  -1.6580980e-04   4.0716631e-04  -6.8253074e-05
   3.9751163e-02   1.9520483e-02   7.6093154e-03   2.6365464e-05   5.1149115e-04   1.7843567e-04
   5.0952778e-02  -7.4646409e-02   6.0639070e-02  -2.8797028e-05   5.8816426e-04   1.0352312e-05
   3.7480384e-02   3.5248463e-02   2.9752073e-02   5.8128232e-05   4.3610669e-04   1.9977005e-04
   3.9234646e-02  -4.7945831e-02   5.5605830e-02  -3.2832477e-05   4.6945420e-04   1.8868038e-05
   2.8124601e-02   4.1903998e-02   1.0095914e-02   2.3013179e-04   4.2398502e-04   4.7529797e-05
   4.8824077e-02  -4.1638792e-02   5.6954819e-02   2.6158940e-04   6.5849359e-04  -1.8720593e-05
   5.3341666e-02   7.8005679e-02   3.2710914e-02   1.5847801e-04   7.5063326e-04   7.6406044e-05
   5.4966152e-02  -7.3540015e-02   3.8919836e-02   2.0528507e-05   7.0650447e-04  -4.0282868e-05
   4.0725300e-02   4.2611071e-02   6.9817513e-02  -2.0181351e-04   4.4976377e-04   2.0558939e-04
   5.0129566e-02  -5.1535141e-02   2.6704066e-02   2.9007260e-04   6.2119932e-04   3.0166534e-05
   4.4313593e-02   9.3799829e-03   7.6853288e-02  -2.8143808e-04   5.3102754e-04   1.1809161e-04
   4.6585286e-02   1.7654529e-03  -1.6015372e-03   3.4486927e-04   5.9496876e-04   5.4984201e-05
   6.6495333e-02  -2.5087707e-02   7.3820778e-02  -5.4983321e-05   7.3445555e-04  -7.8009481e-05
   4.9763559e-02   3.4179745e-02  -3.2426556e-03   4.3704192e-04   5.4523793e-04   1.1717868e-04
   5.5783421e-02  -5.0091235e-02   7.3323774e-02   7.9654073e-05   5.7787126e-04   2.5909394e-05
   3.4799754e-02   2.0928211e-02   1.4571286e-02   1.7870546e-04   3.4955892e-04   1.5257782e-04
   4.2088414e-02  -3.6832464e-02   6.8677327e-02  -1.5040301e-04   3.2094306e-04   5.2900112e-05
   1.7776949e-02   1.6817587e-03  -1.5014274e-02   5.8631417e-05   1.2533032e-04   1.7653052e-04
   3.8482659e-02   2.5443116e-02   3.7976825e-02   1.1943370e-05   3.4521116e-04   9.4046490e-06
   2.9481882e-02  -2.7119100e-02  -2.7521725e-02  -1.2050794e-04   2.7529199e-04   3.6182134e-05
   4.2752870e-02   5.4834705e-02   2.2480762e-02  -2.5435601e-04   3.8853735e-04   3.6463021e-05
   3.7869464e-02  -2.0219713e-02  -1.5887105e-02   1.9656816e-04   3.4752894e-04  -1.2254965e-05
   4.7774996e-02   5.0965433e-03   4.7343274e-02  -1.7503777e-04   4.4484444e-04  -5.0123186e-05
   1.7274895e-02   2.6164060e-02  -4.7813119e-02   4.5619554e-04   1.3881308e-04   8.7994656e-05
   1.6824204e-02  -5.9854106e-02   9.8820610e-03  -9.8850866e-05  -3.2784376e-05   8.2061657e-05
   2.7308818e-02   3.0719219e-02  -2.0250906e-02   5.3001344e-05   2.2489487e-04   2.5209593e-04
   4.7528820e-02  -6.0557163e-02   3.0295410e-02   4.3417579e-05   4.1094556e-04   1.1822568e-04
   3.7599086e-02   3.1076824e-02  -2.1722282e-02   3.6438632e-04   3.8937073e-04   1.8949643e-04
   4.4779887e-02  -1.9977308e-02   3.4905622e-02   8.5232052e-05   3.5571997e-04   1.1485384e-04
   3.4234287e-02   1.1070988e-02   4.7284986e-04   5.2901361e-04   2.8024464e-04   1.9723491e-04
   4.3899678e-02  -3.2253311e-02   7.3105696e-02   4.0245761e-04   4.1241009e-04   4.2858406e-05
   1.2232866e-02   2.1616811e-02   1.8132117e-02   5.5624288e-04   6.4250844e-05   2.7753221e-04
   2.0509225e-02  -3.8635627e-02   6.1272172e-02   3.7519311e-04   1.2343796e-04   1.4840267e-04
   1.1179747e-02   4.0339472e-02   5.9535610e-04   4.7709445e-04   7.1218292e-05   3.6019214e-04
   3.1934213e-02  -4.5020313e-02   2.7026234e-02   6.4847651e-04   2.7112516e-04   1.8161617e-04
   3.4832130e-02   9.0956226e-02   1.6119888e-02   1.6346882e-04   2.6663714e-04   9.4399985e-05
   1.6006973e-02   9.4235760e-03  -3.3801188e-02   8.0372442e-04   4.8935910e-05   2.0086318e-04
   3.0719084e-02   3.0722161e-02   5.6915064e-02   4.9410398e-04   2.8070831e-04   7.9793341e-05
   8.4317945e-03  -9.9655798e-05  -3.8447999e-02   8.1507148e-04   4.8311893e-05   2.0892743e-04
   2.8156068e-02   5.6611330e-02   1.6884383e-02   3.7900000e-04   2.1863973e-04   1.7004863e-04
   3.6623599e-02   2.6138758e-02  -3.7715223e-02   8.5952606e-04   3.7070771e-04   1.0636200e-04
   3.1078891e-02   1.8901615e-02   4.5871911e-02   2.7964229e-04   1.5977610e-04   2.3436090e-04
   2.0012046e-02  -2.6666857e-02   2.8616144e-02   6.5224722e-04   6.5364470e-05   1.9026562e-04
   1.6694103e-02   2.2788878e-02   5.7281584e-02   4.7920232e-04   2.4150236e-05   2.1390922e-04
   1.0907011e-02  -6.5113877e-02   3.2055536e-02   4.1852327e-04   9.2618103e-06   1.8000309e-04
   6.1635401e-03   4.7072191e-02   1.7326639e-02   4.9700411e-04   6.9965339e-05   3.8260697e-04
   3.1985502e-02  -4.4448627e-02   2.2737275e-02   1.0972545e-03   4.8103241e-04   9.3450369e-05
   2.4570767e-02   4.4636962e-02   4.9168334e-02   5.7813503e-04   3.6457250e-04   2.2876315e-04
   1.8103095e-02  -1.5289874e-02   1.2501976e-02   1.2125031e-03   2.5516096e-04  -2.2705526e-05
   1.2132326e-02   2.4976752e-02   6.5076149e-02   5.7194845e-04   8.7602629e-05   1.0781644e-04
   1.9013693e-02   1.9728998e-02  -1.3302763e-02   1.0918113e-03   2.4451640e-04   3.9924820e-05
   2.4568501e-02   2.2379718e-02   3.5683033e-02   6.3374103e-04   2.8581552e-04   4.2419244e-05
   1.4489093e-02   3.0616034e-02  -2.3053202e-02   1.0827538e-03   2.0492567e-04   1.5169547e-04
   4.0594047e-02  -1.7372688e-02   3.5302648e-02   8.3218435e-04   4.4063801e-04  -4.6225852e-06
   3.4898518e-02   3.4843858e-02  -1.3584923e-02   8.3502320e-04   3.9869743e-04   1.4119032e-04
   4.8947853e-02  -2.9303821e-02   4.0136438e-02   5.0042325e-04   5.3426035e-04   4.3990878e-05
   3.7343617e-02   3.5550476e-02  -9.5678790e-03   9.0731245e-04   3.8196160e-04   2.0990010e-04
   5.5034501e-02  -2.6649471e-02   2.9112487e-02   1.0448116e-03   6.2685166e-04   6.1530013e-05
   3.2509016e-02   8.2543318e-02   1.1541094e-02   6.6144481e-04   3.1691831e-04   2.9635477e-04
   2.8744614e-02  -3.4035552e-02   1.2354973e-02   1.1240341e-03   3.7157543e-04   2.2816648e-04
   2.4348334e-02   5.3723167e-02   2.9428644e-02   6.4839522e-04   3.1947266e-04   3.4168118e-04
   2.3045792e-02  -2.1628750e-02   5.6929171e-03   1.0972227e-03   3.1243721e-04   2.0660054e-04
   1.5906175e-02   6.3516185e-02   2.0874764e-02   7.4727985e-04   1.7474521e-04   2.7873412e-04
   3.2696219e-02  -2.9794742e-02  -1.0811617e-02   1.0604648e-03   3.3982133e-04   2.1745961e-04
   3.5765172e-02   5.7197665e-02   8.9605179e-03   7.0246164e-04   3.3612495e-04   3.3418889e-04
   6.6708974e-02  -3.3461785e-02  -2.4646715e-02   7.6691595e-04   6.6425483e-04   6.7367802e-05
   6.9582669e-02   6.0775867e-02   6.8439512e-04   5.5188259e-04   7.4849452e-04   3.1375142e-05
   7.9358529e-02  -1.8682354e-02  -1.8601960e-02   8.0369528e-04   8.4995371e-04  -6.7161881e-05
   8.2991764e-02   7.7997504e-02   1.0509747e-02   3.4446523e-04   9.4455255e-04   1.8467551e-04
   8.0652522e-02  -1.0624475e-02  -3.3165429e-02   9.3418231e-04   9.7142719e-04   7.1806572e-05
   9.5085075e-02   6.8563326e-02   1.4507843e-02   6.9537432e-04   1.2491583e-03   7.7901995e-05
   1.0108392e-01  -1.8282844e-02  -1.1647928e-02   1.0866652e-03   1.2629577e-03  -2.4097123e-05
   9.2536595e-02   3.7658234e-02   3.0275673e-02   7.2309870e-04   1.1349392e-03   9.0634980e-05
   9.1370282e-02  -4.5023135e-02   9.2821869e-03   7.8630611e-04   1.1094749e-03   1.1987744e-05
   9.7952811e-02   6.0851063e-02  -1.5545089e-02   7.4670425e-04   1.1614325e-03   1.6555299e-04
   9.4597122e-02  -4.0216123e-02  -4.2275239e-03   3.3274434e-04   1.0133405e-03   6.3300442e-05
   8.7741373e-02   5.4300089e-02  -3.1660178e-02   4.3858303e-04   1.0488334e-03   2.6307405e-04
   9.1540294e-02  -2.1804964e-02   1.4635291e-02   4.1022387e-04   1.0848115e-03   3.7449151e-04
   9.1707639e-02   1.1103208e-03  -2.3601603e-03   8.6988167e-04   1.2769332e-03   2.5407917e-04
   9.8109220e-02   8.6938071e-03   2.4783990e-02   6.9088480e-04   1.2935611e-03   1.9438342e-04
   1.0041275e-01  -4.9952653e-02   2.4105003e-02   7.7397588e-04   1.3404185e-03   1.8388554e-04
   9.6731896e-02   2.9998503e-02   5.5617077e-03   8.2561837e-04   1.3852391e-03   2.5188461e-04
   1.0132908e-01  -1.6929798e-02   2.7887401e-02   7.7854196e-04   1.3245584e-03   1.1388161e-04
   9.7076109e-02   4.3562444e-02  -9.2951514e-03   9.4328572e-04   1.2923067e-03   2.4340240e-04
   1.2467257e-01  -2.5996299e-02   3.0729630e-02   5.4517378e-04   1.5138875e-03   7.4751527e-05
   1.1863651e-01   3.5338711e-02  -3.0779889e-02   5.9824086e-04   1.5801271e-03   3.1469611e-04
   1.4128787e-01  -5.7117847e-02   3.2779553e-02   5.0453861e-04   1.8272854e-03   9.9578808e-05
   1.3666217e-01   1.7750637e-02  -1.0985552e-02   6.9068484e-04   1.6966402e-03   2.7917072e-04
   1.5678367e-01  -8.2942759e-02   3.4291097e-02   5.5442631e-04   1.8918618e-03   1.0864047e-04
   1.4191277e-01   1.6106272e-02  -3.1726412e-03   7.3413408e-04   1.7441750e-03   2.0737527e-04
   1.5270825e-01  -4.4564895e-02   2.6417431e-02   4.3443705e-04   1.7928127e-03   2.1342675e-04
   1.3580615e-01  -6.0886824e-04  -1.3419183e-02   6.8555202e-04   1.6052947e-03   3.9045222e-04
   1.3649039e-01  -1.6996636e-03   2.3352298e-02   2.6011161e-04   1.6757625e-03   2.5968983e-04
   1.1523553e-01   2.0088989e-02  -3.9113104e-02   8.7544163e-04   1.4522537e-03   3.4281441e-04
   1.2596255e-01  -1.0187986e-02   2.9001519e-02   4.2020138e-04   1.5442366e-03   3.1425380e-04
   1.1713776e-01  -3.8162083e-02  -1.1954187e-02   8.3062248e-04   1.5734635e-03   2.7805617e-04
   1.4036878e-01   1.9151325e-03   2.5299819e-02   3.1934466e-04   1.8993775e-03   3.0149544e-04
   1.3414718e-01  -2.7434162e-02  -1.5658281e-02   9.5509762e-04   1.7617862e-03   3.6238413e-04
   1.3902801e-01   4.6600760e-02   1.2939760e-02   6.3098417e-04   1.6603801e-03   3.4214032e-04
   1.4033368e-01  -5.3034018e-02   4.8051659e-03   5.8125572e-04   1.6705536e-03   1.7605080e-04
   1.3578011e-01   5.2432178e-02   5.2730645e-03   6.2369677e-04   1.6537906e-03   2.2900909e-04
   1.4940193e-01  -7.0879334e-02   3.0316069e-02   4.0084530e-04   1.8266239e-03   1.2472494e-04
   1.3906943e-01   2.5171151e-02  -9.9704091e-03   4.6811004e-04   1.7023121e-03   3.8762742e-04
   1.4956443e-01  -7.1646830e-02   2.2289118e-02   2.8410237e-04   1.8471681e-03   2.6795394e-04
   1.4371300e-01   2.8030167e-02  -6.3717475e-04   3.8555674e-04   1.7924283e-03   3.2257934e-04
   1.5516522e-01  -5.0396835e-02   3.2742057e-02   5.7406083e-04   1.8338893e-03   1.5068378e-04
   1.3802354e-01   6.9970835e-04  -6.8218708e-07   9.5792286e-04   1.6409855e-03   2.3672247e-04
   1.4339181e-01   5.6532409e-03   3.4363797e-02   3.8646464e-04   1.7638922e-03   1.8811273e-04
   1.4032179e-01  -1.7626628e-02  -4.5421465e-03   1.0137190e-03   1.8297910e-03   1.1471716e-04
   1.3350906e-01   1.1815811e-02   3.0566360e-02   6.0701368e-04   1.7398838e-03   1.2229610e-04
   1.3001247e-01   7.5054183e-03  -3.1753912e-02   1.0792072e-03   1.6918115e-03   2.1214833e-04
   1.4405212e-01   3.0981601e-02   1.3672408e-02   4.8593174e-04   1.8437132e-03   9.4169650e-05
   1.3222032e-01  -3.7664379e-02  -1.5216385e-02   7.2232381e-04   1.7474206e-03  -5.8384133e-05
   1.4527483e-01  -5.0263053e-03   3.6620648e-02   2.4098469e-04   1.8511399e-03   2.4995206e-05
   1.3311490e-01  -1.0491428e-02  -2.9150760e-03   7.6078899e-04   1.6749347e-03   2.7391401e-04
   1.3498851e-01  -1.1383357e-02   3.5144241e-02   5.1048247e-04   1.7519346e-03   3.4876847e-04
   1.5179349e-01  -8.2019310e-02   3.2603986e-02   7.6276371e-04   2.0265828e-03   1.7095759e-04
   1.3209922e-01   8.7256988e-03   3.1320282e-02   7.6176681e-04   1.7582408e-03   3.4520370e-04
   1.3951341e-01  -5.7701432e-02   5.6580327e-02   5.5804840e-04   1.8266716e-03   1.5993982e-04
   1.3772363e-01  -1.1982333e-03   2.2728197e-03   9.9908104e-04   1.9398234e-03   2.3901367e-04
   1.6096626e-01  -8.4855821e-03   5.2639429e-02   6.3183740e-04   2.1762174e-03   2.0663293e-04
   1.6787647e-01  -2.1492302e-02   2.4417603e-02   1.1913527e-03   2.3386646e-03   2.2702999e-04
   1.7947203e-01  -2.8582913e-02   6.6301534e-02   6.4966590e-04   2.3551709e-03   1.7747533e-04
   1.6229595e-01  -8.4826942e-03  -1.5308584e-02   6.6315910e-04   2.1386416e-03   1.3864735e-04
   1.7820258e-01  -2.9009262e-02   4.4971489e-02   1.9679687e-04   2.2194263e-03   1.2234980e-04
   1.9041226e-01  -4.7074596e-02  -2.5899994e-05   5.7059605e-04   2.4306105e-03   1.9977700e-04
   1.8859751e-01  -3.2573110e-02   4.5587734e-02   2.0975990e-04   2.3339613e-03   2.1915204e-04
   1.6797577e-01  -2.0447351e-02  -2.8551483e-03   4.8819315e-04   2.1649538e-03   3.0322227e-04
   1.8190185e-01  -2.2945576e-02   5.0641251e-02   4.4103016e-04   2.3289176e-03   1.4944336e-04
   1.6827491e-01  -7.1933566e-02   3.2114871e-02   7.7757483e-04   2.2172835e-03   1.3942688e-04
   1.6877850e-01   6.1350562e-03   4.2127777e-02   2.4813664e-04   2.2616707e-03   2.3192802e-04
   1.7582209e-01  -7.3875318e-02   3.3268684e-02   6.2551983e-04   2.3857145e-03   9.8345355e-05
   1.7711561e-01   1.7398218e-02   1.4901192e-02   9.3744109e-04   2.5155073e-03   1.6668885e-04
   2.0315185e-01  -1.3841183e-02   5.8363013e-02   7.3690758e-04   2.8350060e-03   5.0354434e-05
   2.0816985e-01  -1.9798797e-02   2.5442763e-02   1.1610284e-03   2.9932115e-03   1.2256757e-04
   2.0760421e-01   1.8278036e-02   4.8754418e-02   6.9012591e-04   2.9657267e-03   9.6412850e-05
   2.1893874e-01  -9.0482779e-02   3.5318988e-02   4.9487314e-04   3.0076017e-03  -1.8085949e-05
   2.2159767e-01  -1.3829917e-02   9.6915744e-02   5.8410813e-05   3.0830389e-03  -1.3337410e-04
   2.2520110e-01  -1.4407709e-01   7.1195500e-02   2.2001987e-04   3.0265148e-03  -2.4074883e-04
   2.1496505e-01  -3.0836285e-02   5.5980165e-02   2.9029968e-04   2.9646385e-03  -5.7347843e-05
   2.3913220e-01  -9.9063290e-02   9.5503740e-02   1.1470848e-04   3.2482101e-03  -1.1635311e-04
   2.3078676e-01  -6.1258384e-02   8.1452203e-02   7.2768166e-04   3.2079608e-03  -1.0185678e-05
   2.4318369e-01  -9.5312749e-02   1.3032267e-01  -2.0133009e-07   3.2449745e-03  -8.7624206e-05
   2.3040817e-01  -1.7466699e-01   1.1667376e-01  -1.0808316e-05   2.9197305e-03  -1.4725683e-04
   2.2126844e-01  -7.4622863e-02   9.0038688e-02  -1.8817480e-04   2.9220995e-03   9.3946492e-05
   2.4640074e-01  -1.4426315e-01   1.0286367e-01  -6.5265585e-04   3.2240713e-03  -1.4909477e-04
   2.2909221e-01  -6.4280259e-02   6.8748048e-02  -6.3559083e-05   3.1248870e-03   7.1104751e-05
   2.5485624e-01  -1.8099509e-01   1.4307168e-01  -3.4383395e-04   3.3012015e-03  -1.2646554e-04
   2.6763965e-01  -9.9969302e-02   1.0828703e-01  -3.2416102e-04   3.5916246e-03   1.5615568e-04
   2.7771417e-01  -1.5305048e-01   1.4525650e-01  -4.2606433e-04   3.6893665e-03  -5.9380207e-05
   2.6583732e-01  -1.8517238e-01   1.4217794e-01  -1.9927377e-05   3.6711655e-03  -4.3565131e-05
   2.5919894e-01  -1.2945727e-01   1.6033890e-01  -4.4585889e-04   3.6188560e-03   9.9970781e-05
   2.5133986e-01  -2.2938713e-01   1.3758805e-01  -6.3583103e-04   3.4708381e-03   2.4588289e-06
   2.4140987e-01  -1.6456899e-01   1.1248432e-01  -8.4897382e-04   3.3146253e-03   1.1720252e-04
   2.4022482e-01  -2.5458897e-01   1.2750332e-01  -1.0219042e-03   3.2651060e-03  -6.2293968e-05
   2.4707045e-01  -1.8758284e-01   1.1255939e-01  -1.3593102e-03   3.4353893e-03   6.5135202e-05
   2.4226742e-01  -2.7872012e-01   1.1971912e-01  -1.0775571e-03   3.3039199e-03   6.7948108e-05
   2.3772719e-01  -1.9201735e-01   1.3835602e-01  -1.3461839e-03   3.2886907e-03   2.2534027e-04
   2.4129123e-01  -2.7903551e-01   1.1958092e-01  -9.5475001e-04   3.2630214e-03  -2.1102858e-05
   2.4170500e-01  -2.1413524e-01   1.3322355e-01  -1.5921503e-03   3.3077545e-03   8.1554159e-05
   2.3920055e-01  -3.0937675e-01   1.3668535e-01  -1.5117458e-03   3.2633276e-03   5.6314394e-06
   2.2963878e-01  -2.2871381e-01   1.1952880e-01  -1.8635566e-03   3.1857736e-03   1.5135708e-04
   2.3382226e-01  -3.0445783e-01   1.1224626e-01  -2.0373518e-03   3.1805348e-03  -1.1191273e-04
   2.1054327e-01  -2.7110098e-01   8.5590453e-02  -2.2135352e-03   3.0067684e-03   8.2828096e-05
   2.2725130e-01  -3.2143682e-01   1.2858854e-01  -2.0979814e-03   3.2628483e-03  -1.6084681e-05
   2.0933883e-01  -3.2290590e-01   1.0499204e-01  -2.0252873e-03   3.0580149e-03  -1.4900180e-04
   2.2445481e-01  -2.6534747e-01   1.0093654e-01  -2.4269874e-03   3.2733645e-03  -1.2034159e-04
   2.2629670e-01  -3.4540826e-01   8.5456331e-02  -2.3305102e-03   3.1953224e-03  -2.6043398e-04
   2.3214791e-01  -2.5395895e-01   7.1494757e-02  -2.6655382e-03   3.3124503e-03  -1.9863333e-04
   2.3574924e-01  -3.4515722e-01   1.0442299e-01  -2.7749620e-03   3.3090422e-03  -1.9668622e-04
   2.2668838e-01  -2.6368662e-01   6.9860668e-02  -2.2469806e-03   3.2775429e-03  -9.5825067e-05
   2.3116828e-01  -3.1664123e-01   1.2430386e-01  -2.6706435e-03   3.2736840e-03  -2.6123699e-04
   2.1384704e-01  -2.9275822e-01   8.2131971e-02  -2.2349106e-03   3.0624335e-03  -1.8011121e-04
   2.2389479e-01  -2.6571774e-01   1.2067777e-01  -2.6902391e-03   3.2208689e-03  -3.7795523e-04
   2.2441091e-01  -3.3975502e-01   6.2196564e-02  -2.5200076e-03   3.2628142e-03  -5.1920354e-04
   2.2754847e-01  -2.2940908e-01   5.8716374e-02  -2.3652612e-03   3.3821503e-03  -2.5373643e-04
   2.4300236e-01  -3.2576814e-01   7.2667952e-02  -1.6232288e-03   3.5264921e-03  -5.8521211e-04
   2.6866104e-01  -2.4873242e-01   1.0673196e-01  -2.2748213e-03   3.8821830e-03  -4.0800811e-04
   2.6917421e-01  -3.1476327e-01   8.5326232e-02  -1.6090199e-03   3.9330554e-03  -5.3725762e-04
   2.6666683e-01  -2.7344928e-01   1.2302813e-01  -1.9894469e-03   3.7829555e-03  -5.4707115e-04
   2.6933102e-01  -3.5638638e-01   1.1404326e-01  -2.0300493e-03   3.7053264e-03  -5.9352448e-04
   2.7208313e-01  -2.7982141e-01   8.1291808e-02  -2.3217268e-03   3.7886090e-03  -5.2062246e-04
   2.6591886e-01  -3.6702908e-01   1.2733411e-01  -2.8482996e-03   3.7177658e-03  -6.7404553e-04
   2.4689674e-01  -2.6661923e-01   5.6769555e-02  -2.7659837e-03   3.5576071e-03  -3.5355084e-04
   2.5312566e-01  -3.7573040e-01   1.2286581e-01  -2.5936937e-03   3.5169994e-03  -5.0246901e-04
   2.4257622e-01  -2.7047145e-01   8.2775373e-02  -2.2866496e-03   3.4207171e-03  -3.6062888e-04
   2.5286529e-01  -3.3707179e-01   1.2552739e-01  -2.5239658e-03   3.4475088e-03  -5.6116775e-04
   2.3179489e-01  -3.3367986e-01   8.2483494e-02  -2.0526684e-03   3.2508259e-03  -4.8388046e-04
   2.2708894e-01  -2.9970275e-01   1.2993339e-01  -2.5182426e-03   3.1150942e-03  -4.3357664e-04
   2.2195491e-01  -3.8141323e-01   1.1681013e-01  -2.2772068e-03   3.1033278e-03  -4.6330850e-04
   2.2528227e-01  -3.0582498e-01   1.1267227e-01  -2.3874530e-03   3.2269671e-03  -3.3919199e-04
   2.3776808e-01  -3.3506398e-01   1.4054086e-01  -2.3344415e-03   3.2337455e-03  -4.5773925e-04
   2.2226786e-01  -3.3452763e-01   1.1036383e-01  -2.1776808e-03   3.0348599e-03  -6.1144478e-04
   2.1227709e-01  -3.3315096e-01   1.3795120e-01  -2.3554158e-03   2.8964742e-03  -6.5593074e-04
   2.1597733e-01  -3.9108929e-01   1.3447521e-01  -2.7038142e-03   2.9945372e-03  -7.3001241e-04
   2.3484772e-01  -3.1084541e-01   1.1321348e-01  -2.4380024e-03   3.4336600e-03  -5.6171089e-04
   2.3560716e-01  -3.8522969e-01   1.2293466e-01  -2.7396247e-03   3.4157511e-03  -6.3285180e-04
   2.3037939e-01  -3.3134803e-01   9.2077004e-02  -2.6987306e-03   3.3929371e-03  -3.8312359e-04
   2.6092461e-01  -3.7533524e-01   1.5078157e-01  -2.9575700e-03   3.7059671e-03  -5.8622095e-04
   2.6371037e-01  -2.6567369e-01   1.1281029e-01  -2.8239565e-03   3.6863653e-03  -2.5667607e-04
   2.7817212e-01  -4.4426524e-01   1.2967921e-01  -2.6538979e-03   3.7860804e-03  -7.7459356e-04
   2.6799255e-01  -3.2424913e-01   1.2644102e-01  -2.8154992e-03   3.7767005e-03  -5.8957318e-04
   2.8548165e-01  -4.0854397e-01   1.0767206e-01  -2.6942653e-03   3.9397601e-03  -7.2310054e-04
   2.9153367e-01  -2.8009357e-01   1.2745186e-01  -2.7407098e-03   4.0813687e-03  -5.0683218e-04
   3.0895837e-01  -3.8599802e-01   1.3506368e-01  -1.9314681e-03   4.2853974e-03  -7.1917449e-04
   2.9148223e-01  -3.2538804e-01   1.8782306e-01  -2.5360052e-03   3.9755803e-03  -5.9055962e-04
   2.8950049e-01  -3.9388448e-01   1.4118999e-01  -2.1166921e-03   3.9687482e-03  -7.3303455e-04
   2.8788042e-01  -3.5727329e-01   1.8959676e-01  -2.8044893e-03   3.9405294e-03  -6.6354378e-04
   2.9329767e-01  -3.4596903e-01   8.5053891e-02  -2.6058974e-03   4.1523233e-03  -5.4734436e-04
   3.3227420e-01  -4.4058189e-01   2.4701119e-01  -3.2633090e-03   4.5570950e-03  -7.4179248e-04
   3.1831488e-01  -4.3487484e-01   1.7999836e-01  -2.7983344e-03   4.4273791e-03  -7.2748071e-04
   3.2656414e-01  -3.6381368e-01   1.8561266e-01  -2.9498196e-03   4.5375438e-03  -6.3208433e-04
   3.4028468e-01  -4.4371640e-01   1.7173056e-01  -2.7037861e-03   4.6496321e-03  -7.1900282e-04
   3.4657839e-01  -3.2257662e-01   1.8210183e-01  -2.6338019e-03   4.7871709e-03  -6.6608321e-04
   3.5018880e-01  -4.3687528e-01   2.1592077e-01  -2.8689492e-03   4.7745135e-03  -9.4938526e-04
   3.2896621e-01  -3.5568659e-01   1.9112848e-01  -2.5745505e-03   4.6140019e-03  -6.9130461e-04
   3.3010079e-01  -4.4906893e-01   2.3491408e-01  -3.1009843e-03   4.6487765e-03  -8.2965625e-04
   3.3303893e-01  -3.7190202e-01   1.8764950e-01  -3.1205255e-03   4.8292974e-03  -4.8918094e-04
   3.4219378e-01  -4.6641774e-01   2.0864594e-01  -3.4781663e-03   4.8360129e-03  -6.4104122e-04
   3.5633237e-01  -3.8349632e-01   1.6023716e-01  -3.8010109e-03   5.0360744e-03  -2.9583538e-04
   3.6361484e-01  -4.9266016e-01   2.1504873e-01  -4.5836590e-03   5.0159634e-03  -3.3211125e-04
   3.6104369e-01  -3.9871092e-01   1.4917008e-01  -3.9551172e-03   5.0577979e-03  -9.0311159e-05
   3.8584670e-01  -5.1345007e-01   2.0227948e-01  -3.6101088e-03   5.4065775e-03  -2.2866124e-04
   3.4012930e-01  -4.1692566e-01   2.2264308e-01  -4.2284457e-03   4.8704980e-03  -1.4359720e-05
   2.9343450e-01  -4.9085732e-01   1.9430627e-01  -4.3289810e-03   3.9205263e-03  -2.2119490e-04
   1.9845046e-01  -3.2675658e-01   2.1638751e-01  -3.3673287e-03   2.5129831e-03   4.3911176e-04
   1.5452405e-01  -2.8534067e-01   4.4937670e-02  -3.1737675e-03   1.5557266e-03   4.9400356e-05
   7.4736643e-02  -3.2313492e-01   9.3881780e-02  -3.3110171e-03   5.4600192e-04   4.6083769e-04
   8.3398128e-02  -2.1476293e-01   1.6440854e-01  -3.5325549e-03   8.5260103e-04   5.7891624e-04
   1.0105521e-01  -2.9270122e-01   7.2432450e-02  -3.2557789e-03   9.4265959e-04   5.7502948e-04
   9.9264262e-02  -2.6276341e-01   1.7192833e-01  -3.6741781e-03   1.0105906e-03   8.1065571e-04
   1.1594964e-01  -3.5994635e-01   1.5861483e-01  -3.7747740e-03   1.3247871e-03   7.3532269e-04
   1.0170097e-01  -2.7640298e-01   2.2297205e-01  -4.2319570e-03   1.2993336e-03   1.0218275e-03
   1.0405737e-01  -3.0083097e-01   1.1271720e-01  -3.5657337e-03   1.4387209e-03   9.9741333e-04
   1.1542000e-01  -3.5441239e-01   1.7310478e-01  -3.6844479e-03   1.4516889e-03   1.0366839e-03
   1.0763230e-01  -2.9146209e-01   2.0433978e-01  -4.3475698e-03   1.4190254e-03   1.1475270e-03
   1.1913602e-01  -3.8067900e-01   1.3769969e-01  -4.3806539e-03   1.5362796e-03   1.0548072e-03
   9.9611149e-02  -3.1546804e-01   1.7847894e-01  -4.5554849e-03   1.3357393e-03   1.5371206e-03
   9.2005788e-02  -3.9451842e-01   1.6091792e-01  -4.5640886e-03   1.2454796e-03   1.4911582e-03
   1.0665395e-01  -3.5957217e-01   1.8450287e-01  -4.5294645e-03   1.3445443e-03   1.4429926e-03
   1.0962243e-01  -3.7855314e-01   2.3886181e-01  -4.9261371e-03   1.2690631e-03   1.6026306e-03
   1.0509627e-01  -3.7800357e-01   1.6230088e-01  -4.5982616e-03   1.1489331e-03   1.4547477e-03
   1.0182240e-01  -3.8686229e-01   2.0322872e-01  -5.1676166e-03   1.1956986e-03   1.4255695e-03
   9.3719820e-02  -3.5198348e-01   1.1434901e-01  -4.7170992e-03   1.1050778e-03   1.4820822e-03
   5.9572941e-02  -3.7124585e-01   2.0533027e-01  -4.9510644e-03   8.0975615e-04   1.7554716e-03
   7.6764090e-02  -3.6358563e-01   1.5555978e-01  -4.3821487e-03   9.7721890e-04   1.6259977e-03
   5.8268878e-02  -3.8024317e-01   2.4726657e-01  -5.5299076e-03   8.5796931e-04   1.7797829e-03
   5.6857277e-02  -3.9132672e-01   1.6242096e-01  -5.1663186e-03   8.3226455e-04   1.8387093e-03
   7.3650604e-02  -4.3050982e-01   2.5192565e-01  -5.4511895e-03   1.2236863e-03   1.8400046e-03
   6.4174855e-02  -3.7318475e-01   1.9794900e-01  -5.0242402e-03   1.1492986e-03   1.8334871e-03
   6.9096597e-02  -3.9777560e-01   2.5046335e-01  -5.3218987e-03   1.1249918e-03   1.8211202e-03
   5.0370441e-02  -4.1917860e-01   2.2491593e-01  -4.9304199e-03   1.0138975e-03   1.8386644e-03
   4.7369457e-02  -3.4590107e-01   2.5159507e-01  -5.1760895e-03   9.2376407e-04   2.0565259e-03
   4.6929118e-02  -4.3409838e-01   2.1135070e-01  -5.2714785e-03   8.2963716e-04   1.8913542e-03
   4.8247870e-02  -3.6475477e-01   2.5310000e-01  -5.7023151e-03   9.2283490e-04   2.1605470e-03
   5.0754530e-02  -4.5082391e-01   2.3860303e-01  -5.2580795e-03   9.1423831e-04   2.1783227e-03
   4.7840939e-02  -3.9258299e-01   2.7301058e-01  -5.6776691e-03   8.3820944e-04   2.1668442e-03
   3.5140332e-02  -4.5277751e-01   1.9927090e-01  -5.3889979e-03   6.1382085e-04   2.1461649e-03
   3.2519708e-02  -4.2308243e-01   2.7054198e-01  -5.7068428e-03   6.3637052e-04   2.2436711e-03
   2.6398176e-02  -4.8536592e-01   2.7559990e-01  -5.6459034e-03   6.0549232e-04   2.2497231e-03
   2.0733262e-02  -4.0600560e-01   3.5108163e-01  -6.4186543e-03   6.0419409e-04   2.1916993e-03
   1.1091395e-02  -4.7763961e-01   3.5544680e-01  -6.2020249e-03   1.9897953e-04   1.7963997e-03
  -1.0694457e-02  -4.8744724e-01   3.4503122e-01  -6.5294122e-03  -5.1110431e-05   1.7924622e-03
  -2.2369204e-02  -4.0717462e-01   3.7960782e-01  -6.3193227e-03  -1.1423776e-04   1.4887545e-03
  -2.2463084e-02  -4.5255341e-01   3.0487807e-01  -5.7917954e-03  -2.5779889e-05   1.4196607e-03
  -3.4689245e-03  -4.7668267e-01   3.7755302e-01  -5.9455897e-03   2.1763560e-04   1.2595253e-03
  -5.0593468e-03  -3.7179262e-01   3.0695060e-01  -5.9278503e-03   2.6538691e-04   1.4032762e-03
   1.9499735e-02  -5.0246309e-01   3.4893130e-01  -6.3140959e-03   5.1681507e-04   1.1716641e-03
   2.0571702e-02  -3.5345105e-01   3.3715589e-01  -5.9567956e-03   5.5995915e-04   1.2636403e-03
   3.3059367e-02  -4.3372800e-01   3.0285495e-01  -5.5081590e-03   5.6266084e-04   1.0826575e-03
   3.5414680e-02  -3.7888466e-01   3.8681676e-01  -5.5167615e-03   7.5719687e-04   1.1058234e-03
   3.9934707e-02  -4.3697364e-01   3.4317681e-01  -5.2360526e-03   8.1897274e-04   9.5069225e-04
   3.9077071e-02  -3.7738130e-01   3.7136642e-01  -5.1762452e-03   9.0070272e-04   8.3398914e-04
   3.1275289e-02  -4.2550191e-01   3.7942291e-01  -5.5545286e-03   7.3539718e-04   9.3915661e-04
   7.6549342e-02  -3.1552004e-01   4.7729207e-01  -5.4503451e-03   1.4291094e-03   6.7927600e-04
   8.7703647e-02  -4.5074659e-01   3.7431994e-01  -5.1026983e-03   1.4668560e-03   2.5281375e-04
   1.0128542e-01  -5.0718360e-01   4.3114364e-01  -5.1567768e-03   1.6827411e-03   3.4494070e-04
   1.0665624e-01  -4.4183827e-01   4.5351146e-01  -5.3466853e-03   1.6479219e-03   4.5480490e-04
   1.1828236e-01  -5.0787230e-01   4.6875357e-01  -5.6460980e-03   1.7716825e-03   2.4151879e-04
   9.3945500e-02  -4.2915924e-01   4.2025559e-01  -5.3390153e-03   1.5519854e-03   3.7859237e-04
   1.1565483e-01  -5.1364769e-01   4.4568813e-01  -5.4290038e-03   1.8105631e-03   1.9088504e-04
   1.2084423e-01  -4.5201401e-01   4.3742914e-01  -5.3850861e-03   1.9483923e-03   2.5561426e-04
   1.2984377e-01  -4.5763935e-01   4.8045412e-01  -5.5593207e-03   2.0865942e-03   2.7391698e-04
   1.1765907e-01  -4.7608523e-01   4.7025176e-01  -5.0557204e-03   2.0792060e-03   1.9797032e-04
   1.3037239e-01  -4.5734763e-01   4.9489932e-01  -5.5461074e-03   2.1641006e-03   2.4089009e-04
   1.3461497e-01  -4.6739934e-01   4.4388264e-01  -5.1866721e-03   2.2665056e-03   2.4189610e-04
   1.5544550e-01  -4.8766154e-01   4.7333295e-01  -5.1904053e-03   2.3780438e-03   1.0640196e-04
   1.5650094e-01  -4.5128075e-01   4.6493306e-01  -5.5214699e-03   2.2852060e-03   2.3036148e-04
   1.6408361e-01  -4.9960015e-01   4.4396613e-01  -5.2021479e-03   2.3894785e-03   1.8627912e-04
   1.5800468e-01  -4.5005633e-01   4.5147067e-01  -5.3216237e-03   2.2936818e-03   2.8915727e-04
   1.5714341e-01  -4.9507333e-01   4.6631142e-01  -5.7985639e-03   2.2526182e-03   2.0721620e-04
   1.4489353e-01  -4.9208295e-01   4.5250258e-01  -5.5212756e-03   2.2601662e-03   1.8141219e-04
   1.5967046e-01  -4.7021523e-01   4.6572243e-01  -5.7608094e-03   2.4674275e-03   3.1648814e-04
   1.7906056e-01  -5.3441596e-01   4.6603632e-01  -5.7716815e-03   2.5923508e-03   6.8776332e-05
   1.6209150e-01  -4.4812765e-01   4.3901120e-01  -5.9436251e-03   2.5368684e-03   3.0340299e-04
   1.5925174e-01  -5.2668441e-01   4.7899309e-01  -6.2815438e-03   2.5340975e-03   1.9410510e-04
   1.4126490e-01  -4.5008522e-01   4.3100691e-01  -5.8951795e-03   2.3799128e-03   3.3073056e-04
   1.6756785e-01  -5.2088422e-01   4.7183770e-01  -6.0155405e-03   2.6069119e-03   1.5724818e-04
   1.5867181e-01  -5.0567342e-01   4.4680882e-01  -5.9227669e-03   2.4773726e-03   3.0491321e-04
   1.6136572e-01  -4.5931882e-01   4.5258125e-01  -6.1254840e-03   2.5548591e-03   4.7984286e-04
   1.7463450e-01  -5.3843424e-01   4.4895844e-01  -5.9879075e-03   2.5219741e-03   3.4143711e-04
   1.5622512e-01  -4.6277495e-01   4.2349064e-01  -5.8961973e-03   2.3536131e-03   4.5847387e-04
   1.8007597e-01  -5.3893110e-01   4.7069325e-01  -6.1673451e-03   2.7214813e-03   1.4960600e-04
   1.7606259e-01  -4.6430040e-01   4.1806399e-01  -5.6984179e-03   2.7970665e-03   2.6058806e-04
   1.8016598e-01  -4.9429006e-01   4.6445191e-01  -6.1771490e-03   2.7503229e-03   1.7054510e-04
   1.6465456e-01  -4.9200444e-01   4.2734739e-01  -5.6514445e-03   2.6741950e-03   2.4135600e-04
   1.8835888e-01  -4.9229928e-01   4.6633510e-01  -6.0966597e-03   2.8830439e-03   2.2606183e-04
   1.9285397e-01  -5.6648772e-01   4.6481273e-01  -6.1174632e-03   2.8508394e-03   1.0522563e-04
   1.8744053e-01  -4.5682723e-01   4.3310823e-01  -5.9922245e-03   2.8789941e-03   1.9316961e-04
   2.0550379e-01  -5.4511175e-01   4.5045368e-01  -6.4195975e-03   2.9840321e-03  -6.5414210e-05
   1.9546129e-01  -4.7285892e-01   4.0078412e-01  -6.3418709e-03   3.0118803e-03   1.6399559e-04
   1.9920312e-01  -5.3272864e-01   4.5513634e-01  -6.9805261e-03   2.9521029e-03   2.7587715e-04
   1.8361851e-01  -5.0326569e-01   3.9731804e-01  -6.3954822e-03   2.8204373e-03   1.9586910e-04
   2.0274256e-01  -5.2910361e-01   4.4896396e-01  -7.0040602e-03   3.0602567e-03   1.0665293e-04
   1.8519054e-01  -5.4965024e-01   4.1861726e-01  -6.4684063e-03   2.9345099e-03   1.2879457e-04
   2.0298772e-01  -5.3412604e-01   4.7017794e-01  -6.7588055e-03   3.1119269e-03   6.6059599e-05
   1.9680098e-01  -5.4885975e-01   4.3616828e-01  -6.6457497e-03   3.0334095e-03   7.0420206e-05
   2.0582531e-01  -5.7353441e-01   4.8927507e-01  -6.8379750e-03   3.1290464e-03   1.0819628e-04
   1.9264602e-01  -5.8013285e-01   4.7573753e-01  -6.8347922e-03   2.8399459e-03   3.6684479e-05
   1.7731248e-01  -5.2138544e-01   4.9762443e-01  -6.9261478e-03   2.7193423e-03   2.4026710e-04
   1.6831153e-01  -6.2975683e-01   5.0161429e-01  -6.8296648e-03   2.6621545e-03  -3.0564491e-05
   1.4896512e-01  -5.6008342e-01   4.7555881e-01  -7.0418967e-03   2.5296980e-03   1.8580426e-04
   1.1956334e-01  -6.2001302e-01   4.8921261e-01  -7.7495048e-03   1.9785309e-03   1.1822459e-04
   1.1465156e-01  -6.1851579e-01   4.7767264e-01  -7.6472166e-03   1.9620062e-03   7.6613836e-05
   1.2172107e-01  -6.5757858e-01   4.9634502e-01  -7.7338313e-03   1.8488611e-03   5.8097401e-06
   9.7537692e-02  -6.4722548e-01   4.5876894e-01  -7.8434276e-03   1.5969377e-03   9.0470955e-05
   1.0054736e-01  -6.4768449e-01   4.8647198e-01  -8.0368416e-03   1.6376639e-03  -1.3266177e-04
   8.8165267e-02  -6.8565100e-01   4.6165508e-01  -7.7315298e-03   1.5452993e-03  -3.3933620e-04
   7.0775369e-02  -6.3047071e-01   4.6022743e-01  -7.9861978e-03   1.3279403e-03  -3.5958459e-04
   9.5270146e-02  -6.7688410e-01   4.5316633e-01  -8.1779416e-03   1.5820842e-03  -5.0284421e-04
   8.5122561e-02  -6.2721153e-01   4.2130989e-01  -8.2151175e-03   1.5216605e-03  -3.4740678e-04
   9.8329646e-02  -7.0312407e-01   4.6929170e-01  -8.2579253e-03   1.6550749e-03  -5.6607841e-04
   8.7291858e-02  -6.1922450e-01   4.0474958e-01  -7.9688468e-03   1.6247069e-03  -3.8782426e-04
   8.2662954e-02  -6.8172551e-01   4.3155207e-01  -8.5689852e-03   1.4862163e-03  -4.0700382e-04
   7.8182083e-02  -6.6991704e-01   3.8680763e-01  -8.1682126e-03   1.5203826e-03  -3.9715923e-04
   1.0032552e-01  -6.3534041e-01   4.3890943e-01  -8.3347681e-03   1.7791377e-03  -6.7715201e-04
   8.3969142e-02  -6.9376189e-01   4.0317966e-01  -8.0214669e-03   1.5067402e-03  -6.7808388e-04
   9.5510337e-02  -6.2978522e-01   4.2373450e-01  -8.4101534e-03   1.7809967e-03  -7.9496413e-04
   9.3858666e-02  -7.4589123e-01   4.2015092e-01  -8.5229479e-03   1.6912743e-03  -9.1628262e-04
   8.1564432e-02  -6.4062520e-01   4.1115553e-01  -8.6928945e-03   1.6145576e-03  -7.7896383e-04
   7.4147799e-02  -7.3475243e-01   4.4396892e-01  -7.9888819e-03   1.4940773e-03  -8.9547426e-04
   8.2151933e-02  -6.5687827e-01   4.5747403e-01  -8.7584943e-03   1.4776930e-03  -9.0395026e-04
   7.6622019e-02  -7.4240104e-01   4.4319465e-01  -8.3935631e-03   1.3436517e-03  -8.8834826e-04
   7.1541379e-02  -6.8362820e-01   4.5681591e-01  -8.9880488e-03   1.3198176e-03  -9.8389962e-04
   6.4183997e-02  -7.5900612e-01   4.2126726e-01  -8.7004336e-03   1.2725641e-03  -9.4856260e-04
   6.6991566e-02  -6.7303112e-01   4.3428297e-01  -9.0880753e-03   1.2312591e-03  -5.9250858e-04
   6.9203757e-02  -7.3770023e-01   4.2949115e-01  -8.2184944e-03   1.2984979e-03  -7.0436531e-04
   7.5396337e-02  -6.9799449e-01   4.6233216e-01  -8.9733328e-03   1.2879836e-03  -8.9913357e-04
   6.5846834e-02  -7.3042946e-01   4.3416488e-01  -8.4366962e-03   1.1315956e-03  -8.7932100e-04
   8.0320576e-02  -7.1896113e-01   4.7364535e-01  -9.1746935e-03   1.3289742e-03  -8.8539315e-04
   7.3597939e-02  -7.4052204e-01   4.2770950e-01  -8.6347284e-03   1.3082055e-03  -5.9762215e-04
   9.4195213e-02  -7.3875976e-01   4.7672397e-01  -9.1372765e-03   1.5111804e-03  -6.5180320e-04
   9.9182385e-02  -7.2965020e-01   4.4339360e-01  -8.7625200e-03   1.6246729e-03  -5.0101697e-04
   1.0407741e-01  -7.1658665e-01   4.6355382e-01  -9.1781832e-03   1.6548363e-03  -5.4591420e-04
   9.7576359e-02  -7.5765104e-01   4.4982536e-01  -8.4675281e-03   1.6106336e-03  -6.8729091e-04
   1.1031887e-01  -7.1525199e-01   4.6523643e-01  -9.1303459e-03   1.7722622e-03  -6.1442746e-04
   1.1119640e-01  -8.0822199e-01   4.6698942e-01  -9.2186185e-03   1.7401841e-03  -6.4929920e-04
   1.0347094e-01  -7.0365736e-01   4.6275571e-01  -9.1078600e-03   1.8331141e-03  -3.7809235e-04
   1.0725715e-01  -7.8473569e-01   5.0540667e-01  -8.6845618e-03   1.9919081e-03  -5.4316745e-04
   9.3685134e-02  -7.0258522e-01   4.6389185e-01  -8.7862396e-03   1.9840622e-03  -3.8650979e-04
   1.2012497e-01  -8.0945409e-01   5.0577292e-01  -9.0066437e-03   2.2265880e-03  -7.4562850e-04
   1.0354253e-01  -7.0294558e-01   4.5725475e-01  -8.6809129e-03   2.0034139e-03  -4.5870515e-04
   1.2765858e-01  -7.6756897e-01   4.7690666e-01  -9.2586125e-03   2.1554058e-03  -5.6421004e-04
   1.2834448e-01  -7.6391768e-01   4.4261068e-01  -8.8339838e-03   2.2097256e-03  -6.1839907e-04
   1.3947964e-01  -7.6024341e-01   4.8707956e-01  -9.1118755e-03   2.3766069e-03  -5.2162776e-04
   1.4381297e-01  -8.0362654e-01   4.7647340e-01  -9.1140746e-03   2.3489915e-03  -6.3631589e-04
   1.3224094e-01  -7.1376173e-01   4.5665642e-01  -8.6907103e-03   2.3242917e-03  -3.9078806e-04
   1.4047363e-01  -7.9374762e-01   4.9734846e-01  -8.9332633e-03   2.3659896e-03  -5.6290930e-04
   1.2434309e-01  -7.1509746e-01   4.6994984e-01  -8.5786514e-03   2.2944251e-03  -3.4487253e-04
   1.3538185e-01  -8.0605062e-01   5.1644226e-01  -8.3029494e-03   2.3706234e-03  -5.0504404e-04
   1.3271033e-01  -7.1339309e-01   4.7806844e-01  -9.0784173e-03   2.3569619e-03  -3.2522458e-04
   1.4684636e-01  -8.4175887e-01   5.3264878e-01  -8.8310066e-03   2.2770058e-03  -5.4900136e-04
   1.2953979e-01  -7.5205476e-01   4.9748486e-01  -9.0501452e-03   2.2271075e-03  -3.9736736e-04
   1.1360705e-01  -8.2101240e-01   5.0187334e-01  -8.7425771e-03   2.1334812e-03  -5.3994962e-04
   1.1609447e-01  -7.5680440e-01   4.8880005e-01  -8.7246870e-03   2.1418200e-03  -4.5064469e-04
   1.2556595e-01  -7.0662832e-01   4.7492557e-01  -8.7554428e-03   2.2390246e-03  -4.8833458e-04
   1.3302962e-01  -7.8942125e-01   5.4152557e-01  -8.8459534e-03   2.2933797e-03  -5.2104651e-04
   1.1139910e-01  -7.2928946e-01   4.7704217e-01  -8.7327118e-03   2.0823435e-03  -2.6086174e-04
