   1.4210855e-14   0.0000000e+00   0.0000000e+00   0.0000000e+00   1.9259299e-34   0.0000000e+00
   1.4529853e-02   9.0753177e-02   1.4400584e-02   9.9316868e-04   6.4495127e-05  -9.4843391e-05
   2.9784543e-02   8.0024967e-02   1.2568285e-01   3.6923224e-04   1.2450575e-04  -5.7370054e-05
   2.6404675e-02   5.3580653e-02   1.5255992e-02   2.0308501e-04  -8.2269846e-05  -6.4393420e-04
  -1.1374899e-02   1.0034428e-01   8.9135336e-02   9.3373500e-04  -5.8863305e-04  -3.7203147e-04
  -9.8714517e-03   3.8218001e-02   1.2083411e-01   3.4067512e-04  -5.8412884e-04  -2.3808122e-04
  -9.2227325e-04   6.7790389e-02   5.0703238e-02   3.9873844e-04  -6.4930781e-04  -4.5147652e-04
  -1.9891152e-02   7.8758240e-02   1.3931505e-01   6.0725552e-04  -1.0021056e-03  -1.4497410e-04
  -4.0345819e-03  -7.7944922e-03   7.7912571e-02  -4.7036780e-04  -6.9373590e-04  -2.6182420e-04
  -2.6643476e-02   1.0687089e-01   1.0499528e-01   8.6988296e-04  -7.1935567e-04   9.7508844e-05
  -9.6161334e-03   4.3276198e-02   7.8426565e-02   4.3167949e-04  -5.5125513e-04   1.7581002e-04
  -4.4416152e-03   6.4644963e-02   5.6804817e-02   7.8947832e-04  -7.1093980e-04   1.5558592e-07
  -4.2489080e-02   1.3811138e-01   1.2902569e-01   1.7365333e-03  -9.6717971e-04   4.3557733e-04
  -4.6645646e-03   2.0885843e-02  -4.9972486e-02   8.3067864e-04  -5.2538108e-04   3.1163045e-04
  -1.5302216e-02   1.3278354e-01   9.4172881e-02   1.4840417e-03  -5.8841391e-04   6.1346673e-04
  -1.9435714e-02   1.5020304e-02   1.1059207e-02   3.4379324e-04  -7.7974276e-04   4.6507282e-04
  -4.0357809e-02   1.3058732e-01   2.6592936e-02   1.5796250e-03  -1.1716614e-03   9.6915671e-04
  -2.8195180e-02   8.2695867e-02   6.6160952e-02   1.1398860e-03  -1.1231792e-03   9.2429589e-04
  -1.1696128e-02   3.9297161e-02  -1.7025627e-02   9.7047882e-04  -7.9665025e-04   5.9400285e-04
  -4.0111950e-02   1.4693114e-01   9.2610277e-02   1.9458674e-03  -1.5300080e-03   8.7057362e-04
  -2.9887000e-02   4.8635603e-02   4.2594398e-02   1.1768012e-03  -1.2567660e-03   7.8124791e-04
  -3.6745589e-02   1.0312245e-01   5.8925966e-03   1.8801550e-03  -1.3919156e-03   1.0538724e-03
  -4.6786756e-02   1.2477877e-01   6.9731203e-02   1.7871933e-03  -1.5795422e-03   8.2035802e-04
  -4.0355587e-02   6.2153219e-02  -1.5231386e-02   1.7478478e-03  -1.4712823e-03   6.7104993e-04
  -1.1341972e-01   2.8821074e-03  -1.8453014e-01   2.9461381e-03  -9.8135788e-04   6.8425173e-04
  -6.9866473e-02  -2.6717324e-02   7.6131376e-03   1.1985771e-03  -9.9479598e-04   5.5735945e-04
  -1.1511328e-01   6.4438074e-02   1.2077511e-01   1.5109557e-03  -1.7273396e-03   5.4585383e-04
  -8.6074221e-02  -1.4832048e-02   2.0254137e-02   9.9012432e-04  -1.4733416e-03   5.0518309e-04
  -6.7057539e-02   8.4667715e-02   1.1682364e-01   1.9409535e-03  -1.4689144e-03   9.8505079e-04
  -3.6165265e-02   2.6200812e-02   8.1306522e-02   1.3491373e-03  -9.6409215e-04   1.0968311e-03
  -2.9660857e-02   8.0924339e-02   2.7471556e-02   1.9896812e-03  -8.6624341e-04   1.1423985e-03
  -3.4265123e-02   6.3756496e-02   9.1898836e-02   1.4328385e-03  -9.9603419e-04   1.2869472e-03
  -1.3045217e-02   7.2441236e-02   3.3437008e-02   1.6932217e-03  -7.7163577e-04   1.7159997e-03
  -1.4336213e-02   9.7292489e-02   1.6699459e-01   1.3177858e-03  -8.4488852e-04   1.9927671e-03
   3.7127530e-03   1.1312025e-02   4.0440716e-02   8.6368908e-04  -2.7657916e-04   1.8460593e-03
  -1.4366966e-02   9.4754408e-02   1.1662062e-01   1.7009315e-03  -9.0052447e-04   1.9714958e-03
  -1.7568469e-02   1.1062213e-02   1.5905742e-01   3.9368370e-04  -8.1814880e-04   1.9091330e-03
  -2.0269710e-02   5.0837652e-02   8.4919143e-02   7.8049619e-04  -7.0630289e-04   1.9444855e-03
  -3.5660515e-02   6.0228400e-02   2.1956885e-01   6.9080535e-04  -9.1591880e-04   2.3837156e-03
  -2.1898687e-02   4.0382634e-02  -1.5008439e-02   1.1128815e-03  -8.4455263e-04   2.2788691e-03
  -2.6747675e-02   9.1542799e-02   2.0965871e-01   1.2937594e-03  -1.0080518e-03   2.8531980e-03
  -9.3938712e-03   1.3525772e-01  -2.5284684e-02   2.4132620e-03  -9.2185942e-04   3.0240000e-03
  -1.7702134e-03   1.3833017e-02  -1.2752928e-03   1.2615713e-03  -7.8285000e-04   2.6958038e-03
  -1.1772497e-02   1.6059089e-01   1.1155449e-01   2.2689384e-03  -6.6564807e-04   3.0614690e-03
   1.5301390e-02   1.5251089e-02   7.1643125e-02   1.0112933e-03  -2.9710995e-04   2.9533285e-03
   2.0081441e-03   1.0801095e-01   4.6964128e-02   2.2782616e-03  -5.1499861e-04   2.8884477e-03
   8.0359298e-03   4.6499910e-02   9.8617044e-02   1.2230989e-03  -3.1967763e-04   3.2637114e-03
   6.7413568e-03   1.1821928e-01  -1.3840231e-02   1.8521294e-03  -4.3272344e-04   3.3021034e-03
   1.1821231e-02   1.3766845e-01   1.5308716e-01   2.2957371e-03  -2.7786112e-04   3.8433472e-03
   3.7901037e-02   1.0100788e-01  -3.8555448e-02   2.2815732e-03   3.4886298e-04   4.2822194e-03
   4.2861429e-02   1.7652109e-01   1.4427148e-01   2.4161260e-03   1.6821183e-04   4.4336228e-03
   4.2601793e-02   4.2722811e-02   1.7756259e-02   1.5422433e-03   4.5188142e-05   3.5842754e-03
   1.4446357e-02   1.4377206e-01   9.2164308e-02   2.7373313e-03  -2.9805916e-04   3.9675194e-03
   5.7124672e-03   5.7802016e-02   6.9670758e-02   1.5872388e-03  -2.6592388e-04   3.5038380e-03
   4.1590620e-03   1.1489393e-01   2.2114600e-02   2.1551014e-03  -3.3054207e-04   3.2704813e-03
   9.0790402e-03   1.6222092e-01   1.6083123e-01   2.8632125e-03  -1.0320625e-04   3.6342770e-03
   9.0081679e-03   1.0363428e-01  -1.1243506e-01   2.5032896e-03   4.4520162e-05   3.1981347e-03
  -6.9814297e-03   1.7975606e-01   8.8766454e-02   2.6148943e-03  -4.9273208e-04   3.6117460e-03
   2.0925859e-02   3.2903928e-02  -4.7677293e-03   1.2302768e-03  -2.2034420e-04   3.5699837e-03
   1.4409572e-02   1.8109028e-01   1.4487950e-01   5.3892330e-03   1.5631591e-03   3.3921399e-03
  -7.8704365e-02   5.3139699e-02  -1.0521242e-01   3.0071295e-03   1.7749096e-03   2.9070877e-03
  -3.3642544e-03   7.1288079e-02  -3.3565801e-02   2.8056573e-03   1.4969791e-03   2.2420524e-03
   4.3228836e-03   4.7125724e-02  -6.5433759e-02   2.2159035e-03   1.0346388e-03   2.3912723e-03
  -2.3471915e-02   1.4188517e-01   1.0349857e-01   3.0431526e-03   4.8486626e-04   2.9405055e-03
  -5.0246369e-03   5.9925738e-02  -9.7993734e-02   3.0894923e-03   5.1816534e-04   2.7907793e-03
   3.2473408e-03   1.6851222e-01   5.6456037e-02   3.5237333e-03   4.4850981e-04   3.0973125e-03
   1.6598061e-02   9.3154226e-02  -6.7209511e-02   2.7921121e-03   6.3912683e-04   2.8355769e-03
   9.6201841e-03   1.4124992e-01  -3.9328407e-03   3.3451219e-03   5.6520510e-04   3.0929894e-03
   1.6213124e-02   1.0016891e-01  -1.3550488e-01   3.4138914e-03   6.5934595e-04   2.8593774e-03
   5.6163917e-03   1.2795172e-01  -1.1890701e-01   3.3951501e-03   4.6803796e-04   2.8217172e-03
   1.5710609e-02   1.3141683e-01  -1.0184869e-01   3.6883084e-03   3.4521810e-04   3.1054940e-03
   4.6988622e-02   3.9984751e-02  -7.5869137e-03   1.9715630e-04   1.7353834e-04   2.9017180e-03
   1.3469668e-02   1.6678645e-01   3.1569726e-02   2.6205992e-03  -1.2981881e-04   2.9667274e-03
   5.7066960e-02   5.9459361e-02   7.5048258e-02   1.9377710e-03   1.1368879e-04   2.8023539e-03
   4.8362863e-02   1.7219670e-01   7.7419260e-03   3.2378814e-03  -1.7568355e-04   3.0263926e-03
   5.9884464e-02   1.1038053e-01   8.5463014e-02   2.4867671e-03  -1.4167617e-04   3.6602188e-03
   8.5076477e-02   1.4627752e-01  -1.0282161e-01   3.8938203e-03   4.5516025e-04   3.6352136e-03
   9.2239971e-02   1.3288109e-01   1.4691779e-01   2.8061029e-03   5.2154107e-04   4.2138660e-03
   9.0010030e-02   1.8397669e-01  -1.2873659e-01   4.7241367e-03   7.1703680e-04   4.0421161e-03
   9.1501583e-02   1.4405109e-01   1.0141554e-01   3.6021912e-03   5.3967445e-04   4.0580166e-03
   8.5272605e-02   1.6347151e-01  -3.0618971e-02   3.3029633e-03   3.8498016e-04   3.7627427e-03
   1.2223878e-01   1.7991323e-01   1.6256338e-01   3.3097111e-03   6.4850994e-04   4.0041223e-03
   1.3358199e-01   1.4030769e-01  -1.7531244e-03   3.6912873e-03   7.5648142e-04   3.6122449e-03
   1.1148821e-01   2.0106077e-01   1.4191018e-01   3.6421181e-03   9.3336570e-05   3.4631192e-03
   1.2656394e-01   8.5374668e-02  -1.4964553e-02   3.1357646e-03   1.5629844e-04   3.3269870e-03
   1.1828867e-01   1.9704791e-01   1.0362670e-01   3.9445360e-03   5.9476336e-05   3.5961570e-03
   1.2731353e-01   1.7427874e-01   7.6636756e-02   5.3367301e-03   9.3200922e-05   3.9230604e-03
   7.1040311e-02   2.9595139e-01  -5.8701724e-02   4.8633712e-03   1.3587290e-04   4.1522625e-03
   1.0283941e-01   1.6332325e-01  -1.0599954e-01   3.9442442e-03   3.4266358e-04   3.2402280e-03
   1.0975638e-01   2.4896025e-01   5.7235164e-02   4.1947390e-03   3.3996102e-04   3.8757478e-03
   1.3212325e-01   1.3162355e-01  -4.8204111e-02   3.8279322e-03   4.9361032e-04   3.4802527e-03
   1.4578136e-01   2.1028704e-01   4.5480777e-02   4.2774976e-03   2.9878234e-04   3.2410653e-03
   1.5897233e-01   1.3301974e-01  -1.0100421e-02   4.3364905e-03   5.1441227e-04   3.3200429e-03
   1.6958919e-01   2.4329370e-01   1.8349694e-02   5.5883046e-03   5.7043347e-04   3.4014735e-03
   1.8288898e-01   1.0424548e-01   5.8035914e-02   4.0068544e-03   4.3299823e-04   3.4987764e-03
   1.5758148e-01   2.1507316e-01  -2.3207212e-03   5.1179765e-03  -1.0839132e-05   3.2714700e-03
   1.1755482e-01   1.8833969e-01   5.5125495e-02   4.6924172e-03  -7.6793587e-04   3.7754291e-03
   1.1476356e-01   2.3736731e-01  -1.3471685e-01   5.7841541e-03  -8.1554358e-04   4.3794717e-03
   8.6508781e-02   2.8172875e-01   2.0615219e-02   5.5826496e-03  -1.6191057e-03   4.8853021e-03
   1.0246718e-01   2.3374052e-01  -1.2623580e-01   5.4985429e-03  -1.7323717e-03   4.6282089e-03
   1.2272295e-01   3.0381578e-01   1.8232886e-02   5.2390015e-03  -1.5286155e-03   4.9463468e-03
   1.5963132e-01   1.6625844e-01  -1.1227553e-01   4.6180586e-03  -1.0119584e-03   4.7934089e-03
   1.4891529e-01   2.8960558e-01  -3.3642620e-02   5.6966343e-03  -1.0908347e-03   4.9312505e-03
   1.6263535e-01   1.7738993e-01  -4.1338182e-02   4.4234697e-03  -1.0318862e-03   4.8014800e-03
   1.7143759e-01   2.4960258e-01  -7.0531659e-02   5.5631092e-03  -9.6489751e-04   4.5591370e-03
   1.6195621e-01   2.1740195e-01   3.9911179e-02   5.2859072e-03  -9.1555521e-04   4.6201284e-03
   1.5512994e-01   2.0836835e-01  -2.9964109e-01   5.3950960e-03  -8.7916310e-04   4.9461219e-03
   1.1888154e-01   3.4376953e-01  -3.4347539e-02   6.7660246e-03  -1.1936491e-03   4.6513045e-03
   8.7533508e-02   2.3314267e-01  -1.8499507e-01   5.9840780e-03  -1.8090907e-03   3.8788494e-03
   8.4294495e-02   3.3565021e-01  -7.9502094e-02   6.8618777e-03  -1.8686407e-03   4.3989395e-03
   1.2051422e-01   2.5280926e-01  -1.0456621e-01   6.8565645e-03  -1.5101448e-03   4.7417348e-03
   1.2301930e-01   3.2524755e-01  -1.4319561e-01   7.3800544e-03  -1.7645144e-03   4.6498829e-03
   1.4766559e-01   2.7256162e-01  -4.7351704e-02   6.6510550e-03  -1.3120945e-03   4.9685017e-03
   1.2817864e-01   3.4029647e-01  -1.7906254e-01   7.4395498e-03  -1.1865360e-03   5.0703050e-03
   1.5707053e-01   2.7308179e-01  -6.1476642e-02   6.6644195e-03  -7.9532817e-04   4.9398479e-03
   1.7378602e-01   2.9171750e-01  -1.3788646e-01   7.5174202e-03  -5.8510138e-04   4.7801333e-03
   1.6495287e-01   2.7184242e-01  -8.5318846e-03   7.1428247e-03  -3.2220227e-04   4.6941674e-03
   7.3005505e-02   1.6284683e-02  -1.0677305e-01   8.7441949e-04   1.0219449e-03   3.3798990e-03
   5.3638522e-02   6.5232235e-02  -8.9791740e-02   3.7893813e-03  -1.1982489e-04   3.2152942e-03
   8.6437200e-02   1.7884556e-01   5.6142056e-02   5.4271803e-03  -2.2257634e-05   3.7893853e-03
   1.2602925e-01   1.2493811e-01  -7.8212483e-02   5.9530411e-03   1.8051826e-04   3.5882379e-03
   1.1550706e-01   2.1912180e-01   3.0388161e-02   6.7088700e-03  -4.4762141e-06   3.7780997e-03
   1.4884803e-01   1.2618524e-01  -5.7172898e-02   6.1341464e-03   2.7202984e-04   3.4788347e-03
   1.4659414e-01   2.4831898e-01   3.9365974e-02   6.9058095e-03   2.7738089e-04   4.0870656e-03
   1.6716104e-01   1.6506406e-01  -6.7197395e-02   9.1207240e-03   5.1103092e-04   3.4320036e-03
   1.5158600e-01   2.3273876e-01   2.7141700e-01   7.5239071e-03   1.9552954e-03   2.5468161e-03
   5.2001694e-02   1.0954785e-01   2.2113416e-01   2.7002993e-03   6.3075071e-04   2.8141578e-03
   1.5049469e-02   3.2943145e-01   5.6235327e-01   4.0503534e-03  -2.9699629e-04   3.4786890e-03
   4.9818402e-02   2.2457083e-01   3.1876243e-01   4.3005916e-03  -8.5338276e-05   3.3556381e-03
   4.2249996e-02   3.8316554e-01   4.9259682e-01   5.5928991e-03  -3.9845450e-04   3.8023510e-03
   6.2723005e-02   1.6148928e-01   3.7745310e-01   3.2004147e-03  -3.3520348e-04   3.2986360e-03
   4.8258604e-02   3.5833494e-01   4.3353184e-01   5.2243419e-03  -5.4345824e-04   3.4807797e-03
   6.8112914e-02   2.2241418e-01   4.2664784e-01   4.0073065e-03  -5.9938432e-04   3.8732978e-03
   9.1578288e-02   2.7878467e-01   3.3001295e-01   4.9615641e-03  -4.3695088e-04   3.5469921e-03
   8.3394373e-02   2.9852582e-01   5.0134822e-01   3.8418616e-03  -6.9711127e-04   3.5625745e-03
   1.0835565e-01   1.8914335e-01   2.7638758e-01   2.9893120e-03  -4.5103929e-04   3.2545499e-03
   7.5841473e-02   3.2023864e-01   4.2822113e-01   3.9394101e-03  -8.4915027e-04   3.2521995e-03
   9.4313354e-02   2.0239704e-01   3.7802547e-01   2.9487036e-03  -5.8366828e-04   3.3942303e-03
   9.1966302e-02   3.1539868e-01   3.9690122e-01   3.8026524e-03  -6.3483844e-04   3.4413038e-03
   9.6186773e-02   1.8445299e-01   4.1019641e-01   2.4760670e-03  -5.8753694e-04   3.4449203e-03
   9.3116856e-02   2.5519832e-01   3.8767924e-01   2.7178955e-03  -5.2743398e-04   3.3609539e-03
   1.1394941e-01   2.4822412e-01   4.4836251e-01   2.3064447e-03  -3.5927042e-04   3.4577728e-03
   1.4733290e-01   1.7613432e-01   3.7785788e-01   2.3020276e-03   3.3229231e-04   3.6512525e-03
   1.6006723e-01   1.3945238e-01   5.1691354e-01  -6.9775851e-04   1.0119972e-03   3.1057907e-03
   1.0280945e-01   2.5148969e-01   4.8531301e-01   1.5646453e-04   1.1919234e-03   3.0044578e-03
   1.2112988e-01   8.5615465e-02   4.0884312e-01  -1.0753558e-04   1.1291749e-03   2.5714060e-03
   1.2136240e-01   1.9046391e-01   4.6206733e-01   2.2860622e-04   8.8299126e-04   2.7879561e-03
   1.3550915e-01   1.1651253e-01   5.2014447e-01  -2.6611958e-04   1.2058533e-03   2.9746082e-03
   1.4185121e-01   1.4439552e-01   4.4130453e-01   4.0700727e-04   1.1835005e-03   2.9057826e-03
   1.2260505e-01   1.7742175e-01   5.1768493e-01   3.0332479e-04   9.6685987e-04   3.1766754e-03
   1.4205713e-01   1.2529491e-01   3.9159251e-01   1.9390716e-04   1.1589796e-03   2.6627830e-03
   1.2489483e-01   2.1188463e-01   5.7128561e-01   6.3098432e-05   9.8645478e-04   3.3582599e-03
   1.3211981e-01   1.2621654e-01   4.2831680e-01   2.6737485e-04   9.2865935e-04   2.8768268e-03
   1.2044005e-01   1.7351346e-01   5.3540504e-01   1.3812079e-06   8.8095312e-04   3.3232695e-03
   1.3617136e-01   1.4993412e-01   3.9823751e-01   1.1025978e-03   1.1328085e-03   3.2343435e-03
   1.1244537e-01   1.8596233e-01   5.5805219e-01   2.4199397e-04   1.0603049e-03   3.5151264e-03
   1.3356689e-01   1.5272836e-01   4.1371356e-01   1.3829618e-03   1.1794493e-03   3.2449541e-03
   1.1342206e-01   1.9655543e-01   5.6917656e-01   1.1464524e-03   1.0911642e-03   3.5578618e-03
   1.3923749e-01   1.5772871e-01   4.2939950e-01   2.0765697e-03   1.3257696e-03   3.3467870e-03
   1.2799692e-01   1.4085886e-01   5.6246061e-01   2.3009761e-04   1.2460649e-03   3.0154052e-03
   1.2795659e-01   2.4008971e-01   5.1636992e-01   1.5668518e-03   1.2175775e-03   2.9152961e-03
   1.3953711e-01   1.8146602e-01   5.8982552e-01   7.9575643e-04   1.1674081e-03   3.1679741e-03
   1.2901834e-01   2.2120199e-01   4.1429357e-01   1.7614105e-03   1.0198805e-03   3.0279501e-03
   1.5682082e-01   1.8035046e-01   5.3715476e-01   1.5425966e-03   1.6471918e-03   3.6724824e-03
   1.5339760e-01   2.4865160e-01   4.3161835e-01   3.5370174e-03   1.4761266e-03   3.1803736e-03
   1.4085588e-01   1.6855990e-01   6.0929041e-01   7.1661188e-04   1.1633273e-03   3.3679266e-03
   1.4124843e-01   2.3954312e-01   4.5573470e-01   2.4177100e-03   1.0817094e-03   3.4878194e-03
   1.2640072e-01   2.7284739e-01   5.4551211e-01   3.0215364e-03   9.6168003e-04   3.7309230e-03
   1.9292573e-01   8.8307569e-02   5.2472540e-01  -6.0404906e-04   2.1411609e-03   2.4511766e-03
   1.3012064e-01   2.2818153e-01   6.5807048e-01   4.0197941e-04   1.9768498e-03   2.9564834e-03
   1.5352163e-01   1.4459386e-01   4.0087458e-01   2.1900897e-03   2.3598458e-03   2.5508263e-03
   1.5117766e-01   3.1147110e-01   5.9537305e-01   2.3520025e-03   1.9096260e-03   3.3990543e-03
   2.0236222e-01   1.0959217e-01   4.9925203e-01   4.9098887e-04   2.4163267e-03   2.7015954e-03
   1.9564794e-01   2.9525302e-01   5.4935767e-01   2.1614233e-03   2.2001357e-03   3.0977588e-03
   2.2939748e-01   1.5726819e-01   4.6019442e-01   1.4098466e-03   2.4786314e-03   3.0318584e-03
   2.0727919e-01   2.9142013e-01   5.4276488e-01   2.1376338e-03   2.0717156e-03   3.4170386e-03
   2.5064945e-01   1.3645973e-01   4.7287018e-01   1.4858369e-03   2.5926655e-03   3.2043326e-03
   2.4008466e-01   2.5052840e-01   5.2057627e-01   1.8338680e-03   2.3873657e-03   3.2724924e-03
   2.6253315e-01   1.6957430e-01   5.6154738e-01   1.6179356e-03   2.5966667e-03   3.5994115e-03
   2.0600539e-01   3.7171315e-01   6.5190444e-01   3.4052495e-03   3.0350632e-03   4.6533693e-03
   2.1031502e-01   2.3137420e-01   3.4713575e-01   3.3969566e-03   3.1515007e-03   3.8167094e-03
   2.4738253e-01   1.9093056e-01   4.1338885e-01   2.7498122e-03   3.0837211e-03   3.3962832e-03
   2.4742897e-01   2.1775192e-01   4.9481825e-01   2.3433490e-03   2.4881467e-03   3.6139811e-03
   2.7281395e-01   2.0372028e-01   4.4078034e-01   3.0589568e-03   2.5980411e-03   3.5497782e-03
   2.6488952e-01   2.4303599e-01   5.1099740e-01   3.3691808e-03   2.4870690e-03   3.8603972e-03
   2.8358392e-01   2.5806726e-01   3.9887320e-01   5.1872639e-03   2.6420783e-03   3.5010522e-03
   3.0180297e-01   2.6230741e-01   4.2609633e-01   5.9319923e-03   2.7431934e-03   3.5807158e-03
   2.9446461e-01   3.1704636e-01   5.1601706e-01   5.9145385e-03   2.5193651e-03   3.4810967e-03
   2.9533222e-01   2.5243221e-01   4.9493934e-01   5.8581551e-03   2.5546249e-03   3.5645424e-03
   2.6047927e-01   3.4373383e-01   4.7325386e-01   7.2116134e-03   2.2725445e-03   3.7452605e-03
   2.8530403e-01   2.7942502e-01   4.7102853e-01   7.0719994e-03   3.0807323e-03   3.7741352e-03
   2.0494738e-01   2.5502414e-01   1.3007720e-02   7.8782108e-03   4.3931175e-03   2.6739134e-03
   2.2806055e-01   1.6550332e-01   5.3742574e-01   3.1364538e-03   3.8638366e-03   2.0958814e-03
   2.1508182e-01   3.0663730e-01   5.8961991e-01   4.7041825e-03   3.4513297e-03   2.5412500e-03
   2.5449813e-01   1.3452219e-01   5.0834084e-01   3.3493491e-03   3.7586416e-03   2.3445233e-03
   2.4135601e-01   2.9650387e-01   5.6906565e-01   4.6884887e-03   3.3816936e-03   2.3462268e-03
   2.5356087e-01   1.9989402e-01   5.7414178e-01   4.4030628e-03   3.4259446e-03   2.2467894e-03
   2.7901771e-01   2.3525213e-01   5.1893665e-01   5.2620442e-03   3.6221533e-03   2.2737859e-03
   2.6443740e-01   2.7097296e-01   6.4898919e-01   4.7064520e-03   3.1187363e-03   2.7086097e-03
   2.9472851e-01   1.9381224e-01   4.9846916e-01   4.4133015e-03   3.3731093e-03   2.2434125e-03
   2.6014225e-01   2.8274046e-01   6.5446783e-01   4.5802793e-03   3.1334746e-03   2.6730078e-03
   2.8483181e-01   1.8161858e-01   5.3404125e-01   5.1551095e-03   3.4840229e-03   2.3276879e-03
   2.6917500e-01   3.9232814e-02   4.7639875e-01   4.1168559e-03   3.9679463e-03   3.1460113e-03
   2.7495330e-01   1.2495874e-01   1.7759945e-01   8.3637731e-03   3.9638579e-03   2.1511606e-03
   2.3784952e-01  -3.3519803e-02  -4.7191614e-02   5.8880940e-03   3.4053773e-03   1.2305778e-03
   2.3047316e-01   5.9853498e-02   1.4659875e-01   6.6313335e-03   2.4762301e-03   1.6776438e-03
   1.7240225e-01   2.5749048e-01   4.9492118e-01   6.5769408e-03   2.2901152e-03   2.1225287e-03
   1.0736073e-01   2.5738212e-01   1.5297288e-01   6.6786597e-03   3.1666862e-03   2.7499825e-03
   1.6785661e-01   1.8953015e-01   3.3186185e-01   5.7050032e-03   2.9613937e-03   2.0228619e-03
   1.6225393e-01   3.2692755e-01   4.0557289e-01   7.7942459e-03   2.6844670e-03   2.0990794e-03
   2.1436666e-01   1.3288581e-01   4.3917828e-01   5.3752912e-03   3.3096239e-03   1.8031345e-03
   2.0897136e-01   2.3287238e-01   4.2393340e-01   6.2572729e-03   3.3535136e-03   1.8354312e-03
   2.3718034e-01   1.6873200e-01   4.4825717e-01   5.4566860e-03   3.5055331e-03   1.7811393e-03
   2.6109769e-01   1.9599922e-01   3.5560910e-01   5.3955426e-03   3.6734976e-03   1.9438020e-03
   2.5096595e-01   2.5431877e-01   4.9679620e-01   5.4644256e-03   3.3577454e-03   2.3610795e-03
   2.9488362e-01   1.3127003e-01   4.1781148e-01   4.9001594e-03   3.8635140e-03   1.9668934e-03
   2.4764478e-01   2.0303190e-01   5.1213401e-01   5.0620703e-03   3.6888988e-03   2.0469823e-03
   2.9152475e-01   1.3109737e-01   4.6160363e-01   4.7456345e-03   4.3254931e-03   2.3621793e-03
   2.7759171e-01   2.2582310e-01   4.5772035e-01   5.7748315e-03   4.2431679e-03   2.5583816e-03
   2.1238825e-01   2.6528831e-01   5.1283775e-01   8.4706082e-03   3.6129645e-03   3.3161850e-03
   2.2377931e-01   2.8099907e-01   4.3056528e-01   8.9868366e-03   3.4200516e-03   2.8830135e-03
   2.1287404e-01   2.7329660e-01   5.1411606e-01   8.4894303e-03   3.4368628e-03   3.1293721e-03
   2.2599368e-01   2.9521054e-01   4.8294528e-01   8.3080593e-03   3.3944300e-03   2.9678198e-03
   2.2834643e-01   2.8576363e-01   5.8426150e-01   8.1904439e-03   3.5737676e-03   3.4427714e-03
   2.1605126e-01   3.2192262e-01   3.5826975e-01   8.6111797e-03   3.7907876e-03   2.9396678e-03
   1.6746010e-01   3.3169168e-01   5.1247318e-01   8.0947016e-03   2.7225631e-03   3.6056647e-03
   2.2376073e-01   3.4531347e-01   3.8316368e-01   7.9448593e-03   3.2415834e-03   3.3459573e-03
   2.0630755e-01   3.3974258e-01   5.5196458e-01   6.7324804e-03   3.0110921e-03   3.6666450e-03
   2.2759518e-01   2.6271977e-01   3.9204537e-01   7.3318734e-03   3.2603978e-03   3.1841371e-03
   2.0614681e-01   3.3968435e-01   5.2160663e-01   7.1754728e-03   2.8058746e-03   3.6451134e-03
   2.6312178e-01   1.9349739e-01   4.1828839e-01   6.5781912e-03   3.7813152e-03   3.4483942e-03
   2.2996654e-01   3.4185390e-01   4.5372379e-01   7.7506439e-03   3.4325488e-03   3.7863591e-03
   2.8020095e-01   2.2357312e-01   3.9227827e-01   6.8051332e-03   3.9693312e-03   3.7828113e-03
   2.6453750e-01   3.5039360e-01   4.4650111e-01   7.5035839e-03   3.8388651e-03   4.0634127e-03
   2.9219929e-01   2.7529198e-01   4.9976300e-01   8.4536112e-03   4.4129833e-03   4.0736213e-03
   2.4877025e-01   3.2445012e-01   6.3629151e-02   1.6204697e-02   5.2438747e-03   3.5303554e-03
   2.5100585e-01   4.4319076e-01   1.4693572e-01   1.4037208e-02   6.1003847e-03   3.5369162e-03
   1.9784147e-01   5.9648642e-01   6.1297733e-01   1.3467142e-02   4.7126580e-03   3.7226377e-03
   2.4226035e-01   4.2960971e-01   4.5443610e-01   1.2007754e-02   4.9426008e-03   3.3193626e-03
   2.7002088e-01   5.2912086e-01   6.0470405e-01   1.2250432e-02   4.9909534e-03   3.8174273e-03
   3.4349348e-01   2.9219520e-01   5.8602921e-01   9.8547361e-03   5.9410522e-03   3.4937597e-03
   3.7779979e-01   3.9888348e-01   6.7613855e-01   9.9280692e-03   6.4521319e-03   3.8411538e-03
   4.0356499e-01   2.5418184e-01   6.2319059e-01   8.1436946e-03   6.7462431e-03   3.6118612e-03
   3.6798682e-01   3.9283514e-01   6.6011799e-01   9.3082568e-03   6.4184796e-03   4.0652084e-03
   3.7873002e-01   2.7636779e-01   6.4321431e-01   8.7309909e-03   6.5635278e-03   3.8169930e-03
   3.7313641e-01   3.8639119e-01   5.9154263e-01   9.8129952e-03   6.5734752e-03   4.2731748e-03
   3.4408958e-01   3.9386634e-01   6.6352867e-01   1.0063498e-02   6.1819728e-03   4.3875055e-03
   3.0020510e-01   4.3384574e-01   2.5093557e-01   1.7103791e-02   4.8913159e-03   3.8613970e-03
   2.5310215e-01   5.6181263e-01   5.8076728e-01   1.5226425e-02   4.0752933e-03   4.3227659e-03
   3.0826290e-01   4.7653254e-01   4.9358551e-01   1.5482008e-02   5.0115950e-03   3.7372816e-03
   3.0953191e-01   5.4371815e-01   6.6066480e-01   1.4402054e-02   5.2028149e-03   4.0892985e-03
   3.6303210e-01   4.1346125e-01   5.7509156e-01   1.3640934e-02   5.8587112e-03   4.2178945e-03
   3.1759923e-01   5.6133204e-01   6.0729008e-01   1.4311218e-02   5.5111696e-03   4.7639409e-03
   3.6080147e-01   4.2151287e-01   5.0432943e-01   1.4679786e-02   6.4029947e-03   4.6380219e-03
   3.2180467e-01   5.6586110e-01   5.7138375e-01   1.6231576e-02   5.7773069e-03   4.6625503e-03
   3.6280680e-01   1.9486147e-01   5.8748098e-01   7.5108099e-03   6.3400120e-03   3.0907610e-03
   3.7405008e-01   4.5437156e-01   6.0490425e-01   1.0783323e-02   7.2251993e-03   5.3148415e-03
   3.6704408e-01   4.5636971e-01   4.3480204e-01   1.1948558e-02   7.2616996e-03   5.2404250e-03
   3.6276089e-01   5.9323831e-01   5.5748186e-01   1.2664513e-02   6.8839626e-03   5.1280539e-03
   3.4296728e-01   4.9678618e-01   5.9807368e-01   1.1700546e-02   6.6872237e-03   5.5491492e-03
   3.3457616e-01   5.9343688e-01   5.4703081e-01   1.3172527e-02   6.7476840e-03   5.9450383e-03
   3.6163422e-01   4.9572094e-01   6.0016123e-01   1.2666284e-02   7.0694902e-03   5.9881199e-03
   3.8707008e-01   5.4668870e-01   5.1349866e-01   1.4332961e-02   7.5443508e-03   5.3886301e-03
   3.4736484e-01   4.2565082e-01   3.5865695e-01   1.4405346e-02   7.5906363e-03   6.9366800e-03
   3.4883085e-01   4.0581226e-01   3.4035236e-01   1.1829286e-02   7.8789344e-03   6.4600296e-03
   3.7414992e-01   4.3230982e-01   5.1502644e-01   1.2465569e-02   7.6836043e-03   6.2272808e-03
   3.8238952e-01   4.8056554e-01   5.3427018e-01   1.3148354e-02   7.8721778e-03   5.9914826e-03
   3.8448501e-01   4.7399649e-01   6.2050370e-01   1.3054735e-02   7.7493173e-03   6.1985508e-03
   4.0677439e-01   4.2690015e-01   5.3386080e-01   1.4256286e-02   8.1275782e-03   6.0716024e-03
   3.9848038e-01   4.6261890e-01   5.6890781e-01   1.2925571e-02   7.7339228e-03   6.0934601e-03
   4.3559914e-01   4.0249168e-01   5.2703151e-01   1.3477689e-02   8.3393442e-03   5.8815297e-03
   4.0688309e-01   5.2198923e-01   6.2458073e-01   1.4731914e-02   7.9223309e-03   6.0183698e-03
   3.7326620e-01   5.2523560e-01   4.7524682e-01   1.6414900e-02   7.3421012e-03   5.2763479e-03
   3.7535115e-01   4.5914004e-01   6.6012392e-01   1.3358115e-02   7.2576209e-03   5.7666422e-03
   3.9553354e-01   5.5083560e-01   5.8590995e-01   1.4834733e-02   7.6243811e-03   5.8454240e-03
   3.9824014e-01   4.4999939e-01   6.7209949e-01   1.3272358e-02   7.8271683e-03   6.3854737e-03
   3.7633489e-01   5.7139497e-01   5.6336592e-01   1.5865384e-02   7.7880227e-03   6.2538998e-03
   3.8419231e-01   4.6940860e-01   6.6336997e-01   1.5192171e-02   7.6997453e-03   6.4973757e-03
   3.4418421e-01   5.9234445e-01   4.3516220e-01   1.8515923e-02   8.2316487e-03   6.6661105e-03
   3.1811342e-01   2.9778707e-01   3.3140195e-01   1.1158981e-02   1.0755080e-02   6.9977899e-03
   2.7922952e-01   4.7807996e-01   9.8841644e-01   1.0847406e-02   8.3545525e-03   6.1918450e-03
   2.8627611e-01   4.3584266e-01   7.3106408e-01   1.3087827e-02   8.0311931e-03   5.4635294e-03
   2.5729328e-01   5.2553502e-01   9.3440178e-01   1.2925430e-02   7.4853298e-03   6.3414929e-03
   2.9135849e-01   4.3032416e-01   7.5272035e-01   1.2810802e-02   7.9921091e-03   5.9912508e-03
   2.6785724e-01   5.5918713e-01   9.2609868e-01   1.3016975e-02   7.4021124e-03   6.9006812e-03
   3.0326151e-01   4.1386963e-01   8.0295758e-01   1.3402979e-02   8.0281052e-03   6.7466540e-03
   2.6458049e-01   6.0408279e-01   8.3095664e-01   1.5936499e-02   7.2946171e-03   7.0278751e-03
   2.4635135e-01   3.9540391e-01   4.4451705e-01   1.4587437e-02   6.7037125e-03   6.1721645e-03
   2.1529794e-01   5.2999648e-01   8.2982883e-01   1.1438908e-02   6.2164665e-03   5.0770825e-03
   1.7469227e-01   6.5677374e-01   8.0372041e-01   1.3977706e-02   5.5710422e-03   5.3389939e-03
   1.9244208e-01   5.0062241e-01   8.0271178e-01   1.2697298e-02   5.7241982e-03   5.3543106e-03
   2.1484473e-01   6.1551286e-01   7.8341586e-01   1.3921331e-02   6.0768041e-03   5.1651669e-03
   2.2111768e-01   5.0324657e-01   8.9745067e-01   1.2249790e-02   5.9168461e-03   5.8610180e-03
   2.4382231e-01   5.4246487e-01   8.0731613e-01   1.3353896e-02   6.3644297e-03   5.8537911e-03
   2.5008602e-01   5.4804296e-01   9.9105527e-01   1.2899594e-02   6.6955627e-03   6.0844477e-03
   2.6793661e-01   5.3913069e-01   7.8133744e-01   1.4122144e-02   7.0973287e-03   5.7362482e-03
   2.6289475e-01   5.3154872e-01   9.4353885e-01   1.3032081e-02   7.0639256e-03   6.0959106e-03
   2.7035696e-01   5.0151081e-01   7.6294440e-01   1.3832879e-02   7.3387568e-03   6.0395932e-03
   2.5488263e-01   5.9744267e-01   8.7202462e-01   1.4610155e-02   6.8852649e-03   6.4316324e-03
   2.7718222e-01   4.5711133e-01   7.6568911e-01   1.4090066e-02   7.3069306e-03   6.2529921e-03
   2.6324658e-01   6.0072171e-01   8.9611228e-01   1.4032092e-02   6.8852845e-03   6.3611727e-03
   2.8698379e-01   4.6775010e-01   8.2077171e-01   1.2995308e-02   7.0556522e-03   6.6478194e-03
   2.7398433e-01   6.0500586e-01   8.3604216e-01   1.4294993e-02   6.9687981e-03   6.7758886e-03
   2.8015560e-01   5.0295236e-01   8.3012757e-01   1.3516549e-02   7.1017633e-03   6.6859472e-03
   2.8598473e-01   5.7969138e-01   7.7449951e-01   1.4233580e-02   7.2192941e-03   6.8317561e-03
   2.7971928e-01   6.1170255e-01   9.1642144e-01   1.4715942e-02   7.3878504e-03   7.2607154e-03
   2.7205406e-01   4.7507979e-01   4.7328522e-01   1.1277484e-02   7.3480528e-03   6.5322699e-03
   2.4558421e-01   6.0805100e-01   8.8213156e-01   1.3130139e-02   6.6965711e-03   6.8815451e-03
   2.7584839e-01   4.7544150e-01   7.5612859e-01   1.3125870e-02   7.1464445e-03   6.9708463e-03
   2.5024655e-01   6.0347475e-01   7.7942328e-01   1.4123619e-02   6.9108988e-03   7.2356981e-03
   2.6151880e-01   5.5214775e-01   7.2777492e-01   1.4568317e-02   6.9293558e-03   7.3527919e-03
   2.5257143e-01   5.9221576e-01   6.7448571e-01   1.4371754e-02   6.7069655e-03   6.5556670e-03
   2.0876064e-01   5.8907142e-01   9.4373771e-01   1.3405897e-02   6.1278203e-03   7.3968682e-03
   2.3619200e-01   5.9463399e-01   7.8989560e-01   1.5088740e-02   6.5918228e-03   7.2092858e-03
   2.3310781e-01   6.6242502e-01   7.1773682e-01   1.7134043e-02   6.4378298e-03   7.0538961e-03
   2.0598306e-01   5.9094817e-01   7.3816398e-01   1.6035250e-02   6.3778188e-03   7.1155136e-03
   1.7277032e-01   9.7129417e-01   9.6955755e-01   1.9997159e-02   6.6956115e-03   7.3960216e-03
   1.6796478e-01   6.9931666e-01   1.1925007e+00   1.4204750e-02   7.3259811e-03   5.8869964e-03
   1.0881666e-01   7.0579338e-01   1.2271210e+00   1.4758727e-02   6.2562961e-03   5.9678696e-03
   1.2263410e-01   5.9695095e-01   1.1444695e+00   1.5421682e-02   6.1542591e-03   5.4530573e-03
   9.3918905e-02   7.3934995e-01   1.2615432e+00   1.5667241e-02   5.6542389e-03   5.7622062e-03
   1.1182849e-01   6.4368035e-01   1.1360703e+00   1.7138154e-02   5.9527962e-03   5.1618673e-03
   9.8190436e-02   5.2224326e-01   1.4637913e+00   1.5404410e-02   6.5309363e-03   6.6937584e-03
   1.9750369e-01   4.6972748e-01   8.6366278e-01   1.7362313e-02   7.3128852e-03   5.8861258e-03
   1.9874962e-01   5.3162906e-01   7.7252273e-01   1.9339312e-02   6.4581461e-03   6.9758693e-03
   2.1936334e-01   4.4720871e-01   9.2422879e-01   1.3508544e-02   7.1313185e-03   4.8391444e-03
   1.7150819e-01   4.5011242e-01   1.1017811e+00   1.3155500e-02   6.3708977e-03   4.6956057e-03
   1.6973822e-01   6.1305399e-01   1.2368155e+00   1.4802192e-02   5.9001868e-03   5.4869322e-03
   2.0488126e-01   4.8149571e-01   1.1455874e+00   1.4316284e-02   6.3106487e-03   5.7512497e-03
   2.0084639e-01   5.8998709e-01   1.2425448e+00   1.4941889e-02   6.3634868e-03   6.0513545e-03
   2.2827782e-01   4.7975708e-01   1.1635541e+00   1.5853660e-02   6.8597877e-03   6.1785405e-03
   1.9092875e-01   6.3516691e-01   1.2501272e+00   1.7255227e-02   5.7489239e-03   6.7625728e-03
   2.0998339e-01   5.5039293e-01   1.1421871e+00   1.7969480e-02   6.2499395e-03   6.4899706e-03
   1.7471696e-01   6.2607001e-01   1.2072360e+00   1.8287840e-02   5.4939753e-03   6.6363494e-03
   2.1023390e-01   5.2265786e-01   1.1354489e+00   1.8629029e-02   6.1384098e-03   6.7594283e-03
   1.7506515e-01   7.5810521e-01   1.3301657e+00   2.1151490e-02   5.4749518e-03   7.6429723e-03
   1.5455481e-01   6.6011005e-01   9.6025678e-01   1.8139519e-02   5.1610221e-03   6.2759965e-03
   1.8535701e-01   6.1364714e-01   1.2067177e+00   1.9013689e-02   5.4149969e-03   5.7584105e-03
   1.6449148e-01   7.0489904e-01   1.3360701e+00   1.9719780e-02   4.9524065e-03   6.8326721e-03
   2.0074033e-01   6.3698984e-01   1.2109235e+00   2.0102941e-02   5.2774199e-03   7.2325159e-03
   1.9134659e-01   7.3850160e-01   1.2067165e+00   2.1022608e-02   5.2817950e-03   7.2046084e-03
   2.0654278e-01   6.5716263e-01   1.2168858e+00   2.0237797e-02   5.5435584e-03   7.0330558e-03
   1.9144382e-01   7.1785765e-01   1.0528185e+00   2.2689349e-02   5.2752396e-03   7.1390840e-03
   1.7103289e-01   6.5239404e-01   1.2584149e+00   1.9866076e-02   5.0870371e-03   7.3611204e-03
   1.7085680e-01   5.9694891e-01   1.3557750e+00   1.8550075e-02   5.5639271e-03   6.0819790e-03
   1.3355732e-01   6.2622972e-01   1.4243868e+00   1.9935890e-02   4.8027672e-03   6.7534878e-03
   9.2067041e-02   8.5530496e-01   1.4345801e+00   2.1782055e-02   5.1024480e-03   6.3673009e-03
   6.6290122e-02   6.3821392e-01   1.0040117e+00   1.6920763e-02   5.3132287e-03   5.9404058e-03
   1.0374451e-01   6.6092285e-01   1.2179074e+00   1.9238115e-02   4.6740175e-03   5.5422318e-03
   1.0548581e-01   6.5387886e-01   1.2764649e+00   2.1638415e-02   4.0736565e-03   6.4556405e-03
   7.7604961e-02   7.5959553e-01   1.3738377e+00   2.1990770e-02   3.0177111e-03   6.1630623e-03
   8.6004810e-02   6.9444076e-01   1.3342353e+00   2.1621894e-02   2.9490107e-03   6.1488435e-03
   7.9977970e-02   7.6852510e-01   1.3160050e+00   2.1665093e-02   2.7846062e-03   6.3116599e-03
   8.9242707e-02   7.6824124e-01   1.3273072e+00   2.2020080e-02   3.0755344e-03   6.0194363e-03
   1.0157795e-01   7.6816080e-01   1.3409602e+00   2.2107146e-02   2.9511802e-03   6.3598159e-03
   1.2182787e-01   7.7571045e-01   1.3510086e+00   2.2545930e-02   3.1776527e-03   6.6972909e-03
   6.4750099e-02   8.6799200e-01   1.3193627e+00   2.6496072e-02   1.6367843e-03   7.1815495e-03
   4.4748067e-02   7.7454264e-01   1.2589830e+00   2.4257158e-02   1.5018922e-03   7.4215076e-03
   3.7777601e-02   8.8447784e-01   1.3192915e+00   2.4308830e-02   2.0653223e-03   6.9853870e-03
   5.8318586e-02   7.5656758e-01   1.3485131e+00   2.3070462e-02   2.1872323e-03   6.9918712e-03
   3.3944041e-02   8.5199725e-01   1.2603375e+00   2.4420518e-02   2.3206705e-03   6.8817500e-03
  -8.8514573e-03   8.8497819e-01   1.3911777e+00   2.4112550e-02   1.8633337e-03   7.5705159e-03
  -1.5854087e-03   8.3379623e-01   1.0884135e+00   2.3581896e-02   2.3952358e-03   7.1317639e-03
  -5.5062549e-02   1.0075237e+00   1.2531385e+00   2.6731997e-02   1.2289698e-03   7.7662706e-03
  -5.0909324e-02   8.2139740e-01   7.4266871e-01   2.7144348e-02   1.6078027e-03   7.8340829e-03
  -8.0189970e-02   1.0202283e+00   1.2427767e+00   2.6604694e-02   8.7210599e-04   7.1408233e-03
  -9.2579259e-02   8.7091710e-01   1.0413240e+00   2.9830928e-02   6.7228193e-04   7.6360032e-03
  -9.5076565e-02   9.3144223e-01   1.1537154e+00   2.5799176e-02   6.4391019e-04   7.8938145e-03
  -2.3891364e-02   8.0591982e-01   1.2372328e+00   2.4036426e-02   1.3457707e-03   7.4445348e-03
  -4.4589614e-02   9.3699481e-01   1.2326300e+00   2.5755228e-02   1.0906419e-03   7.6644498e-03
   4.8395656e-02   3.2867801e-01   1.2886022e+00   1.2867135e-02   3.5967251e-03   5.4366982e-03
   3.5073802e-02   4.5986429e-01   1.1688978e+00   1.3940218e-02   3.5512045e-03   5.3547787e-03
  -1.6428656e-02   5.6336974e-01   1.3873495e+00   1.6634760e-02   2.5186037e-03   6.2076018e-03
  -8.4570183e-03   6.6563649e-01   1.1546694e+00   2.0537661e-02   1.6670104e-03   7.0342928e-03
  -4.0000982e-02   7.9346559e-01   1.3748889e+00   2.0801828e-02   1.0431428e-03   7.5492731e-03
   8.2523558e-03   7.0574888e-01   1.2121007e+00   2.1935586e-02   1.7517350e-03   7.1605407e-03
  -8.4021218e-02   6.4277327e-01   7.8908776e-01   2.2539716e-02   1.6278249e-03   6.7409083e-03
   7.8911982e-02   1.4606712e-01   1.0732943e+00   7.1650595e-03   3.9512041e-03   3.9976118e-03
  -8.6348084e-02   5.0839945e-01   1.2690930e+00   1.5845890e-02   1.0711228e-03   5.9070080e-03
  -1.6071306e-01   6.1201866e-01   1.0633469e+00   2.3303327e-02  -9.0343420e-06   6.6943956e-03
  -1.8620578e-01   6.5717091e-01   1.2428234e+00   1.7713877e-02   2.7206760e-04   6.5028936e-03
