   0.0000000e+00   0.0000000e+00  -1.4210855e-14   0.0000000e+00   0.0000000e+00   0.0000000e+00
   1.0150494e-03   7.1052205e-02   1.7932848e-01   1.0132185e-03  -8.9347963e-05  -6.1968734e-05
   1.7323568e-02  -5.2967572e-02   1.0290559e-01   2.1693043e-03  -1.1862926e-03   3.6686310e-04
  -6.2999796e-03   9.2662412e-02   4.8969232e-01   2.1379629e-03  -1.3710797e-03   3.8308820e-05
   1.3141948e-02   1.3180188e-02   4.1242595e-01   3.3925560e-03  -1.1328679e-03  -2.4691250e-04
  -4.6451803e-02   1.6129592e-02   3.2269785e-01   2.5955871e-03  -2.0587287e-03  -7.1748051e-04
  -3.0893075e-02   1.0356621e-01   3.4756196e-01   4.3546624e-03  -2.2716840e-03  -1.1909427e-03
  -6.3636580e-02   8.4616779e-02   4.1175515e-01   2.8147468e-03  -2.6020682e-03  -1.0206014e-03
  -6.4502080e-02   8.4686187e-02   3.5924043e-01   4.4508811e-03  -2.6787440e-03  -8.5444893e-04
  -8.4113812e-02   5.3750468e-02   3.5625098e-01   4.0831796e-03  -3.1289531e-03  -7.8720422e-04
  -8.1214987e-02   6.9678319e-02   4.0053219e-01   4.2659835e-03  -2.8744590e-03  -9.1354955e-04
  -7.5483287e-02   7.2159138e-02   4.7335433e-01   3.2413836e-03  -2.5630547e-03  -1.1245469e-03
  -9.8389782e-02   5.5719753e-02   3.6564086e-01   4.6267557e-03  -2.8510764e-03  -9.5163144e-04
  -9.8109596e-02   4.2253587e-02   4.0523531e-01   3.2247645e-03  -3.0319664e-03  -1.0771785e-03
  -1.1565721e-01   8.4370057e-02   4.5048764e-01   4.6044323e-03  -2.9020056e-03  -1.2082538e-03
  -9.4562355e-02   7.8600702e-03   4.0042900e-01   3.0977368e-03  -2.7289327e-03  -1.1081047e-03
  -9.1241964e-02   1.0790392e-01   4.8510029e-01   4.9727073e-03  -2.5074089e-03  -1.3029293e-03
  -8.3816880e-02  -5.5859610e-04   3.9918197e-01   3.3405368e-03  -2.4311170e-03  -1.1284713e-03
  -9.8392751e-02   7.4880196e-02   4.5195655e-01   4.6133062e-03  -2.5976448e-03  -1.0472798e-03
  -9.1126874e-02   8.7550690e-03   4.2046049e-01   3.3245418e-03  -2.4037625e-03  -1.1079395e-03
  -7.9364122e-02   7.5232181e-02   4.1618003e-01   4.2936433e-03  -2.0771220e-03  -1.1433732e-03
  -7.1373304e-02  -1.0027820e-03   3.5046089e-01   4.7966683e-03  -1.7550048e-03  -6.6527597e-04
  -4.5993889e-02   1.2401469e-01   4.7610419e-01   4.3549259e-03  -1.4184129e-03  -9.2393994e-04
  -7.9372277e-02   1.0515975e-03   2.9646692e-01   3.4158810e-03  -1.6433966e-03  -7.7706392e-04
  -6.5683420e-02   1.0158496e-01   4.4315228e-01   5.5054170e-03  -1.5953825e-03  -5.6593114e-04
  -6.3212011e-02  -1.6457794e-02   3.2305010e-01   4.1179464e-03  -1.6987064e-03  -7.6621494e-04
  -9.3322340e-02   7.6424715e-02   4.6760972e-01   5.4669753e-03  -1.9235506e-03  -7.2496591e-04
  -7.4657403e-02  -3.4721023e-02   3.6540524e-01   4.1814156e-03  -1.7962241e-03  -8.4108978e-04
  -9.7127384e-02   8.7240053e-02   4.7917981e-01   5.4215529e-03  -1.9617588e-03  -6.9736084e-04
  -9.8311493e-02   3.5861035e-03   4.2259860e-01   4.3670469e-03  -1.8469721e-03  -7.2516492e-04
  -1.1086907e-01   7.7422860e-02   4.3351212e-01   5.3356932e-03  -2.0490350e-03  -6.4473305e-04
  -8.9013240e-02   3.6460911e-02   3.8508251e-01   4.7729996e-03  -1.9636097e-03  -8.4009206e-04
  -9.5915857e-02   7.8179187e-02   3.7430636e-01   5.7057249e-03  -2.1531529e-03  -5.1924200e-04
  -1.0716944e-01   4.8625218e-02   4.1763705e-01   4.7001841e-03  -2.4667297e-03  -2.3679687e-04
  -6.4328354e-02   5.0985148e-02   3.5614096e-01   5.2447208e-03  -1.7699816e-03  -5.9660284e-04
  -8.0053870e-02   9.2679967e-02   4.3965901e-01   5.2781698e-03  -2.3449636e-03  -2.8454576e-04
  -6.4219649e-02   2.5564091e-04   3.3804922e-01   4.4877438e-03  -2.6954844e-03  -1.7729036e-04
  -5.1818888e-02   9.7271500e-02   2.0705299e-01   6.3667349e-03  -2.5055127e-03   3.6869709e-05
   2.3405353e-02   5.3315842e-02  -1.8776390e-01   6.8780947e-03  -1.2964830e-03   3.6315726e-04
   2.3442478e-02   3.8747347e-03  -5.1870305e-02   5.5448128e-03  -1.3805453e-03   9.0100980e-04
  -1.0486823e-02   1.1313828e-01   1.5560464e-01   6.1926204e-03  -1.7663888e-03   1.1507400e-03
  -2.7045819e-02   3.2402679e-02   4.0514113e-02   5.6925974e-03  -2.0358209e-03   1.2176527e-03
  -5.7344929e-02   1.5512552e-01   2.9997008e-01   6.5557542e-03  -2.1277026e-03   1.2773450e-03
  -7.4472460e-02   3.0690756e-02   1.3251211e-01   6.8758869e-03  -2.7305638e-03   1.7221859e-03
  -7.3591919e-02   1.1134239e-01   2.8864521e-01   6.7938647e-03  -2.6752910e-03   1.5532012e-03
  -8.1345752e-02   1.5846459e-02   1.6043272e-01   7.0094654e-03  -2.3452124e-03   1.3992846e-03
  -7.9688655e-02  -1.4445545e-02   1.3797002e-01   5.0653801e-03  -2.2939808e-03   1.8966439e-03
  -1.3997771e-02   1.7811416e-01   6.7285652e-01   5.3593736e-03  -3.3402164e-03   1.9895552e-03
  -3.0731666e-03   1.4659095e-01   3.6020167e-01   7.1150028e-03  -2.9550244e-03   2.0579211e-03
  -1.1653351e-01   5.7781991e-02   6.8392823e-02   3.6222572e-03  -2.7020828e-03   2.7268066e-03
  -1.0064946e-01   1.4372357e-01   3.0246603e-01   4.3608192e-03  -2.5381212e-03   3.1834223e-03
  -1.3755534e-01   3.7389874e-04   1.7554132e-01   4.0154486e-03  -2.5285317e-03   3.6664047e-03
  -1.4301311e-01   8.5851606e-02   3.0129277e-01   4.6762686e-03  -2.5018651e-03   3.7028803e-03
  -1.4294494e-01   2.4948087e-02   2.0263586e-01   5.2295291e-03  -2.3569872e-03   3.8008709e-03
  -1.5223543e-01   1.0203418e-01   2.7888152e-01   4.0873726e-03  -2.2674339e-03   3.9900928e-03
  -1.4974912e-01   5.1850754e-02   2.1517457e-01   4.4028190e-03  -2.3759150e-03   4.1061294e-03
  -1.3423339e-01   3.2312562e-03   1.8699029e-01   3.6145416e-03  -2.1066203e-03   4.1053244e-03
  -1.4613843e-01   4.7980699e-02   2.9914393e-01   4.3223326e-03  -2.1894899e-03   4.2360828e-03
  -1.5386155e-01   7.1354395e-03   2.5768632e-01   4.6794246e-03  -2.1088141e-03   4.3820978e-03
  -1.6498103e-01   4.5045123e-02   3.3147143e-01   4.5535542e-03  -2.2808532e-03   4.2429497e-03
  -1.1696716e-01   4.8614832e-02   2.1092456e-01   5.4833433e-03  -1.7710613e-03   3.7165776e-03
  -1.0336601e-01   2.5559294e-02   1.7259765e-01   3.8160723e-03  -1.4769865e-03   4.2418287e-03
  -7.6819403e-02  -2.5197543e-03   2.0121625e-01   4.5270421e-03  -1.3045382e-03   4.3823053e-03
  -9.7108645e-02   8.0533353e-02   3.1959763e-01   3.8350075e-03  -1.6352757e-03   4.8742438e-03
  -1.2284264e-01   4.2207805e-02   2.5489216e-01   5.0882028e-03  -2.3602275e-03   5.2066822e-03
  -1.2519985e-01   3.7353653e-02   2.4373718e-01   3.2426150e-03  -1.9602484e-03   5.3870260e-03
  -1.1072277e-01   8.6904208e-02   2.4622827e-01   5.0668646e-03  -2.0527301e-03   5.4118852e-03
  -1.1123478e-01   6.4972403e-03   1.3408338e-01   5.3761125e-03  -2.0540274e-03   5.1824280e-03
  -1.1519952e-01   4.9564458e-02   2.7924312e-01   3.9296810e-03  -2.1869390e-03   5.3825924e-03
  -9.9103271e-02   5.8221807e-02   2.8312305e-01   4.8336404e-03  -1.9902204e-03   5.2732803e-03
  -9.9722262e-02   5.1181569e-02   2.6303722e-01   3.2546946e-03  -1.7395609e-03   5.2057866e-03
  -1.1785577e-01   7.8008604e-02   2.1262517e-01   4.7710166e-03  -1.7954976e-03   5.2522777e-03
  -1.0390403e-01   4.5004735e-02   2.2210791e-01   3.0229449e-03  -1.7682884e-03   5.3114286e-03
  -1.0180222e-01   6.1612431e-02   2.2431136e-01   4.4510921e-03  -1.9891124e-03   5.4245484e-03
  -9.1832028e-02   1.9197041e-03   2.4812355e-01   3.1847119e-03  -1.8724297e-03   5.2224233e-03
  -1.2256490e-01   1.0561780e-01   3.0301296e-01   4.9292578e-03  -2.3840263e-03   5.6093563e-03
  -9.8538254e-02   4.0860446e-03   2.2038710e-01   3.6979562e-03  -1.8307787e-03   5.6873150e-03
  -1.1615052e-01   8.6819060e-02   3.2470156e-01   3.8565640e-03  -1.8567105e-03   5.7097737e-03
  -1.0218733e-01  -2.9663087e-02   1.9121142e-01   3.4399321e-03  -1.8043942e-03   5.7642287e-03
  -8.5544531e-02   7.9671595e-02   3.5566378e-01   3.5465634e-03  -1.6353990e-03   6.1193280e-03
  -9.5508888e-02   8.3173721e-03   1.8966466e-01   3.5315909e-03  -1.8301695e-03   6.1853612e-03
  -8.5059160e-02   2.1554712e-02   2.2407623e-01   1.7894164e-03  -1.7860709e-03   6.2135025e-03
  -7.5281017e-02   6.1309742e-02   2.2572435e-01   2.6925374e-03  -1.8853559e-03   6.2259089e-03
  -7.9795028e-02  -1.1809728e-02   2.2738386e-01   1.7025657e-03  -1.8628727e-03   5.9749600e-03
  -4.3919346e-02   2.7152975e-02   1.8894268e-01   2.4592473e-03  -1.7887656e-03   6.4743611e-03
  -6.5649709e-02   6.5031200e-02   2.4933896e-01   2.5068706e-03  -1.7026844e-03   6.6079637e-03
  -9.3687108e-02  -2.4828327e-02   1.1835423e-01   1.2312155e-03  -1.8329980e-03   6.7228053e-03
  -6.4582769e-02   1.0356920e-01   2.4188943e-01   1.9197725e-03  -1.3612805e-03   6.6959318e-03
  -9.8779707e-02  -3.4996079e-02   1.0401512e-01   1.9858289e-03  -1.7527903e-03   6.7254787e-03
  -1.0138728e-01   4.3255109e-02   3.0793345e-01   1.0394691e-03  -1.6428883e-03   6.7064351e-03
  -9.8969421e-02  -1.4763481e-02   2.1368565e-01   2.1727832e-03  -1.9946058e-03   6.7119544e-03
  -8.3574593e-02   3.6196406e-02   2.5863433e-01   2.2213468e-03  -1.6282358e-03   6.2726012e-03
  -1.0413295e-01  -1.7113750e-02   1.7433402e-01   1.7094325e-03  -1.9475188e-03   6.5517942e-03
  -1.1768515e-01   5.7247590e-02   2.9722982e-01   1.3453087e-03  -2.0382596e-03   6.5254772e-03
  -1.0940994e-01  -2.6274013e-02   1.6580520e-01   9.5989498e-04  -2.1409015e-03   6.5968691e-03
  -1.1342807e-01   5.4526806e-02   2.7613226e-01   1.5784722e-03  -2.0913993e-03   6.6091393e-03
  -1.1990393e-01  -2.8479497e-02   1.4778856e-01   1.6674843e-03  -1.8783476e-03   6.5929904e-03
  -1.0880230e-01   7.0714830e-02   3.2439199e-01   1.2266599e-03  -1.6675686e-03   6.9226863e-03
  -1.1264934e-01  -2.9638839e-02   1.8130701e-01   2.0344350e-03  -1.6749404e-03   7.3545822e-03
  -4.4853864e-02   5.9052822e-02   3.6799236e-01   2.4833143e-03  -1.4649115e-03   6.5073705e-03
  -5.3985172e-02  -3.0127823e-02   8.5221732e-02   1.6956826e-03  -2.4291706e-04   6.8052225e-03
  -3.7177131e-02   3.6905145e-02   1.5480571e-01   1.2614933e-03  -1.8810757e-04   6.7994210e-03
  -4.5670320e-02  -3.4095791e-02   1.4063753e-01   9.8264808e-04  -7.0673552e-04   6.9984543e-03
  -6.0092462e-02   5.6200813e-02   2.9555401e-01   2.2197753e-03  -1.0509597e-03   6.9629519e-03
  -6.9145559e-02  -4.9780758e-02   1.6809495e-01   1.0552683e-03  -1.2587897e-03   7.2709411e-03
  -7.0799767e-02   6.3521713e-02   2.6936370e-01   2.7186717e-03  -1.3221078e-03   7.1638820e-03
  -1.0206608e-01  -5.6231380e-02   1.9967154e-01   1.6449208e-03  -1.4018336e-03   7.3195022e-03
  -1.1337271e-01   4.2152143e-02   3.4576004e-01   2.5667868e-03  -1.4409404e-03   7.4915632e-03
  -1.0660949e-01  -4.5072612e-02   2.5068242e-01   1.9540716e-03  -1.5094206e-03   7.6673573e-03
  -8.4450145e-02   3.2188051e-02   3.3237261e-01   1.7840636e-03  -1.4112442e-03   7.5583977e-03
  -9.3821079e-02  -4.3998317e-02   2.5813472e-01   2.1896683e-03  -1.6973515e-03   7.7726357e-03
  -9.7447350e-02   7.5435422e-02   3.6634763e-01   2.9877196e-03  -1.9365422e-03   7.6625452e-03
  -6.4076724e-02  -2.0030591e-02   8.5526715e-02   3.1832129e-03  -1.5291259e-03   6.8877717e-03
  -6.2367968e-02  -9.8363295e-04   3.6238432e-01   5.6852418e-04  -2.5595008e-03   7.1843305e-03
  -8.7753606e-03   1.5148221e-01   3.8738617e-01   5.0739355e-03  -5.3850986e-04   5.8823764e-03
  -1.4137838e-02  -1.5943549e-02   6.2238785e-02   4.1576963e-03  -3.1216576e-04   6.4914171e-03
  -3.2098663e-02   1.2721394e-01   3.0774036e-01   3.5368652e-03  -9.7617639e-04   6.6607658e-03
  -3.0230197e-02   3.9541478e-02   2.0496600e-01   4.3737919e-03  -5.1702997e-04   7.0039837e-03
  -4.3550801e-02   8.3629249e-02   2.3884129e-01   5.6240954e-03  -4.5981552e-04   7.1903766e-03
  -5.3156555e-02   7.6892763e-02   3.7528306e-01   2.7795765e-03  -6.7676191e-04   7.2873979e-03
  -6.7085121e-02   2.7501867e-02   2.7032076e-01   4.1701681e-03  -7.8671688e-04   7.2923113e-03
  -9.0107544e-02   2.5540000e-02   2.7584233e-01   2.7379954e-03  -1.0564752e-03   7.5667329e-03
  -5.1963419e-02   1.0366198e-01   3.5627885e-01   3.8024421e-03  -6.6032449e-04   7.1604249e-03
  -8.3926718e-02  -2.8431107e-02   1.8878580e-01   3.6398990e-03  -1.1176611e-03   7.4314638e-03
  -8.7096245e-02   5.8307602e-02   3.1673758e-01   2.6051370e-03  -1.0324444e-03   7.2253857e-03
  -8.6644374e-02   3.4569432e-02   2.1796783e-01   3.6992292e-03  -9.2050309e-04   7.5388414e-03
  -7.5303472e-02   3.1886716e-03   2.1916137e-01   3.6127966e-03  -8.0639338e-04   7.6446298e-03
  -8.2859142e-02   1.0570889e-02   2.4012945e-01   2.7493732e-03  -8.5588862e-04   7.6730730e-03
  -5.0334895e-02   8.5088653e-02   3.8383012e-01   2.2529949e-03  -1.3620438e-04   7.2871517e-03
  -1.7759222e-02   3.0830362e-03   2.2112552e-01   3.3305875e-03  -3.2892255e-04   7.2231523e-03
  -2.1656620e-02   5.5879887e-02   3.5641130e-01   2.6043680e-03  -3.3033785e-04   6.6078626e-03
  -3.3870377e-02   2.7327783e-02   2.6549055e-01   3.4811357e-03  -2.5530205e-04   6.6838641e-03
  -4.3950830e-02   8.2730251e-02   3.6120692e-01   3.7155240e-03  -5.3751513e-04   6.5896705e-03
  -5.4641608e-02   5.1336770e-02   3.2284385e-01   3.2816674e-03  -6.1225287e-04   6.6769580e-03
  -5.3715953e-02   6.6461567e-03   2.9888562e-01   2.5753887e-03  -5.0037178e-04   6.9387103e-03
  -4.4039201e-02   6.7418486e-02   4.2013789e-01   2.9373662e-03  -5.3176179e-04   6.9108511e-03
  -4.6867986e-02   8.0611689e-03   2.9585627e-01   3.5054284e-03  -5.9034339e-04   6.8248211e-03
  -6.1668003e-02   6.3550659e-02   4.4195898e-01   2.2683918e-03  -6.3020406e-04   6.7907227e-03
  -4.7076701e-02   7.0341504e-02   3.4471156e-01   3.8178476e-03  -4.5888056e-04   7.1740757e-03
  -3.4409365e-02  -1.9572117e-03   3.1808936e-01   3.9400284e-03  -1.8418080e-04   6.9139536e-03
  -5.8946722e-02   7.2227714e-02   4.0635414e-01   3.2967644e-03  -5.4891346e-04   7.1399178e-03
  -5.5892270e-02   2.7057940e-02   3.5315288e-01   3.5615438e-03  -3.7972496e-04   7.1048943e-03
  -7.3413940e-02   5.7779002e-02   4.3285208e-01   3.4741177e-03  -3.6929502e-04   6.9538740e-03
  -8.6225846e-02   5.2193321e-02   3.9692412e-01   3.5093415e-03  -5.1204341e-04   7.0814352e-03
  -8.7483416e-02   1.0084436e-02   3.5502101e-01   2.1987376e-03  -4.9770282e-04   7.0365569e-03
  -4.4308586e-02   1.0008661e-01   4.9072637e-01   3.1434390e-03  -2.5040065e-04   6.7761701e-03
  -8.2117870e-02  -2.5395567e-02   3.1774313e-01   2.6555572e-03  -1.5573999e-04   6.8920304e-03
  -1.1467267e-01   9.0330302e-02   4.9571619e-01   3.1314220e-03  -2.5727739e-04   6.9098141e-03
  -1.2422733e-01   9.5168046e-03   3.7687917e-01   3.6429592e-03  -1.8677971e-04   7.0152048e-03
  -1.3720995e-01   1.2802978e-02   3.6084630e-01   2.7898484e-03  -2.3568039e-04   7.2220965e-03
  -1.3303292e-01   8.6974309e-02   4.7357251e-01   3.8321631e-03  -4.1357900e-04   6.9543509e-03
  -1.5273715e-01  -1.9322736e-02   3.3054322e-01   2.8546784e-03  -4.8625173e-04   6.8840130e-03
  -1.2790997e-01   1.0080245e-01   5.0367535e-01   3.0986163e-03  -5.4214716e-04   6.6319049e-03
  -1.4185448e-01   1.2040203e-02   3.6465432e-01   3.5834607e-03  -8.1231273e-04   6.6989727e-03
  -1.7627785e-01   6.3954467e-02   4.9748287e-01   2.2286300e-03  -7.4183964e-04   6.6662829e-03
  -1.7543832e-01   5.9297401e-02   4.4643258e-01   3.7247175e-03  -8.6746920e-04   6.7085012e-03
  -1.9038972e-01   2.4202767e-03   3.9942935e-01   3.0255082e-03  -8.5024242e-04   6.8196046e-03
  -1.5695738e-01   1.0364114e-01   5.1318987e-01   2.7150260e-03  -5.1228153e-04   6.7947653e-03
  -1.5990028e-01  -9.3173442e-03   3.5160655e-01   3.4545081e-03  -6.0103697e-04   6.9621155e-03
  -2.0560801e-01   4.7893437e-02   4.5902353e-01   2.4826823e-03  -1.0889623e-03   6.8797976e-03
  -2.0309244e-01   5.8902145e-02   4.0319582e-01   3.7992266e-03  -1.0126238e-03   7.0214378e-03
  -2.1441882e-01   1.2874986e-02   4.2072738e-01   2.3943868e-03  -1.0079898e-03   7.1604772e-03
  -2.0837595e-01   7.1886740e-02   4.8177108e-01   3.3631595e-03  -1.1166508e-03   7.0978530e-03
  -2.1490057e-01  -1.0639206e-02   3.8234987e-01   2.3087659e-03  -1.1314646e-03   7.1649788e-03
  -1.6754744e-01   1.4075416e-01   5.4443327e-01   2.4418029e-03  -7.3520542e-04   6.9644534e-03
  -1.7078226e-01  -1.0357318e-02   3.7131091e-01   3.2735847e-03  -9.6071085e-04   7.0648972e-03
  -1.7792943e-01   8.9720854e-03   2.9109796e-01   2.2601633e-03  -9.0054949e-04   6.9424817e-03
  -1.5983038e-01   1.3103636e-01   5.5067356e-01   4.5198148e-03  -7.2054075e-04   6.5344612e-03
  -1.6188963e-01   2.0120861e-03   3.8257843e-01   3.3847964e-03  -1.1349018e-03   6.6475981e-03
  -1.5366074e-01   6.7996098e-02   5.4781973e-01   3.1665475e-03  -1.0296464e-03   6.5750695e-03
  -1.9353078e-01  -1.2028425e-02   4.3658458e-01   3.1042274e-03  -1.1621388e-03   6.6265422e-03
  -1.4991665e-01   9.7413634e-02   5.6839085e-01   3.8962425e-03  -1.1536934e-03   6.6630379e-03
  -1.4919691e-01   8.3862479e-03   4.0929203e-01   3.1233343e-03  -9.6641973e-04   6.6477662e-03
  -1.5987915e-01   1.1543037e-01   5.4369278e-01   3.5556676e-03  -7.2403948e-04   6.8303141e-03
  -1.5850648e-01   3.2865893e-03   4.5215227e-01   2.7563459e-03  -6.9558625e-04   6.7468995e-03
  -1.6671938e-01   8.5945616e-02   5.7100862e-01   3.3609402e-03  -6.3496519e-04   6.7651291e-03
  -1.6995262e-01   2.6507099e-03   4.9011997e-01   3.3072098e-03  -6.8393814e-04   6.7994187e-03
  -1.7582277e-01   8.7339951e-02   5.7560767e-01   3.5083211e-03  -8.1924813e-04   6.7863348e-03
  -1.7148111e-01  -3.1207617e-03   4.7364872e-01   2.9392642e-03  -8.3045713e-04   6.8189001e-03
  -1.6668348e-01   7.9529033e-02   5.7423501e-01   2.8666461e-03  -5.4194760e-04   6.9710449e-03
  -1.2439699e-01  -3.3692878e-02   4.4329407e-01   2.1743857e-03   4.5624012e-05   6.9027986e-03
  -1.3318271e-01   9.7251589e-02   5.5360860e-01   3.4736497e-03   2.2179026e-04   6.6717365e-03
  -1.2267192e-01   8.5854367e-03   4.3020987e-01   3.4125117e-03   1.3650787e-04   6.5559482e-03
  -1.4408216e-01   7.9314077e-02   5.7295515e-01   3.7036725e-03  -1.1523805e-04   6.9890716e-03
  -1.5513689e-01  -7.1050990e-03   5.2531701e-01   2.7342553e-03  -3.2584905e-04   6.9090666e-03
  -1.4411677e-01   5.9421010e-02   6.1413446e-01   3.4410490e-03  -6.4641449e-05   6.6250253e-03
  -1.6664882e-01  -1.1904971e-02   5.2532527e-01   3.4512083e-03  -1.8543729e-04   7.0959869e-03
  -1.4923383e-01   7.1581808e-02   6.3541468e-01   2.8406191e-03  -2.1639106e-05   6.8767881e-03
  -1.5801532e-01   2.4237569e-02   5.0531906e-01   3.7407330e-03  -1.8402688e-04   7.1440328e-03
  -1.0880492e-01   8.0943733e-02   7.3559424e-01   1.0206929e-03   2.6319485e-04   7.0739097e-03
  -9.1680704e-02   9.1614335e-02   5.4038396e-01   3.9622212e-03   7.5156052e-04   6.5203856e-03
  -1.0785716e-01  -3.6120222e-02   3.0726803e-01   1.7331753e-03   8.8227372e-04   6.6381707e-03
  -9.0489120e-02   9.5310627e-02   5.2480603e-01   2.9895946e-03   6.8125098e-04   6.8742215e-03
  -1.0153450e-01  -3.1062177e-02   4.2753133e-01   1.9855341e-03   6.3770719e-04   7.1413627e-03
  -1.0936755e-01   8.0278962e-02   5.4372820e-01   2.7637541e-03   6.1302317e-04   7.3430460e-03
  -1.1454836e-01  -2.9783300e-03   4.8872474e-01   2.1217161e-03   5.6113140e-04   7.4118296e-03
  -1.1573432e-01   6.8679029e-02   5.0391411e-01   2.6979035e-03   6.2387925e-04   7.3442516e-03
  -1.2428613e-01   3.5008604e-02   5.3375136e-01   1.6293396e-03   5.7573861e-04   7.2551113e-03
  -1.2577503e-01   5.8526458e-02   5.2819721e-01   2.5958278e-03   3.9878737e-04   7.3977223e-03
  -1.3420430e-01  -6.5904399e-03   4.8817119e-01   1.8185179e-03   3.5203021e-04   7.4617424e-03
  -1.3285296e-01   4.7055628e-02   5.8058748e-01   2.2172742e-03   5.3582369e-04   7.5311562e-03
  -1.4388204e-01   9.2517127e-03   4.8360201e-01   3.5688673e-03   3.9319093e-04   7.5406698e-03
  -1.2739914e-01   4.1280810e-02   5.9977618e-01   1.6882768e-03   4.4082319e-04   7.5940964e-03
  -1.1029115e-01  -9.5622262e-03   4.5560679e-01   2.4325067e-03   4.1743564e-04   7.7774693e-03
  -9.7852037e-02   5.1984607e-02   5.4960626e-01   2.4036373e-03   6.0335366e-04   7.6450943e-03
  -1.1525978e-01   2.6153402e-02   4.1606548e-01   2.8186438e-03   7.4249199e-04   7.6267945e-03
  -1.1898864e-01   3.9711341e-02   5.4641449e-01   1.0152494e-03   9.7889494e-04   7.6654897e-03
  -1.2885873e-01   8.8365342e-02   5.2095480e-01   2.7825962e-03   1.0397268e-03   7.7729425e-03
  -1.3177877e-01  -2.0029987e-02   4.3502005e-01   1.7146411e-03   9.6833729e-04   7.9144872e-03
  -1.0901038e-01   7.7172948e-02   5.5978728e-01   2.5414836e-03   1.1911465e-03   7.6865297e-03
  -1.2347268e-01  -9.1862940e-03   4.4224169e-01   1.7640904e-03   9.6496957e-04   7.6747825e-03
  -9.6467072e-02   1.3119656e-01   6.2195933e-01   1.7446891e-03   1.2442112e-03   7.5894675e-03
  -1.2692167e-01  -7.7431867e-03   4.2490571e-01   2.5843605e-03   8.7339926e-04   7.8515986e-03
  -1.3036141e-01   5.3601024e-02   5.1217295e-01   1.6256963e-03   1.0609737e-03   7.8032026e-03
  -1.3033351e-01   4.3070982e-02   4.6042074e-01   2.3172167e-03   1.0512115e-03   7.8442569e-03
  -1.1198577e-01   6.3840682e-02   5.4297018e-01   1.7222842e-03   1.2522801e-03   7.6542693e-03
  -1.0967846e-01   1.6284584e-02   4.4888947e-01   2.0730374e-03   1.2362064e-03   7.9549937e-03
  -9.3641240e-02   5.1290370e-02   5.3166774e-01   1.8043668e-03   2.0931836e-03   8.0309912e-03
  -7.6479443e-02   6.7120544e-02   3.0923180e-01   1.5162968e-03   2.1559496e-03   7.3269863e-03
  -6.3207346e-02   7.5028814e-02   5.7258905e-01   1.2655269e-03   2.2788853e-03   7.7612984e-03
  -9.8977649e-02  -2.4336183e-02   3.7924431e-01   1.0167772e-03   1.7778110e-03   8.0814624e-03
  -5.4197832e-02   1.0628695e-01   5.6890067e-01   9.4411047e-04   2.5048337e-03   7.8886688e-03
  -6.1320480e-02  -5.0078301e-02   4.2838454e-01   2.4907312e-03   1.7135443e-03   8.0135672e-03
   2.2288714e-02   8.6308813e-02   7.2819632e-01   2.3226884e-03   1.5843281e-03   7.1764375e-03
  -5.4582694e-02   2.9227237e-03   3.5499828e-01   2.5146175e-03   2.0116586e-03   7.4083668e-03
  -7.5650488e-02   6.8723359e-02   4.2149957e-01   2.2138446e-03   1.3135267e-03   7.5748972e-03
  -7.3726382e-02   6.9897450e-02   5.0825968e-01   2.5461798e-03   1.5953206e-03   7.4734013e-03
  -1.1216270e-01  -1.2989963e-03   4.7086165e-01   1.9325160e-03   1.3463306e-03   7.3417755e-03
  -1.0818854e-01   9.8348111e-02   6.2550128e-01   2.1393037e-03   1.2476563e-03   7.3785424e-03
  -8.9515281e-02  -1.0605213e-02   4.4289394e-01   2.3279640e-03   1.2756312e-03   7.6592741e-03
  -7.8928755e-02   1.3591274e-02   5.1446596e-01   1.2713516e-03   1.4559899e-03   7.5423685e-03
  -7.0905342e-02   3.3728546e-02   5.3563775e-01   2.5275325e-03   1.4816102e-03   7.6559547e-03
  -7.2149620e-02  -3.2672241e-03   5.1574219e-01   1.5468415e-03   1.4983852e-03   7.7236613e-03
  -7.1019436e-02   6.4792232e-02   5.8259797e-01   2.5033426e-03   1.5322441e-03   7.7402896e-03
  -7.9971179e-02   4.7552880e-04   5.0854007e-01   1.4660346e-03   1.4082450e-03   7.6174572e-03
  -7.1052997e-02   8.2969776e-02   5.7004260e-01   2.4245211e-03   1.3779080e-03   7.5084291e-03
  -9.0540889e-02  -1.2457764e-02   4.6912985e-01   1.3571173e-03   1.0072347e-03   7.6916132e-03
  -4.6051777e-02   1.3971996e-01   6.5381096e-01   1.8075240e-03   1.6160943e-03   7.4739096e-03
  -6.1787046e-02  -2.5293532e-02   4.5267104e-01   2.9513042e-03   1.4772727e-03   7.6868849e-03
  -7.7805259e-02   3.7630387e-02   5.4801884e-01   1.5567615e-03   1.5463216e-03   7.5075844e-03
  -8.9475842e-02   4.7653429e-02   5.0467202e-01   2.7510080e-03   1.3469701e-03   7.3803652e-03
  -1.0203436e-01   1.4407532e-02   5.2598610e-01   1.5417027e-03   1.5395733e-03   7.4744372e-03
  -6.6832629e-02   7.6535169e-02   5.7790386e-01   2.4395159e-03   1.7214543e-03   7.6144408e-03
  -3.6188278e-02  -3.2572821e-02   5.1277492e-01   1.5092780e-03   1.3721736e-03   7.6018297e-03
  -2.4772082e-02   1.1853840e-01   5.8750182e-01   2.4269871e-03   1.3841688e-03   7.3031655e-03
  -4.0522626e-02   5.9532990e-04   4.0083106e-01   9.2947464e-04   1.2501403e-03   7.4076046e-03
  -3.6410452e-02   8.4697035e-02   5.2628482e-01   2.2407479e-03   1.2742450e-03   7.4044936e-03
  -8.2373615e-03   4.6801914e-03   3.5456964e-01   1.6027469e-03   1.8871160e-03   6.7565362e-03
  -3.0870270e-02   1.5905410e-01   5.6799374e-01   3.0174315e-03   1.5054570e-03   6.7984402e-03
  -2.0010887e-02   3.7032983e-02   4.1747361e-01   2.7808305e-03   1.3274202e-03   6.7516387e-03
  -2.6516537e-03   1.3741961e-01   5.7022301e-01   3.3064829e-03   1.3858080e-03   6.5746033e-03
  -6.2980487e-03   4.1870984e-02   4.3654139e-01   3.0978017e-03   1.2341102e-03   6.6368248e-03
  -8.1165090e-03   1.2836354e-01   6.2452419e-01   3.3381458e-03   1.1880659e-03   6.4754473e-03
  -1.0306763e-02   2.8597369e-02   4.9430441e-01   3.7296995e-03   1.0071009e-03   6.4395186e-03
  -1.3349588e-02   9.8034898e-02   6.3044066e-01   2.7904666e-03   1.2400145e-03   6.3063093e-03
  -3.0569553e-02   6.5131395e-02   5.6806013e-01   4.0230724e-03   8.6021515e-04   6.4196604e-03
   4.0066891e-02   3.4437211e-02   6.7571037e-01   2.6250666e-03   5.6127166e-04   5.9305917e-03
   5.5930819e-02   1.4932113e-01   6.4229460e-01   4.9433475e-03   9.7125135e-04   5.6402661e-03
  -1.4475754e-02   5.1325197e-02   4.7710295e-01   4.5476811e-03   5.2611701e-04   6.4290099e-03
  -1.4674083e-02   1.2041635e-01   6.5896680e-01   4.0893103e-03   7.4142603e-04   6.2227184e-03
  -3.5374618e-02   7.5959230e-02   5.9106250e-01   5.2390011e-03   3.8545882e-04   6.1512482e-03
  -4.3045324e-02   1.0990305e-01   5.7345999e-01   5.2050470e-03   4.9274046e-04   6.2830121e-03
  -5.8130853e-02   1.4527031e-01   6.8673098e-01   5.1930398e-03   5.7221921e-04   6.1515497e-03
  -8.3181168e-02   7.2770147e-02   5.6289948e-01   5.5432145e-03   1.5666583e-04   6.3390836e-03
  -8.9635550e-02   1.4677402e-01   7.0129298e-01   4.2877322e-03   1.2776525e-04   6.1363990e-03
  -8.8420349e-02   1.0194027e-01   5.9343563e-01   4.9967324e-03  -1.1932072e-04   6.2703471e-03
  -6.7115917e-02   4.3887608e-02   5.5394814e-01   3.3187020e-03   1.0098336e-04   5.9177651e-03
  -5.9518205e-02   1.5717073e-01   6.7935838e-01   4.7446845e-03   8.1162766e-05   5.7933744e-03
  -2.3891426e-02   1.8310465e-02   4.7119985e-01   4.6538701e-03   3.0280548e-05   5.4228561e-03
  -4.0857606e-02   1.7889010e-01   5.8712457e-01   4.8719060e-03  -5.0452613e-04   6.1219441e-03
  -7.7476213e-02   7.6645805e-02   4.4078833e-01   4.9039033e-03  -2.0336777e-04   6.1929465e-03
  -7.9096929e-02   1.3732685e-01   6.5493487e-01   4.5422197e-03  -5.5539712e-05   6.1764005e-03
  -9.6403949e-02   8.9577572e-02   5.2688806e-01   5.0017590e-03  -2.7478362e-04   6.4386172e-03
  -9.9775484e-02   9.9572288e-02   6.1947114e-01   3.7046260e-03  -1.9279027e-04   6.4336667e-03
  -8.5387501e-02   1.1628101e-01   5.8262563e-01   4.7685895e-03  -1.0188258e-04   6.5615929e-03
  -8.5205473e-02   7.7711936e-02   5.4828242e-01   3.3388691e-03  -2.2609745e-04   6.6753622e-03
  -8.3040803e-02   1.3923740e-01   6.2739408e-01   4.6014147e-03  -2.0400856e-05   6.5749478e-03
  -1.1548180e-01   6.2382739e-02   5.5892128e-01   4.2892534e-03  -1.5062864e-04   6.8931840e-03
  -4.4774724e-02   2.0210263e-01   8.0229962e-01   3.6084539e-03   4.0563978e-04   6.3996627e-03
  -7.6680082e-02   8.7437136e-02   4.8851978e-01   4.7339365e-03   4.3991167e-04   6.3997137e-03
  -1.1718406e-01   9.0488816e-02   5.2200541e-01   3.5588394e-03   2.0710390e-04   6.7258493e-03
  -1.1183498e-01   1.2263590e-01   5.8160925e-01   4.9098849e-03   3.2729974e-04   6.5141574e-03
  -1.2633356e-01   1.2600099e-01   6.1205446e-01   4.5395997e-03  -1.1445482e-04   6.5636797e-03
  -1.2163342e-01   1.4040141e-01   6.1741793e-01   4.4631441e-03  -7.9364585e-05   6.6743894e-03
  -1.3827605e-01   7.7731242e-02   5.5940684e-01   3.7557454e-03  -2.7379850e-04   6.8410726e-03
  -1.2454394e-01   1.6684760e-01   6.3068130e-01   4.0146825e-03   2.3603500e-04   6.7156118e-03
  -9.9398570e-02   1.0169767e-01   4.5234824e-01   4.7065923e-03   1.0529717e-03   6.9120046e-03
  -5.9896333e-02   2.4188238e-01   6.2551020e-01   2.3008562e-03   1.9733549e-03   5.6163713e-03
  -7.0412594e-02   5.9937634e-02   2.9580708e-01   2.1150992e-03   1.7538982e-03   6.1626043e-03
  -5.4694447e-02   1.8611840e-01   5.4340233e-01   3.1336611e-03   1.6825639e-03   6.2174546e-03
  -6.7592694e-02   9.3810036e-02   4.8111192e-01   3.4992552e-03   1.5706200e-03   6.4320491e-03
  -7.8198265e-02   8.0427184e-02   5.5217225e-01   2.0129689e-03   1.3154966e-03   6.3319047e-03
  -7.1722099e-02   1.6093017e-01   5.8907877e-01   3.4518963e-03   1.1072867e-03   6.2936502e-03
  -1.0033890e-01   7.5030431e-02   5.0120483e-01   3.0978847e-03   6.4754166e-04   6.0493935e-03
  -1.0622456e-01   1.9520216e-01   6.0411529e-01   3.5643686e-03   3.0116570e-04   5.7297925e-03
  -1.3422169e-01   9.1516032e-02   4.3663814e-01   3.9196302e-03   2.2938804e-05   5.8051116e-03
  -1.1633682e-01   1.2321079e-01   6.1372954e-01   1.9091565e-03   2.0120800e-04   5.5555732e-03
  -1.0102294e-01   1.7854353e-01   6.1389646e-01   4.2836576e-03   1.7215219e-04   5.5827622e-03
  -1.3696315e-01   7.6415043e-02   5.2592277e-01   3.9063253e-03   2.0826332e-04   5.9071865e-03
  -1.2464537e-01   1.9788405e-01   6.9075341e-01   3.3856838e-03   4.5103767e-05   5.6778890e-03
  -1.1896477e-01   1.0351650e-01   5.1277944e-01   4.2645574e-03  -1.4290990e-05   5.8634494e-03
  -1.0975533e-01   9.4336434e-02   5.4284541e-01   2.6090179e-03   3.5285121e-04   5.6469179e-03
  -1.2286285e-01   1.4943527e-01   5.9402358e-01   4.0582778e-03   8.3911792e-05   5.8139064e-03
  -1.2603407e-01   9.3383319e-02   5.6058599e-01   3.6147289e-03   3.6992866e-04   5.9449483e-03
  -1.1324842e-01   1.8079279e-01   6.5126819e-01   3.8854291e-03   3.6526455e-04   5.6564038e-03
  -1.0292888e-01   7.7073255e-02   5.4136366e-01   3.2672145e-03   3.4903720e-05   5.3797423e-03
  -1.0351163e-01   1.9917453e-01   5.8069778e-01   4.1502777e-03   3.8109686e-05   5.5338130e-03
  -1.0450749e-01   7.5667353e-02   4.4043787e-01   2.7389103e-03   2.0098574e-04   5.5739661e-03
  -1.2140918e-01   1.8443705e-01   6.3062606e-01   3.7718698e-03   2.6258569e-04   5.6486839e-03
  -1.2602052e-01   9.1813240e-02   5.1466167e-01   4.1222760e-03   8.9714661e-05   5.8009062e-03
  -1.1349435e-01   1.3547108e-01   6.5708818e-01   2.8942179e-03   4.2340622e-04   5.5691633e-03
  -1.4823837e-01   1.4321647e-01   6.2032338e-01   4.5161313e-03  -4.2996310e-05   5.8675041e-03
  -1.5176733e-01   1.0676384e-01   5.8900539e-01   3.1684340e-03   7.5214008e-05   5.8221303e-03
  -1.3521490e-01   1.8444713e-01   6.8166507e-01   3.9955137e-03   1.8429106e-04   5.7916601e-03
  -1.5405468e-01   9.3410753e-02   5.6082617e-01   3.8471278e-03  -2.0366313e-04   5.8552063e-03
  -1.3696618e-01   1.9720735e-01   6.9403638e-01   3.1919808e-03   8.6062986e-05   5.4764854e-03
  -1.4739255e-01   1.2970338e-01   5.6396923e-01   4.2486657e-03  -1.9722316e-04   5.6806483e-03
  -1.4589400e-01   1.2634303e-01   5.9469834e-01   2.5604152e-03  -1.1152814e-04   5.5211257e-03
  -1.0674294e-01   2.3306448e-01   6.0058702e-01   4.4280446e-03   3.4857132e-04   4.9508130e-03
  -9.7708770e-02   5.0346334e-02   3.2459812e-01   1.8970607e-03   4.9966770e-04   4.9935732e-03
  -6.5980040e-02   1.7503182e-01   5.3378014e-01   4.0027266e-03   8.3661402e-04   5.2305391e-03
  -6.9711951e-02   1.6307434e-01   2.6438713e-01   3.6802046e-03   3.1945315e-04   4.6341464e-03
  -8.5727463e-02   2.3514410e-01   5.2064295e-01   3.3535082e-03   1.8489447e-04   4.7222361e-03
  -8.1621909e-02   1.2560180e-01   3.2951717e-01   4.1080701e-03   2.0330545e-04   4.7063544e-03
  -9.9116370e-02   2.2311867e-01   4.6544381e-01   3.8133444e-03   3.2618785e-04   4.7459517e-03
  -1.1976076e-01   1.3064537e-01   3.6416358e-01   4.2845564e-03   2.8073608e-04   4.7623461e-03
  -1.2490737e-01   2.5224105e-01   6.1323463e-01   4.4643305e-03  -1.1530784e-04   4.7607047e-03
  -1.3820964e-01   1.2926380e-01   4.4257803e-01   4.8751011e-03  -4.7121080e-04   4.9561576e-03
  -1.2681999e-01   1.5798401e-01   4.5912234e-01   3.0297223e-03  -2.3311398e-04   5.0076596e-03
  -1.2215512e-01   1.9102907e-01   4.4326432e-01   4.6237833e-03  -2.6318401e-04   5.1708877e-03
  -1.3004444e-01   1.3845278e-01   4.2925561e-01   3.2920237e-03  -2.2599980e-04   5.0870704e-03
  -1.0522344e-01   2.5698340e-01   5.4915057e-01   4.3619852e-03   1.1577534e-05   4.9945868e-03
  -1.2035541e-01   1.2925406e-01   3.8354873e-01   5.1077552e-03  -3.4420001e-04   5.1952050e-03
  -1.0205566e-01   2.2736640e-01   5.5471272e-01   4.3865957e-03   3.1390378e-05   5.0733180e-03
  -1.1446802e-01   1.3115684e-01   3.7360288e-01   4.5805086e-03  -1.1001635e-04   5.3082395e-03
  -1.1669536e-01   1.7797068e-01   5.4102194e-01   3.1066131e-03   1.1228520e-04   5.1337258e-03
  -1.2516788e-01   1.7268703e-01   4.4988134e-01   4.7735400e-03  -4.8237855e-05   5.3494562e-03
  -1.1744770e-01   1.1771595e-01   4.1366829e-01   3.9585989e-03   3.0997301e-04   5.3529190e-03
  -1.1363533e-01   2.0326903e-01   5.5457697e-01   4.0939115e-03   2.8378804e-04   5.1657731e-03
  -1.2791384e-01   1.4831294e-01   3.8251510e-01   5.4738156e-03  -1.6365375e-04   5.3997650e-03
  -1.1685077e-01   1.5413422e-01   4.8940309e-01   3.2140080e-03   1.9360377e-04   5.1410160e-03
  -1.2455868e-01   1.6616769e-01   4.5597091e-01   4.3960113e-03   1.3032726e-04   5.4035133e-03
  -1.3454882e-01   1.4144759e-01   4.8285584e-01   2.7803230e-03   1.6317962e-04   5.3961978e-03
  -1.1328505e-01   2.2240113e-01   4.9542043e-01   4.6065573e-03   2.7610677e-04   5.4492219e-03
  -1.2026255e-01   1.3438453e-01   3.8924609e-01   2.8710303e-03   5.1677000e-04   5.5492146e-03
  -1.1933401e-01   1.8942564e-01   4.3259932e-01   3.7967014e-03   7.3950923e-04   5.7671936e-03
  -1.1647425e-01   1.1787857e-01   4.0480592e-01   2.9328661e-03   6.7555707e-04   5.6942353e-03
  -1.2106855e-01   1.9724809e-01   5.5713639e-01   3.8941252e-03   6.5436787e-04   5.7276549e-03
  -1.4292968e-01   1.1464201e-01   4.1683774e-01   4.3895390e-03   4.6790964e-04   5.8434369e-03
  -1.4003847e-01   1.7279178e-01   5.7681204e-01   3.1657683e-03   5.6521724e-04   5.8450757e-03
  -1.4375957e-01   1.5788171e-01   4.5390310e-01   4.2710519e-03   6.2164431e-04   5.9889277e-03
  -1.4958714e-01   1.3594729e-01   4.9039256e-01   2.7940489e-03   4.8836101e-04   6.1492344e-03
  -1.2859546e-01   1.7760184e-01   5.0133137e-01   4.2786817e-03   6.5289492e-04   5.9959345e-03
  -1.3828964e-01   1.0844649e-01   4.6746424e-01   2.5356632e-03   2.5415906e-04   6.1680164e-03
   1.5326512e-03   4.2435652e-01   1.1466776e+00   6.0867486e-03   1.1753851e-03   4.6132368e-03
   8.5489201e-03   1.6306203e-01   2.5930917e-01   5.7869224e-03   1.0217214e-03   4.2803951e-03
   3.4415751e-02   1.4140563e-01   1.1699286e-01   2.3035086e-03   8.3457722e-04   4.0904190e-03
   2.2441099e-02   2.3125410e-01   2.4643725e-01   4.4980081e-03   9.1174974e-04   4.2461908e-03
   3.1887783e-02   1.6696244e-01   2.2227691e-01   3.2231716e-03   1.1698151e-03   4.3586261e-03
   2.8229437e-02   1.9446486e-01   2.6827370e-01   3.7790278e-03   1.4570115e-03   4.5705439e-03
  -1.0895888e-03   1.7657350e-01   3.3323948e-01   2.9287182e-03   1.2495761e-03   4.9782651e-03
  -2.5331404e-04   2.1953592e-01   3.9785662e-01   3.8397355e-03   1.1250976e-03   5.2357215e-03
   2.8943589e-03   1.6875143e-01   3.5641423e-01   3.8407992e-03   1.3498596e-03   5.2863039e-03
   8.8400090e-04   1.6897212e-01   3.4422220e-01   3.6909975e-03   1.1977852e-03   5.4357515e-03
  -3.5671286e-03   2.4404216e-01   5.2204492e-01   3.3439624e-03   1.0663443e-03   5.4749685e-03
  -8.2416896e-03   1.5146911e-01   3.1478157e-01   4.4357864e-03   9.1749529e-04   5.6964824e-03
  -2.9067913e-02   1.8965604e-01   3.8240311e-01   3.0804182e-03   7.6566201e-04   5.7115960e-03
  -1.1485881e-02   2.4412166e-01   3.6375717e-01   5.1042726e-03   9.8516470e-04   5.5883103e-03
  -1.8125821e-02   1.8217610e-01   4.0531059e-01   3.1916012e-03   7.6312046e-04   5.5433910e-03
  -1.7433020e-02   2.0479622e-01   3.8812737e-01   5.0951604e-03   7.9694019e-04   5.3253732e-03
  -3.0910965e-02   2.3868572e-01   5.4201196e-01   3.1611223e-03  -1.7840221e-04   5.7411782e-03
  -4.3282066e-02   1.8532314e-01   4.3944782e-01   3.9321280e-03   1.1879371e-04   6.0574853e-03
  -6.3391440e-02   1.9631272e-01   4.5125438e-01   2.8363904e-03   1.1029308e-05   6.2084392e-03
  -4.1428347e-02   2.3424584e-01   5.2503216e-01   3.3499281e-03   1.1102557e-06   6.1585358e-03
  -4.2754209e-02   1.5903275e-01   4.3631714e-01   2.3086855e-03  -6.5821428e-05   6.3118024e-03
  -4.3513110e-02   2.4974391e-01   5.5763361e-01   3.6642576e-03   1.0693338e-04   6.1844051e-03
  -3.9903148e-02   1.7374454e-01   4.3597280e-01   3.5526393e-03   4.2683698e-05   6.3461631e-03
  -1.8234988e-02   2.6799251e-01   5.8449479e-01   3.3193628e-03   1.6955422e-04   6.1183395e-03
  -2.6522467e-02   1.7882602e-01   4.5246278e-01   3.8573293e-03  -5.6864857e-06   6.3962333e-03
  -4.4495342e-02   2.0326489e-01   5.3680317e-01   2.5487881e-03  -1.8843218e-04   6.5301699e-03
  -4.5853298e-02   2.3502549e-01   5.0685974e-01   4.1087889e-03  -2.3785659e-04   6.7172044e-03
