   0.0000000e+00   0.0000000e+00   0.0000000e+00   0.0000000e+00   0.0000000e+00   0.0000000e+00
  -9.9790472e-04   4.1069643e-02   8.6960452e-02  -7.5178228e-04  -1.3224258e-04  -2.8244538e-04
   9.5537850e-03  -3.8373445e-02   8.9195469e-02  -1.7036151e-03   2.0594910e-05  -1.5775517e-04
   5.7704191e-03   2.3624336e-02   1.7026043e-01  -2.0398084e-03   1.7839380e-04  -8.9934922e-05
   3.5013897e-02  -4.2403902e-02   1.7285951e-01  -2.2418903e-03   6.6784242e-04  -7.8300719e-05
   3.8251917e-02   4.2380441e-02   2.1228597e-01  -1.7860946e-03   3.9402370e-04  -1.8964001e-04
   4.5373727e-02  -5.4112661e-02   1.5747354e-01  -2.0168948e-03   5.1049155e-04   2.3077507e-04
   4.6461421e-02   5.3649973e-02   1.6915870e-01  -1.7715881e-03   8.5440083e-05   1.0904908e-04
   5.9115406e-02   5.8568360e-02   1.2821367e-01  -1.5448450e-03   1.9514389e-04  -1.9873799e-05
   7.2290097e-02   3.1852708e-03   5.5248229e-02  -1.5325316e-03  -3.4701671e-04   7.8729175e-04
   6.7568788e-02   4.9285137e-02   1.3140578e-01  -1.8855185e-03  -3.6895955e-04   1.0578540e-03
   8.5544521e-02   6.2565138e-02   1.6648711e-01  -1.9684834e-03  -2.4885638e-04   7.4960412e-04
   6.4016889e-02  -8.1472369e-03   8.0258329e-02  -2.8529048e-03  -7.3146470e-04   6.9095785e-04
   7.6714068e-02   1.9568212e-02   8.4434014e-02  -2.3911499e-03  -6.5931965e-04   1.1980731e-03
   7.6121348e-02   6.3877420e-02   1.3661230e-01  -2.4845549e-03  -9.6088663e-04   1.0114884e-03
   9.1342755e-02  -2.8152595e-03   1.4643637e-01  -3.3963205e-03  -8.2638109e-04   1.1538976e-03
   9.6018372e-02  -1.7922012e-02   1.1408718e-01  -2.8235228e-03  -6.0614261e-04   1.1716805e-03
   9.9383344e-02  -4.3866653e-03   1.7494727e-01  -3.4344827e-03  -9.2745223e-04   1.4305051e-03
   1.1598806e-01  -1.7523928e-02   1.7487792e-01  -3.4642157e-03  -1.0255800e-03   1.6620912e-03
   1.2185582e-01  -2.1408717e-02   1.3403899e-01  -3.4368463e-03  -1.1223809e-03   1.5624405e-03
   1.5384155e-01  -3.0477895e-02   1.4006511e-01  -3.3745131e-03  -6.2571756e-04   1.7750016e-03
   1.3949111e-01   5.0812149e-02   1.7898263e-01  -3.2064064e-03  -7.6001700e-04   1.5330715e-03
   1.5837888e-01  -3.6987519e-02   1.5082555e-01  -3.8746214e-03  -1.1396150e-03   1.8995070e-03
   1.7070232e-01  -1.5797407e-02   1.3743731e-01  -3.2865402e-03  -1.4665803e-03   1.9655486e-03
   1.6890677e-01   1.8392128e-02   1.8148524e-01  -3.4350663e-03  -1.3852130e-03   1.8191086e-03
   1.6198616e-01   4.3905676e-03   1.6683174e-01  -4.2206154e-03  -1.4650208e-03   1.4993933e-03
   1.5951166e-01  -3.4585778e-02   1.0556976e-01  -4.3071115e-03  -1.6628527e-03   1.8405940e-03
   1.7573112e-01  -2.4217933e-03   1.7215473e-01  -4.1895456e-03  -9.0028780e-04   1.5995815e-03
   1.7540247e-01   2.4398149e-02   2.2417309e-01  -4.2996592e-03  -1.1725751e-03   1.5382076e-03
   1.8892278e-01  -5.0306702e-02   1.8024877e-01  -4.6604490e-03  -1.2002180e-03   1.7269062e-03
   1.7702751e-01   7.2325087e-03   1.6616102e-01  -3.4617087e-03  -1.1684639e-03   1.5983284e-03
   1.9502596e-01   1.2835620e-02   2.0012402e-01  -4.3851671e-03  -9.0839479e-04   1.7655214e-03
   1.9473535e-01   1.4068837e-02   2.0878235e-01  -4.4252045e-03  -1.1663718e-03   1.6010868e-03
   2.1047813e-01  -2.5518910e-02   1.8104492e-01  -4.6476657e-03  -1.1805872e-03   2.0526474e-03
   2.1695103e-01   2.3525788e-02   2.1543427e-01  -4.0815320e-03  -1.0948649e-03   2.1515292e-03
   2.2616891e-01  -1.8502751e-02   2.2603772e-01  -4.6730713e-03  -1.0895992e-03   1.9479538e-03
   2.1392826e-01  -1.9490747e-02   2.1660571e-01  -4.9161585e-03  -1.4061608e-03   1.5476207e-03
   2.1479918e-01  -1.0270907e-01   1.9619290e-01  -4.8824123e-03  -1.3545536e-03   1.7428480e-03
   1.9196724e-01  -7.9807926e-02   3.0441565e-01  -6.4484192e-03  -1.8032392e-03   1.7329080e-03
   2.2546961e-01  -1.1118555e-01   3.2052963e-01  -5.8613868e-03  -1.1827787e-03   1.6851524e-03
   2.1670647e-01  -4.2985927e-02   3.9111089e-01  -6.2606420e-03  -1.8986371e-03   2.0716533e-03
   2.2459334e-01  -1.4940310e-01   4.0653017e-01  -6.9465903e-03  -2.1710833e-03   2.2732954e-03
   2.2474034e-01  -1.0841351e-01   3.9305478e-01  -6.4439984e-03  -2.2099328e-03   2.2605352e-03
   2.2248730e-01  -1.5257547e-01   4.2906402e-01  -7.9050089e-03  -2.2189789e-03   2.1305857e-03
   2.3639943e-01  -1.6131628e-01   4.0428545e-01  -7.0568213e-03  -1.9308088e-03   2.4495670e-03
   2.3915596e-01  -1.2943385e-01   4.4944609e-01  -7.0287435e-03  -2.4945700e-03   2.6440450e-03
   2.3150600e-01  -1.5978357e-01   4.3218575e-01  -7.5704710e-03  -2.5918271e-03   2.3281982e-03
   2.3485142e-01  -1.5040322e-01   4.3214046e-01  -7.6923760e-03  -2.4959354e-03   2.6359283e-03
   2.1946848e-01  -1.0404942e-01   3.8973599e-01  -6.6418855e-03  -3.1442733e-03   2.5740640e-03
   2.0117944e-01  -6.8277762e-02   4.2509688e-01  -6.9146072e-03  -3.1957926e-03   2.1974508e-03
   2.2853000e-01  -1.6324860e-01   3.5602817e-01  -6.6892641e-03  -2.8714843e-03   2.5719615e-03
   2.3836674e-01  -7.6892250e-02   4.3948360e-01  -6.6086785e-03  -2.6036326e-03   2.4434118e-03
   2.3890442e-01  -1.0824749e-01   4.2663717e-01  -7.1721250e-03  -2.8314823e-03   2.3526986e-03
   2.3475790e-01  -1.3526450e-01   3.6541678e-01  -6.7866604e-03  -3.0151661e-03   2.6691521e-03
   2.2798307e-01  -6.7665198e-02   4.4808259e-01  -7.5266886e-03  -3.0193057e-03   2.6635679e-03
   2.3119269e-01  -1.7199973e-01   3.5890951e-01  -7.8005532e-03  -3.1432517e-03   2.7993994e-03
   2.3706422e-01  -1.2318571e-01   4.0888290e-01  -7.6343805e-03  -2.8473405e-03   2.8405651e-03
   2.3859863e-01  -1.3595361e-01   4.4138590e-01  -7.9587326e-03  -2.8466860e-03   2.8607889e-03
   2.4423629e-01  -2.0109227e-01   4.1669881e-01  -8.1283681e-03  -3.1209744e-03   3.0911002e-03
   2.3034051e-01  -1.4597826e-01   4.1603216e-01  -8.1376234e-03  -3.6683401e-03   3.2589983e-03
   2.2919406e-01  -1.4153278e-01   4.4121158e-01  -8.7222862e-03  -3.4241940e-03   3.0587899e-03
   2.1804951e-01  -1.6362274e-01   3.9116585e-01  -8.4829872e-03  -3.7909465e-03   2.7654925e-03
   2.4205412e-01  -1.7951856e-01   3.7607439e-01  -8.2104074e-03  -3.0573537e-03   2.8688939e-03
   2.2823028e-01  -1.0439489e-01   4.4269590e-01  -8.4425739e-03  -3.6314189e-03   3.2327211e-03
   2.4439844e-01  -2.2146374e-01   3.9061059e-01  -8.5270623e-03  -3.5281999e-03   3.4274471e-03
   2.1595096e-01  -1.2498235e-01   4.2259752e-01  -8.0190961e-03  -4.2243359e-03   2.9881315e-03
   2.1354255e-01  -1.6412634e-01   3.5515070e-01  -8.5120623e-03  -4.3728805e-03   3.0349130e-03
   2.0473538e-01  -1.2482110e-01   3.7603102e-01  -8.0258465e-03  -4.2990113e-03   2.9398927e-03
   2.2961405e-01  -1.6760072e-01   4.0440697e-01  -8.6683097e-03  -3.9036945e-03   3.0330269e-03
   2.1810727e-01  -1.7735248e-01   3.7992275e-01  -8.5994066e-03  -4.1209081e-03   3.1973171e-03
   2.1292808e-01  -1.1197481e-01   3.9063288e-01  -7.6172162e-03  -4.2882868e-03   2.9573571e-03
   1.9976856e-01  -1.4691051e-01   3.9048563e-01  -8.5364245e-03  -4.6972225e-03   3.0193078e-03
   2.1991109e-01  -1.7437900e-01   3.6321686e-01  -7.9261122e-03  -4.5282247e-03   3.5618374e-03
   2.0179685e-01  -7.9221170e-02   4.1802537e-01  -7.7665064e-03  -4.7990813e-03   3.4483093e-03
   2.1282942e-01  -1.6641757e-01   3.5735540e-01  -8.0821270e-03  -4.8196967e-03   3.4551561e-03
   2.1803659e-01  -1.2381217e-01   3.9673868e-01  -7.6841400e-03  -4.5808967e-03   3.4176839e-03
   2.0632196e-01  -1.0693261e-01   3.9899222e-01  -8.0718517e-03  -4.7717044e-03   3.1832053e-03
   2.1563409e-01  -1.6770304e-01   3.2512906e-01  -7.7732107e-03  -4.8247003e-03   3.3366991e-03
   2.0728307e-01  -1.2582740e-01   3.7830061e-01  -7.9392195e-03  -4.8151337e-03   3.2729597e-03
   1.8495204e-01  -1.1860532e-01   3.7889330e-01  -7.9410345e-03  -5.1598154e-03   3.0326689e-03
   1.9137291e-01  -1.5191225e-01   3.3997891e-01  -7.6635714e-03  -5.0999306e-03   3.3302247e-03
   2.0261846e-01  -1.3382584e-01   3.8195493e-01  -8.0320335e-03  -4.3168533e-03   3.1552883e-03
   1.9849607e-01  -1.1061766e-01   4.2558958e-01  -8.4453654e-03  -4.7380454e-03   3.2702328e-03
   2.0194156e-01  -1.5417313e-01   3.5232686e-01  -7.8539864e-03  -5.1047569e-03   3.2720496e-03
   2.0383483e-01  -9.1950496e-02   3.6530419e-01  -7.7806272e-03  -5.0155262e-03   3.2134076e-03
   2.0984259e-01  -1.2182012e-01   3.7868528e-01  -8.2007500e-03  -5.0189132e-03   3.4196288e-03
   1.9485449e-01  -1.0634242e-01   3.8827345e-01  -8.7103486e-03  -5.3566204e-03   2.9851325e-03
   1.9822988e-01  -1.6016343e-01   3.6052194e-01  -8.6446917e-03  -5.2928585e-03   3.3827788e-03
   1.6241477e-01  -9.1104799e-02   4.3652249e-01  -8.9711557e-03  -5.9439324e-03   2.6862165e-03
   1.9408468e-01  -2.0637205e-01   4.5848336e-01  -9.4549769e-03  -5.8540101e-03   3.1525406e-03
   2.0116967e-01  -1.6017726e-01   5.0329895e-01  -9.4121200e-03  -5.3768113e-03   3.0994328e-03
   2.0960886e-01  -2.0752226e-01   5.3187754e-01  -1.0082987e-02  -5.4248885e-03   3.2171147e-03
   1.8604234e-01  -2.0837895e-01   5.2760694e-01  -1.0230536e-02  -6.1896385e-03   3.1726946e-03
   1.6331412e-01  -1.5531938e-01   4.3855449e-01  -7.9708274e-03  -6.4714320e-03   2.4073553e-03
   1.8768885e-01  -1.3958185e-01   4.7186813e-01  -8.4641200e-03  -6.0317591e-03   3.0325401e-03
   1.7973207e-01  -1.7078098e-01   4.5206677e-01  -9.1104350e-03  -6.7259969e-03   3.1321172e-03
   1.8506900e-01  -1.3966788e-01   4.5657707e-01  -8.2333557e-03  -6.2631544e-03   2.8380313e-03
   1.8579587e-01  -1.2722821e-01   5.2593753e-01  -9.0140850e-03  -6.4912018e-03   2.7219842e-03
   1.7897965e-01  -1.8247553e-01   4.8785681e-01  -8.9797868e-03  -6.6738157e-03   2.7535650e-03
   1.8013203e-01  -1.4248974e-01   5.1115959e-01  -8.9298235e-03  -6.5606852e-03   2.6443505e-03
   1.5697376e-01  -3.1751392e-01   6.6696040e-01  -1.1112697e-02  -6.4596176e-03   1.5193957e-03
   1.6344305e-01  -2.1360171e-01   6.9615139e-01  -1.1063167e-02  -6.1268427e-03   1.9299098e-03
   1.6788122e-01  -2.5798011e-01   6.8316198e-01  -1.1133186e-02  -6.3758007e-03   1.9395356e-03
   1.7259883e-01  -2.6244860e-01   6.6669004e-01  -1.1005712e-02  -6.3958282e-03   1.8251109e-03
   1.5468428e-01  -2.2105662e-01   6.7070650e-01  -1.0727695e-02  -7.0839121e-03   1.9457470e-03
   1.6740263e-01  -2.5168729e-01   7.1708646e-01  -1.1056079e-02  -6.7690764e-03   1.7157517e-03
   1.4717591e-01  -2.6169473e-01   7.1166543e-01  -1.1729181e-02  -7.1211101e-03   1.1415043e-03
   1.4177939e-01  -2.9535356e-01   6.7803409e-01  -1.1238292e-02  -7.3063905e-03   1.5874881e-03
   1.3392498e-01  -2.3654098e-01   7.4122447e-01  -1.1447066e-02  -7.3022311e-03   1.4276516e-03
   1.3801886e-01  -3.3086072e-01   6.9444146e-01  -1.1833111e-02  -7.3666701e-03   1.5315366e-03
   1.3775293e-01  -2.7669223e-01   7.3373822e-01  -1.1725859e-02  -7.5061647e-03   1.6696154e-03
   1.2451923e-01  -2.3738527e-01   7.4785267e-01  -1.1245091e-02  -7.8436878e-03   1.4857946e-03
   1.1149724e-01  -2.8055330e-01   7.5781379e-01  -1.1946376e-02  -8.0961191e-03   1.1100661e-03
   1.1794294e-01  -3.0276148e-01   7.3036492e-01  -1.1560632e-02  -7.7012046e-03   1.5258918e-03
   1.2022925e-01  -2.6550457e-01   7.7124070e-01  -1.1811257e-02  -7.7979305e-03   1.6217043e-03
   1.1493915e-01  -2.7999574e-01   7.4057691e-01  -1.1727552e-02  -8.0356649e-03   1.4679498e-03
   1.1995008e-01  -2.8735625e-01   7.4958654e-01  -1.1102285e-02  -8.3837860e-03   1.7951405e-03
   1.2856562e-01  -2.3868650e-01   8.9953718e-01  -1.2007337e-02  -8.2720999e-03   1.8146820e-03
   1.5707962e-01  -3.5765904e-01   8.8524993e-01  -1.2782160e-02  -8.0431685e-03   1.8850700e-03
   1.5305759e-01  -2.9982774e-01   8.8734081e-01  -1.2334634e-02  -8.1880116e-03   2.2198769e-03
   1.5403801e-01  -2.8831095e-01   9.2040293e-01  -1.2479907e-02  -8.5106590e-03   2.2750579e-03
   1.5616497e-01  -3.4831021e-01   9.0637260e-01  -1.3209578e-02  -8.5418034e-03   2.3522553e-03
   1.7071195e-01  -3.6886869e-01   8.7961822e-01  -1.2990191e-02  -8.3533349e-03   2.6054907e-03
   1.4898402e-01  -2.9581121e-01   9.3372919e-01  -1.3071719e-02  -8.8425507e-03   2.5165003e-03
   1.5980899e-01  -3.8065332e-01   9.0622323e-01  -1.3474325e-02  -8.8824509e-03   2.5455917e-03
   1.4240141e-01  -3.3404252e-01   9.2275999e-01  -1.3106336e-02  -8.9056878e-03   2.6051419e-03
   1.4112275e-01  -3.3911942e-01   9.5263996e-01  -1.3571976e-02  -8.8656238e-03   2.4766919e-03
   1.3863965e-01  -3.6998856e-01   9.2494441e-01  -1.3986318e-02  -9.0236196e-03   2.5507643e-03
   1.5844792e-01  -3.8267361e-01   9.3178341e-01  -1.3228244e-02  -8.6323147e-03   2.7312555e-03
   1.6809789e-01  -3.6190247e-01   9.7413313e-01  -1.3545584e-02  -8.3562391e-03   2.5715427e-03
   1.2804153e-01  -3.4936997e-01   9.7016385e-01  -1.3811506e-02  -9.0778277e-03   2.1048722e-03
   1.5123470e-01  -3.9530942e-01   9.2228293e-01  -1.3631328e-02  -8.7628384e-03   2.5796952e-03
   1.4715928e-01  -3.2965282e-01   9.8263672e-01  -1.3943281e-02  -8.6880696e-03   2.5530551e-03
   1.3627030e-01  -3.2926469e-01   9.7426237e-01  -1.3684471e-02  -8.9703609e-03   2.4965190e-03
   1.6188399e-01  -4.0371860e-01   9.3960260e-01  -1.3742158e-02  -8.7609018e-03   2.8603919e-03
   1.5569131e-01  -3.2425231e-01   9.7917340e-01  -1.3677698e-02  -8.9982220e-03   3.0235691e-03
   1.4822548e-01  -3.3166307e-01   9.8089705e-01  -1.3506872e-02  -9.1714903e-03   2.7320778e-03
   1.4549960e-01  -3.7227709e-01   9.3850188e-01  -1.3851715e-02  -9.4166355e-03   3.2004509e-03
   1.4296377e-01  -3.0168925e-01   1.0025509e+00  -1.3998225e-02  -8.9609366e-03   3.0412653e-03
   1.1995467e-01  -3.9943438e-01   9.9979875e-01  -1.4822747e-02  -9.7194903e-03   2.8845569e-03
   1.2841524e-01  -4.0217244e-01   9.9868723e-01  -1.4001695e-02  -9.7137138e-03   3.3681370e-03
   1.2365968e-01  -3.4317827e-01   1.0317284e+00  -1.4520170e-02  -9.5102975e-03   3.1882321e-03
   1.0764672e-01  -4.1456638e-01   1.0275993e+00  -1.5503443e-02  -1.0255890e-02   3.2769504e-03
   9.9366112e-02  -4.1303638e-01   9.5653281e-01  -1.4926206e-02  -1.0335397e-02   3.7170888e-03
   6.1616404e-02  -3.0846562e-01   9.8449696e-01  -1.4061857e-02  -1.0334668e-02   3.0142746e-03
   1.0298591e-01  -4.2848122e-01   9.5671246e-01  -1.4521701e-02  -9.9378191e-03   3.3839069e-03
   8.7784850e-02  -3.6775643e-01   1.0083043e+00  -1.4665932e-02  -1.0387474e-02   3.5916171e-03
   8.9891675e-02  -3.9023528e-01   1.0423082e+00  -1.5471331e-02  -1.0336131e-02   3.5191715e-03
   9.0029791e-02  -4.5249610e-01   9.9692624e-01  -1.6157959e-02  -1.0340603e-02   3.7541493e-03
   9.6698087e-02  -4.1018473e-01   1.0590654e+00  -1.5579982e-02  -9.9895974e-03   3.7472281e-03
   1.1397395e-01  -4.4665536e-01   1.1467943e+00  -1.6890260e-02  -9.6017834e-03   3.7389209e-03
   1.0487709e-01  -5.0262380e-01   1.1605057e+00  -1.7255517e-02  -1.0030737e-02   4.1122028e-03
   1.2167610e-01  -4.7288117e-01   1.1368251e+00  -1.6455034e-02  -1.0015601e-02   4.3262761e-03
   1.0719843e-01  -4.1666686e-01   1.1798894e+00  -1.6397417e-02  -1.0409328e-02   4.2612958e-03
   9.9478920e-02  -4.2053032e-01   1.0973709e+00  -1.3905558e-02  -1.0283820e-02   4.1949751e-03
   5.5854013e-02  -3.1096589e-01   1.0781847e+00  -1.3004556e-02  -1.0299314e-02   3.5927323e-03
   8.0260253e-02  -3.5290388e-01   1.1382042e+00  -1.4322394e-02  -9.9922293e-03   3.5610045e-03
   5.8754266e-02  -3.5296971e-01   1.1539511e+00  -1.5144979e-02  -1.0582037e-02   3.7427949e-03
   7.1523397e-02  -3.8614213e-01   1.1290328e+00  -1.4519342e-02  -1.0401624e-02   4.1366621e-03
   5.2843366e-02  -3.0308260e-01   1.1704457e+00  -1.4497079e-02  -1.0876631e-02   3.8068455e-03
   7.7264730e-02  -3.8459497e-01   1.1227196e+00  -1.4956868e-02  -1.0720767e-02   4.0895148e-03
   7.3704117e-02  -3.5668399e-01   1.1360315e+00  -1.4612446e-02  -1.0758657e-02   4.2244176e-03
   4.9386324e-02  -2.7788117e-01   1.1616919e+00  -1.3156317e-02  -1.1161505e-02   3.2047625e-03
   5.9707154e-02  -3.7072807e-01   1.0839776e+00  -1.4030310e-02  -1.0910811e-02   3.5820743e-03
   5.1337299e-02  -2.9578964e-01   1.1440011e+00  -1.4274815e-02  -1.1065489e-02   3.8533230e-03
   6.5156121e-02  -3.3441807e-01   1.1581981e+00  -1.4600820e-02  -1.0628757e-02   3.6618999e-03
   3.2490751e-02  -3.5699672e-01   1.1194569e+00  -1.4347764e-02  -1.1485072e-02   3.9793149e-03
   4.9838341e-02  -3.1819043e-01   1.1576467e+00  -1.4192725e-02  -1.0949263e-02   4.0132665e-03
   5.1115200e-02  -3.2696204e-01   1.1794565e+00  -1.5412067e-02  -1.1061809e-02   4.0187082e-03
   5.2797042e-02  -3.7655115e-01   1.1543994e+00  -1.5638508e-02  -1.1540218e-02   4.3714488e-03
   4.9465261e-02  -3.0145542e-01   1.1304369e+00  -1.4025219e-02  -1.1566035e-02   4.5966274e-03
   5.8854698e-02  -3.2562459e-01   1.1980044e+00  -1.5374647e-02  -1.1218442e-02   4.2300722e-03
   6.3741603e-02  -3.7271303e-01   1.1588631e+00  -1.5553863e-02  -1.1102443e-02   4.3363222e-03
   6.8978217e-02  -3.2025709e-01   1.1779306e+00  -1.4828149e-02  -1.1226690e-02   4.8009937e-03
   5.7480590e-02  -3.3412455e-01   1.1816387e+00  -1.5530836e-02  -1.1696416e-02   4.3677931e-03
   5.4717546e-02  -3.6096695e-01   1.1697421e+00  -1.5543153e-02  -1.1531781e-02   4.4906905e-03
   6.0672945e-02  -3.5662696e-01   1.1428258e+00  -1.5277530e-02  -1.1650775e-02   4.6331568e-03
   8.2896368e-02  -3.2245878e-01   1.1718704e+00  -1.4890899e-02  -1.1131729e-02   4.9210550e-03
   7.2472809e-02  -3.2886158e-01   1.2066659e+00  -1.5427208e-02  -1.1254355e-02   4.4459284e-03
   9.4661563e-02  -3.7496855e-01   1.1317206e+00  -1.5255691e-02  -1.0583986e-02   5.0557720e-03
   9.9080785e-02  -3.1878519e-01   1.1876819e+00  -1.5318304e-02  -1.0385467e-02   5.0201479e-03
   1.0083814e-01  -3.8577421e-01   1.1855217e+00  -1.5110087e-02  -1.0563157e-02   4.7331098e-03
   5.9250734e-02  -3.3497843e-01   1.2281508e+00  -1.5173602e-02  -9.9276094e-03   4.1505745e-03
   6.6829172e-02  -3.1392562e-01   1.1340370e+00  -1.5424710e-02  -1.0465606e-02   4.5685392e-03
   8.4511678e-02  -4.0153049e-01   1.1599369e+00  -1.6470208e-02  -1.0312374e-02   4.4894358e-03
   6.4125184e-02  -4.0038556e-01   1.1436951e+00  -1.6141393e-02  -1.0863776e-02   4.6583374e-03
   5.9781887e-02  -3.4134372e-01   1.1939220e+00  -1.6019372e-02  -1.0570193e-02   4.5003954e-03
   6.6142873e-02  -3.9974559e-01   1.1892302e+00  -1.6784276e-02  -1.0506079e-02   4.5674597e-03
   7.1646923e-02  -3.6816053e-01   1.1789591e+00  -1.6084728e-02  -1.0053356e-02   4.6379182e-03
   6.7475430e-02  -3.5673575e-01   1.2400451e+00  -1.6984631e-02  -1.0521569e-02   4.6721245e-03
   7.2795552e-02  -4.3899118e-01   1.1837785e+00  -1.7103055e-02  -1.0578356e-02   4.8854393e-03
   6.0423459e-02  -3.5565496e-01   1.2481702e+00  -1.7037504e-02  -1.0660131e-02   4.7497843e-03
   6.4658515e-02  -4.5602817e-01   1.1900690e+00  -1.7374339e-02  -1.0602135e-02   4.8540331e-03
   6.8245998e-02  -3.9031366e-01   1.2037139e+00  -1.7091313e-02  -1.0546498e-02   4.9434833e-03
   5.4246913e-02  -4.0267731e-01   1.2508401e+00  -1.7586557e-02  -1.0597922e-02   4.5712393e-03
   5.2812610e-02  -4.3836878e-01   1.1947578e+00  -1.7148326e-02  -1.0570847e-02   4.8976229e-03
   4.9384599e-02  -3.7906006e-01   1.2571552e+00  -1.7307967e-02  -1.0428779e-02   4.8238084e-03
   5.9399107e-02  -3.8598322e-01   1.2750159e+00  -1.7444394e-02  -1.0776321e-02   4.8498500e-03
   6.0449600e-02  -4.2382568e-01   1.1430010e+00  -1.6339457e-02  -1.0979305e-02   5.1680557e-03
   6.9451120e-02  -3.9000095e-01   1.2302900e+00  -1.6883650e-02  -1.0526431e-02   4.8360008e-03
   5.1621987e-02  -3.9667656e-01   1.2853843e+00  -1.7119321e-02  -1.0929904e-02   4.8475935e-03
   6.0457290e-02  -4.5229763e-01   1.2246903e+00  -1.7241471e-02  -1.0805542e-02   4.9313116e-03
   4.7790131e-02  -3.7918129e-01   1.2722758e+00  -1.7170313e-02  -1.0713204e-02   4.7539699e-03
   6.0389211e-02  -4.5534245e-01   1.2285323e+00  -1.7676400e-02  -1.0356986e-02   4.9439463e-03
   5.9237446e-02  -4.0496381e-01   1.2367058e+00  -1.6778164e-02  -1.0366722e-02   5.1745527e-03
   5.2938330e-02  -3.8516770e-01   1.3106592e+00  -1.7562573e-02  -1.0731883e-02   4.9025556e-03
   3.9781411e-02  -4.9577051e-01   1.2592725e+00  -1.8696646e-02  -1.0887511e-02   4.9555575e-03
   4.8019997e-02  -4.5253718e-01   1.2972390e+00  -1.8279306e-02  -1.0341646e-02   4.9147663e-03
   4.9088716e-02  -4.4995806e-01   1.3410670e+00  -1.8254275e-02  -1.0666176e-02   4.9678859e-03
   4.6321865e-02  -5.1373676e-01   1.2814277e+00  -1.8342105e-02  -1.0920443e-02   5.1763886e-03
   2.2111184e-02  -4.3954012e-01   1.3034383e+00  -1.7348788e-02  -1.1131997e-02   5.1782759e-03
   1.6588262e-02  -4.3334774e-01   1.3008303e+00  -1.7792616e-02  -1.1218359e-02   4.9007027e-03
   3.2248682e-02  -4.8823260e-01   1.2841958e+00  -1.7468145e-02  -1.0768306e-02   5.3606692e-03
   2.5973759e-02  -4.3847269e-01   1.3447709e+00  -1.7938045e-02  -1.0634126e-02   5.1965514e-03
   2.5758938e-02  -4.9580525e-01   1.3152079e+00  -1.8018432e-02  -1.0611488e-02   5.2404246e-03
   3.0436374e-02  -4.4494355e-01   1.3151668e+00  -1.7648897e-02  -1.0639921e-02   5.3328442e-03
   2.2817106e-02  -4.2760818e-01   1.3461850e+00  -1.8231362e-02  -1.0772267e-02   5.1433197e-03
   2.1480673e-02  -4.8685940e-01   1.3163845e+00  -1.8242948e-02  -1.1089047e-02   5.3506785e-03
   2.2480553e-02  -4.2749700e-01   1.3434402e+00  -1.7530356e-02  -1.1098285e-02   5.5891891e-03
   1.6573805e-02  -4.3311971e-01   1.3815472e+00  -1.8335092e-02  -1.1232554e-02   5.4661124e-03
   1.5339158e-02  -5.0349486e-01   1.3100712e+00  -1.7856322e-02  -1.1371257e-02   5.7585433e-03
   4.2001185e-03  -4.2643444e-01   1.3492567e+00  -1.7797909e-02  -1.1416331e-02   5.6045778e-03
   1.8263778e-02  -4.9092943e-01   1.3455490e+00  -1.8047560e-02  -1.1026085e-02   5.3415902e-03
   8.4343158e-03  -4.5537140e-01   1.2952015e+00  -1.5815791e-02  -1.1534705e-02   5.6866958e-03
  -2.9140598e-02  -4.0541506e-01   1.4078479e+00  -1.7705785e-02  -1.1720574e-02   4.8509248e-03
  -1.5574395e-02  -4.7825635e-01   1.3540575e+00  -1.8091651e-02  -1.1791560e-02   5.2872014e-03
  -2.1906337e-02  -4.5608919e-01   1.3421663e+00  -1.7640210e-02  -1.1915929e-02   5.9037710e-03
  -3.3179796e-02  -4.0301039e-01   1.3868109e+00  -1.7712306e-02  -1.1974899e-02   5.3978911e-03
  -3.1101601e-02  -4.9613038e-01   1.3137757e+00  -1.7738817e-02  -1.2130160e-02   5.8592152e-03
  -3.0398593e-02  -4.4903311e-01   1.3706420e+00  -1.7776250e-02  -1.1685943e-02   5.8429283e-03
  -1.7397705e-02  -4.3132445e-01   1.4231138e+00  -1.7938607e-02  -1.1617395e-02   5.7566839e-03
  -2.0963483e-02  -4.9207773e-01   1.3801131e+00  -1.8411669e-02  -1.1582477e-02   5.7811672e-03
  -2.1769876e-02  -4.7880793e-01   1.3640145e+00  -1.8288794e-02  -1.1374145e-02   5.8638443e-03
  -1.9314239e-02  -4.1960381e-01   1.4172265e+00  -1.8095829e-02  -1.1537895e-02   5.8337487e-03
  -4.2904199e-02  -4.6528093e-01   1.4035095e+00  -1.8491239e-02  -1.2160727e-02   5.4531152e-03
  -1.7382615e-02  -4.8581930e-01   1.3764623e+00  -1.8013052e-02  -1.1736044e-02   5.8638680e-03
  -4.4782938e-02  -4.1215655e-01   1.4282300e+00  -1.8277703e-02  -1.2070760e-02   5.7422972e-03
  -3.1620509e-02  -5.2408600e-01   1.3797819e+00  -1.8537980e-02  -1.1794424e-02   5.8772886e-03
  -4.3383121e-02  -4.8076649e-01   1.3938996e+00  -1.8222719e-02  -1.1869659e-02   6.1258368e-03
  -4.9211318e-02  -4.6891875e-01   1.4762708e+00  -1.8521886e-02  -1.1983381e-02   5.9682730e-03
  -6.6919178e-02  -5.3310066e-01   1.4363710e+00  -1.8384763e-02  -1.2217614e-02   5.5037512e-03
  -7.6712736e-02  -5.4355910e-01   1.4291226e+00  -1.8690546e-02  -1.2457771e-02   5.6685179e-03
  -7.0840781e-02  -5.3765302e-01   1.4612481e+00  -1.8748808e-02  -1.2114791e-02   5.7005082e-03
  -8.2350499e-02  -5.7214802e-01   1.4878641e+00  -1.9729589e-02  -1.2371803e-02   5.7787327e-03
  -9.6731193e-02  -5.3773736e-01   1.3575877e+00  -1.3919945e-02  -1.0998054e-02   4.6741971e-03
  -1.0324589e-01  -4.9829731e-01   1.4000944e+00  -1.8324492e-02  -1.1349028e-02   4.8617892e-03
  -9.5849626e-02  -5.7439304e-01   1.4146554e+00  -1.9279547e-02  -1.2204445e-02   5.3784659e-03
  -9.7378139e-02  -5.0941749e-01   1.4556541e+00  -1.9191914e-02  -1.2251624e-02   5.4263884e-03
  -8.9393306e-02  -5.7199723e-01   1.4458233e+00  -1.9498370e-02  -1.1976414e-02   5.3442744e-03
  -1.0122226e-01  -6.1514860e-01   1.4121306e+00  -1.9171932e-02  -1.2090887e-02   5.2105518e-03
  -1.0351683e-01  -5.7959566e-01   1.4450154e+00  -1.8890231e-02  -1.1878025e-02   5.3665356e-03
  -1.1318067e-01  -5.7435721e-01   1.5157554e+00  -1.9997764e-02  -1.1872047e-02   4.9275568e-03
  -8.9800026e-02  -6.3134283e-01   1.4361405e+00  -1.9701733e-02  -1.1447400e-02   5.0897959e-03
  -1.0513014e-01  -5.5937364e-01   1.4845100e+00  -1.9445228e-02  -1.1693895e-02   5.1184229e-03
  -1.1474820e-01  -5.7480435e-01   1.5209904e+00  -2.0275302e-02  -1.1894466e-02   4.9913104e-03
  -1.2362809e-01  -6.5359402e-01   1.4714240e+00  -2.0918228e-02  -1.1856517e-02   4.9843418e-03
  -1.1338731e-01  -5.9614534e-01   1.4856613e+00  -2.0354946e-02  -1.1508331e-02   5.0868906e-03
  -1.2519288e-01  -6.1784207e-01   1.5260732e+00  -2.0711890e-02  -1.1627462e-02   4.8877134e-03
  -1.4428792e-01  -6.7909904e-01   1.4611815e+00  -2.0902108e-02  -1.1833431e-02   5.0311904e-03
  -1.5447219e-01  -6.3000784e-01   1.4905158e+00  -2.0814801e-02  -1.1616839e-02   5.1192807e-03
  -1.5065832e-01  -6.0586082e-01   1.5413748e+00  -2.0647726e-02  -1.1349136e-02   4.7386503e-03
  -1.4829964e-01  -6.5434930e-01   1.5039069e+00  -2.0789804e-02  -1.1708689e-02   5.0699345e-03
  -1.4797764e-01  -6.3078040e-01   1.4858991e+00  -2.0142360e-02  -1.1995353e-02   5.0890131e-03
  -1.4490773e-01  -5.9258660e-01   1.5537609e+00  -2.0905441e-02  -1.1649086e-02   4.5771881e-03
  -1.3678319e-01  -6.7730394e-01   1.5083995e+00  -2.1478788e-02  -1.1664843e-02   4.6142143e-03
  -1.4146295e-01  -6.4898397e-01   1.4843126e+00  -2.1105899e-02  -1.1561196e-02   5.0368585e-03
  -1.5230334e-01  -6.1020516e-01   1.5537186e+00  -2.1403593e-02  -1.1693065e-02   4.7260300e-03
  -1.4262060e-01  -6.7695700e-01   1.5071192e+00  -2.1404619e-02  -1.1625581e-02   4.9013036e-03
  -1.5233246e-01  -6.2753180e-01   1.4905389e+00  -2.1422649e-02  -1.1753202e-02   4.7764552e-03
  -1.4399213e-01  -6.1260096e-01   1.5082352e+00  -2.0728622e-02  -1.1729738e-02   4.9900834e-03
  -1.5638712e-01  -6.1299016e-01   1.5579117e+00  -2.1407399e-02  -1.1945113e-02   4.7340487e-03
  -1.3763269e-01  -6.7788160e-01   1.5176714e+00  -2.1687092e-02  -1.1798860e-02   4.9722101e-03
  -1.3297211e-01  -6.0143482e-01   1.5293187e+00  -2.1275142e-02  -1.1393156e-02   4.9931264e-03
  -1.5383275e-01  -6.2753162e-01   1.5687352e+00  -2.1942798e-02  -1.1446958e-02   4.6549476e-03
  -1.5657413e-01  -6.9747598e-01   1.5094557e+00  -2.2502676e-02  -1.1591664e-02   5.0289467e-03
  -1.5647166e-01  -6.1710427e-01   1.5572337e+00  -2.1610065e-02  -1.1406403e-02   4.9874025e-03
  -1.6217349e-01  -6.2270250e-01   1.5789856e+00  -2.2226050e-02  -1.1403719e-02   4.7473908e-03
  -1.7041630e-01  -6.7667139e-01   1.5464559e+00  -2.2961759e-02  -1.1569004e-02   4.8651333e-03
  -1.5265872e-01  -6.4760775e-01   1.5440950e+00  -2.2262843e-02  -1.1075075e-02   4.9432357e-03
  -1.5967702e-01  -6.7625136e-01   1.6213999e+00  -2.4137428e-02  -1.0550728e-02   4.1515773e-03
  -1.3451343e-01  -6.5241177e-01   1.8201903e+00  -2.3767751e-02  -9.7850493e-03   3.8882322e-03
  -1.6747193e-01  -6.6992506e-01   1.6803952e+00  -2.3247287e-02  -1.0761810e-02   4.0825297e-03
  -1.6770980e-01  -6.4678567e-01   1.7555243e+00  -2.3113919e-02  -1.1261549e-02   4.0687686e-03
  -1.6203731e-01  -7.0151424e-01   1.7096279e+00  -2.3796140e-02  -1.1431743e-02   4.3912585e-03
  -1.4770118e-01  -6.3398124e-01   1.7235832e+00  -2.2229344e-02  -1.1398299e-02   4.8942820e-03
  -1.6581644e-01  -6.5301026e-01   1.7155186e+00  -2.2121585e-02  -1.1722121e-02   4.3544312e-03
  -1.6032151e-01  -6.5616851e-01   1.7031867e+00  -2.2602907e-02  -1.1966267e-02   4.7359968e-03
  -1.5890651e-01  -6.3565146e-01   1.7495281e+00  -2.2538061e-02  -1.1634497e-02   4.6526783e-03
  -1.6489116e-01  -7.1478625e-01   1.7358591e+00  -2.3790198e-02  -1.1806731e-02   4.6970429e-03
  -1.5317310e-01  -6.7457701e-01   1.7500283e+00  -2.2758153e-02  -1.1268813e-02   4.2915871e-03
  -1.4535603e-01  -6.6131650e-01   1.8210767e+00  -2.3419683e-02  -1.1010476e-02   3.9087701e-03
  -1.3874903e-01  -7.8946101e-01   1.8408797e+00  -2.5043069e-02  -1.1199580e-02   4.0951399e-03
  -8.9301140e-02  -5.9112268e-01   2.3083851e+00  -2.4459713e-02  -9.6839891e-03   2.5349513e-03
  -1.3283023e-01  -6.8534028e-01   2.0440260e+00  -2.4083755e-02  -1.0182375e-02   2.1023457e-03
  -1.4046735e-01  -6.0539173e-01   1.8745413e+00  -1.9811089e-02  -1.0026200e-02   2.0562901e-03
  -1.0801160e-01  -5.6933434e-01   1.9194314e+00  -2.1708603e-02  -9.1540651e-03   1.8609318e-03
  -1.0245575e-01  -6.0600564e-01   1.9041051e+00  -2.2345968e-02  -9.2154636e-03   2.3044644e-03
  -1.0918582e-01  -5.6731584e-01   1.9128223e+00  -2.2393801e-02  -9.4119167e-03   2.3698992e-03
  -1.0535740e-01  -5.6009320e-01   1.9958530e+00  -2.2746848e-02  -9.1598502e-03   1.6748428e-03
  -1.0608586e-01  -6.5921078e-01   1.8922013e+00  -2.2698074e-02  -9.3418983e-03   2.2659322e-03
  -1.0858092e-01  -5.9419554e-01   1.9310894e+00  -2.2507079e-02  -9.0799934e-03   2.2857181e-03
  -1.1836363e-01  -6.3730121e-01   1.9446395e+00  -2.3267445e-02  -9.3006783e-03   2.1004372e-03
  -1.0506051e-01  -6.3681920e-01   1.9247755e+00  -2.2861594e-02  -8.9637668e-03   2.3393138e-03
  -1.0164583e-01  -6.0033232e-01   1.9649865e+00  -2.3310989e-02  -9.0627785e-03   2.1270346e-03
  -8.4840751e-02  -6.4119429e-01   1.8985057e+00  -2.2765452e-02  -9.0398133e-03   2.4184477e-03
  -9.1100760e-02  -5.5925129e-01   1.9457435e+00  -2.1976330e-02  -9.2103730e-03   2.5953213e-03
  -1.0086670e-01  -5.7660975e-01   1.9364106e+00  -2.1628999e-02  -9.4083245e-03   2.3706368e-03
  -8.7291604e-02  -5.8567361e-01   1.8802205e+00  -2.1154304e-02  -9.2311726e-03   2.8409646e-03
  -9.6800745e-02  -5.2763802e-01   1.9933314e+00  -2.1749729e-02  -9.0342236e-03   2.0767503e-03
  -9.8367129e-02  -6.1454340e-01   1.8899453e+00  -2.1755007e-02  -9.2724364e-03   2.2597634e-03
  -1.1072784e-01  -5.2948030e-01   1.9428551e+00  -2.1183947e-02  -9.6997888e-03   2.4633331e-03
  -9.4253624e-02  -5.9899897e-01   1.9584869e+00  -2.2462961e-02  -9.2798879e-03   2.3813467e-03
  -1.1208390e-01  -5.9290556e-01   1.9293141e+00  -2.1961606e-02  -9.7035846e-03   2.5693786e-03
  -1.2468536e-01  -5.4326047e-01   1.9914515e+00  -2.2391000e-02  -9.8161025e-03   2.3495401e-03
  -1.2473544e-01  -6.3468553e-01   1.9380377e+00  -2.2871849e-02  -1.0091139e-02   2.2945144e-03
  -1.2763756e-01  -5.7164528e-01   1.9277307e+00  -2.1998344e-02  -9.9567421e-03   2.3254472e-03
  -1.2985818e-01  -5.5326117e-01   1.9859426e+00  -2.2792683e-02  -9.9454114e-03   2.1861068e-03
  -1.2835983e-01  -6.4825451e-01   1.9569960e+00  -2.3014218e-02  -9.8877266e-03   2.2779034e-03
  -1.4173372e-01  -5.5155478e-01   2.0200894e+00  -2.2760214e-02  -9.9445743e-03   2.3115729e-03
  -1.3834467e-01  -6.1976241e-01   1.9814016e+00  -2.2706302e-02  -9.9911633e-03   2.2218460e-03
  -1.4632486e-01  -5.9554523e-01   1.9551794e+00  -2.2103044e-02  -1.0261718e-02   2.7103940e-03
  -1.3214384e-01  -5.6525442e-01   2.0052646e+00  -2.2500749e-02  -9.8116635e-03   2.4522223e-03
  -1.4015173e-01  -6.4456288e-01   1.9404783e+00  -2.2303704e-02  -1.0144732e-02   2.6074421e-03
  -1.4141421e-01  -5.4546761e-01   1.9665326e+00  -2.2207151e-02  -1.0119423e-02   2.7865642e-03
  -1.2532166e-01  -6.3900507e-01   1.9652405e+00  -2.3271023e-02  -9.9572484e-03   2.5780760e-03
  -1.3528857e-01  -5.4323502e-01   1.9919428e+00  -2.2849293e-02  -1.0133969e-02   2.4313118e-03
  -1.4266249e-01  -6.3682443e-01   1.9339942e+00  -2.2816915e-02  -1.0713396e-02   2.6057062e-03
  -1.3747881e-01  -5.8503201e-01   1.9476813e+00  -2.2416095e-02  -1.0196451e-02   2.5868357e-03
  -1.3276455e-01  -5.8519481e-01   1.9118276e+00  -2.2885757e-02  -1.0487150e-02   2.4088125e-03
  -1.2105224e-01  -6.1841992e-01   1.9308200e+00  -2.2867023e-02  -1.0573230e-02   2.3478260e-03
  -1.1078966e-01  -5.9114194e-01   1.8817658e+00  -2.2598358e-02  -1.0750358e-02   2.3022404e-03
  -1.4944118e-01  -5.2981819e-01   1.9076139e+00  -2.1589279e-02  -1.1094942e-02   2.2726715e-03
  -1.2997849e-01  -5.8767871e-01   1.8753133e+00  -2.2531941e-02  -1.0855976e-02   2.2438476e-03
  -1.2778188e-01  -5.8465701e-01   1.8783966e+00  -2.2515327e-02  -1.1003828e-02   2.5344726e-03
  -1.4291044e-01  -5.1562794e-01   1.9387256e+00  -2.1323085e-02  -1.1271218e-02   2.3521308e-03
  -1.2846998e-01  -5.9854341e-01   1.8574377e+00  -2.2100888e-02  -1.1160127e-02   2.3225449e-03
  -1.4004817e-01  -5.4671280e-01   1.8930193e+00  -2.2205133e-02  -1.0989087e-02   2.2179249e-03
  -1.4386446e-01  -5.7133574e-01   1.9062131e+00  -2.3066578e-02  -1.1116102e-02   2.1512138e-03
  -1.2867282e-01  -6.1016072e-01   1.8662195e+00  -2.2634283e-02  -1.1065365e-02   2.4764595e-03
  -1.3384337e-01  -5.3271316e-01   1.9360670e+00  -2.2422614e-02  -1.1285256e-02   2.4150471e-03
  -1.2894433e-01  -5.9264512e-01   1.9153300e+00  -2.3056032e-02  -1.1256727e-02   2.4815179e-03
  -1.2872586e-01  -5.9260789e-01   1.8901866e+00  -2.2879672e-02  -1.1270339e-02   2.6088555e-03
  -1.2886373e-01  -5.3380775e-01   1.8980894e+00  -2.2095088e-02  -1.1270144e-02   2.6031498e-03
  -1.4853704e-01  -5.4968057e-01   1.9215771e+00  -2.2815272e-02  -1.1386096e-02   2.3509157e-03
  -1.4161613e-01  -6.0987447e-01   1.8492032e+00  -2.3109854e-02  -1.1434924e-02   2.6431221e-03
  -1.2702224e-01  -5.4319265e-01   1.9351620e+00  -2.2679073e-02  -1.0807273e-02   2.5119485e-03
  -1.3296894e-01  -5.8606759e-01   1.9247598e+00  -2.4076170e-02  -1.0932052e-02   2.3142069e-03
  -1.3083921e-01  -6.2777264e-01   1.8609524e+00  -2.3671366e-02  -1.0729655e-02   2.6770926e-03
  -1.3939460e-01  -5.4551183e-01   1.8983794e+00  -2.3538486e-02  -1.0949800e-02   2.5159918e-03
  -1.3625657e-01  -6.2098524e-01   1.8550501e+00  -2.4325958e-02  -1.0753504e-02   2.2831736e-03
  -1.3402115e-01  -6.0605240e-01   1.8222584e+00  -2.4249293e-02  -1.0736525e-02   2.5883947e-03
  -1.2873629e-01  -5.6204092e-01   1.9076407e+00  -2.3996594e-02  -1.0427355e-02   2.2766979e-03
  -1.3240740e-01  -6.1038295e-01   1.8571956e+00  -2.3819389e-02  -1.0866731e-02   2.3706467e-03
  -1.4633599e-01  -6.0844748e-01   1.7647851e+00  -2.3047245e-02  -1.1221407e-02   2.7074387e-03
  -1.6384312e-01  -5.4246725e-01   1.8013758e+00  -2.2831243e-02  -1.0958002e-02   2.5227919e-03
  -1.5627964e-01  -5.6998045e-01   1.8053919e+00  -2.3463160e-02  -1.0816497e-02   2.4749653e-03
  -1.6680083e-01  -6.1010998e-01   1.7919652e+00  -2.3755557e-02  -1.1188649e-02   2.7430225e-03
  -1.7436714e-01  -5.5213160e-01   1.8431921e+00  -2.3399437e-02  -1.1306265e-02   2.6470628e-03
  -1.5871188e-01  -5.8090764e-01   1.8491869e+00  -2.3972846e-02  -1.0717758e-02   2.4360411e-03
  -1.5983073e-01  -6.1086007e-01   1.7935103e+00  -2.3994275e-02  -1.0920640e-02   2.7969274e-03
  -1.6906131e-01  -5.3694188e-01   1.8484615e+00  -2.3726853e-02  -1.0687660e-02   2.3142718e-03
  -1.6548524e-01  -5.7859265e-01   1.8249766e+00  -2.3936112e-02  -1.0552786e-02   2.0892312e-03
  -1.8588154e-01  -5.2736288e-01   1.7281307e+00  -2.1321371e-02  -1.1111528e-02   2.0070912e-03
  -1.7913240e-01  -5.6059268e-01   1.7541526e+00  -2.2104557e-02  -1.1086627e-02   2.1610185e-03
  -1.8647140e-01  -5.1772765e-01   1.7893246e+00  -2.2522420e-02  -1.1207436e-02   2.0276074e-03
  -1.7444628e-01  -5.7715011e-01   1.8009132e+00  -2.3493631e-02  -1.1043275e-02   2.0255512e-03
  -1.6984421e-01  -5.6647918e-01   1.7782907e+00  -2.3131792e-02  -1.0965927e-02   2.1828524e-03
  -1.6954521e-01  -5.4764037e-01   1.8112888e+00  -2.3624588e-02  -1.0831721e-02   2.0134184e-03
  -1.6554867e-01  -5.9372648e-01   1.7656700e+00  -2.3541071e-02  -1.0953678e-02   1.9711436e-03
  -1.6155586e-01  -5.5626486e-01   1.7797176e+00  -2.3007317e-02  -1.0933987e-02   2.2283846e-03
  -1.4688564e-01  -5.7314674e-01   1.8027572e+00  -2.3257217e-02  -1.0604084e-02   2.1259092e-03
  -1.5520452e-01  -5.5059773e-01   1.8422295e+00  -2.4228003e-02  -1.0475896e-02   1.8137693e-03
  -1.3562925e-01  -6.3826834e-01   1.7852652e+00  -2.4415687e-02  -1.0271769e-02   2.3199389e-03
  -1.4372956e-01  -5.2785696e-01   1.8732704e+00  -2.4083681e-02  -1.0179003e-02   1.9517958e-03
  -1.2850235e-01  -6.3479498e-01   1.8203026e+00  -2.3948877e-02  -1.0288981e-02   1.8699158e-03
  -1.4711666e-01  -5.1391710e-01   1.7935671e+00  -2.1057420e-02  -1.0670800e-02   2.1679546e-03
  -1.4366236e-01  -5.4740169e-01   1.8514187e+00  -2.3135720e-02  -1.0093736e-02   2.0318714e-03
  -1.2988685e-01  -6.0067398e-01   1.8158237e+00  -2.3383807e-02  -1.0217487e-02   2.4530003e-03
  -1.4090921e-01  -5.2959110e-01   1.8722805e+00  -2.3247284e-02  -1.0164692e-02   2.1497097e-03
  -1.5223493e-01  -6.1024600e-01   1.8142955e+00  -2.4119051e-02  -1.0636563e-02   2.0967137e-03
  -1.4708370e-01  -5.6074678e-01   1.8406891e+00  -2.3400925e-02  -1.0344629e-02   2.2617629e-03
