   1.4210855e-14   0.0000000e+00   0.0000000e+00   1.3363824e-51   1.9259299e-34   0.0000000e+00
  -3.0613115e-02  -6.9850481e-02  -2.3765362e-01  -6.5788261e-04  -2.3751579e-04   2.8776052e-05
  -4.5119784e-02  -6.9686413e-02  -2.1336172e-01  -8.5847084e-04  -2.3954681e-04  -3.2164444e-05
  -2.8470624e-02  -3.5045800e-02  -1.3680630e-01  -1.1230954e-03   1.3046058e-04  -4.2691805e-05
  -4.3291032e-03  -5.3880656e-02  -1.5530207e-01  -9.7646057e-04   5.3592483e-04   1.4197199e-04
  -5.1703087e-03  -5.3604510e-02  -1.6474872e-01  -6.8196125e-04   6.4809076e-04   1.8356186e-04
   4.5325235e-03  -2.0169686e-02  -1.1449825e-01  -4.8227649e-04   7.2356275e-04   1.5187823e-04
   5.0864538e-03  -5.2452051e-02  -1.5557692e-01  -6.8865280e-04   6.9744158e-04   2.8103327e-04
  -2.6607629e-03  -4.3938743e-02  -1.7503937e-01  -7.4293908e-04   5.6577025e-04   1.9952110e-04
   1.9516825e-03  -1.4350448e-02  -1.0953837e-01  -7.4884481e-04   4.9833274e-04   9.8606215e-05
   3.8676900e-03  -6.2254302e-02  -1.5214239e-01  -9.9651801e-04   5.5010498e-04   3.0128388e-04
   1.6596043e-02  -1.1410215e-02  -1.3364959e-01  -6.2115060e-04   8.0629089e-04   1.2247004e-04
   1.0866249e-02  -2.2052939e-02  -6.3616391e-02  -8.9127876e-04   5.3150091e-04   3.1999790e-05
   1.3876915e-04  -3.3282088e-02  -2.1585107e-01  -9.1448960e-04   6.0360763e-04   5.2936860e-05
   1.9144902e-02   2.5615499e-02  -4.2317728e-02  -5.3574957e-04   6.7960671e-04   5.0660065e-05
   2.5979181e-02  -1.1453044e-01  -2.4610701e-01  -7.0367294e-04   9.3687268e-04   1.4869257e-04
   6.9251492e-03   4.4124292e-03  -1.8531484e-01  -5.1627980e-04   9.0852210e-04   2.5079217e-05
   3.2037040e-03   5.9543204e-02  -1.1631017e-01   1.7259261e-04   8.4172552e-04  -1.7859987e-04
   1.8049495e-02   9.8861856e-04  -1.3917784e-01  -2.4750662e-04   9.0805244e-04  -1.9515452e-04
   4.6885422e-03   6.3535669e-02  -1.9505983e-01   9.4309028e-04   7.7186325e-04  -3.6095408e-04
   1.4146147e-02   4.1183504e-02  -5.1835385e-02  -1.7449575e-04   8.1175817e-04  -3.2993655e-04
  -3.1407411e-03  -2.4992978e-02  -2.1387865e-01  -4.2892087e-04   6.6958566e-04  -3.3533853e-04
   1.0124976e-02   5.8273204e-02  -8.2269420e-02  -2.8848321e-04   8.9914418e-04  -4.2509025e-04
   3.1811472e-03  -3.6099721e-02  -1.7225983e-01  -6.6553866e-04   7.2753094e-04  -4.8895064e-04
   5.4200804e-03   5.0039753e-02  -1.1293659e-01   1.3048347e-05   9.2062544e-04  -4.9169021e-04
   4.9838968e-03  -9.7158179e-03  -9.8575638e-02  -6.7594925e-04   8.4095630e-04  -5.9352390e-04
  -1.5104210e-03   1.3239509e-02  -1.8937628e-01  -8.0518783e-05   7.6714505e-04  -6.0118669e-04
   2.6770568e-02   2.8810376e-02  -5.5946300e-02  -3.0244761e-04   1.1426945e-03  -4.7459486e-04
   2.4920494e-02  -5.3673336e-03  -1.9049637e-01  -7.3050320e-05   1.1939425e-03  -4.1523979e-04
   4.1116007e-02   4.8793030e-02  -3.9937506e-02   6.0378793e-05   1.3289895e-03  -4.5020726e-04
   2.8035518e-02  -2.7960868e-02  -1.8411430e-01  -2.3530647e-04   1.2435410e-03  -3.8364686e-04
   3.0010689e-02   6.4734137e-02  -7.6785932e-02   1.6374135e-04   1.2469030e-03  -3.9719455e-04
   2.8549864e-02   1.6756339e-02  -1.3610805e-01   3.3865177e-04   1.0796704e-03  -3.5778806e-04
   1.7345125e-02   1.8310517e-02  -1.8700939e-01   1.7613044e-04   1.1859919e-03  -3.2019419e-04
   4.2920740e-02   3.3095982e-02  -1.2279076e-01   2.1418089e-04   1.4790109e-03  -3.1687108e-04
   4.6842399e-02   1.0691523e-02  -1.3478099e-01  -1.7070856e-04   1.5378787e-03  -3.2010777e-04
   2.7310686e-02   9.9350068e-04  -2.0504948e-01   9.9468486e-05   1.2346275e-03  -2.6799676e-04
   3.8503826e-02   8.5657118e-02  -5.2702630e-02   2.7759028e-04   1.4671782e-03  -3.2733559e-04
   4.0664030e-02  -1.7349597e-02  -1.8767043e-01  -1.0052260e-05   1.4823083e-03  -1.6685664e-04
   5.2349221e-02   6.7055996e-02  -1.0824428e-01   5.3774607e-04   1.7966573e-03  -2.2134912e-04
   5.1282839e-02  -8.3304102e-03  -1.2765423e-01  -2.5437808e-04   1.5801654e-03  -2.5180708e-04
   4.2141368e-02   1.9581214e-02  -1.9490959e-01  -2.4853281e-05   1.5787317e-03  -1.4954302e-04
   5.6685755e-02   4.4493062e-02  -9.7598339e-02  -6.3645264e-05   1.7842515e-03  -3.1790779e-04
   4.2526615e-02  -2.2479899e-02  -1.9018624e-01  -5.4080846e-04   1.5735393e-03  -3.4317325e-04
   5.2672854e-02   5.9839328e-02  -1.2126315e-01  -2.2497464e-04   1.8433105e-03  -3.8327484e-04
   6.9206796e-02   7.1592078e-04  -1.2035257e-01  -7.2120405e-04   1.8988763e-03  -2.9663285e-04
   5.1375705e-02   2.6035268e-02  -1.8160983e-01  -2.2229069e-04   1.8177054e-03  -2.7863609e-04
   6.2909119e-02   6.7379533e-02  -1.3259467e-01   1.6728781e-04   1.9676621e-03  -2.5472843e-04
   5.4543108e-02   8.9416552e-03  -1.4817029e-01  -2.0279030e-04   1.6463214e-03  -4.8570061e-04
   4.5813706e-02   2.3379049e-02  -1.9393202e-01   2.2919992e-04   1.6900870e-03  -3.8630875e-04
   6.8685880e-02  -1.9992486e-02  -7.6962482e-02   2.0424981e-06   1.9438532e-03  -5.4228915e-04
   6.9829003e-02   1.8274512e-02  -1.9587219e-01   1.4143177e-04   2.1577808e-03  -5.1419694e-04
   9.1247813e-02   7.8080874e-02  -7.7045051e-02   3.9598625e-04   2.2934191e-03  -5.0037979e-04
   5.7311500e-02  -7.2070958e-04  -1.8104919e-01  -1.7738928e-04   1.8161639e-03  -7.3696835e-04
   5.7974593e-02   8.4282751e-02  -1.2281388e-01   3.9413776e-04   1.9454995e-03  -8.3164640e-04
   7.1817621e-02   3.0099637e-02  -7.6778237e-02  -1.9329349e-04   1.9800209e-03  -1.0346913e-03
   5.7779497e-02   5.8026373e-02  -1.7753685e-01   3.0696669e-04   2.0148755e-03  -6.8112261e-04
   7.1600597e-02   6.4803180e-02  -1.0085070e-01   3.2211476e-04   2.0432294e-03  -6.8072269e-04
   6.5188463e-02   8.3217282e-03  -1.9401770e-01   2.1700465e-04   1.9862183e-03  -5.7430967e-04
   6.8304204e-02   9.8343302e-02  -1.0148655e-01   7.7032711e-04   2.0808606e-03  -6.8684008e-04
   5.4161014e-02   7.6933566e-03  -1.7587745e-01   3.9633387e-04   1.8281647e-03  -6.3131980e-04
   6.9264063e-02   9.8552366e-02  -9.7325994e-02   8.2030863e-04   2.0883492e-03  -7.0387953e-04
   6.4468901e-02   1.3807540e-02  -1.3229755e-01   1.9923130e-04   1.9102422e-03  -8.0031401e-04
   5.9905597e-02   8.6221367e-02  -1.0800442e-01   8.9939806e-04   1.9074943e-03  -8.4012308e-04
   6.3337956e-02   3.2307303e-02  -1.0674223e-01   1.7804562e-04   1.8423768e-03  -8.6166925e-04
   5.7581796e-02   3.2842692e-02  -1.9209343e-01   3.4853431e-04   1.9015888e-03  -8.6115822e-04
   5.9713511e-02   4.7665648e-02  -1.0916418e-01   4.7015422e-06   1.9109366e-03  -9.9162649e-04
   4.4274291e-02  -1.4184681e-02  -2.0407205e-01  -3.9402933e-04   1.6771042e-03  -9.4630388e-04
   6.0924463e-02   6.0585106e-02  -1.1963126e-01  -6.3027447e-05   1.9549788e-03  -9.7218260e-04
   6.5590131e-02  -1.4630411e-02  -1.8309792e-01  -5.8952653e-04   2.0149833e-03  -8.3053352e-04
   5.9543899e-02   2.3376195e-02  -2.0856731e-01  -2.0374948e-04   1.9912937e-03  -9.4870022e-04
   6.1122278e-02   4.6522969e-02  -4.7675367e-02  -4.0458797e-04   1.8155414e-03  -1.0551399e-03
   5.7534668e-02   2.7595310e-02  -2.1848503e-01  -1.5533358e-04   1.9834139e-03  -8.7515336e-04
   6.4068810e-02   2.7892884e-03  -1.6431625e-01  -5.3170494e-04   1.9538114e-03  -1.0064776e-03
   4.8580465e-02   1.8441984e-02  -2.4483068e-01  -2.4496170e-04   1.8672570e-03  -9.3315276e-04
   6.1996996e-02   6.0952389e-02  -1.4545609e-01   1.3062155e-05   1.9040092e-03  -1.0231795e-03
   5.2594769e-02  -1.4442105e-02  -2.0723751e-01  -4.2116411e-04   1.7856282e-03  -1.0190376e-03
   5.3176516e-02   5.7445074e-02  -1.5612785e-01   3.4514717e-05   1.9033483e-03  -1.0901428e-03
   6.2927146e-02   2.2478670e-03  -1.4976067e-01  -4.1191364e-04   1.8887585e-03  -1.0246638e-03
   5.3742231e-02   3.5466702e-02  -1.9031799e-01   3.0023987e-04   1.8728787e-03  -9.5831599e-04
   6.0260481e-02   3.9321390e-02  -1.0346291e-01  -1.1916826e-04   1.8555931e-03  -1.1022577e-03
   6.9280735e-02  -6.2061008e-02  -2.3066168e-01  -3.0633420e-04   2.0182615e-03  -1.1447049e-03
   5.3362687e-02   3.5397652e-02  -1.9974335e-01  -2.9920393e-05   1.9648538e-03  -9.3151571e-04
   7.6088284e-02   1.1901138e-01  -1.4204698e-01   1.0976368e-03   2.2988069e-03  -1.1662412e-03
   5.9508898e-02   1.8872456e-02  -1.3595459e-01   5.1690030e-06   1.8160422e-03  -1.0407775e-03
   6.5547805e-02   4.1779728e-02  -2.0779815e-01   2.6716466e-04   2.0776012e-03  -9.6377581e-04
   8.4788060e-02   8.0220113e-02  -7.0525074e-02   5.4508217e-04   2.3148895e-03  -1.0915446e-03
   6.0926285e-02   1.8197536e-02  -2.2178741e-01   2.6327550e-04   2.0048729e-03  -1.0720911e-03
   5.6121823e-02   7.4320852e-02  -1.7001235e-02  -1.8879562e-04   1.8949828e-03  -1.1967347e-03
   5.1368547e-02   4.1751068e-02  -2.1702711e-01   2.6596401e-04   1.9523301e-03  -1.1992592e-03
   5.8511390e-02   6.0866677e-03  -1.0788073e-01  -6.1562003e-04   1.9295908e-03  -1.2552203e-03
   5.3454198e-02   2.5347896e-02  -2.0900889e-01  -2.7052471e-04   2.1434892e-03  -1.1503562e-03
   7.0007206e-02   7.2328992e-02  -1.2571036e-01   6.5850749e-05   2.1596575e-03  -1.2368449e-03
   3.9956334e-02  -1.9037359e-03  -1.8475549e-01  -1.5502517e-04   1.6011130e-03  -1.1601189e-03
   4.4469771e-02   6.4413341e-02  -1.7440103e-01   1.9476681e-04   1.8431474e-03  -1.3090910e-03
   6.0434399e-02   2.7026083e-02  -7.9439624e-02  -1.7034870e-05   1.9817574e-03  -1.2041590e-03
   5.7772190e-02   1.1864203e-02  -1.6875440e-01   1.7392132e-04   2.1025470e-03  -1.2019261e-03
   5.8603076e-02   1.0561816e-01  -1.0735470e-01   8.4380247e-04   2.1440653e-03  -1.1939202e-03
   5.4088081e-02   9.7265537e-03  -1.6859586e-01  -2.5573164e-04   1.9356830e-03  -1.3103057e-03
   5.4328520e-02   7.1732043e-02  -1.3360435e-01   1.6773580e-04   1.9524394e-03  -1.4184991e-03
   6.5852628e-02   5.3333841e-03  -1.4340249e-01  -3.8217981e-04   2.0619829e-03  -1.4483227e-03
   6.2092604e-02   3.3200045e-02  -2.0059580e-01   6.2779685e-05   2.2694675e-03  -1.2933670e-03
   7.7267342e-02   7.0062316e-02  -9.9558800e-02   1.8929416e-04   2.4404713e-03  -1.2289393e-03
   6.0263460e-02   1.3294995e-02  -1.4850221e-01  -2.8335435e-05   2.0843431e-03  -1.1763104e-03
   5.0434006e-02   7.7787291e-02  -1.3698462e-01   6.1003615e-04   2.0426679e-03  -1.1672660e-03
   6.2399777e-02   4.6143190e-02  -1.0706508e-01   3.3459894e-04   2.0258862e-03  -1.3234537e-03
   4.6247036e-02   5.1101097e-02  -1.8540212e-01   7.0962003e-04   1.9715186e-03  -1.3168165e-03
   6.5819279e-02   6.8793531e-02  -4.4117053e-02   3.3594433e-04   2.1173779e-03  -1.3597030e-03
   5.5200410e-02   3.6977316e-02  -2.0024177e-01   5.4723966e-04   2.0820301e-03  -1.1712099e-03
   7.0149963e-02   9.7840526e-02  -7.6364937e-02   5.8373568e-04   2.2637527e-03  -1.3337800e-03
   6.6139991e-02   2.9303016e-02  -1.7708138e-01   5.1270555e-04   2.2947292e-03  -1.2434780e-03
   6.3532453e-02   9.9232970e-02  -7.5673138e-02   4.4800688e-04   2.2110952e-03  -1.3290891e-03
   5.7700433e-02  -8.0204609e-02  -2.3033861e-01  -3.3504365e-04   2.0731310e-03  -1.8284070e-03
   4.7069254e-02   8.8197397e-02  -1.8213978e-01   4.9667672e-04   2.3137131e-03  -1.9030416e-03
   5.9840238e-02   1.1691993e-01  -1.2884927e-01   1.0420223e-03   2.3534618e-03  -1.7193977e-03
   6.9203937e-02   6.1933083e-02  -1.3405682e-01   7.1877240e-04   2.4193264e-03  -1.7257512e-03
   6.8897010e-02   7.7211802e-02  -1.9371148e-01   1.0510961e-03   2.5372651e-03  -1.6545260e-03
   8.3281787e-02   1.2917972e-01  -3.3397163e-02   1.2007698e-03   2.6192116e-03  -1.7036766e-03
   6.0990862e-02   3.2496169e-02  -1.5014726e-01   5.8350045e-04   2.3675225e-03  -1.7148427e-03
   6.8021868e-02   1.3440556e-01  -3.6668468e-02   8.0959709e-04   2.4375059e-03  -1.8133669e-03
   7.7295930e-02   1.2717356e-02  -1.3574710e-01   1.7126934e-04   2.5080217e-03  -1.7770472e-03
   7.4803502e-02   1.5221772e-01  -8.0764229e-03   7.5246742e-04   2.5264189e-03  -1.8305810e-03
   6.9779227e-02   1.6282350e-02  -1.6407444e-01   1.3768901e-04   2.5199943e-03  -1.7432378e-03
   7.1200282e-02   1.2399924e-01  -1.1891051e-01   9.8402061e-04   2.5988132e-03  -1.7211031e-03
   6.4231267e-02   9.3668498e-02  -1.0071553e-01   6.2873758e-04   2.2937445e-03  -1.8559548e-03
   5.1796000e-02   7.2458299e-02  -1.8509887e-01   5.4054148e-04   2.2514050e-03  -1.9212124e-03
   6.9508827e-02   1.5264943e-01  -8.4282013e-02   1.2682690e-03   2.6238024e-03  -1.7673772e-03
   6.3529415e-02   4.7563161e-02  -1.2722065e-01   7.2738667e-04   2.3289866e-03  -1.9004396e-03
   5.5388924e-02   1.0129278e-01  -1.6580131e-01   1.1118419e-03   2.3863343e-03  -1.7924647e-03
   7.7093873e-02   1.1268026e-01  -4.7882552e-02   8.6195952e-04   2.5695433e-03  -1.8661921e-03
   6.4432070e-02   6.4632365e-02  -1.7941676e-01   1.0256786e-03   2.5372383e-03  -1.9020854e-03
   6.9794861e-02   1.2861419e-01  -8.5483521e-02   1.1680412e-03   2.5546589e-03  -1.7502389e-03
   7.4320893e-02  -2.2445080e-02  -2.1655248e-01   2.2522996e-04   2.7703660e-03  -1.9834464e-03
   7.4126842e-02   1.4613627e-01  -1.0865707e-01   9.5848718e-04   2.8883854e-03  -1.8267539e-03
   8.1428328e-02   7.9622057e-02  -1.1979597e-01   6.8222680e-04   2.8563035e-03  -1.8246438e-03
   7.2075847e-02   9.0106196e-02  -1.9182159e-01   8.9399254e-04   2.8039448e-03  -1.7876018e-03
   7.3007430e-02   1.4445670e-01  -7.4184945e-02   1.0420031e-03   2.7426943e-03  -1.7698210e-03
   6.2220359e-02   5.4902803e-02  -1.6628444e-01   6.3788209e-04   2.5871943e-03  -1.8562117e-03
   7.5350552e-02   2.0079967e-01   7.0496772e-02   1.1970689e-03   2.5842128e-03  -1.9699699e-03
   6.7702610e-02   3.0429000e-02  -2.2400822e-01   9.1030928e-04   2.6744816e-03  -2.0074591e-03
   8.8802825e-02   1.2473081e-01   4.2683318e-02   9.9941269e-04   2.7353281e-03  -1.7934934e-03
   9.6913140e-02   1.6875047e-01  -3.8674099e-02   1.8865782e-03   2.9441910e-03  -1.8339288e-03
   7.9767455e-02   3.4390912e-02  -2.1030028e-01   9.0406892e-04   2.7673374e-03  -2.0484781e-03
   8.7196164e-02   1.8432130e-01  -2.6290947e-02   1.1752422e-03   2.8633179e-03  -2.1657582e-03
   6.3662646e-02   6.8839713e-02  -2.2050620e-01   7.7241069e-04   2.6582142e-03  -2.3707224e-03
   8.7744621e-02   1.6156242e-01  -4.3006859e-02   8.9890875e-04   2.9657321e-03  -2.1757981e-03
   7.9071907e-02   8.0210772e-02  -1.9215326e-01   8.5648545e-04   3.0042630e-03  -1.9254627e-03
   6.7509187e-02   1.4633473e-01  -6.6761836e-02   1.1732613e-03   2.7612863e-03  -1.9524347e-03
   6.2637324e-02   8.2164442e-02  -1.0829202e-01   9.9114014e-04   2.5246457e-03  -2.0647915e-03
   7.3159919e-02   1.2497891e-01  -1.0152322e-01   9.8222299e-04   2.8080254e-03  -2.0834544e-03
   9.1654208e-02   8.1168255e-02  -9.5894775e-02   6.8335150e-04   2.9612225e-03  -2.0806756e-03
   7.5509509e-02   1.0191184e-01  -1.4373104e-01   9.6297912e-04   2.7667607e-03  -2.1511637e-03
   8.1618546e-02   1.4812098e-01  -6.6404028e-02   1.1534157e-03   2.8463319e-03  -2.0518041e-03
   7.2905094e-02   8.0291712e-02  -1.3622258e-01   8.3659029e-04   2.7139080e-03  -1.9370764e-03
   6.5500751e-02   1.4955075e-01  -7.2614666e-02   1.5333791e-03   2.5218291e-03  -2.1173233e-03
   6.1690635e-02   8.0120773e-02  -7.9329121e-02   9.2330242e-04   2.2797392e-03  -2.2442429e-03
   6.9921171e-02   1.3431751e-01  -1.0308652e-01   1.4550159e-03   2.6281198e-03  -2.1625472e-03
   7.3670857e-02   8.6583579e-02  -5.2267056e-02   9.2956573e-04   2.5452795e-03  -2.2058166e-03
   7.4022096e-02   3.5456893e-02  -1.4005328e-01   7.9045388e-04   2.5647112e-03  -2.3202352e-03
   7.4318438e-02   9.0240964e-02  -1.5522981e-01   5.7920437e-04   2.7568564e-03  -2.2849415e-03
   7.6836468e-02   1.5077799e-01  -4.9739770e-02   6.8445063e-04   2.6794963e-03  -2.3759520e-03
   7.9756047e-02   6.3995665e-02  -1.5051389e-01   4.4773428e-04   2.7212897e-03  -2.2731042e-03
   7.4155390e-02   1.2383165e-01  -1.2192693e-01   1.1535049e-03   2.6571256e-03  -2.2076007e-03
   7.9481821e-02   1.3345197e-01   2.8963368e-02   8.9155062e-04   2.4952150e-03  -2.2930256e-03
   8.2472742e-02   2.2024428e-01   5.4606466e-02   1.5720007e-03   2.5421829e-03  -2.3045544e-03
   5.6245414e-02   3.0291703e-02  -2.5333014e-01   7.8580276e-04   2.3698901e-03  -2.2203680e-03
   6.7054440e-02   1.9159489e-01   7.4915539e-02   1.3798184e-03   2.3711182e-03  -2.1770190e-03
   6.1225973e-02   1.1383064e-01  -1.3840605e-01   1.5350368e-03   2.4181298e-03  -2.2386546e-03
   7.4059926e-02   1.3316579e-01  -4.5931113e-02   1.1019352e-03   2.6378091e-03  -2.1715901e-03
   6.9846961e-02   9.6401300e-02  -1.5684462e-01   9.4518924e-04   2.7173731e-03  -1.9510257e-03
   6.5087532e-02   1.6169835e-01  -7.3221890e-02   1.4044170e-03   2.5548291e-03  -2.0851268e-03
   7.3205355e-02   1.0645760e-01  -9.7985203e-02   9.3684295e-04   2.6417476e-03  -2.1768913e-03
   7.1418950e-02   1.1251806e-01  -1.5861480e-01   9.7453842e-04   2.7577365e-03  -2.1470530e-03
   7.6059476e-02   1.5087190e-01  -3.5807776e-02   8.6725621e-04   2.6681687e-03  -2.2226717e-03
   6.0583738e-02   9.6051641e-02  -1.5467421e-01   9.1896918e-04   2.5213426e-03  -2.1918607e-03
   6.4045418e-02   1.5180204e-01  -7.6942243e-02   1.1283498e-03   2.5429316e-03  -2.2578714e-03
   6.2276341e-02   1.1215409e-01  -6.6792967e-02   9.4799685e-04   2.4907602e-03  -2.2622863e-03
   5.4851044e-02   1.4031501e-01  -1.1974608e-01   1.3590152e-03   2.5398350e-03  -2.3237136e-03
   6.4743439e-02   1.5660483e-01   8.9591563e-03   1.2550230e-03   2.4984343e-03  -2.2821303e-03
   5.9583018e-02   1.2217145e-01  -1.3302575e-01   1.2701519e-03   2.5909663e-03  -2.2857786e-03
   6.4881190e-02   1.7459833e-01   9.1363698e-02   1.4547628e-03   2.3632864e-03  -2.2369167e-03
   8.7457306e-02   2.9264932e-01   1.8711444e-01   2.4613047e-03   2.7155183e-03  -2.4524629e-03
   6.4418540e-02   7.8628385e-02  -2.1310488e-01   1.6125659e-03   2.6202159e-03  -2.2695684e-03
   8.1283865e-02   1.9967070e-01   8.3637371e-02   1.9133260e-03   2.7116075e-03  -2.1642809e-03
   8.0027513e-02   1.8192451e-01  -4.7000229e-02   2.5060412e-03   2.7502170e-03  -2.1264577e-03
   6.4714382e-02   1.0663101e-02  -1.3811618e-01   8.2560541e-04   2.4480137e-03  -2.6197765e-03
   5.4828252e-02   1.6779136e-01  -1.0622953e-01   1.0809565e-03   2.7255002e-03  -2.7719272e-03
   7.9429024e-02   2.2078394e-01   4.1818853e-02   1.7014086e-03   2.8134069e-03  -2.6875109e-03
   7.5058315e-02   1.3896053e-01  -9.7777191e-02   1.5685920e-03   2.7587513e-03  -2.7467241e-03
   8.1891282e-02   2.3078058e-01   5.6229325e-02   2.1136001e-03   2.7279374e-03  -2.6689024e-03
   6.9449028e-02   1.1944494e-01  -7.0881799e-02   1.6953181e-03   2.5950045e-03  -2.7268316e-03
   8.5463985e-02   2.1639878e-01   5.9763706e-02   2.1530163e-03   2.7664131e-03  -2.6763389e-03
   7.9481864e-02   1.0796281e-01  -5.6009722e-02   1.7059613e-03   2.5897841e-03  -2.6903262e-03
   7.3928312e-02   1.7791129e-01  -3.4300193e-02   2.1892118e-03   2.6737732e-03  -2.5964717e-03
   7.6567951e-02   1.5379224e-01   6.3812250e-03   1.6190629e-03   2.5836740e-03  -2.6861704e-03
   7.1914192e-02   1.4496921e-01  -9.1789646e-02   1.6766122e-03   2.6850884e-03  -2.7666174e-03
   7.9998100e-02   1.9564662e-01   6.1191493e-03   1.5599927e-03   2.7087608e-03  -2.7228436e-03
   6.7089476e-02   1.2654217e-01  -8.7208214e-02   1.5134819e-03   2.5709987e-03  -2.6877640e-03
   7.5226098e-02   2.3755056e-01   3.9101537e-02   1.8593333e-03   2.6047354e-03  -2.7655134e-03
   7.3499196e-02   1.3358258e-01  -6.2533325e-02   1.6169404e-03   2.5517127e-03  -2.6858811e-03
   9.3592180e-02   2.8746264e-01   1.3592152e-01   2.3979278e-03   2.7616248e-03  -2.7252262e-03
   6.8295729e-02   1.2404170e-01  -1.3079570e-01   1.8331985e-03   2.4240436e-03  -2.7379315e-03
   7.2570057e-02   2.3132559e-01   1.5631433e-01   2.0964012e-03   2.3486201e-03  -2.8394011e-03
   8.7521629e-02   1.6783228e-01  -1.2653945e-01   2.2431404e-03   2.8658979e-03  -2.4560809e-03
   8.6959120e-02   1.8831972e-01  -3.4309945e-03   2.1241968e-03   2.6910765e-03  -2.4924392e-03
   7.2942255e-02   1.6144994e-01  -8.4449837e-02   2.5111823e-03   2.5665341e-03  -2.6881535e-03
   7.8256516e-02   2.2423342e-01   6.7652680e-02   2.3408925e-03   2.5526774e-03  -2.7458876e-03
   6.8352193e-02   1.4418101e-01  -9.1008701e-02   2.1767054e-03   2.4778127e-03  -2.6776546e-03
   8.6242976e-02   2.2896918e-01   1.4213711e-01   2.1753924e-03   2.5145738e-03  -2.6973034e-03
   8.4369561e-02   1.3245244e-01  -9.2897114e-02   2.1109150e-03   2.6446242e-03  -2.7530188e-03
   7.7461737e-02   1.6644597e-01   6.0011120e-02   1.7425240e-03   2.3898553e-03  -2.7993898e-03
   7.3009845e-02   2.1061248e-01   2.6657420e-02   2.1722352e-03   2.3897497e-03  -2.8212544e-03
   6.5337105e-02   1.0330196e-01  -6.2453438e-02   1.5181583e-03   2.3314832e-03  -2.6845108e-03
   6.6962825e-02   1.1791279e-01  -4.7722767e-03   1.4520562e-03   2.4654243e-03  -2.6719920e-03
   7.6742904e-02   1.4722416e-01  -7.7996529e-02   1.6231583e-03   2.9259855e-03  -2.7433111e-03
   9.3459299e-02   1.9636634e-01  -2.4024568e-03   2.0972442e-03   2.9226412e-03  -2.5683655e-03
   6.9267855e-02   1.6289801e-01  -5.9629403e-02   2.1222115e-03   2.5639017e-03  -2.5800793e-03
   9.0310242e-02   2.4658153e-01   1.9589212e-01   2.5678025e-03   2.6127089e-03  -2.6562848e-03
   7.4028174e-02   1.9287914e-01  -2.2529539e-02   2.5930021e-03   2.5922947e-03  -2.6055293e-03
   6.7649712e-02   1.4620125e-01   2.2201098e-03   1.9322371e-03   2.3730780e-03  -2.7008490e-03
   8.9280708e-02   2.9841276e-01   2.0807192e-01   2.5798793e-03   2.5071547e-03  -2.8879754e-03
   5.8722971e-02   1.1830381e-01  -1.2082924e-01   1.6862722e-03   2.1775003e-03  -2.7677876e-03
   6.6664047e-02   1.6685192e-01   1.9131445e-02   1.4213744e-03   2.3152398e-03  -2.7686793e-03
   6.6430332e-02   1.6028428e-01  -9.3320422e-02   1.8235281e-03   2.4078106e-03  -2.6440828e-03
   6.5489895e-02   1.9951799e-01   8.4881817e-02   1.7619036e-03   2.1520926e-03  -2.7257174e-03
   5.1750017e-02   2.1904340e-01  -5.6269792e-03   2.2622958e-03   2.2009315e-03  -2.6888893e-03
   4.1313513e-02   1.3267020e-01  -5.6003818e-02   1.7438432e-03   2.0292409e-03  -2.6500149e-03
   6.0541904e-02   2.5878422e-01   9.8778030e-02   2.3600692e-03   2.2982876e-03  -2.7792241e-03
   5.7664076e-02   1.3825196e-01  -7.2718035e-02   2.2264022e-03   2.1715599e-03  -2.7029782e-03
   7.4613350e-02   2.3278043e-01   1.3591583e-01   2.3765521e-03   2.2698106e-03  -2.6808493e-03
   7.1241783e-02   1.5348984e-01  -8.0264574e-02   2.4217630e-03   2.3647925e-03  -2.6051750e-03
   7.3286215e-02   1.7594630e-01   5.9046015e-02   2.0319852e-03   2.3259431e-03  -2.7015479e-03
   1.3341917e-01   3.5899640e-01   4.8648591e-01   4.2437048e-03   2.9265343e-03  -2.4559416e-03
   1.2561107e-01   3.4578109e-01   4.0926927e-01   4.0327430e-03   3.1926117e-03  -2.1270425e-03
   8.1743082e-02   7.7715450e-02  -6.2044231e-02   1.9792199e-03   2.4105642e-03  -2.4065217e-03
   8.2901128e-02   1.3044815e-01   3.7103786e-02   1.9836907e-03   2.6388817e-03  -2.3669714e-03
   1.1972663e-01   2.7623202e-01   2.6967278e-01   3.1884748e-03   2.9269825e-03  -2.6074864e-03
   9.7040779e-02   1.5119965e-01   7.4093290e-02   2.6687985e-03   2.7430364e-03  -2.5009122e-03
   1.1242571e-01   1.2374579e-01   1.2432828e-02   1.8191624e-03   3.1758256e-03  -2.3783949e-03
   1.1318070e-01   2.0214184e-01   1.3136764e-01   2.5055731e-03   3.2115136e-03  -2.2731425e-03
   1.2364067e-01   2.3643227e-01   1.8408626e-01   3.1615183e-03   3.1483030e-03  -2.5395471e-03
   1.1477791e-01   1.6199556e-01   8.3712682e-02   2.6941097e-03   2.9545087e-03  -2.4705213e-03
   1.5593533e-01   2.7929352e-01   3.6524330e-01   3.4118614e-03   3.3062176e-03  -2.5653838e-03
   1.7068354e-01   3.0194978e-01   3.3842699e-01   3.6124347e-03   3.6619520e-03  -2.5282098e-03
   1.0992521e-01   1.2722035e-01   1.1244411e-02   2.6573485e-03   3.0796124e-03  -2.1347085e-03
   1.2401445e-01   2.0093794e-01   1.9821273e-01   2.7577401e-03   3.3040316e-03  -2.2859441e-03
   1.6914818e-01   3.4431458e-01   3.3481742e-01   3.5349776e-03   3.7203769e-03  -2.5437247e-03
   6.2509293e-02   8.7135926e-02   6.6296527e-02  -3.3052573e-04   2.8537864e-03  -2.5959501e-03
   1.2228671e-01   2.2214695e-01   4.2871163e-01   1.7564919e-03   3.8358789e-03  -2.8310426e-03
   1.5021828e-01   3.1840401e-01   4.5513310e-01   2.7683384e-03   4.1088877e-03  -3.0658344e-03
   1.1472523e-01   1.7711407e-01   2.2823757e-01   2.0398916e-03   3.6071333e-03  -2.9488177e-03
   1.3619204e-01   2.6596635e-01   3.3601761e-01   2.5291662e-03   3.8480227e-03  -3.0257181e-03
   1.4016800e-01   2.2546284e-01   2.4253691e-01   2.6563084e-03   4.0117918e-03  -2.8263537e-03
   1.7960226e-01   2.8835641e-01   3.7656055e-01   2.8090168e-03   4.5165049e-03  -2.9821182e-03
   1.6404103e-01   2.1691494e-01   2.8165693e-01   2.5727052e-03   4.3639647e-03  -2.8498368e-03
   1.6454699e-01   2.6753552e-01   3.2482944e-01   2.4856455e-03   4.3621519e-03  -3.0023902e-03
   1.5514589e-01   2.1355211e-01   2.8613215e-01   2.2479641e-03   4.3525437e-03  -2.9061250e-03
   1.7028812e-01   2.9324095e-01   3.8418481e-01   2.6261826e-03   4.4674132e-03  -2.9746118e-03
   1.6019611e-01   2.2819976e-01   2.8739290e-01   2.6697351e-03   4.3886717e-03  -2.9510957e-03
   1.7969686e-01   3.3138031e-01   5.6099537e-01   2.9010782e-03   4.3984933e-03  -3.1686317e-03
   1.6655077e-01   2.8780274e-01   3.9552062e-01   2.8791222e-03   4.3618980e-03  -3.1448298e-03
   1.7062474e-01   1.6560347e-01   2.1137770e-01   2.2604385e-03   4.4887267e-03  -3.1969524e-03
   1.7295743e-01   2.6264398e-01   3.4181335e-01   2.6235858e-03   4.5531085e-03  -3.3249191e-03
   1.8126057e-01   3.6407722e-01   4.6025725e-01   3.3681539e-03   4.5532716e-03  -3.5283867e-03
   1.5730832e-01   2.2881815e-01   2.6030400e-01   2.9453286e-03   4.1666829e-03  -3.4468762e-03
   1.9202414e-01   3.4673747e-01   5.4448280e-01   3.2013284e-03   4.5610035e-03  -3.4980624e-03
   1.7547921e-01   2.3654486e-01   2.5787474e-01   2.8896847e-03   4.4763018e-03  -3.2641007e-03
   1.8767858e-01   2.6649610e-01   4.2831542e-01   2.7950523e-03   4.5168358e-03  -3.2351508e-03
   2.1420919e-01   4.3187411e-01   6.7981231e-01   3.8604770e-03   4.6979776e-03  -3.5379889e-03
   1.7091867e-01   2.3226675e-01   2.6889058e-01   2.6977762e-03   4.2581632e-03  -3.2582034e-03
   1.5305740e-01   2.1932831e-01   3.0349056e-01   2.1862992e-03   4.0830606e-03  -3.2889297e-03
   1.6833003e-01   3.1646173e-01   3.7671868e-01   3.2039756e-03   4.4008591e-03  -3.2155105e-03
   1.5072354e-01   2.3721533e-01   3.3235505e-01   2.7428463e-03   4.1071191e-03  -3.1585697e-03
   1.8902448e-01   3.7137445e-01   5.3801524e-01   3.5459500e-03   4.5057117e-03  -3.4716339e-03
   1.5846034e-01   2.3685211e-01   2.7976636e-01   3.1643207e-03   4.2727136e-03  -3.1501058e-03
   1.7432582e-01   2.7353800e-01   3.9435420e-01   3.1318018e-03   4.4660633e-03  -3.0914732e-03
   1.8781004e-01   3.3410592e-01   4.3637065e-01   3.9786141e-03   4.7228230e-03  -3.1539945e-03
   1.7327758e-01   2.3926434e-01   3.2957317e-01   3.3237315e-03   4.4394335e-03  -3.1825967e-03
   1.9779170e-01   3.2519243e-01   4.9995594e-01   3.3229248e-03   4.6527404e-03  -3.3970245e-03
   1.7764858e-01   2.7180248e-01   3.4277780e-01   3.2062278e-03   4.4543556e-03  -3.3537860e-03
   1.9106035e-01   2.6115948e-01   4.0689405e-01   2.8694320e-03   4.6726527e-03  -3.2327101e-03
   1.8035883e-01   2.7653668e-01   3.3853563e-01   3.0421626e-03   4.4858322e-03  -3.2555762e-03
   1.8855916e-01   2.6564346e-01   4.6536980e-01   2.8365506e-03   4.5109289e-03  -3.2854005e-03
   2.1236988e-01   3.3783299e-01   5.0734885e-01   3.3603644e-03   4.8768145e-03  -3.4270668e-03
   2.1250254e-01   1.8387092e-01   2.8247412e-01   2.5471768e-03   5.0875551e-03  -3.2894183e-03
   2.0225094e-01   2.6314390e-01   3.8291716e-01   2.9499097e-03   4.9906942e-03  -3.1966545e-03
   2.2510463e-01   3.7350363e-01   5.0105075e-01   3.5786101e-03   5.0948348e-03  -3.4191729e-03
   1.8671685e-01   2.2707979e-01   2.7563861e-01   2.6919439e-03   4.6637821e-03  -3.4120541e-03
   2.1693236e-01   2.9962668e-01   5.4586893e-01   2.6664890e-03   4.9658068e-03  -3.6105082e-03
   2.2884923e-01   3.7842247e-01   4.9620768e-01   3.6954434e-03   5.1602078e-03  -3.3957102e-03
   1.8803725e-01   2.0765808e-01   2.2248602e-01   2.6999262e-03   4.7768144e-03  -2.9604749e-03
   2.0292943e-01   3.2627995e-01   4.2075572e-01   3.5499600e-03   4.9556817e-03  -3.0701734e-03
   1.9830519e-01   2.5909081e-01   3.5475177e-01   3.1055492e-03   4.7889464e-03  -3.0348750e-03
   1.9667402e-01   2.9423393e-01   3.3646640e-01   3.5975891e-03   4.8067499e-03  -3.1029143e-03
   2.0223058e-01   3.1344277e-01   4.5026261e-01   3.5284137e-03   4.7642321e-03  -3.2495725e-03
   2.0303092e-01   3.1018243e-01   3.7688102e-01   3.6264204e-03   4.9400945e-03  -3.3578303e-03
   2.0681127e-01   2.8525081e-01   4.3816702e-01   3.1862643e-03   4.8413307e-03  -3.2393319e-03
   2.3508663e-01   4.4195379e-01   6.8444246e-01   3.8690864e-03   5.1874552e-03  -3.6570405e-03
   1.7312061e-01   2.4018497e-01   3.0386055e-01   3.0682060e-03   4.4378587e-03  -3.3727391e-03
   1.6215188e-01   2.4539791e-01   3.8192295e-01   2.5051625e-03   4.3578808e-03  -3.4173689e-03
   2.4218537e-01   4.0101797e-01   6.6301439e-01   3.6323693e-03   5.2605765e-03  -3.7305510e-03
   2.0018156e-01   2.4962592e-01   3.2038836e-01   3.1035446e-03   4.7248610e-03  -3.4077461e-03
   1.7554372e-01   2.5435249e-01   3.8077533e-01   2.8438687e-03   4.3975756e-03  -3.2932399e-03
   2.2569160e-01   4.1131697e-01   5.7978539e-01   3.9479780e-03   4.7896167e-03  -3.6182559e-03
   2.0224872e-01   2.6628233e-01   2.9515290e-01   3.6038864e-03   4.6689568e-03  -3.2490584e-03
   1.9313806e-01   2.9529130e-01   3.9645435e-01   3.4715930e-03   4.5237241e-03  -3.2319900e-03
   2.1245828e-01   3.6687136e-01   4.6556946e-01   4.1419475e-03   4.8708901e-03  -3.4048104e-03
   1.8228074e-01   2.6202011e-01   2.8592683e-01   3.3918104e-03   4.5739981e-03  -3.2509594e-03
   2.0942207e-01   3.2232473e-01   5.3235623e-01   3.6518465e-03   4.7121828e-03  -3.3451306e-03
   2.2011795e-01   3.4419679e-01   5.0087614e-01   3.9471842e-03   4.8603596e-03  -3.3889567e-03
   2.1027185e-01   1.8485895e-01   3.4407045e-01   2.8501255e-03   4.8941873e-03  -3.4377987e-03
   2.0816581e-01   2.8053825e-01   3.5631429e-01   2.8079837e-03   5.0352755e-03  -3.3611978e-03
   2.1895372e-01   3.3431001e-01   4.1462249e-01   3.5378062e-03   5.0281854e-03  -3.3721133e-03
   2.1025336e-01   2.7119950e-01   3.4890419e-01   3.2789051e-03   4.9857429e-03  -3.3365455e-03
   2.6139190e-01   3.7237143e-01   6.2936264e-01   3.9109770e-03   5.5462723e-03  -3.5556325e-03
   2.5205275e-01   3.9051508e-01   5.5464580e-01   3.9561436e-03   5.5556139e-03  -3.5445222e-03
   2.0068378e-01   2.2821669e-01   2.4697036e-01   2.7136061e-03   4.8834124e-03  -3.1621453e-03
   2.1650760e-01   3.2787074e-01   5.3540698e-01   3.1233931e-03   5.0346464e-03  -3.5066709e-03
   2.3263350e-01   4.0505951e-01   5.5056568e-01   3.6798941e-03   5.1495943e-03  -3.5981144e-03
   1.8231038e-01   2.3029053e-01   2.6073503e-01   2.8451896e-03   4.4641657e-03  -3.4305199e-03
   1.8201095e-01   2.8481609e-01   4.0540752e-01   2.6835036e-03   4.4729282e-03  -3.5768605e-03
   2.4328721e-01   4.1654910e-01   5.8159116e-01   3.8528220e-03   5.1219736e-03  -3.7143015e-03
   1.9905633e-01   2.5353776e-01   3.0024805e-01   3.2053756e-03   4.5426651e-03  -3.4747494e-03
   1.9025197e-01   2.7571926e-01   4.0938888e-01   2.6728860e-03   4.5091866e-03  -3.5764048e-03
   2.4326769e-01   4.1269257e-01   6.4438131e-01   3.7894347e-03   5.0541984e-03  -3.8335253e-03
   1.9472819e-01   2.4386401e-01   3.1760788e-01   2.7575838e-03   4.3555338e-03  -3.5636645e-03
   1.8143543e-01   2.5365540e-01   3.3003659e-01   2.6472558e-03   4.3156774e-03  -3.5668640e-03
   2.3162853e-01   3.6298407e-01   5.6354517e-01   3.3027718e-03   4.8602333e-03  -3.6769330e-03
   2.0471708e-01   2.2632033e-01   3.8222529e-01   2.9442567e-03   4.6857694e-03  -3.4511421e-03
   1.9390387e-01   2.9967897e-01   3.4902872e-01   3.3810164e-03   4.8670919e-03  -3.3995547e-03
   2.1567238e-01   3.4720996e-01   4.4600740e-01   3.9208187e-03   4.9896020e-03  -3.5782456e-03
   2.0308477e-01   2.8978663e-01   3.7958706e-01   3.3141676e-03   4.8545984e-03  -3.5182151e-03
   2.0332510e-01   3.0442843e-01   4.5573533e-01   3.5366598e-03   4.7866940e-03  -3.5642216e-03
   2.3370195e-01   3.9348090e-01   5.6386383e-01   3.9650897e-03   5.0145915e-03  -3.7197341e-03
   1.8033729e-01   2.3848753e-01   2.9517791e-01   2.7686658e-03   4.5109479e-03  -3.3405011e-03
   2.0781958e-01   3.5793534e-01   5.9786332e-01   3.3084046e-03   4.7524179e-03  -3.5636962e-03
   2.1491962e-01   4.1414731e-01   5.5999877e-01   3.6874040e-03   4.8707416e-03  -3.7048061e-03
   1.6903386e-01   2.4277114e-01   2.3357010e-01   3.0303618e-03   4.3325633e-03  -3.5120047e-03
   1.8527787e-01   3.1539086e-01   4.2501741e-01   3.4452824e-03   4.5396269e-03  -3.5846827e-03
   2.2827560e-01   4.6267235e-01   7.0074780e-01   4.3145835e-03   5.1381138e-03  -3.8574217e-03
   1.8249113e-01   3.2097657e-01   3.4656922e-01   3.9928384e-03   4.5667792e-03  -3.5277756e-03
   1.5245513e-01   2.5793318e-01   2.7748964e-01   3.1426373e-03   4.2261101e-03  -3.4749879e-03
   1.8830495e-01   3.9427125e-01   5.7466661e-01   3.8289737e-03   4.4407757e-03  -3.7982939e-03
   1.5844400e-01   3.1878770e-01   3.9366040e-01   3.5557965e-03   3.9417582e-03  -3.7020415e-03
   1.3553608e-01   2.7004295e-01   3.0340462e-01   3.1573599e-03   3.7670554e-03  -3.7142229e-03
   1.7286768e-01   3.5630414e-01   4.9285771e-01   3.4763185e-03   4.1795949e-03  -3.7990610e-03
   1.4965938e-01   2.6978250e-01   3.4166312e-01   3.4006438e-03   3.9171226e-03  -3.6356572e-03
   1.6217293e-01   3.2404141e-01   3.9155123e-01   3.7074375e-03   4.0786321e-03  -3.7994918e-03
   1.7204098e-01   3.6531964e-01   4.5849987e-01   3.7895084e-03   4.2404376e-03  -3.8992827e-03
   1.5884890e-01   2.8222579e-01   3.4452811e-01   3.3924118e-03   3.9696544e-03  -3.7074342e-03
   1.8217121e-01   3.7053886e-01   5.2425914e-01   4.0997895e-03   4.1676870e-03  -3.9721250e-03
   1.6898543e-01   3.3170508e-01   4.4907067e-01   3.4245179e-03   4.2015257e-03  -3.8058366e-03
   1.5076422e-01   2.6364753e-01   3.1953802e-01   3.1253132e-03   3.9635529e-03  -3.6526606e-03
   1.7970509e-01   3.6632331e-01   5.7105713e-01   3.6056730e-03   4.1891878e-03  -3.8522673e-03
   1.6525607e-01   3.4196441e-01   3.9389714e-01   3.8372088e-03   4.2685396e-03  -3.6667720e-03
   1.6867032e-01   3.0944973e-01   4.1085234e-01   3.6403431e-03   4.1431463e-03  -3.6726858e-03
   2.0852906e-01   4.4767992e-01   6.7346321e-01   4.4034580e-03   4.5932254e-03  -4.0184127e-03
   1.7056847e-01   3.1366697e-01   3.5677681e-01   4.1567986e-03   4.1082370e-03  -3.7514539e-03
   1.3878735e-01   2.8249487e-01   3.3927222e-01   3.4651862e-03   3.7991622e-03  -3.6517515e-03
   1.8244594e-01   4.0575399e-01   5.5774171e-01   3.4442624e-03   4.1700139e-03  -3.9996189e-03
   1.5161836e-01   2.7595642e-01   3.4765527e-01   2.8296446e-03   3.8565352e-03  -3.9825325e-03
   1.2558394e-01   2.9230226e-01   3.3081910e-01   3.0276538e-03   3.6822050e-03  -3.7558373e-03
   1.5189889e-01   3.5292808e-01   4.8887940e-01   3.3498479e-03   3.8456378e-03  -4.1046895e-03
   1.4272199e-01   2.9115390e-01   3.2347217e-01   3.3269251e-03   3.9598033e-03  -3.8399020e-03
   1.3334686e-01   2.8419798e-01   4.2290032e-01   3.1275961e-03   3.7835974e-03  -3.8497094e-03
   1.8681738e-01   4.4814608e-01   6.7253308e-01   3.9634452e-03   4.3071505e-03  -4.1638584e-03
   1.4242941e-01   2.9009573e-01   3.5262667e-01   3.4521235e-03   3.8635039e-03  -3.8393297e-03
   1.2896247e-01   2.8964529e-01   3.9052859e-01   3.1232090e-03   3.8730198e-03  -3.6264350e-03
   1.4635664e-01   3.9111272e-01   4.6857053e-01   3.9765433e-03   4.0580203e-03  -3.7332356e-03
   1.2333581e-01   2.7876555e-01   3.3378362e-01   3.4254679e-03   3.7261021e-03  -3.6526429e-03
   1.7179395e-01   4.1153705e-01   6.5693111e-01   4.0262025e-03   4.3282247e-03  -3.9380842e-03
   1.7248838e-01   4.2145175e-01   5.0289188e-01   4.8228346e-03   4.3379373e-03  -3.8509518e-03
   1.3704978e-01   2.6742417e-01   3.1671672e-01   3.3243314e-03   3.8440630e-03  -3.7288111e-03
   1.5709453e-01   3.6724016e-01   5.6073456e-01   3.3235393e-03   4.0545018e-03  -3.9135916e-03
   1.4682803e-01   3.3484479e-01   4.0866188e-01   3.5449490e-03   3.9349869e-03  -3.7956788e-03
   1.3395815e-01   2.8839357e-01   3.5211313e-01   3.4350009e-03   3.8832823e-03  -3.7346492e-03
   1.7773927e-01   4.2182560e-01   5.9478867e-01   4.0548605e-03   4.3564984e-03  -3.9175468e-03
   1.5458964e-01   3.0997189e-01   3.3343256e-01   3.8362857e-03   4.1464756e-03  -3.5759415e-03
   1.4517773e-01   3.1496616e-01   4.1182925e-01   3.6245979e-03   4.0280626e-03  -3.6823718e-03
   1.8594690e-01   4.1230876e-01   5.6414012e-01   4.2971758e-03   4.5375626e-03  -3.8923795e-03
   1.3161604e-01   2.3117421e-01   4.5183693e-01   2.1694584e-03   3.8742847e-03  -3.8906684e-03
