   0.0000000e+00   0.0000000e+00   0.0000000e+00   0.0000000e+00   0.0000000e+00   0.0000000e+00
  -6.1204573e-02   1.0684230e-02  -1.2916842e-01   9.8244221e-04  -9.5702973e-04   3.1635438e-04
  -2.9985751e-02   1.3573855e-01   1.3532079e-01   2.2375504e-03  -1.1803826e-04  -3.2527251e-04
  -6.9925056e-02   1.0721529e-01  -7.5443935e-02   1.5904625e-03  -1.1934296e-03   4.1823455e-04
  -6.6077958e-02   1.8206684e-01   1.4782840e-02   3.1577194e-03  -8.7965590e-04  -3.1952354e-04
  -6.2799867e-02   1.5217860e-01   1.6924664e-01   3.3016711e-03  -9.9904388e-04  -1.1616182e-03
  -8.4699039e-02   8.8088992e-02   2.0608923e-02   2.9641782e-03  -1.9818946e-03  -3.4042903e-04
  -1.2976810e-01   1.2150171e-01   8.4724511e-02   3.9411008e-03  -2.1582402e-03  -1.5270568e-03
  -1.4007071e-01   1.4447312e-01   2.1242524e-01   4.2824296e-03  -2.1222456e-03  -2.0507738e-03
  -1.9776131e-01   1.0921979e-01  -2.7749225e-02   4.0833686e-03  -3.5155456e-03  -1.3049750e-03
  -1.8577497e-01   1.8448160e-01   1.0385945e-01   5.8182077e-03  -3.1703274e-03  -1.4143525e-03
  -1.5574767e-01   2.2358474e-01   2.4365740e-01   6.6442699e-03  -2.3150248e-03  -2.3569530e-03
  -1.9951382e-01   1.7092685e-01   1.6864179e-02   5.6970069e-03  -3.5109058e-03  -2.2909988e-03
  -1.8291443e-01   2.4906005e-01   3.8166451e-02   7.8031801e-03  -3.5392528e-03  -2.1369859e-03
  -1.9770316e-01   3.2527251e-01   1.9550251e-01   8.4595481e-03  -3.6092600e-03  -3.5382312e-03
  -1.8347298e-01   2.8553912e-01   4.8511447e-02   7.7871216e-03  -3.6293260e-03  -3.2373067e-03
  -2.4532912e-01   3.3269971e-01  -1.7008053e-02   9.3786051e-03  -3.9884918e-03  -3.6256904e-03
  -2.1371593e-01   3.6746701e-01   1.1639447e-01   9.7636574e-03  -3.9225129e-03  -3.5830674e-03
  -9.8177130e-02  -1.5889808e-01   3.3230643e-01   2.6919526e-03  -2.7894053e-03  -3.5143088e-03
  -7.8483130e-02  -2.0341754e-01   1.3241849e-01   3.1359408e-03  -2.1074001e-03  -3.6447121e-03
  -9.5893126e-02  -6.8804725e-02   2.7000610e-01   5.3008867e-03  -2.4120297e-03  -3.9706082e-03
  -1.1659557e-01  -7.1002568e-02   3.0593187e-01   5.1527511e-03  -3.0521767e-03  -3.7388733e-03
  -1.2662751e-01  -9.2378958e-02   7.0342185e-02   5.5951341e-03  -3.2573921e-03  -3.4434239e-03
  -1.2821967e-01  -1.0655388e-02   3.6715128e-01   6.4067070e-03  -2.7347184e-03  -4.4479235e-03
  -1.9743655e-01  -4.8234294e-02   7.9741530e-02   5.5560278e-03  -4.1034316e-03  -3.6520444e-03
  -1.5608158e-01   8.0608717e-02   2.6663058e-01   7.7038281e-03  -2.8683063e-03  -4.1079270e-03
  -1.7014663e-01   6.2635464e-02   1.0892278e-01   6.5151016e-03  -3.5207262e-03  -3.5063533e-03
  -1.2819565e-01   5.8632634e-03   1.6696461e-01   5.6705316e-03  -3.0112697e-03  -2.7188073e-03
   1.2653559e-02  -3.7626173e-01   3.2946759e-01   1.0889628e-03  -1.3397016e-03  -3.2193685e-03
  -6.5225572e-02  -2.7378866e-01   2.9032103e-01   2.5970995e-03  -2.8529414e-03  -3.1620522e-03
  -5.6916078e-02  -2.4317726e-01   2.2639349e-01   3.6904983e-03  -2.8325662e-03  -3.1334051e-03
  -2.9077291e-02  -1.8218038e-01   3.9401417e-01   4.4346415e-03  -2.3910952e-03  -3.3735293e-03
  -1.9480414e-02  -2.5004235e-01   2.7758896e-01   3.8143019e-03  -2.8610285e-03  -3.3247725e-03
  -2.9194102e-02  -2.1537412e-01   2.5426868e-01   5.0826578e-03  -2.6682819e-03  -3.4489881e-03
  -4.0784031e-03  -1.7607569e-01   3.2920912e-01   5.5121184e-03  -2.1121598e-03  -3.4998978e-03
   1.4891482e-02   2.9983416e-02   6.0213229e-01   1.2063146e-02  -1.6554136e-03  -4.0986918e-03
   7.5042210e-03   3.4214745e-02   6.2782933e-01   9.1957974e-03  -2.4475825e-03  -4.1370607e-03
  -8.8542487e-02  -5.2036303e-01  -4.1992348e-01  -3.2214057e-03  -4.3805008e-03  -4.2336132e-03
   1.3815568e-02  -9.8825298e-01  -6.1320468e-01  -6.9580733e-03  -2.8407860e-03  -6.4072970e-03
  -1.3003673e-01  -6.1656787e-01  -5.0149728e-01  -5.7638722e-03  -4.4741820e-03  -4.6935069e-03
  -6.6110695e-02  -7.1606380e-01  -1.6020759e-01  -3.8163583e-03  -3.2553376e-03  -5.1118681e-03
  -8.8162745e-02  -7.6119419e-01  -2.9184663e-01  -3.0899889e-03  -4.0805566e-03  -4.6741716e-03
  -7.4515118e-02  -7.7325374e-01  -2.3855504e-01  -2.7590758e-03  -3.8176890e-03  -5.4104827e-03
  -1.1519409e-01  -7.6273772e-01  -9.3039104e-02  -1.8677976e-03  -4.4509789e-03  -6.0374498e-03
  -8.4278877e-02  -7.1332620e-01  -1.2044157e-01   4.8460135e-04  -4.3239567e-03  -6.0303121e-03
  -8.3819769e-02  -6.7515637e-01  -3.8922185e-02   8.0723444e-04  -4.2715796e-03  -6.5285568e-03
  -1.1795369e-01  -6.8407596e-01  -8.0634965e-02   1.2214228e-03  -4.6703724e-03  -6.7756908e-03
  -7.0351161e-02  -6.7827355e-01  -1.1741603e-01   1.0405512e-03  -4.5178224e-03  -6.5809800e-03
  -9.6699818e-02  -5.9262114e-01  -1.5971971e-02   2.2009284e-03  -4.7237319e-03  -7.5877445e-03
  -1.1799416e-01  -3.3221162e-01   3.5237816e-01   2.5144612e-03  -5.1499797e-03  -8.4287652e-03
  -5.3907648e-02  -3.2347549e-01   1.2059764e-01   3.1067993e-03  -4.6334804e-03  -7.5070144e-03
  -8.5229449e-02  -2.6725259e-01   2.6064828e-01   4.0306438e-03  -4.9451752e-03  -7.9999046e-03
  -6.9705063e-02  -2.2832415e-01   2.6157901e-01   4.4688277e-03  -4.6802453e-03  -8.3637227e-03
  -9.7258653e-02  -1.9667000e-01   2.9584504e-02   4.7544740e-03  -5.6615105e-03  -7.3773572e-03
  -9.1400914e-02  -1.1583059e-01   2.5678737e-01   5.1813818e-03  -5.1374045e-03  -8.2940826e-03
  -1.1279666e-01  -1.5441247e-01   2.0008239e-01   4.6992177e-03  -5.8570948e-03  -8.6392214e-03
  -7.0286461e-02  -1.5468599e-01   5.1359552e-02   5.6544296e-03  -5.4622957e-03  -7.6374948e-03
  -3.6911377e-02  -1.0088764e-01   1.8125792e-01   5.9955448e-03  -4.7890316e-03  -8.2768780e-03
  -3.3139720e-02  -1.6710322e-01   7.5588567e-02   6.2415387e-03  -5.3432121e-03  -8.0629736e-03
   6.4191560e-02  -8.4301939e-01  -3.2309297e-01  -9.8267478e-03  -2.1959935e-03  -7.1377941e-03
   1.1458640e-01  -6.4561172e-01  -3.6013600e-01  -1.0337569e-02  -2.7276874e-03  -6.3709897e-03
   6.8079707e-02  -6.1174571e-01  -3.0805004e-01  -6.0881715e-03  -3.7184653e-03  -5.3442636e-03
   1.1566841e-01  -4.5250458e-01  -8.1387932e-02  -1.6079809e-03  -2.9085218e-03  -5.6884581e-03
   7.2410699e-02  -4.6315190e-01   2.5453991e-02  -1.2370325e-03  -3.2329126e-03  -6.7417205e-03
   5.7537725e-02  -5.2862215e-01  -6.9367945e-02  -1.3729356e-03  -3.8079786e-03  -6.6322891e-03
   8.0146739e-03  -5.0450730e-01  -3.7159073e-02  -3.9832583e-04  -4.0694187e-03  -7.1130464e-03
   3.7027200e-02  -4.8725220e-01   1.2947003e-01   5.7456727e-04  -3.6474055e-03  -8.0040819e-03
   3.0933583e-02  -4.8423799e-01  -1.2329361e-01   1.9772689e-03  -4.0363189e-03  -7.6059486e-03
   2.6478858e-02  -4.0810533e-01   7.3977943e-02   1.9535232e-03  -3.8190424e-03  -7.4973835e-03
   5.2581983e-02  -4.0426661e-01  -1.5749530e-02   1.7000976e-03  -3.9750755e-03  -7.6686987e-03
   1.5088204e-02  -3.9725987e-01  -6.4091605e-02   2.0976660e-03  -4.4734735e-03  -7.5625098e-03
   5.9290949e-03  -2.6333592e-01   1.3518391e-01   3.9763520e-03  -4.4062940e-03  -8.0497121e-03
  -6.9540128e-04  -2.6254117e-01   5.4695270e-03   3.3710245e-03  -4.6518474e-03  -7.7421206e-03
  -8.1510556e-03  -1.8934140e-01   3.2688513e-02   4.4237850e-03  -4.6233135e-03  -7.3731802e-03
   1.7926966e-02  -1.1165540e-01   1.8788837e-01   4.8953555e-03  -3.9158248e-03  -7.5699377e-03
   1.3948955e-02  -1.1712211e-01  -6.5473514e-03   6.5775046e-03  -4.5772519e-03  -7.1325919e-03
   1.0509510e-02  -8.2695139e-02   1.7469466e-01   5.6747572e-03  -4.0552345e-03  -7.8581261e-03
   5.6517893e-03  -1.0736204e-01   1.0697841e-01   5.0390428e-03  -4.2940986e-03  -7.6848278e-03
   2.2158254e-02  -8.2220304e-02   8.7196151e-02   6.0163099e-03  -3.8040133e-03  -7.2344645e-03
  -4.7891307e-03  -4.4687379e-02   2.1308729e-01   6.3555261e-03  -3.6109946e-03  -7.6853646e-03
  -2.5329086e-02  -1.1373258e-01   4.9579719e-02   5.4281100e-03  -4.6314468e-03  -7.7066358e-03
  -3.1355126e-02  -5.6353251e-02   1.3481349e-01   6.6793542e-03  -4.5395682e-03  -7.9438068e-03
  -2.5929059e-02  -5.1446473e-02   1.5204627e-01   7.2528260e-03  -4.2758638e-03  -8.0227232e-03
  -3.7296799e-02  -8.5334579e-02   5.7494638e-02   5.6905352e-03  -4.6351068e-03  -7.9822995e-03
  -3.2980363e-02  -2.9789349e-02   2.0956608e-02   6.8359765e-03  -4.3111426e-03  -7.6103628e-03
  -2.6044737e-02  -2.8904665e-02   8.2360775e-02   6.5928061e-03  -3.9912281e-03  -8.0232899e-03
   1.3740623e-01  -1.2804424e+00  -6.5686434e-01  -1.1395037e-02  -2.4365877e-03  -8.0640204e-03
   5.9993658e-02  -6.8661087e-01  -2.3801018e-01  -2.9228862e-03  -2.8695425e-03  -8.1856100e-03
  -7.2031207e-04  -5.2691164e-01   1.2121257e-02  -4.9634671e-04  -3.3037730e-03  -8.8556431e-03
   4.9019939e-03  -5.0592277e-01  -2.5075212e-01   6.0345201e-04  -3.8099752e-03  -8.3812960e-03
  -5.1814659e-02  -3.3901788e-01  -5.2084336e-02   2.4207189e-03  -4.1681047e-03  -8.2515329e-03
  -5.0718359e-02  -3.3676943e-01  -9.6666583e-02   2.2534097e-03  -4.4226243e-03  -8.5969821e-03
  -6.4621641e-02  -3.5713627e-01  -7.3516190e-02   2.3779547e-03  -5.0811373e-03  -8.7834879e-03
  -8.4147945e-02  -3.6873929e-01  -1.1810287e-01   2.7969675e-03  -5.2317740e-03  -8.7410699e-03
  -6.3292583e-02  -3.2962354e-01   1.4210339e-02   3.3970850e-03  -4.8032172e-03  -9.4380484e-03
   2.1383091e-02  -4.0702236e-01  -6.5515034e-02   2.9209925e-03  -4.2274052e-03  -8.5134464e-03
  -3.2165932e-03  -2.6869461e-01   4.7571903e-02   4.8410815e-03  -4.0558844e-03  -9.0494562e-03
  -1.7129645e-02  -2.5168657e-01   4.9812371e-02   4.5763767e-03  -4.3564794e-03  -9.3864932e-03
  -2.2875213e-03  -2.8512027e-01  -4.9944878e-03   2.8880602e-03  -4.8243585e-03  -9.3105990e-03
   7.5252045e-03  -3.3425783e-01  -6.0168663e-02   1.1452622e-03  -4.2835960e-03  -9.5145771e-03
  -3.9527844e-02  -2.0206208e-01   1.9696910e-02   3.3619173e-03  -4.6591522e-03  -9.4595168e-03
  -6.0298208e-02  -1.8333016e-01   1.7639666e-02   3.5977731e-03  -5.0786052e-03  -9.8506304e-03
  -7.1509386e-02  -2.6788875e-01   2.2128945e-02   2.8280994e-03  -5.4623723e-03  -9.9297327e-03
  -7.3416050e-02  -2.5540897e-01  -4.7937889e-02   3.5729266e-03  -5.3699471e-03  -9.4980743e-03
  -1.0479693e-01  -1.8538155e-01   5.7369999e-02   4.1922272e-03  -5.2731629e-03  -1.0246841e-02
  -6.8317373e-02  -2.1757282e-01  -1.8191551e-02   3.9530005e-03  -5.3623414e-03  -9.9179140e-03
  -2.2221984e-02  -2.2281560e-01  -3.8312496e-02   4.3402445e-03  -4.5071965e-03  -9.4230715e-03
  -6.1179812e-02  -1.8135506e-01   1.3698593e-01   5.1229093e-03  -4.3148455e-03  -9.8146578e-03
  -4.2849946e-02  -2.4548116e-01  -4.4711778e-03   4.1914827e-03  -4.4606479e-03  -9.6144014e-03
  -7.1156323e-02  -1.4685837e-01   4.1078267e-02   9.1710189e-03  -5.6172595e-03  -8.7870967e-03
   5.8223149e-02   3.0460441e-02   8.2235291e-01   8.0085373e-03  -1.8541769e-03  -9.3087968e-03
  -5.8185242e-02   4.3003612e-03   1.2182072e-01   7.0232539e-03  -5.3266658e-03  -7.2275479e-03
  -2.1328681e-01   1.3277107e-01   1.6080831e-01   6.7185915e-03  -7.2303543e-03  -6.6731259e-03
  -2.5977192e-01   1.7564633e-01   3.7733440e-01   8.1406413e-03  -7.0969895e-03  -7.0095906e-03
  -2.6304707e-01   2.1048715e-01   3.7283894e-01   8.3651915e-03  -7.1782215e-03  -7.7148756e-03
  -3.2212117e-01   1.6401352e-01   3.3704540e-01   7.9695218e-03  -8.2409111e-03  -7.6033050e-03
  -3.2026102e-01   1.6649311e-01   3.2584007e-01   8.1878362e-03  -8.2672520e-03  -7.7767858e-03
  -3.5587721e-01   1.8249234e-01   3.1300371e-01   8.9089226e-03  -8.6048554e-03  -8.2204549e-03
  -3.1840370e-01   2.1535618e-01   4.1138187e-01   9.6319229e-03  -8.0900670e-03  -8.0399415e-03
  -3.1453519e-01   1.6965116e-01   2.4801657e-01   9.0773770e-03  -8.7139626e-03  -7.6442741e-03
  -3.2789811e-01   2.3682594e-01   3.4048870e-01   1.0105164e-02  -8.6485823e-03  -7.8341131e-03
  -3.3024319e-01   2.1152250e-01   3.4415757e-01   9.5161403e-03  -8.5173476e-03  -8.1568352e-03
  -3.0602116e-01   3.5007586e-02   3.5903413e-01   5.1865161e-03  -8.9444217e-03  -8.0977720e-03
  -2.2741607e-01  -3.8328779e-02   1.5825368e-01   3.4878883e-03  -8.3973626e-03  -7.3173556e-03
  -1.7974560e-01   1.6647037e-01   4.2820977e-01   7.2043378e-03  -7.2431959e-03  -7.7762930e-03
  -1.8648737e-01   1.6595279e-01   2.7147796e-02   7.6963309e-03  -8.4852040e-03  -6.8314207e-03
  -2.0441436e-01   2.4727755e-01   3.1177126e-01   8.9994793e-03  -7.8155824e-03  -7.4791137e-03
  -2.1053375e-01   1.9211994e-01   2.7361989e-01   8.2809318e-03  -8.3023201e-03  -7.6900513e-03
  -1.9272676e-01   1.6834318e-01   1.5587629e-01   8.8192110e-03  -8.3963083e-03  -7.3849936e-03
  -1.9896202e-01   2.3455573e-01   2.9170127e-01   9.7330241e-03  -7.8416193e-03  -7.7656389e-03
  -2.2025038e-01   1.8452747e-01   1.8694974e-01   9.2835723e-03  -8.5529930e-03  -7.5467225e-03
  -2.0565043e-01   2.3857938e-01   1.3778257e-01   1.0459156e-02  -8.2209206e-03  -7.3972831e-03
  -1.8334188e-01   2.7314363e-01   1.9139849e-01   1.0629501e-02  -7.7390596e-03  -7.6004257e-03
  -2.0488712e-01   2.1618477e-01   1.7950092e-01   1.0094995e-02  -8.4142721e-03  -7.7334778e-03
  -2.0815844e-01   2.6932133e-01   9.7416413e-02   1.1519009e-02  -8.0735190e-03  -7.4935845e-03
  -1.9289725e-01   2.7089478e-01   9.9060828e-02   1.1158691e-02  -8.1404291e-03  -7.5469636e-03
  -2.1148724e-01   2.7821934e-01   1.4301205e-02   1.2255784e-02  -8.4761588e-03  -7.8494224e-03
  -2.3498252e-01   2.9458500e-01   1.7456914e-01   1.2118410e-02  -8.0835559e-03  -8.2765956e-03
  -2.3888349e-01   2.5938445e-01  -3.6319492e-02   1.1493033e-02  -8.9018485e-03  -7.6091450e-03
  -2.3573221e-01   3.1365494e-01   4.3603863e-02   1.2225693e-02  -8.2405519e-03  -7.9866648e-03
  -2.6124294e-01   4.2303612e-01  -2.9825363e-02   1.4808905e-02  -7.1085761e-03  -8.3252038e-03
  -1.8935880e-01   1.4256350e-01   5.2910261e-01   6.8068724e-03  -6.1644127e-03  -6.7624364e-03
  -1.7593986e-01   3.3690961e-01   3.7839629e-01   1.0756570e-02  -4.9075575e-03  -7.5404087e-03
  -1.3715332e-01   6.6607819e-02   7.3350143e-02   5.9042488e-03  -5.8590814e-03  -7.5037921e-03
  -1.8520929e-01   2.0890070e-01   1.7474664e-01   6.8597642e-03  -6.3080643e-03  -7.3528301e-03
  -2.0616753e-01   2.6119023e-01   2.3942484e-01   8.4198427e-03  -6.5311248e-03  -7.4352696e-03
  -1.8179732e-01   2.4256541e-01   1.9077869e-01   9.2565661e-03  -6.9901799e-03  -7.2062918e-03
  -2.2747695e-01   2.8624108e-01   2.1908823e-01   1.0132340e-02  -7.3858771e-03  -7.6637124e-03
  -2.1389655e-01   2.8254819e-01   2.8839348e-01   9.7675471e-03  -7.1395865e-03  -8.3950091e-03
  -1.9663723e-01   2.5490282e-01   1.1019325e-01   9.7738732e-03  -7.5765517e-03  -7.9069564e-03
  -1.7242839e-01   2.4357764e-01   1.6611060e-01   9.6917837e-03  -7.4184205e-03  -7.7612154e-03
  -1.9140343e-01   3.0895602e-01   2.8142137e-01   1.1371475e-02  -6.9448392e-03  -8.4591389e-03
  -1.5064981e-01   3.0471480e-01   4.5934130e-02   1.2113019e-02  -7.5637293e-03  -7.4606203e-03
  -9.8892431e-02   2.0261889e-01   2.8702225e-01   7.7152426e-03  -6.7511017e-03  -7.9250687e-03
  -8.1381411e-02   2.2866543e-01   1.1789444e-01   8.5018725e-03  -7.3751566e-03  -7.6084714e-03
  -9.4913968e-02   2.9675583e-01   1.0564681e-01   9.8226002e-03  -7.2859804e-03  -7.4070399e-03
  -7.5229420e-02   3.1973751e-01   1.8910567e-01   1.0713237e-02  -6.6513738e-03  -7.8697812e-03
  -1.1321498e-01   3.4713214e-01   3.3784448e-01   1.1037404e-02  -6.5780390e-03  -8.7220645e-03
  -1.4818032e-01   3.6239825e-01   9.8243632e-02   1.2359381e-02  -7.1804187e-03  -7.6576361e-03
  -8.9861998e-02   3.3906616e-01   2.9844463e-01   1.1519274e-02  -6.1453400e-03  -8.3796962e-03
  -5.7639876e-02   2.4834959e-01   2.4640795e-01   9.6269767e-03  -5.7290801e-03  -8.4072136e-03
   1.9045020e-02  -1.9033782e-05   1.0448036e-01   7.1281999e-03  -5.6081422e-03  -8.1155163e-03
  -5.7314313e-02   1.5545938e-01   3.9825029e-01   1.0132836e-02  -5.1929757e-03  -9.2497632e-03
  -6.4113969e-02   7.0484713e-02   1.4116018e-02   9.3818448e-03  -6.6849060e-03  -7.8866647e-03
  -7.1554438e-02   1.2411670e-01   1.5045976e-01   1.0129913e-02  -6.2243646e-03  -8.1929817e-03
  -4.6520339e-02   1.4057406e-01   1.7089133e-01   9.7136020e-03  -5.5284238e-03  -8.5647760e-03
  -1.3360979e-01   1.1811111e-01   1.5270766e-02   9.6644240e-03  -6.6147922e-03  -8.6107400e-03
  -8.2344576e-02   1.7932250e-01   1.7224012e-01   1.0280390e-02  -5.9584907e-03  -8.5500425e-03
  -6.3364392e-02   1.4122584e-01   1.8674709e-04   1.0763024e-02  -6.3651909e-03  -7.6435276e-03
  -7.8552892e-02   1.9321515e-01   1.5822931e-01   1.1872473e-02  -5.9991311e-03  -8.1953857e-03
  -1.1277296e-01   1.6954509e-01   2.1659787e-01   1.1785593e-02  -6.5460638e-03  -8.5396887e-03
  -1.4283407e-01   1.6959156e-01  -1.2625248e-02   1.2384404e-02  -6.8980385e-03  -8.3160798e-03
  -1.1219269e-01   2.0602615e-01   1.5909799e-01   1.2502429e-02  -6.3151415e-03  -8.7436559e-03
   7.5387447e-02  -4.5706268e-01  -4.2702189e-03   4.0680952e-03  -5.0443264e-03  -8.6606528e-03
   1.1343649e-01  -3.9812569e-01  -2.7099876e-02   6.1866710e-03  -4.0919876e-03  -8.6963216e-03
   1.2191849e-01  -3.1745048e-01   1.0835040e-01   8.3556770e-03  -3.6038190e-03  -8.7587913e-03
   1.4045341e-01  -4.2805209e-01  -7.8807403e-02   6.8747155e-03  -4.6891356e-03  -8.4687263e-03
   1.2952501e-01  -2.9538026e-01  -4.7774097e-02   9.5836029e-03  -4.4129726e-03  -8.2505312e-03
   1.4120760e-01  -3.2091802e-01   1.4465276e-02   8.4426259e-03  -4.1140130e-03  -9.1662613e-03
   8.5845152e-02  -3.6647394e-01  -1.9875807e-01   8.0182030e-03  -5.0524817e-03  -8.6993599e-03
   1.1162620e-01  -3.1436856e-01   1.2340837e-03   8.7607474e-03  -4.1233730e-03  -9.0845583e-03
   1.0452963e-01  -4.0042867e-01  -3.4450586e-02   7.7794049e-03  -4.6446225e-03  -9.5020948e-03
   8.1898875e-02  -3.7615654e-01  -1.3162643e-01   9.1497598e-03  -4.7320057e-03  -9.1340281e-03
   7.3351171e-02  -2.5652917e-01   1.1850567e-02   1.0246195e-02  -4.3910884e-03  -9.8903923e-03
   5.6480245e-02  -3.1615426e-01  -1.7658331e-01   9.2522414e-03  -5.5157505e-03  -9.2102690e-03
   5.3996344e-02  -2.6275532e-01  -2.4114006e-02   9.7471416e-03  -4.9971627e-03  -9.9241402e-03
   7.9862924e-02  -2.7309571e-01  -8.3496453e-02   9.0092652e-03  -4.9781740e-03  -9.6591772e-03
   1.0432929e-01  -2.8927501e-01  -1.7023698e-01   9.3781937e-03  -4.9137284e-03  -9.5172675e-03
   8.2355505e-02  -1.8439945e-01  -2.5914468e-02   1.0787089e-02  -4.3458081e-03  -9.5387597e-03
   5.8468485e-02  -2.4128870e-01  -9.2247119e-02   9.3987700e-03  -4.9424286e-03  -9.7541371e-03
   1.9559186e-02  -2.4554708e-01  -1.5206505e-01   1.0021589e-02  -5.2851858e-03  -9.7707792e-03
  -1.4417952e-02  -1.4527477e-01   2.1357911e-02   1.0343560e-02  -5.0812477e-03  -1.0855149e-02
  -1.6572560e-02  -1.4793288e-01  -1.3066446e-01   9.8993667e-03  -5.6100837e-03  -1.0469984e-02
   8.8590892e-03  -1.2838332e-01  -2.2961302e-01   1.0942246e-02  -5.1512526e-03  -1.0038867e-02
  -1.4828731e-01  -1.9427570e-01  -2.1551353e-01   1.0368035e-02  -6.9372753e-03  -9.3673742e-03
  -1.9292217e-01   2.1161350e-01   4.6019658e-01   1.0492398e-02  -5.5052851e-03  -1.0026153e-02
  -2.7005810e-01   7.2480142e-02   1.1321675e-01   9.9109595e-03  -7.1484635e-03  -9.2707955e-03
  -2.8266652e-01   1.6313718e-01   2.9105539e-01   1.0389959e-02  -6.6365501e-03  -1.0044916e-02
  -2.7807750e-01  -1.9288543e-01   3.0666208e-01   3.4651539e-03  -7.0277332e-03  -9.3480373e-03
  -4.4874154e-02  -4.4524852e-01   9.1417468e-02   1.2724200e-03  -4.8590054e-03  -8.6610506e-03
  -1.1248727e-01  -2.8649667e-01   2.3756712e-01   3.6035675e-03  -4.9988532e-03  -9.3391972e-03
  -1.6094057e-01  -2.7974342e-01   2.5221513e-01   3.5374577e-03  -5.7491115e-03  -9.1852148e-03
  -1.6608240e-01  -2.7990643e-01   5.6157168e-02   4.4018234e-03  -5.9159895e-03  -8.6575464e-03
  -9.5925471e-02  -1.9825092e-01   2.3323078e-01   6.1424389e-03  -4.8557811e-03  -8.7922071e-03
  -9.6471674e-02  -2.2653846e-01   1.3687243e-01   6.0502786e-03  -5.2488097e-03  -8.7684513e-03
  -6.4430203e-02  -2.6556653e-01   1.3904236e-01   5.3260442e-03  -5.4538872e-03  -8.5892813e-03
  -8.6849414e-02  -1.5512500e-01   1.2319842e-01   7.3032869e-03  -5.2533160e-03  -8.7151672e-03
  -3.4912260e-02  -9.1692190e-03   3.5028596e-01   8.6013348e-03  -4.3373234e-03  -9.1345373e-03
  -3.0577887e-02  -7.7038592e-03   5.9598065e-02   8.3877964e-03  -4.8894902e-03  -7.9879773e-03
  -2.6957130e-02   4.0655694e-02   9.0305300e-02   8.7237361e-03  -5.0545660e-03  -7.8663709e-03
   3.2629403e-03   1.3679291e-01   2.4543915e-01   1.0029894e-02  -4.4195311e-03  -7.7869175e-03
  -1.5025675e-02   1.7939423e-01   1.1492894e-01   9.9195655e-03  -4.9125300e-03  -8.0746746e-03
   2.1440811e-02   1.7842961e-01  -3.7837041e-02   1.0028163e-02  -5.2279035e-03  -7.0494850e-03
   6.7168531e-02   1.9843784e-01   2.2693162e-01   1.0259236e-02  -4.1037828e-03  -6.9642932e-03
   8.7675505e-02   2.7392082e-01   1.9990900e-01   1.1373634e-02  -3.5960659e-03  -6.7633969e-03
   6.9429190e-02   2.5714824e-01   1.3243238e-01   1.0869268e-02  -3.8140199e-03  -6.9623568e-03
   1.2612034e-02   2.8461937e-01   6.6169421e-02   1.1266214e-02  -4.3820476e-03  -7.0054957e-03
   5.4552888e-02   3.2045606e-01   1.0589229e-01   1.2055270e-02  -3.6786325e-03  -6.7261622e-03
   7.6130977e-02   2.8300654e-01   1.3484823e-01   1.1564042e-02  -3.4058068e-03  -6.9395902e-03
   1.3657684e-02   2.4853274e-01   3.7158180e-02   1.1157160e-02  -4.6095190e-03  -6.8115210e-03
   2.4252394e-01  -1.1288369e-02   5.9908964e-02   4.0135759e-03  -8.2818749e-04  -6.5991978e-03
   1.2082851e-01   2.6183368e-01   3.9480996e-01   7.7306987e-03  -2.1946226e-03  -7.8859428e-03
   4.6486201e-02   2.6140686e-01   6.0741255e-02   1.0059484e-02  -3.0328386e-03  -7.3135241e-03
   3.5812378e-02   3.6657878e-01   1.3935665e-01   1.1062948e-02  -3.2251964e-03  -7.0938545e-03
  -6.8521197e-03   3.7320419e-01   2.2440243e-01   1.0204132e-02  -3.4587323e-03  -8.4234088e-03
  -1.1266370e-01   3.3453004e-01   8.1778314e-02   1.0448778e-02  -5.0534404e-03  -8.4492682e-03
  -1.5315418e-01   3.6671497e-01   1.4015337e-01   1.1398278e-02  -5.2896847e-03  -9.0465551e-03
  -1.7418519e-01   3.7047181e-01   2.2769569e-01   1.1805965e-02  -5.5415169e-03  -9.5582717e-03
  -2.2194284e-01   3.1043910e-01   8.9972243e-02   1.0802337e-02  -6.4446940e-03  -9.3484143e-03
  -2.2698176e-01   3.5438820e-01   3.8673027e-02   1.1265236e-02  -6.1395155e-03  -9.3613376e-03
  -2.2142395e-01   4.0818830e-01   1.2804382e-01   1.2166616e-02  -5.7919606e-03  -9.3764252e-03
  -1.2486086e-01   1.1255238e-01   1.9311251e-01   7.4743108e-03  -4.9268241e-03  -8.8887689e-03
  -9.9562838e-02   1.4768192e-01   3.6135007e-03   8.2714820e-03  -5.0269075e-03  -8.2637768e-03
  -9.3131101e-02   2.1015137e-01   1.3340906e-01   1.0025271e-02  -4.6555072e-03  -8.1859883e-03
  -8.6176778e-02   2.1753175e-01   1.8165521e-01   1.0364855e-02  -4.6681615e-03  -8.5386976e-03
  -1.9419513e-01   3.3148825e-01  -1.1735298e-01   1.1018149e-02  -5.9138229e-03  -8.1062208e-03
  -1.5296270e-01   4.4217963e-01   2.7472157e-01   1.1666446e-02  -5.9820575e-03  -5.7641905e-03
  -1.0709607e-01   4.8729658e-01  -1.3266172e-01   1.2019658e-02  -7.0512280e-03  -4.6987287e-03
  -1.5557575e-01   5.2232654e-01   1.7050799e-01   1.2654126e-02  -6.4933293e-03  -5.4109209e-03
  -1.1407825e-01   3.4782893e-01   2.5926958e-01   7.7195084e-03  -6.7646819e-03  -4.1714102e-03
  -1.3510201e-01   1.0000434e-01   3.0106754e-01   6.1822721e-03  -6.8232104e-03  -5.8795691e-03
  -2.0167539e-01   1.7626839e-01   2.9874056e-01   6.9543970e-03  -7.9324163e-03  -6.8970156e-03
  -2.1851022e-01   2.4436770e-01   2.3309321e-01   9.4967620e-03  -7.9940608e-03  -6.5306216e-03
  -2.2889194e-01   2.6643515e-01   3.8796298e-01   9.9336634e-03  -7.8145866e-03  -6.9577577e-03
  -2.2932251e-01   2.4396635e-01   2.6262995e-01   1.0502264e-02  -8.2571672e-03  -6.4726662e-03
  -2.2529843e-01   2.7020981e-01   2.6552077e-01   1.1742706e-02  -8.3376927e-03  -6.4335694e-03
  -1.7453983e-01   2.4912908e-01   3.4602917e-01   1.2240722e-02  -7.4354541e-03  -7.2341078e-03
  -8.7621169e-02  -5.0800112e-01   2.0363298e-01   1.8709258e-03  -7.0950038e-03  -5.7681653e-03
   6.9153970e-02  -7.3183390e-01   1.8608753e-01   3.3720224e-03  -5.4692625e-03  -6.4111912e-03
   5.6136303e-02  -5.7528347e-01   2.4869655e-01   4.7992072e-03  -5.3970069e-03  -6.4901088e-03
  -1.4790446e-03  -5.9737756e-01   1.9829504e-01   4.7775595e-03  -6.5323778e-03  -5.9143925e-03
   2.1132148e-02  -8.0178718e-01   3.8183263e-01   3.4665890e-03  -5.8983007e-03  -7.1817363e-03
   5.0880252e-02  -7.3259445e-01   1.4527255e-01   4.5207778e-03  -6.8979173e-03  -6.8537540e-03
   4.1541326e-02  -7.1491611e-01   1.4680659e-01   5.6599934e-03  -7.0178336e-03  -6.3075070e-03
   2.3545385e-02  -6.6535744e-01   3.3842369e-01   6.5556743e-03  -6.2224373e-03  -7.3636912e-03
  -3.6173067e-02  -7.5641205e-01   1.0387340e-01   4.8951627e-03  -7.5706199e-03  -7.5789189e-03
  -2.0420003e-02  -6.3998367e-01   1.4381041e-01   7.3673204e-03  -6.7184932e-03  -7.6019836e-03
   1.6706696e-02  -5.6848433e-01   7.2062205e-02   7.5153173e-03  -6.5497558e-03  -7.9950885e-03
  -2.0084607e-03  -5.9124288e-01  -8.7989526e-02   8.2742728e-03  -7.0151807e-03  -7.6497222e-03
   2.7813791e-02  -5.2439304e-01   5.8354860e-02   8.0002607e-03  -6.4890335e-03  -7.8732469e-03
  -3.4638763e-02  -5.3406336e-01  -9.4574455e-02   8.5575905e-03  -7.5228114e-03  -7.6603605e-03
   6.7707463e-03  -3.7785399e-01   8.0019333e-02   1.0195062e-02  -6.4806751e-03  -7.1725198e-03
   1.8319263e-01  -1.0525429e+00  -1.3915380e-01   9.3481370e-04  -5.0780208e-03  -7.3190134e-03
   1.9585543e-01  -6.9786849e-01  -1.9905604e-01   6.1187089e-03  -4.9694209e-03  -6.4876299e-03
   1.7046996e-01  -5.0434608e-01   7.1988543e-02   7.9394667e-03  -4.9278502e-03  -6.6008025e-03
   1.2070183e-01  -4.1330728e-01  -1.7671451e-01   1.0295887e-02  -5.7636676e-03  -5.3803043e-03
   1.8774745e-01  -3.1866182e-01  -4.6486833e-02   1.0424245e-02  -5.1894076e-03  -5.9517372e-03
   2.0146655e-01  -2.6007533e-01  -2.0139085e-01   1.1539413e-02  -5.6349355e-03  -4.4830363e-03
   1.5712685e-01  -2.2540281e-01  -1.1901974e-01   9.2426623e-03  -6.0242360e-03  -4.5936894e-03
   1.4977278e-01  -7.9862003e-02   1.3487590e-02   1.1389148e-02  -5.6380172e-03  -4.3452716e-03
   1.2802982e-01  -8.5954717e-02  -1.4872605e-01   1.1366840e-02  -6.4916607e-03  -4.8346315e-03
   5.7964628e-02  -9.6803875e-03  -1.1010976e-01   1.3459134e-02  -6.2980797e-03  -4.5553641e-03
   5.1364755e-02   2.8739301e-02  -2.7612834e-02   1.3590210e-02  -6.0971128e-03  -5.4728849e-03
   4.5877396e-02   3.7962076e-02  -2.4930259e-01   1.3863358e-02  -6.9935962e-03  -5.0401707e-03
   6.0589009e-02   5.9118429e-02  -7.3019492e-02   1.3398223e-02  -6.6913796e-03  -4.6184961e-03
   1.8342286e-02   7.7470328e-02   4.0086474e-02   1.3667587e-02  -6.6372670e-03  -5.9153077e-03
  -1.3525616e-02   3.2237531e-02  -1.2006498e-01   1.3623913e-02  -7.3994679e-03  -6.0573386e-03
   5.4599719e-02  -1.3613400e-02   1.7010569e-01   1.2387052e-02  -5.9807674e-03  -6.0037255e-03
   3.7494210e-02  -8.7299346e-02  -8.7641682e-02   1.1167385e-02  -7.2402613e-03  -5.3574170e-03
   3.2278907e-02  -4.4323853e-02  -1.5348969e-02   1.2888748e-02  -6.7244463e-03  -5.4170477e-03
   7.1395515e-02   3.5530612e-02  -4.9143529e-02   1.3452616e-02  -6.4565075e-03  -6.0165647e-03
   4.7717048e-02   6.6063506e-02  -1.5473558e-01   1.4608428e-02  -6.5735137e-03  -5.4988411e-03
   8.0178186e-02   1.0566579e-02   1.3030983e-01   1.2698788e-02  -6.3927248e-03  -5.6552551e-03
   1.1597765e-01  -5.7320512e-02  -1.1475249e-01   1.2272814e-02  -6.6976896e-03  -5.4054925e-03
   9.0614353e-02  -1.1831820e-01   5.3123196e-02   1.1007197e-02  -6.7267148e-03  -5.8054082e-03
   9.2201864e-02  -9.9113809e-02   1.8224987e-01   1.0881539e-02  -6.5675339e-03  -6.8757600e-03
   7.8756421e-02  -8.6287881e-01  -1.3352846e-01  -2.6789345e-03  -5.3465923e-03  -1.0162686e-02
  -3.2857154e-02  -4.0864497e-01  -8.6583431e-01  -8.1012326e-03  -8.9067849e-03  -9.4611422e-03
  -1.8845302e-01  -1.7989614e-01  -6.4504659e-01  -3.7472135e-03  -1.0639205e-02  -8.3760252e-03
  -1.6166020e-01  -5.6486380e-02  -4.6112570e-01   6.3992776e-04  -9.9209948e-03  -8.1567920e-03
  -1.6272304e-01  -1.7494698e-02  -3.3299271e-01   1.2450163e-03  -9.2691204e-03  -8.5832446e-03
  -1.2378341e-01  -4.5712024e-02  -4.0576725e-01   1.5544182e-03  -9.4087695e-03  -7.3396072e-03
  -1.3378530e-01   4.5657470e-02  -3.1281682e-01   3.9078203e-03  -9.3404230e-03  -7.0431876e-03
  -5.8651465e-02   6.5263476e-02  -4.3041647e-01   4.1960245e-03  -8.6743966e-03  -5.8079353e-03
  -1.4589944e-01   1.5962406e-01  -3.3077953e-01   5.5889474e-03  -9.2508265e-03  -5.9833932e-03
  -1.6297099e-01   1.8920159e-01  -2.7429427e-01   6.8878885e-03  -9.3992505e-03  -5.6962143e-03
  -1.5336665e-01   2.2964304e-01  -3.7365084e-01   8.0700042e-03  -9.9194508e-03  -5.2484614e-03
  -1.7144729e-01   1.8406351e-01  -2.2927221e-01   6.8153468e-03  -9.2863719e-03  -6.2018229e-03
  -2.0980390e-01   1.0305457e-01  -3.6010375e-01   6.4886011e-03  -1.0447796e-02  -5.5936150e-03
  -2.1389640e-01   1.1725896e-01  -2.7685227e-01   7.5071584e-03  -9.8886772e-03  -5.7817781e-03
  -1.3402463e-01  -1.1380734e-02  -1.9743824e-01   4.7443058e-03  -8.8927427e-03  -5.5067074e-03
  -8.4613108e-02  -7.4128503e-02  -2.2222579e-01   4.7117641e-03  -8.7159308e-03  -5.0326407e-03
  -1.2351674e-01   6.7935659e-03  -1.4025050e-01   6.9636711e-03  -8.4990778e-03  -5.8005963e-03
  -1.2870364e-01   5.9345037e-02  -1.3651836e-01   7.5457387e-03  -8.6012769e-03  -5.9583239e-03
  -1.2432926e-01   3.3073274e-02  -2.8745557e-01   7.6995470e-03  -9.3327220e-03  -5.3157147e-03
  -1.7568700e-01   8.8524105e-02  -1.2009578e-01   8.0628350e-03  -9.2904266e-03  -6.2827704e-03
  -1.5110409e-01   1.6544544e-03  -9.0768303e-02   4.2770717e-03  -9.0248937e-03  -7.3198637e-03
  -2.4527202e-01   2.5435050e-02  -3.4758675e-01   4.8203511e-03  -1.1364245e-02  -6.1831203e-03
  -2.1453107e-01   6.6321883e-02  -1.6403060e-01   6.1178662e-03  -1.0378378e-02  -6.9123643e-03
  -2.0933425e-01   6.3963987e-02  -2.1017279e-01   5.8857946e-03  -1.0767274e-02  -6.3010273e-03
  -2.6022758e-01   3.9649071e-02  -2.5361276e-01   5.5938435e-03  -1.1840767e-02  -6.3408016e-03
  -2.9842545e-01   1.1497425e-01  -1.7399633e-01   7.7402117e-03  -1.1618559e-02  -7.1090049e-03
  -2.9554972e-01   9.3372916e-02  -1.7992909e-01   6.7199909e-03  -1.1436089e-02  -7.4426368e-03
  -3.0653112e-01   1.2057248e-01  -6.6326471e-02   6.6101226e-03  -1.1154131e-02  -8.1610797e-03
  -2.7811352e-01   8.3815497e-02  -2.0876816e-01   6.6862445e-03  -1.1630328e-02  -7.5736108e-03
  -2.8029458e-01   1.2239707e-01  -1.5165803e-01   7.5546780e-03  -1.1176913e-02  -8.0956957e-03
  -2.6124659e-01   1.3881316e-01  -8.3861992e-02   7.5415952e-03  -1.0853066e-02  -8.1947299e-03
  -3.1898464e-01   7.4758988e-02  -1.5907845e-01   7.0338385e-03  -1.2012881e-02  -8.2265200e-03
  -3.2911544e-01   1.2717458e-01  -1.8113595e-01   7.5629297e-03  -1.1814041e-02  -8.4030232e-03
  -3.1491187e-01   1.7067409e-01  -1.0828368e-01   7.7721295e-03  -1.1664210e-02  -8.7671281e-03
  -2.9915910e-01   1.6962755e-01  -1.2914111e-01   7.5754288e-03  -1.1559688e-02  -8.4178301e-03
  -1.9780538e-01  -2.9514066e-01  -1.8015632e-01  -1.2224752e-03  -9.3058052e-03  -7.7588178e-03
   4.5631308e-02  -3.9745178e-01  -1.4719639e-01  -1.6596817e-03  -7.1936589e-03  -8.5087046e-03
  -1.5549675e-02  -2.2771035e-01  -2.1522827e-02   7.6557314e-04  -8.2945237e-03  -9.0623322e-03
  -8.2002566e-02  -1.6057260e-01  -1.9653179e-01   2.5600415e-03  -9.4178876e-03  -7.9849935e-03
  -9.8545769e-02  -1.3631519e-01   4.4367498e-02   2.4542608e-03  -8.4318892e-03  -9.4576281e-03
  -1.6159727e-01  -1.8816490e-01   1.1163224e-02   1.8033239e-03  -9.6293156e-03  -9.1899284e-03
  -1.4451997e-01  -1.0319178e-01  -9.0566513e-02   4.5743874e-03  -9.2933248e-03  -8.2156411e-03
  -1.1444867e-01  -7.7013179e-02  -6.2962267e-02   3.6167339e-03  -9.1358258e-03  -7.9418520e-03
  -1.8917687e-01  -7.4164772e-02  -1.5615634e-01   5.0758962e-03  -1.0235112e-02  -7.6264185e-03
  -1.7703116e-01  -2.7302436e-02  -2.1324665e-02   5.4649056e-03  -9.4986531e-03  -8.6789791e-03
  -1.9104453e-01  -7.4722830e-02  -1.1922081e-01   4.3841214e-03  -1.0244872e-02  -8.5509628e-03
  -1.5685817e-01  -1.4244222e-02  -2.1731134e-01   6.1521971e-03  -9.6112530e-03  -7.5325801e-03
  -1.7038794e-01   1.6409140e-02  -1.6915930e-01   6.5618056e-03  -9.8362583e-03  -7.5682646e-03
  -1.3508455e-01   4.8032936e-02  -1.4465996e-01   6.0607297e-03  -9.2364651e-03  -7.8921774e-03
  -1.9854603e-01  -3.8862202e-03  -2.4542150e-01   5.9320681e-03  -1.0291565e-02  -7.5905657e-03
  -2.2797626e-01   5.1032023e-02  -2.0375305e-01   6.8904489e-03  -1.0114459e-02  -8.0363882e-03
  -2.1534157e-01   8.1796530e-02  -1.4420123e-01   6.8718545e-03  -9.8087760e-03  -8.2244466e-03
  -2.6299438e-01   4.1185102e-02  -1.8853250e-01   6.3874284e-03  -1.0564344e-02  -8.1541453e-03
  -2.2899465e-01   1.2996364e-01  -2.4763738e-01   8.2457634e-03  -1.0192783e-02  -7.2944923e-03
  -1.8388965e-01   6.9892612e-02   1.2311099e-02   4.5099223e-03  -9.6461401e-03  -7.3607699e-03
  -8.5601409e-02  -1.9216906e-01   3.1974527e-01   2.6306264e-03  -9.1159675e-03  -7.6406116e-03
  -1.1590925e-01   1.8577352e-02   1.3739967e-02   5.2734553e-03  -1.1252542e-02  -4.8338551e-03
  -2.1671870e-01   2.0259364e-01   2.3856149e-01   5.2820888e-03  -1.1342329e-02  -4.7942345e-03
  -2.1608865e-01   2.0545755e-01   2.1106427e-01   6.6123530e-03  -1.1330345e-02  -4.3093825e-03
  -2.2176177e-01   2.6385162e-01   2.2890605e-01   8.3312515e-03  -1.0985417e-02  -4.4510974e-03
  -2.1605165e-01   2.5927205e-01   3.0295123e-01   7.5532531e-03  -1.0817577e-02  -4.3898295e-03
  -1.7510873e-01   1.7330093e-01   2.3258984e-01   5.8103182e-03  -1.1413298e-02  -3.7200154e-03
  -1.5780787e-01  -1.6700105e-02   3.7306878e-01   1.9336377e-03  -1.0937175e-02  -4.6204128e-03
  -1.6322076e-01   7.4217308e-02   4.6225728e-01   4.3704068e-03  -1.0568784e-02  -4.6702081e-03
  -8.5197691e-02  -2.9287059e-01   3.4346331e-01  -2.2055098e-03  -1.0147399e-02  -4.7415646e-03
   2.1028448e-02  -3.0304457e-01   2.6338565e-01   2.9410331e-04  -9.1381648e-03  -3.7873927e-03
  -9.3627303e-03  -1.8866992e-01   4.3692952e-01   1.8128735e-03  -9.0055449e-03  -5.2905075e-03
  -6.9983480e-02  -2.3448395e-01   3.5387211e-01   1.6154365e-03  -1.0337744e-02  -5.2766240e-03
  -6.5162680e-02  -2.3691772e-01   3.0246355e-01   2.3364329e-03  -1.0255305e-02  -4.9528939e-03
  -8.8393825e-02  -1.7719795e-01   3.1987726e-01   3.1515905e-03  -1.0981852e-02  -5.0695027e-03
  -4.3961993e-02  -1.2166301e-01   3.5418082e-01   2.8063920e-03  -1.0373543e-02  -5.2283480e-03
  -8.4838727e-02  -1.4595261e-01   2.6232229e-01   3.6990040e-03  -1.0659207e-02  -5.0152353e-03
  -7.0727508e-02  -7.5442707e-02   1.7907119e-01   4.7590990e-03  -1.0719854e-02  -3.9213644e-03
  -8.8375610e-02  -3.1918715e-02   3.1054880e-01   5.3544083e-03  -1.0474867e-02  -4.6804240e-03
  -9.5315707e-02  -1.1897843e-01   2.9909204e-01   4.5340398e-03  -1.0545075e-02  -4.9766141e-03
  -1.0052766e-01  -1.4373673e-01   1.7231215e-01   4.7919423e-03  -1.0838893e-02  -4.6265363e-03
  -9.2127102e-02   1.2118712e-02   3.0147844e-01   5.5328708e-03  -1.0061593e-02  -4.9054857e-03
  -8.7346651e-02  -5.5766680e-02   1.3882692e-01   5.1346968e-03  -1.0975886e-02  -3.7331293e-03
  -1.3909283e-01  -4.3702110e-03   1.5088482e-01   6.0415685e-03  -1.1402484e-02  -4.0082882e-03
  -3.9055716e-02   4.0317162e-02   4.8572649e-01   9.5520808e-03  -8.0973310e-03  -6.8375422e-03
  -1.2538755e-01   9.9291792e-02   7.7395955e-01   9.4794270e-03  -7.9879862e-03  -3.7288659e-03
  -2.5794427e-01  -3.6803519e-04   2.1218354e-02   1.0663566e-02  -1.2760221e-02  -2.5448058e-03
  -3.3159752e-01  -1.0655583e-01   4.0944967e-02   5.8057863e-03  -1.2678142e-02  -3.0301087e-03
  -3.5320284e-01  -1.4114991e-01   2.8851641e-01   4.4542298e-03  -1.2675307e-02  -2.5370485e-03
  -3.1589344e-01  -8.6681633e-02   3.4600564e-01   6.8887708e-03  -1.2072046e-02  -3.5741039e-03
  -3.0976728e-01  -9.5734481e-02   2.3826832e-01   6.9041364e-03  -1.2470671e-02  -3.4252263e-03
  -2.8735360e-01  -3.4642398e-02   4.7420764e-01   7.6671189e-03  -1.2138911e-02  -4.1935239e-03
  -2.6341843e-01  -8.7445647e-02   4.0871635e-01   7.4144997e-03  -1.2192978e-02  -4.1412598e-03
  -2.8862603e-01  -1.2468181e-01   3.1038756e-01   7.7882886e-03  -1.2894039e-02  -3.6293694e-03
  -3.1172538e-01  -1.2348097e-01   3.9646792e-01   7.8810235e-03  -1.2785003e-02  -4.7366923e-03
  -3.4924468e-01  -1.1664948e-01   4.3336747e-01   8.2056663e-03  -1.2997575e-02  -5.0253030e-03
  -3.1473051e-01  -2.7714917e-01   4.2642015e-01   4.4062786e-03  -1.2987187e-02  -5.4687963e-03
  -2.8884857e-01  -1.8940661e-01   5.0190218e-01   6.3950175e-03  -1.2433794e-02  -5.5676385e-03
  -3.5420181e-01  -1.4995572e-01   4.0770358e-01   7.7399185e-03  -1.3168222e-02  -5.7369676e-03
  -3.3354200e-01  -1.0519451e-01   3.7049777e-01   8.4835289e-03  -1.2616972e-02  -5.4857465e-03
