   1.3154669e-14  -1.2052399e-14  -1.4210855e-14  -1.1102230e-16  -5.7175015e-18  -5.2041704e-18
   3.1015653e-02   7.5030956e-02   1.8814759e-01   1.8161622e-03  -1.0655514e-04   1.7321260e-03
   1.1100859e-02   1.3402511e-02   6.7275043e-02   1.0169279e-03  -8.4406757e-04   2.3807167e-03
   5.7426675e-02   8.9909366e-02   1.3006467e-01   2.1965440e-03  -2.0446383e-05   2.3846551e-03
   9.8498997e-02   4.8291913e-02   1.4177892e-01   1.7976752e-03  -2.7178258e-04   2.9223490e-03
   1.0027665e-01   1.3104417e-01  -2.4891796e-02   3.2656425e-03  -5.1200113e-04   3.0029837e-03
   1.2574836e-01   1.6911031e-01   1.3745313e-01   3.2084568e-03  -5.8416560e-04   3.3166458e-03
   9.4602845e-02   1.0587430e-01   7.0066954e-02   2.3946739e-03  -1.6050391e-03   3.4372971e-03
   1.3779089e-01   1.4710338e-01  -2.3442961e-02   3.4484868e-03  -9.9673378e-04   3.2054656e-03
   1.4981805e-01   1.0769560e-01   4.5129986e-02   2.1467973e-03  -1.2598892e-03   3.2441717e-03
   5.9196637e-02   8.9248912e-02  -3.5204838e-02   3.2306777e-03  -2.2266669e-03   3.9679636e-03
   3.8813662e-02   1.6575792e-01   1.9207224e-01   3.6536010e-03  -2.5317388e-03   3.4740704e-03
   5.3776343e-03   5.0502496e-02  -7.0794257e-03   2.8795711e-03  -3.2761509e-03   3.7352475e-03
   2.0796967e-02   1.6299837e-01   1.1500153e-01   4.1203598e-03  -2.8532322e-03   3.6900776e-03
  -3.3017048e-03   9.7490299e-02   9.5706010e-02   3.0191081e-03  -3.6367670e-03   3.8181324e-03
  -4.3703015e-02   1.1786285e-01   1.2444949e-02   3.7440979e-03  -3.9789317e-03   3.7821691e-03
  -9.1545437e-03   1.6959444e-01   1.3883122e-01   3.7638770e-03  -3.4689806e-03   3.5496110e-03
  -4.1427123e-02   9.2698927e-02   2.7691315e-02   3.6691192e-03  -4.3803254e-03   4.3176181e-03
  -3.1468521e-02   1.6089927e-01   1.0075563e-01   4.4080696e-03  -4.1000554e-03   3.9101208e-03
  -5.8664346e-02   1.1329572e-01   1.2107329e-01   3.5059483e-03  -4.7590085e-03   4.2783278e-03
  -7.0923331e-02   1.6004247e-01   6.3656291e-02   4.8143181e-03  -4.6299085e-03   3.9889466e-03
  -7.1187595e-02   1.2727982e-01   1.7175216e-01   3.3930066e-03  -5.1112632e-03   4.2183374e-03
  -1.1288503e-01   1.1456654e-01   2.8853419e-02   4.3409689e-03  -5.2337686e-03   4.4346608e-03
  -6.0355722e-02   1.5608497e-01   2.1449181e-01   4.4809176e-03  -4.9986173e-03   4.3162269e-03
  -7.3095988e-02   1.1072775e-01  -9.1139057e-02   3.8489723e-03  -4.8720520e-03   4.1935655e-03
  -6.8816839e-02   1.6774759e-01   1.4203018e-01   3.7272300e-03  -5.0498987e-03   4.0664743e-03
  -9.0358779e-02   8.8341756e-02  -8.2584989e-02   4.0438164e-03  -5.4172060e-03   4.3565681e-03
  -5.1338271e-02   1.6592556e-01   1.4822209e-01   4.1202420e-03  -5.1684061e-03   4.3658535e-03
  -8.9262693e-02   1.0792783e-01   3.5257523e-02   3.8652344e-03  -5.8196165e-03   4.6335692e-03
  -7.3189487e-02   1.6460154e-01   9.4615879e-02   4.6186109e-03  -5.1528156e-03   4.1393788e-03
  -4.0692186e-02   1.2971525e-01   1.3629456e-01   3.5041203e-03  -5.2287208e-03   4.4587552e-03
  -1.1350747e-01   1.2420101e-01  -9.2836802e-03   4.5497516e-03  -5.5704940e-03   4.6044193e-03
  -7.3645387e-02   1.4902716e-01   1.7947969e-01   4.5065626e-03  -5.7680073e-03   4.7241580e-03
  -1.1021995e-01   1.2895114e-01  -2.4473007e-02   4.5508944e-03  -5.7314492e-03   4.7316849e-03
  -9.7130614e-02   1.1504176e-01   1.5646537e-01   4.1947541e-03  -6.0573054e-03   5.0610402e-03
  -1.5389126e-01   1.2615441e-01   4.5360553e-02   4.7162913e-03  -6.7208677e-03   5.5055033e-03
  -1.0970623e-01   1.8904478e-01   1.7678706e-01   4.7708507e-03  -5.9011404e-03   4.5310351e-03
  -1.8374493e-01   1.5776897e-01  -1.4444319e-01   5.1923887e-03  -6.7378024e-03   4.9645611e-03
  -1.3121913e-01   1.9584863e-01   1.6072368e-01   4.2993208e-03  -6.1816871e-03   4.8001805e-03
  -1.7278011e-01   1.8992771e-01  -7.0851005e-02   5.7634458e-03  -6.5590179e-03   5.1413987e-03
  -1.5704380e-01   2.0879375e-01   1.5229634e-01   4.5786572e-03  -6.4370811e-03   4.6469848e-03
  -2.0830876e-01   1.6847763e-01  -4.0056263e-02   5.7334854e-03  -7.1545769e-03   5.4403797e-03
  -1.9056260e-01   2.4545136e-01   1.2842536e-01   5.1259916e-03  -6.7938345e-03   4.7460604e-03
  -2.3284009e-01   1.3017118e-01  -1.0418557e-01   4.3363329e-03  -7.6282430e-03   4.7086081e-03
  -1.8838209e-01   2.1994582e-01   1.1914297e-01   4.3257698e-03  -6.5545120e-03   4.4500756e-03
  -2.3512309e-01   1.4196753e-01  -7.2752092e-02   4.8090065e-03  -7.6697608e-03   4.8961856e-03
  -1.7354587e-01   2.6573391e-01   8.2906467e-02   5.3360411e-03  -6.4361568e-03   4.5837495e-03
  -2.2744613e-01   1.3482214e-01  -8.3340218e-02   4.4490309e-03  -7.4463057e-03   4.7493215e-03
  -1.7905046e-01   3.3291737e-01   1.8920344e-01   5.4417097e-03  -6.5770086e-03   4.4189064e-03
  -1.4361186e-01   1.7538055e-01  -3.0367988e-02   6.3108323e-03  -6.8635327e-03   5.2326912e-03
  -1.2424346e-01   2.5671152e-01   1.1214540e-01   4.9537135e-03  -6.3423052e-03   4.9586599e-03
  -1.6206018e-01   1.9148299e-01  -6.1354453e-02   5.6550304e-03  -7.2210155e-03   5.1394331e-03
  -1.1693425e-01   2.9020103e-01   8.1825722e-02   6.1433092e-03  -6.2440030e-03   4.3783747e-03
  -1.4252919e-01   2.2839966e-01  -4.4229429e-02   6.5599937e-03  -7.1355853e-03   5.5250229e-03
  -1.0311921e-01   2.9610252e-01   2.8065123e-02   6.3985595e-03  -6.2114837e-03   4.6986804e-03
  -7.5824253e-02   2.3364859e-01   7.0432238e-02   5.3185335e-03  -5.9681993e-03   4.5690676e-03
  -8.6540740e-02   2.7172382e-01  -2.5488935e-02   6.7358591e-03  -6.1113357e-03   4.9173219e-03
  -5.7166668e-02   1.9663567e-01   6.9537993e-02   5.5591099e-03  -6.2672715e-03   4.9775856e-03
  -6.8979430e-02   2.8418447e-01   1.0084387e-01   7.4039114e-03  -6.3389501e-03   5.1696908e-03
  -3.5240201e-02   2.3060454e-01   2.1484640e-01   5.8299324e-03  -5.8932082e-03   4.8444934e-03
  -8.2426164e-02   2.3476986e-01  -4.2149017e-02   7.0717543e-03  -6.6442045e-03   5.5177600e-03
  -2.4398551e-02   2.6306915e-01   1.6058430e-01   5.7564636e-03  -5.8178320e-03   5.1524915e-03
  -6.1766003e-02   2.2916698e-01  -8.6690166e-02   6.5150684e-03  -6.4943440e-03   5.3550682e-03
  -2.6119679e-02   2.8511801e-01   1.9979820e-01   6.3477174e-03  -5.9983954e-03   4.7031986e-03
  -7.0149796e-02   2.0843665e-01  -4.2276318e-02   6.4092711e-03  -6.5981110e-03   5.1546668e-03
  -6.8257835e-02   4.3332359e-01   3.5921378e-01   7.2676385e-03  -5.5598396e-03   4.6812941e-03
  -1.2215698e-01   2.8107397e-01   1.2511133e-01   3.0612956e-03  -1.6245281e-03  -2.8231273e-03
  -2.2215644e-01  -4.7870902e-01   4.2702698e-02   5.0666432e-04  -6.9270086e-03  -4.6368869e-04
  -1.4761242e-01  -2.2197757e-01   9.1153349e-03   3.4876154e-03  -6.9026680e-03   1.3219653e-03
  -1.3825872e-01  -9.1651229e-02   1.9400901e-01   5.2788729e-03  -7.3504616e-03   2.0642586e-03
  -2.1737957e-01  -8.1646940e-02   1.3424511e-01   6.4433366e-03  -8.6806677e-03   2.6971753e-03
  -1.6238742e-01   1.6640605e-02   1.8691366e-01   6.5089734e-03  -7.8390207e-03   2.7665724e-03
  -2.1441973e-01  -8.7468913e-02   5.0502955e-02   5.8449202e-03  -8.8905228e-03   3.4718755e-03
  -1.9164084e-01  -4.1112662e-05   1.2479512e-01   6.1144775e-03  -8.5856067e-03   3.7838237e-03
  -2.3461247e-01  -6.0410072e-02   1.5370869e-01   5.9374072e-03  -9.4927277e-03   3.9363499e-03
  -2.5950397e-01   1.2143643e-02   9.9487977e-02   7.4184437e-03  -9.5406354e-03   4.2197297e-03
  -2.4569245e-01  -3.5583602e-02   1.9692371e-01   5.8907523e-03  -9.5297774e-03   3.7670525e-03
  -2.5254970e-01  -2.4492288e-02   3.5255464e-02   6.4508368e-03  -9.6385125e-03   4.5388595e-03
  -2.5418617e-01   9.4541206e-03   1.1682990e-01   6.9629426e-03  -9.8492175e-03   4.7665564e-03
  -2.5384399e-01   9.6042875e-02   2.3836022e-01   7.8968765e-03  -9.5184769e-03   4.6383098e-03
  -2.4645220e-01   3.4454638e-02   1.4029703e-01   7.3570920e-03  -9.7977030e-03   5.0355324e-03
  -2.6683657e-01   9.5030735e-02   1.3620080e-01   8.2682492e-03  -9.6116062e-03   5.1255091e-03
  -2.4193295e-01   9.7268783e-02   2.6379765e-01   7.9772800e-03  -9.4061459e-03   4.8366570e-03
  -2.9763707e-01   1.1378131e-01   1.3374595e-01   9.0289320e-03  -1.0309219e-02   5.5873395e-03
  -2.5416090e-01   2.0359032e-01   3.2667430e-01   9.6469340e-03  -9.2559053e-03   4.9157551e-03
  -3.1863444e-01   8.1588761e-02   1.5836962e-01   8.7635212e-03  -1.0420497e-02   5.4243929e-03
  -2.8182056e-01   2.1829233e-01   3.0205685e-01   9.1558888e-03  -9.8264909e-03   4.8588498e-03
  -3.0590127e-01   1.3647818e-01   9.1834579e-02   8.6532813e-03  -1.0350315e-02   4.4247041e-03
  -2.7622342e-01   3.2145585e-01   3.2824909e-01   1.0634141e-02  -9.4733732e-03   4.3055607e-03
  -2.8861016e-01   2.0247218e-01   2.2844745e-01   1.0721245e-02  -1.0223458e-02   4.3551387e-03
  -2.5909474e-01   3.3640054e-01   3.4800175e-01   1.2035685e-02  -9.5255223e-03   4.4438999e-03
  -2.9524669e-01   1.7196275e-01   2.6304483e-01   1.0721051e-02  -1.0513975e-02   4.7271744e-03
  -2.9522890e-01   3.1770346e-01   3.6510578e-01   1.2063213e-02  -1.0100107e-02   4.4564432e-03
  -3.0735950e-01   2.3450245e-01   3.7928363e-01   1.1034785e-02  -1.0232510e-02   3.9375718e-03
  -3.1807860e-01   2.7908875e-01   2.6752062e-01   1.2255185e-02  -1.0469108e-02   4.6717712e-03
  -3.0282077e-01   2.8602992e-01   4.2909620e-01   1.1335911e-02  -1.0204698e-02   4.4532921e-03
  -3.0761095e-01   2.8118341e-01   2.0254416e-01   1.2001735e-02  -1.0343284e-02   4.7173518e-03
  -3.2002952e-01   3.0047155e-01   4.3690806e-01   1.1369613e-02  -1.0068690e-02   4.3366120e-03
  -3.2285314e-01   2.9106464e-01   2.0591204e-01   1.2520863e-02  -1.0494121e-02   4.9981632e-03
  -2.5915508e-01   4.0869960e-01   4.3143753e-01   1.2644571e-02  -9.4951900e-03   5.0988401e-03
  -2.2186659e-01   2.7405842e-01   1.9315152e-01   1.2201964e-02  -9.5734124e-03   5.4182962e-03
  -2.4188829e-01   3.2233156e-01   3.4708164e-01   1.2382027e-02  -9.4555239e-03   4.8434336e-03
  -2.5393590e-01   2.6213155e-01   3.0762579e-01   1.1975477e-02  -9.9021704e-03   5.0864083e-03
  -2.3793357e-01   3.5728409e-01   2.8361148e-01   1.3100222e-02  -9.5644789e-03   5.1866965e-03
  -2.5619796e-01   3.0856651e-01   3.4234387e-01   1.2224824e-02  -1.0050690e-02   4.9889470e-03
  -2.7029969e-01   3.7495669e-01   2.5411034e-01   1.3722452e-02  -1.0174619e-02   5.1193335e-03
  -2.6713249e-01   3.6333801e-01   4.1169873e-01   1.3173386e-02  -1.0061110e-02   4.8898884e-03
  -2.6068877e-01   3.9393690e-01   1.8450749e-01   1.4175700e-02  -1.0156158e-02   5.1544709e-03
  -2.6446292e-01   3.5581959e-01   2.9136015e-01   1.2668842e-02  -1.0297284e-02   4.9412329e-03
  -3.0085674e-01   4.1286379e-01   3.0224820e-01   1.4066375e-02  -1.0263220e-02   5.1136595e-03
  -3.0455501e-01   3.1135403e-01   3.7255938e-01   1.2560295e-02  -1.0632381e-02   5.2163187e-03
  -3.1322018e-01   4.2294934e-01   2.6691826e-01   1.3922385e-02  -1.0557194e-02   5.5108448e-03
  -2.7961881e-01   4.0955953e-01   3.5857199e-01   1.2187477e-02  -9.8618397e-03   4.6536466e-03
  -2.8404393e-01   4.6925618e-01   2.2347672e-01   1.4196987e-02  -1.0133502e-02   5.2927651e-03
  -2.7747515e-01   3.9231307e-01   2.4705863e-01   1.2856273e-02  -1.0399110e-02   5.4299723e-03
  -2.4318908e-01   5.2149072e-01   2.4885130e-01   1.5021806e-02  -9.5620718e-03   5.6720795e-03
  -2.5122931e-01   4.4071316e-01   2.7549830e-01   1.3505000e-02  -1.0153476e-02   5.6671913e-03
  -2.8190356e-01   4.8292575e-01   2.7386637e-01   1.4480725e-02  -1.0130765e-02   5.9438472e-03
  -2.9003137e-01   4.1568343e-01   2.8625437e-01   1.3290535e-02  -1.0272811e-02   5.7504226e-03
  -3.0599718e-01   5.0781988e-01   2.9471147e-01   1.5259761e-02  -1.0468494e-02   6.3488045e-03
  -3.0315219e-01   3.7979225e-01   4.0418768e-01   1.3273229e-02  -1.0374987e-02   6.0163587e-03
  -3.4780805e-01   4.4035656e-01   2.3993608e-01   1.4706268e-02  -1.0721395e-02   6.4850157e-03
  -3.2761987e-01   4.4910427e-01   4.2737743e-01   1.3677487e-02  -1.0297613e-02   6.2398395e-03
  -3.4201825e-01   3.2573984e-01   2.4381972e-01   1.1419437e-02  -8.7962786e-03   1.5233864e-03
  -3.2671863e-01   2.8430766e-01   6.6745932e-01   1.1469831e-02  -7.7840856e-03   6.8826448e-04
  -3.6512259e-01   2.8741109e-01   2.1969969e-01   1.3746302e-02  -9.3587812e-03   3.1660352e-03
  -3.5545412e-01   3.8037302e-01   5.0332237e-01   1.2742898e-02  -9.3534735e-03   3.3735418e-03
  -3.3214729e-01   3.5162081e-01   2.6212135e-01   1.3771774e-02  -9.7900458e-03   4.4660001e-03
  -2.7709824e-01   4.7791543e-01   4.6143167e-01   1.3566260e-02  -9.0496660e-03   4.8405058e-03
  -2.9339440e-01   3.4889291e-01   2.1062878e-01   1.3321359e-02  -9.8422371e-03   5.0819922e-03
  -2.7341170e-01   4.5582423e-01   4.8361400e-01   1.3577573e-02  -9.0328686e-03   4.7737907e-03
  -2.8294069e-01   3.8455905e-01   2.6376195e-01   1.4713410e-02  -9.8993866e-03   5.4220340e-03
  -2.6554997e-01   4.2197347e-01   5.2890756e-01   1.3619125e-02  -9.5852809e-03   5.1838503e-03
  -2.7812555e-01   4.1493631e-01   2.9830633e-01   1.5060595e-02  -1.0002148e-02   5.9568767e-03
  -2.5108866e-01   4.8430606e-01   5.3157122e-01   1.4971416e-02  -9.5089856e-03   5.8514342e-03
  -2.9188310e-01   3.8433919e-01   3.4139652e-01   1.4757834e-02  -1.0289456e-02   6.1739558e-03
  -2.8277686e-01   4.8009909e-01   5.6028798e-01   1.4514073e-02  -9.7719723e-03   5.5843138e-03
  -3.3148036e-01   3.7282944e-01   2.2933640e-01   1.4521846e-02  -1.1003321e-02   6.4141517e-03
  -2.0136986e-01   5.3484199e-01   5.8268640e-01   1.5706618e-02  -8.3806440e-03   6.1469761e-03
  -3.0888007e-01   4.3820185e-01   2.6112576e-01   1.6253741e-02  -1.0119930e-02   6.9889310e-03
  -2.9533926e-01   4.5373924e-01   4.9368410e-01   1.5434279e-02  -9.7329701e-03   7.0493795e-03
  -3.3365100e-01   4.0273561e-01   2.9118248e-01   1.5791549e-02  -1.0623095e-02   7.5217148e-03
  -3.0789127e-01   5.1435218e-01   4.9541033e-01   1.5909062e-02  -9.7491484e-03   7.2489974e-03
  -3.4927145e-01   4.5859049e-01   2.6068167e-01   1.6443076e-02  -1.0595976e-02   7.8834739e-03
  -3.5354575e-01   5.4572474e-01   4.9512252e-01   1.5852465e-02  -9.9291137e-03   7.0426677e-03
  -4.2332813e-01   4.2089033e-01   2.5020866e-01   1.6319684e-02  -1.1372132e-02   7.6361724e-03
  -3.9202434e-01   4.7959205e-01   4.8446034e-01   1.5042362e-02  -1.0632252e-02   7.2718347e-03
  -3.7422819e-01   5.3218846e-01   2.8662561e-01   1.6784579e-02  -1.0718163e-02   7.6232066e-03
  -3.8079871e-01   5.0360054e-01   4.9880831e-01   1.5284659e-02  -1.0393255e-02   7.1473580e-03
  -4.1881688e-01   4.8697772e-01   2.5350975e-01   1.6176146e-02  -1.0917308e-02   7.4282170e-03
  -4.2494233e-01   4.4137875e-01   4.4832511e-01   1.4818479e-02  -1.0877481e-02   7.4269395e-03
  -4.0491256e-01   5.5611957e-01   3.7707843e-01   1.6996568e-02  -1.0327992e-02   8.2599157e-03
  -4.1948780e-01   4.4021040e-01   4.1531238e-01   1.5704438e-02  -1.0778857e-02   8.3687778e-03
  -4.4672983e-01   5.1633616e-01   4.4408801e-01   1.6437317e-02  -1.0911657e-02   8.3272825e-03
  -4.1936607e-01   5.2970115e-01   5.4581285e-01   1.6240665e-02  -1.0543891e-02   8.5895699e-03
  -4.4453920e-01   5.1192618e-01   2.5821504e-01   1.6182108e-02  -1.1060569e-02   9.1962424e-03
  -3.9882901e-01   5.2143083e-01   4.8011257e-01   1.5792305e-02  -1.0041953e-02   9.5677076e-03
  -4.1963508e-01   5.6075290e-01   3.5949816e-01   1.6410503e-02  -9.8574805e-03   8.4899987e-03
  -4.6278642e-01   5.8278035e-01   7.1789547e-01   1.6268087e-02  -9.6382142e-03   7.7061413e-03
  -4.2023829e-01   6.2540818e-01   5.1199552e-01   1.6977972e-02  -9.5502858e-03   8.2450772e-03
  -4.5982492e-01   4.1420528e-01   3.6555661e-01   1.6665357e-02  -1.0388129e-02   9.4853416e-03
  -4.4962165e-01   5.4149373e-01   6.1444963e-01   1.6638932e-02  -1.0033399e-02   9.1759225e-03
  -4.9913806e-01   4.9527677e-01   4.2482044e-01   1.6779155e-02  -1.0658648e-02   9.3702646e-03
  -4.3073126e-01   6.0918725e-01   6.0547095e-01   1.7103089e-02  -9.4667791e-03   8.9265121e-03
  -4.6537031e-01   5.4299251e-01   2.6187764e-01   1.6976237e-02  -1.0649619e-02   9.5796682e-03
  -4.4502922e-01   5.5302461e-01   4.9465476e-01   1.5563885e-02  -1.0243636e-02   9.1898289e-03
  -4.5600713e-01   5.8284653e-01   3.2845031e-01   1.7025652e-02  -1.0633598e-02   9.5014338e-03
  -4.1501782e-01   5.6721322e-01   4.5897992e-01   1.6051791e-02  -1.0239140e-02   9.5781713e-03
  -4.2381724e-01   5.9552080e-01   3.7427293e-01   1.6851062e-02  -1.0185834e-02   1.0441214e-02
  -4.6770920e-01   5.1834977e-01   4.9476584e-01   1.5824200e-02  -1.0385920e-02   1.0652799e-02
  -5.1073446e-01   5.7420289e-01   3.8979271e-01   1.7522213e-02  -1.1046471e-02   1.1190488e-02
  -4.8768507e-01   5.3196552e-01   5.5421818e-01   1.5777836e-02  -1.0396379e-02   1.0579864e-02
  -5.1466868e-01   5.6529921e-01   3.8282581e-01   1.7448348e-02  -1.0875699e-02   1.1411029e-02
  -4.8234465e-01   5.6623626e-01   6.1446209e-01   1.6205156e-02  -9.9910360e-03   1.0566786e-02
  -5.1484881e-01   5.2993575e-01   3.6276359e-01   1.6916505e-02  -1.0821393e-02   1.1130390e-02
  -4.9060141e-01   6.4805425e-01   6.1232683e-01   1.7315131e-02  -9.9452239e-03   1.0797184e-02
  -5.3015644e-01   5.1410844e-01   3.1831071e-01   1.6244712e-02  -1.0921066e-02   1.1305302e-02
  -5.1835720e-01   6.5095056e-01   6.4757422e-01   1.5128231e-02  -1.0111266e-02   1.0426810e-02
  -5.0760942e-01   6.4635361e-01   4.2582247e-01   1.6973888e-02  -1.0450933e-02   1.0643266e-02
  -4.9710823e-01   5.4947787e-01   2.2047931e-01   1.6954294e-02  -1.0362104e-02   1.1434842e-02
  -5.3900859e-01   6.1677763e-01   4.4311449e-01   1.5129494e-02  -1.0470410e-02   1.0819787e-02
  -5.1158578e-01   7.0365663e-01   3.0993896e-01   1.7141485e-02  -1.0147315e-02   1.0914217e-02
  -5.2531566e-01   6.1904478e-01   4.0932656e-01   1.5814214e-02  -1.0255403e-02   1.0454220e-02
  -4.9535709e-01   7.0824933e-01   2.7093776e-01   1.7472730e-02  -1.0288089e-02   1.0738412e-02
  -4.7175901e-01   6.7041635e-01   3.4796171e-01   1.6124947e-02  -1.0141649e-02   1.0562197e-02
  -4.8743639e-01   6.9477839e-01   2.8639291e-01   1.7044315e-02  -1.0315640e-02   1.0786706e-02
  -4.7056797e-01   6.2401889e-01   4.2038088e-01   1.6004690e-02  -1.0085126e-02   1.0897921e-02
  -5.0955744e-01   6.8772881e-01   2.8760501e-01   1.7640854e-02  -1.0742953e-02   1.1488417e-02
  -4.7208874e-01   6.4324886e-01   4.4071218e-01   1.5960934e-02  -9.8076686e-03   1.0949444e-02
  -5.4564412e-01   6.1740027e-01   2.7876048e-01   1.6860493e-02  -1.0997434e-02   1.1578360e-02
  -5.0723520e-01   6.5692633e-01   5.1842377e-01   1.6057738e-02  -1.0308697e-02   1.1194685e-02
  -4.9358880e-01   5.6736970e-01   2.2511711e-01   1.4633521e-02  -7.9779285e-03   5.8440095e-03
  -5.8724085e-01   1.3875515e-01   6.3026298e-01   6.6386351e-03  -5.9274260e-03  -1.5953749e-04
  -6.1071991e-01   1.7798589e-01   2.9392416e-01   1.0201797e-02  -8.0099110e-03   2.2424162e-03
  -5.5434941e-01   3.7332383e-01   4.9745037e-01   1.0296441e-02  -7.6079633e-03   3.4634377e-03
  -5.5601010e-01   2.9485539e-01   2.2991701e-01   1.1229185e-02  -8.5910839e-03   4.0925183e-03
  -5.7830373e-01   3.3196616e-01   4.4218059e-01   1.0159429e-02  -8.7409365e-03   4.5773919e-03
  -5.4749712e-01   3.4767089e-01   2.2661826e-01   1.1824892e-02  -9.3374105e-03   5.0899291e-03
  -5.7548196e-01   4.2237247e-01   4.6145926e-01   1.1850944e-02  -9.5212798e-03   5.8813692e-03
  -5.5142767e-01   3.6113415e-01   2.0840498e-01   1.2046872e-02  -9.8447295e-03   6.4048544e-03
  -5.6694047e-01   3.7255483e-01   4.2831565e-01   1.1402264e-02  -9.8223351e-03   6.4044944e-03
  -5.3098634e-01   4.2020340e-01   2.6775221e-01   1.2500913e-02  -9.1439496e-03   6.8434943e-03
  -4.7980781e-01   4.0923463e-01   1.5582443e-01   1.3177682e-02  -9.3866710e-03   7.6993269e-03
  -5.0545256e-01   4.1110088e-01   4.1631240e-01   1.1208425e-02  -9.1556985e-03   7.4342123e-03
  -4.8070746e-01   4.2897298e-01   1.4340611e-01   1.2194147e-02  -9.1731379e-03   7.9105609e-03
  -5.0657941e-01   4.0640110e-01   4.0062414e-01   1.1109081e-02  -9.9150846e-03   8.0725141e-03
  -5.2588955e-01   4.9662302e-01   2.6787924e-01   1.2913564e-02  -1.0430756e-02   8.5753190e-03
  -5.1791902e-01   4.2922541e-01   3.7911107e-01   1.1075669e-02  -1.0421894e-02   8.4893512e-03
  -5.2409048e-01   4.5604699e-01   2.2183229e-01   1.2301809e-02  -1.0238652e-02   9.1261640e-03
  -5.4797085e-01   3.8758762e-01   3.6142196e-01   1.0768571e-02  -1.0404708e-02   9.5756387e-03
  -5.5134730e-01   4.8459407e-01   3.1812248e-01   1.2704370e-02  -1.0178783e-02   1.0143891e-02
  -5.7960216e-01   1.0135894e-01   3.7529018e-01   4.4929682e-03  -7.1192749e-03  -8.9694760e-04
  -5.7900191e-01   3.0237171e-01   4.4241191e-01   8.8858822e-03  -8.0779488e-03   2.6813400e-03
  -6.6284995e-01   1.3979878e-01   3.3472665e-01   8.9676697e-03  -1.0065012e-02   5.0933121e-03
  -6.4037435e-01   3.0649208e-01   5.0153470e-01   9.3806210e-03  -9.6056141e-03   5.5697315e-03
  -6.6463419e-01   2.1745977e-01   3.6621598e-01   1.0074991e-02  -1.0853517e-02   6.4284881e-03
  -5.8755997e-01   3.2833340e-01   5.0248816e-01   9.7971125e-03  -9.5409302e-03   6.3335062e-03
  -6.3756728e-01   1.8466376e-01   4.0279779e-01   9.3218044e-03  -1.0615603e-02   6.5708369e-03
  -6.0618454e-01   2.9932450e-01   4.6811115e-01   1.0311175e-02  -1.0164707e-02   6.9552410e-03
  -6.0869122e-01   2.3561140e-01   4.8861815e-01   9.7432386e-03  -1.0739297e-02   7.0863188e-03
  -5.5636129e-01   2.9750915e-01   3.9621248e-01   1.0361549e-02  -1.0104710e-02   7.4582010e-03
  -6.0628191e-01   2.0856280e-01   3.9223342e-01   9.7185978e-03  -1.1379530e-02   7.6617179e-03
  -6.0230407e-01   2.7802007e-01   4.3605350e-01   1.0528192e-02  -1.0931898e-02   7.7139168e-03
  -6.1391654e-01   2.0501894e-01   5.2699275e-01   9.3649095e-03  -1.1238491e-02   7.5417678e-03
  -5.6010750e-01   3.1378748e-01   3.7254941e-01   1.1208873e-02  -1.0549871e-02   7.8279999e-03
  -5.9679901e-01   2.6734670e-01   3.2364131e-01   1.1103626e-02  -1.1471373e-02   8.5167540e-03
  -5.8359859e-01   3.3685182e-01   5.6130151e-01   1.0381911e-02  -1.0862639e-02   8.3674251e-03
  -6.5619080e-01   2.4676385e-01   3.2162837e-01   1.0550558e-02  -1.1721284e-02   8.3804395e-03
  -6.2591666e-01   3.2409460e-01   5.6578261e-01   1.0305822e-02  -1.0862748e-02   8.2444885e-03
  -6.8948528e-01   2.1964843e-01   3.3576791e-01   1.0435955e-02  -1.2026505e-02   8.4298091e-03
  -6.8018397e-01   2.6893492e-01   5.9053080e-01   9.4091069e-03  -1.1340317e-02   7.8997226e-03
  -6.5793268e-01   2.9770314e-01   3.4257265e-01   9.9223575e-03  -1.1033563e-02   8.1176571e-03
  -6.7501845e-01   2.6069148e-01   4.7472457e-01   9.4912844e-03  -1.1659552e-02   8.5619751e-03
  -6.6258935e-01   2.8111994e-01   3.9819888e-01   9.7158756e-03  -1.1520371e-02   8.6179986e-03
  -5.3324734e-01   5.7154982e-01   5.1379554e-01   1.2144674e-02  -1.1282406e-02   8.2232475e-03
  -5.2394147e-01   5.9978585e-01   4.3547905e-01   1.2691233e-02  -1.0738574e-02   8.5409689e-03
  -5.3337420e-01   3.7378938e-01   3.9252590e-01   1.2305119e-02  -1.1414223e-02   9.3691725e-03
  -4.8063185e-01   5.1508832e-01   5.2423025e-01   1.2031266e-02  -1.0142749e-02   9.2443428e-03
  -5.5409599e-01   3.1588179e-01   3.6151189e-01   1.1264377e-02  -1.1506430e-02   9.4159449e-03
  -5.1322460e-01   4.6577153e-01   4.9430857e-01   1.2158075e-02  -1.0316585e-02   9.4035468e-03
  -5.4155301e-01   3.8428651e-01   2.6014435e-01   1.1581379e-02  -1.1064071e-02   9.8210113e-03
  -5.2224208e-01   4.8685106e-01   5.4084760e-01   1.1016647e-02  -1.0501941e-02   9.5129674e-03
  -5.5571374e-01   4.2419561e-01   2.4363965e-01   1.1198454e-02  -1.1641074e-02   9.9229274e-03
  -5.4829840e-01   3.8814953e-01   4.7819303e-01   1.0171336e-02  -1.1158780e-02   9.9424305e-03
  -5.6201475e-01   4.1165576e-01   3.4895346e-01   1.1171569e-02  -1.1426867e-02   1.0370189e-02
  -5.6762395e-01   3.5018926e-01   4.5202848e-01   1.0038420e-02  -1.1367981e-02   1.0150682e-02
  -6.0040404e-01   4.0055062e-01   3.6776582e-01   1.1070959e-02  -1.1616225e-02   1.0618787e-02
  -5.6566750e-01   3.3658548e-01   3.9518018e-01   9.9546320e-03  -1.1345748e-02   1.0759744e-02
  -5.6435529e-01   4.3873624e-01   4.4057419e-01   1.1114897e-02  -1.1084966e-02   1.0484243e-02
  -5.1984382e-01   5.9367372e-01   2.6616470e-01   1.7643844e-02  -1.0637008e-02   1.0054187e-02
  -4.0632589e-01   6.6519547e-01   2.2625185e-01   1.5911175e-02  -8.1179992e-03   9.0939023e-03
  -4.6656979e-01   5.8885459e-01   7.8412548e-01   1.3109252e-02  -8.7697681e-03   8.4700682e-03
  -3.7522427e-01   2.3718506e-01   4.1041931e-01   1.2056163e-02  -9.2288084e-03   9.1305126e-03
  -4.3698511e-01   2.7704437e-01   5.5411786e-01   1.1885736e-02  -9.9897249e-03   1.0549708e-02
  -4.9143813e-01   2.7380560e-01   4.7139933e-01   1.2260119e-02  -1.0384588e-02   1.0982133e-02
  -4.3207337e-01   3.0616492e-01   4.5622673e-01   1.1465800e-02  -9.5365411e-03   1.0087781e-02
  -5.2737137e-01   1.8788655e-01   3.5173322e-01   1.0241377e-02  -1.0786640e-02   1.0395011e-02
  -4.9402940e-01   3.1372095e-01   3.4358898e-01   1.1217107e-02  -1.0284311e-02   1.0434312e-02
  -5.2685888e-01   2.5342409e-01   5.0876653e-01   9.9594722e-03  -1.0248668e-02   8.7516561e-03
  -5.6948138e-01   1.8643668e-01   3.2733344e-01   1.0011966e-02  -1.1874711e-02   9.4778497e-03
  -5.6731743e-01   2.7976574e-01   5.8286726e-01   1.0881851e-02  -1.1183329e-02   9.0010150e-03
  -6.0915744e-01   9.3167999e-02   3.7846681e-01   1.0298965e-02  -1.2086383e-02   9.6952087e-03
  -5.7916739e-01   2.3847415e-01   5.0011691e-01   1.0760560e-02  -1.1896220e-02   9.6605837e-03
  -6.5110845e-01   1.2173655e-01   3.0922678e-01   9.0944333e-03  -1.2761796e-02   1.0119953e-02
  -5.9678125e-01   2.2553151e-01   4.2128973e-01   1.0129250e-02  -1.1915689e-02   9.8260567e-03
  -6.5675406e-01   1.1686789e-01   3.2474817e-01   1.0140089e-02  -1.2854186e-02   1.0237719e-02
  -6.4647675e-01   1.4900369e-01   5.0513086e-01   9.2635373e-03  -1.2654951e-02   9.8809572e-03
  -6.5677683e-01   2.1368066e-01   3.3555010e-01   1.0355886e-02  -1.2708860e-02   9.9589555e-03
  -6.5278269e-01   1.2947885e-01   4.6759770e-01   8.8991000e-03  -1.3188317e-02   1.0057615e-02
  -6.1938306e-01   1.7826995e-01   3.9420671e-01   9.6059487e-03  -1.2422428e-02   1.0246944e-02
  -6.2107648e-01   1.5671416e-01   4.6908062e-01   8.9789677e-03  -1.2636922e-02   1.0010874e-02
  -6.3562368e-01   2.0709974e-01   3.6520858e-01   9.6789399e-03  -1.2628350e-02   1.0101474e-02
  -6.2141154e-01   1.6727599e-01   5.0989441e-01   8.9319403e-03  -1.2459814e-02   9.7294677e-03
  -5.8076624e-01   1.8829198e-01   3.3832618e-01   9.8876197e-03  -1.2622342e-02   9.7446947e-03
  -6.1628016e-01   1.5485102e-01   5.0826478e-01   8.7674439e-03  -1.2548845e-02   9.7639019e-03
  -6.6390784e-01   1.4129997e-01   2.7158123e-01   9.4133679e-03  -1.3162680e-02   1.0157548e-02
  -6.0467453e-01   1.6290825e-01   5.6610105e-01   8.3369928e-03  -1.2305983e-02   1.0031653e-02
  -6.5032221e-01   1.9596557e-01   2.3892101e-01   1.0103895e-02  -1.2991508e-02   1.0296801e-02
  -6.3925059e-01   1.7393849e-01   4.1485108e-01   8.4086354e-03  -1.2667720e-02   1.0368145e-02
  -5.8306403e-01   2.6386808e-01   2.9751411e-01   1.0070642e-02  -1.1906478e-02   1.0301588e-02
  -5.9442941e-01   1.7837358e-01   3.0826864e-01   8.5762215e-03  -1.2535185e-02   1.0573979e-02
  -5.6999411e-01   2.8495116e-01   3.7411753e-01   1.0136129e-02  -1.1907486e-02   1.0270288e-02
  -5.7434304e-01   2.0428096e-01   2.6044841e-01   8.7855703e-03  -1.2174588e-02   1.0584432e-02
  -5.9446368e-01   3.0320408e-01   3.6442979e-01   1.0552080e-02  -1.2038189e-02   1.0392652e-02
  -5.9141132e-01   1.9837686e-01   3.8382605e-01   8.8398041e-03  -1.2094346e-02   1.0037168e-02
  -6.2087289e-01   2.8963128e-01   2.5345401e-01   1.0626629e-02  -1.2346001e-02   1.0298924e-02
  -5.8839357e-01   2.5010259e-01   4.4816165e-01   9.1037180e-03  -1.1953673e-02   1.0383701e-02
  -5.7473131e-01   2.8988534e-01   1.3246267e-01   1.0629634e-02  -1.2144202e-02   1.0675297e-02
  -5.7420617e-01   2.8062993e-01   2.3598664e-01   8.4648180e-03  -1.1866529e-02   9.9924644e-03
  -5.7612554e-01   3.5457834e-01   1.9204507e-01   1.0268425e-02  -1.1418063e-02   1.0045965e-02
  -5.7763360e-01   2.3942190e-01   2.4722250e-01   8.5342581e-03  -1.1911294e-02   1.0586168e-02
  -5.5133905e-01   3.3885773e-01   2.5194927e-01   1.0018286e-02  -1.1534614e-02   1.0531889e-02
  -5.6693912e-01   2.0387685e-01   2.3121577e-01   8.6482412e-03  -1.2140081e-02   1.0646544e-02
  -5.6199815e-01   3.3765950e-01   2.9604913e-01   9.8520590e-03  -1.1515165e-02   1.0307852e-02
  -5.9199469e-01   2.6839972e-01   1.2194191e-01   8.9779520e-03  -1.2351495e-02   1.0858881e-02
  -5.4039279e-01   3.8577626e-01   3.5632957e-01   1.0050625e-02  -1.1319936e-02   1.0787643e-02
  -5.7145816e-01   2.9689749e-01   8.1486751e-02   9.8109764e-03  -1.2375060e-02   1.0979295e-02
  -4.8994615e-01   6.1611612e-01   4.5220082e-01   1.2468252e-02  -9.7340307e-03   9.7214938e-03
  -2.9368992e-01  -7.4583448e-01   3.3062583e-01  -1.9961284e-02   1.2043611e-03  -3.7335973e-03
  -1.5747332e-01  -4.3464843e-01   3.0005039e-01  -4.9518955e-03  -1.1813427e-03  -2.2107659e-03
  -2.3801517e-01  -3.1277482e-01   5.2587587e-01  -1.1784148e-03  -3.4494553e-03   2.2904030e-03
  -2.5206499e-01  -2.5382969e-01   6.6768233e-01   3.6317344e-05  -4.3369346e-03   3.7528466e-03
  -2.7045581e-01  -5.0837212e-01   3.2450374e-01  -2.1211653e-03  -3.8128847e-03   3.9301181e-03
  -2.3822221e-01  -4.3902310e-01   5.3458795e-01  -3.3016844e-03  -3.9582055e-03   5.3117480e-03
  -2.7119165e-01  -5.9665100e-01   4.4265335e-01  -3.4970114e-03  -5.3644436e-03   6.3594732e-03
  -2.2041728e-01  -4.7510289e-01   5.7875377e-01  -2.6115638e-03  -4.8702507e-03   6.6148990e-03
  -2.4847945e-01  -5.7450612e-01   4.7324534e-01  -3.9663932e-03  -6.3025800e-03   7.0103607e-03
  -2.4479425e-01  -5.6908899e-01   4.6834339e-01  -3.2524337e-03  -6.0037384e-03   7.0986044e-03
  -2.3081024e-01  -5.9662959e-01   6.3278869e-01  -3.1817422e-03  -6.0813728e-03   7.6346290e-03
  -2.3864723e-01  -6.5397812e-01   5.2321974e-01  -3.0918254e-03  -6.4642050e-03   8.3523605e-03
  -2.4104122e-01  -5.9627411e-01   7.6875362e-01  -2.3403310e-03  -6.6272499e-03   8.6296977e-03
  -2.8132330e-01  -6.6654317e-01   5.1526315e-01  -2.7034400e-03  -7.4742736e-03   9.4881629e-03
  -2.5560176e-01  -6.4553771e-01   7.3137654e-01  -2.8852096e-03  -6.6568610e-03   9.2236274e-03
  -3.1100462e-01  -6.4529529e-01   5.2610771e-01  -1.8660981e-03  -7.5811957e-03   9.9533826e-03
  -2.5172354e-01  -6.1720231e-01   7.8174936e-01  -2.4481473e-03  -6.5637650e-03   9.8652141e-03
  -2.7006605e-01  -5.9412754e-01   4.9020445e-01  -1.5195714e-03  -6.8755115e-03   1.0098660e-02
  -2.5337833e-01  -6.0853653e-01   6.2524890e-01  -2.4515317e-03  -6.9709427e-03   1.0507483e-02
  -2.0571822e-01  -4.6013028e-01   5.9910456e-01  -1.1613163e-03  -5.8233830e-03   1.0920387e-02
  -9.7390394e-02  -4.6119766e-01   3.4146264e-01  -1.2861657e-03  -5.6358845e-03   1.2040651e-02
  -1.5103705e-01  -5.0840975e-01   7.3778780e-01  -3.1261446e-03  -5.7009544e-03   1.0989632e-02
  -1.5070824e-01  -4.9371098e-01   4.2187210e-01  -1.2166317e-03  -6.1659757e-03   1.1411647e-02
  -1.9115250e-01  -4.6595168e-01   6.3758189e-01  -1.6242735e-03  -6.6792866e-03   1.1105332e-02
  -1.3251165e-01  -3.6834984e-01   5.6468003e-01   6.8840333e-04  -5.9842936e-03   1.1365824e-02
  -1.7762915e-01  -4.8510300e-01   6.7744124e-01  -8.5539554e-04  -6.7352070e-03   1.1137318e-02
  -1.7572892e-01  -4.0486675e-01   6.6678853e-01   9.4878588e-04  -6.0550020e-03   1.1246634e-02
  -2.2088189e-01  -4.7935885e-01   6.7017977e-01  -2.8938454e-04  -6.9389303e-03   1.1119649e-02
  -2.0458209e-01  -3.5180822e-01   6.1647946e-01   9.4599176e-04  -6.2891097e-03   1.1470373e-02
  -2.0814901e-01  -4.9476310e-01   5.9342652e-01  -1.0238751e-03  -6.6736615e-03   1.1416770e-02
  -2.1722641e-01  -4.1175564e-01   6.7854601e-01   6.0698137e-04  -6.3427205e-03   1.1712588e-02
  -2.2746258e-01  -5.6585896e-01   7.0534504e-01  -9.4876865e-04  -7.0428785e-03   1.1753416e-02
  -2.8088925e-01  -4.6167504e-01   6.2086953e-01   7.7633033e-04  -7.4217206e-03   1.1755893e-02
  -2.4105543e-01  -5.4535149e-01   7.4518459e-01  -9.3681306e-04  -7.1396168e-03   1.1666122e-02
  -2.3865571e-01  -4.4495408e-01   6.0146501e-01   6.4456120e-04  -6.8447157e-03   1.1875030e-02
  -2.5442223e-01  -4.9877101e-01   5.4005950e-01  -9.3291090e-05  -7.3788156e-03   1.2508408e-02
  -1.9104917e-01  -4.2421284e-01   7.4595631e-01   5.5056967e-05  -6.2252872e-03   1.2176283e-02
  -1.9503188e-01  -5.4032565e-01   5.3894566e-01  -1.2893024e-04  -6.7302665e-03   1.3126904e-02
  -1.2526172e-01  -4.7750526e-01   8.1354093e-01  -5.5935596e-04  -5.1459784e-03   1.3019577e-02
  -1.5734550e-01  -4.9064895e-01   6.6795522e-01   2.1567199e-03  -3.9117205e-03   1.1836325e-02
  -1.2754706e-01  -4.5161630e-01   9.6299442e-01   1.6028061e-03  -4.5091710e-03   1.2749741e-02
  -2.3923758e-01  -5.6161461e-01   6.0808299e-01   1.2704834e-03  -6.7895753e-03   1.3485150e-02
  -1.9222769e-01  -4.7447850e-01   8.9371234e-01   5.3219304e-04  -5.6084386e-03   1.3168750e-02
  -2.2771522e-01  -5.6496059e-01   7.2464003e-01   3.6140558e-04  -6.4249451e-03   1.3372528e-02
  -1.8270952e-01  -3.6210317e-01   8.0100204e-01   2.5611430e-03  -5.9028103e-03   1.2222873e-02
  -2.5860934e-01  -4.2848577e-01   5.6353470e-01   2.4923905e-03  -7.2516214e-03   1.2853959e-02
  -1.7308106e-01  -3.4064143e-01   8.5925211e-01   2.2257170e-03  -5.6222560e-03   1.3056006e-02
  -2.0397759e-01  -4.3366977e-01   5.9403291e-01   1.7787451e-03  -6.4709280e-03   1.3607462e-02
  -1.1011079e-01  -3.7701003e-01   8.6523591e-01   1.0348811e-03  -4.8243581e-03   1.3003020e-02
  -1.3371145e-01  -4.0772635e-01   5.0150283e-01   1.7186861e-03  -5.3145721e-03   1.4314812e-02
  -1.2234854e-01  -4.7531825e-01   7.1002503e-01  -1.0644770e-03  -4.1245307e-03   1.4837743e-02
  -1.2288893e-01  -3.9467769e-01   6.2265642e-01   8.3180311e-04  -4.4065688e-03   1.4950489e-02
  -1.0329240e-01  -4.7078726e-01   5.5722535e-01   1.7121103e-05  -4.3789886e-03   1.4942895e-02
  -6.7773472e-02  -3.4610484e-01   7.3909871e-01   1.6982402e-03  -3.5717144e-03   1.5220348e-02
  -9.5717315e-02  -5.4399116e-01   6.2506270e-01  -1.0484414e-02   4.4652718e-03   1.1240346e-03
  -3.2733503e-01  -1.0503493e+00   4.0667937e-01  -3.2659376e-02   7.1557852e-04  -1.0548502e-03
  -2.2084690e-01  -9.9768198e-01  -2.0963360e-01  -1.5684172e-02   4.6974512e-04   2.2579740e-03
  -1.1729778e-02  -9.1492595e-01   1.5819759e-02  -9.8691884e-03   9.4976142e-04   3.5105647e-03
   3.0252476e-02  -7.7414903e-01   2.3545170e-01  -8.9771881e-03  -4.0132271e-05   4.9186824e-03
   5.0922219e-02  -7.7766137e-01   1.8085414e-01  -7.8801075e-03   5.6239115e-04   5.9367559e-03
  -4.6601385e-03  -9.0148491e-01   3.8067204e-01  -8.9845829e-03  -3.2021578e-04   7.2507212e-03
  -2.9143173e-02  -9.3227063e-01   1.8530721e-01  -8.8979387e-03  -6.2120596e-04   8.4386438e-03
  -6.0554557e-02  -8.6368267e-01   4.1405070e-01  -8.7361718e-03  -6.2540780e-04   8.5845637e-03
  -5.7933933e-02  -9.1113210e-01   1.9708471e-01  -8.2411807e-03  -9.1093509e-04   9.6957828e-03
  -1.1320447e-03  -9.2297787e-01   4.0595420e-01  -9.1263064e-03  -1.1973344e-04   8.8441743e-03
  -8.3935319e-02  -8.4880756e-01   4.0345804e-01  -5.4745628e-03  -7.9022681e-04   9.7531552e-03
  -2.6187808e-02  -8.1820189e-01   5.3913539e-01  -5.8687625e-03  -4.2729681e-04   1.0293439e-02
  -3.3373862e-02  -8.3927009e-01   5.1672159e-01  -5.0458794e-03  -1.4439397e-03   1.0723798e-02
  -3.9670677e-02  -8.4501688e-01   3.4129821e-01  -5.7306050e-03  -1.3107407e-03   1.0712510e-02
  -1.8533764e-02  -8.7444329e-01   5.6239964e-01  -6.0720538e-03  -1.1378505e-03   1.0765574e-02
  -8.3345731e-02  -9.0339542e-01   4.1271624e-01  -5.9305026e-03  -2.0006910e-03   1.1576814e-02
   4.4952310e-02  -7.7822489e-01   5.4522441e-01  -2.7119128e-03   6.7560694e-05   1.1557539e-02
  -9.5771891e-02  -8.4516848e-01   3.4032007e-01  -3.8688684e-03  -2.6967804e-03   1.2561310e-02
   4.4020874e-04  -7.5986097e-01   5.4579286e-01  -4.5001958e-03  -1.4249564e-03   1.1932583e-02
  -3.1197357e-02  -8.2997192e-01   2.8733036e-01  -4.3189924e-03  -2.0023199e-03   1.2730562e-02
  -2.4716163e-02  -8.3083407e-01   5.5016937e-01  -5.2861816e-03  -1.7951126e-03   1.2707148e-02
  -6.7881103e-02  -8.4793014e-01   3.4180107e-01  -4.7726592e-03  -2.1821750e-03   1.3096207e-02
  -4.5551717e-02  -8.4875206e-01   5.7555420e-01  -6.2233135e-03  -1.8950640e-03   1.2127131e-02
  -6.4523024e-02  -7.8989261e-01   2.7895940e-01  -4.8147455e-03  -1.9266170e-03   1.2729580e-02
  -6.6696598e-02  -8.0729911e-01   3.3824142e-01  -5.4810529e-03  -2.4042147e-03   1.2891138e-02
  -2.8989042e-02  -7.4819413e-01   4.5723656e-01  -5.0069823e-03  -1.3631719e-03   1.2845482e-02
  -1.0030144e-03  -8.0540334e-01   1.9946220e-01  -5.9888962e-03  -9.6274224e-04   1.3637000e-02
  -2.3685186e-02  -8.6382138e-01   4.7195671e-01  -7.7723200e-03   2.1882651e-04   1.2951954e-02
