   1.4210855e-14   0.0000000e+00   0.0000000e+00   1.3363824e-51   3.8518599e-34   0.0000000e+00
   4.4719889e-02   1.3413585e-01   1.9781229e-01   3.4281535e-03   4.7394268e-04  -8.1943552e-04
  -1.1228724e-03   9.1899536e-02   8.1793063e-02   3.2300930e-03   5.3993929e-05  -1.1542955e-03
   4.6890692e-02   1.5803511e-01   2.8659903e-01   4.5414846e-03   6.3793979e-04  -1.4823514e-03
   6.6275031e-02   5.7244820e-02   2.2153722e-01   3.6419508e-03   1.7777309e-04  -1.4268943e-03
   9.3067868e-02   1.2190458e-01   2.1982986e-01   4.5222676e-03   9.0003209e-04  -2.0954234e-03
   6.5888820e-02   1.2506048e-01   2.3377857e-01   4.2589905e-03   4.5289015e-04  -2.5326058e-03
   7.2308920e-02   1.4841213e-01   1.1444529e-01   5.3602957e-03   1.2260062e-03  -3.2582273e-03
  -1.4127776e-02   9.4159173e-02   1.6585852e-01   1.6371685e-03  -3.2003785e-04  -3.1898906e-03
   4.1599770e-02   9.9758802e-02   1.1557911e-01   3.6334750e-03   9.8103497e-04  -3.5099708e-03
  -2.6016486e-03   1.2576878e-01   1.7358627e-01   2.9352289e-03   2.2524160e-04  -3.5594171e-03
   1.5332471e-02   1.2236985e-01   2.7532961e-02   3.9983001e-03   1.1481725e-03  -4.5718482e-03
  -1.0064440e-01   2.2819654e-01   2.6820318e-01   4.3319505e-03  -8.2051015e-04  -4.1721155e-03
  -1.0338778e-03   5.7830066e-02   3.4151873e-02   3.3188193e-03   8.3584810e-04  -4.0403129e-03
  -4.3104921e-03   1.7736201e-01   2.3495692e-01   3.4974427e-03   7.0202612e-04  -4.1662138e-03
   3.6431054e-02   7.8391711e-02   1.1440556e-02   3.4233092e-03   1.3621234e-03  -4.0707562e-03
  -1.8508608e-02   1.7366117e-01   1.3260111e-01   2.9154004e-03   5.7194259e-04  -4.2421303e-03
   3.9349024e-02   7.2831308e-02  -3.2536086e-02   2.4795690e-03   1.5727215e-03  -4.5729132e-03
   5.8110575e-03   1.3843184e-01   1.0854079e-01   2.5417512e-03   8.0883972e-04  -4.3108280e-03
   3.2724007e-02   5.7281258e-02  -4.2834014e-02   2.3529367e-03   1.7604773e-03  -5.2607199e-03
   2.2540300e-02   1.2343538e-01   1.2562943e-01   2.4155094e-03   1.4048711e-03  -5.2252167e-03
   2.2610376e-02   3.9008864e-02  -7.5234704e-02   9.7897338e-04   1.8441492e-03  -6.2884527e-03
   2.4286833e-02   1.0500848e-01   6.1542261e-02   1.4802838e-03   1.5821020e-03  -6.0611130e-03
  -4.8322439e-02   1.1559750e-01  -2.0940875e-03   1.6790888e-03   6.3787807e-04  -6.4460016e-03
  -2.1829393e-02   1.4435279e-01   2.6392869e-02   2.6603339e-03   9.8845484e-04  -6.3953537e-03
  -4.9262441e-02   1.2932727e-01  -3.9705723e-02   2.1362104e-03   7.1620430e-04  -6.6121071e-03
  -5.4323714e-02   1.9555052e-01  -5.8609131e-02   3.5866551e-03   7.2414913e-04  -6.7650869e-03
  -4.9077232e-02   1.6361754e-01  -1.0501014e-01   3.2362849e-03   7.1828015e-04  -6.4565861e-03
  -5.0675018e-02   2.2694864e-01   1.7017915e-02   3.5752701e-03   1.0990862e-03  -7.2737372e-03
  -5.8591842e-02   1.6439727e-01  -1.3546657e-01   2.9032607e-03   1.0322536e-03  -7.4920413e-03
  -5.0741510e-02   2.1259669e-01   8.5538840e-02   2.9011338e-03   1.0590005e-03  -7.7018571e-03
  -3.6446277e-02   1.1995024e-01  -1.1362692e-01   2.2847072e-03   1.3825318e-03  -8.0248059e-03
  -4.8554963e-02   2.2433309e-01   3.3355989e-02   3.6009726e-03   1.0068194e-03  -8.2018875e-03
  -9.4817037e-02   1.9519527e-01  -9.8346771e-02   3.8529724e-03   3.9015767e-04  -7.9091064e-03
  -3.2990822e-02   1.7468866e-01  -1.5133311e-02   3.0572370e-03   1.1943171e-03  -8.0396988e-03
  -5.1573934e-02   1.7830007e-01  -1.1294396e-01   2.7285205e-03   1.0280016e-03  -8.4746953e-03
  -5.7083237e-02   2.3882795e-01  -2.9468034e-02   3.9120709e-03   1.0415904e-03  -8.4324538e-03
  -9.5650922e-02   1.5776300e-01  -1.6908878e-01   2.4540347e-03   5.7843888e-04  -8.5089740e-03
  -4.0705518e-02   1.8132750e-01  -1.2596350e-01   2.4348951e-03   1.4478328e-03  -8.7882302e-03
  -9.2765595e-02   1.8509033e-01  -1.3984326e-01   2.7143277e-03   9.1736633e-04  -8.7199246e-03
  -5.8432398e-02   1.8957658e-01  -1.7933562e-01   3.4810815e-03   1.6230519e-03  -9.0531395e-03
  -4.7883250e-02   1.9182505e-01  -6.9508107e-02   2.9992201e-03   1.4454819e-03  -8.8682222e-03
  -3.2469996e-02   1.8914331e-01  -2.5534999e-01   3.5834316e-03   2.2292579e-03  -9.0758290e-03
  -6.1486461e-02   2.5969058e-01  -3.6619454e-03   3.7858008e-03   1.3794672e-03  -8.6757867e-03
  -4.3729441e-02   1.4071417e-01  -2.5951247e-01   3.6468362e-03   1.9782215e-03  -9.0324008e-03
  -6.1653185e-02   2.7764658e-01  -3.1927714e-02   4.5817713e-03   1.3988736e-03  -8.8593140e-03
  -8.1339531e-02   1.8745949e-01  -2.7385218e-01   4.6556072e-03   1.7115265e-03  -9.2030012e-03
  -7.2737416e-02   2.7466017e-01  -4.7119126e-02   4.8001767e-03   1.3705087e-03  -8.9040229e-03
  -9.2623828e-02   2.1064262e-01  -2.7541798e-01   4.7047804e-03   1.7007565e-03  -9.7580927e-03
  -1.4995406e-01   3.2453833e-01  -3.5358603e-02   5.3531193e-03   5.4463179e-04  -9.6127252e-03
  -1.3922563e-01   1.6817849e-01  -2.8962851e-01   4.2490558e-03   1.4809909e-03  -1.0008551e-02
  -1.2704284e-01   2.5915165e-01  -9.8755683e-02   5.0915629e-03   1.3429367e-03  -9.6074257e-03
  -1.4546469e-01   2.4720848e-01  -2.0176943e-01   5.6270043e-03   9.0570063e-04  -8.9739187e-03
  -1.0794001e-01   2.8454027e-01  -1.6583926e-01   6.0342755e-03   1.8275637e-03  -9.4625821e-03
  -1.5692164e-01   2.8176792e-01  -1.9466305e-01   5.4139613e-03   1.0884654e-03  -9.8152241e-03
  -1.3431196e-01   3.0374637e-01  -1.5951865e-01   6.4595260e-03   1.4775962e-03  -9.9368833e-03
  -1.4797027e-01   2.8434007e-01  -1.9975663e-01   5.4559870e-03   1.1219220e-03  -1.0106204e-02
  -1.3071551e-01   2.6223910e-01  -1.9153278e-01   5.7032215e-03   1.5133917e-03  -1.0291171e-02
  -1.1005061e-01   2.2010175e-01  -2.0792384e-01   4.5427557e-03   1.3902353e-03  -1.0120350e-02
  -1.3649929e-01   3.0605435e-01  -1.6987338e-01   6.1374033e-03   1.3393040e-03  -1.0360624e-02
  -1.5974481e-01   2.1368629e-01  -2.4152464e-01   4.1771691e-03   1.1968815e-03  -1.0108589e-02
  -1.1218457e-01   2.2646051e-01  -2.3380375e-01   4.9400648e-03   2.0135786e-03  -1.0407872e-02
  -1.6390171e-01   2.8023977e-01  -1.9904136e-01   5.0927275e-03   1.4909286e-03  -1.0375385e-02
  -1.6240932e-01   2.5786823e-01  -2.9570326e-01   5.5739187e-03   1.9449798e-03  -1.0863533e-02
  -1.8171358e-01   2.7718556e-01  -1.2041060e-01   5.0796503e-03   1.1591171e-03  -1.0585862e-02
  -1.8027893e-01   1.3238834e-01  -2.9899143e-01   2.9742222e-03   1.6020512e-03  -1.1059252e-02
  -1.8005546e-01   4.2894422e-01  -1.3888141e-01   8.3339933e-03  -1.8010209e-03  -1.3821176e-03
  -2.2334627e-01   3.1697728e-01  -3.0211865e-01   7.0120330e-03  -1.3895904e-03  -4.2145038e-03
  -2.2331116e-01   4.3234882e-01  -1.7107416e-01   7.7507298e-03  -9.8279101e-04  -5.6335093e-03
  -2.3140535e-01   3.2920046e-01  -3.1720272e-01   7.1145907e-03  -7.5914516e-04  -5.8998560e-03
  -2.5672871e-01   4.7880620e-01  -1.5635935e-01   8.6328849e-03  -1.1054340e-03  -6.6803903e-03
  -3.1615904e-01   3.8352166e-01  -3.0996583e-01   7.8953142e-03  -1.5045002e-03  -7.2042629e-03
  -2.7209719e-01   4.6132233e-01  -2.0678041e-01   8.6625299e-03  -9.5426689e-04  -7.3294477e-03
  -3.3767079e-01   4.3598584e-01  -2.8448235e-01   9.0278046e-03  -1.2905257e-03  -7.7025826e-03
  -2.7993544e-01   4.5310461e-01  -2.5519685e-01   9.1248982e-03  -3.2143476e-04  -8.1003073e-03
  -2.9270563e-01   4.3302921e-01  -2.4446338e-01   8.6393742e-03  -7.6291620e-04  -7.9286573e-03
  -2.5058831e-01   4.3964060e-01  -3.2206684e-01   9.3123759e-03   3.7367981e-05  -7.9960994e-03
  -3.0658606e-01   5.2305913e-01  -1.5587690e-01   1.0105731e-02  -1.0973631e-03  -8.0790330e-03
  -2.6057264e-01   4.6145128e-01  -3.2712780e-01   1.0588097e-02   4.1143134e-05  -8.6095353e-03
  -2.9842425e-01   4.4522018e-01  -1.4837028e-01   8.8902726e-03  -8.5065414e-04  -8.2630252e-03
  -2.7184776e-01   4.2550376e-01  -3.1967397e-01   9.5693616e-03   5.8088125e-05  -8.7838799e-03
  -2.5344536e-01   4.4869574e-01  -1.7915585e-01   8.8355013e-03  -3.3827397e-04  -8.4204776e-03
  -2.3119161e-01   4.0321870e-01  -3.1806144e-01   9.4175555e-03   2.7542624e-04  -8.3853111e-03
  -2.3782632e-01   4.5157382e-01  -1.7027832e-01   9.0972532e-03  -1.9417304e-04  -8.3568126e-03
  -2.2314723e-01   4.2763652e-01  -2.8560164e-01   1.0195331e-02   6.1591547e-04  -8.6850359e-03
  -2.5115220e-01   4.5746122e-01  -2.5382189e-01   9.5456705e-03   8.6963315e-05  -8.4631138e-03
  -2.4957241e-01   4.6515477e-01  -3.5312911e-01   1.0848232e-02   7.0917673e-04  -8.8972625e-03
  -2.7958331e-01   5.3170013e-01  -1.6716728e-01   1.0363755e-02  -1.8853238e-04  -8.6533878e-03
  -2.6126427e-01   4.7832886e-01  -3.4796598e-01   1.0958753e-02   5.7193863e-04  -9.1405225e-03
  -2.8235890e-01   5.1406394e-01  -1.6218882e-01   1.0032062e-02  -2.7513167e-04  -8.8397675e-03
  -2.5234121e-01   4.6088315e-01  -3.0714940e-01   1.0804436e-02   4.5244565e-04  -8.9315747e-03
  -2.4777807e-01   4.6508182e-01  -2.1282187e-01   1.0193803e-02   3.0653171e-04  -8.8792509e-03
  -2.3287172e-01   4.5438144e-01  -3.3278269e-01   1.1055674e-02   1.0067038e-03  -9.0531107e-03
  -2.8013460e-01   5.3740521e-01  -1.2322850e-01   1.0506323e-02  -6.0277941e-05  -9.3579634e-03
  -2.2586831e-01   4.2931323e-01  -2.8803544e-01   1.0555645e-02   6.6107911e-04  -9.1087723e-03
  -2.4079615e-01   4.9369424e-01  -1.4540727e-01   1.0428919e-02   6.0730017e-05  -9.1445953e-03
  -2.5164446e-01   4.6862574e-01  -3.6759546e-01   1.1333784e-02   6.4490330e-04  -9.2711478e-03
  -2.3771342e-01   5.4304017e-01  -1.4244637e-01   1.1059282e-02   4.3588498e-04  -9.2072297e-03
  -2.5350152e-01   4.9889644e-01  -3.4875009e-01   1.2178064e-02   6.7064076e-04  -9.3751780e-03
  -2.6781306e-01   5.6901525e-01  -1.6599965e-01   1.1646624e-02  -2.8354119e-05  -8.8716845e-03
  -2.0673356e-01   4.8856595e-01  -3.5977837e-01   1.1797322e-02   1.0719153e-03  -9.2881663e-03
  -2.1665756e-01   5.5194072e-01  -1.8986356e-01   1.1554266e-02   6.0947148e-04  -9.1810796e-03
  -2.0050965e-01   5.0412732e-01  -3.6774748e-01   1.2282293e-02   1.2232165e-03  -9.1704399e-03
  -2.2282076e-01   5.7961019e-01  -1.6857876e-01   1.2114267e-02   7.5808310e-04  -9.0762661e-03
  -1.9524224e-01   5.1255783e-01  -4.2014096e-01   1.2752928e-02   1.3940485e-03  -8.8342707e-03
  -2.2709015e-01   5.8792551e-01  -2.2551882e-01   1.2537933e-02   8.4504201e-04  -9.0923455e-03
  -1.9732438e-01   5.4001614e-01  -4.0575873e-01   1.3085747e-02   1.7003104e-03  -9.1890029e-03
  -2.1523250e-01   6.1801841e-01  -1.7223182e-01   1.2460376e-02   9.4621304e-04  -8.7850386e-03
  -1.9533583e-01   5.1287522e-01  -3.7100031e-01   1.2681918e-02   1.6111081e-03  -9.1163402e-03
  -1.7776307e-01   5.7356208e-01  -1.8319096e-01   1.2495204e-02   1.4068398e-03  -8.7166701e-03
  -1.7925876e-01   5.1074712e-01  -3.8176046e-01   1.2975291e-02   1.6290782e-03  -8.8538612e-03
  -1.9558674e-01   6.0201642e-01  -1.6653188e-01   1.2883896e-02   9.4058402e-04  -8.5294470e-03
  -1.7960144e-01   5.3729765e-01  -4.1991197e-01   1.3716207e-02   1.5890511e-03  -8.5495969e-03
  -1.7166919e-01   5.8475860e-01  -2.0827168e-01   1.2787583e-02   1.5906604e-03  -8.5836453e-03
  -1.5249263e-01   5.2337582e-01  -4.2700580e-01   1.3020097e-02   2.0412437e-03  -8.8255027e-03
  -1.6580651e-01   5.7893912e-01  -1.6504976e-01   1.2451795e-02   1.1853177e-03  -8.2321865e-03
  -1.1463081e-01   5.0653772e-01  -4.4207672e-01   1.2901708e-02   2.2039001e-03  -8.4472569e-03
  -1.8451228e-01   6.0054115e-01  -1.7018111e-01   1.2910988e-02   1.1456954e-03  -8.6621806e-03
  -1.8520986e-01   5.3813985e-01  -4.3323847e-01   1.3821912e-02   1.6185343e-03  -8.7593891e-03
  -1.6472430e-01   5.7647123e-01  -2.1801740e-01   1.3015668e-02   1.4459653e-03  -8.4583593e-03
  -1.3325189e-01   5.1667534e-01  -4.5605614e-01   1.2890222e-02   2.2469825e-03  -8.7481481e-03
  -1.6687696e-01   5.9434800e-01  -1.1721665e-01   1.2467132e-02   1.1381758e-03  -8.6798668e-03
  -1.4071549e-01   4.9148709e-01  -3.7046508e-01   1.3156827e-02   2.0117614e-03  -9.1013705e-03
  -2.0412085e-01   6.0031571e-01  -1.3511895e-01   1.2860389e-02   7.2636074e-04  -8.9203093e-03
  -2.0428314e-01   5.4725597e-01  -3.5745217e-01   1.4107551e-02   1.1195610e-03  -8.7717684e-03
  -2.1428768e-01   6.0750082e-01  -1.9619859e-01   1.3589143e-02   6.6957027e-04  -8.6731652e-03
  -1.6091777e-01   5.4056501e-01  -3.7635016e-01   1.3945914e-02   1.6602115e-03  -8.6800268e-03
  -2.0014453e-01   5.8763233e-01  -1.6596457e-01   1.3059161e-02   9.2154159e-04  -9.0934064e-03
  -1.7835760e-01   5.6146638e-01  -3.2578951e-01   1.4093868e-02   1.3023795e-03  -8.8704883e-03
  -2.0098886e-01   5.6073660e-01  -2.1442076e-01   1.3027142e-02   7.7541914e-04  -9.0248166e-03
  -1.7439045e-01   5.7145761e-01  -3.3607306e-01   1.3851916e-02   1.3224477e-03  -8.7088796e-03
  -1.7166649e-01   5.8719166e-01  -2.7849332e-01   1.3012085e-02   9.3697428e-04  -8.4973227e-03
  -1.2806895e-01   5.6019615e-01  -3.7045254e-01   1.3915482e-02   1.9996082e-03  -8.7214842e-03
  -1.8689305e-01   6.1137495e-01  -2.5795312e-01   1.3706833e-02   1.2572611e-03  -9.3793978e-03
  -1.6159241e-01   6.0876031e-01  -2.8751843e-01   1.4711174e-02   1.5954503e-03  -9.5670532e-03
  -1.5330235e-01   5.9265869e-01  -2.7690996e-01   1.3798198e-02   1.4105572e-03  -9.2844046e-03
  -1.5042476e-01   5.9962584e-01  -3.7741345e-01   1.4773359e-02   1.5766921e-03  -9.3806922e-03
  -1.8097025e-01   6.2540525e-01  -2.2185108e-01   1.3947499e-02   8.8268595e-04  -9.3587642e-03
  -1.4920286e-01   5.9914712e-01  -3.4972595e-01   1.4700015e-02   1.6914982e-03  -9.4908425e-03
  -1.6625665e-01   5.3217193e-01  -2.2304281e-01   1.2235667e-02   1.0600505e-03  -9.3903159e-03
  -1.6039578e-01   5.2969600e-01  -3.4989732e-01   1.3881656e-02   1.8888868e-03  -9.6255350e-03
  -1.6057898e-01   5.9751089e-01  -2.4311711e-01   1.3673956e-02   1.5754657e-03  -9.6377290e-03
  -1.5054640e-01   5.8650098e-01  -4.2131770e-01   1.4471149e-02   2.2150353e-03  -9.9742865e-03
  -1.8788335e-01   6.5820882e-01  -1.9133529e-01   1.4156038e-02   1.0180889e-03  -9.5353025e-03
  -1.5045615e-01   5.8855819e-01  -4.2655507e-01   1.5014787e-02   1.9370185e-03  -9.6778547e-03
  -1.5423182e-01   6.6404907e-01  -2.2682563e-01   1.4980354e-02   1.5605898e-03  -9.5382401e-03
  -1.3123763e-01   5.8182046e-01  -4.3296831e-01   1.5127039e-02   2.2947472e-03  -9.7844837e-03
  -1.5408278e-01   6.7216134e-01  -2.0421592e-01   1.5264554e-02   1.6709535e-03  -9.6133459e-03
  -1.5132773e-01   6.2364756e-01  -4.6331448e-01   1.5897246e-02   2.2394322e-03  -9.8919661e-03
  -1.2736976e-01   6.3906643e-01  -2.6413429e-01   1.3934048e-02   1.6515061e-03  -9.0329874e-03
  -9.8968959e-02   5.1452560e-01  -4.4841659e-01   1.3335120e-02   2.2549894e-03  -9.3942051e-03
  -1.3232264e-01   6.5860722e-01  -1.7782413e-01   1.4311855e-02   1.7253016e-03  -9.5714245e-03
  -9.9536151e-02   5.5307718e-01  -4.1627767e-01   1.4598861e-02   2.7058911e-03  -9.7471735e-03
  -9.3902451e-02   5.8507341e-01  -2.7997820e-01   1.4287783e-02   2.4698446e-03  -9.0188334e-03
  -1.0146945e-01   5.5192955e-01  -3.5215903e-01   1.4360799e-02   2.3236447e-03  -8.9410365e-03
  -6.9055010e-02   6.2428614e-01  -2.1631162e-01   1.5126215e-02   2.6263817e-03  -9.0740274e-03
  -6.3522460e-02   5.5118062e-01  -3.5878533e-01   1.4861145e-02   2.8383673e-03  -9.0548842e-03
  -6.6487484e-02   6.3679737e-01  -3.0234096e-01   1.5576096e-02   3.1657632e-03  -9.3836570e-03
  -9.7205724e-02   5.6361749e-01  -4.0906242e-01   1.4525922e-02   3.0402134e-03  -9.6240087e-03
  -8.0993500e-02   6.6598875e-01  -1.9330059e-01   1.5569968e-02   2.6214270e-03  -9.0899641e-03
  -9.6126495e-02   5.7136064e-01  -4.1710486e-01   1.4935191e-02   2.9015740e-03  -9.4360844e-03
  -4.7920065e-02   6.3232863e-01  -3.2420097e-01   1.5671383e-02   3.3255221e-03  -9.1615579e-03
  -9.6655010e-02   6.4118377e-01  -4.0058540e-01   1.5441926e-02   2.6725978e-03  -9.0679817e-03
  -5.2391399e-02   7.0242536e-01  -2.8842100e-01   1.6620867e-02   2.9617630e-03  -9.3135312e-03
  -5.9978500e-02   6.4169762e-01  -3.7898527e-01   1.6078226e-02   2.9195137e-03  -9.2569567e-03
  -2.7386959e-03   6.8582879e-01  -3.2939565e-01   1.6749684e-02   3.6254784e-03  -9.2165034e-03
  -4.4637227e-02   6.4169996e-01  -3.5271382e-01   1.5607127e-02   2.8457727e-03  -9.2014678e-03
  -3.0838344e-02   6.8979904e-01  -3.1637683e-01   1.6251231e-02   3.0882294e-03  -9.2952620e-03
  -5.2872101e-02   6.2727486e-01  -3.9817967e-01   1.5645659e-02   3.1615562e-03  -9.1620447e-03
   9.3410867e-03   6.5931500e-01  -3.9541054e-01   1.6519818e-02   4.0108162e-03  -9.3331718e-03
  -4.3754617e-02   6.8425642e-01  -3.1887121e-01   1.6396424e-02   3.1647928e-03  -9.0678045e-03
   2.4129434e-02   6.6563419e-01  -3.6869948e-01   1.7194854e-02   4.0841040e-03  -9.1351992e-03
   1.8527894e-02   6.5451558e-01  -3.3974993e-01   1.6733559e-02   3.9296108e-03  -8.9801181e-03
   1.1518285e-02   6.7643898e-01  -4.9492345e-01   1.7241521e-02   4.6424285e-03  -9.5985089e-03
   4.2681949e-03   7.3857968e-01  -2.7968874e-01   1.7155132e-02   4.0162104e-03  -9.4625009e-03
   9.1351715e-03   6.5447681e-01  -4.8092669e-01   1.7470429e-02   4.5241144e-03  -9.5116857e-03
  -1.2837887e-02   7.4430319e-01  -2.4872747e-01   1.7503809e-02   3.9122863e-03  -9.5566819e-03
   1.2541112e-02   6.5621703e-01  -4.4610170e-01   1.8105890e-02   4.6987025e-03  -9.7839156e-03
  -9.1408519e-03   7.2894620e-01  -2.5696288e-01   1.7639065e-02   3.9562354e-03  -9.3866850e-03
  -1.1093992e-02   6.8724650e-01  -4.6747643e-01   1.8657408e-02   4.3165203e-03  -9.4581208e-03
   1.3962982e-03   7.5261172e-01  -3.0677023e-01   1.8050246e-02   3.8889110e-03  -9.3939657e-03
  -6.8590557e-03   7.1558845e-01  -5.2521043e-01   1.8482521e-02   4.2272865e-03  -9.4939938e-03
   1.9367848e-03   8.0069681e-01  -2.8700331e-01   1.8654696e-02   4.1331524e-03  -9.4814437e-03
  -1.7176730e-02   7.2532527e-01  -5.1413497e-01   1.8556245e-02   4.4339630e-03  -9.9487760e-03
  -1.2006124e-02   8.0913408e-01  -3.1835173e-01   1.8633992e-02   4.1099717e-03  -9.7154546e-03
  -3.6143317e-02   7.3024447e-01  -4.8844499e-01   1.8418098e-02   3.8642695e-03  -9.7596926e-03
  -3.4177469e-02   8.2366781e-01  -3.1116041e-01   1.9231659e-02   3.8686080e-03  -9.6653529e-03
  -3.6508898e-02   7.6156948e-01  -5.0132344e-01   1.9461653e-02   4.1089860e-03  -9.6070480e-03
  -2.4679202e-02   8.5320007e-01  -3.3210309e-01   2.0276731e-02   3.9638114e-03  -9.0895674e-03
  -7.1557084e-03   7.3345791e-01  -4.7658237e-01   1.8885163e-02   4.0610054e-03  -8.7375288e-03
   9.0936334e-03   8.3079107e-01  -3.0344635e-01   1.9926189e-02   4.1670972e-03  -8.7828149e-03
  -1.7667996e-02   7.5403714e-01  -5.8883392e-01   2.0050975e-02   3.8433855e-03  -8.6385629e-03
  -4.3643007e-02   4.9913014e-02  -7.1068160e-01   2.2474588e-03   2.6061803e-03  -7.9702177e-03
  -9.5364347e-02   3.3628632e-01  -3.6122051e-01   7.8221855e-03   1.6871765e-03  -8.1499251e-03
   9.6323935e-03   4.4336999e-01  -3.5542054e-01   1.0453009e-02   3.4764479e-03  -8.4016400e-03
  -2.5881167e-03   4.8470009e-01  -2.9514819e-01   1.0796864e-02   3.2207749e-03  -8.1437541e-03
   9.1413335e-02   4.7213641e-01  -3.3825703e-01   1.1917009e-02   4.7505838e-03  -8.3054574e-03
   8.2496648e-02   5.1228564e-01  -2.3098514e-01   1.1425618e-02   4.1763443e-03  -8.1657062e-03
   1.2714279e-01   5.1380135e-01  -3.2130065e-01   1.2262249e-02   5.2177286e-03  -8.5981841e-03
   1.2022995e-01   5.0992912e-01  -2.4229999e-01   1.1412791e-02   4.3751612e-03  -8.2110861e-03
   1.1402609e-01   5.2915447e-01  -3.2984504e-01   1.3126181e-02   5.1363104e-03  -8.7415878e-03
   8.5981674e-02   5.2531522e-01  -2.1558557e-01   1.1776908e-02   4.4509874e-03  -8.4709717e-03
   1.7015659e-01   6.0815801e-01  -9.8116927e-02   1.3574830e-02   5.0014270e-03  -8.6968699e-03
   1.7849435e-01   4.5664685e-01  -4.0669184e-01   1.3160920e-02   6.0846941e-03  -9.0324319e-03
   1.8790364e-01   5.7858529e-01  -1.4706988e-01   1.3803637e-02   5.9558325e-03  -8.9201464e-03
   1.9409312e-01   5.1678626e-01  -4.2133875e-01   1.3939009e-02   6.7432298e-03  -9.3325137e-03
   1.9067666e-01   6.2750583e-01  -1.4357241e-01   1.4389397e-02   6.2065033e-03  -8.9052384e-03
   2.0100258e-01   5.2885401e-01  -4.0678888e-01   1.4218306e-02   6.8821230e-03  -9.2707595e-03
   2.2551063e-01   5.2400753e-01  -1.8803498e-01   1.2591215e-02   6.6982148e-03  -8.9722521e-03
   2.0715360e-01   4.6755274e-01  -3.7975262e-01   1.3128269e-02   7.2079028e-03  -9.4977872e-03
   1.9029380e-01   5.8291884e-01  -1.8779127e-01   1.4372203e-02   6.5206028e-03  -8.8631127e-03
   1.9460285e-01   5.4197487e-01  -4.4309818e-01   1.4860516e-02   6.6984411e-03  -8.7550391e-03
   2.1925569e-01   5.9194783e-01  -1.6969783e-01   1.4710475e-02   6.5239260e-03  -8.0674303e-03
   2.4354169e-01   5.1354380e-01  -4.6223112e-01   1.4991641e-02   7.3581056e-03  -8.5563423e-03
   2.2882193e-01   6.1495174e-01  -2.3961604e-01   1.5183598e-02   6.8874044e-03  -8.3435920e-03
   2.2921938e-01   5.3110313e-01  -4.3317923e-01   1.4628382e-02   7.2443714e-03  -8.5317190e-03
   2.4062336e-01   6.2346101e-01  -1.8582588e-01   1.5131871e-02   6.8075851e-03  -8.0804565e-03
   2.1967657e-01   5.1895085e-01  -4.1924563e-01   1.5014866e-02   7.0629489e-03  -8.4179248e-03
   2.2689934e-01   6.2385583e-01  -1.8919308e-01   1.5797887e-02   6.7246629e-03  -8.0727249e-03
   2.0598060e-01   5.6792328e-01  -4.6154534e-01   1.6443676e-02   7.0768278e-03  -8.4718450e-03
   2.1561124e-01   6.6126875e-01  -2.1380114e-01   1.6500243e-02   6.6244514e-03  -8.0223273e-03
   2.0010475e-01   5.7777437e-01  -4.7481655e-01   1.6650578e-02   7.0615887e-03  -8.3154222e-03
   2.2478724e-01   6.5039181e-01  -2.8714525e-01   1.6714444e-02   6.9674759e-03  -8.3547807e-03
   1.8591625e-01   5.9839458e-01  -4.2193558e-01   1.6474854e-02   6.6818844e-03  -8.2841372e-03
   1.8825325e-01   7.1320033e-01  -2.5886497e-01   1.7624186e-02   5.8796409e-03  -7.5481035e-03
   1.5430292e-01   1.5452775e-01  -4.6376014e-01   6.0151033e-03   4.5689394e-03  -6.7305643e-03
   1.3177676e-01   4.7404384e-01  -2.0068383e-01   1.1202308e-02   4.1484901e-03  -6.5621375e-03
   1.9809853e-01   4.7773670e-01  -3.4081783e-01   1.3564895e-02   5.8347750e-03  -7.1475356e-03
   1.4771881e-01   6.4575802e-01  -1.3977473e-01   1.5441719e-02   5.3013382e-03  -7.5413089e-03
   1.8246810e-01   5.8132600e-01  -3.4401291e-01   1.5902951e-02   5.9684129e-03  -7.5973285e-03
   1.6647420e-01   6.2253671e-01  -1.6124409e-01   1.5362783e-02   5.4345446e-03  -7.4892014e-03
   1.6713874e-01   5.8890902e-01  -3.9442518e-01   1.6099792e-02   5.8391943e-03  -7.4555387e-03
   1.7101656e-01   6.5022343e-01  -1.9741039e-01   1.5937325e-02   5.6644257e-03  -7.4929565e-03
   1.9127443e-01   6.0831507e-01  -4.4982100e-01   1.6724995e-02   6.4605976e-03  -8.0419934e-03
   1.5918843e-01   7.1017330e-01  -1.8439857e-01   1.6869806e-02   5.7894671e-03  -7.6679193e-03
   1.8350986e-01   6.5401968e-01  -4.5437731e-01   1.7935528e-02   6.7337481e-03  -8.1294813e-03
   1.5012612e-01   7.6755166e-01  -2.0616552e-01   1.7595484e-02   5.9462835e-03  -7.7148623e-03
   1.6188504e-01   6.5566917e-01  -3.9403259e-01   1.6684108e-02   6.4473363e-03  -8.1440847e-03
   1.7241541e-01   6.8955021e-01  -2.1429372e-01   1.6061592e-02   5.7052272e-03  -7.7486333e-03
   1.7250661e-01   6.6603344e-01  -4.4974979e-01   1.7463742e-02   5.8855864e-03  -7.6300045e-03
   1.6115455e-01   7.9748992e-01  -2.1647869e-01   1.8616250e-02   5.3468722e-03  -7.3418059e-03
   1.6300220e-01   7.2544694e-01  -4.9411460e-01   1.9040930e-02   6.0473797e-03  -7.6387648e-03
   1.6233968e-01   7.6884337e-01  -2.6050735e-01   1.8535356e-02   5.6443657e-03  -7.3126361e-03
   1.7516602e-01   7.0039837e-01  -4.4981025e-01   1.8057159e-02   6.3535100e-03  -7.6413209e-03
   1.6763825e-01   6.6719696e-01  -3.0287201e-01   1.5715426e-02   5.3869982e-03  -7.4719869e-03
   1.8609215e-01   4.1115115e-01  -4.5540628e-01   9.9247298e-03   5.7079817e-03  -7.5355873e-03
   1.5544536e-01   5.8932287e-01  -1.9862982e-01   1.3312949e-02   4.9692853e-03  -7.0894374e-03
   2.1144580e-01   6.0577770e-01  -2.8368097e-01   1.5428827e-02   5.9162802e-03  -7.2861692e-03
   1.7562458e-01   6.5941818e-01  -2.3310075e-01   1.5250441e-02   5.5118370e-03  -7.4824153e-03
   1.9577284e-01   6.5775264e-01  -2.8987853e-01   1.6192738e-02   6.1927985e-03  -7.7489308e-03
   2.0196586e-01   6.4246974e-01  -1.6901741e-01   1.5123848e-02   5.7734059e-03  -7.3154113e-03
   2.2266921e-01   6.2115919e-01  -2.6351418e-01   1.6380053e-02   6.4261203e-03  -7.5334385e-03
   2.1807367e-01   6.1445786e-01  -1.7010319e-01   1.5731554e-02   6.2634572e-03  -7.4065078e-03
   2.3712741e-01   6.0124740e-01  -3.9871116e-01   1.6599840e-02   7.1648266e-03  -7.7535049e-03
   1.9853492e-01   6.6847684e-01  -1.6158387e-01   1.6199952e-02   6.2929904e-03  -7.0817113e-03
   2.2613088e-01   6.3435403e-01  -3.3126502e-01   1.7636777e-02   7.0339933e-03  -7.4822762e-03
   2.2124456e-01   6.2776275e-01  -1.9228594e-01   1.5670276e-02   6.8008932e-03  -7.4329666e-03
   2.3021223e-01   6.1033430e-01  -3.8921242e-01   1.6639732e-02   7.5802890e-03  -8.1700796e-03
   1.2848108e-01   7.4612017e-01  -1.3508504e-01   1.6949507e-02   6.0247990e-03  -8.0188657e-03
   1.6418397e-01   6.5189047e-01  -3.9446281e-01   1.7833027e-02   6.7489503e-03  -8.3177700e-03
   1.5193398e-01   7.4419632e-01  -1.9624746e-01   1.7580945e-02   6.0337931e-03  -7.3751894e-03
   1.7385223e-01   6.9418344e-01  -4.7121174e-01   1.8650953e-02   6.9360427e-03  -8.0798422e-03
   1.4135918e-01   7.7327301e-01  -1.7508157e-01   1.8315023e-02   5.9579214e-03  -7.3597374e-03
   1.7005540e-01   7.3062065e-01  -4.2350042e-01   1.9645532e-02   6.9639699e-03  -7.6574349e-03
   1.0130316e-01   2.0291882e-01  -3.0245913e-01   7.6122167e-03   4.8178096e-03  -6.4591824e-03
   2.3693335e-01   3.8780855e-01  -3.6371940e-01   9.9618322e-03   6.4604940e-03  -6.8340718e-03
   2.2954067e-01   5.5602837e-01  -7.2241471e-02   1.2870379e-02   5.8580871e-03  -6.5831505e-03
   2.4603737e-01   4.9099502e-01  -2.9662989e-01   1.3240712e-02   6.4813517e-03  -6.5951256e-03
   2.3885788e-01   6.3200961e-01  -1.0280435e-01   1.5271036e-02   6.2638715e-03  -6.5270016e-03
   2.3734162e-01   5.6164675e-01  -3.0859814e-01   1.4964385e-02   6.6108955e-03  -7.0748468e-03
   2.3760563e-01   6.3706086e-01  -1.1737673e-01   1.5730388e-02   6.3616371e-03  -6.4917405e-03
   2.3455752e-01   5.5564606e-01  -3.2387187e-01   1.5373124e-02   6.7090345e-03  -6.9978032e-03
   2.1441252e-01   6.6212943e-01  -1.1767329e-01   1.6658606e-02   6.1987442e-03  -6.5104169e-03
   2.2107888e-01   5.4910756e-01  -3.1422111e-01   1.5745006e-02   6.7448981e-03  -6.9566144e-03
   2.3598167e-01   6.2739636e-01  -1.7135881e-01   1.6732609e-02   6.5100369e-03  -6.5913142e-03
   1.9505525e-01   6.1176868e-01  -3.4521174e-01   1.6422883e-02   6.6284849e-03  -6.9719871e-03
   2.3015541e-01   6.8158500e-01  -1.7495759e-01   1.7630639e-02   6.7722493e-03  -6.7863686e-03
   1.9189521e-01   6.4732203e-01  -3.1449793e-01   1.6821375e-02   6.2774055e-03  -6.9739171e-03
   2.2728727e-01   6.8431576e-01  -1.9351439e-01   1.7862026e-02   6.5210335e-03  -6.5646941e-03
   2.2616183e-01   6.3559759e-01  -2.7553708e-01   1.6933466e-02   6.5156418e-03  -6.5539583e-03
   2.8152881e-01   6.4256031e-01  -2.0461294e-01   1.7751402e-02   7.3987688e-03  -6.6878380e-03
   2.4973679e-01   5.8422231e-01  -2.0102569e-01   1.6247932e-02   6.3390586e-03  -5.9406012e-03
   3.6287338e-01   6.6467631e-01   1.0063894e-02   1.7489269e-02   7.2565564e-03  -5.6836548e-03
   3.9529069e-01   5.4626737e-01  -3.8728223e-01   1.6992437e-02   8.0698643e-03  -5.8595463e-03
   3.8399609e-01   5.9399025e-01  -9.8570577e-02   1.5899874e-02   7.2330322e-03  -5.5253352e-03
   5.0026792e-01   3.9976729e-01  -2.8436467e-01   1.2399511e-02   9.0172721e-03  -5.6402024e-03
   3.9317620e-01   5.6910036e-01  -1.4861144e-01   1.4802708e-02   8.1161282e-03  -6.3479237e-03
   4.3853879e-01   5.7644845e-01  -1.9155445e-01   1.5985175e-02   9.0265244e-03  -6.6861587e-03
   3.9600746e-01   5.9167961e-01  -1.8258333e-01   1.5267298e-02   8.2960996e-03  -6.5937289e-03
   4.0506021e-01   5.8138186e-01  -1.4237488e-01   1.6062309e-02   8.7204530e-03  -6.4752695e-03
   3.5703510e-01   5.4356571e-01  -2.0787266e-01   1.5348957e-02   8.3804849e-03  -6.6082465e-03
   4.1441320e-01   5.9146023e-01  -9.5026171e-02   1.6869366e-02   9.2043081e-03  -6.6028067e-03
   4.1909823e-01   5.2501699e-01  -1.6446034e-01   1.5807015e-02   8.9857537e-03  -6.0863846e-03
   4.7148169e-01   5.6664049e-01  -2.3696209e-01   1.7139369e-02   9.8291959e-03  -6.2176762e-03
   3.9596429e-01   6.4625929e-01  -2.0662876e-01   1.7153382e-02   8.9765143e-03  -6.2325556e-03
   4.4500342e-01   6.4857711e-01  -2.4264688e-01   1.8101804e-02   9.9417103e-03  -6.3316866e-03
   4.2439400e-01   6.2838592e-01  -2.4872203e-01   1.7236278e-02   9.3759630e-03  -6.1224689e-03
   4.4029767e-01   6.3640454e-01  -3.3721467e-01   1.8097168e-02   1.0371734e-02  -6.7180819e-03
   3.8810595e-01   6.7773997e-01  -6.9387251e-02   1.7651560e-02   9.0180420e-03  -6.1425071e-03
   4.2348930e-01   6.1611012e-01  -2.7343060e-01   1.8483960e-02   9.9138003e-03  -6.5527951e-03
   4.0678245e-01   6.0502578e-01  -2.3901973e-02   1.6586238e-02   9.0299877e-03  -6.1539601e-03
   4.5774908e-01   5.7339543e-01  -3.2591121e-01   1.8200930e-02   1.0418556e-02  -6.5929153e-03
   3.8883701e-01   6.8224908e-01  -6.5518468e-02   1.7813771e-02   9.0345712e-03  -5.7292362e-03
   4.5733036e-01   5.9042368e-01  -3.0090375e-01   1.8281069e-02   1.0412545e-02  -6.4226894e-03
   4.4170209e-01   6.4887759e-01  -4.7385792e-02   1.7442795e-02   9.7120752e-03  -5.6987695e-03
   4.7711218e-01   6.0035476e-01  -2.9160577e-01   1.8569200e-02   1.0538792e-02  -5.9875770e-03
   4.6467929e-01   6.8022481e-01  -2.7054939e-02   1.8357824e-02   9.8501656e-03  -5.3147520e-03
   5.0944454e-01   6.0244670e-01  -2.2826855e-01   1.8976078e-02   1.0999284e-02  -5.9191876e-03
   4.7799501e-01   6.4350879e-01  -1.0099337e-01   1.8166954e-02   1.0127669e-02  -5.1621497e-03
   5.3595309e-01   6.2689087e-01  -1.8982801e-01   1.9204912e-02   1.1390036e-02  -5.5866018e-03
   5.2126574e-01   6.5156570e-01  -9.4922134e-02   1.8690457e-02   1.0820709e-02  -5.2028769e-03
   5.5541753e-01   6.4154105e-01  -1.4371333e-01   1.9488446e-02   1.1759520e-02  -5.6235937e-03
   4.9159443e-01   6.8268429e-01  -1.7991560e-01   1.9260049e-02   1.0418941e-02  -5.2635482e-03
   5.3271228e-01   7.0110507e-01  -1.5763493e-01   2.0364787e-02   1.1136808e-02  -5.0851780e-03
   5.4113975e-01   6.8671398e-01  -1.8410700e-01   1.9926692e-02   1.0956862e-02  -4.5143281e-03
   5.8027394e-01   6.9785371e-01  -1.8253764e-01   2.0452697e-02   1.1795927e-02  -4.7300845e-03
   5.4360801e-01   7.0310389e-01  -1.1345394e-01   2.0140451e-02   1.0856748e-02  -4.5186363e-03
   6.1847259e-01   6.9123662e-01  -1.6555155e-01   2.0598898e-02   1.2210859e-02  -4.5632838e-03
   5.7221960e-01   7.0217025e-01  -1.2320543e-01   1.9648803e-02   1.1172938e-02  -4.3265767e-03
   5.8440188e-01   7.1906506e-01  -1.7016062e-01   2.0684056e-02   1.1649606e-02  -4.4804684e-03
   5.4075066e-01   7.3340055e-01  -2.0038403e-01   2.0239605e-02   1.1322875e-02  -4.8047760e-03
   5.6345013e-01   7.5952184e-01  -1.8710475e-01   2.1101957e-02   1.1739976e-02  -4.7939444e-03
   5.3169063e-01   7.7805164e-01  -2.3439976e-01   2.0520719e-02   1.1582399e-02  -4.8601449e-03
   6.0149480e-01   7.5773166e-01  -2.1132508e-01   2.0365707e-02   1.2456334e-02  -4.7622799e-03
   5.4570760e-01   7.6895065e-01  -1.5834642e-01   1.9697360e-02   1.1216877e-02  -4.1166599e-03
   6.5870603e-01   7.1060021e-01  -2.6408023e-01   1.9596687e-02   1.2761267e-02  -4.3795811e-03
   6.1148707e-01   7.8391980e-01  -1.5322210e-01   1.9643156e-02   1.1777398e-02  -3.9542916e-03
   6.5663381e-01   7.5469693e-01  -2.8714428e-01   2.0783188e-02   1.2688468e-02  -4.1186368e-03
   6.2944978e-01   7.9876375e-01  -1.5682838e-01   2.0476006e-02   1.2050149e-02  -4.1248819e-03
   6.6833849e-01   7.7830444e-01  -3.3549076e-01   2.1215465e-02   1.3093788e-02  -4.4955099e-03
   5.9366822e-01   8.3627877e-01  -1.8270263e-01   2.0659579e-02   1.1492387e-02  -4.0097331e-03
   6.2763699e-01   8.1489559e-01  -3.0655320e-01   2.1487308e-02   1.2300741e-02  -4.0993923e-03
   5.8610021e-01   8.1845290e-01  -2.2368853e-01   2.0788981e-02   1.1628066e-02  -4.0229696e-03
   6.4449197e-01   8.0561042e-01  -2.5981503e-01   2.1521637e-02   1.2528906e-02  -3.9430849e-03
   5.8567830e-01   8.2712858e-01  -2.1109453e-01   2.1270616e-02   1.0819259e-02  -2.7583192e-03
   5.8679949e-01   8.3844834e-02  -2.2252800e-01   6.7595061e-03   9.3046095e-03  -1.6963238e-03
   7.2313142e-01   3.2253851e-01  -3.3012081e-01   9.6663218e-03   1.2204546e-02  -2.6566252e-03
   7.0763210e-01   5.5217421e-01   4.1859879e-02   1.2767869e-02   1.1741967e-02  -3.2220641e-03
   7.4222134e-01   4.8707603e-01  -2.1462139e-01   1.3268562e-02   1.2918067e-02  -3.2385947e-03
   7.6005458e-01   6.2254911e-01  -2.7571660e-02   1.4933173e-02   1.2845030e-02  -3.0262360e-03
   7.5261321e-01   5.5645465e-01  -2.1636648e-01   1.4857058e-02   1.3483143e-02  -3.5619151e-03
   7.8502433e-01   6.2619129e-01  -1.2297424e-01   1.6495998e-02   1.3649888e-02  -3.0696170e-03
   7.7186756e-01   6.1054383e-01  -2.2160417e-01   1.6363185e-02   1.3392014e-02  -2.7360224e-03
   7.8694240e-01   6.8194122e-01  -1.5245864e-01   1.7781810e-02   1.3473196e-02  -2.6382046e-03
   7.7243365e-01   6.1911862e-01  -2.4613533e-01   1.6981890e-02   1.3331053e-02  -2.6685097e-03
   7.8420051e-01   6.8448019e-01  -1.0911761e-01   1.7827752e-02   1.3304936e-02  -2.2339695e-03
   7.5807723e-01   6.3717099e-01  -2.8389440e-01   1.7578914e-02   1.3295533e-02  -2.6214840e-03
   7.5927298e-01   7.1383716e-01  -1.0369919e-01   1.8355912e-02   1.3100180e-02  -2.2279716e-03
   7.2357490e-01   6.6173172e-01  -2.6758940e-01   1.8446491e-02   1.3008772e-02  -2.6895434e-03
   7.3801385e-01   7.8465260e-01  -1.2082840e-01   1.9964764e-02   1.3271907e-02  -2.3938135e-03
   7.3237384e-01   6.7554038e-01  -2.9569954e-01   1.8491211e-02   1.3471522e-02  -2.5357953e-03
   7.2671069e-01   7.6390664e-01  -1.2194350e-01   1.9596469e-02   1.3424049e-02  -2.5063573e-03
   6.8253108e-01   6.9582992e-01  -3.0552768e-01   1.8899192e-02   1.3132381e-02  -2.7008343e-03
   7.2247366e-01   7.6940790e-01  -1.1026228e-01   1.9487046e-02   1.2908991e-02  -2.1281607e-03
   7.2029010e-01   7.3596146e-01  -2.6375751e-01   1.9706849e-02   1.2870978e-02  -2.0285977e-03
   7.5218380e-01   7.2644353e-01  -1.1731375e-01   1.9397587e-02   1.3335565e-02  -1.9104318e-03
   7.1258747e-01   7.2401065e-01  -2.3262261e-01   1.9522420e-02   1.3012523e-02  -1.9848133e-03
   7.2848894e-01   7.8519996e-01  -1.5529044e-01   2.0535265e-02   1.3538638e-02  -2.0688228e-03
   6.9822293e-01   7.2297541e-01  -2.5907384e-01   1.9745710e-02   1.3430877e-02  -2.2926928e-03
   7.4672273e-01   7.6352434e-01  -1.8556554e-01   2.0490628e-02   1.4091097e-02  -2.0875800e-03
   7.0275657e-01   7.5110195e-01  -2.6541693e-01   1.9821621e-02   1.3447529e-02  -2.2176441e-03
   7.3040192e-01   8.0253911e-01  -1.6579902e-01   2.0767128e-02   1.3462795e-02  -2.0549049e-03
   7.1850269e-01   7.5510620e-01  -3.2506166e-01   2.0483640e-02   1.3317940e-02  -1.5756493e-03
   7.6539958e-01   8.1415859e-01  -1.6430974e-01   2.1155301e-02   1.3921701e-02  -1.6262814e-03
   6.8899704e-01   7.7708348e-01  -3.7037497e-01   2.1416315e-02   1.3664835e-02  -1.9596614e-03
   6.0142430e-01   6.3654075e-01  -2.9351394e-01   1.6996610e-02   9.8394783e-03   4.5883342e-04
   5.5963407e-01   3.1513014e-01  -4.7681367e-01   8.1250089e-03   1.0649061e-02   6.4630632e-04
   5.5508855e-01   6.1931503e-01   3.4156347e-02   1.3353642e-02   9.5673142e-03  -5.9461189e-04
   6.5084477e-01   5.1631370e-01  -2.6536791e-01   1.4570737e-02   1.1620226e-02  -5.6900255e-04
   6.1952762e-01   7.3340343e-01   7.4639187e-02   1.6516888e-02   1.0557995e-02  -3.6538730e-04
   7.1153126e-01   5.6424148e-01  -2.8803928e-01   1.6614817e-02   1.2566197e-02  -4.4247791e-04
   6.3577030e-01   6.8624778e-01   3.0896555e-02   1.5789947e-02   1.0694035e-02  -2.7020911e-04
   7.3985239e-01   5.7930115e-01  -2.9356767e-01   1.6266044e-02   1.2601833e-02  -3.7885671e-04
   6.7169972e-01   6.8060029e-01  -1.1287431e-02   1.6416897e-02   1.1303513e-02  -2.3880244e-04
   7.2401031e-01   5.7915530e-01  -2.8534085e-01   1.6778239e-02   1.2835837e-02  -4.5825109e-04
   7.0677820e-01   7.1125327e-01  -1.0846379e-02   1.7432369e-02   1.1941977e-02  -6.5839901e-05
   7.4914240e-01   6.3579957e-01  -3.0622299e-01   1.8119377e-02   1.3033668e-02  -3.4820640e-04
   7.3528814e-01   6.7867932e-01  -6.5852531e-02   1.7448824e-02   1.2245148e-02   2.1157802e-04
   7.1504339e-01   6.2293287e-01  -3.2180709e-01   1.7821843e-02   1.2785235e-02  -5.2619028e-04
   6.7911491e-01   7.4928236e-01  -2.6362943e-02   1.8769755e-02   1.1630185e-02  -1.7458460e-04
   7.2875090e-01   6.5469542e-01  -3.0513959e-01   1.8954548e-02   1.2781786e-02  -1.5557616e-04
