   0.0000000e+00   0.0000000e+00   0.0000000e+00   0.0000000e+00   0.0000000e+00   0.0000000e+00
   4.8251647e-02   4.0992260e-02  -4.1030725e-01  -5.7863974e-04  -8.5192092e-04   8.9586470e-04
   5.0600096e-02   1.6585053e-01  -1.0363651e-01  -2.2437061e-03   3.7348371e-04   5.5655045e-04
  -7.3095944e-03   2.8728912e-01  -1.2431446e-01   4.8001315e-04  -1.8847202e-04   1.0388271e-03
   3.2098794e-02   3.3250781e-01  -4.3408792e-01  -4.9542465e-05   5.0487140e-04   2.2818570e-03
   1.8493683e-02   4.6030030e-01  -3.1423598e-02   1.3225296e-04   1.4110019e-03   2.2763605e-03
   4.3328709e-02   3.7803952e-01  -2.9736425e-01   5.1061803e-04   1.6783417e-03   3.1173668e-03
   1.8565785e-02   4.5364931e-01   2.1363458e-02   5.3774590e-05   2.9895790e-03   1.7557911e-03
   2.8716715e-03   4.6317300e-01  -1.4653655e-01   2.3352088e-03   4.3244963e-04   2.8747307e-03
   4.9700141e-02   4.0226795e-01  -8.4208451e-02   1.4070708e-03   2.9085470e-03   2.3915581e-03
  -2.6552838e-02   5.3312527e-01   4.2849091e-02   2.8482054e-03   1.8989330e-03   2.6296567e-03
  -4.1106361e-02   4.2343522e-01  -7.1047007e-02   1.8861671e-03   1.0855704e-03   1.8392008e-03
  -8.1105476e-02   5.6951753e-01   9.4769852e-02   3.8623421e-03  -4.2180209e-04   3.0327767e-03
   1.2494949e-02   4.9219593e-01  -1.8232085e-01   3.8835560e-03   3.9203557e-04   3.0123316e-03
  -1.6386373e-01   8.6152932e-01   5.3114761e-01   7.1077233e-03   4.7270396e-04   2.2051833e-03
  -1.5530340e-01   5.6509452e-01  -2.7352879e-01   7.6152000e-03  -2.3632614e-03   3.5197316e-03
  -1.1269891e-01   6.6248042e-01  -9.3598010e-02   6.2635900e-03  -1.9876539e-03   3.1206683e-03
  -1.2927913e-01   7.5661589e-01   7.5958766e-02   7.6473858e-03  -1.2446844e-03   3.2660380e-03
  -9.4189871e-02   6.5644485e-01   6.8603715e-02   6.4401580e-03  -1.2279748e-03   2.7780375e-03
  -1.3292394e-01   7.3753998e-01   5.5910779e-02   8.2538528e-03  -2.5549809e-03   3.1520087e-03
  -1.4888442e-01   8.1861375e-01   4.5480087e-02   8.1912124e-03  -1.7464241e-03   3.5935170e-03
  -1.2574145e-01   7.5436362e-01  -1.0930949e-01   8.1679652e-03  -4.1959407e-03   3.0921059e-03
  -1.9530321e-01   8.2246722e-01   2.7189527e-02   9.0177150e-03  -4.7613338e-03   3.4009171e-03
  -1.8130160e-01   7.6010083e-01  -5.4904379e-03   8.3520469e-03  -4.6309234e-03   2.4397935e-03
  -3.2476641e-01   1.0749462e+00   4.8554390e-01   1.1160923e-02  -4.3541492e-03   2.4668591e-03
  -2.5509984e-01   8.0131375e-01   2.6886412e-02   8.7567261e-03  -4.5473194e-03   2.8943910e-03
  -3.0256469e-01   9.2702263e-01   3.0280900e-01   9.9887872e-03  -3.8942472e-03   2.2193208e-03
  -3.1737028e-01   8.7267856e-01  -3.9715030e-02   1.1394838e-02  -6.2078662e-03   3.3254495e-03
  -4.0406431e-01   9.5324431e-01   2.3542029e-01   1.2894760e-02  -6.2542580e-03   1.4910596e-03
  -4.0652623e-01   9.3613138e-01   1.5844872e-02   1.3838460e-02  -7.1942767e-03   2.8286599e-03
  -4.0778022e-01   1.0581282e+00   2.2518284e-01   1.3735220e-02  -6.2808291e-03   2.2207980e-03
  -3.3994918e-01   9.6738417e-01  -3.6378282e-02   1.4309240e-02  -6.7722512e-03   3.1351941e-03
  -3.9247159e-01   1.0581532e+00   2.3892390e-01   1.3725136e-02  -6.3375295e-03   3.2190508e-03
  -2.8536486e-01   9.5278652e-01  -4.3256259e-02   1.3933921e-02  -4.8857371e-03   3.9504107e-03
  -3.1779593e-01   1.0893468e+00   2.6825396e-01   1.4128991e-02  -4.6120974e-03   3.7313069e-03
  -2.7759998e-01   9.2779783e-01   2.9494999e-02   1.3062013e-02  -4.5959383e-03   3.8832303e-03
  -3.4009046e-01   1.0856297e+00   3.1153558e-01   1.5016422e-02  -5.4772495e-03   3.5861010e-03
  -2.6906219e-01   9.7663494e-01   6.5865962e-02   1.6994727e-02  -5.3476345e-03   1.6275614e-03
  -3.1607175e-01   1.0686565e+00  -6.1902622e-02   1.5548214e-02  -6.7395859e-03   3.6959747e-03
  -3.4252152e-01   1.1620106e+00   3.0261313e-01   1.5419308e-02  -6.3254246e-03   2.9018094e-03
  -3.1564872e-01   1.0428099e+00  -5.5284186e-02   1.5373229e-02  -7.3826593e-03   3.7094651e-03
  -3.6067885e-01   1.1850739e+00   2.2663938e-01   1.6129019e-02  -7.4263303e-03   3.7023695e-03
  -3.2622548e-01   1.0450401e+00   1.2105091e-01   1.4878304e-02  -6.6237639e-03   2.9205761e-03
  -3.7943863e-01   1.2171011e+00   3.3809702e-01   1.6824741e-02  -7.4733398e-03   2.9856064e-03
  -3.2871499e-01   1.0717549e+00  -1.9859843e-02   1.5795088e-02  -7.3904609e-03   3.4105497e-03
  -3.6741739e-01   1.1935490e+00   2.5306952e-01   1.6667646e-02  -7.4869839e-03   3.5978594e-03
  -3.2707461e-01   1.1352074e+00   1.9141623e-01   1.5817166e-02  -6.3256264e-03   3.4526789e-03
  -3.1863766e-01   1.1355738e+00   1.6988657e-01   1.6999369e-02  -6.1319195e-03   3.8434925e-03
  -3.3487464e-01   1.1643741e+00   4.0467374e-01   1.5793164e-02  -6.0504758e-03   3.3542256e-03
  -3.2266283e-01   1.1343816e+00   2.4898945e-01   1.6539068e-02  -5.5228714e-03   3.6193273e-03
  -3.1172526e-01   1.2252059e+00   3.3260761e-01   1.5736501e-02  -5.6964845e-03   2.8115951e-03
  -3.0988976e-01   1.1460286e+00   1.1081890e-01   1.6494424e-02  -6.1023879e-03   3.6767701e-03
  -3.8480577e-01   1.2778612e+00   4.3967072e-01   1.7251904e-02  -6.2171465e-03   3.4960250e-03
  -3.1828776e-01   1.1152358e+00   1.7294193e-01   1.6426617e-02  -5.9288369e-03   3.7120126e-03
  -3.2667779e-01   1.2296134e+00   2.5979843e-01   1.7351890e-02  -6.2980641e-03   4.2374404e-03
  -2.8416145e-01   1.2252138e+00   3.9975234e-01   1.6171338e-02  -4.8277427e-03   4.0985150e-03
  -2.7824645e-01   1.1440404e+00   1.7257854e-01   1.7363352e-02  -5.2219938e-03   4.3330275e-03
  -2.6815481e-01   1.2535138e+00   3.7864439e-01   1.8990692e-02  -4.4738032e-03   4.5992471e-03
  -2.2999572e-01   1.1250345e+00   2.3952470e-01   1.7202454e-02  -4.5344738e-03   4.4194424e-03
  -6.9564644e-01   1.2552585e+00   7.3029397e-01   1.6692757e-02  -9.7981009e-03   4.5650029e-03
  -4.5369209e-01   1.1629624e+00   4.1458562e-01   1.7178870e-02  -7.3396018e-03   4.3821336e-03
  -4.6789662e-01   1.2937204e+00   6.0262090e-01   1.8846062e-02  -6.7404147e-03   4.7710871e-03
  -4.4330901e-01   1.2738085e+00   4.4033306e-01   1.8712446e-02  -6.6129714e-03   3.9886691e-03
  -3.8737289e-01   1.3037239e+00   3.3203562e-01   1.9105742e-02  -5.5711038e-03   5.0875566e-03
  -4.2302477e-01   1.3769733e+00   5.5509661e-01   1.8744725e-02  -5.7177299e-03   4.6224787e-03
  -3.6772884e-01   1.1960829e+00   3.4651949e-01   1.8319181e-02  -4.9678435e-03   4.9143924e-03
  -2.5872721e-01   1.3519964e+00   5.8798058e-01   2.1644097e-02   1.5532243e-04   5.9748802e-03
  -1.0709925e-01   1.2842859e+00   4.5732463e-01   1.8877098e-02   2.2650014e-03   8.7767352e-03
  -1.9261333e-01   1.3237825e+00   4.2984561e-01   2.0216691e-02   3.4778613e-04   7.4928742e-03
  -2.4067992e-01   1.3233697e+00   5.5430663e-01   1.8988991e-02  -2.1877915e-04   7.0301796e-03
  -2.1215235e-01   1.3355792e+00   4.2565701e-01   2.1839992e-02   1.2438928e-03   7.4691320e-03
  -2.4455451e-01   1.3612550e+00   4.1865485e-01   2.6450784e-02   4.8757597e-03   6.6212992e-03
  -2.9035050e-01   1.2323321e+00   3.4870407e-01   1.8896649e-02   1.4745079e-03   7.3537179e-03
  -3.2386250e-01   1.4818036e+00   5.3712360e-01   1.9370245e-02  -1.8355049e-03   6.9372550e-03
  -2.9710083e-01   1.3606058e+00   3.6622257e-01   1.8673868e-02  -1.6655179e-03   6.7261578e-03
  -3.6492838e-01   1.6791355e+00   1.1301050e+00   2.2307954e-02   2.5895985e-03   5.6374801e-03
  -3.4822779e-01   1.7112603e+00   2.2018925e-01   1.7953518e-02  -8.5727675e-04   8.1839821e-03
  -3.0978556e-01   1.6498765e+00   4.5437020e-01   2.0424246e-02  -8.6755881e-04   7.5467354e-03
  -4.1965589e-01   1.7678537e+00   5.9795767e-01   2.0967722e-02  -1.9305290e-03   8.2101252e-03
  -2.3835300e-01   1.7008694e+00   4.8407462e-01   2.1369183e-02   2.4936845e-03   8.3957702e-03
  -2.7251977e-01   1.7812745e+00   6.7332018e-01   2.2401922e-02   1.2537978e-03   8.8261593e-03
  -2.5414767e-01   1.7291142e+00   4.9816436e-01   2.1774601e-02   8.2219700e-04   8.9980107e-03
  -2.7145168e-01   1.8001220e+00   5.3553763e-01   2.1608102e-02   4.3488713e-04   9.2536186e-03
  -2.3526324e-01   1.7603212e+00   5.0999150e-01   2.1687332e-02   9.6753779e-04   9.2040178e-03
  -2.8138816e-01   1.7832251e+00   6.9092970e-01   2.3092048e-02   1.2607491e-03   9.0997426e-03
  -2.1419701e-01   1.7012368e+00   5.2493657e-01   2.2965144e-02   2.9913905e-03   9.5402216e-03
  -1.5652893e-01   1.7736366e+00   6.9690181e-01   2.2543883e-02   4.7293779e-03   1.0291527e-02
  -8.7195561e-02   1.7525098e+00   5.5987702e-01   2.4351258e-02   7.1233185e-03   1.1027835e-02
  -9.1675913e-02   1.7381450e+00   7.8394654e-01   2.1260972e-02   6.6042449e-03   1.0840002e-02
  -1.4380983e-01   1.8436244e+00   9.7086415e-01   2.4108068e-02   5.1783516e-03   1.0766668e-02
  -1.2815321e-01   1.6947678e+00   6.9219723e-01   2.2873549e-02   5.3946983e-03   9.8570124e-03
  -1.6335620e-01   1.7917547e+00   6.7768695e-01   2.3678383e-02   4.5433092e-03   1.0321829e-02
  -2.0883192e-01   1.8663631e+00   6.7904270e-01   2.2632136e-02   4.6326652e-03   1.0133383e-02
  -2.1020677e-01   1.7520445e+00   1.4615310e-01   2.4054827e-02   3.7036671e-03   1.0655918e-02
  -2.9409775e-01   2.0787779e+00   7.0272223e-02   1.8792437e-02   4.9867762e-03   1.3048830e-02
  -2.0050390e-01   1.8615847e+00   2.7065456e-01   2.0312435e-02   6.1524341e-03   1.1846238e-02
  -1.8839220e-01   1.9700150e+00   4.7731579e-01   2.2583398e-02   5.7580788e-03   1.1772057e-02
  -1.7018413e-01   1.8427640e+00   3.0027635e-01   2.0557312e-02   5.3094903e-03   1.1850026e-02
  -2.0463781e-01   1.9910017e+00   6.6417253e-01   2.2878943e-02   5.1356054e-03   1.1513097e-02
  -1.5416943e-01   1.8186270e+00   4.1658472e-01   2.1599127e-02   6.0826547e-03   1.1386975e-02
  -1.7193667e-01   1.9344921e+00   5.5380778e-01   2.2851246e-02   5.6292138e-03   1.1855064e-02
  -1.2668306e-01   1.8151345e+00   3.9207736e-01   2.2131797e-02   5.8154712e-03   1.1775801e-02
  -1.6733889e-01   1.9305767e+00   5.1205798e-01   2.3057563e-02   5.7297661e-03   1.1835058e-02
  -1.0781709e-01   1.8147793e+00   5.4343585e-01   2.2468636e-02   7.6438340e-03   1.1877847e-02
  -9.9782065e-02   1.8744366e+00   6.7062420e-01   2.2882193e-02   8.6307792e-03   1.2125080e-02
  -9.5994273e-02   1.8229406e+00   7.2351470e-01   2.0523848e-02   9.6295868e-03   1.2001324e-02
  -8.9663328e-02   1.9931305e+00   8.5711734e-01   2.3966571e-02   9.1084537e-03   1.1827358e-02
  -1.1711810e-01   1.8244008e+00   7.0668798e-01   2.0856173e-02   7.6350523e-03   1.1352506e-02
  -2.6869241e-01   1.8949214e+00   6.7550765e-01   2.2073722e-02   4.8457071e-03   1.1327931e-02
  -1.9025076e-01   1.8729975e+00   5.2248157e-01   1.8146014e-02   7.9644436e-03   1.2066271e-02
  -1.6383321e-01   1.9585730e+00   5.3917978e-01   2.1935665e-02   6.5888054e-03   1.2593018e-02
  -7.5034372e-03   1.9475559e+00   6.4709833e-01   2.2945820e-02   1.0321603e-02   1.3090876e-02
  -3.1948000e-02   1.8009562e+00   6.0738530e-01   2.2973943e-02   8.7242767e-03   1.2226217e-02
  -1.4312589e-01   1.9062421e+00   8.9369822e-01   2.2559568e-02   8.0288637e-03   1.1136358e-02
  -1.2407219e-01   1.8071043e+00   5.8674447e-01   2.3308228e-02   8.0666697e-03   1.1919827e-02
  -7.9976591e-02   1.9232574e+00   7.1434291e-01   2.5955042e-02   1.1493780e-02   1.1690206e-02
  -1.4071687e-02   1.8119000e+00   4.5101556e-01   2.6629011e-02   1.2112476e-02   1.3226723e-02
   4.1353273e-02   1.9368229e+00   8.2580645e-01   2.5996776e-02   1.3611514e-02   1.3107937e-02
  -1.8327754e-01   1.2163197e+00   4.3231787e-03   3.0716655e-03   2.6136459e-03   4.6770750e-03
  -9.5264227e-02   1.7549209e+00  -9.8095379e-02   1.3438051e-02   7.5413561e-03   1.1794305e-02
  -1.2488598e-01   1.9317922e+00   6.5020629e-01   1.8435027e-02   9.1576121e-03   1.1110310e-02
  -6.6697550e-02   1.9086519e+00   5.5468385e-01   2.0688793e-02   8.7175021e-03   1.1778995e-02
  -8.4107398e-02   1.9928582e+00   6.2974495e-01   2.4032797e-02   8.3945394e-03   1.1439344e-02
  -2.1561326e-02   1.8726087e+00   3.0597606e-01   2.3566701e-02   8.2677181e-03   1.2264079e-02
  -7.8215184e-02   2.0429430e+00   7.6647643e-01   2.3440911e-02   8.7201967e-03   1.1852489e-02
  -2.3201523e-02   1.8320966e+00   4.7307464e-01   2.2745189e-02   8.0695058e-03   1.1983265e-02
  -1.0948501e-01   2.0093131e+00   7.5560239e-01   2.3585503e-02   7.5495914e-03   1.1619558e-02
  -2.7337662e-02   1.8427914e+00   5.3976131e-01   2.3616164e-02   7.7891074e-03   1.1995283e-02
  -9.4152566e-02   2.0296383e+00   8.6768930e-01   2.4515834e-02   7.5555560e-03   1.1296306e-02
  -5.4146076e-02   1.8536781e+00   5.6386731e-01   2.4034747e-02   7.2898985e-03   1.1478039e-02
  -1.1202231e-01   1.9874974e+00   8.8564109e-01   2.4419628e-02   7.7367069e-03   1.1164721e-02
  -6.3659438e-02   1.8692036e+00   5.1169672e-01   2.4594794e-02   8.0493207e-03   1.1872067e-02
  -8.0564689e-02   1.9511610e+00   8.2472812e-01   2.4988531e-02   8.1414911e-03   1.1632822e-02
  -6.4891216e-02   1.8625344e+00   6.3880698e-01   2.5272627e-02   8.5839113e-03   1.1798520e-02
  -3.4525643e-04   1.9265207e+00   8.5626373e-01   2.5673998e-02   9.9364384e-03   1.2689107e-02
   2.1973217e-02   1.8367793e+00   8.1404196e-01   2.4260624e-02   9.5560374e-03   1.2866859e-02
  -3.9607464e-02   2.0113789e+00   1.1946145e+00   2.6248537e-02   8.1347075e-03   1.1672428e-02
  -3.4083256e-02   1.9201708e+00   7.3583064e-01   2.6410699e-02   7.7471809e-03   1.2436301e-02
  -1.6660964e-01   1.0935862e+00   4.2303260e-01  -1.3529127e-02   8.6515468e-03   1.1764878e-02
  -3.3126901e-01   1.3719639e+00   6.4917516e-03  -3.5058664e-03   4.9128939e-03   1.4210392e-02
  -2.4947459e-01   1.8827963e+00   6.3657130e-01   9.8542922e-03   6.5429628e-03   1.3873005e-02
  -1.4752004e-01   1.7549497e+00   3.9753402e-01   1.4593528e-02   8.1746721e-03   1.4784348e-02
  -6.8264823e-02   1.9552224e+00   6.5736740e-01   1.9913036e-02   8.6075416e-03   1.1857590e-02
  -1.1089864e-01   1.8915284e+00   6.9333617e-01   1.9624676e-02   7.2548403e-03   1.1044927e-02
  -3.4568962e-02   1.8746069e+00   8.8091759e-01   1.7515319e-02   1.1270289e-02   1.4654224e-02
   2.5759987e-01   1.8101228e+00   8.2850061e-01   1.7037242e-02   1.8615036e-02   1.9495489e-02
   5.2787901e-02  -5.5723019e-02  -4.4833292e-02  -2.5228043e-02   8.1593073e-03   5.5818709e-04
  -1.9203296e-01   1.6211498e+00   5.6910418e-01   8.6755196e-03   4.1561132e-03   8.9972006e-03
  -3.0075940e-01   1.7617896e+00   9.8706125e-01   1.3039456e-02   4.6138364e-03   8.1726165e-03
  -4.2164025e-01   1.8898972e+00   8.8043409e-01   1.5906558e-02   1.5441116e-03   9.3350684e-03
  -2.1815193e-01   1.7853219e+00   5.2148857e-01   1.4852285e-02   3.6370988e-03   1.0053825e-02
  -2.7857557e-01   1.9982001e+00   9.5349225e-01   1.6748429e-02   3.6406636e-03   9.9991543e-03
  -2.4650279e-01   1.8372880e+00   5.7189608e-01   1.6104407e-02   2.6386631e-03   1.0295108e-02
  -2.5315835e-01   1.9710858e+00   9.0967330e-01   1.7539641e-02   3.4531839e-03   1.0125372e-02
  -2.0816606e-01   1.8496815e+00   6.9870375e-01   2.0831415e-02   5.1572302e-03   9.8413266e-03
  -1.3700722e-01   1.8947471e+00   8.1637413e-01   2.0582820e-02   7.1502806e-03   1.0623563e-02
  -3.7321891e-02   1.8815262e+00   8.3912038e-01   1.9961141e-02   9.8108865e-03   1.2081218e-02
  -9.9529015e-03   1.9200398e+00   8.9416631e-01   2.0784155e-02   1.0050928e-02   1.2455966e-02
  -6.2328403e-02   1.9539794e+00   1.1527996e+00   1.9585258e-02   9.2073182e-03   1.1647716e-02
  -2.8432074e-01   2.1125991e+00   1.3179039e+00   2.1467312e-02   6.0494876e-03   9.0809803e-03
  -1.7386120e-01   1.8838111e+00   6.5402766e-01   1.9131913e-02   3.9591828e-03   1.0693266e-02
  -1.8486331e-01   1.9608946e+00   1.0870436e+00   1.9478507e-02   5.6499291e-03   9.8810973e-03
  -1.3474096e-01   2.0319929e+00   9.5856104e-01   2.0966073e-02   5.8926118e-03   1.1034770e-02
  -1.6167785e-01   2.0328827e+00   1.1312771e+00   2.0938696e-02   6.4182876e-03   9.8753667e-03
  -1.4853794e-01   1.9455815e+00   8.6742134e-01   2.3174815e-02   7.1099673e-03   1.0329073e-02
  -8.8593113e-02   2.0114833e+00   9.7081850e-01   2.3541806e-02   8.8068792e-03   1.0620672e-02
  -1.0478750e-01   1.9896605e+00   8.9523578e-01   2.4806869e-02   9.8480867e-03   1.0845442e-02
  -8.7171703e-02   2.0064338e+00   8.3904191e-01   2.5768654e-02   9.3220282e-03   1.1407795e-02
  -1.6663582e-01   2.0329035e+00   1.0798901e+00   2.3031795e-02   8.1134442e-03   1.0632653e-02
  -2.2133051e-01   2.1468190e+00   1.3007708e+00   2.4229070e-02   7.0679614e-03   1.0322674e-02
  -1.3025238e-01   1.9812317e+00   9.7081020e-01   2.3147997e-02   8.0503804e-03   1.0264976e-02
  -1.9894529e-01   2.1494755e+00   1.2316133e+00   2.5210281e-02   6.9467462e-03   1.0535306e-02
  -1.5730193e-01   1.5146456e+00   9.4357784e-01  -4.0818626e-04   7.9118445e-03   1.0821232e-02
   8.2471183e-01   2.8592352e+00   8.5738404e-01   2.7692903e-02   3.0214459e-02   5.8388402e-03
   5.9197368e-01   3.1653331e+00   9.1208941e-01   2.7291662e-02   3.1523213e-02   1.5812014e-02
   3.5818093e-01   4.0135422e+00   1.9422975e+00   4.1787136e-02   2.6304591e-02   1.8404393e-02
   5.5081160e-01   3.5253168e+00   1.4914716e+00   4.0961789e-02   2.5375394e-02   2.0299351e-02
   4.7125171e-01   3.7438583e+00   1.6936635e+00   4.1134516e-02   2.6571198e-02   2.0108726e-02
   5.6686508e-01   3.7191986e+00   1.5733863e+00   4.2261498e-02   2.5594807e-02   2.0761632e-02
   3.6504994e-01   3.9409514e+00   2.0942786e+00   4.4455038e-02   2.5461293e-02   1.8148477e-02
   3.0273734e-01   4.4098578e+00   2.4476953e+00   5.1625394e-02   2.5848391e-02   1.7508753e-02
   2.7944016e-01   3.7617737e+00   1.7635709e+00   4.7153492e-02   2.2833104e-02   1.8862617e-02
   3.1175672e-01   3.8850355e+00   1.8313406e+00   4.5657896e-02   2.2742497e-02   1.8929616e-02
   3.1629027e-01   3.9431914e+00   1.8822628e+00   4.6224431e-02   2.2568934e-02   1.9040761e-02
   3.6177826e-01   4.0079005e+00   1.8722935e+00   5.0834470e-02   2.3833465e-02   1.9297643e-02
   4.5492638e-01   3.9498833e+00   1.9479925e+00   4.6563583e-02   1.4694487e-02   4.7574518e-03
   3.0441444e-01   3.9497097e+00   1.7688112e+00   4.2023956e-02   1.6382073e-02   1.3569070e-02
   1.8426704e-01   4.0011068e+00   1.9746824e+00   4.5911800e-02   1.6406600e-02   1.4063021e-02
   4.7724038e-01   4.1975950e+00   2.1715591e+00   5.3584535e-02   2.4736680e-02   1.7557199e-02
   5.6371830e-01   4.1380582e+00   2.1407216e+00   5.1032104e-02   2.3755443e-02   1.8550443e-02
   5.9980566e-01   4.1389252e+00   2.0421601e+00   4.9672641e-02   2.2855867e-02   1.9189132e-02
   5.1577884e-01   4.1330151e+00   2.0270402e+00   4.9455995e-02   2.2299860e-02   1.8882403e-02
   5.2697202e-01   4.3718272e+00   2.5485690e+00   4.9820419e-02   2.3968229e-02   1.6709193e-02
   4.2873711e-01   4.0577862e+00   1.9583766e+00   5.1551908e-02   2.0240256e-02   1.7659430e-02
   3.9709618e-01   4.5856582e+00   2.5657326e+00   5.6284844e-02   2.2153168e-02   1.6640105e-02
   4.6374071e-01   4.0805684e+00   1.7818106e+00   5.0917285e-02   2.1626006e-02   1.8857747e-02
   5.4609350e-01   4.3552637e+00   2.1103710e+00   5.2798402e-02   2.4263022e-02   2.0293509e-02
   5.8336645e-01   4.2926608e+00   2.1128957e+00   5.3170214e-02   2.6608296e-02   2.0222703e-02
   5.6603422e-01   4.2907678e+00   2.0766078e+00   5.4038373e-02   2.4659528e-02   2.0074696e-02
   5.6912145e-01   4.3242282e+00   2.0978361e+00   5.3011022e-02   2.5773371e-02   2.0221665e-02
   5.5724206e-01   4.2515237e+00   1.9537021e+00   5.3094933e-02   2.4307319e-02   2.0443381e-02
   5.7476905e-01   4.3502193e+00   2.1362726e+00   5.5073687e-02   2.4930679e-02   2.0601474e-02
   5.7792469e-01   4.2843800e+00   2.0510439e+00   5.3302422e-02   2.5087205e-02   2.0950871e-02
   6.3653796e-01   4.3218753e+00   2.0586991e+00   5.3842219e-02   2.5783284e-02   2.1218153e-02
   6.7199800e-01   4.3776597e+00   2.2113559e+00   5.3651327e-02   2.7508000e-02   2.1188958e-02
   6.1530189e-01   4.3820389e+00   2.1597334e+00   5.5187540e-02   2.6186943e-02   2.0889758e-02
   8.0185963e-01   4.2793098e+00   2.0231017e+00   7.8974527e-02   4.4509195e-02   4.2852202e-03
   2.9788714e+00   4.1907193e+00   1.2615665e+00   4.7720318e-02   8.3581509e-02  -9.3077830e-04
   1.8682835e+00   4.2768645e+00   1.4016708e+00   4.2126361e-02   5.9371564e-02   1.4974542e-02
   1.8364437e+00   4.1439910e+00   1.3537731e+00   4.4466218e-02   5.7419198e-02   1.7718981e-02
   1.6971583e+00   4.5969730e+00   1.8160416e+00   5.1072821e-02   5.5277877e-02   1.7980894e-02
   1.7313334e+00   4.5570252e+00   1.9262014e+00   5.4115150e-02   5.6299587e-02   1.8312558e-02
   1.5097592e+00   4.8401721e+00   2.2022785e+00   5.6529080e-02   5.2600652e-02   1.7864314e-02
   1.6038609e+00   4.4504963e+00   1.7286992e+00   5.3253437e-02   5.1626736e-02   1.8647015e-02
   1.5948683e+00   4.6859124e+00   2.0046178e+00   5.4497273e-02   5.2620698e-02   1.9250897e-02
   1.6594581e+00   4.5857436e+00   1.9423534e+00   5.4596760e-02   5.2178131e-02   2.0105977e-02
   1.6566587e+00   4.6647849e+00   2.0191021e+00   5.3588427e-02   5.3113212e-02   1.9193083e-02
   1.7021616e+00   4.6649414e+00   1.9624853e+00   5.6497533e-02   5.3065087e-02   2.0501954e-02
   1.7031776e+00   5.0036710e+00   2.3925299e+00   5.9375922e-02   5.2519813e-02   1.9367350e-02
   1.7111610e+00   4.7532037e+00   2.1148584e+00   5.9692395e-02   4.9768080e-02   1.9637595e-02
   1.6259848e+00   4.9047301e+00   2.4106098e+00   6.0469007e-02   5.0168962e-02   1.8018755e-02
   1.5629120e+00   4.9194287e+00   2.3477944e+00   6.0166091e-02   4.8306786e-02   1.8090005e-02
   1.5888706e+00   4.7550268e+00   2.1102657e+00   5.8722119e-02   4.8576850e-02   1.8424625e-02
   1.5865119e+00   5.0103906e+00   2.1532829e+00   7.1399727e-02   5.3578717e-02   1.9781459e-02
   1.6016491e+00   4.9416701e+00   2.2574587e+00   6.4832457e-02   5.1898275e-02   1.9366785e-02
   1.5662620e+00   4.9914565e+00   2.4112295e+00   6.2365212e-02   4.8768491e-02   1.9238988e-02
   1.6017464e+00   4.8699091e+00   2.2089846e+00   6.1998685e-02   4.7682485e-02   1.9939407e-02
   1.5526848e+00   5.2091383e+00   2.6354183e+00   6.4475644e-02   4.9408938e-02   1.8903647e-02
   1.5758891e+00   4.8683476e+00   2.1977227e+00   6.4517473e-02   5.1289713e-02   1.9947818e-02
   1.6175845e+00   4.9358049e+00   2.2719551e+00   6.3243497e-02   5.1434501e-02   1.9601097e-02
   1.7094016e+00   4.9929598e+00   2.3491953e+00   6.3791367e-02   5.2669019e-02   2.1714628e-02
   1.8057684e+00   5.1017858e+00   2.4979776e+00   6.5626116e-02   5.3420835e-02   2.2710540e-02
   1.8046751e+00   4.9987114e+00   2.3819841e+00   6.5881331e-02   5.3464123e-02   2.2457368e-02
   1.7814735e+00   5.0151366e+00   2.4029256e+00   6.6043956e-02   5.3995373e-02   2.1660104e-02
   1.7569648e+00   5.1521464e+00   2.5248427e+00   6.7724450e-02   5.5079952e-02   2.1220129e-02
   1.7748358e+00   4.9814034e+00   2.2233002e+00   6.6313560e-02   5.7266395e-02   2.1924992e-02
   1.9472476e+00   5.2200108e+00   2.7503268e+00   6.7391305e-02   5.7111810e-02   2.2386489e-02
   1.9687341e+00   4.9736781e+00   2.3188279e+00   6.3953954e-02   5.6886118e-02   2.4914260e-02
   2.0916674e+00   5.3321006e+00   2.8471855e+00   7.3398709e-02   5.7463061e-02   2.4698418e-02
   2.1131504e+00   5.1448646e+00   2.5957488e+00   7.2681830e-02   5.7680548e-02   2.5147351e-02
   2.0996877e+00   5.2821677e+00   2.7860688e+00   7.0004142e-02   5.8529159e-02   2.3923658e-02
   2.0702230e+00   5.1817012e+00   2.4271784e+00   7.2783426e-02   5.6192460e-02   2.4135254e-02
   2.1985196e+00   5.4327953e+00   3.1087280e+00   7.0234750e-02   5.5991437e-02   2.1680600e-02
   1.9108359e+00   4.9300478e+00   2.2423487e+00   6.0549393e-02   5.1254385e-02   2.4435213e-02
   1.9558112e+00   5.2152471e+00   2.7263310e+00   6.6661835e-02   5.3968975e-02   2.5052741e-02
   1.9514350e+00   4.9401683e+00   2.2877509e+00   6.5067366e-02   5.4123084e-02   2.5333011e-02
   1.9885303e+00   5.2778837e+00   2.6936129e+00   6.8329776e-02   5.4697973e-02   2.4928897e-02
   1.9752789e+00   5.0702553e+00   2.4557551e+00   6.7517244e-02   5.4518842e-02   2.5481467e-02
   1.9628974e+00   5.1480439e+00   2.4701643e+00   7.0393082e-02   5.4630365e-02   2.5101083e-02
   1.9791726e+00   5.1508467e+00   2.3558116e+00   7.2846392e-02   5.4259590e-02   2.4570434e-02
   2.0100122e+00   4.9051256e+00   2.3955638e+00   6.7409222e-02   5.4629246e-02   2.7903595e-02
   2.0440397e+00   5.0245954e+00   2.6437174e+00   6.5469976e-02   5.4532930e-02   2.5921602e-02
   1.9684502e+00   5.0973484e+00   2.4057347e+00   6.8816838e-02   5.2399385e-02   2.5943430e-02
   1.9650969e+00   5.0562768e+00   2.4211326e+00   6.8736394e-02   5.2483060e-02   2.5771887e-02
   2.0024919e+00   5.2372086e+00   2.5687278e+00   7.1018488e-02   5.3797727e-02   2.5367361e-02
   1.9926810e+00   5.1353498e+00   2.4881559e+00   7.0187095e-02   5.3988686e-02   2.5499151e-02
   2.0311788e+00   5.2115751e+00   2.5296649e+00   7.2263280e-02   5.4062592e-02   2.5282655e-02
   2.0208796e+00   5.1683197e+00   2.6053804e+00   7.1333791e-02   5.4062325e-02   2.5135631e-02
   2.0628018e+00   5.1753213e+00   2.5185583e+00   7.1126892e-02   5.5465870e-02   2.6503225e-02
   2.0903935e+00   5.2005862e+00   2.7155865e+00   6.8729281e-02   5.5776258e-02   2.5619368e-02
   1.9140949e+00   4.7158547e+00   2.5337164e+00   4.9983278e-02   5.2261238e-02   2.2792493e-02
   1.7247456e+00   4.8932745e+00   2.2509743e+00   5.8168055e-02   4.9721374e-02   2.4956430e-02
   1.8264509e+00   5.0899032e+00   2.4471400e+00   6.2089317e-02   5.1995394e-02   2.4941984e-02
   1.8067580e+00   4.9640500e+00   2.1546329e+00   6.2304619e-02   5.0833757e-02   2.5466103e-02
   1.8179981e+00   5.1245135e+00   2.4301481e+00   6.3276747e-02   5.2032650e-02   2.5945950e-02
   1.8858702e+00   4.9807043e+00   2.1824393e+00   6.7140431e-02   5.3430418e-02   2.6100329e-02
   1.8923043e+00   5.1719407e+00   2.4902279e+00   6.6483042e-02   5.4021257e-02   2.6241644e-02
   1.9537184e+00   5.0466249e+00   2.2901312e+00   6.6181828e-02   5.5567166e-02   2.6381201e-02
   1.9148330e+00   5.0621205e+00   2.4764431e+00   6.4368108e-02   5.6580246e-02   2.6679293e-02
   1.9783714e+00   5.0953363e+00   2.3909516e+00   6.6919056e-02   5.6199772e-02   2.7592084e-02
   1.9995044e+00   5.0319405e+00   2.5807254e+00   6.0981430e-02   5.4809690e-02   2.6445148e-02
   1.8509505e+00   5.1446430e+00   2.5911556e+00   6.6644201e-02   5.2845627e-02   2.6451389e-02
   1.9355030e+00   4.9901201e+00   2.1922873e+00   6.6227671e-02   5.4361121e-02   2.6678405e-02
   1.9384385e+00   5.2566373e+00   2.8857618e+00   6.6702265e-02   5.2881822e-02   2.6878726e-02
   1.9987964e+00   5.1890702e+00   2.6964052e+00   6.9207088e-02   5.3197779e-02   2.7047196e-02
   1.9148785e+00   5.1145049e+00   2.6582241e+00   6.4735855e-02   5.0891289e-02   2.6102566e-02
   1.8675064e+00   5.1773000e+00   2.4639035e+00   6.8563409e-02   5.1997584e-02   2.5984089e-02
   1.9431505e+00   5.2457011e+00   2.6481898e+00   6.7116624e-02   5.4390030e-02   2.7525568e-02
   1.9811331e+00   5.3630469e+00   2.8479497e+00   7.3378668e-02   5.3074707e-02   2.6165116e-02
   2.0037665e+00   5.2324796e+00   2.5046864e+00   7.6702980e-02   4.9440618e-02   2.5930989e-02
   2.0751339e+00   5.5055353e+00   3.2058485e+00   7.4068098e-02   5.1132418e-02   2.6168627e-02
   1.9596511e+00   5.2503823e+00   2.7804615e+00   7.0762895e-02   4.9700413e-02   2.4805796e-02
   1.9489471e+00   5.5359320e+00   3.1260351e+00   6.9706198e-02   5.1129251e-02   2.4185883e-02
   1.9436736e+00   5.2075025e+00   2.7780120e+00   6.8378061e-02   5.1238755e-02   2.5924952e-02
   1.9615297e+00   5.1572567e+00   2.5584821e+00   7.0704520e-02   5.2463302e-02   2.5816130e-02
   2.0210121e+00   5.4615548e+00   2.8795002e+00   7.3525423e-02   5.2267732e-02   2.5989122e-02
   2.0094430e+00   5.1748854e+00   2.3919142e+00   7.3402329e-02   5.2053948e-02   2.6474115e-02
   2.0056260e+00   5.4346680e+00   2.8402844e+00   7.2645807e-02   5.2969630e-02   2.6705402e-02
   2.0071049e+00   5.2748739e+00   2.5411522e+00   7.2398511e-02   5.2551959e-02   2.6806885e-02
   2.0211442e+00   5.4115822e+00   2.9148705e+00   7.2620423e-02   5.1957703e-02   2.6477258e-02
   2.0353327e+00   5.2879029e+00   2.6821628e+00   7.1355873e-02   5.2781948e-02   2.6618861e-02
   2.0388200e+00   5.3777264e+00   2.8140764e+00   7.2044467e-02   5.3011837e-02   2.6979519e-02
   2.0697536e+00   5.3006527e+00   2.6589671e+00   7.2560223e-02   5.2759521e-02   2.7106775e-02
   2.0765047e+00   5.3414506e+00   2.8976585e+00   7.0103732e-02   5.1504840e-02   2.7683600e-02
   2.0938868e+00   5.4342452e+00   2.9268247e+00   7.3432206e-02   5.2754534e-02   2.8095677e-02
   2.0979494e+00   5.3480374e+00   2.7295557e+00   7.3192346e-02   5.2801604e-02   2.7720768e-02
   2.1199326e+00   5.5573412e+00   3.1897717e+00   7.3348354e-02   5.2561994e-02   2.7588892e-02
   2.0939373e+00   5.3345805e+00   2.6725882e+00   7.4916567e-02   5.2803377e-02   2.7554914e-02
   2.1197150e+00   5.4233541e+00   3.1354862e+00   6.9867325e-02   5.2258465e-02   2.8080842e-02
   2.1163508e+00   5.4365850e+00   2.8410716e+00   7.5368112e-02   5.2732232e-02   2.6714710e-02
   2.1368002e+00   5.3748472e+00   3.0881957e+00   6.9829442e-02   5.1954691e-02   2.7931323e-02
   2.1351771e+00   5.4648373e+00   2.9741390e+00   7.7813283e-02   5.2728658e-02   2.7315319e-02
   2.2346949e+00   5.4624795e+00   3.0073389e+00   7.4545056e-02   5.2681974e-02   2.7013474e-02
   2.1333412e+00   5.2099833e+00   3.0687942e+00   6.2902896e-02   4.9929076e-02   2.5432109e-02
   1.5981016e+00   3.9565276e+00   1.8026561e+00   4.1157195e-02   4.1950171e-02   2.5741500e-02
   1.6655754e+00   4.5548463e+00   1.8553487e+00   5.3309563e-02   4.9342059e-02   2.7892003e-02
   1.7901587e+00   4.6906687e+00   1.9017836e+00   5.3078188e-02   5.2172033e-02   3.0290289e-02
   1.8836537e+00   4.8159120e+00   2.0812684e+00   5.9399773e-02   5.2816491e-02   2.8954419e-02
   1.8966995e+00   4.8070002e+00   2.3046797e+00   5.7684731e-02   5.2594366e-02   2.9555144e-02
   1.8951652e+00   4.7779825e+00   2.0581602e+00   5.9919801e-02   5.2516767e-02   2.9405485e-02
   1.9244733e+00   4.9360705e+00   2.3798803e+00   6.0280785e-02   5.2468387e-02   2.9486955e-02
   1.9334126e+00   4.8900246e+00   2.2172369e+00   6.3194049e-02   5.2182613e-02   2.9206726e-02
   1.9508571e+00   4.9479303e+00   2.4100782e+00   6.1544976e-02   5.2191082e-02   2.9052513e-02
   1.8694108e+00   4.9240352e+00   2.3106305e+00   6.0782862e-02   5.1257368e-02   2.8662866e-02
   1.8528152e+00   4.8048529e+00   2.1211432e+00   5.9825561e-02   5.0416975e-02   2.8688541e-02
   1.8928380e+00   5.0027582e+00   2.3409015e+00   6.1065087e-02   5.2147281e-02   2.9189937e-02
   1.8840500e+00   4.8614506e+00   2.1802660e+00   6.1078178e-02   5.0928796e-02   2.9335762e-02
   1.9200792e+00   5.0278879e+00   2.4505335e+00   6.2234293e-02   5.0535276e-02   2.8833564e-02
   1.9170213e+00   4.9387455e+00   2.1305807e+00   7.0041673e-02   4.9219990e-02   2.6697002e-02
   1.9070709e+00   5.0477936e+00   2.4163824e+00   6.4778233e-02   4.9346999e-02   2.7193678e-02
   1.8968495e+00   5.1485950e+00   2.5048120e+00   6.6852536e-02   4.7959139e-02   2.6259849e-02
   1.8851417e+00   5.0379587e+00   2.3889147e+00   6.6993052e-02   4.6305588e-02   2.6093112e-02
   1.9927926e+00   5.3925678e+00   2.8157900e+00   7.0303610e-02   4.8652146e-02   2.5392188e-02
   1.9865768e+00   5.0786170e+00   2.4365365e+00   6.7895046e-02   4.9561251e-02   2.7162863e-02
   2.1151026e+00   5.5323024e+00   3.1302688e+00   7.1241445e-02   4.9690499e-02   2.6307656e-02
   2.0283175e+00   5.0942671e+00   2.4455150e+00   7.1257042e-02   5.0198063e-02   2.6416850e-02
   2.0817136e+00   5.3488049e+00   3.0329698e+00   6.7697832e-02   4.9687884e-02   2.7571881e-02
   2.0426607e+00   5.1823794e+00   2.5373998e+00   7.3899813e-02   5.0215180e-02   2.6083313e-02
   2.0318155e+00   5.2617875e+00   2.7036469e+00   6.7952935e-02   5.0512841e-02   2.7412847e-02
   2.0368395e+00   5.2667262e+00   2.6458863e+00   7.0632704e-02   5.0816336e-02   2.7389364e-02
   2.0406641e+00   5.2788250e+00   2.7120562e+00   6.9385494e-02   5.0388510e-02   2.7285181e-02
   2.0633828e+00   3.7222647e+00   2.3932323e+00   2.4416846e-02   4.7550157e-02   2.4872141e-02
   1.6988412e+00   4.5472651e+00   2.3760323e+00   4.7242960e-02   4.8575719e-02   2.7489394e-02
   1.8000485e+00   4.5534001e+00   2.0060321e+00   5.4343221e-02   4.9999458e-02   2.7089180e-02
   1.8954576e+00   4.5974645e+00   2.1624034e+00   5.7646052e-02   5.0732389e-02   2.7900514e-02
   1.9234279e+00   4.9259060e+00   2.4538142e+00   6.2455843e-02   5.1270284e-02   2.6254187e-02
   1.9486898e+00   4.6856134e+00   2.2988281e+00   6.1265650e-02   5.0555788e-02   2.7261165e-02
   1.9345408e+00   4.8050365e+00   2.4669566e+00   6.0688397e-02   5.0597036e-02   2.7194264e-02
   1.9314374e+00   4.7460653e+00   2.3174729e+00   6.2122931e-02   5.0025019e-02   2.7057700e-02
   1.9355837e+00   4.7596382e+00   2.3571091e+00   6.1653427e-02   5.0482548e-02   2.7104671e-02
   1.9414330e+00   4.7942057e+00   2.3927395e+00   6.1966056e-02   5.0510197e-02   2.7645160e-02
   1.9737390e+00   4.7781212e+00   2.4554847e+00   6.1032430e-02   5.0289992e-02   2.8024926e-02
   1.9847970e+00   4.7867169e+00   2.4766140e+00   6.0611083e-02   5.0312114e-02   2.7693750e-02
   1.9834596e+00   4.8189067e+00   2.5067868e+00   6.0531333e-02   5.0262179e-02   2.7929292e-02
   1.9962036e+00   4.7641605e+00   2.4449163e+00   6.0892293e-02   5.0484374e-02   2.7900006e-02
   2.0042357e+00   4.7784803e+00   2.6365193e+00   5.7200449e-02   4.9297320e-02   2.8847346e-02
   2.0143179e+00   4.9722340e+00   2.7572602e+00   7.0492734e-02   5.1195942e-02   2.7461037e-02
   2.0383963e+00   4.5629994e+00   2.4627601e+00   4.4945375e-02   5.0975220e-02   2.7052326e-02
   1.8078958e+00   4.7856783e+00   2.5399049e+00   5.4937321e-02   4.7938731e-02   2.8229459e-02
   1.9095757e+00   4.9227644e+00   2.7424235e+00   5.7818497e-02   5.0852589e-02   2.7593993e-02
   1.8431568e+00   4.7001525e+00   2.2615221e+00   5.8024824e-02   4.9210445e-02   2.8137658e-02
   1.9088478e+00   5.0303233e+00   2.7914870e+00   5.8743936e-02   5.1430987e-02   2.7800294e-02
   1.8709066e+00   4.6894090e+00   2.2843262e+00   5.7690218e-02   4.9903030e-02   2.8355992e-02
   1.8779281e+00   4.9559993e+00   2.6820391e+00   5.9782624e-02   5.0156944e-02   2.7619902e-02
   1.8626960e+00   4.7624166e+00   2.3874629e+00   5.7689491e-02   4.9788610e-02   2.8129798e-02
   1.8592874e+00   4.8765652e+00   2.5265627e+00   6.0041612e-02   4.9978156e-02   2.7902379e-02
   1.8838003e+00   4.8036837e+00   2.4426368e+00   5.8578118e-02   4.9782185e-02   2.8456011e-02
   1.8774752e+00   4.8887686e+00   2.5331657e+00   6.0610565e-02   4.9318761e-02   2.8245780e-02
   1.8794857e+00   4.8472909e+00   2.4310955e+00   6.0608033e-02   4.8963578e-02   2.7673041e-02
   1.9172078e+00   4.9268382e+00   2.6616745e+00   6.0982854e-02   4.7316257e-02   2.8042491e-02
   1.9098632e+00   4.8489262e+00   2.4721268e+00   6.1773852e-02   4.8049281e-02   2.7739948e-02
   1.9294288e+00   4.9834858e+00   2.7062236e+00   6.1729133e-02   4.8288302e-02   2.6821035e-02
   2.0808076e+00   4.7326421e+00   2.1320650e+00   2.4755063e-02   7.1740459e-02   3.2829643e-02
   1.8601916e+00   5.9557162e+00   3.0694127e+00   4.6499041e-02   5.9935543e-02   3.3287683e-02
   1.9983275e+00   5.5543433e+00   3.3885621e+00   5.8143085e-02   5.7669503e-02   2.9338450e-02
   1.9921219e+00   5.7054750e+00   3.5749510e+00   5.9910901e-02   5.5724919e-02   3.0002235e-02
   2.0126380e+00   5.5903908e+00   3.5604256e+00   6.0449874e-02   5.6467093e-02   2.9422334e-02
   2.0557629e+00   5.5736214e+00   3.3985835e+00   6.0561074e-02   5.5535405e-02   3.0276083e-02
   2.0311860e+00   5.6974063e+00   3.6710751e+00   6.1506717e-02   5.5713304e-02   3.0387936e-02
   2.0509571e+00   5.5497634e+00   3.4129230e+00   6.0327495e-02   5.5055367e-02   3.0848675e-02
   2.0429836e+00   5.6693933e+00   3.5935435e+00   6.1748411e-02   5.5163189e-02   3.0344400e-02
   2.0600076e+00   5.5898913e+00   3.5006834e+00   6.2870036e-02   5.4370126e-02   3.0150295e-02
   2.0549248e+00   5.6448644e+00   3.7543657e+00   6.0433539e-02   5.4936842e-02   3.1291421e-02
   2.0983095e+00   5.5564958e+00   3.6810905e+00   5.9615727e-02   5.4066283e-02   3.1519832e-02
   2.1080462e+00   5.5981536e+00   3.8462372e+00   5.9480656e-02   5.2971546e-02   3.1598280e-02
   2.1604362e+00   5.6758050e+00   3.8169963e+00   6.2457692e-02   5.3284132e-02   3.0974282e-02
   2.1345237e+00   5.6303171e+00   3.5526383e+00   6.4850903e-02   5.4236162e-02   3.1407101e-02
   2.2561114e+00   6.0690657e+00   4.1940121e+00   7.0765442e-02   5.4347437e-02   3.0298355e-02
   2.1660660e+00   5.6662878e+00   3.7708781e+00   6.9201833e-02   5.4161959e-02   2.9989529e-02
   1.8430616e+00   5.8108860e+00   4.1701296e+00   6.9436917e-02   7.1555850e-02   2.8355268e-02
   2.1085426e+00   6.0622056e+00   3.6202031e+00   6.8375100e-02   7.3138818e-02   3.0102279e-02
