   0.0000000e+00   0.0000000e+00   0.0000000e+00   0.0000000e+00   0.0000000e+00   0.0000000e+00
  -2.2991949e-02   8.3440298e-03   1.5645165e-01   8.8712355e-04  -5.3343786e-04   3.4532308e-04
   3.3798655e-03   4.3718232e-02   9.2796034e-02   1.6395776e-03   2.3442881e-04   1.7253666e-04
   7.7873455e-03   4.0339409e-02   1.2306832e-01   1.3009410e-03   8.4558082e-04  -1.8304831e-04
  -1.8327960e-02   2.9897666e-02   1.0757165e-01   1.9211194e-03   4.3413093e-04  -2.7513192e-05
  -3.8388346e-02  -3.6964465e-03   1.4163304e-01   1.6010846e-03  -2.2842717e-04   1.8019555e-04
   3.1038738e-04   1.4327296e-02   1.1243253e-01   1.4612578e-03   3.0953046e-04   1.0188789e-03
  -3.5421211e-03   3.1249862e-02   1.1644827e-01   1.3602554e-03   1.0436850e-04   1.4437043e-03
   1.5130573e-02   1.9151670e-02   1.1991021e-01   4.3843277e-04   7.4740669e-04   2.5552945e-03
   7.3651189e-02   1.1329485e-02   1.1460153e-01  -3.2181769e-04   1.6465354e-03   2.4711387e-03
   7.5752919e-02  -5.8212816e-02   1.5498554e-01  -1.4956760e-04   1.4656378e-03   2.7739664e-03
   9.0084893e-02  -5.4776407e-02   1.8220488e-01  -4.8297753e-04   1.8351016e-03   2.5843804e-03
   1.1148412e-01  -2.1142713e-02   2.5159927e-01  -5.6718371e-04   1.7931752e-03   3.2898698e-03
   1.2581572e-01  -4.1268004e-02   3.2356726e-01  -3.3001726e-04   2.3308593e-03   4.4801157e-03
   1.3069488e-01  -2.2635216e-02   3.5707012e-01  -4.9868475e-04   2.0800694e-03   4.7025989e-03
   1.5603402e-01  -3.8098270e-02   3.1837515e-01  -1.1189641e-03   2.1103104e-03   4.4406813e-03
   1.6356166e-01  -1.0570863e-01   3.3577949e-01  -2.0940975e-03   2.6021637e-03   5.1966249e-03
   1.9514693e-01  -1.1939738e-01   3.5879412e-01  -2.4189362e-03   2.6098286e-03   6.5024632e-03
   2.0950789e-01  -1.1698157e-01   3.6296948e-01  -2.3827036e-03   2.6024038e-03   6.3008235e-03
   2.0814967e-01  -9.8305301e-02   3.6820055e-01  -2.2014867e-03   2.5919554e-03   6.1418866e-03
   2.4489719e-01  -8.9660660e-02   3.9012895e-01  -2.2215286e-03   3.2492555e-03   6.5352564e-03
   2.4301061e-01  -6.0924393e-02   4.0876699e-01  -2.0076346e-03   3.0013009e-03   6.7889401e-03
   2.4706072e-01  -7.5641053e-02   4.0802183e-01  -1.8926937e-03   2.9708762e-03   7.0109458e-03
   2.6022069e-01  -5.5385846e-02   3.9230395e-01  -2.6130587e-03   3.0407811e-03   7.1166885e-03
   2.6423709e-01  -5.1437522e-02   3.8280308e-01  -2.9683483e-03   3.6409311e-03   6.3366760e-03
   2.6874550e-01  -1.2760046e-01   3.8741110e-01  -6.0080849e-03   4.2176031e-03   6.4314366e-03
   2.3506490e-01  -8.1903835e-02   2.9213749e-01  -5.4814532e-03   4.0161286e-03   6.3255091e-03
   2.7672442e-01  -1.0384846e-01   3.0875189e-01  -5.6257164e-03   4.6567276e-03   6.4992561e-03
   2.6327217e-01  -9.5847295e-02   2.8869171e-01  -5.7953761e-03   3.6312739e-03   6.2268341e-03
   2.6949391e-01  -1.0313174e-01   2.9848500e-01  -5.4590508e-03   4.1368799e-03   6.4246782e-03
   2.4586421e-01  -8.1421458e-02   2.9797972e-01  -5.0741996e-03   4.0055026e-03   6.1035905e-03
   2.0167195e-01  -6.9187848e-02   3.1767529e-01  -4.6953755e-03   3.3580941e-03   5.8658675e-03
   1.8713501e-01  -7.8903127e-02   2.8531995e-01  -4.7815611e-03   3.2665694e-03   5.6383891e-03
   2.0972065e-01  -5.2617493e-02   3.1398208e-01  -4.5534407e-03   3.5574827e-03   5.1314480e-03
   1.9649204e-01  -7.4549853e-02   2.7283102e-01  -4.6302805e-03   2.9131490e-03   4.7738076e-03
   1.9505295e-01  -7.5999219e-02   3.0940745e-01  -4.2472186e-03   2.7964094e-03   4.9139972e-03
   1.8769618e-01  -6.5323040e-02   3.2039684e-01  -4.8813012e-03   2.1944328e-03   4.9113218e-03
   1.9557308e-01  -5.4460247e-02   3.0370561e-01  -5.2432392e-03   2.6732240e-03   4.9420110e-03
   1.6495309e-01  -6.5927171e-02   2.7359901e-01  -4.9281145e-03   2.1312818e-03   3.6071312e-03
   1.8314295e-01  -6.6410474e-02   3.0945986e-01  -5.3471778e-03   2.2295883e-03   3.0498540e-03
   1.2546428e-01  -5.7897697e-02   3.0883400e-01  -4.5868958e-03   5.5083710e-04   1.9895638e-03
   1.3266950e-01  -5.7705434e-02   3.5088728e-01  -4.2460140e-03   7.8322338e-04   2.0352747e-03
   1.0232116e-01  -4.7214390e-02   2.9884246e-01  -4.4315818e-03   2.4656099e-05   1.4383937e-03
   1.2691601e-01  -2.7547000e-02   2.8006433e-01  -4.8784145e-03   1.4575497e-04   8.6243159e-04
   1.1854106e-01  -5.0634977e-02   3.1405469e-01  -4.7857078e-03   2.2349188e-04   9.9885004e-04
   1.1162930e-01  -5.6598603e-02   3.1569332e-01  -4.3755892e-03  -2.0767811e-05   3.8813272e-04
   1.1253896e-01  -3.2400758e-02   3.5316081e-01  -3.8476653e-03   1.0814372e-05   5.5738430e-04
   1.2489533e-01  -4.1158475e-02   3.2274818e-01  -3.8136893e-03   3.0167464e-04   1.2866582e-04
   1.0996958e-01  -2.8967620e-02   3.0283795e-01  -4.0492670e-03  -7.3045790e-05  -6.7459955e-04
   1.3700010e-01  -4.2221960e-03   3.0811877e-01  -4.1179334e-03   5.8180524e-05  -6.1059614e-04
   1.3915749e-01  -2.7533912e-02   3.3451711e-01  -4.2663336e-03  -3.3597927e-05  -5.5517216e-04
   1.4445233e-01  -1.8515150e-02   3.6164013e-01  -3.7347036e-03   3.5603461e-04  -4.0849146e-04
   1.4973948e-01  -1.4365391e-02   3.2982572e-01  -3.6985061e-03  -3.5640908e-04  -3.7102896e-04
   1.9066365e-01   1.2739660e-02   3.6226175e-01  -3.5970143e-03   3.1483874e-04  -2.3138572e-04
   2.0144069e-01   2.3006956e-02   3.6265687e-01  -3.4184079e-03   7.9461492e-05  -1.9281046e-04
   2.1638444e-01   2.0225129e-02   3.4587365e-01  -3.5338365e-03   2.1510983e-04   1.1616956e-04
   2.2437716e-01  -1.3541684e-02   3.7630217e-01  -3.2576114e-03   9.1304282e-05   7.3319920e-04
   2.4568175e-01  -8.2464940e-03   3.4934446e-01  -3.7332092e-03   6.9663833e-04   6.4629746e-04
   2.3953013e-01  -6.9643611e-03   3.3106031e-01  -3.4331145e-03   6.3357200e-04   3.7888825e-04
   2.2489149e-01   1.1899339e-02   3.4516306e-01  -3.3718058e-03   6.7677478e-04   4.0203210e-04
   2.1498322e-01   3.3010142e-02   3.2352289e-01  -3.8000128e-03   4.8360536e-04   2.7046058e-04
   2.2729519e-01   2.3115571e-02   3.6890859e-01  -3.8847223e-03   2.4138011e-04  -1.0823242e-04
   2.3650279e-01   2.7567028e-02   3.5579898e-01  -3.6937575e-03   1.9153213e-04  -8.3516528e-05
   1.9764179e-01   6.3759227e-03   3.5778245e-01  -4.0155055e-03  -6.3731934e-04  -7.0104723e-04
   2.2207169e-01   1.2498476e-02   3.7486472e-01  -3.6965945e-03  -2.3935640e-04  -8.2345516e-04
   2.0791182e-01   2.8624960e-02   3.4928406e-01  -4.1454964e-03  -3.0826924e-04  -1.2437482e-03
   2.3680705e-01   3.9618644e-02   3.6663114e-01  -3.8190155e-03  -9.4495391e-05  -7.7770214e-04
   2.5680201e-01   6.6697002e-02   3.4460320e-01  -3.8120756e-03   3.8284416e-04  -1.2636789e-03
   2.2767442e-01   5.3024493e-02   3.4446680e-01  -3.6633908e-03  -4.2116955e-04  -1.8017717e-03
   2.2657402e-01   6.1678628e-02   4.0108763e-01  -2.8115894e-03  -8.3065707e-04  -1.8324947e-03
   2.1296612e-01   6.2247910e-02   3.9744002e-01  -3.0088650e-03  -7.1958607e-04  -2.1264225e-03
   2.3169298e-01   9.1463184e-02   3.6087241e-01  -2.9339845e-03  -2.9063874e-04  -1.9112250e-03
   2.4502635e-01   8.6000118e-02   3.7147341e-01  -3.1949941e-03  -1.9199836e-04  -1.6779560e-03
   2.1389888e-01   6.8685578e-02   3.7319030e-01  -3.2682372e-03  -7.4431594e-04  -2.4998762e-03
   2.0803263e-01   4.7349620e-02   3.7951167e-01  -3.1459876e-03  -8.1710597e-04  -2.5914857e-03
   2.1005769e-01   6.2877800e-02   3.9743821e-01  -2.8148643e-03  -7.1613087e-04  -1.9050713e-03
   1.9746477e-01   8.1824475e-02   3.5574335e-01  -3.1914491e-03  -1.1009813e-03  -2.7314031e-03
   2.2206711e-01   8.3094685e-02   3.9650661e-01  -3.4562374e-03  -8.4646232e-04  -2.9193253e-03
   2.6154338e-01   6.6989554e-02   4.2729205e-01  -3.2066461e-03  -2.8089116e-04  -1.8404012e-03
   2.3436984e-01   4.6927002e-02   4.0091204e-01  -3.9072669e-03  -8.6392639e-04  -2.1949385e-03
   2.4462709e-01   7.0493663e-02   3.8966082e-01  -3.5663787e-03  -5.5067090e-04  -2.0036581e-03
   2.6617139e-01   9.4381546e-02   3.9354357e-01  -3.5108566e-03   1.4717646e-04  -1.3087693e-03
   3.1000542e-01   7.6389031e-02   4.3245275e-01  -3.3841620e-03   8.5228324e-04  -1.0772725e-03
   3.0436819e-01   8.3358163e-02   4.4786308e-01  -2.8527377e-03   6.0505322e-04  -1.2886166e-03
   3.3511284e-01   8.5375761e-02   4.6129346e-01  -2.0472357e-03   7.4465173e-04  -3.0490513e-04
   3.5943955e-01   7.5098698e-02   4.2127018e-01  -2.5890423e-03   9.8264837e-04  -4.4732428e-04
   3.1434159e-01   9.2781475e-02   4.1434004e-01  -3.0701022e-03   6.1069691e-04  -1.8137422e-03
   3.1864768e-01   8.1038128e-02   3.7857914e-01  -4.3659483e-03   4.7218465e-04  -1.6450049e-03
   3.1507120e-01   8.4117857e-02   4.2226123e-01  -3.7383640e-03   6.9231953e-04  -1.7778934e-03
   2.5819463e-01   6.0094472e-02   4.3491617e-01  -3.8730793e-03   1.2360932e-03  -2.3430676e-03
  -3.5524947e-02   5.3397719e-02   2.8986194e-01  -2.2691903e-03  -7.0125631e-04  -2.9286675e-03
   5.5735034e-02   3.7415531e-02   3.5856144e-01  -3.9155841e-03  -8.4489404e-04  -3.3054516e-03
   1.0786208e-01   3.5851702e-02   3.7863566e-01  -3.2153823e-03  -8.5382933e-04  -3.3884379e-03
   7.6446671e-02   1.0742945e-02   4.1681631e-01  -3.6071913e-03  -2.0096521e-03  -4.5564543e-03
   1.0949790e-01   2.6841902e-02   4.2249238e-01  -4.1073460e-03  -1.9248715e-03  -4.3432750e-03
   1.3185128e-01   1.4743362e-02   4.1313551e-01  -4.4947573e-03  -1.9710454e-03  -4.2676578e-03
   9.1098095e-02   2.2203333e-02   4.0760883e-01  -4.7362494e-03  -2.5030507e-03  -4.5356475e-03
   1.3763192e-01   3.1176961e-02   4.0927616e-01  -4.3730982e-03  -2.3273175e-03  -4.1590051e-03
   1.4917923e-01   1.9534682e-02   3.9663652e-01  -4.5740002e-03  -2.3584192e-03  -5.0120097e-03
   1.3647037e-01   1.6236917e-02   4.1422659e-01  -4.7440217e-03  -2.8054318e-03  -5.0678828e-03
   1.5766855e-01   4.4919156e-03   4.1779772e-01  -4.6148901e-03  -2.2889583e-03  -4.1834538e-03
   1.5612173e-01   1.7609495e-02   3.9923127e-01  -4.6476269e-03  -2.2715406e-03  -3.9024608e-03
   1.8531517e-01   2.2969718e-02   3.7966768e-01  -4.4225409e-03  -1.9723847e-03  -4.3697887e-03
   1.9841851e-01   3.4915868e-02   4.0181318e-01  -4.2429014e-03  -2.0896738e-03  -4.0767713e-03
   2.4065623e-01   2.7552439e-02   4.2295792e-01  -3.3923341e-03  -1.7906963e-03  -4.1185808e-03
   2.4620537e-01   3.7345298e-02   4.1690036e-01  -4.1621092e-03  -2.0642459e-03  -3.6518616e-03
   2.4978513e-01   1.4783172e-02   4.4699897e-01  -4.3579639e-03  -2.3480524e-03  -3.5860131e-03
   2.7615624e-01   2.5261442e-02   4.1750424e-01  -4.7224053e-03  -2.0241162e-03  -3.3068571e-03
   2.9219757e-01   2.9238027e-02   4.1204599e-01  -4.5512277e-03  -1.9258245e-03  -3.7005570e-03
   2.8583879e-01   6.3973843e-03   4.1305513e-01  -3.9379413e-03  -2.1938140e-03  -3.1248409e-03
   2.9465401e-01   3.3369348e-02   4.3596386e-01  -3.9611264e-03  -2.6165116e-03  -3.7477183e-03
   2.8961575e-01   3.6797834e-02   4.5536755e-01  -4.3551169e-03  -2.7797298e-03  -3.5438508e-03
   2.6677526e-01   5.3214954e-02   4.2645989e-01  -4.4170129e-03  -2.7350914e-03  -3.7772459e-03
   3.1850986e-01   6.5661142e-02   4.2571792e-01  -3.9505131e-03  -1.9990189e-03  -3.4319222e-03
   3.3187779e-01   8.0171717e-02   4.5560734e-01  -4.1600571e-03  -1.9426170e-03  -3.7655176e-03
   3.4487535e-01   7.0526598e-02   4.5990504e-01  -3.9360889e-03  -2.0211981e-03  -4.0174164e-03
   3.6550313e-01   7.7334309e-02   4.9142177e-01  -3.3440712e-03  -1.7596411e-03  -3.8641076e-03
   3.5555388e-01   8.7514424e-02   4.7124006e-01  -3.6928640e-03  -2.0699513e-03  -4.4187654e-03
   3.7410546e-01   1.2102482e-01   4.6619864e-01  -4.0683991e-03  -1.9005751e-03  -4.3144694e-03
   4.3629378e-01   9.9572214e-02   5.0952927e-01  -3.5465509e-03  -1.9814747e-03  -3.3084671e-03
   5.1122668e-01   9.9240359e-02   5.4669794e-01  -2.0217916e-03  -1.0222596e-03  -2.8162537e-03
   4.7896091e-01   7.3005383e-02   5.3508039e-01  -2.7658912e-03  -1.9024971e-03  -3.6173212e-03
   5.2218260e-01   1.1420138e-01   5.4064809e-01  -1.8800906e-03  -1.4349683e-03  -2.9406362e-03
   5.1151563e-01   5.8512447e-02   5.2746927e-01  -4.1238636e-03  -1.5622540e-03  -2.8372332e-03
   4.8695902e-01   2.4097897e-02   5.1801331e-01  -7.9004713e-03  -1.8723920e-03  -4.6054717e-03
   4.7377697e-01   1.2529152e-02   5.7858484e-01  -6.7016019e-03  -2.4504120e-03  -4.7684872e-03
   4.8041439e-01   2.4501751e-02   5.4987113e-01  -6.6304377e-03  -2.8393726e-03  -4.0936333e-03
   4.9000287e-01   4.7812115e-02   5.4570369e-01  -6.4128883e-03  -2.4555926e-03  -4.7992489e-03
   5.0030438e-01   7.7736560e-02   5.2739783e-01  -6.7713958e-03  -2.2457503e-03  -5.9150062e-03
   5.2025158e-01   5.0390466e-02   5.9427414e-01  -6.4776464e-03  -2.0460741e-03  -4.9227692e-03
   5.0075729e-01   6.4929907e-02   5.6030820e-01  -6.8884820e-03  -2.4650896e-03  -5.2103708e-03
   5.1826737e-01   8.4761261e-02   5.5687946e-01  -6.9133630e-03  -2.4625114e-03  -4.6496948e-03
   5.6239502e-01   1.0955141e-01   6.6817141e-01  -5.0841417e-03  -2.5939195e-03  -4.1031141e-03
   6.3500106e-01   1.0712466e-01   7.5851558e-01  -4.6857122e-03  -1.7426403e-03  -4.7271200e-03
   6.5485579e-01   1.1980488e-01   7.1948342e-01  -4.0036938e-03  -1.3610267e-03  -4.3289025e-03
   6.6104360e-01   1.4892321e-01   7.0048906e-01  -3.5798433e-03  -8.7450566e-04  -4.1567799e-03
   6.7806380e-01   1.4344110e-01   7.2864823e-01  -4.3382071e-03  -1.3435079e-03  -4.5561831e-03
   6.5928608e-01   1.3524144e-01   7.2354708e-01  -4.5425520e-03  -1.1944391e-03  -4.9286194e-03
   6.0233006e-01   1.3503617e-01   6.1248760e-01  -4.9345831e-03  -1.7183502e-03  -4.6470332e-03
   6.3272201e-01   1.5539500e-01   6.7448560e-01  -3.7865232e-03  -1.7002641e-03  -4.4544306e-03
   6.4225545e-01   1.5241384e-01   6.7659221e-01  -4.1955930e-03  -1.2252522e-03  -4.6121674e-03
   6.4867487e-01   1.2304772e-01   7.2928075e-01  -3.9403780e-03  -1.4059443e-03  -4.0533245e-03
   6.5201879e-01   1.3573536e-01   7.1532592e-01  -4.4485176e-03  -1.4076870e-03  -4.5297334e-03
   6.5538574e-01   1.7764809e-01   7.1829827e-01  -4.2284291e-03  -1.5511022e-03  -4.5936868e-03
   6.7533117e-01   1.9731674e-01   7.3734076e-01  -4.5799346e-03  -1.0294952e-03  -5.1297005e-03
   7.0647755e-01   1.5146569e-01   7.5272207e-01  -4.4675264e-03  -4.5723895e-04  -4.6956614e-03
   7.3359420e-01   1.4574365e-01   7.5174014e-01  -4.2701601e-03  -2.2933674e-04  -3.9416618e-03
   7.1815792e-01   1.5997563e-01   7.0262740e-01  -3.9494946e-03  -4.0785310e-04  -4.0864690e-03
   6.7663112e-01   1.6082577e-01   6.0727554e-01  -4.4488711e-03  -7.6816275e-04  -3.4300791e-03
   6.5517807e-01   1.6331112e-01   6.2635599e-01  -4.7521233e-03  -1.2232684e-03  -3.2591049e-03
   6.6016444e-01   1.2526166e-01   6.4567686e-01  -4.4895532e-03  -1.3084582e-03  -3.3968642e-03
   6.4779836e-01   1.3330745e-01   6.5988266e-01  -4.9779913e-03  -1.8701543e-03  -4.3100074e-03
   7.0921795e-01   1.3768221e-01   6.9479851e-01  -3.8167339e-03  -1.0630885e-03  -3.5223465e-03
   7.1656102e-01   1.2341462e-01   6.6135966e-01  -4.1264669e-03  -1.0922625e-03  -3.8948364e-03
   6.9543577e-01   1.4610745e-01   6.4323423e-01  -3.7045106e-03  -9.5163091e-04  -4.0874134e-03
   6.2048890e-01   1.8293411e-01   5.4071614e-01  -3.1202281e-03  -6.4172887e-04  -4.8829357e-03
   6.2738643e-01   1.3010164e-01   5.9177620e-01  -4.3555970e-03  -9.9006541e-04  -4.1586701e-03
   6.8659576e-01   1.9648311e-01   6.3803676e-01  -3.4980686e-03  -4.1234955e-04  -4.7904543e-03
   7.2377649e-01   1.6634678e-01   6.5636802e-01  -3.3928408e-03   5.6925800e-05  -4.1958194e-03
   6.8463299e-01   1.5678341e-01   5.7404988e-01  -4.8687229e-03  -2.9745250e-04  -3.9481373e-03
   6.9694653e-01   1.6930612e-01   5.7291561e-01  -3.9090704e-03  -5.0397141e-05  -3.3591524e-03
   7.5407163e-01   1.9000905e-01   6.2423988e-01  -3.4953730e-03   1.0747671e-03  -2.8857670e-03
   7.5698322e-01   1.9228705e-01   6.2858911e-01  -3.7328076e-03   7.1441924e-04  -3.5477676e-03
   7.8497275e-01   1.7711462e-01   6.5677704e-01  -3.9310646e-03   1.2239616e-03  -3.2769336e-03
   7.7829138e-01   1.6040795e-01   6.0182229e-01  -4.1228143e-03   1.5572255e-03  -3.2811851e-03
   7.8831459e-01   1.5819140e-01   6.1238489e-01  -4.1634811e-03   1.7115151e-03  -3.0331142e-03
   7.9885177e-01   1.5658656e-01   6.2129547e-01  -3.7598116e-03   1.7809203e-03  -3.8931062e-03
   8.0387046e-01   2.0367096e-01   6.3005720e-01  -3.8181265e-03   1.9095889e-03  -3.6986818e-03
   7.9628641e-01   1.8759039e-01   5.9874658e-01  -4.2200617e-03   1.7063594e-03  -4.1579523e-03
   7.9786632e-01   1.7113377e-01   6.6231777e-01  -3.5119536e-03   1.7344620e-03  -3.1012433e-03
   7.9474188e-01   1.8039751e-01   6.5045245e-01  -3.8711918e-03   1.3250052e-03  -3.3324479e-03
   7.8769565e-01   2.1047984e-01   6.2887360e-01  -3.5251585e-03   1.6743164e-03  -3.2754844e-03
   7.8119554e-01   2.0423522e-01   6.2730165e-01  -4.0294827e-03   1.4087943e-03  -3.3068059e-03
   7.8919422e-01   1.9704215e-01   6.4847197e-01  -4.2744702e-03   8.9725508e-04  -3.1636842e-03
   8.1652792e-01   1.8799035e-01   6.7887585e-01  -3.5141863e-03   1.5099321e-03  -2.8009329e-03
   7.6237213e-01   1.7499554e-01   5.6955982e-01  -4.4286970e-03   7.4534986e-04  -1.5846330e-03
   7.1307251e-01   1.9037541e-01   5.8124709e-01  -4.2786994e-03   2.1012576e-05  -2.6759780e-03
   6.9637924e-01   2.0012781e-01   5.9346590e-01  -4.7362041e-03  -5.0263654e-04  -3.9108305e-03
   7.4601063e-01   2.0747197e-01   6.3813796e-01  -4.3881074e-03   3.3286336e-05  -4.4759107e-03
   7.2837089e-01   1.7233471e-01   5.9872931e-01  -4.8407971e-03  -3.2902200e-04  -4.0841698e-03
   7.3368724e-01   1.9744064e-01   5.9162720e-01  -4.5538106e-03   1.8910871e-04  -3.8614417e-03
   6.8453830e-01   1.8958347e-01   5.8127074e-01  -4.7373592e-03  -7.6547238e-04  -4.1195939e-03
   6.9956784e-01   1.9632715e-01   5.9372181e-01  -4.7103775e-03  -5.0743414e-04  -4.0437160e-03
   7.0656758e-01   1.9959157e-01   6.2394355e-01  -4.1203771e-03  -5.2289583e-04  -4.5287751e-03
   7.3039810e-01   2.0936303e-01   6.2878318e-01  -3.7849663e-03  -1.5083944e-04  -4.2738607e-03
   7.3285110e-01   1.9725117e-01   6.3027486e-01  -4.4347786e-03   7.3843620e-05  -4.8331745e-03
   7.0967211e-01   1.8661064e-01   5.7774787e-01  -5.1095625e-03  -3.0765800e-05  -4.1675624e-03
   6.8215647e-01   2.2411003e-01   5.2352758e-01  -4.4477354e-03  -4.1780779e-04  -4.4808816e-03
   6.9446352e-01   2.3156501e-01   5.8275434e-01  -3.7425712e-03  -4.1637624e-04  -4.5178355e-03
   6.9906015e-01   2.2150574e-01   6.1172145e-01  -3.4924464e-03  -3.3410346e-04  -4.7011030e-03
   7.2139909e-01   2.4881890e-01   6.3854908e-01  -2.5934559e-03   3.6565112e-04  -4.4748550e-03
   6.8749849e-01   2.0971504e-01   6.2754166e-01  -3.2772450e-03  -1.9268792e-04  -4.8863664e-03
   6.9045866e-01   2.4838759e-01   6.4304964e-01  -2.7377798e-03   5.3732954e-05  -4.4749180e-03
   7.1102494e-01   2.6723275e-01   6.2532648e-01  -2.0946864e-03   7.5845214e-07  -4.2521146e-03
   6.9522565e-01   2.7608735e-01   6.6060875e-01  -2.3568377e-03  -2.5314556e-04  -4.8156511e-03
   7.1603879e-01   2.8079398e-01   6.6950276e-01  -1.0040601e-03  -3.4853531e-04  -3.9414313e-03
   7.3793924e-01   2.8356372e-01   6.6191472e-01  -2.1862269e-04   1.1194556e-05  -2.3631900e-03
   7.4976839e-01   3.0630679e-01   6.5481699e-01  -2.6067205e-04  -1.7678113e-04  -2.4071130e-03
   7.4958187e-01   3.1482768e-01   6.4504528e-01  -8.2200870e-04  -2.3080518e-04  -3.1345683e-03
   7.6638583e-01   3.0138478e-01   6.8312329e-01  -1.0331536e-03  -7.5658112e-05  -2.3891220e-03
   8.0464986e-01   2.9919839e-01   7.2171354e-01  -1.1552693e-03   2.5465131e-04  -2.6847922e-03
   8.0671297e-01   3.1108193e-01   6.8686332e-01  -1.1072737e-03   1.1398965e-04  -2.2072119e-03
   8.2250620e-01   3.5445597e-01   6.8957660e-01  -1.3281753e-03   7.7852310e-04  -3.1195602e-03
   8.3948396e-01   3.0475698e-01   7.2538367e-01  -9.0061780e-04   9.0380257e-04  -2.5405546e-03
   8.5734894e-01   2.8703797e-01   7.3773265e-01  -5.3341308e-04   1.1148299e-03  -9.2976881e-04
   8.5400941e-01   3.3140587e-01   7.1328663e-01  -1.1090708e-03   5.3212782e-04  -1.3671580e-03
   8.5711555e-01   3.3731956e-01   6.8412109e-01  -1.5533007e-03   9.3999092e-05  -1.7989744e-03
   7.9118822e-01   3.0925519e-01   5.8304353e-01  -2.1316420e-03   2.6110589e-04  -3.2223178e-03
   7.6833536e-01   2.6324071e-01   5.5249129e-01  -1.7931139e-03   1.5577968e-04  -1.0241995e-03
   8.5591390e-01   2.8996422e-01   6.4617301e-01  -1.0369899e-03   7.8612522e-04  -5.6473499e-04
   8.3592845e-01   3.1148074e-01   6.4353705e-01  -1.0721538e-03   1.6884633e-04  -9.8802488e-04
   8.2653525e-01   3.4100658e-01   6.2578975e-01  -1.6044088e-03   2.7407359e-04  -1.4612966e-03
   8.2937775e-01   3.2547578e-01   6.5535421e-01  -3.3101980e-04   2.1528961e-04  -9.7600796e-04
   8.1009295e-01   3.1765239e-01   5.9446942e-01   7.1196498e-04   1.3946440e-05  -8.0742587e-04
   8.3603425e-01   3.6323743e-01   5.9779577e-01   8.4973115e-04  -7.3836393e-05  -7.2190125e-04
   8.6858710e-01   3.4555537e-01   6.1373776e-01   9.9340405e-04   1.5092384e-04  -7.3724370e-04
   8.7461593e-01   3.7359355e-01   6.2607990e-01   5.8447207e-04   1.4798556e-04  -9.4066421e-04
   8.9053278e-01   3.7330780e-01   6.4698530e-01   8.9254437e-04   2.0052453e-04  -1.1345965e-03
   8.7697322e-01   3.8021529e-01   6.0598019e-01   9.0655027e-04   1.0776595e-04  -3.6766139e-04
   8.7114334e-01   4.0288972e-01   5.8572576e-01   1.0769016e-03   4.2992817e-05  -1.4015592e-03
   8.7753901e-01   3.8958759e-01   5.9652093e-01   1.1452758e-03   3.8891624e-04  -1.8598494e-03
   9.1828090e-01   3.8027522e-01   6.2736330e-01   1.3531882e-03   1.2000057e-03  -8.9741034e-04
   9.1569394e-01   3.9120823e-01   5.5846332e-01   1.8002135e-03   1.4526216e-03  -1.0351834e-03
   8.9937724e-01   3.9244984e-01   5.4253604e-01   1.5281374e-03   7.3063792e-04  -1.3079122e-03
   9.0704273e-01   4.2126546e-01   5.9290092e-01   1.3734491e-03   6.6646039e-04  -2.1782325e-03
   9.2968775e-01   4.0470182e-01   6.1572343e-01   2.1433827e-03   6.6762901e-04  -1.2623627e-03
   9.4326121e-01   3.8836260e-01   5.7683349e-01   2.3540723e-03   1.2344178e-03  -1.1848392e-03
   9.4297462e-01   4.2308880e-01   5.4730578e-01   2.0218302e-03   7.5264828e-04  -1.3203316e-03
   9.4641570e-01   4.5712501e-01   5.6167929e-01   1.8782552e-03   1.2113746e-03  -2.1979612e-03
   1.0091683e+00   4.1244531e-01   5.7321787e-01   2.5454409e-03   2.0519382e-03  -1.5205167e-03
   9.9215785e-01   4.0461968e-01   5.4296873e-01   3.1737162e-03   1.7628026e-03  -1.0380526e-03
   1.0002413e+00   4.5193063e-01   5.4805296e-01   3.2774590e-03   1.4162049e-03  -6.9471340e-04
   1.0459180e+00   4.7026034e-01   5.3319895e-01   3.7880156e-03   2.2139033e-03  -8.8119323e-04
   1.1010178e+00   4.6775101e-01   6.1808445e-01   5.2688908e-03   2.4079663e-03   1.1375172e-04
   1.0828633e+00   4.6391619e-01   5.9171169e-01   4.6633862e-03   1.9449010e-03   1.8743575e-04
   1.0950529e+00   5.1879560e-01   5.7008805e-01   5.0051690e-03   2.9195614e-03  -8.7386383e-04
   1.0917581e+00   4.9694690e-01   6.2027837e-01   4.7769420e-03   2.3021711e-03  -7.6621883e-04
   1.1243063e+00   5.0234559e-01   6.7720362e-01   5.6991038e-03   2.5724945e-03   2.4606426e-04
   1.1133233e+00   5.2340587e-01   6.1195050e-01   5.7888228e-03   2.7620154e-03   3.5046250e-04
   1.1453540e+00   5.3354151e-01   6.3383334e-01   6.5916772e-03   3.1000680e-03  -6.1437597e-04
   1.1363964e+00   5.0460308e-01   6.3002367e-01   5.2271820e-03   3.1049186e-03  -4.9239044e-05
   1.1225741e+00   4.9539793e-01   5.4064246e-01   4.4156782e-03   2.7806075e-03   1.2189406e-03
   1.1331118e+00   5.3569513e-01   5.7989334e-01   5.5482984e-03   3.2530038e-03   1.3450549e-03
   1.1632486e+00   5.0030534e-01   5.6849066e-01   4.6767176e-03   3.0246050e-03   1.5619606e-03
   1.2189874e+00   5.2689775e-01   6.4912010e-01   5.7860385e-03   3.7836568e-03   1.8900588e-03
   1.2714378e+00   5.2887524e-01   6.8185386e-01   6.2208744e-03   4.3529612e-03   1.5476970e-03
   1.2701637e+00   5.0725084e-01   6.8282203e-01   6.4757481e-03   4.2198285e-03   2.0296899e-03
   1.2117901e+00   5.4028752e-01   6.4239467e-01   6.0182463e-03   3.5465427e-03   1.3344853e-03
   1.1544828e+00   5.4848997e-01   5.6599331e-01   5.3451318e-03   3.5583059e-03   5.4324860e-04
   1.1580168e+00   4.9159939e-01   6.3281419e-01   3.9078969e-03   3.5335538e-03   7.0097589e-04
   1.1890814e+00   4.7288318e-01   6.4845993e-01   4.6712526e-03   3.3179911e-03   1.9717829e-03
   1.1699287e+00   5.1829968e-01   6.4948199e-01   5.0093964e-03   2.1302606e-03   1.6363313e-03
   1.2136105e+00   5.3463568e-01   6.5826516e-01   5.7991397e-03   2.8759338e-03   2.0545965e-03
   1.3008032e+00   4.9028317e-01   7.2374487e-01   7.0733237e-03   4.2064328e-03   2.6864794e-03
   1.2882697e+00   4.8538782e-01   6.8545411e-01   7.0362709e-03   4.1965420e-03   2.7496778e-03
   1.2478274e+00   5.6527647e-01   6.6249435e-01   7.3462981e-03   3.4254790e-03   2.0905662e-03
   1.2995655e+00   5.2831830e-01   7.2777744e-01   7.4903447e-03   4.1063338e-03   2.7109706e-03
   1.3033801e+00   5.1523499e-01   7.2960373e-01   6.9940276e-03   4.5281156e-03   2.1070911e-03
   1.2896882e+00   5.2340739e-01   7.1029560e-01   6.7919763e-03   3.7169948e-03   2.8624539e-03
   1.3077657e+00   5.3376121e-01   7.0084878e-01   7.0477569e-03   4.1202857e-03   2.8550954e-03
   1.2954146e+00   5.3216414e-01   7.0391500e-01   6.5720205e-03   3.9473287e-03   2.5323943e-03
   1.3263340e+00   5.1872395e-01   7.5550178e-01   7.1923902e-03   4.2869972e-03   2.4056406e-03
   1.3024244e+00   5.1353803e-01   7.5645128e-01   7.1205513e-03   3.8725995e-03   3.0995673e-03
   1.3002258e+00   5.6256408e-01   7.2517569e-01   6.8034999e-03   3.9404030e-03   2.5241977e-03
   1.2514311e+00   5.4153409e-01   7.2381880e-01   5.8613556e-03   3.1562612e-03   2.1330092e-03
   1.3237466e+00   4.9205654e-01   7.6931572e-01   6.2185095e-03   4.3096615e-03   2.8335100e-03
   1.3052395e+00   5.2436488e-01   7.3119254e-01   6.3259390e-03   3.8390401e-03   3.2764260e-03
   1.3196291e+00   5.4373114e-01   7.6529730e-01   6.4944286e-03   3.9244824e-03   3.5491161e-03
   1.3782370e+00   5.1300126e-01   7.7729030e-01   7.3543671e-03   4.7260017e-03   3.9104018e-03
   1.3401820e+00   5.3704882e-01   7.4131556e-01   7.2414376e-03   4.6719917e-03   3.4888957e-03
   1.3667669e+00   5.1776677e-01   7.5535891e-01   6.8033892e-03   4.4628309e-03   4.1464706e-03
   1.4090761e+00   5.1498200e-01   8.0400115e-01   7.0442850e-03   4.9496204e-03   4.7398269e-03
   1.4061276e+00   5.1943350e-01   7.8294540e-01   6.4255626e-03   4.8027332e-03   4.9075935e-03
   1.3964607e+00   5.6190884e-01   7.9737372e-01   6.8357121e-03   4.9268408e-03   4.1948573e-03
   1.4439984e+00   5.0331706e-01   8.2368583e-01   6.5415530e-03   6.2347877e-03   4.3850516e-03
   1.4411958e+00   4.6754567e-01   8.0955081e-01   6.4392800e-03   6.1239623e-03   5.1295683e-03
   1.4410770e+00   5.4125231e-01   8.2229048e-01   6.2291434e-03   5.5659566e-03   4.5886550e-03
   1.4556465e+00   5.3814602e-01   8.2845934e-01   6.3635225e-03   5.2264003e-03   4.3656002e-03
   1.4902136e+00   5.0579119e-01   8.1825144e-01   6.8079050e-03   5.6548460e-03   4.9195934e-03
   1.4774476e+00   5.3340729e-01   7.8795760e-01   6.5820783e-03   5.5209018e-03   4.8253800e-03
   1.5080836e+00   5.5824258e-01   8.1157474e-01   7.2829500e-03   6.3179162e-03   4.5586022e-03
   1.5195924e+00   5.1619367e-01   8.3945666e-01   7.3692577e-03   6.8793130e-03   5.0912467e-03
   1.5301894e+00   5.3946389e-01   8.5243766e-01   7.5901225e-03   6.4660592e-03   6.1246130e-03
   1.5858719e+00   5.2311134e-01   8.1960586e-01   8.0855412e-03   7.3561606e-03   6.6502876e-03
   1.5489441e+00   5.4504105e-01   7.4283573e-01   8.6560023e-03   7.3520053e-03   5.1371914e-03
   1.5203744e+00   5.6194089e-01   7.8430572e-01   8.9134894e-03   6.9064230e-03   4.6465218e-03
   1.5304169e+00   5.5066394e-01   7.9131615e-01   8.8244262e-03   6.7770960e-03   5.2590791e-03
   1.4860150e+00   5.1646817e-01   7.4304679e-01   6.5348354e-03   7.0828280e-03   4.9781809e-03
   1.3208150e+00   5.1853992e-01   6.7876931e-01   4.3145941e-03   5.8596664e-03   4.2257537e-03
   1.2486441e+00   4.6054898e-01   5.6409712e-01   4.0791218e-03   4.8281959e-03   4.7271287e-03
   1.3408164e+00   4.4251256e-01   6.3654543e-01   4.5368267e-03   5.2999039e-03   5.7415315e-03
   1.4446112e+00   4.3253602e-01   7.0234479e-01   5.5898986e-03   6.4299901e-03   6.7480454e-03
   1.4704575e+00   4.3185319e-01   6.0559165e-01   5.5095145e-03   6.8456344e-03   7.0590100e-03
   1.4562743e+00   4.3769616e-01   6.0894586e-01   6.0734639e-03   6.5931052e-03   6.6645745e-03
   1.4537925e+00   4.4826963e-01   6.3181374e-01   5.1780693e-03   6.3776860e-03   6.4704349e-03
   1.4729556e+00   4.5937629e-01   6.5342053e-01   5.2181032e-03   6.9717695e-03   6.3614335e-03
   1.4781501e+00   4.0766379e-01   6.7955966e-01   5.2365832e-03   7.3548185e-03   7.2434476e-03
   1.5095226e+00   4.2718017e-01   6.9508092e-01   5.1804236e-03   7.4640026e-03   7.6893333e-03
   1.4655817e+00   4.5539171e-01   6.5686970e-01   4.2239474e-03   7.0493690e-03   7.3262132e-03
   1.4019205e+00   4.6070478e-01   5.7083704e-01   4.7975294e-03   6.5315279e-03   5.6997389e-03
   1.4501095e+00   3.9663386e-01   6.5416407e-01   4.7978632e-03   6.9629274e-03   7.1831727e-03
   1.5219783e+00   4.2409000e-01   6.9247646e-01   5.0981797e-03   7.6240720e-03   7.5223185e-03
   1.4939136e+00   4.4138200e-01   6.7882606e-01   4.9023728e-03   7.1828454e-03   7.3869142e-03
   1.4942763e+00   4.0575698e-01   6.5249196e-01   4.6445470e-03   7.5142812e-03   7.2685225e-03
   1.5344520e+00   3.7901187e-01   7.3240610e-01   5.4030083e-03   7.0303603e-03   8.5438201e-03
   1.5302335e+00   4.0567485e-01   7.0263661e-01   4.3732339e-03   7.4058992e-03   7.6485461e-03
   1.4773032e+00   4.2195048e-01   6.6020248e-01   3.3669629e-03   6.1739778e-03   6.7372279e-03
   1.5177768e+00   3.9463094e-01   6.9594979e-01   4.5915480e-03   7.0128729e-03   7.1077665e-03
   1.4629858e+00   3.8425553e-01   6.5867789e-01   3.5693531e-03   6.2196368e-03   6.5746604e-03
   1.4794843e+00   4.0782058e-01   6.6414208e-01   4.2480999e-03   6.2289121e-03   7.2238400e-03
   1.5139541e+00   3.8196723e-01   6.8767273e-01   3.8506537e-03   6.8086085e-03   6.8395792e-03
   1.5158670e+00   3.7122544e-01   7.4085197e-01   4.3572144e-03   6.3991557e-03   7.6805981e-03
   1.5317075e+00   3.9555259e-01   6.9896620e-01   4.9166384e-03   6.3600903e-03   8.3032922e-03
   1.5401588e+00   4.0971398e-01   6.9315384e-01   4.2888810e-03   6.7721427e-03   7.1747953e-03
   1.5824682e+00   3.3012148e-01   7.0763265e-01   4.1605656e-03   7.6886878e-03   7.6639862e-03
   1.5835903e+00   3.2170976e-01   7.3293966e-01   3.6090299e-03   7.3063667e-03   8.6081062e-03
   1.5980971e+00   3.7202412e-01   7.2321842e-01   4.1965908e-03   7.3191288e-03   8.7417835e-03
   1.6118531e+00   3.4836432e-01   7.0593660e-01   4.2170652e-03   7.7937563e-03   7.4913452e-03
   1.4711510e+00   3.7905729e-01   6.4339033e-01   7.2235361e-03   7.8678710e-03   4.9298261e-03
   1.0638548e+00   3.6923458e-01   4.2645152e-01   6.1557458e-03   4.2627358e-03   3.7210675e-03
   1.1129703e+00   3.7305853e-01   6.0012755e-01   4.4931179e-03   3.5491560e-03   4.5020636e-03
   1.2468575e+00   3.0975434e-01   6.1598911e-01   4.6303654e-03   5.3028979e-03   6.5124898e-03
   1.2600025e+00   3.7005169e-01   5.7947963e-01   4.1664994e-03   5.2766687e-03   6.4725455e-03
   1.3779159e+00   3.3122701e-01   6.2518985e-01   4.7481592e-03   6.4539777e-03   7.8289657e-03
   1.3782312e+00   2.8310191e-01   6.2987439e-01   4.5189484e-03   5.7514584e-03   9.3522767e-03
   1.4038821e+00   2.9366384e-01   5.9760425e-01   4.2459740e-03   6.3499593e-03   9.6173249e-03
   1.3908577e+00   3.0962570e-01   5.8567983e-01   4.4475254e-03   6.7711946e-03   7.9611312e-03
   1.4023087e+00   2.5119159e-01   6.2370526e-01   4.8550981e-03   6.6259534e-03   9.3555222e-03
   1.4323248e+00   2.4937679e-01   5.9218034e-01   4.7690574e-03   7.1153428e-03   9.7444008e-03
   1.4623348e+00   2.6694695e-01   5.8237323e-01   5.0552148e-03   7.0580395e-03   1.0217358e-02
   1.4804769e+00   2.1392021e-01   5.8892920e-01   5.0630180e-03   7.4888023e-03   1.0012181e-02
   1.4939541e+00   2.3429089e-01   5.9109396e-01   5.2552133e-03   7.6264425e-03   9.9740449e-03
   1.5081176e+00   2.2900707e-01   5.8242731e-01   5.4023694e-03   7.0827569e-03   1.0885950e-02
   1.5199233e+00   2.6785158e-01   5.5319705e-01   5.3409333e-03   7.7021969e-03   1.0298489e-02
   1.5328782e+00   2.2602446e-01   5.4223185e-01   5.1771103e-03   8.4371986e-03   9.4972066e-03
   1.5301828e+00   2.5639385e-01   5.3558440e-01   5.7342375e-03   8.8875396e-03   9.1895572e-03
   1.4693644e+00   2.6339847e-01   4.9049226e-01   4.6902045e-03   8.3460840e-03   9.5544558e-03
   1.5102992e+00   2.6559963e-01   4.9050610e-01   5.3952192e-03   9.2127421e-03   9.9383768e-03
   1.4886035e+00   2.7115490e-01   4.9145096e-01   5.2066364e-03   8.8178285e-03   9.6335142e-03
   1.5377457e+00   2.5178268e-01   4.7953181e-01   5.6186323e-03   9.4034457e-03   1.0183772e-02
   1.5523406e+00   2.2747082e-01   4.8532083e-01   6.3829472e-03   9.8742008e-03   1.0764602e-02
   1.5344991e+00   2.5902470e-01   4.4885981e-01   5.8970754e-03   9.6846064e-03   1.0888243e-02
   1.4972602e+00   2.7462791e-01   4.4266682e-01   5.7595659e-03   8.7537986e-03   1.0225651e-02
   1.4397518e+00   3.1010276e-01   4.4573249e-01   4.9629551e-03   8.3753786e-03   7.8045237e-03
   1.4338688e+00   2.7064819e-01   4.8889248e-01   5.3382360e-03   8.3486049e-03   7.8308071e-03
   1.4588900e+00   2.6188963e-01   5.0752479e-01   5.6172518e-03   8.2291949e-03   9.0948449e-03
   1.4374946e+00   2.9032148e-01   4.6716370e-01   5.8490486e-03   8.1359357e-03   9.1396270e-03
   1.4469190e+00   3.1032848e-01   4.6997741e-01   6.2202561e-03   8.5824897e-03   8.7900008e-03
   1.4107752e+00   2.8592655e-01   4.8397371e-01   6.2823111e-03   8.3794161e-03   7.5562218e-03
   1.4146336e+00   2.9563720e-01   5.3763031e-01   6.0010392e-03   8.2193413e-03   6.9538163e-03
   1.4423757e+00   2.9728729e-01   4.9201372e-01   5.9867663e-03   8.9818214e-03   7.5426936e-03
   1.3895162e+00   3.2257799e-01   5.2602066e-01   6.1270890e-03   8.1480682e-03   7.4501691e-03
   1.4035823e+00   3.3585540e-01   5.1876205e-01   6.2055686e-03   8.2778303e-03   6.4275233e-03
   1.4130372e+00   3.1726939e-01   5.9049528e-01   6.6682815e-03   8.6877237e-03   5.6424896e-03
   1.3660318e+00   3.3627115e-01   5.3312444e-01   6.3802871e-03   8.2949873e-03   6.4786303e-03
   1.3492316e+00   3.5250703e-01   4.8890158e-01   6.3493353e-03   8.5636125e-03   5.6540430e-03
   1.3149652e+00   3.5762690e-01   5.5415717e-01   6.6336374e-03   7.8772434e-03   4.6882152e-03
   1.3117823e+00   3.5923435e-01   5.6541226e-01   6.7335093e-03   7.6962407e-03   5.1746002e-03
   1.3243758e+00   3.7672152e-01   4.7878883e-01   6.5287045e-03   8.4753142e-03   6.2862901e-03
   1.3791699e+00   3.7426274e-01   5.0433605e-01   7.1664048e-03   9.3007506e-03   6.1030033e-03
   1.3573434e+00   3.5138135e-01   5.6541590e-01   7.6999567e-03   8.5379103e-03   5.6000372e-03
   1.3082213e+00   3.9080401e-01   5.7137564e-01   7.6813265e-03   8.0385880e-03   5.5236286e-03
   1.3238716e+00   4.4932044e-01   5.4674642e-01   7.2076893e-03   8.0744240e-03   5.0561556e-03
   1.3663587e+00   3.6191202e-01   6.1351200e-01   8.2084200e-03   9.0350523e-03   6.6991337e-03
   1.3075411e+00   4.0231388e-01   5.7001735e-01   7.5910132e-03   8.1068633e-03   5.9344156e-03
   1.3262667e+00   4.2062571e-01   5.7570022e-01   7.9887925e-03   8.3088528e-03   6.0547238e-03
   1.3874947e+00   4.0931040e-01   6.3815450e-01   8.2353598e-03   9.0528716e-03   7.2194098e-03
   1.3938007e+00   3.7685268e-01   5.9411035e-01   8.2279099e-03   9.7070602e-03   8.1798975e-03
   1.4055859e+00   4.2949306e-01   5.8768888e-01   8.5200813e-03   9.2815632e-03   8.2351249e-03
   1.4396679e+00   4.2463498e-01   6.2022515e-01   8.6416841e-03   1.0062616e-02   7.6658855e-03
   1.4684492e+00   3.8381756e-01   5.9865514e-01   9.3286455e-03   1.0744244e-02   8.2493747e-03
   1.4337262e+00   4.1528564e-01   5.4694287e-01   8.5615242e-03   1.0162559e-02   8.0999567e-03
   1.4171677e+00   4.3729073e-01   5.3629820e-01   8.4517658e-03   9.8394704e-03   7.6109702e-03
   1.4430205e+00   4.4830944e-01   5.7563646e-01   9.0514034e-03   1.0060625e-02   7.9266559e-03
   1.4571786e+00   3.9867656e-01   5.8823277e-01   9.3609138e-03   1.0497917e-02   7.3752483e-03
   1.3827100e+00   4.1504481e-01   5.3790322e-01   9.2219036e-03   9.3301281e-03   5.9840035e-03
   1.3681427e+00   4.6470148e-01   5.1754782e-01   1.0229789e-02   9.4874461e-03   5.8597538e-03
   1.3045779e+00   4.7794940e-01   3.6640390e-01   1.1296984e-02   9.3279996e-03   6.6177825e-03
   1.3328076e+00   4.1110424e-01   5.5187182e-01   1.1097361e-02   9.8404082e-03   7.0495472e-03
   1.3123305e+00   4.4193102e-01   5.3071728e-01   1.0990435e-02   9.8748391e-03   6.1553233e-03
   1.2412128e+00   4.7311616e-01   5.0107333e-01   1.0252525e-02   9.4242739e-03   5.9366701e-03
