   0.0000000e+00   0.0000000e+00  -1.4210855e-14   0.0000000e+00   0.0000000e+00   0.0000000e+00
   5.8254897e-03  -2.3046782e-01  -5.0402709e-01   2.0377344e-03  -1.8228562e-03   2.3908293e-03
   5.6969094e-02   2.3035068e-01  -1.4437727e-02   4.6514532e-03   5.0329029e-04   4.6459289e-04
   1.1135384e-02  -6.6512694e-02  -2.4195001e-01  -1.2276721e-03   9.2758836e-04  -8.9258595e-04
  -2.8567564e-02   5.1430942e-02  -1.4483280e-01   1.3691695e-04   1.6981422e-03  -1.4067715e-03
   1.9631742e-02   9.9825905e-02   1.4456784e-01  -2.3515459e-03   1.8755138e-03  -1.1654530e-03
  -1.1730708e-02  -1.7713359e-01  -8.2954601e-02  -5.2293524e-03   2.5426284e-03  -1.6407505e-03
   7.5833727e-03   6.9942955e-02   1.5089983e-01  -4.3086375e-03   2.1377834e-03  -1.4332166e-03
   2.1211558e-02  -1.6253426e-01   1.5260260e-01  -7.4669688e-03   2.7892112e-03  -2.2554125e-03
   1.4225221e-03  -1.1907180e-01   1.5457528e-01  -4.9205431e-03   3.1414501e-03  -3.1201354e-03
   3.5842038e-03  -1.6188139e-02   1.7929880e-01  -4.9021621e-03   3.5647934e-03  -2.8841402e-03
  -2.0889604e-02  -2.0603283e-01   2.7747943e-02  -7.7103040e-03   3.6626717e-03  -2.5176067e-03
  -3.3865072e-03  -3.4946485e-03   3.8198167e-01  -4.5048481e-03   3.0574161e-03  -3.4543578e-03
  -1.7576858e-02  -1.8055852e-01   1.8327373e-01  -7.3497344e-03   3.0917035e-03  -3.6064183e-03
   4.1281789e-02  -1.4366056e-01   1.9076006e-01  -5.5885370e-03   3.9778133e-03  -3.6845901e-03
   2.9591663e-02  -9.4051078e-02   3.7002448e-01  -6.9616976e-03   4.1486493e-03  -3.3920519e-03
  -1.6105788e-02  -2.8072526e-01   5.6776410e-02  -6.9836051e-03   4.6339131e-03  -4.0358643e-03
   1.3559921e-02  -7.1666375e-02   2.7153815e-01  -6.6207319e-03   4.6745662e-03  -3.8006332e-03
  -6.5867251e-03  -4.0136675e-01   6.5824711e-02  -1.1527681e-02   4.4272335e-03  -3.9864102e-03
   2.1364112e-02  -1.9989710e-01   3.4752639e-01  -9.0070641e-03   4.8216992e-03  -2.8388047e-03
  -3.1715332e-03  -3.1583183e-01   2.4523205e-01  -1.1599916e-02   6.2034341e-03  -3.9249257e-03
  -4.1321878e-02  -2.8928988e-01   2.1372676e-01  -9.7952148e-03   5.6097731e-03  -3.2939744e-03
  -2.4417989e-02  -2.0041948e-01   3.7987060e-01  -1.0816916e-02   5.8234622e-03  -3.6199099e-03
  -3.8344097e-02  -4.2272017e-01  -1.7560830e-01  -5.4714854e-03   2.6677933e-03  -2.6118152e-03
   8.4785455e-04  -1.5621800e-01   4.5515730e-01  -1.1023653e-02   2.7058406e-03  -2.9278185e-03
   2.1862436e-01  -3.4807600e-01   3.4566360e-01  -7.4728826e-03   4.2395814e-03  -1.8944862e-03
   9.4333021e-02  -2.3193817e-01   6.1096269e-01  -9.0606198e-03   3.3577602e-03  -4.3156231e-03
   1.6627022e-02  -4.5315681e-01   2.4564746e-01  -9.9971041e-03   3.6017771e-03  -4.5384667e-03
  -1.1393872e-02  -2.4930942e-01   7.8822495e-01  -1.0293839e-02   3.0873334e-03  -4.6273837e-03
  -5.5380769e-02  -5.1516182e-01   4.6168932e-01  -1.2321801e-02   3.6793839e-03  -5.4632675e-03
  -6.9694772e-02  -2.8140265e-01   6.9252873e-01  -8.8086959e-03   3.3161845e-03  -5.6946842e-03
  -7.2830357e-02  -3.7151703e-01   6.1299668e-01  -1.1565125e-02   3.3666029e-03  -5.6699865e-03
  -1.0820002e-01  -5.0376802e-01   4.9623275e-01  -1.1582585e-02   2.7583152e-03  -5.6374772e-03
  -6.2431198e-02  -2.4210239e-01   7.7315783e-01  -8.9094576e-03   3.1426685e-03  -5.9187615e-03
  -1.0750299e-01  -4.8393357e-01   5.1151944e-01  -1.2338809e-02   2.6981026e-03  -6.4808381e-03
  -1.0201216e-01  -4.3757151e-01   5.5498728e-01  -1.0635442e-02   3.2494631e-03  -6.4460131e-03
  -1.3465431e-01  -4.1716772e-01   3.0541041e-01  -4.6382159e-03   1.1875467e-04  -4.7283776e-03
  -9.1943728e-02  -1.5718959e-01   4.2193718e-01  -8.2823363e-03   2.2682896e-03  -6.2509233e-03
  -1.0821541e-01  -4.5879555e-01   4.9230673e-01  -1.3076389e-02   2.2099275e-03  -5.9211132e-03
  -3.6519139e-02  -3.1151003e-01   5.9668998e-01  -9.8060066e-03   3.0191121e-03  -6.1251674e-03
  -5.0075945e-02  -3.1618946e-01   8.1903340e-01  -1.0587508e-02   3.2839532e-03  -5.9548762e-03
  -4.4455897e-02  -5.4019998e-01   5.1184085e-01  -1.0120100e-02   3.1345951e-03  -6.7139390e-03
  -6.4739140e-03  -2.6315413e-01   8.4013836e-01  -1.0125092e-02   2.5793684e-03  -6.1759787e-03
   3.2174649e-02  -4.9860871e-01   6.4039034e-01  -1.1159028e-02   3.3641597e-03  -7.3812370e-03
   2.9438893e-02  -4.2016460e-01   6.7413872e-01  -9.8184529e-03   3.6520731e-03  -7.8071702e-03
  -1.4452216e-02  -3.8074868e-01   9.1375676e-01  -1.1787087e-02   3.3700770e-03  -7.3306293e-03
  -2.2380861e-03  -4.9480049e-01   6.8282902e-01  -1.0894338e-02   4.7297309e-03  -7.7495021e-03
  -3.9199183e-02  -4.6844292e-01   9.1591683e-01  -8.5619860e-03   5.0957825e-03  -7.6322700e-03
   8.2604966e-02  -9.7829526e-02   1.1940813e+00  -6.6583454e-03   6.1485200e-03  -6.7839934e-03
  -1.1877650e-01  -5.5101332e-01   4.9190672e-01  -3.4788549e-03   3.6679095e-03  -8.1624011e-03
  -9.1285965e-02  -1.0806331e-01   9.7611065e-01  -4.9337393e-03   4.0084027e-03  -8.0445659e-03
  -8.2513428e-02  -4.0622056e-01   8.0580440e-01  -9.1521805e-03   4.1479977e-03  -8.3368257e-03
  -3.1969263e-02  -3.2427186e-01   9.2603058e-01  -8.0047369e-03   4.6843143e-03  -7.9075925e-03
  -2.0942414e-02  -2.2810003e-01   9.9725591e-01  -7.6678162e-03   4.4706841e-03  -8.5060611e-03
  -5.1175085e-02  -4.1064955e-01   1.0121825e+00  -1.1748476e-02   4.5978447e-03  -8.2988100e-03
   1.5228865e-02  -3.7939592e-01   1.0105819e+00  -8.8162586e-03   5.0205379e-03  -8.7599562e-03
  -2.8210254e-02  -5.0094609e-01   8.1930747e-01  -1.1644219e-02   5.4704657e-03  -9.4426379e-03
  -1.1552237e-02  -3.1279448e-01   9.8943202e-01  -9.1175151e-03   5.6003713e-03  -9.6058755e-03
  -1.1002325e-02  -3.9053797e-01   9.5236379e-01  -1.1346064e-02   6.6194482e-03  -9.3606031e-03
   1.0965118e-02  -3.9592457e-01   8.9468902e-01  -8.5417413e-03   5.7816220e-03  -9.5477120e-03
  -8.2110358e-04  -2.9692612e-01   9.5829925e-01  -8.8216855e-03   5.6199942e-03  -1.0173564e-02
  -2.8067683e-02  -5.3216254e-01   8.4049404e-01  -1.2207417e-02   3.9652175e-03  -8.8981498e-03
   6.7432818e-02  -3.0357777e-01   1.1310113e+00  -8.8120384e-03   5.2025098e-03  -9.9846463e-03
   9.6781402e-02  -3.3081022e-01   1.0950376e+00  -1.0821386e-02   5.8037101e-03  -9.5474331e-03
   7.0713923e-02  -4.5026255e-01   8.8490464e-01  -1.0438781e-02   7.2904726e-03  -1.0653723e-02
   5.3371809e-02  -2.5684238e-01   1.0242128e+00  -9.4704701e-03   5.2004393e-03  -1.0080985e-02
   5.5512315e-02  -5.1439796e-01   6.5625168e-01  -1.1579314e-02   5.5256119e-03  -1.1178713e-02
   4.9438460e-02  -3.1598117e-01   8.7192877e-01  -1.0149436e-02   6.2420391e-03  -1.1064269e-02
   1.8976789e-02  -5.0744962e-01   6.4506431e-01  -1.1185129e-02   6.7582166e-03  -1.0762755e-02
  -4.7268538e-03  -2.6824942e-01   9.1747950e-01  -9.8245323e-03   6.5268333e-03  -1.0290701e-02
   2.0006095e-02  -3.3120512e-01   6.7295288e-01  -9.4838351e-03   6.4046780e-03  -9.7906939e-03
   3.3233706e-02  -4.2015587e-01   3.5672932e-01  -5.8700455e-03   5.2296145e-03  -9.9176842e-03
   4.5065133e-02  -3.1571603e-01   5.8753632e-01  -1.1323679e-02   7.0188773e-03  -1.0148762e-02
   7.0848051e-02  -3.0317270e-01   6.6557251e-01  -9.7453918e-03   7.2125263e-03  -1.0562020e-02
   2.6827363e-02  -4.4871709e-01   6.6123362e-01  -1.4190091e-02   7.3027994e-03  -1.0498816e-02
  -2.8082880e-02  -3.4882293e-01   7.1419328e-01  -1.0804069e-02   6.5837244e-03  -1.0982970e-02
  -4.3076944e-03  -3.0525660e-01   8.5153141e-01  -1.2134580e-02   6.0771519e-03  -1.1071407e-02
  -9.9294821e-04  -5.4983072e-01   4.1788640e-01  -1.2188101e-02   6.5081951e-03  -1.0906104e-02
   1.4512971e-02  -2.6492342e-01   6.7982394e-01  -1.1355689e-02   6.2802105e-03  -1.0701233e-02
   1.1914719e-02  -5.1582949e-01   3.9646622e-01  -1.0827880e-02   6.9741358e-03  -1.1029235e-02
   6.3583034e-02  -2.3817565e-01   7.3785632e-01  -8.3771185e-03   5.9583438e-03  -1.1519889e-02
   5.5916589e-02  -5.4245296e-01   2.3873831e-01  -1.2301573e-02   6.9727779e-03  -1.0987283e-02
   9.6754940e-02  -2.9944688e-01   6.3557045e-01  -1.2331641e-02   7.1008755e-03  -1.1321458e-02
   3.6283306e-03  -5.5599745e-01   2.1239015e-01  -9.4445434e-03   6.2491200e-03  -1.2373402e-02
  -2.9582852e-02  -3.0773442e-01   3.2050374e-01  -7.7548488e-03   3.0496660e-03  -1.2016442e-02
   2.6753077e-03  -1.9978539e-01   7.3161741e-01  -5.9674710e-03   3.9005317e-03  -1.2302849e-02
   1.2922268e-03  -4.5857135e-01   6.9188704e-01  -1.3265961e-02   3.8643477e-03  -1.2810103e-02
   4.3237048e-02  -3.3124157e-01   6.2701152e-01  -8.4865142e-03   3.8817503e-03  -1.2777041e-02
  -4.2380262e-02  -4.2295550e-01   4.5898576e-01  -1.4152784e-02   3.6378640e-03  -1.0781109e-02
   7.1756148e-02  -3.6928318e-01   6.1360351e-01  -1.0396179e-02   4.3334068e-03  -1.2128420e-02
   7.2324040e-02  -5.8844295e-01   3.2220705e-01  -1.2079978e-02   4.5709423e-03  -1.2567912e-02
   6.9541315e-02  -3.6710768e-01   5.9544050e-01  -9.7097258e-03   4.5492579e-03  -1.2732502e-02
   6.1517227e-02  -4.9685057e-01   5.1887820e-01  -1.3981674e-02   5.4460910e-03  -1.2184801e-02
   8.1473431e-02  -4.4704927e-01   4.2298489e-01  -1.0645746e-02   5.5067307e-03  -1.2775187e-02
   6.2525401e-02  -4.5131921e-01   3.1644972e-01  -1.3822765e-02   5.7946425e-03  -1.2329546e-02
   5.0341480e-02  -5.1860418e-01   2.8309106e-01  -1.1201115e-02   6.0601302e-03  -1.3551754e-02
  -2.8308047e-02   1.2819081e-01   1.0741563e+00  -5.1883342e-03   2.0510408e-03  -1.3384558e-02
   1.9067996e-01  -4.4962383e-01   9.5959129e-01  -8.0342641e-03   4.7354362e-03  -1.3761922e-02
   1.3807710e-01  -5.5540796e-01   6.3016191e-01  -6.3776631e-03   5.8197797e-03  -1.4904429e-02
   1.0979743e-01  -3.0498815e-01   8.5908667e-01  -8.8342788e-03   6.2175861e-03  -1.5111309e-02
   4.6559537e-02  -5.1499591e-01   3.8270726e-01  -9.1295380e-03   6.8059439e-03  -1.5182685e-02
   3.6379720e-02  -4.5335383e-01   2.7876457e-01  -1.0377039e-02   6.9808855e-03  -1.4686569e-02
   4.1787465e-02  -4.7386278e-01   3.2037879e-01  -9.9856575e-03   7.6511268e-03  -1.4132711e-02
  -1.9800499e-02  -3.2043107e-01   6.9926552e-01  -9.9448453e-03   5.4113462e-03  -1.4242602e-02
   1.5955461e-02  -5.5675470e-01   3.1304804e-01  -9.8106540e-03   7.2504681e-03  -1.4638926e-02
   9.7030702e-02  -4.0540614e-01   6.4913250e-01  -1.0885562e-02   7.6313540e-03  -1.3832086e-02
   6.8831903e-02  -6.4216465e-01   4.7481409e-01  -1.1647503e-02   7.8965112e-03  -1.4673848e-02
   8.3819907e-02  -3.4974795e-01   8.5043194e-01  -9.9725941e-03   7.8129802e-03  -1.4665673e-02
   5.9595620e-02  -5.8831566e-01   4.7818172e-01  -1.1269860e-02   7.5477412e-03  -1.4643961e-02
   7.9832584e-02  -4.2545207e-01   5.5157247e-01  -8.5262247e-03   7.6769494e-03  -1.4915615e-02
   5.3062884e-02  -3.5877330e-01   8.3056422e-01  -1.0610149e-02   6.9017701e-03  -1.4557952e-02
   5.1126460e-02  -5.5252122e-01   6.5584548e-01  -1.0527674e-02   7.1872045e-03  -1.5434470e-02
   3.3423589e-02  -3.4002431e-01   9.8818703e-01  -1.1677764e-02   7.1168855e-03  -1.5827645e-02
   1.7039621e-02  -6.1661879e-01   7.2673250e-01  -1.4333177e-02   7.5212916e-03  -1.5649106e-02
   6.3591597e-02  -4.4554271e-01   8.5395416e-01  -1.0987055e-02   8.8763793e-03  -1.5992203e-02
   6.8576331e-02  -3.1054573e-01   1.1943078e+00  -1.1241814e-02   8.5106073e-03  -1.5849476e-02
   7.1662022e-02  -6.3240541e-01   8.5665456e-01  -1.2883062e-02   9.5748840e-03  -1.6064331e-02
   8.1710422e-02  -2.8262163e-01   1.1825061e+00  -1.0885980e-02   8.6504700e-03  -1.6040067e-02
   4.8611013e-02  -6.1048527e-01   8.0148713e-01  -1.3831179e-02   9.0222642e-03  -1.6847689e-02
   5.0616525e-02  -3.7957914e-01   9.2172178e-01  -1.2043135e-02   9.4611518e-03  -1.7068547e-02
   3.1692845e-02  -5.3463832e-01   7.3945604e-01  -1.5493153e-02   9.2267446e-03  -1.6315386e-02
   6.2510608e-02  -3.9451814e-01   7.5273503e-01  -1.2561670e-02   7.9687342e-03  -1.7389320e-02
  -3.4312536e-02  -5.2876125e-01   4.2861427e-01  -1.1118343e-02   5.6859411e-03  -1.5626269e-02
   3.6067378e-02  -1.8983629e-01   1.0569545e+00  -1.1842994e-02   6.5181830e-03  -1.6021056e-02
   5.2548160e-02  -5.7062409e-01   7.8972456e-01  -1.4021732e-02   7.6490817e-03  -1.6870566e-02
   5.9546182e-02  -3.5444735e-01   8.9601287e-01  -1.1874338e-02   8.2080782e-03  -1.6983795e-02
   2.7341341e-02  -5.9755774e-01   6.2453292e-01  -1.5191352e-02   8.5006761e-03  -1.6743802e-02
   3.1071589e-02  -3.9078422e-01   8.0938472e-01  -1.3625758e-02   8.1080144e-03  -1.7659180e-02
  -5.1326393e-03  -4.1569976e-01   7.9600718e-01  -1.4687635e-02   7.0610873e-03  -1.7645477e-02
  -1.3273130e-02  -5.9865391e-01   5.1074212e-01  -1.3360628e-02   8.3369413e-03  -1.7362985e-02
   7.5618766e-02  -3.2998036e-01   9.3562311e-01  -1.2777489e-02   8.4439279e-03  -1.6539203e-02
   3.5136477e-03  -6.1046440e-01   4.3543465e-01  -1.2533375e-02   8.0408432e-03  -1.7022551e-02
   4.1207961e-02  -3.2423672e-01   7.7803565e-01  -1.2371337e-02   8.7511681e-03  -1.7250347e-02
  -2.8664435e-02  -6.4255937e-01   2.2046790e-01  -9.2812917e-03   6.8422646e-03  -1.7045077e-02
  -2.2419245e-02  -4.1666388e-01   6.1192589e-01  -1.4610680e-02   6.6644207e-03  -1.6834729e-02
  -4.8803997e-03  -5.1013333e-01   5.3102621e-01  -1.1852717e-02   7.5131261e-03  -1.6621609e-02
   1.5913865e-01  -2.9269732e-01   1.1683340e+00  -9.5495873e-03   6.1866990e-03  -1.5344485e-02
   1.1136815e-01  -5.5871206e-01   7.8362842e-01  -1.0667009e-02   6.6220251e-03  -1.7095901e-02
   5.5588019e-02  -2.7835059e-01   8.4223936e-01  -7.6755539e-03   5.6674231e-03  -1.6396369e-02
   6.7276948e-02  -5.0027339e-01   3.4367040e-01  -1.1730917e-02   4.8337332e-03  -1.5988122e-02
  -1.2338705e-01  -3.8858747e-01   7.4544846e-01  -7.7050029e-03   1.1386258e-03  -1.6815278e-02
  -7.3789736e-02  -4.7802402e-01   6.1717564e-01  -1.0251975e-02   2.8099972e-03  -1.7649483e-02
   8.7399182e-02  -3.1023603e-01   1.0519508e+00  -1.1774213e-02   3.5024838e-03  -1.6692963e-02
   3.5150005e-02  -6.3494403e-01   6.5903824e-01  -1.3480792e-02   3.5165436e-03  -1.8438421e-02
   3.9269592e-02  -4.1783184e-01   8.4211671e-01  -1.1218152e-02   4.2957903e-03  -1.8255949e-02
  -3.5418963e-03  -6.5815504e-01   5.7355575e-01  -1.4859309e-02   4.1188249e-03  -1.7673731e-02
   2.7032387e-02  -4.2554216e-01   7.8398598e-01  -1.2688548e-02   4.3938462e-03  -1.7919414e-02
   1.1193996e-01  -4.6300999e-01   8.4153353e-01  -1.5224800e-02   4.7378016e-03  -1.5635459e-02
   7.1464640e-02  -5.3668186e-01   5.7074592e-01  -1.2450658e-02   5.3347261e-03  -1.8031003e-02
  -1.2304445e-01  -6.3606745e-01   1.0615996e-01  -1.1216361e-02   3.5148769e-03  -1.7411587e-02
  -8.0889081e-02  -4.8074388e-01   5.2087918e-01  -1.5422038e-02   3.6633498e-03  -1.7765702e-02
  -1.9199805e-02  -4.6217186e-01   6.9233956e-01  -1.3807199e-02   4.8623441e-03  -1.8517595e-02
   1.4116666e-02  -4.8494352e-01   7.8376233e-01  -1.5436513e-02   5.4620479e-03  -1.8081215e-02
   7.1201467e-03  -6.9324587e-01   6.1088894e-01  -1.7141181e-02   5.2875058e-03  -1.7607276e-02
   3.2422084e-02  -3.2685779e-01   1.0847929e+00  -1.1786402e-02   5.7675729e-03  -1.8789891e-02
  -5.2493413e-02  -5.4348417e-01   6.5193171e-01  -1.2926278e-02   3.8722736e-03  -1.7783093e-02
  -4.3994263e-02  -5.1890905e-01   6.1812996e-01  -9.7754707e-03   4.0336277e-03  -1.8127773e-02
  -1.3622792e-01  -4.0480091e-01   6.2434342e-01  -1.5267116e-02   1.8371327e-03  -1.7194693e-02
  -1.0314964e-01  -4.6129476e-01   6.1166846e-01  -1.2128852e-02   3.3193351e-03  -1.7514203e-02
   7.4297460e-02  -3.0918690e-01   1.0403312e+00  -1.2285316e-02   5.0602849e-03  -1.7938776e-02
   2.4900433e-02  -6.4125300e-01   6.1878317e-01  -1.3189793e-02   5.6392384e-03  -1.8457135e-02
   2.1550696e-02  -3.4821935e-01   8.5878828e-01  -1.3003593e-02   5.7653694e-03  -1.8006543e-02
   3.6525026e-02  -5.6191009e-01   6.6444264e-01  -1.5897795e-02   2.7706533e-03  -1.5576635e-02
   4.8287951e-02  -4.7459558e-01   6.4031295e-01  -1.2665199e-02   3.0911610e-03  -1.7288669e-02
  -1.2420490e-02  -4.5618088e-01   6.8978607e-01  -1.5568480e-02   3.7223156e-03  -1.8023149e-02
  -3.2740304e-02  -6.1449140e-01   4.6057271e-01  -1.4598360e-02   4.1026266e-03  -1.7749611e-02
  -6.6466070e-02  -2.7016334e-01   1.0066594e+00  -1.2442377e-02   1.8434342e-03  -1.7140251e-02
  -4.8064787e-03  -6.5872837e-01   4.4017024e-01  -1.3525710e-02   3.5180835e-03  -1.7659025e-02
   2.3991940e-02  -4.0383313e-01   7.7796686e-01  -1.3005774e-02   3.6970198e-03  -1.7351532e-02
  -2.2016122e-02  -6.3414341e-01   4.6094504e-01  -1.6502009e-02   4.0879065e-03  -1.7455208e-02
  -1.6041881e-02  -5.1739569e-01   5.4325626e-01  -1.4404211e-02   4.4805219e-03  -1.7960770e-02
  -4.5980082e-02  -5.1494483e-01   5.8527220e-01  -1.6619184e-02   4.0336278e-03  -1.7341228e-02
  -4.8937677e-02  -6.1083232e-01   4.4482820e-01  -1.5602656e-02   4.6817014e-03  -1.7940166e-02
  -1.9481560e-02  -4.0777418e-01   7.4195096e-01  -1.6830323e-02   4.0479072e-03  -1.6793413e-02
  -2.7368821e-03  -6.8087329e-01   5.4750212e-01  -1.8669607e-02   3.9863777e-03  -1.7073850e-02
  -8.1614009e-03  -5.3805224e-01   5.9029101e-01  -1.4652810e-02   3.7727129e-03  -1.7115882e-02
  -3.9562365e-02  -5.2852868e-01   6.7740845e-01  -1.7443882e-02   3.1314608e-03  -1.6720210e-02
  -8.4427088e-02  -6.5276399e-01   3.6340285e-01  -1.5950294e-02   3.1766983e-03  -1.7101512e-02
   9.9273322e-03  -4.5491235e-01   7.7930165e-01  -1.5595559e-02   3.2824289e-03  -1.7040109e-02
  -6.4569274e-02  -6.8305951e-01   2.3365861e-01  -1.5387151e-02   3.4438644e-03  -1.7594605e-02
  -2.0354624e-02  -4.4873456e-01   6.9078245e-01  -1.6529424e-02   4.3777759e-03  -1.7126807e-02
  -9.8608673e-02  -5.8652863e-01   4.9908539e-01  -1.4954811e-02   3.9837351e-03  -1.7674168e-02
  -9.0113301e-02  -4.3412080e-01   6.2559314e-01  -1.5173338e-02   4.4162642e-03  -1.7912200e-02
  -9.6594736e-02  -6.1397852e-01   5.1606396e-01  -1.7168463e-02   2.8687848e-03  -1.7257353e-02
  -1.0549646e-01  -4.6505421e-01   6.2939022e-01  -1.4108611e-02   3.4405330e-03  -1.8728991e-02
  -1.4254608e-01  -4.3358776e-01   7.9061775e-01  -1.5904356e-02   3.0030816e-03  -1.8830011e-02
  -2.2696862e-01  -6.3657412e-01   2.4462920e-01  -8.8067620e-03   8.5844570e-04  -2.0488060e-02
  -1.8704973e-01  -3.5774924e-01   7.6838983e-01  -1.5605974e-02   1.6900699e-03  -1.9178316e-02
  -1.2268331e-01  -5.5110337e-01   7.2732424e-01  -1.3804968e-02   2.8875521e-03  -2.0118112e-02
  -8.6968817e-02  -4.6348329e-01   8.7788293e-01  -1.6502079e-02   3.6510439e-03  -1.8800852e-02
  -1.3036195e-01  -6.3719793e-01   5.8215481e-01  -1.5246601e-02   4.0194749e-03  -1.9827407e-02
  -8.1253226e-02  -3.9849449e-01   8.5272096e-01  -1.5683954e-02   3.5993172e-03  -1.9607381e-02
  -1.5322109e-01  -7.1184337e-01   4.3484402e-01  -1.7148473e-02   3.8087675e-03  -1.9605790e-02
  -1.3485469e-01  -5.0334992e-01   6.5112104e-01  -1.4887595e-02   4.0532854e-03  -1.9428583e-02
  -8.7800939e-02  -4.9428674e-01   8.7535362e-01  -1.7321414e-02   4.3522049e-03  -1.9824673e-02
  -1.5815298e-01  -6.6969188e-01   4.5394884e-01  -1.5928587e-02   4.6817723e-03  -2.0242700e-02
  -1.3979422e-01  -4.0459130e-01   8.2317910e-01  -1.5520662e-02   4.4502884e-03  -1.9721578e-02
  -1.5757534e-01  -6.9299875e-01   6.5279655e-01  -1.9797993e-02   4.5089130e-03  -1.9736423e-02
   7.3187358e-02  -4.3259137e-01   8.7383673e-01  -1.4438195e-02   6.4264029e-03  -2.0563564e-02
  -1.1691514e-02  -5.7525995e-01   7.6999555e-01  -1.7535397e-02   5.9651380e-03  -2.0231833e-02
  -1.0232111e-02  -5.7244454e-01   6.7663096e-01  -1.6292847e-02   6.6411908e-03  -2.1271610e-02
  -1.3204176e-01  -4.1455300e-01   8.7902266e-01  -1.6974043e-02   3.7641582e-03  -1.9116878e-02
   3.6088345e-02  -5.5458029e-01   5.8367058e-01  -1.4391359e-02   5.4755709e-03  -2.0507912e-02
   7.4066475e-02  -4.5452404e-01   8.6404864e-01  -1.6554761e-02   5.8835230e-03  -1.9996609e-02
   1.9148802e-02  -6.7502787e-01   5.8159550e-01  -1.7025010e-02   6.0278060e-03  -2.0144304e-02
   5.0948099e-02  -4.0915094e-01   9.7695282e-01  -1.4937020e-02   6.1525430e-03  -2.0332267e-02
   3.6219700e-02  -5.8769134e-01   6.1715286e-01  -1.5196021e-02   5.0358923e-03  -1.9384268e-02
   1.6031331e-01  -4.3522125e-01   7.5335472e-01  -1.5161844e-02   6.0916754e-03  -1.9678106e-02
   8.6600391e-02  -5.9799775e-01   6.4750500e-01  -1.8410967e-02   6.1209046e-03  -2.0137723e-02
   5.9349102e-02  -5.6017447e-01   6.2067106e-01  -1.6094737e-02   6.7141364e-03  -2.1017094e-02
  -4.9196865e-02  -3.8640266e-01   9.8773147e-01  -1.6477797e-02   4.3445737e-03  -1.8331453e-02
   1.6457607e-01  -6.9790951e-01   5.4404174e-01  -1.8781528e-02   6.5340474e-03  -1.9701801e-02
   6.9113731e-02  -4.8408460e-01   6.6235563e-01  -1.6536588e-02   6.4442574e-03  -1.9943244e-02
   5.3232068e-02  -5.6490481e-01   7.7989218e-01  -2.1143275e-02   6.9783360e-03  -1.8991000e-02
  -1.1062058e-04  -6.5259359e-01   5.9081922e-01  -1.9195630e-02   6.1591131e-03  -1.9545741e-02
   6.4275170e-02  -4.9641540e-01   9.6908155e-01  -2.0221531e-02   6.2017778e-03  -1.7798694e-02
  -4.8392449e-01  -6.7208566e-01   2.8481132e-01  -1.9164643e-02  -9.7603139e-03  -1.8186428e-02
  -2.1998810e-01  -3.6847279e-01   9.2354469e-01  -2.1281806e-02  -3.1608325e-03  -1.7740535e-02
   2.4511332e-02  -6.9836518e-01   5.4100154e-01  -1.9900979e-02   1.3108673e-03  -1.9757373e-02
   1.1730272e-01  -5.6450154e-01   1.0158603e+00  -2.2134569e-02   2.0389239e-03  -1.7887989e-02
   1.0050139e-01  -7.6860976e-01   5.4450582e-01  -1.9493312e-02   2.5645400e-03  -1.9372990e-02
   1.3379861e-01  -3.6901696e-01   1.0467063e+00  -1.6104311e-02   3.6846788e-03  -1.9503118e-02
  -2.1210507e-03  -6.7606071e-01   4.7362130e-01  -1.9021188e-02   3.5299158e-03  -1.9834143e-02
   7.4222480e-02  -5.0757672e-01   1.0968556e+00  -2.0919589e-02   3.6623001e-03  -1.8393566e-02
  -7.9535719e-02  -6.7303826e-01   6.6105779e-01  -1.6884160e-02   2.9635235e-03  -2.1276947e-02
  -5.7539839e-02  -4.9539941e-01   7.6954567e-01  -1.7767777e-02   2.8687101e-03  -2.1115123e-02
  -8.0655127e-02  -7.2577495e-01   6.8514834e-01  -2.0933916e-02   2.8356257e-03  -2.0252939e-02
   9.0452653e-02  -4.7895597e-01   8.4063813e-01  -1.6388338e-02   3.3052845e-03  -2.0932262e-02
  -1.3184418e-01  -7.1970201e-01   2.6015479e-01  -1.6718250e-02   2.2867898e-03  -2.1237135e-02
  -6.8777157e-02  -4.5271438e-01   6.2945567e-01  -1.9730875e-02   3.3457593e-03  -2.0280633e-02
  -6.0354103e-02  -6.3126792e-01   6.6274373e-01  -1.9264789e-02   3.6760940e-03  -2.0456806e-02
  -2.0108932e-02  -3.9814310e-01   9.3009705e-01  -1.8090459e-02   3.9431056e-03  -2.1504169e-02
  -6.4752946e-02  -7.9488611e-01   6.5725855e-01  -2.2568568e-02   4.1940179e-03  -2.1082096e-02
  -6.8608039e-03  -5.0721473e-01   8.7109979e-01  -1.9823338e-02   5.5797795e-03  -2.1183846e-02
  -4.1726061e-02  -5.3687900e-01   9.4614031e-01  -2.3505747e-02   4.1114414e-03  -1.9278708e-02
  -1.5515877e-02  -7.6711662e-01   6.7813401e-01  -2.2713397e-02   4.8214167e-03  -2.0248627e-02
   5.4001405e-02  -4.1555715e-01   1.0727377e+00  -2.0370256e-02   4.9405298e-03  -1.9800736e-02
   3.6019456e-02  -7.3732578e-01   6.3813626e-01  -2.1964978e-02   5.5261970e-03  -2.0898749e-02
   7.0772012e-02  -4.8619922e-01   9.2293923e-01  -2.0339099e-02   6.5516854e-03  -2.0913256e-02
  -2.5034134e-02  -6.4075547e-01   8.3893098e-01  -2.3241796e-02   4.4313440e-03  -1.9908166e-02
   1.1001850e-01  -5.6711420e-01   8.9628557e-01  -1.9024702e-02   5.5510696e-03  -1.9991483e-02
   3.8323535e-02  -4.4094607e-01   6.7631479e-01  -1.5630431e-02   2.5909472e-03  -1.9216885e-02
   3.4858074e-02  -6.0426387e-01   5.9279807e-01  -1.7616155e-02   4.4701406e-03  -1.9980079e-02
   7.5334073e-02  -5.4369680e-01   1.0836807e+00  -2.1798770e-02   5.4292720e-03  -1.9779910e-02
  -1.7596142e-02  -7.0170341e-01   7.3647030e-01  -2.1345508e-02   5.3885925e-03  -2.0331028e-02
   4.9342924e-02  -5.1233681e-01   1.1217733e+00  -2.1521623e-02   6.1607768e-03  -1.9618444e-02
   2.3122504e-02  -7.0229264e-01   9.1691336e-01  -2.2801329e-02   5.5435572e-03  -1.9889480e-02
   1.1206009e-01  -4.8153373e-01   1.0054255e+00  -1.9120720e-02   5.3642949e-03  -2.0087519e-02
   4.6162572e-02  -7.3139456e-01   7.4101822e-01  -2.1734364e-02   5.1382903e-03  -2.0286438e-02
   9.0816641e-02  -5.0402593e-01   1.0854935e+00  -2.1252047e-02   5.2550469e-03  -2.0477558e-02
   2.5117403e-02  -7.2673589e-01   8.7799844e-01  -2.2508483e-02   4.9227265e-03  -1.9750636e-02
   9.1943522e-02  -4.7356051e-01   1.0773075e+00  -1.9431538e-02   5.9319910e-03  -2.0904750e-02
   8.9201631e-02  -7.0907474e-01   9.5818255e-01  -2.3775509e-02   6.1034346e-03  -2.1176316e-02
   1.0711786e-01  -6.2297258e-01   9.2121514e-01  -2.1456629e-02   6.2985150e-03  -2.1603824e-02
   1.4058407e-01  -5.2137091e-01   1.0632541e+00  -2.0807292e-02   4.3719117e-03  -2.0557241e-02
   1.1584127e-01  -7.4918163e-01   7.6242732e-01  -2.1628106e-02   4.9815946e-03  -2.1866203e-02
   7.6453094e-02  -4.6781563e-01   1.1181254e+00  -2.0242692e-02   4.8123815e-03  -2.1039723e-02
   4.8124571e-02  -6.7654869e-01   7.9987793e-01  -2.3031219e-02   4.4125398e-03  -2.1940332e-02
   6.7669137e-02  -5.3815156e-01   8.4652933e-01  -2.0101828e-02   5.2604627e-03  -2.2339783e-02
   9.9691136e-02  -5.3750730e-01   1.0688494e+00  -2.2658449e-02   6.3666114e-03  -2.1956799e-02
   4.3001643e-02  -7.1804079e-01   8.5590624e-01  -2.1544964e-02   6.1794676e-03  -2.2206774e-02
   1.0136417e-01  -4.9611667e-01   1.0102998e+00  -2.0318082e-02   6.5022004e-03  -2.2030361e-02
   2.6333315e-02  -6.6268174e-01   8.2914811e-01  -2.1544988e-02   4.5540056e-03  -2.1798976e-02
   1.3340022e-01  -5.2924292e-01   8.3144457e-01  -1.8299956e-02   5.8306552e-03  -2.2535825e-02
  -1.9788673e-02  -5.6685930e-01   7.2602531e-01  -2.1612287e-02   4.0420977e-03  -2.3793455e-02
  -5.7398285e-02  -5.8065992e-01   6.4138333e-01  -1.9687319e-02   5.1475872e-03  -2.3727552e-02
  -1.3397677e-02  -5.2833601e-01   8.1755074e-01  -2.1383472e-02   5.2866892e-03  -2.1898062e-02
   1.6765720e-02  -6.1491913e-01   6.2597308e-01  -1.9282531e-02   5.8531441e-03  -2.3161761e-02
   5.2658088e-02  -4.1866911e-01   1.0320363e+00  -1.8842169e-02   4.8318840e-03  -2.2915650e-02
   2.3296574e-02  -6.9144665e-01   6.8915028e-01  -1.8787160e-02   5.7470935e-03  -2.4247590e-02
   4.8220658e-02  -4.0000270e-01   9.7492706e-01  -1.9916412e-02   5.2023383e-03  -2.3566847e-02
  -4.6119404e-02  -6.7593166e-01   6.1002775e-01  -1.9609506e-02   4.9332564e-03  -2.3293409e-02
   6.1872327e-02  -3.9628159e-01   9.0307199e-01  -1.7273780e-02   4.8424183e-03  -2.3015235e-02
   2.3542467e-02  -7.3411246e-01   5.9753896e-01  -1.9628934e-02   5.7287494e-03  -2.4335246e-02
  -2.4267601e-02  -5.1611298e-01   8.7146304e-01  -2.0724324e-02   5.1632002e-03  -2.3493471e-02
  -3.4195323e-02  -6.3649162e-01   6.4012924e-01  -2.0563040e-02   6.3333706e-03  -2.3591672e-02
   4.1966204e-03  -3.0440005e-01   1.0646638e+00  -1.6926993e-02   5.8988123e-03  -2.4265988e-02
  -7.9666909e-02  -6.5249786e-01   4.7538308e-01  -1.7474880e-02   1.9525094e-03  -2.3164796e-02
  -1.2069467e-01  -5.3070788e-01   6.8707625e-01  -2.1171801e-02   2.6961574e-03  -2.3616699e-02
  -8.9772430e-02  -4.8228482e-01   8.6343268e-01  -2.0771268e-02   3.9316990e-03  -2.3385996e-02
  -1.2157485e-01  -5.8753196e-01   8.8852762e-01  -2.1203328e-02   4.1331025e-03  -2.2826745e-02
  -6.2101540e-02  -5.3408310e-01   7.2938631e-01  -1.5808940e-02   5.6955875e-03  -2.3138501e-02
  -1.2707098e-02  -3.4180614e-01   8.6211854e-01  -1.5349280e-02   6.0310468e-03  -2.2079186e-02
  -7.5411880e-02  -5.5028637e-01   6.8787523e-01  -1.8264140e-02   5.1898885e-03  -2.1287666e-02
  -1.5964154e-02  -4.3523669e-01   9.1267843e-01  -1.7255472e-02   6.7594898e-03  -2.2314987e-02
  -3.6745680e-02  -4.8772123e-01   9.2007055e-01  -2.0918324e-02   5.5126517e-03  -2.2160150e-02
   8.4030228e-03  -6.4729245e-01   5.8922919e-01  -1.8299066e-02   6.6862638e-03  -2.2469878e-02
  -8.2278236e-02  -3.6929044e-01   9.4088053e-01  -1.8264446e-02   6.4631461e-03  -2.3951946e-02
  -1.7936185e-01  -6.4596423e-01   5.7281262e-01  -2.0200989e-02   6.5469791e-03  -2.4199710e-02
  -1.2824254e-01  -4.0582096e-01   8.6987640e-01  -1.7535369e-02   6.7055267e-03  -2.4407056e-02
  -1.7655356e-01  -4.5283174e-01   9.6705066e-01  -1.9558309e-02   5.3284779e-03  -2.4632276e-02
  -1.8446106e-01  -5.5525072e-01   9.0005348e-01  -1.8988812e-02   5.7676670e-03  -2.4516920e-02
  -1.3789424e-01  -4.9801259e-01   9.8095918e-01  -2.1475353e-02   6.2792921e-03  -2.3557302e-02
  -1.3424465e-01  -5.6638468e-01   7.8763731e-01  -1.8570638e-02   6.1555622e-03  -2.2919640e-02
  -8.6370024e-02  -1.9050414e-01   9.7774817e-01  -1.5744503e-02   4.4044756e-03  -2.0277503e-02
  -8.0153135e-02  -5.1578359e-01   1.7662361e-01  -1.4781205e-02   4.0982046e-03  -1.9641892e-02
  -3.0164839e-02  -3.5746641e-01   6.8772219e-01  -1.7541177e-02   5.4832933e-03  -2.1206394e-02
  -7.5786720e-02  -6.7518434e-01   5.0240653e-01  -2.1034109e-02   6.0995053e-03  -2.1811665e-02
  -3.3172789e-02  -4.0589242e-01   8.5535501e-01  -1.8479444e-02   6.0763284e-03  -2.3053105e-02
  -3.6549967e-02  -6.9410648e-01   4.3613076e-01  -2.0197151e-02   6.1970335e-03  -2.2212360e-02
   4.5183940e-02  -4.2232612e-01   7.0309238e-01  -1.7215806e-02   6.9415365e-03  -2.2513061e-02
   1.5524668e-02  -5.3515761e-01   7.3239888e-01  -1.9844723e-02   6.6398399e-03  -2.1423527e-02
   6.2007009e-02  -5.4641421e-01   6.1664439e-01  -1.6820014e-02   6.9875180e-03  -2.2514252e-02
   2.1782795e-02  -3.8768160e-01   7.1338139e-01  -1.5334261e-02   6.2287025e-03  -2.1607019e-02
  -6.5848856e-02  -6.2265465e-01   2.1107495e-01  -1.5967352e-02   5.3029764e-03  -2.2354016e-02
  -1.0445217e-01  -3.5168208e-01   3.3156746e-01  -2.1447350e-02   1.7093381e-03  -1.7730742e-02
   4.6437359e-02  -5.5070788e-01   1.5347053e-01  -1.5948439e-02   4.0639632e-03  -2.0585780e-02
   8.0910135e-02  -4.5553904e-01   5.8300923e-01  -2.0405551e-02   4.8352853e-03  -2.0710636e-02
   1.5732781e-01  -6.0569854e-01   4.4182151e-01  -1.7208496e-02   5.7976851e-03  -2.2178068e-02
   1.9145126e-01  -4.7037317e-01   8.1629170e-01  -1.8712316e-02   5.7176715e-03  -2.1131905e-02
   2.1886977e-01  -6.8273694e-01   5.1034802e-01  -1.7147924e-02   6.3533113e-03  -2.1847314e-02
   1.9431585e-01  -4.6691956e-01   6.8254831e-01  -1.6129523e-02   6.2733020e-03  -2.1872960e-02
   1.7151198e-01  -6.3581373e-01   6.0064295e-01  -2.0204586e-02   5.9883966e-03  -2.1262279e-02
   2.1108122e-01  -6.1118153e-01   5.7459040e-01  -1.6973384e-02   6.8965573e-03  -2.1933797e-02
   2.1917241e-01  -5.1245523e-01   7.3743688e-01  -1.8679109e-02   6.9837232e-03  -2.1491025e-02
   1.2640830e-01  -5.3422342e-01   4.6933496e-01  -1.5768111e-02   5.2388268e-03  -2.2416997e-02
   1.7887007e-01  -5.7561030e-01   3.4495154e-01  -1.5116460e-02   6.8700157e-03  -2.2900536e-02
   2.0476007e-01  -4.0758236e-01   6.9746129e-01  -1.6612746e-02   5.5231054e-03  -2.0712242e-02
   2.4477794e-01  -6.9073420e-01   3.2146132e-01  -1.7078493e-02   7.3012885e-03  -2.2591318e-02
   2.0399666e-01  -3.7094455e-01   6.4304927e-01  -1.3819603e-02   5.4656500e-03  -2.1926962e-02
   1.6833187e-01  -6.2354260e-01   3.0975134e-01  -1.7182161e-02   6.0739680e-03  -2.2392119e-02
   2.4919235e-01  -4.8250252e-01   4.4813336e-01  -1.5848414e-02   7.2242383e-03  -2.2713161e-02
   2.5380737e-01  -5.0665543e-01   4.7127236e-01  -1.4421378e-02   7.2476613e-03  -2.3022147e-02
   2.1648677e-01  -5.8038717e-01   5.4962587e-01  -1.9429711e-02   6.3025393e-03  -2.2275850e-02
   2.2616038e-01  -5.3892321e-01   4.8590319e-01  -1.4198203e-02   6.5118675e-03  -2.3218575e-02
   2.1095332e-01  -5.1842618e-01   6.0207681e-01  -1.7238151e-02   6.2812290e-03  -2.2655877e-02
   1.5050115e-01  -6.6672968e-01   3.3360429e-01  -1.6199234e-02   6.2734183e-03  -2.3572764e-02
   1.8874114e-01  -4.3702413e-01   5.3991994e-01  -1.5533617e-02   6.2774273e-03  -2.2946374e-02
   1.5644380e-01  -5.7128761e-01   4.1294030e-01  -1.6640429e-02   5.8876119e-03  -2.2705205e-02
   1.7255892e-01  -5.4648425e-01   3.7210577e-01  -1.3455026e-02   6.8593007e-03  -2.3328071e-02
   2.8179465e-01  -3.7926784e-01   9.7577150e-01  -1.3119320e-02   7.3694503e-03  -2.2880189e-02
   1.6323482e-01  -6.2300269e-01   4.4687116e-01  -1.3187871e-02   6.4659173e-03  -2.5434404e-02
   4.7546924e-02  -4.2190753e-01   3.8388996e-01  -1.1505303e-02   4.0239278e-03  -2.4502482e-02
   9.4812578e-02  -5.5849249e-01   4.4176982e-01  -1.5563557e-02   5.4943748e-03  -2.3765898e-02
   1.6913068e-01  -3.6441726e-01   7.4283330e-01  -1.1349659e-02   6.3813853e-03  -2.4791295e-02
   1.2435147e-01  -3.7598397e-01   7.6210788e-01  -1.2160251e-02   5.8777453e-03  -2.5251396e-02
   1.4195419e-01  -5.1543019e-01   5.7525527e-01  -1.1052660e-02   6.9073100e-03  -2.5589355e-02
   1.4478269e-01  -3.5800087e-01   8.5314641e-01  -1.3166951e-02   6.3859876e-03  -2.4954510e-02
   4.1391835e-02  -6.1452197e-01   3.7034925e-02  -8.8971160e-03   5.7573047e-03  -2.6181329e-02
   1.2744819e-01  -3.5762360e-01   4.3336907e-01  -1.0819528e-02   5.7891269e-03  -2.5421583e-02
   1.7941966e-01  -6.1409216e-01   2.4278630e-01  -1.1010575e-02   6.5264003e-03  -2.4825058e-02
   2.0270771e-01  -3.7587055e-01   5.9662918e-01  -1.3011833e-02   9.0295876e-03  -2.2764405e-02
   1.6726026e-01  -2.9970895e-01   5.4417056e-01  -7.9306489e-03   7.5493730e-03  -2.0672224e-02
   1.8098894e-01  -1.3164031e-01   4.4187295e-01  -5.8257046e-03   7.8872824e-03  -2.2113259e-02
   1.4895005e-01  -2.3755398e-01   8.5654023e-01  -1.2227989e-02   7.9323090e-03  -2.2485272e-02
   1.5002225e-01  -4.7305709e-01   6.6734895e-01  -1.3013971e-02   8.3912002e-03  -2.3114841e-02
   1.7581237e-01  -4.4037665e-02   9.6990513e-01  -8.9323453e-03   7.3097634e-03  -2.2376021e-02
   1.3873649e-01  -4.8079314e-01   5.2050003e-02  -7.3349996e-03   7.0855597e-03  -2.1128980e-02
   1.8710757e-01  -9.0053787e-02   4.0984738e-01  -1.0274210e-02   6.9733948e-03  -2.0213583e-02
   1.8211805e-01  -4.6506490e-01   1.7160153e-01  -1.2233967e-02   9.1459143e-03  -2.2497214e-02
   1.5818701e-01  -3.8117641e-01   4.6645834e-01  -1.5974737e-02   8.9856804e-03  -2.1929095e-02
   1.4902821e-01  -3.5466113e-01   5.5451500e-01  -1.3203435e-02   9.4625348e-03  -2.2763712e-02
   1.3701343e-01  -3.2223770e-01   7.2339805e-01  -1.4873134e-02   7.3010254e-03  -2.1377942e-02
   1.4430514e-01  -4.7740551e-01   4.9766539e-01  -1.3545701e-02   8.5035588e-03  -2.3721529e-02
   8.0483545e-02  -5.0706604e-01   4.7772035e-01  -1.6171495e-02   7.6984780e-03  -2.2767661e-02
   1.6324112e-01  -3.8405429e-01   5.9141451e-01  -1.4710400e-02   9.5772430e-03  -2.3778113e-02
   7.0860401e-02  -4.8301150e-01   4.9167406e-01  -1.6883389e-02   8.4622252e-03  -2.3924190e-02
   1.3381106e-01  -3.6338173e-01   6.0786423e-01  -1.4420943e-02   9.1774923e-03  -2.4348573e-02
   5.1897190e-02  -5.1991401e-01   2.6793693e-01  -1.5455582e-02   9.5930082e-03  -2.4161919e-02
   1.2274835e-01  -3.0075098e-01   6.8229076e-01  -1.4939341e-02   8.4665696e-03  -2.3165257e-02
   1.7902389e-02  -5.7713093e-01   1.2001885e-01  -1.2933410e-02   7.8587589e-03  -2.4758333e-02
  -9.0380663e-02  -2.0456341e-01  -2.8810956e-01  -1.5316721e-02   4.1921101e-03  -2.0918638e-02
  -6.6686790e-02  -3.1950053e-01  -1.4724093e-01  -1.2770995e-02   6.1391112e-03  -2.2473366e-02
  -2.4057795e-02  -4.3642039e-01  -5.0204140e-02  -1.5816315e-02   7.8597630e-03  -2.2820170e-02
   5.1085785e-02  -1.5781251e-01   4.0136928e-01  -1.2538473e-02   7.9398942e-03  -2.4695747e-02
   4.0410448e-02  -4.9085652e-01   2.9864476e-01  -1.5911847e-02   7.9167340e-03  -2.4414023e-02
   5.6829677e-02  -3.0170887e-01   4.8593775e-01  -1.3375260e-02   8.0735255e-03  -2.4381680e-02
   4.8747660e-02  -5.6517668e-01   2.0971345e-01  -1.5123329e-02   7.9525447e-03  -2.3695071e-02
   1.0353889e-01  -2.1176707e-01   5.2668414e-01  -1.2227239e-02   8.1702211e-03  -2.3235515e-02
   1.0691628e-01  -3.4364965e-01   2.7794897e-01  -1.4812416e-02   8.1383160e-03  -2.3853782e-02
   7.2568009e-02  -4.8734693e-01   8.3642716e-02  -1.1493636e-02   7.1536595e-03  -2.3820380e-02
   2.1055941e-02  -3.0071421e-01  -2.7370473e-01  -1.3911712e-02   5.5479462e-03  -2.1427918e-02
   2.9743964e-02  -2.4876924e-01   5.1919187e-02  -1.1861405e-02   6.3507651e-03  -2.2745973e-02
   2.1784147e-02  -4.6486764e-01  -2.0732224e-01  -1.3526163e-02   8.0817329e-03  -2.3203455e-02
   1.0407126e-01  -3.2697970e-01   9.7100490e-02  -1.5125242e-02   7.9314751e-03  -2.2818307e-02
  -4.2710733e-02  -3.4214709e-01  -2.9150884e-01  -1.0904309e-02   6.5041895e-03  -2.4826941e-02
  -1.7812935e-01  -2.9873286e-01  -8.5040186e-01  -1.4109525e-02   1.8247647e-03  -1.7319130e-02
  -1.5037216e-01  -3.2574599e-01  -3.0545870e-01  -1.3928659e-02   1.1074164e-03  -1.0686795e-02
  -1.2359456e-02  -5.0376482e-01  -1.0139996e+00  -1.7604320e-02   6.6990840e-04  -9.9787133e-03
   5.8783662e-02  -1.3521676e-02  -5.6677506e-01  -9.9652030e-03   2.0899300e-03  -1.3271165e-02
  -1.7256972e-02  -2.4630826e-01  -7.4562717e-01  -1.4521822e-02   3.2304631e-03  -1.6135135e-02
