   0.0000000e+00  -1.4210855e-14   0.0000000e+00   6.1629758e-33  -2.1382118e-50  -3.4694470e-18
   9.2086263e-03   7.9788887e-02  -5.8369145e-02   6.4396695e-04   1.9977837e-04   1.2341925e-04
   8.1473076e-03   7.7066597e-02   5.1719474e-02   4.1744070e-04   1.3071124e-04  -9.0168086e-05
  -1.8910347e-03   5.8573121e-02  -5.7796019e-02   5.3135301e-04   2.6446357e-04  -1.9777345e-05
  -1.3453096e-02   1.3169623e-01  -7.3060701e-02   2.0119750e-03   7.3648566e-05   3.8898142e-04
  -7.4257342e-03   1.2533341e-01  -1.6019497e-01   1.6104852e-03   1.0517577e-04   8.8831904e-04
  -1.0088070e-02   7.5212286e-02  -1.2153884e-01   5.6003631e-04   1.8022598e-04   9.4082888e-04
  -2.9250285e-02   7.6024721e-02   9.5154162e-02   6.0349280e-04  -5.4113631e-04   7.6101506e-04
  -3.3296291e-02   7.7299196e-02   1.9768011e-02   1.5407110e-03  -5.5181663e-04   8.1120219e-04
  -3.8366954e-02   9.0066698e-02   4.5513999e-02   1.1088271e-03  -5.9697525e-04   8.3371414e-04
  -2.8459663e-02   6.5345218e-02  -1.7353145e-01   1.1187953e-03  -6.4740110e-04   1.2175789e-03
  -2.2164486e-02   1.0971524e-01   4.3253279e-02   1.7721378e-03  -5.1202071e-04   1.1456922e-03
  -2.1895652e-02   5.0218407e-02  -1.0155332e-02   1.5244695e-03  -4.5323323e-04   8.5639009e-04
  -3.9351654e-02   1.4253596e-01   6.8997874e-02   1.6652098e-03  -9.2495685e-04   1.1748568e-03
  -3.3447849e-02   7.5395263e-02  -4.4727447e-02   1.6832035e-03  -6.2633739e-04   8.7634525e-04
  -3.7977522e-02   1.2805062e-01   1.6619767e-01   8.6085580e-04  -5.3043345e-04   9.1292348e-04
  -3.0540524e-02   6.7742123e-02  -3.0961131e-02   1.6858359e-03  -8.4012177e-04   8.3444077e-04
  -1.3430854e-02   8.0394101e-02  -5.9982350e-02   1.9980175e-03  -7.1292398e-04   1.2322197e-03
  -7.9228744e-03   4.2735758e-02  -5.4808769e-02   1.0809725e-03  -7.3716901e-04   1.2583593e-03
  -1.5265828e-02   9.6172772e-02  -8.4176754e-02   1.6709648e-03  -5.4252261e-04   1.1405313e-03
  -6.1438545e-03   9.1592335e-02   1.4677975e-02   1.8489633e-03  -2.2439286e-04   1.1702922e-03
  -5.4540664e-03   7.0784537e-02  -3.1804068e-02   2.0535009e-03  -2.8462050e-04   8.4657513e-04
  -5.0911411e-03   9.8486610e-02   2.3822581e-02   1.3702753e-03   8.6576112e-05   9.5616364e-04
  -2.8238847e-03   9.4938753e-02  -1.2612035e-01   1.7204482e-03   1.9281824e-05   6.1415442e-04
   2.6416502e-03   1.0032018e-01   7.8251546e-02   1.3009022e-03  -5.2813874e-05   3.1009202e-04
  -1.5109510e-02   9.9574689e-02   8.4002652e-03   1.7232557e-03  -4.5774036e-04   1.9351747e-04
  -1.9141056e-02   1.4661776e-01   1.1584743e-03   2.4663649e-03  -2.8252147e-04   2.0012158e-04
  -9.0868597e-03   1.0523197e-01  -2.8542462e-04   2.4297433e-03   2.2204384e-05   2.6921790e-04
  -1.0179213e-02   1.7196500e-01  -1.3980235e-01   2.3616287e-03  -1.2892096e-04   5.4087920e-04
  -3.2184480e-02   1.6673322e-01  -9.7681797e-03   1.9744483e-03  -3.0896960e-04   7.4899317e-04
  -2.9332220e-02   1.1173999e-01  -7.5183846e-02   1.5361012e-03  -3.6523047e-04   3.9363840e-04
  -4.1867895e-02   2.0690204e-01  -1.9061141e-01   1.7610662e-03  -3.2338860e-04   7.8726926e-04
  -2.0558382e-02   1.3380638e-01  -1.1668500e-01   1.9112954e-03  -5.1508099e-05   5.2470235e-04
  -2.9067055e-02   2.3509759e-01  -9.6406415e-02   2.4777926e-03  -3.0605159e-04   5.9340917e-04
  -1.3053081e-02   1.7420499e-01  -1.2572726e-01   2.0664285e-03  -3.0561297e-04   7.3697859e-04
  -1.3448599e-02   1.7335044e-01  -2.0553003e-01   2.3196636e-03  -1.1457726e-04   7.5419123e-04
  -7.6924876e-03   1.4692101e-01  -2.6237317e-02   2.2731183e-03  -2.6956803e-04   3.2900619e-04
  -1.8847641e-02   2.0432764e-01  -6.7014742e-02   2.7167751e-03  -4.2039119e-04   5.0504083e-04
  -2.3291502e-02   2.1297072e-01  -7.1664404e-02   2.5781074e-03  -3.5921112e-04   2.4717389e-04
  -4.0037168e-02   1.0293749e-01  -6.4603450e-02   1.8231797e-03  -6.2581532e-04   3.5672011e-04
  -2.9458287e-02   2.2137553e-01  -1.3446554e-01   2.8171828e-03  -4.7400508e-04   2.3930342e-04
  -2.4381838e-02   1.9342890e-01  -2.7859368e-02   2.6440620e-03  -4.2270109e-04   3.2442624e-04
  -2.3622447e-02   1.9877081e-01  -1.6033152e-01   3.0720311e-03  -4.2745851e-04   2.7469808e-04
  -2.4479609e-02   1.5922716e-01  -3.4937446e-02   2.2943644e-03  -5.2159460e-04   1.5918923e-04
  -3.0181022e-02   2.4114111e-01   3.6606121e-03   2.1716963e-03  -6.4737964e-04   5.8999517e-04
  -1.5570645e-02   1.4418977e-01  -9.7473163e-02   3.3215323e-03  -2.1862750e-04   8.1535992e-06
  -3.6278745e-02   2.1683396e-01  -9.9774762e-03   2.1973102e-03  -9.6102858e-04   4.3086971e-04
  -4.3534379e-02   1.8824552e-01  -9.0643495e-02   1.0531260e-03  -1.2019747e-03   6.6913909e-04
  -3.8737685e-02   2.3902360e-01  -1.6370076e-01   3.0777828e-03  -7.4081033e-04   5.0298197e-04
  -2.7376737e-02   1.7039312e-01  -3.9276288e-02   2.2536379e-03  -8.7323004e-04   2.5013814e-04
  -3.4716970e-02   2.3894657e-01  -1.6839519e-01   2.8844270e-03  -6.0685508e-04   4.6774684e-04
  -3.4795144e-02   2.4591787e-01  -6.1032750e-02   2.6159961e-03  -5.3339914e-04   5.9197063e-04
  -1.7949480e-02   1.6545353e-01  -1.4388000e-01   2.7283427e-03  -6.2113282e-04   5.7758717e-04
  -2.9499795e-02   2.6369204e-01  -1.1373475e-01   3.1475911e-03  -6.9744928e-04   6.2492564e-04
  -3.9589599e-03  -3.0443688e-03  -1.7706743e-02  -2.2742877e-03  -1.1272625e-03   2.0207910e-03
  -1.2027489e-02  -3.4601217e-01  -2.1623888e-01  -4.9089663e-03  -1.0063036e-03   1.8807852e-03
  -2.1341066e-02  -1.3434768e-01  -1.8958449e-02  -3.8035794e-03  -1.3327455e-03   2.1171364e-03
  -3.3942445e-02  -8.9989665e-02  -2.7992074e-01  -3.1047369e-03  -1.1183696e-03   2.0921374e-03
  -3.4756072e-02  -7.5072757e-02  -3.0926380e-01  -3.0658498e-03  -7.8422172e-04   2.0344757e-03
  -3.0974999e-02  -9.0627889e-02  -2.5447369e-01  -4.4522960e-03  -7.3044129e-04   1.7542744e-03
  -9.7467451e-03  -1.1018506e-01  -1.0253606e-01  -4.6841140e-03  -6.2560225e-04   1.2571373e-03
  -3.6715907e-02  -1.1540587e-01  -2.5338837e-01  -4.5944840e-03  -8.8794584e-04   1.3651963e-03
  -2.5989779e-02  -1.5516797e-01  -5.5323158e-02  -5.0341482e-03  -5.8792979e-04   1.0594945e-03
  -3.9323543e-02  -1.2905319e-01  -2.1458689e-01  -4.2912919e-03  -6.7409625e-04   1.0362039e-03
  -3.0779894e-02  -9.5650418e-02  -9.2135659e-02  -4.1956005e-03  -4.5976147e-04   1.2580789e-03
  -3.4387872e-02  -1.0224794e-01  -2.3157437e-01  -3.6989264e-03  -5.2959555e-04   1.0847483e-03
  -1.9468281e-02  -4.4999171e-02  -2.0870279e-02  -3.2475115e-03  -5.1901526e-04   8.1331700e-04
  -1.4952486e-02  -7.4839510e-02  -1.4793154e-01  -3.7592581e-03  -4.7388177e-04   6.3979564e-04
  -2.8588635e-02  -1.5975371e-03  -2.2966653e-01  -3.0184210e-03  -6.4316039e-04   9.2385689e-04
  -3.1170035e-02  -9.3141298e-02  -2.7727873e-01  -3.7607440e-03  -7.5730416e-04   9.7404965e-04
  -6.0143711e-03   6.7269028e-03  -4.1058963e-02  -2.3239758e-03  -2.0960063e-04   6.6401637e-04
  -2.0449883e-02  -6.2107704e-03  -1.6036554e-01  -2.1455122e-03  -4.4465817e-04   4.5311143e-04
  -3.0826821e-02  -1.1230926e-02  -1.0871082e-01  -2.5403745e-03  -4.9883773e-04   9.3923134e-04
  -3.9612653e-02  -2.5257453e-02  -2.0014095e-01  -2.5158722e-03  -9.8682529e-04   5.5966810e-04
  -4.9305710e-02   2.7470580e-03  -8.9718639e-02  -2.7304811e-03  -1.0379443e-03   8.7604952e-04
  -5.8524287e-02  -3.7347129e-02  -2.2238047e-01  -3.1649967e-03  -1.2954933e-03   8.3091158e-04
  -6.5198571e-02   1.1257745e-02  -2.0123809e-01  -2.8214718e-03  -1.4791370e-03   1.1005895e-03
  -5.0013070e-02  -8.5185955e-02  -1.6082074e-01  -2.7603534e-03  -1.2138067e-03   9.2995068e-04
  -5.2285151e-02  -1.6885657e-02  -8.5855378e-02  -2.6486007e-03  -1.4682264e-03   1.0045302e-03
  -5.5339851e-02  -1.9538044e-02  -2.0330997e-01  -2.5424021e-03  -1.6004632e-03   1.1228916e-03
  -5.2839336e-02  -1.3999820e-02  -6.4925611e-02  -2.9222584e-03  -1.5120650e-03   1.0504044e-03
  -6.7033732e-02  -5.4955017e-03  -2.6382909e-01  -3.0246114e-03  -1.6449213e-03   1.2988339e-03
  -8.2226345e-02  -1.2502809e-03  -1.7415382e-01  -2.7021547e-03  -1.9455405e-03   1.3381351e-03
  -6.7947703e-02  -6.9704963e-02  -2.3332119e-01  -3.0220185e-03  -1.6410236e-03   1.4971532e-03
  -5.1765496e-02   5.7548629e-03  -4.6547791e-02  -2.6397178e-03  -1.5610500e-03   1.3526799e-03
  -6.1677689e-02  -8.5713915e-02  -1.4410974e-01  -3.9006049e-03  -1.9923703e-03   1.6254813e-03
  -4.4851129e-02  -7.1017025e-02  -1.2478523e-01  -2.9888429e-03  -1.3566110e-03   1.1500471e-03
  -4.0952108e-02  -8.8119433e-02  -9.5480702e-02  -3.6027190e-03  -1.5493425e-03   7.8533568e-04
  -5.0547106e-02   1.9689355e-02  -1.4065559e-01  -2.9051532e-03  -1.5866413e-03   5.4349507e-04
  -5.0144664e-02   8.1693054e-03  -1.2871056e-01  -3.0221636e-03  -1.8747373e-03   8.5914188e-04
  -7.0477046e-02  -1.8044072e-02  -2.2222013e-01  -3.2306407e-03  -2.3134760e-03   8.2329811e-04
  -7.5171102e-02   3.0673161e-02  -3.1802696e-01  -2.9613761e-03  -1.8725112e-03   1.1140006e-03
  -9.1751172e-02  -5.7231877e-02  -2.1040582e-01  -3.5989131e-03  -2.2270876e-03   1.1388444e-03
  -8.7170210e-02   3.7048027e-02  -3.2584484e-01  -2.6190352e-03  -2.0093604e-03   9.4926962e-04
  -9.5375895e-02   4.5628329e-02  -2.3232211e-01  -2.2567202e-03  -2.0713722e-03   1.2233789e-03
  -7.8916430e-02   1.9115455e-02  -3.4080847e-01  -2.8392920e-03  -1.5860365e-03   1.0384315e-03
  -5.6594180e-02   8.2681142e-03  -1.4753763e-01  -3.1110931e-03  -1.6805059e-03   6.6988217e-04
  -7.8346829e-02   3.6302372e-02  -1.5865425e-01  -3.5585366e-03  -1.8481875e-03   8.9323679e-04
  -5.3482785e-02  -9.1512456e-02  -1.4414003e-01  -2.8510617e-03  -1.5227085e-03   4.2434614e-04
  -4.6930849e-02  -9.2128980e-03  -3.1230906e-03  -2.9903458e-03  -1.3176011e-03   1.9740786e-04
  -7.4678776e-02  -1.5864922e-02  -1.3712385e-01  -2.3918116e-03  -1.8560526e-03   4.6296320e-04
  -8.3618594e-02   1.4343810e-02  -3.1499882e-01  -2.0862471e-03  -1.8358268e-03   6.2524247e-04
  -7.0501572e-02   4.8164141e-02  -1.7353927e-01  -2.0747044e-03  -1.7079960e-03   7.7696387e-04
  -7.2687408e-02  -1.0366604e-03  -2.3991976e-01  -2.5542689e-03  -1.9552423e-03   5.5170354e-04
  -8.5097176e-02   1.0413072e-01  -2.6811449e-01  -1.8015675e-03  -2.0005363e-03   8.5203126e-04
  -9.0676544e-02   1.0260517e-02  -2.0991000e-01  -2.6730708e-03  -2.3107480e-03   7.5320876e-04
  -8.7008557e-02   7.8095208e-02  -2.6274953e-01  -1.6682739e-03  -2.2320684e-03   4.8106121e-04
  -7.3894489e-02   6.7315920e-02  -1.4032136e-01  -2.5996757e-03  -2.3095439e-03   1.5339569e-04
  -7.5762977e-02   1.2338937e-01  -2.3010973e-01  -1.5633045e-03  -2.3464365e-03   5.6087498e-04
  -8.2917709e-02   1.1504980e-01  -4.2800727e-01  -1.6780510e-03  -2.1651357e-03   8.9551574e-04
  -8.4352862e-02   6.7795945e-02  -3.6809606e-01  -2.3904311e-03  -2.2064330e-03   1.0406756e-03
  -6.3754902e-02   1.6257769e-01  -1.2064913e-01  -1.6737838e-03  -2.0069281e-03   5.6240974e-04
  -4.9750779e-02   1.0772288e-01  -1.8679514e-01  -1.1524915e-03  -1.9316323e-03   4.3841481e-04
  -6.9950188e-02   6.3723627e-02  -1.7513401e-01  -1.4332941e-03  -2.1883661e-03   5.1080422e-04
  -8.5342848e-02   7.9272119e-02  -3.4599173e-01  -1.8979328e-03  -2.1579221e-03   8.0197902e-04
  -7.8162789e-02   7.1579812e-02  -1.8637325e-01  -1.6848335e-03  -2.3908066e-03   3.9532004e-04
  -9.2643924e-02   6.8998670e-02  -2.6494348e-01  -2.6904135e-03  -2.8107929e-03   5.6748060e-04
  -9.3491765e-02   1.7596923e-01  -1.6058849e-01  -5.4505048e-04  -2.5872994e-03   1.7273937e-04
  -8.0850939e-02   8.8254300e-03  -1.4484156e-01  -2.3217412e-03  -2.5232707e-03   3.4295759e-04
  -1.0577006e-01   1.9064289e-01  -2.7158860e-01  -9.2880545e-04  -2.2911098e-03   7.8859708e-04
  -1.1563123e-01   4.5343353e-02  -3.5503458e-01  -2.4731413e-03  -3.0120975e-03   1.3498918e-03
  -1.0792914e-01   1.2140349e-01  -2.6618110e-01  -1.6157341e-03  -2.6993432e-03   1.0647721e-03
  -1.0465151e-01   4.6084951e-02  -2.0262741e-01  -2.2006715e-03  -2.6824795e-03   9.0685956e-04
  -9.9642708e-02   5.7361594e-02  -2.3126111e-01  -1.5083139e-03  -2.5649949e-03   5.0721927e-04
  -1.0097327e-01   1.3413314e-01  -9.7435117e-02  -1.5857433e-03  -2.5011986e-03   6.4760688e-05
  -9.7642041e-02   1.0972221e-02  -1.6728968e-01  -2.3908073e-03  -2.8016033e-03   2.8366398e-04
  -1.0529797e-01   1.5614338e-01  -2.9243045e-01  -1.8781561e-03  -2.5819638e-03   7.3876957e-04
  -1.0375665e-01   1.3646140e-02  -2.0792720e-01  -3.4618812e-03  -2.9680679e-03   7.9862814e-04
  -1.0855534e-01   1.0696439e-01  -2.4851517e-01  -2.1016691e-03  -2.8374776e-03   7.7996758e-04
  -6.5915322e-02  -1.1372208e-02  -2.3872779e-01  -2.7043116e-03  -2.7787096e-03   1.0307705e-03
  -6.8546580e-02   3.5389578e-02  -2.8272112e-01  -2.6933560e-03  -2.3841028e-03   1.0968367e-03
  -1.1396715e-01   3.3696988e-02  -2.7768090e-01  -2.0882041e-03  -2.8445440e-03   1.2619415e-03
  -1.2928497e-01   3.0171292e-02  -4.1164237e-01  -2.5197030e-03  -2.7716488e-03   1.5553543e-03
  -1.2712767e-01   6.0509906e-02  -1.8335779e-01  -2.3915264e-03  -3.0609817e-03   1.5998341e-03
  -1.0695151e-01  -7.1291625e-02  -1.9101247e-01  -3.4858182e-03  -2.7928902e-03   1.2346554e-03
  -1.3656642e-01   1.0665787e-02  -3.6692887e-01  -2.9161336e-03  -2.7692378e-03   1.3953905e-03
  -1.1504177e-01  -6.0118477e-02  -2.2473980e-01  -4.6097437e-03  -3.0240111e-03   1.2317454e-03
  -1.4146369e-01   7.3139265e-02  -2.6682723e-01  -3.2870836e-03  -3.2575970e-03   1.1485057e-03
  -1.2565338e-01   5.1951892e-02  -2.0766332e-01  -3.6551173e-03  -3.0613820e-03   1.1040826e-03
  -1.2303161e-01   4.6224422e-02  -3.5045178e-01  -3.2162888e-03  -2.9428552e-03   8.6930474e-04
  -1.1458869e-01   4.3390721e-02  -2.0882531e-01  -3.5406240e-03  -2.7794737e-03   7.8210561e-04
  -1.2415347e-01   5.9286407e-02  -3.8165772e-01  -3.1503825e-03  -2.8227169e-03   8.6487384e-04
  -1.2178021e-01   1.2421902e-01  -2.3342673e-01  -2.4197770e-03  -3.1503727e-03   9.2522558e-04
  -1.2697755e-01   5.3973304e-02  -3.3386672e-01  -2.3654727e-03  -3.4116267e-03   6.9761536e-04
  -1.1542691e-01   1.3465667e-01  -1.9357674e-01  -2.5428177e-03  -2.9791521e-03   4.6848315e-04
  -1.1657689e-01   1.2208578e-01  -3.4279225e-01  -1.5204224e-03  -3.1347682e-03   1.0587735e-03
  -1.1916264e-01   4.9464476e-02  -3.7528960e-01  -1.7533240e-03  -3.4627224e-03   1.8277471e-03
  -8.0527172e-02  -3.5389326e-01  -1.3294123e-01  -9.2665697e-03  -3.2235115e-03   3.8629365e-03
   5.5260827e-03  -7.0712351e-01  -2.1826181e-01  -1.0225030e-02  -1.8599225e-03   4.4886396e-03
  -8.3857091e-02  -6.9560745e-01  -3.3052306e-01  -8.2423547e-03  -3.6168397e-03   4.1542966e-03
  -8.9369713e-02  -5.2399062e-01  -1.6527149e-01  -7.7024092e-03  -3.4449336e-03   3.5299990e-03
  -1.3069016e-01  -4.7751480e-01  -4.0672983e-01  -6.6874999e-03  -3.4620084e-03   2.8557118e-03
  -1.4307703e-01  -4.9703610e-01  -4.6166479e-01  -8.0879401e-03  -3.8141297e-03   2.9441356e-03
  -1.1493442e-01  -5.0396812e-01  -2.6324918e-01  -7.5389624e-03  -3.5412852e-03   2.9781019e-03
  -1.1356947e-01  -5.7825918e-01  -4.5993261e-01  -7.3860477e-03  -3.1356818e-03   2.8674453e-03
  -1.1656449e-01  -5.9603761e-01  -3.1466373e-01  -9.6408874e-03  -3.4199283e-03   3.3570655e-03
  -1.3172895e-01  -5.0113573e-01  -2.4951363e-01  -8.3686873e-03  -3.2207646e-03   2.9228595e-03
  -1.2112504e-01  -6.5465344e-01  -2.5565976e-01  -9.9154076e-03  -3.3161614e-03   2.6764853e-03
  -1.5755591e-01  -5.5689745e-01  -2.4478054e-01  -9.9342783e-03  -4.0447796e-03   2.9561820e-03
  -1.6583010e-01  -4.8883233e-01  -3.1748919e-01  -8.4843652e-03  -3.5545734e-03   2.7697212e-03
  -1.6039937e-01  -5.0743559e-01  -2.6550607e-01  -8.3719766e-03  -3.7557885e-03   2.7606915e-03
  -1.8013745e-01  -5.0319480e-01  -4.8486430e-01  -9.1210935e-03  -3.9818923e-03   2.7127514e-03
  -1.6706494e-01  -5.3418894e-01  -2.1345169e-01  -9.6838750e-03  -4.1130287e-03   2.7111508e-03
  -1.8475270e-01  -4.3742393e-01  -3.3251169e-01  -8.3231852e-03  -4.0224067e-03   2.4335834e-03
  -1.6502638e-01  -4.6910504e-01  -2.1076297e-01  -9.3707168e-03  -3.9686865e-03   2.4378479e-03
  -1.8973846e-01  -4.1874820e-01  -3.0859303e-01  -8.6620830e-03  -4.2036472e-03   2.6541427e-03
  -1.8830960e-01  -4.5362666e-01  -2.8421453e-01  -8.3962017e-03  -4.2280338e-03   2.2815788e-03
  -1.9550381e-01  -3.2370076e-01  -2.7176339e-01  -7.5606674e-03  -3.5839035e-03   1.9269983e-03
  -1.7305310e-01  -4.7774482e-01  -3.0588653e-01  -9.3961406e-03  -3.8316451e-03   2.2637610e-03
  -2.0378482e-01  -4.9326979e-01  -4.1079432e-01  -8.9553020e-03  -4.9091814e-03   3.0358686e-03
  -1.9997278e-01  -4.7238941e-01  -1.2387752e-01  -8.2261813e-03  -4.5815370e-03   2.4052147e-03
  -1.6746155e-01  -4.9704261e-01  -1.8341749e-01  -8.1929745e-03  -4.0861548e-03   2.4452725e-03
  -1.9119347e-01  -5.2179355e-01  -3.5979712e-01  -8.8906025e-03  -4.3992228e-03   2.7623619e-03
  -1.9581595e-01  -5.8343695e-01  -2.1290520e-01  -8.8569574e-03  -4.5573853e-03   2.6244843e-03
  -1.9781281e-01  -4.1480021e-01  -1.6998933e-01  -8.1378549e-03  -4.2329922e-03   2.3671467e-03
  -1.9785251e-01  -5.6180701e-01  -2.1499548e-01  -9.3953291e-03  -4.4324786e-03   2.3522248e-03
  -2.1808309e-01  -3.7807026e-01  -2.7782047e-01  -7.8899263e-03  -3.9888002e-03   2.1102510e-03
  -2.1810636e-01  -3.9289748e-01  -2.2371887e-01  -8.2026200e-03  -4.3054185e-03   2.2723958e-03
  -2.3436919e-01  -4.0687430e-01  -2.4706205e-01  -8.2090109e-03  -4.2825680e-03   2.1148301e-03
  -2.1107599e-01  -3.6122206e-01  -1.0078761e-01  -8.4069040e-03  -4.0130639e-03   2.0748552e-03
  -2.2638221e-01  -3.1368525e-01  -2.3255895e-01  -7.0356846e-03  -4.4042029e-03   2.4406513e-03
  -2.3070346e-01  -2.9520471e-01  -3.0156956e-01  -6.6398120e-03  -4.2415896e-03   2.2013153e-03
  -2.2286311e-01  -3.2711256e-01  -3.2295239e-01  -7.2195269e-03  -4.2029718e-03   2.8269922e-03
  -2.3183828e-01  -4.4782742e-01  -3.1570883e-01  -8.9037267e-03  -4.7977647e-03   3.1497023e-03
  -2.3871280e-01  -3.4677869e-01  -3.7808048e-01  -7.6890636e-03  -4.5267140e-03   3.1070911e-03
  -2.2312020e-01  -4.4044096e-01  -2.3659905e-01  -8.0909970e-03  -4.3336771e-03   2.8747595e-03
  -2.0680873e-01  -2.7460765e-01  -2.1018845e-01  -6.7721627e-03  -3.6400037e-03   2.3516104e-03
  -2.2176362e-01  -3.0580021e-01  -2.3667410e-01  -7.3669699e-03  -4.0789235e-03   2.5530515e-03
  -2.2665356e-01  -2.9844606e-01  -2.8273647e-01  -6.0056459e-03  -4.1059792e-03   1.9588792e-03
  -2.3405832e-01  -2.3518555e-01  -1.4316389e-01  -6.1161909e-03  -3.9003539e-03   2.1809310e-03
  -2.4082471e-01  -2.9166675e-01  -2.8487183e-01  -6.7460213e-03  -4.4752300e-03   2.3097558e-03
  -2.3499735e-01  -2.0603526e-01  -2.0281016e-01  -4.8261576e-03  -4.0953771e-03   1.7893215e-03
  -2.5023228e-01  -2.0139876e-01  -2.0544177e-01  -5.6382957e-03  -4.4465654e-03   1.8726708e-03
  -2.8118794e-01  -2.0244077e-01  -4.5442884e-01  -6.3165670e-03  -4.9418489e-03   2.0294231e-03
  -2.3791327e-01  -2.3132540e-01  -2.4988355e-01  -6.3142157e-03  -4.3633365e-03   1.7006715e-03
  -2.4992485e-01  -9.4932588e-02  -1.6476204e-01  -4.6801036e-03  -4.4638455e-03   2.1327592e-03
  -2.5431160e-01  -2.4164607e-01  -3.6814045e-01  -5.8286169e-03  -4.6032587e-03   2.1977145e-03
  -2.5799821e-01  -1.4992805e-01  -2.5451820e-01  -4.4303277e-03  -4.6552870e-03   1.8209793e-03
  -2.4053809e-01  -2.0422557e-01  -3.6832874e-01  -4.9322547e-03  -4.5159609e-03   1.4971513e-03
  -2.1270398e-01  -1.4802872e-01  -2.0288198e-01  -5.3935134e-03  -4.2491378e-03   1.7446465e-03
  -2.0690544e-01  -1.1818904e-01  -3.8659597e-01  -4.2330217e-03  -3.9310263e-03   9.6842278e-04
  -1.9133632e-01  -1.1411127e-01  -3.0252755e-01  -4.5676128e-03  -4.2380855e-03   1.2583968e-03
  -1.8820588e-01  -1.9138033e-01  -3.9983128e-01  -3.5472337e-03  -4.0194091e-03   1.1146780e-03
  -2.1076654e-01  -1.7964478e-01  -3.3597920e-01  -2.8621646e-03  -5.2066189e-03   2.5528749e-03
  -2.2190227e-01  -1.8319634e-01  -2.2203208e-01  -3.9211371e-03  -5.0853466e-03   1.9048049e-03
  -2.3256657e-01  -9.8357657e-02  -3.3480773e-01  -2.6374358e-03  -5.0425809e-03   1.9305824e-03
  -2.1748713e-01  -1.7732505e-01  -3.0068459e-01  -2.7818833e-03  -5.0648936e-03   1.5926023e-03
  -1.8971046e-01  -1.4207886e-02  -1.4399442e-01  -1.9741763e-03  -4.3172954e-03   1.1998936e-03
  -2.0567962e-01  -2.5908119e-01  -3.6312460e-01  -2.6455348e-03  -5.2228979e-03   2.4240669e-03
  -2.4618798e-01  -1.3449175e-01  -5.1038868e-01  -2.9993769e-03  -5.8272020e-03   2.2299471e-03
  -2.5571665e-01  -1.8972145e-01  -4.2178620e-01  -3.8154578e-03  -5.5738627e-03   2.1051359e-03
  -2.1691264e-01  -1.0833000e-01  -1.6098998e-01  -3.6687623e-03  -4.7744857e-03   2.0312601e-03
  -2.3251540e-01  -2.6104222e-01  -2.7112100e-01  -4.6642416e-03  -5.3257440e-03   2.3978604e-03
  -2.3626183e-01  -1.7282340e-01  -4.0197710e-01  -4.5976676e-03  -4.9840740e-03   2.2865171e-03
  -2.3232549e-01  -2.0794021e-01  -2.5777158e-01  -4.6823936e-03  -5.0238464e-03   2.5455306e-03
  -2.4421513e-01  -2.1249911e-01  -4.7310374e-01  -5.9015693e-03  -4.9894941e-03   2.6041835e-03
  -2.0777241e-01  -3.0553140e-01  -3.3190156e-01  -6.5047334e-03  -4.8595449e-03   2.3341512e-03
  -2.2423696e-01  -1.4829865e-01  -3.3864864e-01  -5.5175759e-03  -5.1050621e-03   2.3361874e-03
  -2.3190950e-01  -3.5919817e-01  -2.9165004e-01  -7.2792135e-03  -5.2877711e-03   2.3312715e-03
  -2.4817586e-01  -1.5711289e-01  -3.8316934e-01  -4.6402165e-03  -5.2679450e-03   2.0976254e-03
  -2.2546617e-01  -3.5672742e-01  -3.0211922e-01  -6.9331710e-03  -5.7393674e-03   2.4456866e-03
  -1.8498121e-01  -2.3036153e-01  -3.4987660e-01  -5.7110241e-03  -5.2011709e-03   1.9383975e-03
  -2.1521882e-01  -2.5899837e-01  -3.2767277e-01  -6.0982789e-03  -5.7015390e-03   2.5832213e-03
  -2.1135139e-01  -2.8646329e-01  -3.4930115e-01  -2.8999780e-03  -5.3382459e-03   1.8549159e-03
  -2.3095403e-01  -1.0311581e-01  -1.7867869e-01  -3.6376252e-03  -6.1135713e-03   1.9440070e-03
  -2.3008406e-01  -1.5670663e-01  -3.5999925e-01  -4.1294634e-03  -6.3432214e-03   2.1259745e-03
  -2.5636739e-01  -1.4788204e-01  -3.0068552e-01  -3.4329734e-03  -6.4062126e-03   2.0783620e-03
  -2.7611851e-01  -1.7559172e-01  -3.8485639e-01  -2.5045438e-03  -6.4387000e-03   1.0899067e-03
  -2.5336666e-01  -4.8545532e-02  -2.4039862e-01  -2.4658948e-03  -6.8228419e-03   1.7910163e-03
  -2.3621876e-01  -5.2750889e-02  -4.4701384e-01  -2.0365291e-03  -6.4235872e-03   2.5427793e-03
  -2.4928395e-01  -1.3136516e-01  -3.3759225e-01  -2.6721754e-03  -6.7155909e-03   2.2049204e-03
  -2.4256875e-01  -1.5118283e-01  -2.9007952e-01  -1.3570415e-03  -6.7287807e-03   2.0506160e-03
  -2.6663962e-01  -4.2340223e-02  -3.6171215e-01  -9.8946619e-04  -6.7280842e-03   2.2902913e-03
  -2.4136820e-01  -1.5397326e-01  -3.5556263e-01  -2.3789395e-03  -6.3363472e-03   2.4039949e-03
  -2.4235575e-01   3.9066949e-02  -3.8626042e-01   1.3386118e-03  -6.6378287e-03   2.1612279e-03
  -2.6828507e-01  -8.5458192e-02  -3.6544672e-01  -1.1097403e-03  -7.2506802e-03   2.6785773e-03
  -2.6389802e-01  -5.1953151e-02  -3.6707366e-01  -4.4963022e-04  -6.7980835e-03   1.9180945e-03
  -2.9143867e-01  -1.3731077e-01  -3.1990166e-01  -4.1215639e-04  -7.0372123e-03   2.6262224e-03
  -2.4986162e-01   3.7772126e-02  -1.4523916e-01  -1.3881164e-04  -6.1418013e-03   2.0430342e-03
  -2.6690565e-01  -1.7074011e-02  -2.2871691e-01   2.5531583e-04  -6.3961648e-03   1.8229638e-03
  -2.3073366e-01  -1.1031826e-01  -3.1312770e-01   6.2726393e-04  -6.2511716e-03   1.3276396e-03
  -2.7501308e-01  -6.7977833e-03  -9.0093876e-02  -5.0055079e-04  -6.9545818e-03   1.1749000e-03
  -2.6142866e-01  -1.4713840e-01  -3.8181238e-01  -7.3836802e-04  -6.9207287e-03   1.0742171e-03
  -2.3879078e-01  -1.6465628e-01  -1.1391537e-01  -2.5007650e-03  -6.7255607e-03   1.1842784e-03
  -2.4611143e-01  -1.6667313e-01  -2.8717857e-01  -1.9408307e-03  -6.8484303e-03   1.6699174e-03
  -2.5420853e-01  -1.1235227e-01  -3.6885026e-01  -8.7437716e-04  -6.9477507e-03   2.0340349e-03
  -2.2921517e-01  -1.2684504e-01  -4.1637829e-01  -1.2505482e-03  -6.2159064e-03   1.3022744e-03
  -2.4232140e-01  -6.0301285e-02  -3.5515659e-01   3.0388973e-04  -6.4518664e-03   1.0772396e-03
  -2.4666067e-01   7.2138113e-02  -3.8001075e-01   1.0343836e-03  -6.7988702e-03   1.4361993e-03
  -2.2595874e-01  -7.3013398e-02  -1.9219750e-01  -2.2970129e-04  -6.6311047e-03   1.9640912e-03
  -2.3761326e-01  -9.3048709e-02  -3.6956281e-01   2.3809766e-03  -7.1724195e-03   3.3927315e-03
  -1.1933963e-01  -5.9035595e-01  -6.1540635e-01  -5.4654895e-03  -5.7347762e-03   3.2513399e-03
  -1.9939785e-01  -4.9260989e-01  -3.5254774e-01  -2.9597033e-03  -6.7214657e-03   2.6432410e-03
  -2.2263018e-01  -3.7179301e-01  -5.1516357e-01  -1.1120763e-03  -6.7753271e-03   2.6038823e-03
  -2.5391219e-01  -3.8920067e-01  -5.2897186e-01  -2.3526729e-03  -7.1093790e-03   2.7703914e-03
  -2.3461569e-01  -3.5207441e-01  -2.3321251e-01  -1.2897741e-03  -6.7259563e-03   2.5451323e-03
  -2.5347257e-01  -3.5233822e-01  -4.3365580e-01  -2.0100945e-03  -6.7882462e-03   2.3891939e-03
  -2.4997744e-01  -3.0498521e-01  -2.5425640e-01  -1.3800749e-03  -6.9997199e-03   2.1050030e-03
  -2.6380653e-01  -2.9181396e-01  -4.1598547e-01  -1.0306810e-03  -7.0535988e-03   1.8463071e-03
  -2.4568373e-01  -3.1299232e-01  -4.4119325e-01   3.7233729e-04  -6.2793127e-03   1.8350582e-03
  -2.8541122e-01  -2.8141003e-01  -3.0657448e-01  -1.9668201e-03  -7.1125257e-03   1.0126443e-03
  -3.0860577e-01  -2.8083608e-01  -3.7549812e-01  -4.8280660e-04  -7.3824437e-03   1.3538288e-03
  -3.2514367e-01  -2.0288763e-01  -1.7937229e-01  -3.2927035e-04  -8.1054182e-03   1.5184698e-03
  -3.5675160e-01  -1.8523600e-01  -3.0632346e-01  -5.9022220e-04  -8.5853904e-03   1.3167006e-03
  -3.5920774e-01  -1.4261093e-01  -1.7452257e-01  -5.2554456e-04  -8.3279296e-03   1.6101862e-03
  -3.4761060e-01  -3.5730418e-01  -4.2836454e-01  -2.2888782e-03  -8.0451318e-03   1.7077093e-03
  -3.6747105e-01  -3.2592476e-01  -3.4042411e-01  -1.8187989e-03  -9.0332915e-03   1.6457642e-03
  -3.5499618e-01  -1.4584532e-01  -2.2269798e-01   1.4744138e-04  -8.0480971e-03   1.5027202e-03
  -3.5890875e-01  -2.0937723e-01  -2.1261689e-01  -9.5670732e-04  -8.4902659e-03   1.6434829e-03
  -3.8330359e-01  -1.6047533e-01  -3.6418022e-01  -2.8033516e-04  -8.7159934e-03   1.3666452e-03
  -3.6634360e-01  -1.7206371e-01  -2.5329002e-01  -4.9137220e-04  -8.7344514e-03   1.7211929e-03
  -3.6672543e-01  -1.8626162e-01  -4.1994999e-01  -1.0514151e-03  -8.5686888e-03   1.5388548e-03
  -3.2501987e-01  -2.0062151e-01  -1.5600555e-01  -1.1656419e-03  -7.8569217e-03   1.1072962e-03
  -3.4951600e-01  -8.5299694e-02  -3.0523201e-01   1.8157321e-04  -8.4503382e-03   1.0650381e-03
  -3.5990573e-01  -1.1720088e-01  -2.4568910e-01   2.5926911e-04  -8.7934362e-03   1.6125759e-03
  -3.8135390e-01  -2.3118476e-01  -3.6815024e-01  -1.3455870e-03  -9.0320604e-03   1.9455292e-03
  -3.5328431e-01  -1.1827698e-01  -2.1153842e-01  -1.8043533e-04  -8.5108918e-03   1.5673235e-03
  -3.3194446e-01  -1.9691234e-01  -2.3104337e-01   1.9520444e-04  -8.2940601e-03   7.6668144e-04
  -3.5038144e-01  -5.9607336e-02  -2.9457522e-01   5.1364896e-04  -8.4054446e-03   8.4945594e-04
  -3.3917155e-01  -1.4037867e-01  -3.1142793e-01   6.5706893e-04  -8.3276073e-03   2.9308385e-04
  -3.4040198e-01   1.4391916e-02  -2.5551741e-01   4.0052289e-03  -8.7165155e-03   9.6755985e-04
  -3.3994138e-01  -1.0568861e-02  -5.3720066e-01   6.0894778e-03  -8.8027507e-03   1.1101862e-03
  -3.1040768e-01   9.8280712e-03  -8.9428898e-02   1.8025072e-03  -7.9203117e-03   9.4843594e-04
  -3.7549864e-01  -3.1569305e-02  -3.9814072e-01   2.1927522e-03  -8.9566505e-03   7.5829495e-04
  -3.8002272e-01  -1.2236293e-01  -3.2766443e-01   8.6315225e-04  -9.1104680e-03   1.5780689e-03
  -3.5368341e-01   2.1570512e-03  -1.8552523e-01   2.6107300e-03  -8.9987244e-03   1.4228831e-03
  -3.6983578e-01   1.0935744e-01  -1.2463491e-01   4.4111072e-03  -9.0414979e-03   1.2725665e-03
  -3.7050531e-01   7.7039838e-02  -5.6357934e-02   4.2317607e-03  -8.9683582e-03   5.3154044e-04
  -3.7041531e-01   2.7044346e-01  -1.9448568e-01   7.2441305e-03  -8.6147793e-03  -2.1868352e-04
  -3.8017325e-01   2.7746486e-01  -2.7201501e-01   7.1913229e-03  -9.3205389e-03  -1.6427201e-04
  -3.6458215e-01   3.1242604e-01  -2.4581279e-01   5.9896785e-03  -9.3692560e-03  -1.1830534e-04
  -3.3734422e-01   9.9951181e-03  -1.5883531e-01   3.6208431e-03  -8.9457956e-03  -2.5427855e-04
  -4.0435352e-01   4.1567122e-02  -3.5507301e-01   3.4602241e-03  -9.7768375e-03   5.7446784e-05
  -4.1431700e-01  -5.1910078e-02  -3.9505728e-01   1.5918399e-03  -1.0302507e-02   1.7099610e-04
  -3.8807657e-01   7.4758569e-02  -6.4751461e-02   3.4254319e-03  -9.4107745e-03   8.8442584e-05
  -3.8278060e-01  -5.6757330e-02  -1.6130418e-01   2.7677260e-03  -9.6535136e-03  -1.8197865e-04
  -3.9177092e-01   7.1493754e-02  -2.9189787e-01   2.9050865e-03  -9.1499227e-03   7.3837210e-05
  -3.5732018e-01  -3.4397505e-02  -2.8558576e-01   2.2732690e-03  -8.9007641e-03  -3.5299965e-04
  -3.7314063e-01   1.8470548e-01  -1.7633418e-02   3.0667832e-03  -9.2995293e-03  -7.0172714e-04
  -3.5103281e-01   9.9574742e-02  -2.1544954e-01   6.6148790e-03  -9.1797679e-03  -1.0658276e-03
  -3.3545554e-01   2.0673194e-01  -2.0739341e-01   7.1041874e-03  -9.1775014e-03  -9.8334954e-04
  -3.2380175e-01   1.7557621e-01  -3.4564670e-01   9.4087187e-03  -9.4898658e-03   6.1784939e-05
  -3.7264263e-01   2.1247333e-01  -8.0199692e-02   5.2183911e-03  -9.6522665e-03  -7.7034728e-05
  -3.7007044e-01   7.3118042e-02  -2.0931265e-01   3.8836835e-03  -1.0045997e-02   8.0269627e-05
  -3.7123464e-01   1.8513876e-01  -3.5445734e-01   5.3328394e-03  -9.7642971e-03   1.6641018e-04
  -3.5893289e-01   2.0686688e-01  -3.2046343e-01   7.0286713e-03  -9.6475340e-03  -1.3312664e-04
  -3.5147662e-01   3.6961639e-01  -2.4257629e-01   9.3040587e-03  -9.6294693e-03  -1.2426555e-04
  -3.6306634e-01   3.4430443e-01  -2.8076083e-01   9.0060885e-03  -9.9328693e-03   1.8137028e-04
  -3.2899285e-01   3.6959829e-01  -4.1374860e-01   1.2756377e-02  -9.9523486e-03   3.6459723e-04
  -3.2125047e-01   5.0758980e-01  -1.8862446e-01   1.2562358e-02  -9.8203406e-03   7.6718978e-04
  -3.3728101e-01   4.2244044e-01  -4.4028271e-01   1.0771108e-02  -1.0112570e-02   8.4129329e-04
  -3.2969558e-01   4.3186404e-01  -2.3290228e-01   1.1272466e-02  -9.9687052e-03   1.4020278e-03
  -2.1903047e-01   4.3523966e-01  -1.3643281e-01   9.7797984e-03  -8.7191765e-03   2.4597598e-03
  -2.5368638e-01  -3.5535506e-02  -2.4677546e-01   2.4651124e-03  -9.0042297e-03   1.8630260e-03
  -2.7803440e-01   3.5326095e-02  -2.2422492e-01   3.5356846e-03  -9.3276157e-03   2.0045731e-03
  -2.9749039e-01   1.1401478e-01  -2.8088153e-01   3.2647062e-03  -9.2293652e-03   1.9943276e-03
  -3.1678097e-01   1.6900543e-01  -2.1333500e-01   3.1796068e-03  -9.2825224e-03   1.9160197e-03
  -3.0361851e-01   5.6505383e-02  -2.2541671e-01   2.8233548e-03  -8.9254167e-03   1.4423513e-03
  -3.1970312e-01   1.5985573e-01  -1.3348820e-01   3.9711533e-03  -8.9702674e-03   1.1942271e-03
  -3.2085177e-01   1.7761513e-01  -3.5506924e-01   4.2679482e-03  -9.1933902e-03   8.5598914e-04
  -3.0092071e-01   1.6081369e-01  -2.0441170e-01   5.2522900e-03  -9.5551513e-03   6.8359133e-04
  -2.8528285e-01   1.9507302e-01  -3.8017810e-01   5.3806172e-03  -9.1407748e-03   5.6741433e-04
  -3.1883102e-01   3.9475789e-01  -3.6317243e-01   1.1409675e-02  -9.5034573e-03  -9.6810729e-04
  -4.2935418e-01   6.7317839e-01  -8.6574029e-01   1.1832197e-02  -1.1123010e-02  -2.5125279e-03
  -4.4804591e-01   9.0186022e-01  -1.3008665e+00   1.0251163e-02  -1.1348454e-02  -2.1044843e-03
  -3.8444672e-01   9.8633903e-01  -1.4620088e+00   8.2378696e-03  -8.4883058e-03  -1.4239986e-03
  -3.4868389e-01   1.0330770e+00  -1.3849244e+00   1.1207103e-02  -7.3759404e-03  -4.7781402e-04
  -2.9859664e-01   1.0924135e+00  -1.4404347e+00   1.1765256e-02  -6.2227209e-03  -8.9951592e-04
  -2.6938700e-01   1.1354792e+00  -1.4718194e+00   1.1539169e-02  -6.2546120e-03  -1.3241312e-03
  -2.7195990e-01   9.9499028e-01  -1.2040085e+00   1.1362683e-02  -7.3897531e-03   5.5414646e-04
  -2.3646570e-01   8.0277471e-01  -7.6983662e-01   9.7551909e-03  -7.8420049e-03   3.8009198e-05
  -2.5050564e-01   7.8461115e-01  -7.8288475e-01   1.0298245e-02  -8.5396853e-03  -4.8690204e-04
  -2.4502007e-01   6.6902546e-01  -6.4919322e-01   8.9657205e-03  -8.8554658e-03  -6.0679134e-04
  -2.5256018e-01   7.3396322e-01  -6.8086549e-01   9.4559229e-03  -9.0440481e-03  -6.9230369e-04
  -2.4586875e-01   6.6474196e-01  -7.4834604e-01   9.1361214e-03  -8.7752261e-03  -5.9665624e-04
  -1.8426044e-01   7.5792457e-01  -4.7486548e-01   1.0029724e-02  -7.8670566e-03  -3.1079497e-04
  -1.9539085e-01   7.1291647e-01  -6.3433169e-01   9.6466092e-03  -8.2631046e-03  -6.7073479e-04
  -2.1632672e-01   6.8697796e-01  -4.5965764e-01   9.7876348e-03  -8.7832628e-03  -3.9742257e-05
  -2.1939716e-01   6.3406313e-01  -6.8640805e-01   9.3671731e-03  -8.7143676e-03  -6.0086403e-04
  -1.9623492e-01   5.4171646e-01  -5.3692942e-01   8.6725366e-03  -8.2861811e-03  -3.6783329e-04
  -2.2463031e-01   6.9777573e-01  -5.8424680e-01   1.1107157e-02  -9.2088310e-03   8.3369849e-05
  -2.3897409e-01   5.9531661e-01  -6.8017276e-01   9.5493844e-03  -9.2279355e-03   3.0225258e-04
  -1.8337058e-01   6.2011435e-01  -4.1986073e-01   9.2763957e-03  -8.1633177e-03   3.6974419e-04
  -1.8992659e-01   5.7866247e-01  -5.4840295e-01   8.9184012e-03  -8.3486358e-03   2.1875090e-04
  -1.8935596e-01   5.6397659e-01  -4.6908563e-01   9.3087416e-03  -8.4700822e-03   3.7435202e-04
  -1.7962108e-01   4.8871397e-01  -4.7029886e-01   8.8352480e-03  -8.2651820e-03   2.4583496e-04
  -2.0936216e-01   5.9995753e-01  -4.0848522e-01   9.2370567e-03  -8.8356353e-03   2.4563838e-04
  -2.0505590e-01   4.4154773e-01  -3.8740641e-01   8.3604169e-03  -8.7906193e-03   4.6405452e-04
  -2.1682346e-01   5.3377893e-01  -4.4861713e-01   8.9241746e-03  -8.7149047e-03   3.1709250e-04
  -2.1864924e-01   5.3241289e-01  -3.4313163e-01   8.5522168e-03  -8.7777050e-03   2.2438234e-04
  -2.0670290e-01   5.3454820e-01  -5.1770623e-01   8.9417490e-03  -8.5041755e-03   3.3373224e-04
  -2.0353402e-01   5.8788360e-01  -3.8623968e-01   9.4790348e-03  -8.3831845e-03   5.0405559e-04
  -1.9941375e-01   4.6615405e-01  -4.6363858e-01   8.3990289e-03  -8.6752917e-03   5.6621141e-04
  -2.0005651e-01   6.0778974e-01  -2.9069329e-01   9.7686299e-03  -8.3944906e-03   5.4054204e-04
  -1.8644114e-01   5.8573267e-01  -4.4812932e-01   9.6189063e-03  -8.4806059e-03   8.0775655e-04
  -1.8849313e-01   4.9238027e-01  -3.7738445e-01   8.7819565e-03  -8.3258973e-03   9.7608410e-04
  -1.8339189e-01   5.3766390e-01  -4.1146365e-01   8.8527214e-03  -7.8713211e-03   6.2224984e-04
  -1.5562586e-01   5.4014547e-01  -2.6229406e-01   9.3585991e-03  -7.5596783e-03   4.3851760e-04
  -1.6839938e-01   5.0878812e-01  -4.2749469e-01   9.1133772e-03  -7.5980079e-03   6.6228809e-04
  -1.8326149e-01   5.7498512e-01  -3.7736409e-01   9.6940092e-03  -7.7671437e-03   5.6706034e-04
  -1.5498412e-01   4.7256079e-01  -3.5524702e-01   9.5533918e-03  -7.3645305e-03   2.1525569e-04
  -1.7177809e-01   5.9169582e-01  -2.9237382e-01   9.6346317e-03  -7.6835017e-03   2.6793714e-04
  -1.6717328e-01   5.5282830e-01  -3.4169817e-01   9.2743303e-03  -7.7540430e-03   3.6607506e-04
  -1.8521755e-01   5.3518412e-01  -4.8783740e-01   8.0883975e-03  -8.3466372e-03   5.7581819e-04
  -1.7327605e-01   5.5126531e-01  -3.4260580e-01   8.9578005e-03  -7.5301091e-03   2.9612132e-04
  -1.8531833e-01   5.8057249e-01  -3.0487617e-01   9.3351125e-03  -7.7156190e-03   1.7182084e-04
  -1.7192922e-01   4.6067491e-01  -2.9143209e-01   8.4757255e-03  -7.6995918e-03  -1.1254971e-04
  -1.9736311e-01   5.7952338e-01  -4.3719305e-01   9.2704816e-03  -7.9221502e-03   2.1064236e-05
  -1.8982283e-01   5.0971655e-01  -3.2108725e-01   9.2542867e-03  -7.7618637e-03   6.9988198e-05
  -1.9292081e-01   5.9169532e-01  -4.4384614e-01   9.2958514e-03  -7.7506944e-03   7.7404636e-05
  -1.9384037e-01   5.7299029e-01  -3.4937415e-01   9.0052311e-03  -7.8375501e-03   1.7614839e-04
  -1.9028615e-01   5.2409406e-01  -3.7220900e-01   8.8851819e-03  -7.5954790e-03  -3.9861130e-04
  -1.8796862e-01   6.1184910e-01  -2.8640597e-01   9.3682882e-03  -7.4214899e-03  -5.6697415e-04
  -2.0171741e-01   4.7216131e-01  -4.3209267e-01   7.8657012e-03  -8.1242520e-03   3.0592653e-05
  -2.1382304e-01   6.1868038e-01  -4.3119045e-01   1.0366189e-02  -7.9197875e-03  -9.2980020e-05
  -1.9534912e-01   5.0097916e-01  -3.3183555e-01   8.5486876e-03  -7.9561706e-03   1.0452845e-05
  -2.0464269e-01   6.4486605e-01  -4.0939621e-01   1.0369944e-02  -7.8478355e-03  -2.2286253e-04
  -2.1251954e-01   6.1146158e-01  -3.6903577e-01   9.6937904e-03  -7.8916670e-03   1.5808199e-05
  -1.9551094e-01   5.3026562e-01  -3.7272119e-01   9.7988579e-03  -7.6892067e-03  -3.5043270e-04
  -2.1290679e-01   6.6129760e-01  -2.8450472e-01   1.0279914e-02  -7.9074854e-03  -6.0646473e-04
  -2.1531928e-01   5.5639008e-01  -3.4037785e-01   1.0157248e-02  -8.5283455e-03  -7.9285043e-04
