   0.0000000e+00   0.0000000e+00   0.0000000e+00   0.0000000e+00   0.0000000e+00   0.0000000e+00
  -1.0371367e-01   3.8158706e-02   1.4931488e-01   6.0928785e-04  -2.5769768e-04  -1.7279400e-03
   1.9950587e-01   7.0399713e-02   6.9953750e-02   2.1160683e-04   4.9433840e-03   9.6526140e-04
   7.9923492e-02   2.5434515e-02  -1.4338838e-02   2.3551731e-03   3.2334325e-03   8.8273798e-04
   9.0325112e-02   1.6895218e-01   1.2977712e-01   3.7927342e-03   3.3023379e-03   1.3791766e-03
   1.3335258e-01   6.9024312e-02   1.1348069e-01   1.7601291e-03   3.8974035e-03   2.2508133e-03
   1.8055816e-01   3.6964583e-02   3.4695814e-02   2.1228283e-03   4.5805551e-03   3.0308045e-03
   2.2211063e-01   1.3804381e-01   2.1535538e-01   3.9057417e-03   4.5866676e-03   2.7830191e-03
   3.0158076e-01   5.7980835e-02   3.2682277e-01   1.6512461e-03   5.8310572e-03   3.0699297e-03
   2.7233328e-01   5.4968546e-03   1.8515203e-01   1.3826964e-03   5.7407167e-03   3.1450531e-03
   2.3124091e-01   1.5644563e-01   1.7271791e-01   4.7197332e-03   4.9513126e-03   3.5027313e-03
   3.4546994e-01   1.8328736e-01   2.2009268e-01   3.0853211e-03   6.7796543e-03   4.7661088e-03
   3.2785862e-01   1.0586716e-01   1.1397040e-01   2.3997239e-03   6.5898103e-03   4.9894525e-03
   3.2599900e-01   1.8478000e-01   1.6623255e-01   4.6381622e-03   6.2292689e-03   4.8510657e-03
   4.2018703e-01   1.5744237e-01   2.8243632e-01   2.9940085e-03   7.6982581e-03   5.5097280e-03
   4.5486324e-01   1.0772506e-01   5.7912770e-02   2.5884766e-03   8.1038540e-03   6.5088262e-03
   4.4978767e-01   1.8483342e-01   1.4572452e-01   4.5311373e-03   7.6135691e-03   6.4076931e-03
   5.1865459e-01   2.1059982e-01   2.1330912e-01   4.1402441e-03   8.2883108e-03   6.8701707e-03
   4.7932635e-01   1.7586747e-01   1.3438690e-01   2.8411275e-03   8.3794098e-03   7.0050800e-03
   4.5948664e-01   1.8049191e-01   8.0848438e-02   3.2360082e-03   8.3526004e-03   6.9846955e-03
   4.3580463e-01   2.9651432e-01   1.6987769e-01   5.3192014e-03   7.8224636e-03   6.6814488e-03
   4.9689072e-01   1.7796684e-01   2.3910047e-01   2.1419447e-03   9.0030216e-03   6.7038793e-03
   4.5106657e-01   1.3242446e-01   7.1115353e-02   2.6862216e-03   8.3698428e-03   7.0982661e-03
   5.4010052e-01   2.6391388e-01   3.1984738e-01   3.8113133e-03   8.9695327e-03   7.3865496e-03
   5.5806016e-01   1.4782170e-01   2.5185357e-01   1.8805192e-03   9.3248169e-03   7.5093684e-03
   5.6788886e-01   1.3251829e-01   1.4671900e-01   1.4397013e-03   9.5003589e-03   8.0330081e-03
   5.2396609e-01   1.6098129e-01   3.0695492e-01   3.3368136e-04   8.3733962e-03   7.4730865e-03
   5.4149225e-01   1.8924772e-01   2.8310723e-01   8.5076763e-04   9.2472744e-03   7.4401740e-03
   5.4444366e-01   1.3832290e-01   1.9125684e-01   1.1442253e-03   9.5400289e-03   7.6329225e-03
   5.2323707e-01   1.8141444e-01   2.2956880e-01   2.5677781e-03   8.8669170e-03   7.8480578e-03
   5.6274230e-01   2.1508484e-01   4.0552838e-01   2.3093152e-03   9.4032020e-03   7.6254904e-03
   5.1706805e-01   1.2247992e-01   1.9877024e-01   1.7171571e-03   8.9768645e-03   8.1561713e-03
   5.0599143e-01   1.3688379e-01   2.1224459e-01   2.1011690e-03   9.0124870e-03   8.2023000e-03
   4.9844073e-01   2.1059184e-01   3.4335255e-01   3.8054899e-03   8.6532441e-03   7.7983441e-03
   5.0121318e-01   2.0533537e-01   2.6338635e-01   2.9526574e-03   8.9266019e-03   7.8465586e-03
   5.1753775e-01   1.5074571e-01   1.2724368e-01   2.1367877e-03   9.1901881e-03   8.7937929e-03
   5.4014428e-01   2.4191668e-01   3.0729144e-01   3.4091468e-03   8.6165454e-03   8.6378944e-03
   5.0136761e-01   1.6111388e-01   3.4080379e-01   1.8705244e-03   8.4388543e-03   8.1537321e-03
   4.8554513e-01   1.1944751e-01   1.8019164e-01   1.7294890e-03   8.8033272e-03   8.3307040e-03
   5.5167312e-01   2.4024948e-01   3.3308874e-01   3.6670472e-03   9.1178670e-03   8.2655891e-03
   5.5835211e-01   2.0155416e-01   3.2966813e-01   2.3977284e-03   9.4884263e-03   8.4182774e-03
   5.6063671e-01   1.5627730e-01   1.7647869e-01   2.0399590e-03   9.3507381e-03   9.2287117e-03
   5.6009228e-01   2.5204575e-01   2.8778280e-01   3.1167261e-03   8.8869782e-03   8.9681146e-03
   6.0811335e-01   2.3683260e-01   3.7424570e-01   2.2003977e-03   9.7228216e-03   8.9620363e-03
   5.3842197e-01   1.6013004e-01   6.9935867e-02   2.2449526e-03   9.2757230e-03   9.6880262e-03
   5.4034429e-01   2.5238272e-01   1.6079266e-01   3.0019708e-03   8.8156063e-03   1.0130020e-02
   5.7220700e-01   2.6314790e-01   2.7578643e-01   2.6523861e-03   8.7746305e-03   1.0738094e-02
   5.5645130e-01   2.1488867e-01   2.0122121e-01   1.8743427e-03   9.1058390e-03   1.0413962e-02
   5.8144209e-01   1.9661137e-01   2.1454919e-01   1.0171312e-03   9.8713021e-03   1.0953277e-02
   5.8287127e-01   2.4569724e-01   2.2405063e-01   2.0626267e-03   9.7526292e-03   1.0131157e-02
   5.6102299e-01   2.5297362e-01   2.9694446e-01   1.5180552e-03   9.6601828e-03   9.9838327e-03
   5.8720209e-01   2.0592013e-01   1.9486025e-01   8.2756862e-04   1.0156903e-02   1.0550742e-02
   5.6708865e-01   1.7622329e-01   1.9334085e-01   1.8942992e-03   1.0098523e-02   1.0722133e-02
   6.0036044e-01   2.9362741e-01   2.9663294e-01   2.9786263e-03   1.0204903e-02   1.0467402e-02
   6.0681141e-01   1.8457990e-01   2.7369541e-01   1.0450228e-03   1.0618733e-02   1.0574558e-02
   6.2709716e-01   1.6465928e-01   2.2007651e-01   1.8717299e-03   1.0720192e-02   1.0674374e-02
   6.0029636e-01   2.5185240e-01   2.5484668e-01   2.5645117e-03   1.0580054e-02   1.0170371e-02
   5.8741096e-01   2.3626987e-01   2.8460847e-01   1.9272397e-03   1.0460659e-02   1.0287591e-02
   5.7520566e-01   1.7407345e-01   7.6797502e-02   1.8474975e-03   1.0450471e-02   1.0773470e-02
   6.2179064e-01   3.0140766e-01   2.8538927e-01   2.5825365e-03   1.0441186e-02   1.0810318e-02
   6.6442803e-01   1.9318026e-01   2.8230512e-01   6.8096018e-04   1.1292181e-02   1.0448948e-02
   6.3813828e-01   1.7374171e-01   1.6047581e-01  -5.7804118e-04   1.1396941e-02   1.1155325e-02
   6.1524007e-01   2.9818535e-01   2.7968114e-01   2.0313112e-03   1.0330540e-02   1.0902005e-02
   6.6860707e-01   2.7948300e-01   2.7327914e-01   1.2867617e-03   1.1716895e-02   1.1005454e-02
   6.1559910e-01   1.9938466e-01   1.7762116e-01   1.6230183e-03   1.1236364e-02   1.1083436e-02
   6.3645621e-01   2.9123744e-01   2.5949145e-01   2.6448680e-03   1.2182936e-02   7.9671889e-03
   6.7634578e-01   2.8605978e-01   3.9267091e-01  -4.9994084e-04   1.1625571e-02   5.9554099e-03
   7.0397436e-01   2.5303496e-01   2.5723779e-01   1.9685718e-03   1.1878062e-02   8.2690739e-03
   7.0713002e-01   3.0764816e-01   2.0192997e-01   3.9786116e-03   1.1338615e-02   9.9758549e-03
   7.1881368e-01   3.3630688e-01   2.3849673e-01   4.2957305e-03   1.1435618e-02   1.0295790e-02
   7.6514547e-01   2.6494708e-01   2.4369718e-01   2.5171699e-03   1.2024770e-02   1.0517949e-02
   8.4936640e-01   2.2356465e-01   2.1905774e-01   3.1975416e-03   1.2435380e-02   1.0068529e-02
   8.0541457e-01   3.2708980e-01   3.1406585e-01   4.1475337e-03   1.1794355e-02   1.0362060e-02
   8.3647943e-01   2.3641091e-01   3.5078954e-01   2.2090473e-03   1.2586275e-02   1.0151754e-02
   8.1236379e-01   2.2430487e-01   2.4289131e-01   1.6452243e-03   1.2659233e-02   1.0523835e-02
   8.1882078e-01   2.8335640e-01   3.0577043e-01   3.3110099e-03   1.2089774e-02   1.0877885e-02
   8.5946295e-01   3.3945241e-01   3.8036474e-01   2.9025233e-03   1.2459569e-02   1.1062968e-02
   8.5123773e-01   2.6639972e-01   3.3687080e-01   2.0773478e-03   1.2788524e-02   1.0785722e-02
   7.9575976e-01   2.5478009e-01   1.9195381e-01   2.7323040e-03   1.2348892e-02   1.1528328e-02
   8.2723048e-01   3.4065817e-01   3.4808996e-01   2.9376825e-03   1.2431372e-02   1.1433603e-02
   8.3343644e-01   3.0216160e-01   2.7899200e-01   2.2500331e-03   1.2841795e-02   1.1136463e-02
   7.4039459e-01   2.5699511e-01   1.2505786e-01   2.7665281e-03   1.2397109e-02   1.1003895e-02
   7.3847906e-01   3.4707541e-01   2.5467698e-01   4.7643703e-03   1.1620691e-02   1.1277777e-02
   8.4419821e-01   3.3944166e-01   2.6342528e-01   3.4839337e-03   1.2995055e-02   1.1893339e-02
   7.7131935e-01   2.8789956e-01   1.2906130e-01   3.4754222e-03   1.2254191e-02   1.2492853e-02
   8.0324625e-01   4.0098343e-01   2.0636683e-01   5.2149937e-03   1.2221019e-02   1.2508797e-02
   8.9462097e-01   3.8899831e-01   2.9474000e-01   2.6486966e-03   1.3832153e-02   1.2232567e-02
   8.8094033e-01   3.2124291e-01   7.3906807e-02  -6.7148558e-05   1.5212136e-02   1.0244921e-02
   9.1290784e-01   4.5331642e-01   2.2416784e-01   3.5370939e-03   1.3808093e-02   1.0725088e-02
   9.2138308e-01   3.3407434e-01   2.5982253e-01   2.4344862e-03   1.3678060e-02   1.0471383e-02
   8.1280563e-01   2.9262592e-01   1.8076616e-01   2.7629783e-03   1.2904363e-02   1.0474052e-02
   7.7837374e-01   3.7965643e-01   1.6829359e-01   5.3018343e-03   1.2223202e-02   1.1197575e-02
   8.0160742e-01   4.1857074e-01   1.4381749e-01   5.0240871e-03   1.2763349e-02   1.0814432e-02
   8.9854796e-01   3.8397696e-01   1.5179977e-01   2.9679212e-03   1.4029153e-02   1.1097358e-02
   8.2905048e-01   3.3962696e-01   2.3846573e-03   4.5288989e-03   1.3351782e-02   1.1302299e-02
   8.4939063e-01   4.5329443e-01   1.6208190e-01   4.4537435e-03   1.3416505e-02   1.1390258e-02
   8.9984625e-01   4.0586595e-01   1.9672184e-01   3.4891175e-03   1.4186657e-02   1.1432973e-02
   8.9781244e-01   3.8480323e-01   1.1074576e-01   3.1695367e-03   1.4477190e-02   1.1545416e-02
   9.2855127e-01   4.3836042e-01   1.7027101e-01   4.3773047e-03   1.4461170e-02   1.1328048e-02
   9.8623982e-01   4.4369773e-01   2.5281012e-01   3.7828140e-03   1.4697082e-02   1.2013664e-02
   9.5889046e-01   3.9936889e-01   1.9641489e-02   3.7649489e-03   1.5267214e-02   1.2542700e-02
   8.8017830e-01   3.9232893e-01   2.1442414e-02   5.0501196e-03   1.4575641e-02   1.1614768e-02
   8.5465809e-01   5.1489077e-01   1.1199429e-01   6.7778478e-03   1.4127086e-02   1.1591293e-02
   8.9487896e-01   4.7039825e-01   1.2185044e-01   6.2002435e-03   1.4456164e-02   1.1311199e-02
   9.0283001e-01   4.4255938e-01   1.8532845e-02   4.4668499e-03   1.4860120e-02   1.1770268e-02
   8.7796017e-01   4.9781292e-01   1.2007007e-01   6.8711768e-03   1.3712902e-02   1.1690673e-02
   9.3530544e-01   4.4161254e-01   2.2081215e-01   5.2062583e-03   1.4434898e-02   1.2205542e-02
   9.6837101e-01   3.7669903e-01   8.0778421e-02   4.2027395e-03   1.5080739e-02   1.2458799e-02
   9.1722476e-01   4.3568533e-01   9.0453942e-02   6.1403099e-03   1.4145314e-02   1.2536296e-02
   9.1518741e-01   5.0907978e-01   9.8115313e-02   6.9186747e-03   1.3972937e-02   1.2322993e-02
   9.7358682e-01   4.6267206e-01   8.0781101e-02   4.6223954e-03   1.5070974e-02   1.2618912e-02
   9.8125721e-01   4.3161395e-01   5.4534190e-02   5.0295977e-03   1.5361637e-02   1.2793064e-02
   9.5394306e-01   5.2843027e-01   1.6407440e-01   6.1816253e-03   1.4581953e-02   1.2136787e-02
   9.7209286e-01   4.7200964e-01   1.0267836e-01   5.4914011e-03   1.4781660e-02   1.2608182e-02
   9.7495969e-01   4.3296693e-01  -2.8566401e-01   1.0699950e-02   1.5288174e-02   1.1460056e-02
   1.0837472e+00   3.6932347e-01  -4.8147456e-02   4.3316669e-03   1.5960591e-02   7.0597892e-03
   8.6873128e-01   4.4681593e-01  -9.0967287e-02   5.7966933e-03   1.4519634e-02   8.5026218e-03
   7.8076296e-01   4.8910915e-01   1.0332816e-01   6.2800732e-03   1.3963493e-02   6.8766717e-03
   8.2938724e-01   4.7435033e-01   5.8011517e-02   5.2498530e-03   1.4009356e-02   7.2268123e-03
   7.2454192e-01   4.1453849e-01   1.2900393e-02   4.7265555e-03   1.3560605e-02   6.4089309e-03
   7.1671907e-01   4.2340129e-01   2.1805229e-02   6.3015128e-03   1.3092741e-02   7.4059291e-03
   7.1268493e-01   5.3131457e-01   1.5610899e-01   6.4694505e-03   1.2577704e-02   7.6832980e-03
   7.3271297e-01   5.2363035e-01   4.5164614e-02   5.8915367e-03   1.3119168e-02   7.6710113e-03
   7.6488400e-01   4.4986083e-01   2.1713634e-02   4.9117118e-03   1.3319103e-02   9.0603780e-03
   7.4870653e-01   5.3865684e-01   1.0540990e-01   6.1117844e-03   1.2857483e-02   7.1514877e-03
   7.9157681e-01   5.0607787e-01   1.5806126e-01   5.5399322e-03   1.2952665e-02   7.1637038e-03
   7.7150515e-01   4.5680018e-01  -1.5171231e-02   4.8526476e-03   1.2824374e-02   9.1005962e-03
   7.4628305e-01   4.7723314e-01   1.7299148e-02   5.2306248e-03   1.2559098e-02   9.0530432e-03
   7.8639046e-01   5.2669168e-01   2.3507374e-01   5.5293234e-03   1.3217313e-02   6.9988138e-03
   7.4867539e-01   4.4760965e-01  -8.9127926e-03   3.7989575e-03   1.2942259e-02   8.1624508e-03
   7.7411847e-01   4.7605773e-01   3.3388395e-02   5.1107850e-03   1.2934318e-02   8.6178878e-03
   7.6419016e-01   5.3598968e-01   7.1246503e-02   6.7282491e-03   1.2285771e-02   9.2191006e-03
   7.9856380e-01   4.9362758e-01  -3.0403804e-02   5.3280628e-03   1.3160833e-02   9.2879227e-03
   8.1015106e-01   5.0597665e-01  -4.0337922e-02   4.6226024e-03   1.3550581e-02   1.0075557e-02
   7.9415002e-01   5.0929463e-01  -1.1787658e-01   6.6109880e-03   1.3001677e-02   1.0027815e-02
   8.0071005e-01   5.8217883e-01  -3.4144249e-03   7.1518041e-03   1.2947338e-02   9.6702898e-03
   8.8374975e-01   5.2035812e-01   7.6032530e-03   4.6512879e-03   1.4012679e-02   1.0219781e-02
   8.9575128e-01   4.7269821e-01   1.1228001e-02   6.5470205e-03   1.3991714e-02   1.0376414e-02
   9.1350764e-01   5.9553576e-01   8.4362017e-02   6.7140392e-03   1.4410680e-02   9.3540191e-03
   8.8655780e-01   4.9007619e-01  -2.6841808e-02   5.3873388e-03   1.3943433e-02   1.0375841e-02
   8.6916721e-01   4.6587319e-01  -8.7581234e-02   6.4036175e-03   1.3660376e-02   1.0880452e-02
   8.9508390e-01   6.0178952e-01  -2.9848960e-02   7.8479205e-03   1.3318293e-02   1.0857722e-02
   9.1947686e-01   5.0709206e-01  -1.6919503e-02   4.5019717e-03   1.3830023e-02   1.0359542e-02
   8.9243187e-01   4.7165322e-01  -2.6891070e-02   4.9379492e-03   1.3551555e-02   9.8492460e-03
   8.6713314e-01   5.8593146e-01   3.3956754e-02   6.6308413e-03   1.2931338e-02   9.6519621e-03
   8.3704072e-01   5.0297687e-01   4.5251747e-02   5.1435282e-03   1.2815294e-02   9.4712467e-03
   8.7049940e-01   4.6560332e-01  -6.5946099e-02   3.7463430e-03   1.4126345e-02   1.0389573e-02
   8.7829140e-01   5.3531208e-01  -8.3871014e-03   4.9587262e-03   1.3762489e-02   9.8416313e-03
   9.1731856e-01   5.8415683e-01   1.7350650e-01   2.9092153e-03   1.3881949e-02   9.5180235e-03
   8.3614976e-01   4.8049660e-01  -1.0670919e-01   3.9028869e-03   1.3294091e-02   1.0146958e-02
   8.4065053e-01   5.5726155e-01  -4.9083992e-02   6.0165988e-03   1.3158992e-02   9.9549197e-03
   9.2075653e-01   5.6298182e-01   1.4228631e-01   4.4968630e-03   1.4321546e-02   1.0136959e-02
   8.9046360e-01   4.9325404e-01  -9.3165727e-02   4.8292855e-03   1.4422239e-02   1.0226149e-02
   8.8941295e-01   5.4959594e-01  -9.6450548e-03   5.1883637e-03   1.4238475e-02   1.0437721e-02
   8.8646273e-01   5.5659266e-01   1.9097835e-01   4.8219810e-03   1.4074150e-02   1.0544093e-02
   8.4505873e-01   4.7827861e-01   8.3630716e-02   2.7481167e-03   1.3879421e-02   9.2577982e-03
   8.2320878e-01   4.9184765e-01   1.0169167e-02   4.9011139e-03   1.3771323e-02   9.8696350e-03
   7.9277883e-01   5.4216566e-01   1.6627029e-01   4.5924165e-03   1.3644532e-02   7.2696166e-03
   8.2974112e-01   5.1287969e-01  -4.9683177e-03   3.3853419e-03   1.4658361e-02   8.1308839e-03
   8.2462604e-01   5.2383633e-01   4.6293657e-02   3.9684386e-03   1.4507332e-02   8.4715291e-03
   7.6535098e-01   6.0754988e-01   7.4817006e-02   6.3872558e-03   1.3028792e-02   8.0547666e-03
   8.0436940e-01   5.6671773e-01   1.9974663e-02   4.8222448e-03   1.4037229e-02   8.4059520e-03
   7.9417860e-01   5.1413498e-01   4.3399655e-02   4.4619315e-03   1.4073815e-02   8.6864223e-03
   7.2198145e-01   6.1765616e-01   1.9934149e-01   7.0467122e-03   1.2470827e-02   7.8474761e-03
   6.9712453e-01   5.4212567e-01   2.3118112e-01   4.8412766e-03   1.1966658e-02   6.5431229e-03
   6.6032628e-01   4.9025820e-01   4.2212040e-02   4.6032852e-03   1.1896895e-02   8.0523058e-03
   6.8624973e-01   5.9317935e-01   1.4228317e-01   5.8912978e-03   1.1729325e-02   8.6455717e-03
   7.5285312e-01   5.6494410e-01   1.5621380e-01   4.2637400e-03   1.2779526e-02   8.5139345e-03
   7.2248189e-01   5.1237113e-01  -1.4381691e-02   4.5877528e-03   1.2536297e-02   9.4315695e-03
   7.0151367e-01   5.8235827e-01   7.7041487e-03   7.0162474e-03   1.2086628e-02   9.3892885e-03
   7.7085533e-01   6.3051015e-01   1.7765210e-01   5.6160375e-03   1.2457582e-02   9.5324888e-03
   7.8654739e-01   5.2735880e-01  -1.2652152e-01   4.9903172e-03   1.3343142e-02   1.0067981e-02
   7.3823326e-01   6.1069769e-01   2.6977672e-02   6.4837644e-03   1.2556224e-02   9.4449052e-03
   7.8351417e-01   6.0391373e-01   1.8163411e-01   6.0426279e-03   1.3152946e-02   9.2372727e-03
   7.3126727e-01   5.1259595e-01   3.4744736e-02   4.0633391e-03   1.2734701e-02   9.9178494e-03
   6.3420729e-01   5.2602733e-01   2.4527093e-02   5.6972503e-03   1.2205844e-02   8.8864793e-03
   6.7163781e-01   5.9804394e-01   1.3300092e-01   6.4321399e-03   1.2038653e-02   9.3256347e-03
   6.7450516e-01   5.6888611e-01   8.1534538e-02   5.7912915e-03   1.2312963e-02   9.1397499e-03
   6.5784970e-01   5.0714194e-01  -2.7229606e-02   4.9602869e-03   1.2250811e-02   9.5885909e-03
   6.7765925e-01   6.2364866e-01   1.0525874e-01   6.7742666e-03   1.2314664e-02   9.0673750e-03
   7.4700181e-01   5.8612533e-01   3.4740505e-02   5.7123665e-03   1.2842580e-02   9.7999173e-03
   6.8368874e-01   5.3835123e-01  -5.0089225e-02   5.7148880e-03   1.2509552e-02   9.6711247e-03
   6.4726433e-01   6.3831301e-01  -5.5363996e-02   8.0736694e-03   1.1793250e-02   9.4995773e-03
   7.5472897e-01   6.1125691e-01   9.0674522e-02   6.4959836e-03   1.2655458e-02   1.0279606e-02
   7.4001550e-01   5.3650873e-01  -1.2016612e-01   6.4563404e-03   1.2511348e-02   1.1255673e-02
   7.1097105e-01   6.6595143e-01   3.5589384e-02   7.4349897e-03   1.1392810e-02   1.0467653e-02
   7.6685661e-01   5.5472601e-01   1.4616053e-01   4.4779882e-03   1.2200090e-02   9.8842610e-03
   7.0457079e-01   5.0572203e-01  -8.0710012e-02   5.4118840e-03   1.1792456e-02   1.0258435e-02
   6.6828524e-01   6.3613830e-01   9.0611758e-02   7.4185238e-03   1.0900060e-02   1.0074733e-02
   7.2932870e-01   5.7829731e-01   7.9387515e-02   4.7008830e-03   1.2298797e-02   9.0852684e-03
   6.5648528e-01   5.3237529e-01  -3.4066192e-02   5.2601067e-03   1.1377484e-02   8.6283437e-03
   6.1406340e-01   6.3975194e-01   1.1507087e-01   6.9585232e-03   1.0576940e-02   8.2265861e-03
   6.1955495e-01   6.1054639e-01   1.2077615e-01   5.5247522e-03   1.0816352e-02   8.4369564e-03
   6.4003711e-01   5.2543410e-01  -2.6884028e-02   5.0101580e-03   1.1362939e-02   9.0804150e-03
   6.7213158e-01   5.9267647e-01   1.6850184e-01   5.3875036e-03   1.1441218e-02   9.3519374e-03
   7.2698311e-01   6.2604881e-01   1.5984628e-01   6.3056003e-03   1.1977343e-02   9.4177882e-03
   7.2504183e-01   5.4109299e-01  -8.1269567e-03   4.6309465e-03   1.2328469e-02   9.8447932e-03
   7.0267338e-01   6.0894621e-01  -1.7425893e-03   6.8420846e-03   1.2060845e-02   9.6659029e-03
   7.3577028e-01   6.0089366e-01   1.9931190e-01   4.0487702e-03   1.2217385e-02   9.4243097e-03
   7.4106382e-01   5.1547208e-01   8.7477382e-02   3.6270046e-03   1.2373402e-02   9.8136389e-03
   7.2858805e-01   5.5162086e-01   5.4468849e-02   5.3427225e-03   1.1861059e-02   1.0202308e-02
   7.3426872e-01   6.3322173e-01   1.7681426e-01   5.4558595e-03   1.1697060e-02   9.6875174e-03
   7.0609388e-01   5.6321842e-01  -9.5087361e-02   4.3384703e-03   1.1977325e-02   9.7587660e-03
   6.8417066e-01   6.0131929e-01  -7.8832933e-02   6.4236051e-03   1.1995687e-02   9.4578251e-03
   7.0420167e-01   6.4824704e-01   6.0714639e-02   7.8097755e-03   1.1548750e-02   9.7039407e-03
   7.6943896e-01   5.6205822e-01   2.5244048e-02   4.4500550e-03   1.2796856e-02   9.8204878e-03
   7.5015807e-01   5.5377456e-01  -5.0613857e-02   5.1445894e-03   1.2602340e-02   9.9073427e-03
   7.7072544e-01   6.5501805e-01   9.8158427e-02   5.6178840e-03   1.2542642e-02   9.6036149e-03
   7.6008776e-01   5.6775887e-01  -2.6477084e-02   5.5841864e-03   1.2588843e-02   1.0254248e-02
   7.1736496e-01   5.6751053e-01  -8.4316343e-02   6.0784163e-03   1.2907523e-02   9.2706126e-03
   6.1254297e-01   6.7122222e-01   1.3612492e-01   7.0926750e-03   1.1674163e-02   6.5069143e-03
   6.5199968e-01   6.1840414e-01   1.8156359e-01   5.8942017e-03   1.1943535e-02   6.5164060e-03
   6.4967478e-01   5.3306205e-01  -5.5666821e-02   5.8374415e-03   1.1977445e-02   8.2790154e-03
   6.9252270e-01   6.2840319e-01   5.7902141e-02   7.5007142e-03   1.2096597e-02   8.5897161e-03
   7.0288779e-01   6.4897420e-01   7.6765170e-02   8.0066367e-03   1.2281732e-02   8.2237554e-03
   7.5079107e-01   6.0513127e-01  -4.5391536e-02   5.7107933e-03   1.2505516e-02   9.6133834e-03
   7.3812330e-01   5.7842678e-01  -9.7603517e-03   6.8503174e-03   1.2710900e-02   9.0936374e-03
   7.2999903e-01   6.7706455e-01  -8.1638134e-03   8.7326099e-03   1.2176595e-02   9.4983129e-03
   7.6118743e-01   6.7892770e-01   6.2815754e-02   8.1559556e-03   1.2693246e-02   9.4139767e-03
   7.6432943e-01   5.8717615e-01  -6.3092799e-02   5.6528278e-03   1.2817360e-02   1.0106672e-02
   7.2727657e-01   6.4175565e-01   1.0548747e-02   7.3965246e-03   1.2220360e-02   9.6916122e-03
   7.8504748e-01   6.7692576e-01   1.4993760e-01   6.4859123e-03   1.2998213e-02   9.1324341e-03
   7.2254575e-01   6.1071836e-01  -1.4499679e-01   6.3107535e-03   1.2732378e-02   9.7673872e-03
   6.8776870e-01   6.5346512e-01  -4.0043923e-02   7.3254635e-03   1.2063124e-02   9.4301963e-03
   7.1543878e-01   7.5749479e-01   5.8977742e-02   1.0323515e-02   1.3105633e-02   7.2659773e-03
   7.3941614e-01   6.9234884e-01  -8.2628770e-02   7.7490524e-03   1.4802253e-02   4.9342664e-03
   6.9127722e-01   6.6087272e-01  -4.6790542e-02   9.1727306e-03   1.3622175e-02   6.5073033e-03
   6.8855775e-01   7.4963854e-01   7.3958848e-02   1.0081438e-02   1.3279877e-02   6.4158511e-03
   7.0856743e-01   6.9255381e-01   7.9323909e-02   8.9932049e-03   1.3559885e-02   6.2260620e-03
   7.0740062e-01   6.5987047e-01  -1.3601056e-01   8.2540378e-03   1.3527365e-02   7.4247987e-03
   6.9385359e-01   6.6180124e-01  -8.9321486e-02   9.7258848e-03   1.3012106e-02   7.8165918e-03
   7.3833586e-01   7.4892862e-01   9.1029356e-02   1.0449638e-02   1.3219129e-02   7.4531641e-03
   7.2980442e-01   6.8553948e-01  -7.0019763e-02   8.9917085e-03   1.3345573e-02   7.7641147e-03
   7.1093321e-01   6.5202847e-01  -1.0270984e-01   9.9838337e-03   1.3251725e-02   8.2524037e-03
   7.5378998e-01   7.3330468e-01   1.1830136e-01   1.0104811e-02   1.3683762e-02   7.3278844e-03
   6.7352155e-01   6.5242446e-01   1.8711543e-02   9.4696057e-03   1.2756721e-02   7.5978751e-03
   6.7691065e-01   6.5574783e-01  -1.4410611e-01   9.1436549e-03   1.3473175e-02   7.9791625e-03
   6.6437868e-01   7.4715151e-01   2.6606932e-02   1.0361397e-02   1.3096521e-02   7.4981365e-03
   6.7363629e-01   7.0667043e-01   1.8451173e-03   1.0072878e-02   1.2746856e-02   7.7953766e-03
   6.2984885e-01   6.3043640e-01  -8.6077643e-02   8.6559323e-03   1.2804810e-02   6.9516279e-03
   6.4397657e-01   7.2126938e-01  -5.0945483e-03   1.0863962e-02   1.2597360e-02   7.1793656e-03
   7.0611166e-01   7.4319783e-01   1.3016264e-01   9.5675912e-03   1.3335542e-02   7.2048815e-03
   6.1674030e-01   6.4494114e-01  -6.8848469e-02   8.9140268e-03   1.2234971e-02   7.9398967e-03
   5.9314721e-01   6.5205560e-01  -5.0801004e-02   1.0628232e-02   1.2518475e-02   6.8358808e-03
   5.6942074e-01   7.6343013e-01   1.4389734e-02   1.1614778e-02   1.2191481e-02   6.9223782e-03
   5.8772019e-01   6.8795496e-01  -1.0961607e-01   1.0059264e-02   1.2582418e-02   7.0944764e-03
   5.5561112e-01   6.2949423e-01  -8.1100287e-02   1.0220735e-02   1.2130166e-02   7.6330945e-03
   5.5582578e-01   7.6464697e-01   4.9320283e-02   1.1822745e-02   1.1837082e-02   6.2283508e-03
   5.7701659e-01   7.1003800e-01   2.9664893e-02   1.0735084e-02   1.2113944e-02   6.6301635e-03
   5.9567841e-01   6.2839518e-01  -1.1728298e-01   8.7548996e-03   1.2478987e-02   7.6532022e-03
   5.7748118e-01   7.6575504e-01  -7.1451728e-02   1.1493194e-02   1.1683402e-02   7.6677595e-03
   6.3431302e-01   7.3585373e-01   8.5490847e-02   1.0339491e-02   1.2401448e-02   7.6218554e-03
   6.2310706e-01   6.8700347e-01  -1.7150151e-01   1.0444759e-02   1.2498982e-02   8.3909213e-03
   6.1578523e-01   7.8284622e-01  -1.2062510e-01   1.2348459e-02   1.2084382e-02   8.3327666e-03
   6.5814398e-01   7.8423778e-01   6.8224151e-02   1.1437943e-02   1.2272299e-02   8.2193658e-03
   6.9752958e-01   6.9458217e-01  -9.5785753e-03   9.0607913e-03   1.3239882e-02   8.0889418e-03
   6.6701278e-01   7.0966778e-01  -1.6508006e-01   1.1588395e-02   1.2597415e-02   9.0460914e-03
   6.9933176e-01   7.8104947e-01   5.4660284e-02   1.0491237e-02   1.3393984e-02   7.4539309e-03
   5.7834599e-01   6.6081373e-01   3.1726656e-02   8.2989717e-03   1.2330630e-02   4.9160696e-03
   5.5844368e-01   6.9074025e-01  -7.8559808e-02   1.0842770e-02   1.2592521e-02   6.6598463e-03
   5.4278791e-01   7.9866425e-01  -2.8478507e-02   1.2618100e-02   1.1954670e-02   6.6410350e-03
   5.3867354e-01   7.7471773e-01   2.8755994e-02   1.1671067e-02   1.1820632e-02   6.3976454e-03
   5.8690501e-01   7.1452140e-01  -5.2522368e-02   9.6869964e-03   1.2597280e-02   6.4845158e-03
   5.5156563e-01   7.0805917e-01  -1.8615939e-02   9.9257726e-03   1.2758758e-02   6.1098120e-03
   5.5941855e-01   7.6305281e-01   1.9095076e-01   9.9437874e-03   1.2316527e-02   6.0673682e-03
   5.9277690e-01   6.9039482e-01  -1.4261731e-01   9.9965508e-03   1.3285071e-02   6.7269451e-03
   5.5894986e-01   6.8556349e-01  -8.4232276e-02   1.0985731e-02   1.2617503e-02   6.8237950e-03
   3.8425291e-01   8.2971858e-01   6.8762858e-02   1.2125000e-02   1.0117848e-02   4.5763435e-03
   5.2144991e-01   7.1978373e-01  -2.8919695e-02   9.9801481e-03   1.2183190e-02   5.5618472e-03
   5.1760337e-01   6.9520470e-01  -1.0180598e-01   1.1248448e-02   1.2276517e-02   6.5295855e-03
   5.3605595e-01   8.1041756e-01   6.7099576e-02   1.2309907e-02   1.2182678e-02   5.3132632e-03
   5.2808700e-01   7.5720356e-01   6.9317258e-02   1.1508216e-02   1.2033232e-02   5.5712575e-03
   4.9594316e-01   6.7700427e-01   2.8293649e-02   9.6033505e-03   1.2205986e-02   5.0889988e-03
   4.7247279e-01   7.5379959e-01  -3.2402161e-02   1.2295805e-02   1.1981776e-02   5.1072930e-03
   4.7012829e-01   7.9619707e-01   8.5394274e-02   1.1423508e-02   1.1219198e-02   5.0694379e-03
   5.0893463e-01   7.0707647e-01  -4.5785968e-02   9.9472043e-03   1.1892679e-02   6.0075232e-03
   5.4394062e-01   7.3911092e-01  -1.0085993e-03   1.1487437e-02   1.2411876e-02   6.1142549e-03
   5.4474677e-01   7.8420432e-01   1.3630039e-01   1.1564627e-02   1.2171370e-02   6.0240094e-03
   5.6560327e-01   7.5716044e-01   7.0499109e-02   1.1325703e-02   1.2258353e-02   6.2886693e-03
   5.6346680e-01   6.7483414e-01  -3.4585807e-03   1.0411408e-02   1.3063799e-02   5.9191613e-03
   5.0738130e-01   7.3542552e-01  -6.3794057e-02   1.1945090e-02   1.2476823e-02   5.6255112e-03
   5.5145672e-01   8.0835824e-01   9.8593745e-02   1.2180637e-02   1.2114846e-02   6.0931882e-03
   5.2538106e-01   7.0801806e-01  -9.1046991e-03   1.1007167e-02   1.2294929e-02   5.9352222e-03
   4.8011443e-01   7.2317158e-01  -5.7401194e-02   1.1481323e-02   1.1809379e-02   6.5120432e-03
   4.7583115e-01   7.5639949e-01  -4.0201143e-02   1.2506322e-02   1.1472595e-02   6.5610138e-03
   5.4916101e-01   7.8816794e-01   8.7100842e-02   1.2198448e-02   1.1689228e-02   6.9873718e-03
   4.3248043e-01   7.0068699e-01   8.9761832e-02   9.3055645e-03   1.0728183e-02   4.6076808e-03
   3.7696983e-01   6.8028897e-01   2.5440682e-02   1.0330633e-02   9.9382640e-03   4.0314031e-03
   4.8933684e-01   8.2128268e-01   7.6743352e-02   1.2100719e-02   1.0781961e-02   5.8136900e-03
   5.3068020e-01   7.5790111e-01   7.6138930e-02   1.1310628e-02   1.1505143e-02   5.9387658e-03
   5.3680379e-01   7.4782599e-01  -1.1182261e-01   1.0290376e-02   1.1105441e-02   6.1510568e-03
   4.7727667e-01   7.9973981e-01  -2.2179858e-02   1.2743676e-02   1.0202559e-02   6.0046335e-03
   5.3733086e-01   8.3229467e-01   4.7416368e-02   1.2492527e-02   1.0851162e-02   6.5140731e-03
   5.6181064e-01   7.6849461e-01  -4.7503110e-02   1.0417318e-02   1.1293551e-02   6.7524541e-03
   5.8537394e-01   7.2408344e-01  -6.6322655e-03   1.0905158e-02   1.1846153e-02   6.8301449e-03
   6.1341473e-01   8.3470521e-01   1.3795594e-01   1.1804870e-02   1.1796649e-02   6.9606829e-03
   6.5728994e-01   8.0540856e-01  -2.7769853e-02   1.1287198e-02   1.2592240e-02   7.3079701e-03
   6.5648583e-01   7.3663612e-01  -3.6971191e-02   1.0497941e-02   1.2741999e-02   7.5827171e-03
   6.1292262e-01   8.1927068e-01   5.8284509e-02   1.2902081e-02   1.2181459e-02   6.5712216e-03
   6.0738497e-01   8.1564252e-01   1.2267015e-01   1.0753807e-02   1.2335158e-02   6.0197123e-03
   5.8633855e-01   7.7757252e-01  -1.5551113e-01   1.1363674e-02   1.1947023e-02   7.7839046e-03
   5.2938609e-01   8.5960560e-01  -1.4315954e-01   1.2548983e-02   1.0671181e-02   7.8091261e-03
   5.8700964e-01   8.7971000e-01   6.6771907e-02   1.2353693e-02   1.1407525e-02   7.5554735e-03
   5.8049153e-01   7.9227032e-01  -1.5480609e-01   1.0856843e-02   1.1832092e-02   7.8970339e-03
   5.3872044e-01   8.3269302e-01  -1.7504364e-01   1.3038860e-02   1.1059779e-02   8.2278336e-03
   6.2884439e-01   9.0487249e-01   1.2867596e-01   1.2428136e-02   1.1362152e-02   8.3193197e-03
   6.4788155e-01   7.3145348e-01  -1.8299475e-01   1.1827130e-02   1.2156294e-02   7.8028850e-03
   6.2508469e-01   9.0135781e-01  -3.5383857e-02   1.3306343e-02   1.1122785e-02   7.7151417e-03
   6.5914484e-01   8.1888498e-01  -3.4484995e-02   1.1794229e-02   1.1660898e-02   7.4286657e-03
   6.2968290e-01   7.6568785e-01  -1.5787093e-01   1.1518499e-02   1.1694084e-02   7.8432563e-03
   6.0876846e-01   8.9638191e-01  -1.1689953e-01   1.3640883e-02   1.1024412e-02   7.8942198e-03
   6.3581694e-01   8.6779760e-01  -1.3060885e-02   1.2470216e-02   1.1520241e-02   7.5434386e-03
   6.2768284e-01   8.2545297e-01  -1.4806612e-01   1.1928308e-02   1.1354827e-02   7.8070743e-03
   5.8476801e-01   7.7293545e-01  -1.2840512e-01   1.2316626e-02   1.1264040e-02   7.4906886e-03
   5.8092865e-01   9.1804067e-01  -6.2803870e-02   1.4525854e-02   1.0905182e-02   7.2279386e-03
   6.0306243e-01   8.3871337e-01  -2.4398071e-02   1.3110266e-02   1.1292109e-02   7.2516778e-03
   6.0683319e-01   8.2446413e-01  -1.2729572e-01   1.1881898e-02   1.1362881e-02   7.4657922e-03
   6.1250012e-01   8.4571181e-01  -6.8021218e-02   1.3498793e-02   1.1143825e-02   7.5076067e-03
   6.2657231e-01   8.7567182e-01   8.5030283e-02   1.2218292e-02   1.1223183e-02   7.2304902e-03
   6.0895000e-01   7.8738254e-01  -3.1723327e-02   1.0288487e-02   1.0756234e-02   7.4201244e-03
   6.2521398e-01   8.0359141e-01  -2.8845213e-02   1.1845593e-02   1.1272765e-02   7.7509026e-03
   6.2935687e-01   8.9591516e-01  -5.3792528e-02   1.4144026e-02   1.0988098e-02   8.2361181e-03
   6.3285837e-01   8.7738852e-01   2.7988729e-02   1.3499843e-02   1.1241214e-02   7.8646881e-03
   6.6946846e-01   7.9279923e-01  -1.9018410e-01   1.1269219e-02   1.1971563e-02   8.5875131e-03
   6.5006106e-01   9.0053295e-01  -6.2624364e-02   1.4334081e-02   1.1502706e-02   8.0200233e-03
   6.8072416e-01   8.7428617e-01   2.5164029e-02   1.3038671e-02   1.1649627e-02   7.8788397e-03
   7.0548681e-01   8.0358400e-01  -3.7337334e-02   1.1906451e-02   1.2380366e-02   8.0678635e-03
   6.4529587e-01   8.5477041e-01  -1.6676693e-01   1.5920340e-02   1.1804683e-02   7.9891489e-03
   9.0591000e-01   9.2171432e-01  -5.0933207e-01   1.8459830e-02   1.5850228e-02   2.6869687e-03
   8.8863478e-01   9.8405154e-01  -1.7829990e-01   1.5625771e-02   1.4674487e-02   5.1673787e-03
   9.0303205e-01   8.7732023e-01  -3.2484126e-01   1.4641333e-02   1.4873929e-02   6.7072474e-03
   7.8228827e-01   9.6342391e-01  -1.3673550e-01   1.5113922e-02   1.3469684e-02   3.3334804e-03
   7.9282803e-01   9.5089112e-01  -5.7411879e-02   1.5587158e-02   1.3138235e-02   3.5470767e-03
   7.5659752e-01   9.0507431e-01  -8.6744272e-02   1.5161129e-02   1.3068440e-02   3.5681779e-03
   7.3199155e-01   8.1475187e-01  -2.3849328e-01   1.3687395e-02   1.3440335e-02   3.7106691e-03
   6.5381870e-01   9.7851097e-01  -1.1748184e-01   1.5182298e-02   1.2593551e-02   1.7986110e-03
   7.6965794e-01   9.6194778e-01  -2.8930790e-02   1.4496171e-02   1.3721368e-02   2.5552191e-03
   7.5573160e-01   8.6738376e-01  -2.9030965e-01   1.3764386e-02   1.3669009e-02   3.8837657e-03
   7.1183556e-01   9.6662010e-01  -1.8916911e-01   1.6572861e-02   1.3059386e-02   3.7108327e-03
   7.7678638e-01   9.4890463e-01  -1.1997984e-01   1.6021707e-02   1.3636877e-02   4.2099343e-03
   7.5473344e-01   9.1116265e-01  -3.2209035e-01   1.4283664e-02   1.3424160e-02   4.7756425e-03
   7.2629894e-01   9.0933387e-01  -2.0080272e-01   1.6015214e-02   1.3019412e-02   4.3581118e-03
   7.2840504e-01   9.4720408e-01  -8.7567711e-02   1.5422003e-02   1.3586312e-02   2.6488491e-03
   7.3913947e-01   9.5261010e-01  -2.4973527e-01   1.3896748e-02   1.3338928e-02   2.4095650e-03
   7.4447041e-01   9.0604627e-01  -3.4827957e-01   1.4280822e-02   1.3599384e-02   4.5773793e-03
   7.7882406e-01   1.0002615e+00  -2.0868395e-01   1.6137725e-02   1.3351589e-02   5.3360621e-03
   8.3275608e-01   9.7306490e-01  -1.7495542e-01   1.3970921e-02   1.3378923e-02   5.7020026e-03
   8.0447872e-01   8.9836062e-01  -3.7088317e-01   1.4240926e-02   1.3359870e-02   5.3832302e-03
   7.9534404e-01   1.0050383e+00  -1.6866055e-01   1.5984307e-02   1.2861891e-02   5.1524343e-03
   8.5669808e-01   9.1488755e-01  -5.8857463e-02   1.3569704e-02   1.3549428e-02   5.3384856e-03
   8.1653530e-01   8.5611886e-01  -3.1569788e-01   1.3856609e-02   1.3219501e-02   6.1448801e-03
   8.1526903e-01   9.9494090e-01  -1.7118990e-01   1.6218340e-02   1.2691814e-02   6.5376608e-03
   8.7487726e-01   9.2757384e-01  -1.1601062e-01   1.3497214e-02   1.4080476e-02   5.4879709e-03
   8.5997643e-01   8.4819006e-01  -2.1652801e-01   1.2768375e-02   1.4051674e-02   5.5446144e-03
   7.7371979e-01   9.7186959e-01  -1.9312845e-01   1.5375984e-02   1.2954728e-02   5.0984413e-03
   8.0090314e-01   9.7302254e-01  -1.9473072e-01   1.4290190e-02   1.3462453e-02   5.2673425e-03
   8.1534625e-01   8.9901871e-01  -2.2907507e-01   1.2139426e-02   1.3668098e-02   6.0690133e-03
   8.0000416e-01   9.3994228e-01  -1.6849870e-01   1.4198336e-02   1.3124835e-02   5.3207979e-03
   7.8932968e-01   9.8831229e-01  -1.4762054e-01   1.5144248e-02   1.2678407e-02   5.5726783e-03
   8.2730037e-01   8.9668915e-01  -2.3159808e-01   1.2832780e-02   1.4067326e-02   5.2994623e-03
   8.1989572e-01   8.7394314e-01  -2.7102483e-01   1.3842628e-02   1.4128565e-02   5.7096747e-03
   8.0639097e-01   9.9785383e-01  -4.4193036e-02   1.4228447e-02   1.3751756e-02   4.6439838e-03
   8.1072344e-01   8.4651724e-01  -9.2652718e-02   1.1506452e-02   1.3644410e-02   5.2883495e-03
   7.8314016e-01   8.7706401e-01  -2.9246034e-01   1.4591320e-02   1.3805372e-02   5.5786738e-03
   8.1582389e-01   1.0088142e+00  -7.3317206e-02   1.4268301e-02   1.4371057e-02   4.5876153e-03
   7.5200845e-01   9.1234851e-01  -3.1944624e-01   1.3240677e-02   1.4105130e-02   4.6253958e-03
   6.8159067e-01   9.9258680e-01  -2.4448288e-01   1.6055107e-02   1.3386017e-02   4.1082887e-03
   7.2498641e-01   1.0481722e+00  -1.2007638e-01   1.6011541e-02   1.3287035e-02   4.0856419e-03
   7.3774147e-01   9.7105942e-01  -3.0745904e-01   1.4493779e-02   1.3794277e-02   4.8282043e-03
   7.3848970e-01   9.1929939e-01  -2.7393932e-01   1.4566601e-02   1.3879033e-02   4.6259333e-03
   7.1604859e-01   1.0000163e+00  -2.5054181e-01   1.6060696e-02   1.3436305e-02   4.0401681e-03
   7.7098638e-01   9.6956678e-01  -8.7856917e-02   1.4420890e-02   1.4022960e-02   4.2342972e-03
   7.1175179e-01   9.0259770e-01  -2.6189035e-01   1.3489656e-02   1.3355333e-02   4.6464203e-03
   6.7788659e-01   1.0267966e+00  -2.7407732e-01   1.6358134e-02   1.2571800e-02   4.6622698e-03
   7.3457906e-01   1.0032522e+00  -1.7345889e-01   1.5781652e-02   1.3162710e-02   4.6431780e-03
   7.7114005e-01   9.0282045e-01  -1.6743237e-01   1.2600371e-02   1.3810548e-02   4.7426607e-03
   7.6182372e-01   9.3158283e-01  -1.7590361e-01   1.4556423e-02   1.3543460e-02   4.5465805e-03
   7.3267636e-01   1.0217515e+00  -1.5455742e-01   1.6505853e-02   1.3043141e-02   4.2316093e-03
   7.3862958e-01   9.2271530e-01  -1.4204229e-01   1.4179049e-02   1.3233540e-02   4.2385558e-03
   6.6355157e-01   9.3627731e-01  -2.6157650e-01   1.2783761e-02   1.1948869e-02   4.2504692e-03
   6.7815266e-01   1.0383657e+00  -2.7454671e-01   1.6227212e-02   1.1959049e-02   4.6440920e-03
