   0.0000000e+00   0.0000000e+00   0.0000000e+00   0.0000000e+00   0.0000000e+00   0.0000000e+00
   5.2167307e-02  -2.8322825e-02   6.5356546e-03  -1.0361428e-03   6.6775458e-04  -3.0343540e-04
   1.9855681e-02   1.2253746e-01   2.7199052e-01  -3.0716015e-04   7.0195398e-04  -4.1266758e-05
  -2.2405167e-02   8.5251616e-03  -1.7000381e-01   5.1818755e-04  -4.9570585e-04   1.2919341e-04
  -5.3774171e-03  -1.1208988e-02  -2.6320982e-02   1.4920874e-03  -4.2729030e-04  -4.0373983e-05
  -2.0682698e-04   4.4883318e-02   3.6045452e-02   1.1175472e-03  -1.6272098e-04  -4.0700686e-05
  -9.9165209e-03   1.1223377e-01   4.9969389e-02   1.5136519e-03  -4.1277118e-04   1.8826200e-04
  -1.8854716e-03   4.4903893e-02   6.6037588e-02   6.3509562e-04  -2.1500520e-04  -8.9557102e-05
  -8.9350152e-03   7.3331731e-02   8.5974994e-03   1.0932258e-03  -2.6089548e-04  -5.1130077e-05
  -1.5334552e-03   5.5333600e-02   2.9326741e-02   1.0042014e-03  -7.2326031e-04   2.2655576e-05
   1.1677474e-02  -1.6443038e-03  -7.0862962e-02  -2.3090263e-03  -2.7432294e-03   5.4271561e-04
   1.3983325e-02   3.7590674e-02   9.2289496e-02  -1.7744628e-03  -2.2542137e-03  -5.8060033e-04
   8.9358144e-02  -7.0990166e-02  -4.6016064e-02  -1.7878577e-04  -1.1547253e-03  -1.0839410e-03
   7.7429616e-03   6.6660663e-02   2.7991130e-02   4.7649247e-04  -1.2300461e-03  -3.8776000e-04
   3.6617654e-03  -8.4640769e-02   1.7254805e-01  -9.2283956e-04  -9.1441196e-04  -3.9623494e-04
  -1.3392135e-02   1.7752675e-02  -1.1835272e-02   5.2517433e-05  -1.2471760e-03  -2.2604550e-04
  -1.6246166e-02   1.4481064e-02   6.3106248e-02   3.9812611e-04  -1.3537337e-03  -1.7990685e-04
   6.0650585e-04  -2.2716482e-03   1.2982737e-02   3.8053289e-04  -1.2911061e-03  -2.7753721e-04
  -3.2385243e-03   1.6547369e-03   1.7206239e-03   6.4987448e-04  -1.3775229e-03  -2.6217669e-04
  -2.2655745e-02   7.7641821e-02   1.0783996e-01   6.1667655e-04  -1.4385407e-03  -2.2760347e-04
  -3.4799291e-02   1.2994563e-03  -1.5564624e-02   1.4991794e-03  -1.6605903e-03   1.7236779e-05
  -2.7549248e-02   3.2797281e-03   1.0466718e-01  -9.2250435e-04  -1.0981840e-03  -2.8501424e-04
   1.2580177e-03  -2.3357392e-01  -2.0124993e-02  -2.4377062e-03  -2.2934978e-04   4.3185587e-04
  -4.3675953e-02   2.1626101e-02   1.0944793e-01  -3.1563224e-04  -1.3318621e-03  -8.7857746e-05
  -9.3317165e-02   8.9145981e-02   8.2207824e-02   1.1512703e-03  -1.7918137e-03   3.5757800e-04
  -7.3606142e-02  -1.0715430e-01   4.8567635e-02  -6.4294960e-04  -1.6528704e-03  -7.9630525e-05
  -1.0655272e-01   6.4565027e-02   5.1897628e-02   8.0661784e-04  -1.9501393e-03   1.1426575e-04
  -9.0980399e-02  -2.7830110e-02   1.1214210e-02   4.7088534e-04  -1.8601443e-03   2.7092758e-04
  -1.1237157e-01   3.3318774e-02   1.5903078e-01   1.5242814e-04  -1.8302957e-03   2.2497564e-04
  -8.9723824e-02   1.2081395e-02   3.4599182e-02   3.0897343e-04  -1.6250783e-03   2.4093503e-04
  -1.1291595e-01   9.8152817e-02   1.1199563e-01   7.4539719e-04  -1.8135870e-03   3.5016728e-04
  -9.2514521e-02  -9.7597005e-03   1.9490203e-02   6.3316972e-04  -1.7097485e-03   3.1601493e-04
  -8.7821555e-02  -7.1565235e-03   4.3834472e-02   7.0802103e-04  -1.8786163e-03   2.4504246e-04
  -1.0849537e-01   7.5237226e-02   9.3389652e-02   2.9400810e-04  -1.8984578e-03   2.7020192e-04
  -8.9426137e-02  -3.1392189e-02   2.0056795e-02   2.9266453e-04  -1.7167702e-03   1.5577329e-05
  -1.0801236e-01   4.9859693e-02   9.0632765e-02   1.3110476e-03  -2.1431455e-03   4.4771534e-04
  -8.5697064e-02   3.3535090e-02   1.0973857e-01   1.5613444e-04  -1.2744586e-03  -3.3063796e-04
   4.4062945e-02   6.0611773e-02  -7.8444079e-02   1.6190385e-03  -8.4427251e-04  -2.3682946e-04
   2.4472945e-02  -4.9941482e-02   6.9352650e-02  -4.1851016e-04  -7.3527416e-04   4.9648299e-05
   4.9092743e-02   1.8560792e-01   1.3284665e-01   1.3017762e-03  -7.6207161e-05  -9.1267488e-05
  -2.3279375e-03   5.9770176e-02  -1.4225148e-01   2.4491171e-04  -2.2536541e-03   2.1350464e-04
  -3.2663606e-02  -4.7276647e-02  -3.3346631e-02   1.0693369e-03  -1.9882653e-03   3.3508918e-04
  -6.0673800e-02   8.2536852e-02   1.4630719e-01   1.1142578e-03  -1.6334260e-03   5.1138398e-04
  -6.7313164e-02  -1.0149876e-02   3.7967774e-02   1.1418270e-03  -1.6456260e-03   4.0093045e-04
  -6.2654975e-02   2.3949314e-02   5.7063431e-02   2.0459491e-03  -1.7012201e-03   5.2798188e-04
  -4.0541217e-02  -1.5254429e-02   1.0214135e-01   1.0601646e-03  -1.2665672e-03   1.4642590e-04
  -4.4133299e-02   1.0310534e-01   6.2729757e-02   1.9816895e-03  -1.0813661e-03   4.8537617e-04
  -3.7665105e-02   5.5512878e-02   2.0952272e-02   2.0993734e-03  -1.1314418e-03   4.6718542e-04
  -1.4990547e-02   2.2650854e-02   5.6535292e-02   2.0870774e-03  -7.9809011e-04   4.2177739e-04
  -1.7761997e-02   8.4349809e-02   2.3284477e-01   7.4194547e-04  -2.6116716e-04   4.9479664e-04
  -4.2031011e-02   1.7048657e-01  -7.4860069e-02   1.2860416e-03  -6.8252575e-04   8.7860162e-04
  -2.5709961e-02   7.0639705e-02  -7.6712990e-02   1.5693271e-03  -8.2281295e-04   7.6747843e-04
  -2.1419589e-02  -5.4493711e-02   8.4833046e-02   1.7610297e-03  -8.4586217e-04   5.4073236e-04
  -3.4850298e-02   7.5121261e-02   1.1406722e-01   1.8290126e-03  -4.9975226e-04   6.6890247e-04
  -2.4406439e-02   3.0642472e-02   4.7979040e-03   1.5219027e-03  -1.3118066e-03   1.0569301e-03
  -1.9874546e-02   6.1880292e-02   2.8729961e-02  -7.8619046e-04  -1.6103970e-03   1.5313506e-04
  -3.1203465e-02   9.6960734e-02   1.6761475e-02  -6.4409710e-04  -6.0950366e-04   1.9258075e-04
  -1.0238355e-02  -3.1340796e-02   3.0873490e-02   6.8135775e-04  -4.2378639e-04   5.8610253e-04
  -1.3664914e-02  -5.0875539e-02   1.2966583e-02   1.2064809e-03  -7.4446052e-04   5.0602914e-04
  -5.4781471e-02   5.4352425e-02   9.5342763e-02   1.3513438e-03  -1.1156488e-03   5.9849479e-04
  -7.3524132e-02  -5.8339160e-03   1.7351020e-01   6.7223838e-04  -1.0766225e-03   4.7003745e-04
  -6.6551689e-02  -3.7146326e-02   4.6508912e-02   1.2699123e-03  -1.1653584e-03   3.8183662e-04
  -9.2710385e-02   6.9170849e-02   1.4449598e-01   1.8681195e-03  -1.2964650e-03   5.3593686e-04
  -6.5267812e-02  -7.3797697e-02   1.3921106e-01   1.2347097e-03  -9.9420665e-04   3.3329907e-04
  -7.8178908e-02   3.8269010e-02   1.4550382e-01   2.4691700e-03  -1.2252163e-03   6.6873286e-04
  -5.2793687e-02  -1.3883643e-02   1.0809632e-01   1.2182587e-03  -6.6745597e-04   1.8101983e-04
  -6.0057697e-02   7.1931909e-02   3.3067407e-01   3.1107227e-04  -9.7393817e-05   3.7419499e-04
  -1.0915517e-01   5.4178512e-02   3.5325348e-03   1.0540905e-03  -1.1180784e-03   7.0534793e-04
  -8.8394093e-02  -2.1015990e-02  -2.1739881e-02   2.4492632e-03  -1.3906099e-03   7.9662411e-04
  -7.7943152e-02   3.2462391e-02   1.1571214e-01   1.7810323e-03  -9.8760405e-04   4.7683413e-04
  -6.9757074e-02   4.0992897e-03   5.4145388e-02   1.4331324e-03  -1.0314265e-03   3.7667087e-04
  -7.9382130e-02   1.3131182e-01   1.5547105e-01   1.0887890e-03  -1.1050183e-03   4.9457109e-04
  -6.4873116e-02  -2.0333880e-02  -4.9483577e-02   2.1004163e-03  -1.0346981e-03   8.2030440e-04
  -5.3345798e-02   7.3558033e-03   1.2877305e-01   7.6932197e-04  -3.8296010e-04   2.4151637e-04
  -5.1707448e-02   5.2778452e-02   1.4632629e-02   1.8123163e-03  -6.6550452e-04   4.1008505e-04
   2.5048653e-01   1.8560948e-01  -1.7604148e-01   1.3532748e-03   9.2524025e-03   2.0134915e-03
   1.6968793e-01   5.1904112e-02   5.6376609e-02  -1.3162469e-04   4.6046260e-03   5.3555622e-04
   1.3205094e-01   3.5077922e-02  -4.5284959e-03   1.4784348e-03   3.3566862e-03   7.3544889e-04
   1.3342373e-01   1.0967015e-01   9.0486126e-02   1.8388317e-03   3.0384393e-03   8.5409706e-04
   1.0826645e-01  -2.3315878e-01   4.7944052e-02  -1.2673375e-03   1.8862405e-03  -9.9360455e-05
   5.7708858e-03   5.0224885e-02   1.6243438e-01  -2.5765646e-03  -4.2389602e-04  -1.9458996e-04
   2.5920727e-02  -1.2989523e-01  -1.8558060e-02   1.0218845e-03  -6.3893610e-04   5.9244378e-04
   4.7020497e-02  -2.8985769e-02   1.5442878e-01  -2.6592158e-04   3.6396936e-04  -4.9643749e-05
   3.4861525e-02  -5.4602585e-02   8.9415688e-02  -1.7829042e-04   4.7691504e-04   4.9301404e-05
   1.2063794e-03   5.8549529e-02   1.4959498e-01   9.2735064e-04   1.7216275e-04   2.0432881e-04
   2.0170153e-02  -4.8393994e-02   2.8459794e-03   1.2723712e-03   5.3782958e-05   1.8169487e-04
  -3.6939577e-03  -8.3994022e-03   1.3469195e-01   1.3024260e-03  -2.4637959e-04   2.6216208e-04
   8.4934715e-03   8.2537371e-03   2.1681228e-01  -3.0892332e-04   5.0633663e-04   2.3759444e-04
   3.1371104e-02  -1.6631743e-02  -8.5485911e-03   1.1935271e-03   2.6818329e-04   3.4716797e-04
   3.0139972e-02  -4.3494949e-02   1.0084511e-01   3.3393841e-04   7.7167992e-04   9.2090854e-05
   1.5577964e-02   1.3153475e-01   1.8996639e-01   8.4588493e-04   8.7067687e-04   2.8466626e-04
   1.5766991e-02  -2.5795420e-02  -2.1344744e-02   2.0024352e-03   1.9288117e-04   4.7363954e-04
   4.5133419e-02  -1.1548823e-02   1.0523507e-01   1.2375255e-03   8.3874315e-04   2.4976148e-04
   1.4172627e-02   9.1003033e-02   2.1269183e-01   7.0589695e-04   1.0742173e-03   1.4674053e-04
   8.3942293e-03   7.6547114e-02  -1.3716470e-02   2.3697424e-03   3.9845179e-04   6.0260628e-04
   2.6077863e-02  -2.3874844e-02   7.9367437e-02   1.4685203e-03   8.3063157e-04   1.5021947e-04
   7.0939558e-03   1.7393433e-01   1.2871267e-01   1.9636650e-03   6.6449772e-04   3.0742295e-04
   3.9626743e-02  -3.0874439e-02   1.8109453e-02   2.0832323e-03   6.0023938e-04   6.4968902e-05
   3.0691884e-02   1.0501715e-01   2.1647449e-01   4.2472866e-04   9.9259767e-04  -1.9866177e-04
   3.5818877e-02  -2.5745344e-02  -2.7186599e-02   7.6820225e-04   3.0579051e-04  -3.4557397e-04
   4.1569729e-02  -8.2945100e-02   6.1761837e-02   6.1168633e-04   4.4474855e-04  -3.8616995e-04
   2.3793521e-02   4.2681265e-02   5.7913015e-02   1.1217067e-03   3.0314795e-04  -8.3203583e-05
   5.1167101e-02   1.6177836e-03   7.2167573e-02   1.3842800e-03   7.4561676e-04  -2.1655514e-04
   3.4512830e-02   1.1410021e-01   1.5511822e-01   1.2448993e-03   1.0079505e-03  -2.9639700e-04
   5.9525555e-02  -4.1323817e-02   4.8016226e-02   9.4060874e-04   1.0350848e-03  -1.4279415e-04
   4.3191185e-02   1.1253801e-01   1.0562368e-01   1.6451023e-03   8.7151318e-04  -9.6977141e-05
   6.4975526e-02  -1.2552141e-02   6.7432797e-02   7.2705276e-04   1.2141773e-03  -4.8207950e-04
   6.5313631e-02   1.5276320e-01   3.0169228e-01   8.9714546e-04   1.9156216e-03  -4.0350350e-04
   5.9652681e-02   1.8159007e-01  -1.6688604e-01   1.2685966e-03   1.4845860e-03  -2.0568646e-04
   8.7376818e-02   2.9727804e-01  -2.5328683e-01   1.2693550e-03   1.8618360e-03  -2.7903382e-04
   8.9684134e-02   2.8086193e-01  -1.4309436e-01   1.7605297e-03   1.8561118e-03  -6.3247743e-05
   4.9179773e-02   1.1738616e-01   8.2251094e-03   2.8939578e-03   1.0838562e-03   4.5285577e-04
   6.7943722e-02  -2.8843873e-03   1.3268603e-01   6.9659017e-04   1.5461981e-03  -2.7639725e-04
   7.9027830e-02   2.5952356e-01  -1.3458340e-03   1.7906412e-03   1.6555584e-03  -1.3062373e-04
   1.1138506e-01   2.9111529e-01  -2.7562367e-01   2.0518589e-03   1.7293714e-03  -1.8070253e-04
   1.0169225e-01   2.0945527e-01  -9.7896636e-02   2.8731120e-03   1.4786579e-03  -4.5973923e-05
   1.1481884e-01   1.6729693e-01  -7.6438509e-02   3.0215971e-03   1.5668138e-03  -2.3803111e-04
   1.0939844e-01   1.6697957e-01   1.0879206e-01   1.0994963e-03   2.3614317e-03  -3.8483348e-04
   9.7110884e-02   3.3283849e-01   3.4628664e-02   2.4029565e-03   1.9329879e-03  -2.3926808e-04
   1.3126811e-01   3.1252384e-01  -3.7139035e-01   1.1391571e-03   2.2408157e-03  -4.7730616e-04
   8.6778928e-02   2.6686752e-01  -1.0291526e-01   1.4257887e-03   1.3350198e-03  -2.5333856e-04
   8.3316684e-02   2.4200081e-01  -1.3878810e-01   2.5917004e-03   1.4749544e-03  -9.8264684e-05
   7.3794054e-02   1.0670850e-01  -5.4596004e-02   2.5148715e-03   1.4358205e-03   2.7114700e-05
   7.9723700e-02   1.7732169e-01   1.2789274e-01   1.1791343e-03   1.5679266e-03  -3.0167008e-04
   6.8090553e-02   2.4482537e-01  -5.7226294e-02   2.5154587e-03   1.2978497e-03  -8.2979012e-05
   5.2317264e-02   6.1981740e-02  -6.2362255e-02   2.9373310e-03   8.9187018e-04   8.3284663e-05
   6.5167412e-02   1.4376511e-01   3.8043460e-02   2.9480159e-03   1.1577265e-03  -8.6916459e-05
   9.1022307e-02   1.7462375e-01  -1.9170134e-02   2.4494755e-03   1.1330639e-03   4.9648260e-04
   1.3597094e-01   1.2875394e-01  -8.1791902e-03   1.2182005e-04   1.8595788e-03  -3.9460643e-04
   1.1723131e-01   3.1758827e-01  -1.2844248e-01   1.8222237e-03   1.6743822e-03  -2.7173929e-04
   9.8533974e-02   1.4171349e-01  -1.2419078e-01   2.9559511e-03   9.7064480e-04  -3.3805404e-04
   1.0456896e-01   1.6194306e-01   1.8872524e-02   2.1486452e-03   1.3420198e-03  -4.8205315e-04
   1.0442574e-01   2.0166758e-01  -6.4557985e-02   2.9688635e-03   1.0842483e-03  -2.9895019e-04
   1.0748242e-01   1.1373490e-01   3.1535384e-02   1.7584289e-03   1.2195113e-03  -4.5749171e-04
   1.1546142e-01   3.2009094e-01   1.5332946e-03   1.7831543e-03   1.5125936e-03  -4.5077964e-04
   1.3091790e-01   2.9145603e-01  -2.7869233e-01   2.2208475e-03   1.3534741e-03  -3.9994705e-04
  -7.2742805e-02   2.7215771e-02  -1.8920049e-01  -7.3641680e-04  -4.4237934e-03  -1.3464270e-03
   2.2188030e-02   6.7265179e-02   2.2588448e-02  -2.1509024e-05  -1.3541096e-03  -5.9989149e-04
   6.6715748e-02   2.0909947e-01  -1.3708126e-01   2.5840668e-03  -3.0326512e-04  -4.3567029e-04
   6.2588653e-02   1.3757430e-01   1.1582196e-02   2.0228259e-03  -1.9739670e-04  -4.8555979e-04
   2.1222713e-01   2.8168843e-01  -1.3317985e-01  -1.9285029e-03   5.1073099e-04  -6.1565773e-04
   1.9427891e-01  -3.8459434e-01   4.2470625e-01  -1.1349392e-02   3.4589149e-03  -2.5316793e-03
   1.7543182e-01  -5.5791366e-02   3.0131587e-01  -2.5532946e-03   1.6064480e-03  -5.6939805e-04
   1.2322966e-01   1.0335845e-01   1.1446649e-01  -5.8272866e-04   8.3841189e-04  -5.3054026e-04
   5.7181547e-02   2.1632178e-01   1.2638134e-01   9.0902414e-05   1.4538281e-04  -3.7531384e-04
   1.0490622e-01   1.6634063e-01  -2.1984896e-01   1.3298002e-03   7.4887479e-05  -4.4829399e-04
   9.8832569e-02   1.8549742e-01  -5.6540771e-02   2.4463415e-03  -1.6928122e-04  -5.0139027e-04
   7.9370142e-02   2.2213797e-01   2.4573027e-01   1.3088223e-03   1.2307987e-04  -7.7233022e-04
   5.6543946e-02   1.6060509e-01   4.1285635e-02   1.1101770e-03  -2.7005455e-04  -4.1556553e-04
   8.5036799e-02   6.7702561e-02  -7.3197588e-02   2.4487439e-03  -6.2977945e-04  -5.0095333e-04
   1.0232222e-01   1.6938207e-01   5.1314937e-02   2.9103947e-03  -2.3151175e-04  -6.2906385e-04
   1.1245692e-01   2.3540180e-01   1.5039984e-01   2.6060709e-03  -3.3838405e-06  -6.7063606e-04
   1.5113970e-01   3.0865665e-01  -1.7414793e-01   3.0296233e-03   3.4852160e-04  -3.8835490e-04
   1.6479633e-01   3.6410407e-01  -1.8923151e-01   4.3490835e-03   5.6307917e-04  -7.8304960e-05
   8.2234032e-02  -1.5242907e-01   5.7627421e-02  -2.3577885e-03  -1.4323479e-03  -1.7697379e-03
   8.7231058e-02   1.6859221e-01   9.7688230e-02   1.2445835e-03  -1.9796385e-03  -1.3586720e-03
   1.5159559e-01   8.4517945e-02  -4.1057853e-02   2.6990847e-03  -7.8072892e-04  -1.1744703e-03
   1.4980382e-01   2.3404838e-01   1.6240341e-01   2.8143134e-03   2.0307058e-04  -1.1210261e-03
   1.7992274e-01   2.7140797e-01  -1.5127285e-01   3.4312362e-03   5.3833293e-04  -7.7990699e-04
   1.8498618e-01   1.2030630e-01   2.7972888e-02   3.6522289e-03   3.4661571e-04  -8.9288198e-04
   1.9466706e-01   2.1696828e-01   6.6897397e-04   4.1040964e-03   4.6199144e-04  -7.8962406e-04
   1.9471696e-01   2.1514549e-01   4.0290968e-02   3.8369386e-03   6.2109033e-04  -8.7997021e-04
   1.9311055e-01   1.7001564e-01   6.9978647e-02   3.3006429e-03   7.3456819e-04  -1.0924681e-03
   1.8427908e-01   3.0723503e-01   2.1166982e-01   2.9005082e-03   1.1018932e-03  -1.0861127e-03
   1.7433016e-01   1.6841484e-01  -1.1179260e-01   3.6833192e-03   5.0881910e-04  -7.9796379e-04
   2.0295527e-01   8.7575351e-02   1.4495843e-02   3.3757779e-03   8.1423214e-04  -9.3713859e-04
   2.1561490e-01   1.7876391e-01   1.7106560e-02   4.0728314e-03   1.1432063e-03  -8.1740796e-04
   2.0247231e-01   1.7390888e-01   6.3383942e-02   4.0232353e-03   7.4296294e-04  -5.3214316e-04
   2.3921209e-01   2.3345053e-01   4.9109529e-02   4.6189039e-03   1.7044724e-03  -7.8732510e-04
   2.5979563e-01   1.9662851e-01   3.7307257e-02   4.3126462e-03   1.8848980e-03  -8.3231431e-04
   2.6728480e-01   1.9815631e-01   9.5353152e-02   3.6402295e-03   2.0416960e-03  -9.9739631e-04
   2.7195505e-01   3.6197796e-01   1.7340054e-02   4.0074420e-03   2.4146576e-03  -7.2209648e-04
   3.0960256e-01   3.6211270e-01  -1.8597470e-01   4.2423140e-03   2.5048311e-03  -7.1863668e-04
   3.0066501e-01   2.5015232e-01  -5.6209016e-02   5.0871523e-03   2.1815298e-03  -6.3797218e-04
   3.1139964e-01   1.8605895e-01   8.5097813e-02   3.8966097e-03   2.4459284e-03  -1.1062415e-03
   3.5102730e-01   1.2405005e-01   4.2298627e-02   4.0609085e-03   2.4880408e-03  -6.4309171e-04
   3.3661509e-01   1.3269428e-01  -9.4865858e-02   4.2117572e-03   2.4550593e-03  -5.0638415e-04
   3.1575102e-01   2.6706734e-01  -5.2823480e-02   4.8438313e-03   2.2279004e-03  -4.1852393e-04
   3.3681920e-01   1.2443447e-01   8.4868741e-02   3.8656789e-03   4.5275927e-03  -3.3143323e-04
   4.1164708e-01   5.3035176e-02  -4.2200810e-02   1.8414320e-03   4.2164114e-03  -3.6875741e-04
   3.2507902e-01   2.3778470e-01  -1.1258852e-01   3.2558500e-03   3.2509268e-03   1.6125405e-04
   2.7504573e-01   5.2366801e-02  -4.3742890e-02   3.0892373e-03   2.8700931e-03   5.2747691e-04
   3.0049118e-01   1.6407248e-01  -8.8316890e-02   3.2466552e-03   3.0563128e-03   1.3118544e-05
   3.4970299e-01   1.7676156e-01  -1.6105708e-01   4.0519398e-03   3.1170895e-03  -1.3968960e-04
   3.1797430e-01   1.6989034e-01  -6.2688105e-02   3.8472721e-03   3.0418095e-03   5.0075716e-05
   3.0804956e-01   1.7863410e-01  -4.6299575e-02   4.1707119e-03   2.9444925e-03  -2.6295389e-05
   3.1248923e-01   7.0819214e-02  -1.1054720e-01   3.6803771e-03   2.7071422e-03  -1.0198488e-04
   3.1131304e-01   1.5253551e-01  -1.1111787e-01   3.8614977e-03   2.6733860e-03  -1.3798062e-04
   2.8729181e-01   2.5736112e-01   1.5634471e-02   3.2684605e-03   2.2859198e-03  -1.2228408e-04
   3.2064397e-01   1.3512264e-01  -2.5456521e-01   4.1352567e-03   2.4270532e-03  -5.6064140e-05
   3.3743531e-01   2.1484056e-01  -1.4338661e-01   3.5970549e-03   5.1066583e-03   5.2486602e-04
   3.2020858e-01   1.6596434e-01  -7.7150527e-02   2.4659688e-03   4.0525046e-03   2.1160940e-04
   2.9544791e-01   2.7479920e-01  -1.1069807e-01   3.6819381e-03   3.2909132e-03   3.1869667e-04
   3.2573863e-01   1.2908583e-01  -1.8923713e-01   3.8712376e-03   3.3509299e-03   1.1984983e-04
   3.1772454e-01   2.9416722e-01  -6.7118784e-02   3.3302641e-03   3.5382903e-03  -7.1140945e-06
   3.1129176e-01   1.2062050e-01  -1.8422551e-01   4.2836789e-03   2.6621496e-03   3.4220052e-04
   3.2817698e-01   1.6269650e-01  -1.2193148e-01   3.9646320e-03   3.1074324e-03  -2.1100121e-05
   3.3621666e-01   1.5216016e-01  -1.0955495e-01   3.5680748e-03   3.1199393e-03  -7.3163887e-05
   3.4344190e-01   1.3149111e-01  -9.8296352e-02   4.1708029e-03   3.2841033e-03   6.0427542e-05
   3.2700137e-01   2.0493712e-01  -1.6047809e-01   2.5650713e-03   1.2656371e-03   6.1804956e-04
   3.2731942e-01   6.5277442e-02  -2.5547147e-01  -8.7600165e-04   1.4975259e-03  -5.9785226e-04
   2.1281150e-01  -1.6936120e-01   5.4326459e-02  -6.5153387e-03  -3.5722429e-04  -1.8861411e-03
   1.3570368e-01  -1.4711419e-01  -1.7853700e-01  -1.1672979e-03  -1.2829706e-03  -3.3820920e-04
   2.0767701e-01  -6.7178672e-02  -1.8262963e-01  -8.4757042e-05  -9.9536872e-04  -3.0390480e-04
   2.1357141e-01   3.4554735e-03  -5.7041768e-02   8.1257882e-04  -4.5229290e-04  -6.6147880e-04
   3.0118805e-01  -1.0208814e-01  -3.1287096e-02  -1.3232851e-03  -3.5124384e-04  -1.4388245e-03
   2.6190150e-01   1.6368165e-01  -1.4937742e-01  -4.4420302e-04   2.0632033e-04  -9.5172457e-04
   3.4385273e-01  -7.9190583e-02  -4.7729475e-01  -2.9215266e-03   2.9704230e-04  -1.4423920e-03
   2.6647451e-01  -2.4654271e-01  -1.8543572e-01  -1.5358287e-03   1.1810678e-03  -1.5367699e-04
   2.4443073e-01  -5.8026812e-02   1.3317499e-02   4.8704581e-05   2.7463464e-04  -4.5809833e-04
   2.3487939e-01   3.6221371e-02  -3.7821847e-02   1.4707465e-03   1.5684336e-04  -2.6430331e-04
   2.3780865e-01  -6.6881393e-02  -7.5107328e-02  -3.0655221e-05   5.4450235e-04  -7.0199194e-04
   2.1295431e-01   1.4094152e-01  -1.8360131e-01   1.2593305e-03   1.3369406e-05  -5.9418685e-04
   2.3589890e-01   1.7284599e-01  -3.3638416e-01   1.7254741e-03   7.0131360e-05  -7.3058698e-04
   2.5726291e-01   8.6498160e-02  -2.0488113e-01   2.3623053e-03  -9.2420011e-05  -8.3492227e-04
   2.5688373e-01   3.7623123e-03  -6.2360429e-02   9.7723906e-04   5.7425406e-04  -8.9418811e-04
   2.1585206e-01   1.8989598e-01   4.7417664e-02   1.5388444e-03   2.0163338e-04  -8.9603644e-04
   2.3496545e-01   1.8693801e-01  -3.9710622e-01   1.6840358e-03   5.4853036e-04  -8.7577042e-04
   2.1758239e-01   7.2635733e-02  -1.7210681e-01   3.4833180e-03  -1.4339812e-06  -7.3101097e-04
   2.2251213e-01   6.5839775e-02  -2.7058762e-02   2.6595061e-03   8.2729340e-05  -1.0175979e-03
   2.1850601e-01   2.2345771e-01  -6.2460104e-02   3.2701382e-03  -1.2538068e-04  -9.0220719e-04
   2.1975976e-01   1.8549299e-02  -1.9058473e-01   3.4020052e-03  -5.4815673e-04  -9.6801565e-04
   2.2266854e-01   1.0058650e-01  -6.2365193e-02   3.1243947e-03  -2.9784388e-04  -1.1539532e-03
   2.3335645e-01   1.7946654e-01  -1.1217582e-01   4.0109632e-03  -2.7794865e-04  -9.5949704e-04
   2.1392457e-01   1.3345676e-01   1.0359693e-03   3.3191745e-03  -4.1740769e-04  -1.0684923e-03
   1.7774611e-01   2.4112926e-01   1.8465394e-02   1.2905408e-03  -1.2025235e-03  -1.0655098e-03
   2.0038668e-01   1.5638571e-01  -2.5287198e-01   9.7641952e-04  -8.0040122e-04  -1.0814456e-03
   1.8718261e-01  -6.2159579e-02  -7.5010875e-02   2.5439718e-03  -1.2803630e-03  -8.8371217e-04
   1.9128671e-01   1.1934657e-01   1.8529799e-02   2.7323225e-03  -9.5572869e-04  -8.7050780e-04
   2.1306966e-01  -6.5862969e-02  -1.8769184e-01   2.9414663e-03  -7.2189267e-04  -8.9980700e-04
   2.0722179e-01  -1.3078782e-02  -3.7967770e-02  -8.1659322e-04  -2.7974169e-04  -1.8264571e-03
   1.6840163e-01  -5.7990738e-02  -1.1230641e-01  -3.9005971e-03  -1.8042945e-03  -1.5379061e-03
   2.2962319e-01  -6.3865248e-02  -2.0033579e-01  -1.6417793e-03  -1.4388452e-03  -1.6277493e-03
   2.0344559e-01   6.7339484e-03  -1.1072619e-01  -1.7289179e-04  -1.5809138e-03  -1.3703070e-03
   2.2228605e-01  -2.2319388e-02  -2.4844884e-02  -1.1751047e-03  -6.3811860e-04  -1.8343017e-03
   2.5584247e-01   2.4296725e-01  -3.0120746e-01   2.0024502e-03   2.9047470e-03   3.8546167e-05
   4.9969730e-01  -7.4818658e-02  -6.7070871e-01  -3.5988872e-03   1.8672651e-03  -1.3661136e-03
   4.8845483e-01  -3.0581573e-01  -2.6956565e-01  -6.7601972e-03   6.3504955e-04  -2.0851966e-03
   2.7271247e-01   6.4571378e-02   4.1067401e-01  -1.7401286e-03   6.3938692e-04  -3.2053910e-04
   2.3888186e-01   1.4921394e-01  -5.8629221e-02   2.0837610e-03   5.9878081e-05  -3.7496140e-04
   2.7282567e-01   8.1300721e-02  -1.6797377e-01   2.2312019e-03   3.6678059e-04  -5.3315554e-04
   2.2058674e-01   1.7242786e-01   1.0765375e-01   1.9010465e-03   2.7584189e-04  -3.8081115e-04
   2.3966760e-01   4.7531156e-02  -1.1965633e-01   2.4828536e-03  -5.5053683e-05  -2.4041194e-04
   1.9271158e-01   1.9518002e-01  -4.3006488e-02   2.2612897e-03  -2.7408417e-04  -1.8918258e-04
   2.0504005e-01   7.6900677e-02  -1.3062586e-01   2.1476167e-03  -3.5168256e-04  -2.6776472e-04
   2.4560579e-01   1.0457917e-01  -6.8269377e-02   1.8936729e-03   9.9152674e-04  -6.0014361e-04
   3.0295784e-01   1.8548872e-01  -1.5983158e-01   1.7861217e-03   3.1785531e-03   7.4553662e-05
   2.9078744e-01   1.8690151e-01  -8.1529676e-02   1.7300090e-03   1.8706595e-03  -6.6125145e-04
   2.0367002e-01   1.8985802e-01  -6.4591407e-01  -1.6478345e-03  -8.3921881e-03  -2.7859608e-03
  -2.9913086e-02   3.2940290e-02   1.1954053e-01  -1.3452817e-03  -5.6636109e-03  -1.1528368e-03
   1.0845451e-01   2.1760959e-01  -4.0816041e-01   2.8975566e-03  -3.4000161e-03  -8.9053051e-04
   1.3131246e-01   5.1589125e-02  -1.1644832e-01   9.7504905e-04  -2.1802882e-03  -5.0447066e-04
   1.8103818e-01   2.0740053e-01  -1.8479891e-01   1.9863056e-03  -2.0143328e-03  -4.4259184e-04
   1.8003535e-01   2.0850636e-01  -3.2111629e-01   2.1387579e-03  -1.9023748e-03  -5.5555399e-04
   1.6887553e-01   1.5758521e-01  -1.0579325e-01   1.0618267e-03  -1.4514993e-03  -5.0462059e-04
   1.3691496e-01   2.4553891e-01   5.7370030e-02   1.4990781e-03  -1.5376013e-03  -3.6735961e-04
   1.0930211e-01   2.6033208e-01  -3.8629653e-01   2.2646450e-03  -2.2138549e-03  -1.9607084e-04
   1.2549782e-01   1.9715454e-01  -4.1783759e-01   3.5506098e-03  -1.9833218e-03  -1.9524868e-04
   1.0939244e-01   2.0611275e-01  -1.9077428e-01   3.2901385e-03  -1.9861178e-03  -3.1987020e-04
   1.1497865e-01   2.3320554e-01  -2.1052154e-01   3.4741880e-03  -1.9160788e-03  -3.3808670e-04
   9.3556675e-02   3.3572302e-01  -1.4799075e-01   2.4740135e-03  -2.0532220e-03  -9.7820217e-05
   1.0644990e-01   3.7067123e-01  -4.8479533e-01   3.3831796e-03  -2.1631711e-03   4.5597885e-05
   1.1722995e-01   3.9764881e-01  -4.5159120e-01   3.9237755e-03  -1.8194088e-03   1.1117816e-04
   1.3062792e-01   3.0310797e-01  -3.1459397e-01   4.5478680e-03  -1.4864390e-03   7.3436550e-05
   1.5721198e-01   4.1573127e-01  -1.8186396e-01   4.1955177e-03  -4.1245953e-04   1.4482522e-04
   1.7418883e-01   5.0197251e-01  -4.7946310e-01   4.5536476e-03  -4.3349211e-04   5.1570366e-04
   1.8598867e-01   4.9084889e-01  -5.6288647e-01   4.3673636e-03  -3.0848347e-04   2.8252380e-04
   1.4785120e-01   3.3350521e-01  -3.6300844e-01   5.4868347e-03  -1.0417804e-03   3.9493586e-04
   1.5146191e-01   3.0390186e-01  -1.9795213e-01   3.8138292e-03  -6.0262273e-04   1.1860794e-04
   1.3642922e-01   4.1565713e-01  -3.3112715e-01   4.0553967e-03  -1.2532271e-03   4.0789777e-04
   1.5696234e-01   2.8374866e-01  -4.0505805e-01   4.9665469e-03  -6.0012456e-04   3.2443701e-04
   1.7499936e-01   2.5689730e-01  -3.1378602e-01   2.8668917e-03  -6.6672853e-04  -2.0959861e-04
   1.1081975e-01   4.1337848e-01  -1.9855477e-01   3.6108650e-03  -1.0725513e-03   1.6132933e-04
   1.1644454e-01   2.4213517e-01  -3.7146865e-01   4.2959114e-03  -1.2953729e-03   5.2281915e-05
   1.3023256e-01   2.5363183e-01  -2.1444704e-01   4.1088336e-03  -1.1812552e-03   5.1230556e-06
   1.2049115e-01   3.4588023e-01  -2.1263560e-01   4.1332180e-03  -1.1290796e-03   3.3571421e-05
   1.2291186e-01   2.9252808e-01  -3.0271930e-01   4.1992869e-03  -1.2558990e-03  -1.0930596e-04
   1.0923351e-01   4.0962525e-01  -1.8036728e-01   3.7556641e-03  -1.0967325e-03  -1.4430149e-05
   1.1057756e-01   4.3784996e-01  -3.4133739e-01   3.8120234e-03  -1.4052298e-03  -1.9179982e-05
   8.2316594e-02   2.3961291e-01  -3.4926275e-01   4.4930957e-03  -1.9994548e-03   1.8617495e-04
   1.0391787e-01   2.9838583e-01  -2.4095603e-01   4.1904830e-03  -1.5397791e-03  -1.1181878e-04
   1.0308670e-01   3.7656365e-01  -2.9446867e-01   5.0419695e-03  -1.4688935e-03   4.8515129e-05
   9.7312542e-02   4.3370658e-01  -2.2088950e-01   4.6142037e-03  -1.3293182e-03   1.0403411e-04
   1.0610210e-01   3.7238516e-01  -3.8852368e-01   4.9331677e-03  -1.5703872e-03   3.7833559e-05
   1.1565746e-01   3.3210167e-01  -2.9251477e-01   4.7819075e-03  -1.7066523e-03  -1.4952507e-04
   1.8551344e-01   3.5237024e-01  -2.9946624e-01   3.9273197e-03  -1.1205413e-03  -4.7352846e-04
   9.5562599e-02   4.0467558e-01  -2.0790387e-01   3.4228986e-03  -2.4011613e-03  -3.8698832e-04
   1.4661944e-01   3.4614041e-01  -6.4942875e-01   1.6059033e-03  -2.1414030e-03  -6.8839845e-04
   1.2593617e-01   9.8591545e-02  -2.8673944e-01   1.8474909e-03  -1.8892702e-03  -5.1935558e-04
   6.5622617e-02   2.4922433e-01  -1.7911591e-01   3.0725480e-03  -2.0939704e-03  -4.4637460e-05
   5.8114767e-02   2.0183083e-01  -5.3609046e-02   2.5825268e-03  -1.8006844e-03  -4.4012182e-05
   5.7865646e-02   3.4766387e-01  -2.4639798e-02   3.4773859e-03  -1.8588466e-03   1.4093232e-05
   6.7347387e-02   1.9380516e-01  -3.5554736e-01   4.1863050e-03  -2.0643756e-03   2.3081176e-04
   7.5419902e-02   1.9390541e-01  -1.8249986e-01   3.7466748e-03  -1.8164285e-03  -1.5869790e-04
   5.7859802e-02   3.2853290e-01  -1.0551500e-01   4.1419889e-03  -1.7528321e-03   5.2074399e-05
   7.5675622e-02   1.7956372e-01  -1.8424762e-01   5.1908424e-03  -1.8270541e-03   7.9229207e-06
   7.5258687e-02   2.6965173e-01  -1.2397053e-01   4.3702810e-03  -1.7410101e-03  -1.4024803e-04
   7.4931164e-02   3.0469697e-01  -1.0080269e-01   3.2823741e-03  -1.5487524e-03  -2.5207576e-04
   6.7718980e-02   3.7475428e-01  -6.5338434e-02   3.7668255e-03  -1.7086417e-03  -1.3778242e-04
   4.7040291e-02   2.1610376e-01  -3.5688644e-01   4.6428514e-03  -2.4551863e-03  -9.7311981e-07
   5.4973585e-02   1.8151185e-01  -1.7402489e-01   3.7463853e-03  -2.2222108e-03  -1.3834535e-04
   6.7483682e-02   2.6827044e-01  -1.6942759e-01   3.9002910e-03  -2.2179634e-03  -3.4911141e-04
   8.1741626e-02   3.7911660e-01  -9.5650230e-02   3.6703460e-03  -2.0167534e-03  -4.7092774e-04
   9.0848345e-02   3.2674361e-01  -3.6320053e-01   4.1329951e-03  -2.0287180e-03  -2.1683143e-04
   1.0156914e-01   3.0962144e-01  -2.6713103e-01   4.7700806e-03  -2.2599525e-03  -3.3566627e-04
   2.5053686e-01  -2.2098186e-01  -1.8930135e-01  -3.2879317e-03   5.1956836e-04  -2.0574394e-03
   1.5193227e-01   4.3117637e-02  -1.9156216e-01   7.4678923e-05  -1.5448612e-03  -1.2850341e-03
   1.3690852e-01   1.9237916e-01  -1.7854344e-01   2.4591712e-03  -1.9290319e-03  -6.1995756e-04
   1.0926841e-01   3.2627324e-01  -2.3834901e-03   2.8254870e-03  -1.7258862e-03  -5.1753850e-04
   1.2969206e-01   3.6392761e-01  -4.8087134e-01   2.9006303e-03  -1.6017913e-03  -4.2560525e-04
   1.0455425e-01   3.2661730e-01  -3.1792594e-01   3.1497395e-03  -2.3073314e-03  -3.3736716e-04
   1.2053457e-01   1.6884348e-01  -2.1746476e-01   2.0057278e-03  -2.1558952e-03  -6.7546984e-04
   1.2500680e-01   1.4650813e-01  -1.0867367e-01   2.0270592e-03  -1.8293623e-03  -7.4132235e-04
   1.1430980e-01   1.9607386e-01  -7.5137453e-02   2.1512693e-03  -2.0112923e-03  -8.0401092e-04
   1.3153918e-01   1.5197007e-01  -2.2548139e-01   2.6961661e-03  -2.0361972e-03  -8.5877654e-04
   1.1494538e-01   2.3221171e-01  -6.1414887e-02   1.6776361e-03  -1.8637582e-03  -8.8973954e-04
   1.3172506e-01   2.2726363e-01  -3.2559431e-01   2.3724371e-03  -1.9836293e-03  -7.5670007e-04
   1.3434546e-01   1.6031150e-01  -2.0493348e-01   3.0791121e-03  -1.8830908e-03  -9.5155711e-04
   1.2055077e-01   2.8949887e-01  -1.2063452e-01   1.7581158e-03  -1.2718096e-03  -1.1004038e-03
   1.4780958e-01   2.2397110e-01  -3.6844745e-01   2.3564467e-03  -1.4203907e-03  -6.9421282e-04
   1.1939364e-01   1.2904452e-01  -8.7219885e-02   1.0650323e-03  -1.4774363e-03  -8.3502856e-04
   1.1955573e-01   3.1948725e-01  -2.7103794e-01   2.3913370e-03  -1.7491901e-03  -7.4211029e-04
   1.1965065e-01   1.5572423e-01  -2.0568488e-01   2.1565600e-03  -1.6890473e-03  -7.7117255e-04
   1.2268437e-01   1.6683819e-01  -1.5371819e-01   1.8530038e-03  -1.6503171e-03  -8.8887217e-04
   1.1787679e-01   3.6621577e-01  -9.7819865e-02   2.1179103e-03  -1.3025462e-03  -9.3620692e-04
   9.9373985e-02   2.9790485e-01  -3.7213153e-01   2.8993191e-03  -1.8877381e-03  -5.9211724e-04
   8.8010970e-02   1.3606497e-01  -2.1970471e-01   3.2230806e-03  -2.3708434e-03  -6.0123465e-04
   8.8237639e-02   2.0438133e-01  -1.5406776e-01   2.6191062e-03  -2.1792085e-03  -6.9958956e-04
   1.0266952e-01   2.2244793e-01  -2.2229121e-01   2.7938480e-03  -2.0730687e-03  -4.4993088e-04
   2.0155576e-01   2.6684672e-01  -3.8057409e-01   1.0956083e-03  -1.6092708e-03  -1.1685540e-03
   1.3453403e-01  -1.1255484e-01  -2.4801406e-01  -1.9147606e-03  -1.7948956e-03  -7.2264195e-04
   5.9901114e-02   9.9611936e-02  -7.9077187e-03  -9.2598518e-04  -2.6119904e-03  -7.9484286e-04
   2.8407602e-02   2.3288523e-01  -1.3148655e-02  -5.3156349e-04  -2.9049137e-03  -8.6466765e-04
   5.0175757e-02   1.5940043e-01  -3.2508865e-01   8.9538813e-04  -2.8452004e-03  -6.6316542e-04
   6.0598995e-02   1.1441189e-01  -1.4154829e-01   6.9618399e-04  -2.7332413e-03  -7.1503946e-04
   4.6053178e-02   2.4258168e-01   2.9109469e-02  -1.3762816e-04  -2.4335092e-03  -8.8075528e-04
   1.1950489e-02   1.7879979e-01  -1.7703868e-01   8.7415984e-04  -3.3433540e-03  -6.5883161e-04
   2.8151035e-02   7.0428283e-02  -2.8494665e-01   7.5493351e-04  -3.8073987e-03  -6.8839814e-04
   3.1226886e-02   8.3813788e-02  -1.8361177e-01  -3.1982085e-03  -8.5039521e-03  -2.5920914e-03
  -6.3037854e-02  -3.3249368e-01   5.0296384e-02  -7.9474897e-03  -5.8833859e-03  -1.3790724e-03
  -2.9444730e-03   1.6323699e-01  -8.9321901e-02   6.3687063e-04  -3.8321099e-03  -6.4613247e-04
  -6.3600332e-03   2.7371640e-01  -3.4965326e-01   2.6962221e-03  -4.0360073e-03  -4.2229471e-04
   7.2343315e-03   3.5444866e-01  -2.2979099e-01   3.3496577e-03  -3.2860407e-03  -1.6528449e-05
   5.1676836e-02   5.6246136e-02  -2.5549738e-01  -1.6922370e-03  -4.1041862e-03  -1.2177655e-03
  -1.1243429e-02   1.0490804e-01  -2.0538049e-01  -1.4319239e-03  -5.7590011e-03  -6.0013692e-04
   6.9624723e-02   1.2916074e-01  -2.8126893e-01  -6.8364006e-04  -4.1105599e-03  -1.6433336e-03
   1.8962245e-02   1.4403876e-01  -5.0634425e-02  -1.7255690e-04  -2.9420632e-03  -9.4225863e-04
   1.8900093e-02   3.6251109e-01  -3.7903912e-01   1.2613413e-03  -2.6913335e-03  -3.9993889e-04
   5.9021868e-03   2.4656804e-01  -4.2356702e-01   1.1149266e-03  -3.5599004e-03  -3.2074228e-04
   3.1977611e-02   7.0997621e-03  -3.4127365e-01   3.7347773e-05  -3.4298610e-03  -2.9585014e-04
  -3.0196601e-03   1.6139465e-01  -7.2503506e-02  -4.1987432e-04  -3.6247621e-03  -5.9717288e-04
  -3.8043121e-02   2.7164170e-01  -1.4854837e-01   1.5325465e-03  -4.2171337e-03  -2.7635808e-04
   5.8436615e-04   1.2615894e-01  -2.3265084e-01   7.8482881e-04  -3.4997570e-03  -6.5159739e-04
  -2.2299902e-02   2.5159938e-01  -2.4344396e-01   2.1311189e-03  -4.0372610e-03  -4.5227076e-04
  -3.0612598e-03   1.7916360e-01  -2.2901406e-01   1.9682873e-03  -3.6361255e-03  -5.5039467e-04
   4.7512482e-03   2.3608185e-01  -1.8155119e-01   1.8089885e-03  -3.3683787e-03  -4.0964571e-04
   4.6229140e-03   2.8382048e-01  -1.6481637e-01   1.5284321e-03  -3.1831283e-03  -6.2487625e-04
  -1.4955822e-02   3.3590525e-01  -3.2996452e-01   3.3760679e-03  -3.8070322e-03  -1.6905006e-04
   1.8064016e-03   1.7915114e-01  -2.0363226e-01   2.1697005e-03  -3.6884430e-03  -3.7457213e-04
   1.4262585e-02   2.6319584e-01  -2.4059432e-01   3.2407717e-03  -3.3708989e-03  -4.8552081e-04
   1.6270587e-02   2.9847929e-01  -1.5160822e-01   2.4028039e-03  -3.1163933e-03  -5.2835868e-04
   8.3982704e-03   3.9926323e-01  -5.1049337e-02   2.5449253e-03  -2.4812333e-03  -4.8697630e-04
   8.8561277e-04   3.8115988e-01  -3.0786529e-01   3.3822628e-03  -2.8625066e-03  -1.5741786e-04
  -1.0895668e-03   2.3870569e-01  -4.2804766e-01   4.4503610e-03  -3.3251135e-03   2.9003360e-05
  -8.3781908e-03   2.7988675e-01  -1.7581464e-01   4.0696271e-03  -3.4239141e-03  -2.7303076e-04
   1.0938517e-02   2.7490035e-01  -2.0136144e-01   4.0274638e-03  -3.2163115e-03  -2.0809660e-04
  -2.5696051e-03   3.9611709e-01  -1.4824034e-01   4.3227522e-03  -3.1074463e-03  -2.4995120e-04
   4.0531183e-02   2.9312893e-01  -2.4532442e-01   4.2129272e-03  -2.5919928e-03  -3.2109118e-04
   2.0421521e-02   3.9065192e-01  -2.0399524e-01   4.2741378e-03  -2.7836405e-03  -2.1708388e-04
   2.0461318e-02   3.5601755e-01  -2.2951084e-01   3.4642126e-03  -2.7881508e-03  -4.4353035e-04
   2.9357074e-02   3.8257218e-01  -2.4873425e-01   4.0194617e-03  -2.3323141e-03  -2.1650569e-04
   1.6307534e-01   1.7009729e-01  -1.6512964e-01  -8.3506937e-04   3.0794632e-04  -1.0257102e-03
   7.2306146e-02   9.6724467e-03  -1.4988555e-01   6.2426393e-04  -3.0687114e-03  -8.3019715e-04
   6.7415419e-02   2.2842021e-01  -1.0796539e-01   1.1807882e-03  -2.8432155e-03  -5.2640132e-04
   1.6315771e-01   2.5721178e-01  -2.6480338e-01  -7.6517688e-05  -4.2551996e-03  -2.3573101e-04
   2.6697244e-02  -2.5843903e-02   2.1877754e-01  -6.8400003e-03  -3.8250694e-03  -6.6305269e-04
   7.2598445e-02   1.9297200e-01  -2.6781079e-01   1.8860575e-03  -2.3877192e-03  -3.8244361e-04
   4.5993152e-02   3.2768558e-01  -7.0943736e-02   3.5806014e-03  -2.5492185e-03  -3.2296207e-04
   6.0313109e-02   2.4805082e-01  -1.0757355e-01   2.7139865e-03  -2.3594464e-03  -5.9144146e-04
   1.2187101e-01   4.8980012e-01  -1.1006321e-01   3.1544975e-03   4.0553663e-04   1.4794194e-04
   1.9039082e-01   3.1489432e-01  -4.0663557e-01   3.3738221e-03  -3.5324501e-04  -1.4498036e-04
