   0.0000000e+00   0.0000000e+00   1.4210855e-14   0.0000000e+00   0.0000000e+00   0.0000000e+00
  -9.9847416e-02   1.4889541e-01   4.8889081e-01   2.0486976e-03  -1.3591041e-03  -5.3333073e-04
   3.9354532e-03   1.5993551e-01   2.4445217e-02   3.4800574e-03  -9.4170530e-04  -4.2702881e-04
  -8.0150497e-02   1.7970056e-01  -1.0396158e-03   2.7994962e-03  -1.5379818e-03  -6.3590101e-04
  -5.1018665e-02   1.8967800e-01   9.2004034e-02   1.5918901e-03  -1.1734619e-03  -6.2479210e-05
  -1.5030169e-02   2.1429784e-01   6.9992308e-01   5.2046277e-03  -2.8816698e-06  -2.1373862e-04
  -1.2026217e-02   1.4111786e-02   3.0567935e-01   1.3509695e-03   4.0038143e-04   2.8299134e-04
   1.1210837e-01   3.9168694e-01   7.1361675e-01   5.1237668e-03   3.8095545e-04   2.3767022e-04
   1.3172483e-02   7.6115746e-02   5.2307714e-02   3.9971963e-04  -1.7045359e-03   2.0269571e-05
   9.6438498e-02   3.1375824e-01   6.1351174e-01   2.9850193e-03   3.8892064e-04   5.7075713e-04
   2.9903196e-01  -3.6115002e-01  -1.5364289e-01  -3.7717225e-03   3.6179265e-03   3.7451790e-03
   2.7224448e-01  -2.4235064e-01   2.4280977e-01  -1.2205832e-03   3.2906503e-03   2.7397544e-03
   1.9487258e-01  -3.5098301e-01   4.1039446e-01  -2.1938699e-03   3.3814985e-03   6.9025932e-04
   1.4842900e-01  -2.0889130e-01  -4.9155010e-03  -1.4173185e-03   2.4796380e-03   3.1070244e-03
   1.8404435e-01  -1.6619116e-01   4.6106922e-01  -4.0999351e-04   3.5561428e-03   7.9523692e-04
   2.4060998e-01  -1.9151922e-01   2.5072726e-01  -1.1226195e-03   4.4046201e-03   1.2184769e-03
   2.6470518e-01  -3.2654089e-02   6.6151227e-01   5.3737931e-04   5.9502989e-03   9.9062347e-04
   3.1525460e-01  -3.8825739e-01   1.5448613e-01  -4.3406872e-03   6.2279372e-03   1.5991908e-03
   3.1248004e-01  -9.9050096e-02   7.1243230e-01  -6.0885786e-04   5.7409057e-03   1.9868136e-03
   3.1819592e-01  -3.0937457e-01   6.9314411e-01  -2.0641886e-03   6.0688426e-03   1.9530464e-03
   3.6439845e-01  -3.5638357e-01   4.3432530e-01  -3.6646251e-03   7.1934055e-03   1.7581115e-03
   4.1463737e-01  -3.2474814e-01   8.4252086e-01  -3.9494623e-03   7.4656128e-03   2.1867063e-03
   3.3429488e-01  -4.2524385e-01   7.4298372e-01  -3.7522051e-03   7.4405921e-03   1.7676273e-03
   3.9872013e-01  -1.6562284e-01   3.4561499e-01   9.2133187e-04   5.6943328e-03   1.5325347e-03
   2.5975241e-01  -2.6384123e-02   9.0428691e-01   4.4495760e-04   5.4824108e-03   9.2858734e-05
   2.1933697e-01  -6.8209292e-02   3.5174325e-01   1.7790989e-04   3.6436266e-03   1.2467898e-03
   2.2535299e-01  -1.0464726e-01   2.8116381e-01  -6.5752553e-03   4.0735864e-03   1.5243932e-03
   3.3049888e-01  -2.0607818e-01   1.5002233e-01  -3.7006167e-03   6.2998146e-03   1.8827460e-03
   4.3879000e-01  -1.4542502e-01   6.0061682e-01  -1.2803759e-03   6.8443919e-03   3.3107762e-03
   4.4138588e-01  -2.4886076e-01   8.0723144e-01  -2.0996815e-03   7.8031777e-03   2.4813756e-03
   4.0205234e-01  -4.9446646e-01   6.5462501e-01  -4.6562141e-03   7.0534489e-03   3.0073596e-03
   4.3734193e-01  -3.8090305e-01   7.0942506e-01  -4.9469189e-03   8.3553955e-03   2.7670376e-03
   4.2527686e-01  -5.1958419e-01   6.6956109e-01  -6.8618948e-03   9.1456898e-03   1.8826432e-03
   4.2605002e-01  -4.3151456e-01   7.0209117e-01  -5.1371700e-03   8.2295632e-03   3.6296485e-03
   4.6466126e-01  -6.3431190e-01   8.4824528e-01  -7.7843433e-03   9.3767085e-03   2.2506355e-03
   4.4174250e-01  -4.0517904e-01   7.0703255e-01  -4.5029717e-03   8.0333894e-03   3.1812810e-03
   4.0585456e-01  -4.5225879e-01   9.6086654e-01  -4.7997641e-03   9.0642589e-03   1.1636276e-03
   4.5166472e-01  -3.1318041e-01   9.7197709e-01  -4.9499727e-03   9.7619896e-03   1.7520876e-03
   4.3574446e-01  -5.5383012e-01   6.3627085e-01  -5.8787801e-03   9.2272401e-03   3.0601063e-03
   3.8831181e-01  -3.3521087e-01   7.4350123e-01  -4.2714597e-03   8.8839217e-03   2.4191234e-03
   4.2261611e-01  -5.0320654e-01   8.2761319e-01  -5.5767831e-03   9.5136552e-03   1.0409248e-03
   4.1782352e-01  -3.5519520e-01   7.6982585e-01  -5.4714505e-03   9.5292574e-03   1.9495324e-03
   3.9176148e-01  -2.6164719e-01   5.3548771e-01  -2.2344789e-03   8.8747712e-03   1.5451861e-03
   4.4069532e-01   9.3333249e-02   1.0044045e+00   4.0081760e-04   9.1901958e-03   1.2066836e-03
   5.4973279e-01  -5.0528872e-01   1.0584173e-01  -4.7733637e-03   1.0409090e-02   3.0702363e-03
   4.5757265e-01  -8.1930511e-02   8.0512252e-01  -1.9039961e-04   1.0685291e-02   1.6490386e-03
   5.3874197e-01  -5.4702256e-01   5.8969933e-01  -5.3552764e-03   1.2088138e-02   1.0500369e-03
   5.2738631e-01  -3.6809449e-01   8.5382616e-01  -4.9825445e-03   1.2460951e-02   1.7820375e-03
   5.6943607e-01  -2.3276296e-01   6.9593819e-01  -4.0918341e-04   1.4105473e-02   1.2884676e-03
   5.9046330e-01  -1.2442635e-01   6.2611387e-01  -2.2599177e-04   1.3782596e-02   2.2450837e-03
   5.4940616e-01  -3.7629165e-01   6.8565305e-01  -4.8317675e-03   1.3886306e-02   9.9728683e-04
   6.4312059e-01  -2.1879128e-01   4.8129943e-01  -3.8979763e-03   1.3543564e-02   1.8695522e-03
   6.2932175e-01  -2.4752758e-01   1.1367843e+00  -3.3669383e-03   1.3805392e-02   1.5431903e-03
   6.9395174e-01  -4.6298934e-01   8.8958624e-01  -5.3122413e-03   1.4630124e-02   1.0611398e-03
   6.1047023e-01  -3.2810248e-01   8.8416894e-01  -3.5067592e-03   1.3857523e-02   1.4029129e-03
   5.7552370e-01  -4.7633369e-01   1.1124228e+00  -5.4038204e-03   1.3941897e-02   7.4931032e-04
   6.3806731e-01  -4.1741749e-01   8.8768690e-01  -5.2610997e-03   1.4336542e-02   2.1387611e-03
   6.0943832e-01  -4.8929567e-01   8.8547741e-01  -5.8543065e-03   1.4491342e-02   1.6089949e-03
   6.2134792e-01  -4.7388641e-01   8.0764534e-01  -5.7206193e-03   1.3766443e-02   2.5299646e-03
   5.3952631e-01  -4.2468663e-01   1.2226984e+00  -5.3215063e-03   1.2467558e-02   1.1932323e-03
   5.6565455e-01  -4.2810239e-01   1.0405085e+00  -4.6500010e-03   1.2281411e-02   8.8857428e-04
   5.3729871e-01  -3.2477472e-01   9.2238670e-01  -2.5361145e-03   1.0909726e-02   1.0819941e-03
   4.6309797e-01  -2.8911988e-01   4.6429348e-01  -2.8844697e-03   1.0127108e-02   3.5674714e-04
   4.8317987e-01   1.2626214e-02   1.0100900e+00  -5.4300748e-04   1.0001550e-02   4.9607522e-04
   4.5017769e-01  -1.6851574e-01   5.9484277e-01  -1.5692305e-03   9.6925052e-03   2.5146612e-04
   4.1595521e-01   5.5510222e-01   5.8637088e-01   1.0649464e-02   8.4256295e-03  -1.1549408e-03
  -4.0861856e-02   1.1036057e+00  -1.3918124e-01   1.7302250e-02   1.4135723e-03  -2.8955718e-03
   6.5729911e-02   1.3447220e+00   7.2909972e-01   1.8082242e-02   3.6127433e-03  -3.1498107e-03
  -1.2638002e-02   1.1848066e+00   1.8299290e-01   1.7411419e-02   2.0770381e-03  -2.6003884e-03
   4.4640793e-02   1.3958922e+00   6.8421020e-01   1.9420629e-02   2.8479862e-03  -1.6780630e-03
  -6.0627178e-02   1.2245554e+00   4.9566657e-01   1.8213260e-02   9.4223358e-04  -1.3230029e-03
   7.4510072e-03   1.3830247e+00   9.5025061e-01   1.8884197e-02   2.0603101e-03  -1.5875471e-03
   2.9573487e-02   9.2776038e-01   6.4759485e-01   1.5112741e-02   2.5437081e-03  -1.3932825e-03
   7.2848947e-02   1.2389249e+00   9.1386739e-01   1.7470514e-02   2.8357354e-03  -9.6362500e-04
   5.1186607e-02   1.0238221e+00   9.0272150e-01   1.5239232e-02   3.2485374e-03  -7.7556552e-04
   8.8164760e-02   9.6660623e-01   9.1969198e-01   1.4115259e-02   3.5443996e-03  -5.6736953e-04
   1.6512421e-01   9.5432740e-01   1.0854168e+00   1.4656872e-02   5.0278708e-03  -3.3667388e-04
   1.2860999e-01   6.7870708e-01   9.0395884e-01   1.1600696e-02   4.5598060e-03  -5.5269613e-04
   1.2775929e-01   8.1423001e-01   8.6949378e-01   1.1796805e-02   4.3746776e-03   3.0111122e-04
   1.9670018e-01   7.4002284e-01   1.1561600e+00   1.0597765e-02   5.8851659e-03  -8.5052333e-04
   2.0846700e-01   8.8812153e-01   1.1712692e+00   1.1774429e-02   5.7955812e-03  -1.5654359e-04
   1.6755293e-01   7.9974898e-01   7.5864915e-01   1.3276357e-02   5.1856297e-03   5.3983011e-05
   1.6323250e-01   7.4485370e-01   6.5862862e-01   1.2238304e-02   5.0142808e-03  -2.0120301e-04
   1.5264595e-01   8.8117620e-01   1.1562613e+00   1.2953492e-02   5.2585929e-03  -2.1980648e-04
   1.1179501e-01   6.3913414e-01   9.9925215e-01   1.1305193e-02   4.6738625e-03  -4.1353682e-04
   1.3907562e-01   7.5947622e-01   7.7524403e-01   1.2231981e-02   5.0880261e-03  -9.9328764e-05
   1.1340186e-01   8.2693238e-01   1.0612168e+00   1.1501588e-02   5.1926053e-03  -1.2058105e-03
   1.1811268e-01   7.8227393e-01   7.5391578e-01   1.2630158e-02   4.2181166e-03  -4.4613048e-04
  -6.5823883e-02   1.3315418e+00   1.3447735e-01   2.2258003e-02   7.7702137e-04  -2.3634927e-03
   1.0987115e-02   1.5678276e+00   7.9774391e-01   2.2421614e-02   1.6381081e-03  -2.5958218e-03
   4.3148183e-02   1.2570836e+00   4.9168057e-01   1.9776374e-02   2.5908990e-03  -2.0514634e-03
   7.6841348e-02   1.3952634e+00   6.7697643e-01   1.8935318e-02   3.4931236e-03  -1.1282035e-03
   7.3002980e-02   1.0117533e+00   5.9448776e-01   1.4423250e-02   3.8586972e-03  -7.7249592e-04
   1.8188404e-01   1.2113184e+00   1.0871234e+00   1.6348182e-02   4.5389223e-03  -6.9457541e-04
   2.2152245e-01   1.1049779e+00   9.7700534e-01   1.6484790e-02   5.8565880e-03  -9.3749654e-04
   1.6146588e-01   1.0337908e+00   8.0938739e-01   1.5607083e-02   4.6785723e-03  -6.4356647e-04
   1.8279682e-01   9.8352960e-01   7.9295372e-01   1.4012025e-02   5.1008018e-03  -4.8465421e-04
   1.4256081e-01   9.8048882e-01   1.0095560e+00   1.4128320e-02   4.2743140e-03  -4.0722883e-05
   1.6193551e-01   7.6199927e-01   8.2652619e-01   1.2423433e-02   4.0223879e-03  -3.2916005e-04
   1.6405394e-01   9.4016938e-01   1.0755524e+00   1.3316016e-02   4.4714967e-03  -4.7576295e-04
   1.2708861e-01   8.5136217e-01   7.0437565e-01   1.3505101e-02   4.2104735e-03  -2.5440252e-04
   1.3964944e-01   8.4212054e-01   7.9916465e-01   1.2849219e-02   3.7860731e-03   1.8143482e-04
   1.4872088e-01   8.7471584e-01   9.1844196e-01   1.3420257e-02   3.4673783e-03   7.8623239e-04
   1.9000888e-01   9.1051301e-01   1.0271195e+00   1.3725608e-02   4.5633267e-03   1.1178176e-04
   2.0614592e-01   7.9653376e-01   1.0634127e+00   1.3096033e-02   5.5298087e-03  -4.3165476e-05
   2.6387914e-01   1.0179990e+00   1.1538331e+00   1.5673835e-02   6.2727937e-03   5.3762245e-05
   2.0155140e-01   7.0965588e-01   1.1668720e+00   1.3866826e-02   5.5468725e-03  -2.1656032e-04
   2.4519870e-01   8.6497706e-01   1.4617163e+00   1.3966254e-02   6.0997219e-03  -8.6019440e-05
   2.2251234e-01   6.3996926e-01   1.1596727e+00   1.2740470e-02   5.5407698e-03   5.0812031e-04
   2.6434538e-01   6.9558409e-01   1.1349427e+00   1.2672549e-02   6.5042620e-03   1.5714468e-04
   2.0292141e-01   7.9325754e-01   1.3064440e+00   1.3360209e-02   5.7679485e-03   5.4267332e-04
   2.1359885e-01   5.9434338e-01   1.1510748e+00   1.2286787e-02   5.5081433e-03   2.8354598e-04
   1.7619046e-01   7.7663245e-01   1.2684952e+00   1.3075997e-02   4.4741104e-03  -2.9053479e-05
   5.3790992e-02   8.8084572e-01   8.3528078e-02   1.5192703e-02   2.1412491e-03  -4.2570956e-04
   9.2055977e-02   1.2083226e+00   9.9513611e-01   1.8577575e-02   3.8213729e-03  -4.5960221e-04
   7.1052612e-02   8.8404271e-01   8.1681382e-01   1.6032147e-02   3.1596917e-03  -6.9976691e-05
   9.3239999e-02   1.0372034e+00   1.0164101e+00   1.6411098e-02   3.9047361e-03  -1.5689480e-04
   1.0540598e-01   9.9596629e-01   1.0626274e+00   1.6825222e-02   4.7993357e-03  -9.5832370e-04
   1.6408995e-01   1.0407603e+00   1.1039886e+00   1.7037243e-02   4.8286706e-03  -3.0231923e-05
   1.1118762e-01   8.5509062e-01   1.2296556e+00   1.5411594e-02   4.5492640e-03   3.5973877e-04
   1.6887766e-01   7.6917725e-01   1.1426149e+00   1.4454150e-02   5.0116623e-03   9.5847343e-05
   2.1247967e-01   8.5613478e-01   1.4086032e+00   1.5207430e-02   5.7975111e-03   1.0819639e-04
   1.7413176e-01   6.9592350e-01   1.1766242e+00   1.3000588e-02   5.8252906e-03   6.7120749e-05
   1.6068131e-01   7.2176732e-01   1.2117161e+00   1.3561935e-02   5.0872125e-03   7.7316152e-04
   1.7162390e-01   5.0393228e-01   1.0598721e+00   1.1069002e-02   5.2107690e-03   1.2410634e-04
   2.0993322e-01   7.5101625e-01   1.3289988e+00   1.3372309e-02   5.6264278e-03   2.2429805e-04
   1.6768500e-01   5.4946422e-01   9.9456930e-01   1.1924472e-02   5.2710808e-03  -9.0732148e-06
   1.7935846e-01   7.5740248e-01   1.3536585e+00   1.3350621e-02   5.3232209e-03   2.4576805e-05
   1.7976094e-01   4.1219857e-01   1.3685182e+00   1.0171847e-02   5.7031770e-03  -6.4511303e-04
   1.8580412e-01   6.4775280e-01   1.2818032e+00   1.2118453e-02   5.5414870e-03  -1.2584984e-05
   1.5136447e-01   6.6899798e-01   1.5919476e+00   1.2789740e-02   5.9208211e-03  -4.0353622e-04
   1.8242588e-01   6.9003622e-01   1.0616055e+00   1.4762671e-02   5.2110324e-03   2.0513893e-04
   1.7848982e-01   7.8577196e-01   1.3972412e+00   1.4595489e-02   5.8876869e-03   9.4647873e-05
   1.3724830e-01   5.2793806e-01   1.3832065e+00   1.2443897e-02   5.3801435e-03  -7.6583707e-04
   1.6991693e-01   7.5459061e-01   1.4966193e+00   1.3811786e-02   5.7295583e-03   3.0954175e-05
   1.5308441e-01   5.5191901e-01   1.3916551e+00   1.1865536e-02   5.8527163e-03  -5.4314662e-04
   1.9193355e-01   6.2805728e-01   1.5333474e+00   1.2490472e-02   6.4233536e-03  -2.0384218e-04
   1.8365839e-01   4.8290712e-01   1.5509151e+00   1.0950521e-02   6.6770415e-03  -7.2792462e-04
   2.2912771e-01   7.0674905e-01   9.5359617e-01   1.4352237e-02   5.4186432e-03  -5.5477833e-04
  -1.4798287e+00  -5.1388362e-01  -1.1823122e+00  -4.3684218e-03  -2.6434636e-02  -9.4701405e-04
  -7.9021522e-01   1.5164933e+00  -2.3659763e-01   2.0570701e-02  -1.3909720e-02  -3.5774453e-03
  -7.0510521e-01   1.6896942e+00   2.8712886e-01   2.3199487e-02  -1.4050041e-02  -2.7040255e-03
  -5.6215277e-01   1.6924642e+00   9.6286109e-01   2.4956327e-02  -9.8659320e-03  -3.8506052e-03
  -6.5847771e-01   1.6209688e+00   8.9450469e-01   2.3981314e-02  -1.2165607e-02  -5.0605626e-03
  -6.4457312e-01   1.2593279e+00   1.1833936e+00   2.0505876e-02  -1.0003409e-02  -5.4588410e-03
  -6.6173645e-01   1.1412151e+00   6.0320598e-01   1.4645775e-02  -1.1918583e-02  -4.7339294e-03
  -4.4972505e-01   1.0763019e+00   1.0285456e+00   1.4621571e-02  -7.2525844e-03  -4.3586042e-03
  -5.9091880e-01   5.0949944e-01   6.4500208e-01   5.8752985e-03  -9.1057354e-03  -4.5419758e-03
  -5.6455938e-01   7.6771144e-01   1.1641161e+00   9.9982020e-03  -8.2965303e-03  -4.5740475e-03
  -4.5942424e-01   5.0166715e-01   1.0566054e+00   7.9010777e-03  -6.0866906e-03  -4.2024677e-03
  -4.4461597e-01   5.6843160e-01   8.9551804e-01   8.3009481e-03  -6.4607977e-03  -3.5133959e-03
  -3.7795408e-01   5.7878010e-01   1.1763350e+00   7.9723614e-03  -5.4834834e-03  -3.5479757e-03
  -4.2356466e-01   5.8810798e-01   6.0240619e-01   9.1966677e-03  -6.9604087e-03  -3.1034388e-03
  -3.7439235e-01   6.5539738e-01   1.3012911e+00   9.8802355e-03  -5.5313105e-03  -3.4201253e-03
  -3.3483432e-01   6.4782894e-01   1.1270283e+00   1.1231152e-02  -5.5504483e-03  -3.7196442e-03
  -4.1965816e-01   6.0773359e-01   1.0889407e+00   1.0451476e-02  -6.7320317e-03  -3.1677313e-03
  -3.5002598e-01   5.8858485e-01   8.0048935e-01   9.0624466e-03  -5.7324332e-03  -2.8883679e-03
  -4.3735717e-01   4.5450185e-01   8.5788425e-01   6.7585763e-03  -6.2828151e-03  -3.7308515e-03
  -3.7824234e-01   6.3157349e-01   8.0767367e-01   9.3022581e-03  -5.8141388e-03  -3.3498754e-03
  -4.4187628e-01   4.4667568e-01   8.2371151e-01   6.3428460e-03  -6.8262711e-03  -3.0756508e-03
  -3.7246193e-01   1.5148145e-01   6.8812644e-01   4.7250647e-03  -6.2578937e-03  -2.0361152e-03
  -2.6923056e-01   3.7354732e-01   1.0981792e+00   7.2059861e-03  -3.7811255e-03  -2.5615035e-03
  -3.1873349e-01   1.6744864e-01   7.5606797e-01   5.1371834e-03  -3.7469702e-03  -2.0199839e-03
  -3.5574897e-01   2.9560425e-01   1.2126946e+00   5.8609777e-03  -4.3460351e-03  -2.2817718e-03
  -2.4821771e-01   2.4519643e-01   1.1089323e+00   7.0844671e-03  -2.7705676e-03  -2.5236214e-03
  -3.1815117e-01   8.9676875e-02   1.3035098e+00   4.9876860e-03  -3.3756389e-03  -2.6324425e-03
  -2.2948398e-01   1.2993567e-01   1.2241431e+00   6.2182018e-03  -2.1964250e-03  -2.4759217e-03
  -2.3247170e-01  -4.9716263e-02   1.2095997e+00   4.4029278e-03  -2.2912282e-03  -2.4260954e-03
  -1.9604414e-01   3.5215152e-01   1.0159760e+00   7.3741494e-03  -1.8786181e-03  -1.7193041e-03
  -2.8719388e-01   3.7808168e-01   3.9399550e-01   6.2357898e-03  -2.9031844e-03  -1.6770645e-03
  -1.4948030e-01   4.0081360e-01   1.2247356e+00   6.5465632e-03  -2.3177456e-04  -2.7961308e-03
  -2.1336203e-01  -2.0155601e-03   8.6488594e-01   1.4815695e-03  -3.9351842e-04  -2.5942031e-03
  -1.5753039e-01   1.2156851e-01   7.8735403e-01   2.0189273e-03  -2.9434338e-04  -1.8661353e-03
  -9.6756185e-02   4.3581350e-01   9.5514902e-01   8.4374783e-03   6.2569601e-04  -2.5229758e-03
  -9.0995325e-02   2.3320136e-01   7.5004503e-01   5.1157893e-03   7.5588027e-04  -1.6710752e-03
  -6.7167657e-02   2.4053285e-01   8.0549604e-01   4.1127586e-03   9.5805711e-04  -1.8874190e-03
  -1.2824259e-01   1.9463950e-01   1.0860470e+00   4.7399197e-03   1.1699446e-04  -1.8837057e-03
   5.0495449e-03   1.4836061e-01   9.4067897e-01   4.2011366e-03   1.7595768e-03  -1.2285782e-03
  -7.9330731e-02   1.8677751e-01   1.1702752e+00   5.3132979e-03   6.4216230e-04  -1.7363370e-03
  -1.8591257e-02   2.2794518e-02   8.7971743e-01   4.1655352e-03   1.6839590e-03  -1.2794434e-03
  -5.3705981e-02  -6.1182202e-02   1.3088318e+00   1.7930016e-03   8.9430283e-04  -1.4169322e-03
   9.7502735e-02  -3.3629768e-01   1.1071500e+00  -1.4984194e-03   3.5811911e-03  -1.1270298e-03
   1.8968719e-01  -1.6306877e-01   1.1620268e+00   1.9365417e-04   4.6888161e-03  -4.0230511e-04
   1.3563400e-01  -3.4931944e-01   1.0406494e+00  -1.2528029e-03   3.8135336e-03  -2.3040775e-04
   1.7594234e-01  -6.2723414e-02   1.0705297e+00   1.6428722e-03   4.2316846e-03  -4.4267875e-05
   1.5009946e-01  -2.1181232e-01   1.2911772e+00   1.3337215e-03   3.8037119e-03  -1.2061647e-03
   1.9106712e-01  -1.2597194e-02   1.4470709e+00   2.5780715e-03   4.8650868e-03  -1.0491427e-03
   1.3603374e-01  -2.1587224e-01   1.1700308e+00   4.2758233e-04   4.3427948e-03  -9.8115756e-04
   2.0678777e-01  -6.1602026e-02   9.9762126e-01   3.2956442e-03   5.1478905e-03  -5.2649995e-04
   1.7388492e-01  -3.0964559e-02   1.3756435e+00   1.9750621e-03   4.6849829e-03  -8.1126053e-04
   1.8248733e-01  -2.3549901e-01   9.5852701e-01  -9.1578230e-05   4.9214677e-03  -4.6553359e-04
   2.2425897e-01  -1.4376869e-01   1.2962612e+00   3.1710917e-04   5.4104325e-03  -2.9488952e-04
   1.6779371e-01  -1.9040083e-01   1.0263456e+00   9.7364636e-04   4.7350064e-03  -6.9616517e-04
   2.4297035e-01  -6.8810316e-02   8.4187533e-01   4.2096765e-03   5.1582216e-03  -3.0070012e-04
   2.9033033e-02   9.1511086e-02   9.2566487e-01   4.2150627e-03   8.3412669e-04  -1.2506452e-03
   2.4339450e-01   1.4792960e-02   1.0223447e+00   3.1072192e-03   4.3234148e-03  -1.0201706e-03
   2.8204909e-01  -1.9304551e-02   1.1675813e+00   2.8920688e-03   5.7084686e-03  -5.3080977e-04
   1.8604797e-01  -3.0272153e-01   1.2269295e+00   4.6237603e-06   4.9618240e-03  -1.2603110e-03
   1.7728906e-01  -1.5877664e-01   1.3659207e+00   1.6223862e-03   4.3764427e-03  -1.4327987e-03
   1.1588850e-01  -3.0438539e-01   1.3868330e+00   1.9337639e-04   3.7269601e-03  -1.7750825e-03
   2.0974248e-01  -1.9553144e-01   1.2548404e+00   2.1660044e-03   4.8464862e-03  -1.5050311e-03
   1.2771590e-01  -1.8149144e-01   1.3897611e+00   2.0549002e-03   4.6357177e-03  -2.4075654e-03
   2.5808540e-01  -1.3429623e-01   1.1938231e+00   1.0331147e-03   6.5029641e-03  -2.1207951e-03
   2.4542284e-01  -1.8298753e-01   1.1451231e+00   4.6944279e-04   6.2806162e-03  -1.0679197e-03
   2.6044632e-01  -2.6197605e-01   8.5791332e-01   1.0195318e-05   6.1808695e-03  -1.4876137e-03
   2.8372640e-01  -2.7800877e-02   1.3695142e+00   1.9534831e-03   6.1312208e-03  -1.4406113e-03
   2.7390165e-01  -1.8963828e-01   9.3968044e-01   1.7408165e-03   5.8413099e-03  -1.5390044e-03
   2.1192525e-01   3.3517527e-02   1.2431296e+00   3.8532480e-03   5.1953934e-03  -1.8931359e-03
   2.7351944e-01  -6.9036366e-02   7.9519320e-01   2.0608056e-03   6.3886995e-03  -1.0611391e-03
   1.5034989e-01   7.5291779e-02   1.3056853e+00   3.9186120e-03   4.5641195e-03  -1.1702878e-03
   2.5830600e-01  -8.8921258e-02   1.1984835e+00   2.5693262e-03   5.6103046e-03  -1.4140793e-03
   2.2712666e-01  -2.2039232e-02   1.2939154e+00   2.4360654e-03   5.6544235e-03  -1.8973585e-03
   2.6559668e-01  -8.9601297e-02   6.8909022e-01   1.4197051e-03   6.0868291e-03  -1.1195545e-03
   3.1496269e-01   2.4919770e-01   1.0502447e+00   6.4842456e-03   6.2880219e-03  -1.1128648e-03
   2.2134547e-01   1.6099876e-01   8.1945925e-01   3.8175220e-03   5.9962132e-03  -2.2310191e-03
   2.9471259e-01   2.1340451e-01   6.5740781e-01   4.5692748e-03   6.6663203e-03  -1.5010243e-03
   2.6858732e-01   1.9242151e-01   1.1306077e+00   4.3112866e-03   6.5455932e-03  -1.4161712e-03
   3.0724060e-01   3.4091930e-02   7.6309524e-01   2.6795445e-03   6.9588114e-03  -1.2085942e-03
   2.8134949e-01   2.5286820e-01   1.0280483e+00   4.6913254e-03   6.3709800e-03  -1.0687101e-03
   2.4723936e-01   2.9499514e-01   5.1852599e-01   7.4637813e-03   5.5499226e-03  -1.4442104e-03
   2.2819318e-01   7.7192644e-01   1.0662552e+00   1.1879288e-02   5.7224211e-03  -1.6253154e-03
   2.6997099e-01   2.2687259e-01   6.8908892e-01   6.3121085e-03   6.0735650e-03  -1.7744581e-03
   2.3919883e-01   2.8501348e-01   1.1820531e+00   5.8678638e-03   5.5200350e-03  -1.2972381e-03
   2.6734762e-01   1.6324879e-01   7.7693159e-01   5.5905578e-03   5.6156712e-03  -1.3794170e-03
   2.1886727e-01   1.8498698e-01   1.1997481e+00   4.9264933e-03   5.4390186e-03  -1.1908465e-03
   3.5748824e-01  -4.0003711e-02   1.0981912e+00   3.7217352e-03   7.1601854e-03  -1.2570425e-03
   3.3403801e-01  -2.9816980e-02   1.0850013e+00   3.3799168e-03   6.3177048e-03   7.1382167e-05
   1.3435774e-01  -1.3120060e-01   6.3206556e-01   1.0375945e-03   3.3814782e-03  -3.3536596e-04
   1.9364132e-01  -6.1849361e-02   8.6110723e-01   3.1477275e-03   4.4347872e-03  -3.2246571e-04
   1.3288566e-01  -2.3011924e-01   8.8481881e-01   1.5334155e-04   3.8088158e-03  -2.7164463e-04
   1.5489620e-01  -2.9259496e-02   9.2306208e-01   2.3090932e-03   4.0402487e-03  -5.0893423e-04
   1.7309769e-01   3.7270070e-03   1.3335876e+00   2.2642409e-03   4.2189502e-03  -1.7358550e-04
   2.5005590e-01  -1.2854661e-01   7.8284193e-01   2.0237570e-03   5.2029033e-03  -2.2728409e-04
   2.0040360e-01   1.0114946e-01   1.1979329e+00   3.4898679e-03   4.5910698e-03   2.2800952e-04
   2.4386101e-01  -3.7316383e-02   7.6657096e-01   3.3267129e-03   5.1076995e-03  -1.1592929e-04
   2.7327539e-01   1.3332675e-01   1.0333314e+00   4.3125704e-03   5.9700266e-03   6.0358337e-04
   1.9618592e-01  -1.1163703e-01   1.0420468e+00   2.0200567e-03   4.7120317e-03   3.7210973e-04
   1.3767123e-01  -4.5398825e-01   1.4873601e+00  -1.6309016e-03   4.4978577e-03   2.8516808e-04
   3.2128429e-01  -4.7435972e-01   5.2662800e-01  -8.6151138e-04   6.5554101e-03   2.3588830e-03
   3.1222750e-01  -2.2382012e-01   2.0615697e-01   1.9822385e-03   5.7734543e-03   1.3386755e-03
   3.1884669e-01  -1.8973438e-01   8.5831830e-01  -1.2610232e-04   7.5107632e-03   1.3824696e-03
   3.3613926e-01  -3.6367266e-01   8.6704771e-01  -3.6847290e-04   8.1189070e-03   1.0464077e-03
   3.7861042e-01  -3.4684411e-01   7.0416913e-01  -1.5514211e-03   8.5701281e-03   1.7619890e-03
   3.7330770e-01  -4.7015826e-01   9.7330629e-01  -2.8423684e-03   8.3998277e-03   1.5908143e-03
   4.4172134e-01  -4.0723887e-01   9.5478026e-01  -2.6210799e-03   8.7721564e-03   2.1706801e-03
   3.7567244e-01  -3.3091641e-01   1.2173723e+00  -1.9839709e-03   8.1233381e-03   1.7427296e-03
   4.1974559e-01  -5.4019291e-01   1.1825556e+00  -2.6597241e-03   9.1861046e-03   1.5353389e-03
   4.9166889e-01  -4.6562385e-01   1.5356794e+00  -2.6994767e-03   1.0193263e-02   1.4321768e-03
   4.4486795e-01  -6.8608755e-01   1.2055825e+00  -3.3911687e-03   1.0202810e-02   1.5050276e-03
   5.4281372e-01  -4.1706752e-01   1.2170553e+00  -1.1194656e-03   1.0599759e-02   2.3134845e-03
   4.5574142e-01  -5.5075049e-01   1.0032586e+00  -2.8207145e-03   9.7984938e-03   1.8499359e-03
   5.5098477e-01  -4.5240221e-01   1.2436335e+00  -1.9766708e-03   1.0770843e-02   1.6691507e-03
   4.7579150e-01  -4.7073952e-01   1.2328247e+00  -1.3805317e-03   1.0111734e-02   1.4945569e-03
   5.2217377e-01  -5.0295123e-01   1.0437025e+00  -1.9414576e-03   1.0589418e-02   2.0402114e-03
   5.4378318e-01  -3.0384232e-01   1.5720521e+00   1.4589991e-03   1.0943702e-02   1.1797089e-03
   5.5653494e-01  -5.0100458e-01   1.2071277e+00   3.8617049e-04   1.0757962e-02   1.2732078e-03
   5.7796238e-01  -3.6018680e-01   1.1687361e+00   1.2686936e-03   1.1303435e-02   1.5067526e-03
   4.4294623e-01  -3.7310281e-01   1.3532683e+00   1.5568291e-03   1.0302921e-02   6.6350549e-04
   5.2759359e-01  -3.0450788e-01   9.8585131e-01   2.2264950e-03   1.0848149e-02   1.2038157e-03
   4.0883714e-01  -2.8907475e-01   1.3990828e+00   1.5480182e-03   9.1827548e-03   1.2785832e-03
   4.8437615e-01  -5.0136819e-01   1.2002450e+00  -8.7550596e-06   9.3399422e-03   1.4320469e-03
   4.5027044e-01  -4.2361491e-02   1.4111339e+00   5.4750461e-03   8.7585809e-03   1.0643466e-03
   3.1662125e-01  -2.7589844e-01   1.2559536e+00   3.3961032e-03   7.2765412e-03   4.4659785e-04
   3.6531967e-01  -1.6985356e-01   1.6462803e+00   3.0225272e-03   8.1675471e-03   1.7960877e-04
   4.3064684e-01  -4.3429548e-01   1.2905784e+00   1.9535022e-03   8.7534705e-03   6.7214642e-04
   4.0030471e-01  -4.3177023e-01   1.4719466e+00  -7.0245598e-05   8.9199441e-03   1.0620276e-03
   4.3780956e-01  -2.2470470e-01   1.0358973e+00   3.9409998e-03   8.9141828e-03   1.1045725e-03
   4.5623634e-01  -3.5576823e-01   1.3728488e+00   3.4701122e-04   9.6851914e-03   1.2284569e-03
   4.0599824e-01  -5.7009144e-01   1.2571567e+00  -1.6608086e-03   8.9766449e-03   1.6175427e-03
   4.7676924e-01  -3.7373108e-01   1.5058071e+00   2.7314306e-04   9.9938964e-03   1.6247247e-03
   3.9605559e-01  -6.7881213e-01   1.5090282e+00  -1.4537319e-03   8.8034350e-03   1.4391199e-03
   4.5620145e-01  -4.6836688e-01   1.4237685e+00   6.4123510e-04   9.2503716e-03   1.2645118e-03
   4.3922001e-01  -5.7300102e-01   1.1587004e+00  -1.9044705e-04   8.8909135e-03   1.4820401e-03
   4.8690392e-01  -2.9355447e-01   1.3447215e+00   1.9186633e-03   9.5376921e-03   1.1491961e-03
   1.7822617e-01   1.5517565e-01   8.1157803e-02   6.6072755e-03   2.5602684e-03  -1.6125665e-04
   1.9551872e-01   6.4283797e-01   1.3852745e+00   1.2700951e-02   3.7250565e-03  -5.6709680e-04
   1.5167528e-01   6.5586110e-01   6.9475169e-01   1.2943540e-02   2.4772010e-03  -8.1442458e-04
   1.5251753e-01   6.7532019e-01   1.1797457e+00   1.2758045e-02   4.4099650e-03  -1.1864121e-03
   2.3227680e-01   9.0462186e-01   1.1443363e+00   1.5833123e-02   4.5646949e-03  -3.5916560e-04
   2.0960946e-01   5.7604676e-01   8.3739146e-01   1.1075966e-02   4.0768273e-03  -1.6809838e-04
   2.5074772e-01   5.5808420e-01   1.5399287e+00   1.1041568e-02   4.9236651e-03   5.8759624e-04
   3.2525339e-01   2.1245539e-01   1.1904509e+00   8.3877413e-03   5.9261564e-03  -2.9810931e-04
   2.8566244e-01   3.8416644e-01   1.3605353e+00   8.1849630e-03   6.1531289e-03  -2.4587216e-05
   2.7753955e-01   8.3540462e-03   1.4316395e+00   5.0259792e-03   6.3322618e-03   4.2147182e-04
   2.6695760e-01  -1.7616526e-02   1.3247056e+00   4.3054590e-03   6.4544751e-03  -1.2163403e-04
   3.5252419e-01   2.2179789e-01   1.5597305e+00   7.9839291e-03   7.7277862e-03   4.4314036e-05
   3.1608523e-01  -2.6588662e-02   1.3086626e+00   4.7009238e-03   7.2446659e-03  -2.9909352e-04
   2.1511039e-01   5.0896389e-01   1.2273738e+00   1.1142247e-02   2.8963823e-03  -5.1751799e-04
  -1.1879931e-01   6.2795850e-01   8.7877944e-01   1.0886277e-02  -1.4497803e-03  -4.8491773e-04
   3.1586466e-03   5.0265278e-01   1.2794622e+00   9.4976261e-03   7.7924216e-05  -1.5354845e-04
   1.4283910e-01   6.1866197e-02   1.3200305e+00   5.3740939e-03   2.9156866e-03   9.5916290e-04
   1.4154992e-01   9.9033938e-02   5.4928173e-01   1.1842969e-03   2.9485463e-03   2.1590692e-03
   1.1839157e-01   2.8743037e-01   9.1642653e-01   3.9850691e-03   2.2651550e-03   1.3564538e-03
   2.9453386e-01   3.4138691e-02   1.3052404e+00   2.2025075e-03   5.4690370e-03   1.6366657e-03
   3.5436923e-01   3.9464334e-02   1.3776210e+00   3.6027114e-03   6.0592914e-03   1.4720828e-03
   3.0524904e-01  -2.2685755e-01   1.3403047e+00   5.9116586e-05   5.4006451e-03   1.7505120e-03
   3.6589953e-01  -5.3440663e-02   1.3784903e+00   1.0480317e-03   6.1051182e-03   2.1360817e-03
   3.5723617e-01  -3.7278574e-01   1.3355541e+00  -1.1023079e-03   6.2686001e-03   1.7073093e-03
   3.9834509e-01  -1.8671507e-01   1.6983002e+00   6.3481992e-04   6.7981413e-03   1.9638707e-03
   3.8750945e-01  -3.6282344e-01   1.3314685e+00   6.3417079e-04   6.3517001e-03   1.7696198e-03
   3.5128477e-01  -2.5354449e-01   1.5149511e+00   5.6984663e-05   6.5397934e-03   1.6484499e-03
   4.0620552e-01  -1.3851788e-01   9.6102654e-01   1.7697289e-03   6.6136041e-03   2.0229904e-03
   3.1161006e-01  -1.8169268e-01   1.4114643e+00  -2.6617545e-04   5.9231832e-03   1.8554016e-03
   4.4880937e-01  -1.8556813e-01   1.1081881e+00   1.9428792e-04   7.2062906e-03   1.7970385e-03
   3.9163650e-01  -1.7769338e-01   1.4746412e+00   8.4629018e-05   6.9912015e-03   2.6080618e-03
   3.4480887e-01  -5.1484504e-01   1.5905747e+00  -2.4217117e-03   6.5857327e-03   1.7094593e-03
   4.2986449e-01  -2.6231206e-01   1.7735635e+00  -5.0556272e-04   7.3143921e-03   1.4793131e-03
   3.8625538e-01  -3.5722800e-01   1.3395970e+00   3.7207192e-04   7.4436377e-03   1.7830939e-03
   4.7718693e-01  -2.3283252e-01   1.5874084e+00   2.7262856e-04   8.2023325e-03   1.3749095e-03
   3.7935589e-01  -3.0287997e-01   1.6983322e+00  -1.5443221e-05   7.4878875e-03   1.7935161e-03
   3.2506387e-01  -5.0664520e-02   1.3782258e+00   4.5859879e-03   5.7941354e-03   1.6430090e-04
   3.5323404e-01   1.5653654e-01   1.5022389e+00   6.4198240e-03   6.7577888e-03   4.6498488e-04
   4.0442769e-01  -3.5186054e-01   1.3998268e+00  -8.7187472e-04   7.9580444e-03   1.7132975e-03
   4.8946318e-01  -2.1009981e-01   1.4144766e+00   1.2420129e-03   8.2448532e-03   2.3823094e-03
   4.3779794e-01  -3.0410303e-01   1.6110790e+00   8.4138539e-05   8.1413955e-03   2.1476252e-03
   5.1553453e-01  -2.1371133e-01   1.3036176e+00   9.8701855e-04   8.5936251e-03   1.8755722e-03
   3.7170219e-01  -1.1875279e-01   1.7218914e+00   2.4185701e-03   7.1864691e-03   2.5390288e-03
   4.9033375e-01  -2.3109462e-01   1.2805776e+00   2.2229006e-03   7.7007150e-03   2.0730222e-03
   3.1416271e-01   1.3633489e-01   1.3703531e+00   6.4180909e-03   6.9828314e-03   8.5035770e-04
   3.9664406e-01  -1.0224156e-01   1.2606342e+00   3.5738235e-03   7.3895781e-03   1.2352695e-03
   3.6819157e-01  -1.8732238e-01   1.5809356e+00   1.7666270e-03   7.2311337e-03   1.1240799e-03
   4.3870810e-01  -2.5676601e-01   1.4371559e+00   1.1014949e-03   8.6681233e-03   8.9711585e-04
   4.2476925e-01  -6.7672121e-03   1.6886774e+00   3.8538070e-03   8.3570336e-03   7.8400223e-04
   3.2555127e-01  -1.9499000e-01   1.7585514e+00   3.1155071e-03   7.9578135e-03   1.0025244e-03
   4.2636245e-01  -2.1024859e-01   1.5385104e+00   2.2461883e-03   9.4911209e-03   3.5797223e-04
   3.6285787e-01  -3.8282330e-02   1.6920313e+00   3.9479591e-03   8.7062450e-03   4.5864581e-04
   4.1021969e-01  -3.5558100e-01   1.6455700e+00   1.1180404e-03   9.4139670e-03   3.9461677e-04
   4.2970936e-01  -2.4205110e-01   1.6139980e+00   8.3211746e-04   9.5950217e-03   1.1951017e-03
   3.6294045e-01  -2.2942477e-01   1.5505866e+00  -5.8742013e-05   9.0077804e-03   4.5703943e-04
   3.6087221e-01  -6.7761921e-02   9.3920484e-01   1.1918166e-03   8.7347011e-03   7.7121765e-04
   3.3187945e-01  -7.0002083e-02   1.8221960e+00   1.9000113e-03   8.7048033e-03   1.7862576e-04
   3.7731859e-01  -1.8684394e-01   1.2556888e+00   3.3347095e-03   8.7294138e-03  -5.0529714e-04
   3.4862893e-01  -6.8391363e-02   1.4119703e+00   2.4059600e-03   8.5192209e-03  -1.4808450e-05
   3.0395642e-01  -1.9726885e-01   1.4837754e+00   1.6820066e-03   7.9754206e-03   2.9527826e-04
   4.1020770e-01   2.0048973e-02   1.6043604e+00   4.1645063e-03   9.2667794e-03   6.3626819e-04
   4.3191992e-01  -4.2984862e-01   1.6496958e+00  -3.9803475e-04   9.6407557e-03   8.9012870e-05
   4.5729250e-01  -1.8946350e-01   1.7389946e+00   1.3335977e-03   1.0169146e-02   4.1348854e-04
   3.6593931e-01  -3.6863404e-01   1.5945667e+00  -5.3320119e-04   9.1364507e-03   6.5365427e-04
   4.2147027e-01  -2.9479330e-01   1.5354753e+00   5.7162665e-04   9.5020417e-03   1.2496958e-03
   3.6346856e-01  -3.4052733e-01   1.6060216e+00  -5.8250927e-04   8.8447378e-03   2.0024441e-03
   3.3543788e-01  -1.8725619e-01   1.4707610e+00   1.7014618e-03   7.7801785e-03   2.3803387e-03
   4.2386734e-01  -2.4427393e-01   1.5833170e+00   1.6711120e-03   8.9839802e-03   2.3714763e-03
   3.8833548e-01  -1.7216638e-01   1.7260062e+00   2.2417751e-03   8.0767512e-03   2.3251834e-03
   3.8035597e-01  -2.3382879e-01   1.4573383e+00   3.2234229e-03   7.3072329e-03   1.3181126e-03
   3.5240199e-01  -9.2207221e-02   1.8973640e+00   3.7463322e-03   7.5314759e-03   1.3613392e-03
   3.9123648e-01  -4.4602384e-01   1.5180762e+00  -8.2883834e-04   8.3124535e-03   1.2494024e-03
   3.3414075e-01  -1.8453161e-01   1.7144307e+00   1.5966080e-03   7.9043538e-03   1.7946650e-03
   3.2147037e-01  -4.6486974e-01   1.5436919e+00  -6.3169950e-04   7.6184261e-03   1.4592477e-03
   3.6343015e-01  -1.7895159e-01   1.5798009e+00   2.1239662e-03   7.5945066e-03   2.2996807e-03
   2.7525070e-01  -1.1571850e-01   1.2075503e+00   3.0433628e-03   6.7301089e-03   1.2958853e-03
   2.9268266e-01  -1.0445780e-01   9.2108837e-01   1.3831987e-03   5.7572019e-03   2.7921851e-03
   2.5967465e-01  -2.3304909e-01   1.3042160e+00  -1.0455370e-03   6.4913396e-03   2.4440028e-03
   3.2849052e-01  -2.8918735e-01   1.3259287e+00  -1.1223836e-03   6.9755908e-03   2.9890880e-03
   5.0770848e-01  -1.8459860e-01   1.6202617e+00   8.4972586e-04   9.1890749e-03   3.4916084e-03
   4.3769265e-01  -3.9385921e-01   1.4219644e+00  -1.8577789e-03   8.1887348e-03   4.2298245e-03
   4.8845783e-01  -2.6085894e-01   1.5418020e+00   8.2550613e-04   8.7307851e-03   4.3115135e-03
   3.9390069e-01  -4.3173125e-01   1.8702272e+00  -1.2981745e-03   7.9728955e-03   4.1302539e-03
   3.7190924e-01  -5.3900837e-01   1.6936146e+00  -1.8114356e-03   6.8825167e-03   4.8301698e-03
   3.8869030e-01  -3.4680669e-01   1.7641044e+00  -4.8641070e-04   7.4201334e-03   4.6526467e-03
   3.1687638e-01  -5.3210775e-01   1.6226644e+00  -1.3809592e-03   6.6683740e-03   4.5560254e-03
   3.9048389e-01  -4.0090757e-01   1.7773350e+00  -9.8112067e-04   7.7775388e-03   3.9380888e-03
   2.9421573e-01  -4.2470104e-01   1.7226025e+00   6.2458269e-04   6.7823080e-03   3.3247551e-03
   3.4800333e-01  -4.2024248e-01   1.6719137e+00  -2.6285152e-04   7.6894726e-03   3.1403007e-03
   2.2411459e-01  -5.4172258e-01   1.6366694e+00  -2.5801906e-03   6.6381899e-03   3.6920651e-03
   1.8148422e-01  -1.0223831e-01   1.1718857e+00   5.7142439e-03   4.3298004e-03   1.9051850e-03
  -1.2934858e-02   2.7960227e-01   7.6465686e-01   5.9796803e-03   1.2108033e-03   1.3380001e-03
   1.3680690e-01   5.3183180e-01   1.2983150e+00   8.8972911e-03   3.8659564e-03   1.9328350e-03
   1.1529523e-01   1.5492862e-01   1.2514256e+00   6.2483257e-03   3.9987973e-03   1.7896815e-03
   2.1405564e-01   4.1245260e-01   1.4399566e+00   8.5985313e-03   4.9061171e-03   2.1698090e-03
   1.6037992e-01   1.9572628e-01   1.5766448e+00   6.0958445e-03   4.7281221e-03   1.5394468e-03
   1.2508968e-01   3.9142412e-02   1.4339745e+00   4.3965010e-03   4.4037759e-03   1.9124902e-03
   1.1270480e-01   8.5624910e-02   1.6567974e+00   4.8425881e-03   4.2236072e-03   1.5341060e-03
   1.4652047e-01  -2.0378740e-01   1.5191980e+00   2.4219495e-03   4.7018256e-03   1.5655281e-03
   1.9377748e-01   6.1717130e-02   1.6693380e+00   4.2422277e-03   5.3877506e-03   2.1215670e-03
   1.7668933e-01  -3.0309229e-01   1.4640223e+00   3.5283810e-04   5.3822306e-03   1.8570945e-03
   2.1551977e-01  -8.3533389e-02   1.7600198e+00   1.7475143e-03   6.2987826e-03   1.7523405e-03
   2.2033602e-01  -3.3500367e-01   1.4347808e+00   6.2563138e-04   5.9578506e-03   1.5453904e-03
   1.5859047e-01  -1.6571837e-01   1.1276353e+00   5.1488453e-04   5.8295563e-03   2.4492522e-03
   1.3494539e-01  -8.7218266e-02   1.1755039e+00   1.4268983e-03   6.4893430e-03   1.6449244e-03
   2.1262994e-01  -2.0075235e-01   1.6095787e+00  -2.6706438e-04   7.0158949e-03   1.7723405e-03
   4.2305106e-02  -2.3979210e-01   1.4897897e+00  -1.6627405e-04   5.1867919e-03   6.2084695e-04
