   1.4074938e-14   0.0000000e+00   1.4210855e-14   0.0000000e+00   0.0000000e+00   7.7037198e-34
  -1.9341903e-02  -1.7540235e-02   5.1361820e-02  -3.2593492e-04  -6.3277969e-05  -7.5405381e-06
  -1.1613676e-02   8.8240267e-02   6.4685016e-02  -3.4692488e-04   7.2389698e-05  -1.4091251e-04
  -1.9817763e-02   2.3333948e-02   4.1475093e-02  -9.3370202e-04  -2.0021402e-05  -2.8046713e-04
  -2.5559788e-02   8.5977361e-02   7.0419271e-02  -3.2530641e-04  -1.7641740e-04  -2.8476828e-04
  -1.6277374e-02   4.5862884e-02   8.2591863e-02  -9.3930724e-04  -7.1276841e-06  -3.4868068e-04
  -2.5209311e-03   9.6621544e-02   5.3762377e-02  -4.2848688e-04   1.7155696e-04  -4.0305127e-04
  -1.9180049e-03   6.6016688e-02   9.9213439e-02  -9.3980622e-04   2.1312111e-04  -3.4900899e-04
   1.8942095e-03   1.0141367e-01   4.9064665e-02  -2.3527057e-04   3.6118424e-04  -4.2337009e-04
   9.5047576e-04   6.5893423e-02   8.4150397e-02  -7.3287191e-04   3.9907488e-04  -4.5567433e-04
   3.5344012e-03   7.7376187e-02   5.8284406e-02  -1.6963391e-04   3.4736342e-04  -3.8409151e-04
  -2.5561896e-03   7.1927541e-02   1.5364930e-01  -5.3461569e-04   3.1007654e-04  -2.9607142e-04
   6.6727840e-03   7.0671738e-02   7.4039181e-02   4.5014973e-04   6.3500954e-04  -1.9821587e-04
   2.5983523e-03   8.7374915e-02   1.4125707e-01  -2.3901514e-04   4.3900154e-04  -9.5295813e-05
   1.3474781e-02   6.3949499e-02   6.6439524e-02   4.9920107e-04   7.5540139e-04  -3.6160323e-04
   1.2828825e-03   7.0104952e-02   1.4928689e-01  -3.6712464e-04   5.3799234e-04  -1.7457411e-04
   3.4634362e-03   7.1523185e-02   9.2795667e-02   8.1104634e-04   5.6719379e-04  -1.2283285e-04
  -2.1574361e-03   1.2349534e-01   1.4226800e-01   8.1507437e-04   7.1207797e-04  -3.8350105e-04
   2.4625474e-04   5.6284139e-02   9.7654728e-02   5.3320850e-04   6.4024102e-04  -2.5826537e-04
  -3.2011447e-03   1.1244937e-01   1.6102843e-01   3.0340045e-04   4.9974369e-04  -1.3467301e-04
   1.1070855e-02   4.2521853e-02   1.1841539e-01   4.1293454e-04   7.8266315e-04  -1.4456170e-04
   2.0611193e-02   1.1577551e-01   1.4503374e-01   4.0438062e-04   8.1219844e-04  -1.7572353e-04
   2.7036228e-02   4.4220289e-02   1.3811309e-01   1.0202501e-04   9.0997305e-04  -2.1994608e-04
   1.3662891e-02   1.0849879e-01   1.4506498e-01   7.1862868e-04   7.2960474e-04  -2.1214828e-04
   2.4485302e-02   8.0475839e-02   1.4581018e-01  -1.7535882e-04   9.3721542e-04  -2.6371742e-04
   2.9506031e-02   8.0568850e-02   1.1365682e-01   4.0782391e-04   8.6273052e-04  -1.9178901e-04
   2.7662670e-02   6.6240899e-02   1.5725994e-01  -4.3152308e-04   8.6381465e-04  -8.9300002e-05
   4.4879451e-02   9.1130675e-02   1.0533763e-01   7.7833188e-04   1.2490687e-03  -8.8402117e-05
   3.9347232e-02   8.2091439e-02   1.6441300e-01   2.5670394e-04   1.1584957e-03  -5.0217435e-05
   4.7626715e-02   5.8301577e-02   1.3629071e-01   6.9720396e-04   1.2631472e-03   6.5642711e-05
   3.5509280e-02   1.0979674e-01   1.8668433e-01   5.9495142e-04   1.1268521e-03   5.2784251e-05
   4.0390281e-02   3.8203721e-02   1.6429859e-01   8.0504684e-04   1.2404311e-03   1.6512078e-04
   3.8819819e-02   1.1715922e-01   1.8337437e-01   6.8271017e-04   1.2414758e-03   5.2505237e-05
   3.9681072e-02   3.8957070e-02   1.6143794e-01   8.0605454e-04   1.2829713e-03   8.0315316e-05
   4.1488448e-02   1.0429041e-01   1.8553792e-01   9.5126975e-04   1.1290657e-03   1.7307371e-04
   4.1915800e-02   8.6547463e-02   1.9916902e-01   1.2695175e-03   1.1862303e-03  -4.7106980e-05
   4.2525552e-02   9.5373708e-02   1.5895613e-01   1.1082989e-03   1.2324681e-03   4.3106830e-05
   3.5660638e-02   1.0098258e-01   1.7815676e-01   7.6542268e-04   1.0878858e-03   7.7051002e-06
   4.4501123e-02   6.3413192e-02   1.4476813e-01   8.1114240e-04   1.2630759e-03   8.0821087e-05
   4.6195436e-02   1.0675661e-01   1.7307304e-01   6.4207241e-04   1.2996133e-03   1.7711558e-04
   5.4836472e-02   4.8998134e-02   1.4816385e-01   3.6920702e-04   1.4257605e-03   3.1068560e-05
   6.9417052e-02   1.0037812e-01   1.3049931e-01   5.8833609e-04   1.7170407e-03   1.8380875e-04
   6.7261890e-02   8.0383323e-02   1.7801046e-01   1.1601793e-04   1.6171301e-03   1.4979240e-04
   6.5146600e-02   9.6637792e-02   1.2244693e-01   9.3968317e-04   1.6138123e-03   2.8098041e-04
   7.0526662e-02   1.1652250e-01   1.7672899e-01   4.6715823e-04   1.6855643e-03   8.4959640e-05
   6.9826275e-02   5.5251096e-02   1.3583542e-01   4.1403516e-04   1.8048048e-03   6.9717851e-05
   6.2673082e-02   1.0736069e-01   1.6485201e-01   3.3290876e-04   1.6187477e-03   2.0434327e-04
   6.6506173e-02   4.3620939e-02   1.3811448e-01   3.9150029e-04   1.8406857e-03   1.0188315e-04
   7.3823646e-02   1.2298914e-01   1.8628875e-01   6.2265001e-04   1.8431886e-03   2.4428724e-04
   8.1502604e-02   3.3958936e-02   1.2814333e-01   4.9865262e-04   2.1163507e-03   1.4522834e-04
   7.0835028e-02   9.7266974e-02   1.7434774e-01   5.0770669e-04   1.7736213e-03   1.8487665e-04
   6.6684297e-02   8.5950562e-02   2.0863274e-01   7.8188232e-04   1.6289941e-03   2.4106198e-04
   7.0636003e-02   5.5537946e-02   1.6849587e-01   8.9749738e-04   2.0102364e-03   1.9770059e-04
   6.8522372e-02   9.4692508e-02   2.0011731e-01   5.2691484e-04   1.8787057e-03   3.5787408e-04
   7.9937025e-02   4.0577072e-02   1.6524231e-01   6.1161643e-04   2.1617327e-03   2.4208125e-04
   9.0078592e-02   1.2100573e-01   1.8126577e-01   5.1623373e-04   2.1812981e-03   2.8835761e-04
   9.8028122e-02   3.2872632e-02   1.4715021e-01   5.6471975e-04   2.4324511e-03   2.1077879e-04
   8.5787115e-02   1.1093889e-01   2.0551072e-01   7.5567814e-04   2.1472877e-03   2.3645522e-04
   8.9478551e-02   4.7128366e-02   1.8881814e-01   5.5837286e-04   2.2957317e-03   1.2822212e-04
   9.1621084e-02   1.2150579e-01   2.0993292e-01   8.3156527e-04   2.2862306e-03   1.6949431e-04
   8.2357042e-02   4.4980739e-02   1.8185656e-01   6.9208101e-04   2.2313447e-03   1.4716597e-05
   8.9432040e-02   1.0841935e-01   2.1091619e-01   8.3977125e-04   2.2339441e-03   3.0509270e-07
   8.4419750e-02   3.6103485e-02   2.0054476e-01   4.3400739e-04   2.0875103e-03   1.1431259e-04
   1.0197149e-01   1.0755636e-01   2.0027217e-01   7.9820684e-04   2.3273922e-03  -1.4815290e-04
   9.3009427e-02   4.6954840e-02   2.0770522e-01   3.3403167e-04   2.3275297e-03  -1.7858347e-04
   1.0389453e-01   1.3443003e-01   2.1673664e-01   1.0830319e-03   2.5173562e-03  -2.7673762e-04
   1.0316802e-01   7.1502950e-02   2.0547497e-01   1.9403128e-04   2.4830764e-03  -2.7069764e-04
   1.0796500e-01   1.2771854e-01   1.8312002e-01   9.9663117e-05   2.3274659e-03  -2.0915113e-04
   1.0291524e-01   4.5065097e-02   1.9412550e-01   1.6192727e-04   2.3910834e-03  -3.1039923e-04
   9.5177384e-02   1.1457638e-01   2.2349106e-01   8.4234493e-04   2.4016203e-03  -2.1366863e-04
   1.1524282e-01   9.2731690e-02   2.4321084e-01   3.7422419e-04   2.5810667e-03  -1.1495582e-04
   1.2232493e-01   9.9254501e-02   1.9949800e-01   1.1109224e-03   2.8191249e-03  -1.5017830e-04
   1.1595416e-01   7.8380558e-02   2.5351249e-01   4.9116680e-04   2.6329165e-03  -1.8773597e-04
   1.1667705e-01   9.4109553e-02   2.0320990e-01   1.0741013e-03   2.7855236e-03  -1.7250378e-04
   1.2034634e-01   7.6572281e-02   2.4463065e-01   3.6027827e-04   2.6114660e-03  -1.2132340e-04
   1.2410066e-01   7.4510803e-02   1.9695260e-01   1.1223581e-03   2.9066399e-03  -2.3508408e-04
   1.2050562e-01   8.7907953e-02   2.6270420e-01   4.1120713e-04   2.7303821e-03  -2.3153897e-04
   1.2974240e-01   7.7125708e-02   1.9730867e-01   1.3384719e-03   2.9764443e-03  -3.3587160e-04
   1.1886410e-01   9.5991086e-02   2.6552198e-01   3.4244805e-04   2.6129194e-03  -1.7065522e-04
   1.2582312e-01   7.7508405e-02   1.9799696e-01   1.1558306e-03   2.9448307e-03  -3.6245416e-04
   1.2876673e-01   1.1535413e-01   2.4091399e-01   3.1974558e-04   2.8814194e-03  -1.2207557e-04
   1.3808468e-01   8.9590902e-02   1.7050841e-01   1.2689839e-03   3.1699605e-03  -1.9965141e-04
   1.2855708e-01   1.3375778e-01   2.3395350e-01   6.6524435e-04   2.9329781e-03  -2.5769879e-04
   1.2890081e-01   6.5200930e-02   1.6269735e-01   6.9636814e-04   3.1348303e-03  -2.9008813e-04
   1.2302539e-01   1.3640386e-01   2.2617842e-01   6.9325184e-04   2.8553563e-03  -1.3575657e-04
   1.2596993e-01   7.3214760e-02   1.9667880e-01   9.3277499e-04   2.7955380e-03   9.8067160e-05
   1.4275549e-01   1.5092465e-01   2.2442633e-01   1.3314088e-03   3.1852383e-03  -5.3088633e-05
   1.5450410e-01   5.9836876e-02   1.8141846e-01   8.4721719e-04   3.4180796e-03  -1.8345670e-04
   1.4790104e-01   1.7391543e-01   2.6488330e-01   9.7850817e-04   3.0238974e-03  -2.1612015e-04
   1.6355409e-01   4.7270372e-02   1.4704064e-01   1.2116371e-03   3.5258499e-03  -4.7371944e-04
   1.4831068e-01   6.6096618e-02   2.2800113e-01   1.7259666e-04   3.0755417e-03  -3.0891182e-04
   1.6575415e-01   8.5007711e-02   2.1746402e-01   1.1402609e-03   3.5019950e-03  -3.0862751e-04
   1.6348984e-01   9.5382755e-02   2.6230642e-01   9.0234309e-04   3.1569118e-03  -8.7804439e-05
   1.8002900e-01   1.0771393e-01   2.0118611e-01   1.5298027e-03   3.7112497e-03  -2.9856841e-04
   1.6452913e-01   9.2403856e-02   2.5631682e-01   5.8301823e-04   3.3772587e-03  -2.6479154e-04
   1.7304408e-01   8.4368023e-02   1.9784623e-01   1.1523851e-03   3.6499038e-03  -4.1161195e-04
   1.6150086e-01   1.0738460e-01   2.6280289e-01   7.1959778e-04   3.3334742e-03  -2.6932088e-04
   1.7241265e-01   1.0280227e-01   1.8814616e-01   1.7586259e-03   3.5700033e-03  -3.3807097e-04
   1.7951840e-01   1.1494960e-01   2.5624092e-01   5.6351871e-04   3.4013239e-03  -3.0233615e-04
   1.8632368e-01   9.2290579e-02   1.6709488e-01   1.2001377e-03   3.6891898e-03  -4.0087029e-04
   1.7629943e-01   1.1642439e-01   2.4174357e-01   1.0464979e-03   3.4669294e-03  -3.7667875e-04
   1.8258483e-01   8.3481948e-02   1.9766485e-01   1.3326910e-03   3.5836354e-03  -3.6089899e-04
   1.8085320e-01   1.2324860e-01   2.6105699e-01   6.9477047e-04   3.3247628e-03  -2.5603801e-04
   1.9419259e-01   7.0199645e-02   1.8911601e-01   1.1358618e-03   3.8098792e-03  -4.5164873e-04
   1.9059742e-01   1.3427566e-01   2.5242351e-01   7.4175057e-04   3.6125683e-03  -4.6354100e-04
   1.9078626e-01   5.7967243e-02   2.1351796e-01   4.1174835e-04   3.7099010e-03  -5.7583448e-04
   1.9698950e-01   1.2406529e-01   2.1561669e-01   7.5944371e-04   3.9866127e-03  -4.6305327e-04
   2.0019271e-01   8.7492643e-02   1.9958455e-01   8.6191779e-04   4.0295939e-03  -7.5763606e-04
   2.1115361e-01   1.1894471e-01   2.1442427e-01   8.9702412e-04   3.8960152e-03  -4.4085819e-04
   2.0181884e-01   1.0222625e-01   2.2875200e-01   1.0864163e-03   3.7650595e-03  -5.9036231e-04
   1.9416406e-01   1.3249400e-01   2.0862755e-01   1.5511737e-03   3.8257227e-03  -6.5633513e-04
   1.9377371e-01   1.0187732e-01   2.2303347e-01   6.4440817e-04   3.8312637e-03  -5.4298328e-04
   2.0302160e-01   1.5342613e-01   1.8508866e-01   1.0449969e-03   4.0445332e-03  -7.2460813e-04
   1.9899335e-01   8.9057567e-02   2.0867508e-01   6.1457624e-04   3.9430805e-03  -6.9762857e-04
   2.0417224e-01   1.2271418e-01   2.0841593e-01   1.0951090e-03   3.9280281e-03  -5.2749379e-04
   2.1058733e-01   8.8071630e-02   2.1818095e-01   6.6848973e-04   3.9904470e-03  -4.9300057e-04
   2.1388778e-01   1.2794230e-01   2.0346604e-01   1.2307001e-03   3.9962537e-03  -4.3993310e-04
   2.2257560e-01   9.2455613e-02   2.2743700e-01   5.9997609e-04   4.1025065e-03  -4.1936806e-04
   2.2458446e-01   1.2480385e-01   2.0973114e-01   1.2302291e-03   4.2070061e-03  -3.8888987e-04
   2.2188915e-01   9.0086837e-02   2.4236285e-01   8.1456725e-04   4.2083101e-03  -4.4382962e-04
   2.1911122e-01   1.1422120e-01   2.0448355e-01   1.3119753e-03   4.2172281e-03  -4.2485751e-04
   2.1225432e-01   1.3406254e-01   2.3963689e-01   1.3619181e-03   4.0558391e-03  -4.0300937e-04
   2.0590025e-01   1.2137210e-01   2.0798215e-01   1.5818222e-03   3.9939178e-03  -4.0233434e-04
   2.0361780e-01   1.0791192e-01   2.3992363e-01   5.9313863e-04   3.7793620e-03  -1.8862204e-04
   2.1385289e-01   1.0734688e-01   1.7053185e-01   1.1719964e-03   4.0756333e-03  -3.8311658e-04
   1.9535253e-01   6.3824179e-02   2.1579970e-01   6.8230561e-04   3.8570860e-03  -3.0781734e-04
   2.0753445e-01   1.0103173e-01   2.0399520e-01   1.1926513e-03   4.0132531e-03  -4.0334024e-04
   2.1416415e-01   8.6746628e-02   2.5626797e-01   6.2126540e-04   4.0330090e-03  -3.5872291e-04
   2.1535792e-01   1.2000590e-01   1.8590458e-01   1.7335382e-03   4.1361095e-03  -3.5272143e-04
   2.2496755e-01   9.9538198e-02   2.4595798e-01   7.6987200e-04   4.1918743e-03  -2.7210160e-04
   2.2718878e-01   9.8868066e-02   1.8665699e-01   1.2003474e-03   4.3473976e-03  -3.0546541e-04
   2.2468665e-01   8.0887699e-02   2.4333065e-01   4.2127008e-04   4.2237139e-03  -1.3669534e-04
   2.2440926e-01   1.0386698e-01   1.8559348e-01   1.3997066e-03   4.2933417e-03  -8.6666261e-05
   2.3045270e-01   9.6903109e-02   2.4920498e-01   5.9602183e-04   4.4092586e-03  -1.3216551e-04
   2.4083898e-01   8.5345943e-02   1.8702244e-01   1.2413019e-03   4.6604181e-03  -1.7510360e-04
   2.3690206e-01   1.2664173e-01   2.5654906e-01   8.2875396e-04   4.3425768e-03  -9.3189485e-05
   2.4381051e-01   7.9980083e-02   1.6744568e-01   1.3181423e-03   4.4939813e-03  -2.0244012e-04
   2.5555022e-01   1.3290599e-01   2.5159584e-01   3.0739745e-04   4.4549763e-03  -1.2036481e-04
   2.6854594e-01   6.9886186e-02   1.6999304e-01   9.5544785e-04   4.8051384e-03  -2.9012498e-04
   2.6444809e-01   9.0355169e-02   2.5463983e-01   2.4185397e-04   4.5569871e-03  -1.4485245e-04
   2.6965601e-01   7.7445436e-02   1.8481282e-01   1.1098747e-03   4.7713392e-03  -1.4296094e-04
   2.4752618e-01   1.3673589e-01   2.5307240e-01   9.6871395e-04   4.2737562e-03   1.9348127e-04
   2.6185246e-01   7.5181103e-02   1.8460916e-01   1.2627918e-03   4.7894102e-03  -2.2956719e-04
   2.5808072e-01   1.4798677e-01   2.4522095e-01   4.9751940e-04   4.7262393e-03  -8.4570146e-05
   2.6605401e-01   8.4001818e-02   1.4829978e-01   9.6246526e-04   4.9342596e-03  -2.2953094e-04
   2.5266506e-01   1.2224610e-01   2.1938754e-01   3.0964396e-04   4.4430648e-03  -1.0917702e-04
   2.7189263e-01   8.4578342e-02   1.5830616e-01   1.0384206e-03   4.9494343e-03  -1.4048040e-04
   2.6271002e-01   1.7228516e-01   2.1799931e-01   1.0645001e-03   4.6654619e-03  -1.5495919e-04
   2.5789343e-01   9.2676328e-02   1.2622322e-01   1.6226700e-03   4.7503927e-03  -3.7476020e-04
   2.4821103e-01   1.5422600e-01   2.2052178e-01   1.2155279e-03   4.4028156e-03  -1.1107105e-04
   2.6854949e-01   1.0063346e-01   1.7854436e-01   1.9518863e-03   5.1498119e-03  -3.9922378e-04
   2.6160365e-01   1.5462372e-01   2.1119462e-01   1.3645984e-03   4.8419359e-03  -3.3650531e-04
   2.7311914e-01   8.3336635e-02   1.6716877e-01   1.5053896e-03   5.1412487e-03  -4.4617099e-04
   2.6764513e-01   1.8831721e-01   2.3233819e-01   1.7657476e-03   4.9791604e-03  -5.3483166e-04
   2.7340972e-01   9.1120236e-02   1.6659871e-01   1.8845959e-03   5.1546950e-03  -5.4050324e-04
   2.7355389e-01   1.6372031e-01   2.3769823e-01   7.7088628e-04   4.7933160e-03  -5.0406088e-04
   2.8816636e-01   1.0663289e-01   1.5693650e-01   1.5506408e-03   5.0903585e-03  -6.5070096e-04
   2.8514482e-01   1.4011251e-01   2.1703348e-01   1.0466491e-03   5.0223147e-03  -5.5017005e-04
   2.9488763e-01   1.0074018e-01   1.5858126e-01   1.4418450e-03   5.3189195e-03  -5.4946092e-04
   2.8101458e-01   1.6286230e-01   2.1062274e-01   9.4468397e-04   4.7880997e-03  -4.7294711e-04
   2.8405951e-01   9.7290504e-02   1.6872564e-01   1.2608969e-03   5.0239419e-03  -5.9354728e-04
   2.7931863e-01   1.7391730e-01   2.0310508e-01   9.1259206e-04   4.9593928e-03  -5.4978385e-04
   2.8944883e-01   9.3086691e-02   1.5372120e-01   9.2939145e-04   5.3806032e-03  -7.2069171e-04
   2.9014117e-01   1.7752283e-01   2.0625541e-01   7.5183780e-04   5.0009651e-03  -5.0332736e-04
   2.9773796e-01   9.5131713e-02   1.3222427e-01   1.1356124e-03   5.4252647e-03  -7.4507516e-04
   2.8928075e-01   1.4924058e-01   2.1007506e-01   6.2775193e-04   4.9093675e-03  -4.7233437e-04
   2.9748941e-01   7.8639800e-02   1.2779823e-01   1.1068634e-03   5.2960458e-03  -7.5069958e-04
   2.9172496e-01   1.4159412e-01   1.9333304e-01   8.7395604e-04   5.0550737e-03  -4.1392453e-04
   2.9638753e-01   7.3396890e-02   1.7753517e-01   9.9161084e-04   5.2149948e-03  -6.4882089e-04
   2.8522991e-01   1.4093732e-01   1.9835263e-01   1.0948741e-03   5.1714208e-03  -6.1086350e-04
   2.9461991e-01   8.3573129e-02   1.6591467e-01   9.9116196e-04   5.2963830e-03  -7.1017592e-04
   2.8825590e-01   1.7439253e-01   1.8298615e-01   1.9037360e-03   5.3056077e-03  -7.0895095e-04
   2.8422620e-01   1.1581330e-01   2.1325724e-01   6.8852568e-04   5.2346056e-03  -6.9369574e-04
   2.7953206e-01   1.4719038e-01   1.4142244e-01   1.8095979e-03   5.2776638e-03  -7.5862166e-04
   2.9610012e-01   1.3290979e-01   2.2610487e-01   5.8421465e-04   5.4205906e-03  -7.3771209e-04
   3.0257611e-01   1.4193523e-01   1.4405060e-01   1.7977071e-03   5.7238694e-03  -8.5410484e-04
   3.0416726e-01   1.3233530e-01   2.1661894e-01   6.7567660e-04   5.5843419e-03  -7.4718268e-04
   2.9043584e-01   1.2490159e-01   1.5943808e-01   1.7356825e-03   5.5804466e-03  -7.5188517e-04
   2.9341134e-01   1.6941416e-01   2.2632149e-01   1.1206291e-03   5.3624235e-03  -6.9183886e-04
   2.8795610e-01   1.0386784e-01   1.3353472e-01   1.5714387e-03   5.4608193e-03  -1.0068231e-03
   2.8909159e-01   1.7985795e-01   2.2304224e-01   1.0905799e-03   5.2958667e-03  -7.9706373e-04
   3.0227844e-01   1.1007123e-01   1.3341035e-01   1.4903604e-03   5.7746904e-03  -8.6885218e-04
   2.8786184e-01   1.7007416e-01   2.1379583e-01   8.1606305e-04   5.1449741e-03  -6.3349211e-04
   3.1443780e-01   1.1867770e-01   1.2680152e-01   1.2364929e-03   5.9468160e-03  -1.0006447e-03
   3.0357353e-01   1.7554233e-01   2.0571724e-01   8.6967495e-04   5.6119785e-03  -8.8864823e-04
   3.1272229e-01   1.0810665e-01   1.2683452e-01   1.1351726e-03   6.0686069e-03  -1.0108153e-03
   3.0756494e-01   1.7209425e-01   1.9351685e-01   8.6949477e-04   5.7962236e-03  -9.0379297e-04
   3.2152501e-01   1.1460677e-01   1.4942352e-01   1.4520692e-03   6.2734370e-03  -1.1822149e-03
   3.0842814e-01   1.6513716e-01   1.9242179e-01   1.1524758e-03   5.8181640e-03  -9.3910816e-04
   3.3096143e-01   9.8627819e-02   1.6578285e-01   9.6127458e-04   6.2101322e-03  -1.1436192e-03
   3.3545642e-01   1.8386069e-01   1.5994240e-01   1.8230962e-03   6.3418844e-03  -1.1095493e-03
   3.3323848e-01   1.1582630e-01   1.9963612e-01   8.8797008e-04   6.2288958e-03  -1.1422320e-03
   3.3574553e-01   1.7026808e-01   1.5564689e-01   2.1348883e-03   6.3863009e-03  -1.3005610e-03
   3.3721581e-01   1.2947227e-01   2.1337676e-01   9.4575693e-04   6.2281978e-03  -1.0634841e-03
   3.4593806e-01   1.3026104e-01   1.5816926e-01   1.7092043e-03   6.4152514e-03  -1.0923881e-03
   3.3616225e-01   1.4071166e-01   2.2974384e-01   1.2306244e-03   6.1979661e-03  -1.0492193e-03
   3.5043535e-01   1.0928271e-01   1.6769373e-01   1.7040890e-03   6.7235893e-03  -1.2192833e-03
   3.5092219e-01   1.6903099e-01   2.3174707e-01   1.3374563e-03   6.6678621e-03  -1.1085572e-03
   3.6131438e-01   1.0092991e-01   1.6222607e-01   1.9920796e-03   6.9620109e-03  -1.2931098e-03
   3.5670062e-01   1.7396258e-01   2.7307591e-01   1.4739021e-03   6.6734312e-03  -8.0291187e-04
   3.8952124e-01   5.3761459e-01   8.3914788e-01   9.1032843e-03   7.2128830e-03  -1.3800297e-03
   4.1595250e-01   1.7031853e-01   2.8971207e-01   5.6704041e-03   7.0692090e-03  -2.0060049e-03
   4.2731718e-01   1.4300690e-01   2.7342802e-01   3.7700740e-03   7.5832449e-03  -1.6540134e-03
   4.3797129e-01   1.8410217e-01   3.1671821e-01   3.8765696e-03   7.8559702e-03  -1.3869787e-03
   4.4602739e-01   2.1015377e-01   3.2449388e-01   3.9831219e-03   7.9137752e-03  -1.1891835e-03
   4.6598968e-01   2.5956804e-01   3.4957449e-01   3.9202343e-03   8.0819771e-03  -1.2200422e-03
   4.8395764e-01   2.2358997e-01   2.8218308e-01   4.1655331e-03   8.4914308e-03  -1.2509355e-03
   4.8575761e-01   2.5939671e-01   3.3050752e-01   3.5720124e-03   8.3493721e-03  -1.2862559e-03
   5.0456412e-01   1.9296190e-01   2.7816862e-01   3.6434787e-03   8.6135759e-03  -1.1672053e-03
   5.0195141e-01   2.3281522e-01   3.2535003e-01   3.5665932e-03   8.4044734e-03  -1.0091964e-03
   5.0695109e-01   1.7431668e-01   2.8001005e-01   3.8613751e-03   8.6339389e-03  -1.0478913e-03
   5.0352910e-01   2.1748521e-01   3.2998314e-01   3.6544993e-03   8.4911697e-03  -1.1186513e-03
   5.2145128e-01   1.6047171e-01   2.8892171e-01   3.6647739e-03   8.8956814e-03  -1.1560409e-03
   5.0607089e-01   2.4840946e-01   3.1693433e-01   4.0605633e-03   8.6276182e-03  -1.0260458e-03
   5.2014234e-01   1.8268469e-01   2.8860959e-01   4.1118210e-03   9.0626587e-03  -1.2142116e-03
   5.0998105e-01   2.3546901e-01   3.4746130e-01   3.4649808e-03   8.7557636e-03  -1.0580076e-03
   5.1521856e-01   1.9280965e-01   2.6922491e-01   3.7918535e-03   8.9258109e-03  -9.3703897e-04
   5.2683628e-01   2.3366643e-01   3.1735401e-01   3.2379006e-03   8.9453925e-03  -8.6155363e-04
   5.3900425e-01   1.9034802e-01   2.4438936e-01   3.3286394e-03   9.1118943e-03  -8.3674335e-04
   5.3627030e-01   2.3415916e-01   3.0450748e-01   2.8653295e-03   8.9965932e-03  -9.1630459e-04
   5.3964297e-01   1.8746780e-01   2.2767771e-01   3.1633216e-03   9.2494821e-03  -1.0273176e-03
   5.3819119e-01   2.1190004e-01   2.5745113e-01   2.8009067e-03   9.4126973e-03  -9.9470807e-04
   5.4200086e-01   1.9235896e-01   2.2649317e-01   3.0664874e-03   9.3688363e-03  -7.4408156e-04
   5.4515285e-01   2.3518665e-01   2.6323820e-01   2.6791236e-03   9.2584573e-03  -5.7047945e-04
   5.4848112e-01   1.9056093e-01   2.0197270e-01   2.9520471e-03   9.5269809e-03  -7.8309094e-04
   5.4428990e-01   2.3729280e-01   2.6409799e-01   2.4256851e-03   9.3979029e-03  -5.9762183e-04
   5.6145352e-01   1.7931284e-01   2.1192754e-01   2.9570398e-03   9.6757966e-03  -4.3598065e-04
   5.6249567e-01   2.4388974e-01   2.6780423e-01   2.8057583e-03   9.6349405e-03  -4.4167077e-04
   5.5401920e-01   1.7916207e-01   2.0366857e-01   3.2121268e-03   9.6764631e-03  -6.2968887e-04
   5.4151752e-01   2.0890378e-01   2.8733781e-01   2.2295012e-03   9.2449963e-03  -5.3833902e-04
   5.5375030e-01   1.6586694e-01   2.0962981e-01   2.9010062e-03   9.7264325e-03  -4.9636883e-04
   5.5387468e-01   2.2071841e-01   2.2587503e-01   2.7004029e-03   9.6189923e-03  -4.4932489e-04
   5.5055415e-01   1.6720979e-01   2.1547821e-01   2.3378077e-03   9.6322411e-03  -3.2461837e-04
   5.4986011e-01   2.4123695e-01   2.2992033e-01   3.3176709e-03   9.4868526e-03  -1.9084650e-04
   5.4423047e-01   2.0141636e-01   2.3688418e-01   2.6843199e-03   9.3637779e-03  -3.4085839e-04
   5.3980711e-01   2.2386906e-01   2.3242388e-01   3.1146253e-03   9.5013481e-03  -4.2342304e-04
   5.4100631e-01   2.3691935e-01   2.8070481e-01   2.4407817e-03   9.2943545e-03  -1.7725064e-04
   5.4690136e-01   2.1296741e-01   2.0145709e-01   3.0365675e-03   9.5999322e-03  -4.1130531e-04
   5.3745822e-01   2.4014715e-01   2.5789977e-01   2.4569344e-03   9.2897559e-03  -2.9790886e-04
   5.4343555e-01   2.1029700e-01   1.9079151e-01   3.0399599e-03   9.7004407e-03  -4.9631683e-04
   5.4820944e-01   2.9103720e-01   2.4639896e-01   2.9706034e-03   9.4983246e-03  -3.7602281e-04
   5.4645042e-01   2.1431465e-01   1.8127259e-01   3.3484327e-03   9.5092209e-03  -3.6026619e-04
   5.5446159e-01   2.7312287e-01   2.6383001e-01   3.1364069e-03   9.5378143e-03  -4.8306446e-04
   5.4889409e-01   2.0111431e-01   2.0103949e-01   3.3705045e-03   9.5128306e-03  -3.5985165e-04
   5.6503231e-01   2.5809716e-01   2.5422873e-01   2.9329262e-03   9.6547652e-03  -2.3258836e-04
   5.7858147e-01   1.8383129e-01   2.0752361e-01   3.2284779e-03   9.8617656e-03  -5.5236683e-05
   5.8049179e-01   2.6668144e-01   2.5673123e-01   3.0949162e-03   9.9818536e-03  -2.1673200e-04
   5.7290270e-01   1.8771582e-01   2.0306776e-01   3.2000072e-03   1.0206287e-02  -3.6000544e-04
   5.7233471e-01   2.6220368e-01   2.5873007e-01   3.1367271e-03   1.0159556e-02  -2.8654476e-04
   5.6265039e-01   2.0423849e-01   2.2118339e-01   3.2663800e-03   9.9664311e-03  -3.4982754e-04
   5.7447920e-01   2.6544296e-01   2.3301795e-01   3.2886592e-03   9.8899315e-03  -8.0876937e-05
   5.6630981e-01   2.1118104e-01   2.3527541e-01   2.6685646e-03   9.7602003e-03  -1.7430868e-04
   5.6149394e-01   2.1991423e-01   2.0830859e-01   3.4452599e-03   9.7569252e-03  -2.8503870e-04
   5.6015924e-01   2.4062655e-01   2.6507870e-01   2.7372520e-03   9.6862618e-03  -1.1027189e-04
   5.6313541e-01   2.0228519e-01   2.0929482e-01   3.4466171e-03   1.0230630e-02  -3.7059787e-04
   5.6635642e-01   2.5814644e-01   2.6094594e-01   2.8371185e-03   9.9641036e-03  -1.3933835e-04
   5.8275826e-01   1.8929513e-01   2.0911135e-01   3.2126815e-03   1.0442303e-02  -3.1226926e-04
   5.7774337e-01   2.5419160e-01   2.6419606e-01   2.7667627e-03   1.0003705e-02  -9.9192803e-05
   5.8099481e-01   2.0710206e-01   1.9005073e-01   3.4834740e-03   1.0398863e-02  -3.4212058e-04
   5.8024031e-01   2.4197130e-01   2.7157758e-01   2.4651553e-03   1.0063585e-02  -1.3887332e-04
   5.7697308e-01   1.9584537e-01   2.1030769e-01   3.0724591e-03   1.0212214e-02  -2.8801949e-04
   5.7829825e-01   2.4311407e-01   2.6612594e-01   2.4725491e-03   1.0104642e-02   1.0893213e-06
   5.8937080e-01   1.8853983e-01   2.1182859e-01   3.0477253e-03   1.0552421e-02  -2.3368517e-04
   5.8435270e-01   2.6941135e-01   2.5737739e-01   2.6479749e-03   1.0406717e-02  -1.3718419e-04
   5.8325139e-01   1.9271652e-01   1.7872685e-01   2.7624558e-03   1.0513881e-02  -2.6674560e-04
   5.7029298e-01   2.6567116e-01   2.3106789e-01   2.7674214e-03   1.0283238e-02  -3.2268740e-04
   5.7133677e-01   1.8354389e-01   2.0338803e-01   2.4217494e-03   1.0436222e-02  -3.6010058e-04
   5.7231553e-01   2.5168517e-01   2.1310501e-01   2.7059219e-03   1.0323347e-02  -4.6056678e-04
   5.7567847e-01   2.0212846e-01   2.1905958e-01   2.3688906e-03   1.0494175e-02  -4.8069469e-04
   5.7351922e-01   2.2858521e-01   1.8407813e-01   2.6574850e-03   1.0502767e-02  -5.6873184e-04
   5.7087640e-01   2.5408823e-01   2.2951465e-01   2.8950014e-03   1.0403793e-02  -6.6822710e-04
   5.6173345e-01   2.0996540e-01   2.0916388e-01   2.8986018e-03   1.0366181e-02  -6.7154265e-04
   5.6980334e-01   2.9254005e-01   2.4342926e-01   2.9086140e-03   1.0290179e-02  -6.6081954e-04
   5.6294617e-01   1.8841844e-01   1.6561622e-01   2.7618816e-03   1.0322761e-02  -7.1951260e-04
   5.5200855e-01   2.5373805e-01   2.3261329e-01   2.3259948e-03   9.9508130e-03  -6.0850417e-04
   5.6205827e-01   1.8403258e-01   1.9372265e-01   2.8459517e-03   1.0114289e-02  -6.8602139e-04
   5.7200400e-01   2.7376790e-01   2.4808196e-01   2.7358924e-03   1.0192369e-02  -6.3338819e-04
   5.7129256e-01   2.1095973e-01   1.7790744e-01   3.5481174e-03   1.0663539e-02  -9.4339607e-04
   5.7671138e-01   2.6112522e-01   2.5444488e-01   2.5032294e-03   1.0286805e-02  -5.6962798e-04
   5.7805610e-01   1.8717908e-01   1.9574160e-01   3.2866221e-03   1.0482278e-02  -7.9566039e-04
   5.7584586e-01   2.4115805e-01   2.4214264e-01   2.9143972e-03   1.0207451e-02  -5.1202365e-04
   5.8248612e-01   1.8276103e-01   2.2394093e-01   2.7995734e-03   1.0376702e-02  -5.4721927e-04
   5.7335675e-01   2.5361462e-01   2.4616369e-01   3.1980244e-03   1.0224550e-02  -6.7327696e-04
   5.6848328e-01   2.1132849e-01   2.2204865e-01   2.7920650e-03   1.0177590e-02  -8.3402173e-04
   5.8511609e-01   2.5030340e-01   2.1451240e-01   3.7171948e-03   1.0499149e-02  -9.1420102e-04
   5.8087674e-01   2.5808549e-01   2.6257816e-01   2.9152449e-03   1.0265000e-02  -6.2847293e-04
   5.8287097e-01   1.9023113e-01   1.8380942e-01   3.1023541e-03   1.0606668e-02  -6.8478792e-04
   5.8884840e-01   2.5989335e-01   2.1369308e-01   2.9037607e-03   1.0459584e-02  -6.0104814e-04
   5.8782432e-01   1.7273825e-01   1.8474783e-01   3.0917328e-03   1.0521819e-02  -8.2296284e-04
   5.8550655e-01   2.4952095e-01   2.1280086e-01   3.0080926e-03   1.0428976e-02  -1.0083445e-03
   5.8418196e-01   2.1500974e-01   1.9490917e-01   3.5354847e-03   1.0647469e-02  -1.1243415e-03
   5.8480139e-01   2.6037052e-01   2.1789355e-01   3.4704776e-03   1.0378731e-02  -7.6891595e-04
   5.8680872e-01   1.9589032e-01   2.4244368e-01   2.8757086e-03   1.0367638e-02  -8.1752453e-04
   5.8572556e-01   2.3101068e-01   2.1154700e-01   3.3080823e-03   1.0627468e-02  -8.9521042e-04
   5.8495383e-01   2.1897906e-01   2.5383992e-01   2.3070056e-03   1.0503822e-02  -6.9244869e-04
   5.7484890e-01   2.7068817e-01   2.7587849e-01   2.9330407e-03   1.0034579e-02  -7.6713156e-04
   5.9726154e-01   1.7056976e-01   2.2142964e-01   4.0628263e-03   1.0757715e-02  -1.0142648e-03
   5.9474020e-01   2.5789327e-01   3.0728827e-01   2.7867436e-03   1.0595922e-02  -7.9333031e-04
   5.8125268e-01   1.8773915e-01   2.0335491e-01   3.4536602e-03   1.0535394e-02  -9.4923678e-04
   5.7472350e-01   2.4892659e-01   2.5981652e-01   2.9614846e-03   1.0347849e-02  -9.7710983e-04
   5.7857822e-01   1.9820436e-01   2.1085152e-01   3.1744007e-03   1.0317062e-02  -7.4331126e-04
   5.9130064e-01   2.7746074e-01   2.5176301e-01   2.8145135e-03   1.0481273e-02  -8.1728422e-04
   5.8718714e-01   1.9291015e-01   2.1172331e-01   2.9811819e-03   1.0637938e-02  -1.0269668e-03
   5.8468817e-01   2.5076505e-01   2.4066145e-01   2.5419488e-03   1.0439455e-02  -7.7686930e-04
   6.0025226e-01   2.3045349e-01   2.3505522e-01   3.2150939e-03   1.0709707e-02  -8.1613987e-04
   6.0072395e-01   2.5026757e-01   2.1847608e-01   2.8974709e-03   1.0646239e-02  -7.1807313e-04
   5.9641135e-01   2.0285292e-01   2.2934865e-01   2.4940710e-03   1.0625815e-02  -7.3014478e-04
   6.0458326e-01   2.3414746e-01   2.0100747e-01   3.1160705e-03   1.0794568e-02  -5.9630710e-04
   5.9705104e-01   2.0856747e-01   2.5275279e-01   2.3576159e-03   1.0689392e-02  -6.9437966e-04
   5.9838807e-01   2.1919679e-01   2.1421491e-01   3.1676574e-03   1.0728814e-02  -7.2903867e-04
   6.0461025e-01   2.0166478e-01   2.6729975e-01   2.5240399e-03   1.0828975e-02  -6.5546507e-04
   6.1431411e-01   2.1439488e-01   2.2259749e-01   3.2215869e-03   1.1045740e-02  -8.0729137e-04
   6.0592997e-01   2.6211000e-01   3.0340104e-01   3.1205732e-03   1.0693291e-02  -3.5822644e-04
   6.0737368e-01   1.9722775e-01   2.1497712e-01   3.2300876e-03   1.1137171e-02  -7.9864990e-04
   6.0842526e-01   2.6521663e-01   2.9090133e-01   2.9023985e-03   1.1003049e-02  -5.0723222e-04
   6.0343131e-01   2.2449364e-01   2.0024621e-01   3.4704462e-03   1.0959165e-02  -6.0755487e-04
   5.9710151e-01   2.6034676e-01   2.8148290e-01   2.8049482e-03   1.0745167e-02  -4.5782886e-04
   5.9901343e-01   1.8697410e-01   1.9883771e-01   3.0708574e-03   1.1153809e-02  -8.0582205e-04
   6.0489498e-01   2.4155100e-01   2.7074388e-01   2.1322418e-03   1.0856070e-02  -5.0108023e-04
   6.0911823e-01   2.2125309e-01   1.7731576e-01   3.0946738e-03   1.1115870e-02  -7.9857097e-04
   5.9215485e-01   2.0757418e-01   2.3876640e-01   1.8982028e-03   1.0713528e-02  -6.3697659e-04
   5.9831142e-01   2.0690987e-01   1.9213051e-01   2.5424879e-03   1.0995450e-02  -7.5957474e-04
   5.8229775e-01   2.0493298e-01   2.3458256e-01   1.8973549e-03   1.0655031e-02  -4.2979874e-04
   5.9656655e-01   2.4024071e-01   2.0074665e-01   2.2650847e-03   1.0928274e-02  -6.8777825e-04
   5.9386330e-01   1.8819315e-01   2.0922922e-01   1.8413854e-03   1.0949202e-02  -6.6152249e-04
   6.0947235e-01   2.4680794e-01   2.0525176e-01   2.0645084e-03   1.1055580e-02  -7.1448375e-04
   5.8751569e-01   2.0556128e-01   1.8936225e-01   2.1346279e-03   1.0708871e-02  -6.6794819e-04
   6.0024023e-01   2.5457220e-01   2.0885019e-01   2.2910118e-03   1.0952283e-02  -7.7761010e-04
   5.9529475e-01   1.9628350e-01   2.1886788e-01   1.5268235e-03   1.0831024e-02  -7.4387169e-04
   6.0858390e-01   2.6639943e-01   1.8219185e-01   2.8842132e-03   1.1164347e-02  -8.7675141e-04
   5.9719060e-01   2.6964437e-01  -4.8867686e-04   5.3744067e-03   9.7193359e-03  -1.2057367e-05
   5.8102661e-01   3.6261397e-01  -8.9832969e-01   8.0987966e-03   9.1668419e-03  -1.6822531e-03
   5.7858449e-01   2.4427762e-01  -9.3881568e-01   6.7947080e-03   1.0002843e-02  -2.3224395e-03
   5.2311650e-01   1.5581081e-01   1.6102326e-02   1.4328121e-03   9.2165139e-03  -2.2712831e-03
   4.4676227e-01   2.7987191e-01   2.1023927e-01   2.8830275e-03   8.1846737e-03  -2.5389007e-03
   4.8070523e-01   1.8966267e-01   2.1750048e-01   2.6367548e-03   8.6940910e-03  -2.3255755e-03
   4.9238701e-01   2.5930531e-01   2.4876531e-01   2.5774236e-03   8.8115604e-03  -2.0291330e-03
   5.2070544e-01   1.7665323e-01   2.2749792e-01   2.2382391e-03   9.3957908e-03  -1.8420212e-03
   5.2920767e-01   2.3810646e-01   2.3426886e-01   2.2274481e-03   9.3206448e-03  -1.7213904e-03
   5.4052391e-01   1.7980790e-01   2.3282427e-01   2.1281552e-03   9.4617786e-03  -1.6219144e-03
   5.4830010e-01   2.3628114e-01   2.3657027e-01   2.8934902e-03   9.5535673e-03  -1.6710803e-03
   5.5391092e-01   2.1507754e-01   2.8202566e-01   2.0767199e-03   9.4634649e-03  -1.4381838e-03
   5.5866003e-01   1.9779721e-01   2.0311314e-01   2.5047909e-03   9.8206363e-03  -1.5978064e-03
   5.4193562e-01   2.0396529e-01   2.4845992e-01   1.9400110e-03   9.4508477e-03  -1.5688108e-03
   5.4626107e-01   1.9826690e-01   2.0610385e-01   2.4159694e-03   9.8406528e-03  -1.6948401e-03
   5.4663543e-01   2.0246877e-01   2.6192977e-01   1.7536999e-03   9.7797549e-03  -1.5736844e-03
   5.6133145e-01   2.0917105e-01   2.0654880e-01   2.4237034e-03   1.0000070e-02  -1.7124845e-03
   5.7540649e-01   1.9530523e-01   2.5009010e-01   1.7075211e-03   1.0114693e-02  -1.5036155e-03
   5.7783571e-01   2.2519217e-01   1.9850914e-01   2.4850411e-03   1.0335108e-02  -1.5768467e-03
   5.7566128e-01   1.6936919e-01   2.2733697e-01   1.4653970e-03   1.0272718e-02  -1.5063880e-03
   5.7687106e-01   2.1471212e-01   2.3384866e-01   1.7959026e-03   1.0298211e-02  -1.5230359e-03
   5.8259543e-01   1.7054836e-01   2.0560284e-01   2.1191314e-03   1.0585020e-02  -1.5660008e-03
   5.7691653e-01   2.1986008e-01   2.7507891e-01   1.6996085e-03   1.0246824e-02  -1.3906870e-03
   5.9124115e-01   1.6838557e-01   2.1375822e-01   2.0879321e-03   1.0616441e-02  -1.5784647e-03
   5.8277625e-01   2.5818532e-01   2.6841781e-01   2.1122538e-03   1.0359830e-02  -1.3361011e-03
   5.9624906e-01   1.6709042e-01   2.2535487e-01   1.9563073e-03   1.0736570e-02  -1.5221298e-03
   5.9330957e-01   2.4973664e-01   2.6637919e-01   2.0085074e-03   1.0642701e-02  -1.5528784e-03
   5.8933196e-01   1.4794183e-01   2.1226767e-01   1.5069953e-03   1.0708648e-02  -1.5079498e-03
   5.8121754e-01   2.0655490e-01   2.4665418e-01   1.4731121e-03   1.0354392e-02  -1.4828389e-03
   5.7760592e-01   1.5599575e-01   2.3683650e-01   1.2108794e-03   1.0244059e-02  -1.3404649e-03
   5.8754954e-01   2.2991944e-01   2.3711531e-01   1.7921677e-03   1.0607091e-02  -1.4133912e-03
   5.8084268e-01   1.6282019e-01   2.5450681e-01   1.1630213e-03   1.0499131e-02  -1.3205467e-03
   5.7921435e-01   2.7136115e-01   2.7470354e-01   1.7379827e-03   1.0226558e-02  -1.4048320e-03
   5.9207748e-01   1.6053046e-01   2.4490007e-01   1.8380908e-03   1.0533473e-02  -1.5662020e-03
   5.8040228e-01   2.2892622e-01   2.5972746e-01   1.6721324e-03   1.0348440e-02  -1.5331317e-03
   5.8189564e-01   1.5587776e-01   2.4721329e-01   1.1582402e-03   1.0255563e-02  -1.4548016e-03
   5.8025610e-01   2.2991730e-01   2.5682140e-01   1.7150206e-03   1.0214389e-02  -1.4801302e-03
   5.8483836e-01   1.7617340e-01   2.6818970e-01   1.3703613e-03   1.0329733e-02  -1.6172269e-03
   5.8682016e-01   2.1994004e-01   2.4838919e-01   1.8658305e-03   1.0381638e-02  -1.4491488e-03
   5.8476092e-01   2.4527721e-01   3.0165246e-01   1.8114385e-03   1.0175672e-02  -1.4413058e-03
   5.9783601e-01   2.2286922e-01   2.2785557e-01   2.2573017e-03   1.0529982e-02  -1.5565295e-03
   5.9238852e-01   2.7329248e-01   2.9127377e-01   1.6740917e-03   1.0369715e-02  -1.3948077e-03
   5.9554687e-01   1.7052098e-01   2.1374259e-01   1.4952393e-03   1.0502779e-02  -1.5683577e-03
   5.8362213e-01   2.4191878e-01   2.8390304e-01   1.2007649e-03   1.0214899e-02  -1.6431238e-03
   5.8471242e-01   1.6721336e-01   2.2636340e-01   1.5148154e-03   1.0376489e-02  -1.7021306e-03
   5.7782125e-01   2.5315121e-01   2.9618231e-01   1.4531195e-03   1.0131487e-02  -1.5387250e-03
   5.7797990e-01   1.9772372e-01   2.2221345e-01   2.1497869e-03   1.0405368e-02  -1.7863672e-03
   5.6715574e-01   2.4786483e-01   2.9194615e-01   1.2931730e-03   1.0008063e-02  -1.5389126e-03
   5.7634655e-01   1.6457800e-01   2.2770681e-01   1.3911763e-03   1.0373073e-02  -1.7482953e-03
   5.8188660e-01   2.4733354e-01   2.7647725e-01   1.2440685e-03   1.0208900e-02  -1.4751324e-03
   5.8569216e-01   1.7403898e-01   2.1695399e-01   1.7163321e-03   1.0392436e-02  -1.5969784e-03
