   0.0000000e+00   0.0000000e+00   0.0000000e+00   0.0000000e+00   0.0000000e+00   0.0000000e+00
  -1.8849018e-03   4.4457695e-02  -9.5026808e-03   8.9203172e-04   5.6965969e-04  -1.2464626e-03
  -3.2419981e-02   6.8166099e-02  -1.7770475e-01   6.4290148e-04   5.6642463e-04  -1.3940957e-03
  -5.1457489e-02  -2.5359802e-01   3.1067466e-02  -1.2989166e-02  -3.4201950e-03   6.1791942e-03
  -6.1668854e-02  -6.6210362e-01  -4.9166173e-01  -2.9116489e-02  -3.6075067e-03   6.0489291e-03
   1.6719677e-02  -5.7736086e-01  -5.6988766e-01  -3.1378244e-02  -1.6077432e-03   6.8545512e-03
   1.5149801e-02  -8.8810649e-01  -7.3899907e-01  -3.8605117e-02  -2.9428528e-03   6.1815660e-03
   2.2461820e-01  -4.9537886e-01  -2.2363048e-01  -2.8119406e-02   5.6894305e-05   3.5122082e-03
   6.9840981e-02  -5.5807728e-01  -2.6729114e-01  -2.7803717e-02  -2.0662979e-03   3.8622394e-03
  -2.7499994e-02  -6.7130113e-01  -5.7088260e-01  -3.1022451e-02  -2.8206557e-03   4.4813147e-03
   1.9187203e-01  -5.5340426e-01  -3.0576948e-01  -2.8158626e-02   2.0104752e-04   4.9259385e-03
   1.5460230e-01  -4.0897358e-01  -1.4449593e-01  -2.3541096e-02   2.8768274e-04   2.9531445e-03
   1.1065703e-01  -7.2492097e-01  -3.6409574e-01  -2.9043796e-02   8.3680771e-06   3.8578924e-03
   1.8387822e-01  -3.3779544e-01  -1.2073562e-01  -1.0769645e-02   1.6700259e-03   3.9456198e-03
  -5.2586034e-02  -4.1007419e-01  -7.2345756e-01  -2.4261232e-02  -2.7819107e-03   7.4220599e-03
   8.9611699e-02  -1.1835890e-01  -7.1663817e-02  -1.6218742e-02  -6.7684034e-04   2.7605959e-03
   4.9858820e-02  -4.8059729e-01  -4.2500558e-01  -2.1538674e-02  -1.1216768e-03   3.8997694e-03
   8.4808882e-02  -3.0247631e-01  -3.8214060e-01  -2.0277576e-02  -8.0270802e-04   3.3232084e-03
   1.4348212e-01  -3.1484000e-01  -1.6578919e-01  -2.0220321e-02  -5.9395746e-04   3.6969205e-03
   1.6774919e-01  -4.0280349e-01  -3.9085212e-01  -1.9816166e-02   2.5705400e-04   2.8036594e-03
   1.3841894e-01  -3.6768257e-01  -4.3478032e-01  -2.3171117e-02  -6.0488209e-04   4.1332139e-03
   2.7889230e-01  -3.2822751e-01  -1.4528655e-01  -2.1056465e-02   5.9648063e-04   3.8695788e-03
   2.4012574e-01  -4.3213103e-01  -5.3169535e-01  -2.1521757e-02   6.6498186e-04   3.6004961e-03
   2.8880258e-01  -1.6335259e-01  -1.6032714e-01  -1.7208701e-02   8.3151161e-04   3.5910576e-03
   2.7139527e-01  -3.9081922e-01  -2.7432714e-01  -1.9003097e-02   1.2759110e-03   2.5924747e-03
   2.0243524e-01  -1.8170785e-01  -4.5232903e-01  -1.5788692e-02   5.0548641e-04   3.5313823e-03
   2.2537411e-01  -1.1593188e-01  -3.4588058e-03  -1.1969555e-02   8.8047436e-04   1.5592287e-03
   1.5758515e-01  -4.4395585e-01  -5.8698396e-01  -2.4739841e-02  -1.0158177e-03   7.6179621e-03
   3.4086457e-01  -9.3261721e-01  -5.9030946e-01  -3.7307577e-02  -7.2588303e-05   1.0533913e-02
   2.7304419e-01  -8.2673082e-01  -4.4242132e-01  -3.2055243e-02  -1.0297368e-03   7.6022717e-03
   3.4084886e-01  -8.5069037e-01  -4.9431769e-01  -3.7082317e-02  -1.3474926e-03   1.2099346e-02
   4.2112463e-01  -9.4516258e-01  -4.4013695e-01  -4.1042760e-02  -1.8769960e-03   1.0842952e-02
   4.3635086e-01  -9.8318070e-01  -6.7107443e-01  -3.9009197e-02  -7.2256288e-05   9.2494018e-03
   3.8004284e-01  -8.0313584e-01  -5.0337050e-01  -3.8711405e-02  -1.2565246e-03   8.8224105e-03
   3.6687111e-01  -9.1346077e-01  -5.0408584e-01  -3.8510032e-02  -1.1914864e-03   8.1423380e-03
   3.4503514e-01  -9.1835663e-01  -7.0006693e-01  -3.8141083e-02  -2.4036505e-04   7.0314968e-03
   3.1652406e-01  -4.1376780e-01  -2.2027448e-01  -2.6754144e-02  -1.1915696e-03   5.8127466e-03
   3.1657163e-01  -7.2594436e-01  -3.8233762e-01  -3.0141674e-02  -4.0337889e-04   4.6579133e-03
   2.8637895e-01  -6.2354624e-01  -5.6529521e-01  -2.6738719e-02   2.5165646e-05   3.7952058e-03
   3.7429041e-01  -3.6586626e-01   1.4712133e-02  -2.4121477e-02   1.7564843e-04   2.4805248e-03
   3.7364155e-01  -6.5608892e-01  -3.7965646e-01  -2.6309218e-02   6.2713320e-04   3.0529079e-03
   4.0208115e-01  -8.3185168e-01  -4.8256476e-01  -3.6125736e-02   8.8233249e-05   7.2971821e-03
   4.6410294e-01  -6.5966864e-01  -1.6029956e-01  -3.0794480e-02   1.6794001e-03   6.1444081e-03
   4.1000066e-01  -8.6018872e-01  -5.0349536e-01  -3.4640241e-02   1.1565639e-03   6.7347878e-03
   4.8424728e-01  -8.7652766e-01  -4.9393459e-01  -4.0277424e-02   6.2752734e-04   9.6669868e-03
   5.5222860e-01  -8.1462287e-01  -4.0564408e-01  -3.6503816e-02   2.6040662e-03   6.8467633e-03
   4.7655234e-01  -7.6018636e-01  -6.3683877e-01  -3.6857574e-02   1.7478332e-03   6.6953949e-03
   4.8539313e-01  -6.9755425e-01  -2.4472002e-01  -3.5832560e-02   1.1505816e-03   7.2747366e-03
   4.7590746e-01  -8.3775503e-01  -4.2262786e-01  -3.5008513e-02   1.9910336e-03   4.8824868e-03
   4.4522296e-01  -6.2680298e-01  -4.1713916e-01  -3.1559092e-02   1.6521681e-03   5.4493821e-03
   4.3878652e-01  -8.5511365e-01  -2.7561334e-01  -3.7064033e-02   1.0957528e-03   4.7176182e-03
   4.0223252e-01  -9.4519331e-01  -7.4587225e-01  -4.2665743e-02   8.8175894e-04   5.9044330e-03
   4.8979325e-01  -6.7222010e-01  -3.3274908e-01  -3.5228977e-02   1.8086636e-03   4.9585598e-03
   4.4579756e-01  -9.0251311e-01  -3.5549961e-01  -3.8272470e-02   1.4647009e-03   4.5994582e-03
   4.0034085e-01  -7.3927675e-01  -6.3769663e-01  -3.3301703e-02   2.0579671e-03   4.2057706e-03
   5.2087819e-01  -5.6689238e-01  -3.2821973e-02  -3.0407304e-02   3.1998900e-03   3.3691234e-03
   4.1939858e-01  -8.0491159e-01  -5.5311230e-01  -3.4263196e-02   2.3694424e-03   3.2097483e-03
   4.5046042e-01  -8.3566460e-01  -3.5683894e-01  -3.7829783e-02   1.6906609e-03   4.5427055e-03
   4.8409518e-01  -7.8829039e-01  -2.8867725e-01  -3.4650850e-02   2.4722516e-03   2.6668377e-03
   4.3858080e-01  -6.9153372e-01  -5.1090119e-01  -3.1661316e-02   1.8537166e-03   2.4592550e-03
   4.5944470e-01  -6.9745135e-01  -2.0692563e-01  -3.7092795e-02   3.6130019e-04   5.8219077e-03
   4.5022617e-01  -7.8448259e-01  -4.2985699e-01  -3.5425675e-02   1.0995419e-03   3.5056840e-03
   3.9007618e-01  -8.1832161e-01  -6.6000857e-01  -3.6882789e-02   6.2187635e-04   3.8282587e-03
   4.1651320e-01  -5.7656078e-01  -2.1246045e-01  -3.0798883e-02   8.3458205e-04   2.3980820e-03
   3.6437359e-01  -9.0271508e-01  -5.4292677e-01  -3.6687292e-02   7.7253428e-04   1.6321329e-03
   3.4964288e-01  -5.9360302e-01  -5.2163478e-01  -3.0349081e-02   4.9686003e-04   1.6327229e-03
   3.7182898e-01  -4.0027542e-01  -8.3692693e-02  -2.4572078e-02   5.2149063e-05   4.5203336e-04
   3.4270595e-01  -6.4977955e-01  -6.2714328e-01  -2.9935959e-02   5.5950005e-04   1.3375114e-03
   4.1584545e-01  -4.7012382e-01   1.9300820e-01  -2.5657377e-02   8.2291222e-04  -3.6504834e-04
   3.3696530e-01  -7.1415107e-01  -4.7352742e-01  -2.8024625e-02   6.2364679e-04  -3.2995235e-04
   3.7454964e-01  -4.2807026e-01  -2.2539405e-01  -2.5464004e-02   4.0105942e-04   1.3202995e-04
   3.7926018e-01  -6.3050232e-01  -2.1569425e-01  -2.8815332e-02   1.0182658e-03   5.1581640e-04
   3.2594369e-01  -7.0252294e-01  -4.7412964e-01  -3.2012115e-02   2.5305175e-04   1.0726009e-03
   3.4100076e-01  -5.7779220e-01  -1.9177197e-01  -3.0586324e-02  -2.8864312e-04   1.6560730e-03
   3.3297571e-01  -6.5073243e-01  -2.2812536e-01  -3.0558598e-02  -2.4315984e-05   1.0941042e-04
   3.2929123e-01  -5.7286113e-01  -4.6125733e-01  -2.8633428e-02   3.9865818e-04   9.2214030e-05
   3.6327463e-01  -4.8341246e-01  -4.9653566e-02  -2.7498851e-02  -1.2653790e-04  -2.6036858e-04
   3.6255833e-01  -7.0416208e-01  -3.3136686e-01  -2.9712184e-02   1.8272175e-04  -6.9766540e-05
   3.5464132e-01  -5.1164679e-01  -3.5193558e-01  -2.7851422e-02   7.0302685e-05   3.1328708e-04
   3.5785448e-01  -4.4113754e-01  -4.4891718e-02  -2.5426277e-02   9.1994904e-05  -3.5334760e-04
   3.0947104e-01  -6.0146402e-01  -4.7946814e-01  -2.7010549e-02   5.4111414e-05  -1.0443013e-03
   3.0326435e-01  -4.9010580e-02   8.8768842e-01  -1.4523656e-02   2.1102557e-04  -3.6047789e-03
   9.7113277e-02  -2.5164961e-01  -6.3043915e-01  -7.8235540e-03   5.7300948e-05  -1.0290006e-03
   1.0146410e-01  -7.2490674e-01  -7.9057825e-01  -3.6268452e-02  -2.2006562e-03   3.2944778e-03
   2.1747166e-01  -7.3191177e-01  -5.4389692e-01  -3.9226017e-02  -1.7212397e-03   4.9322946e-03
   1.6228017e-01  -8.6251489e-01  -5.7515082e-01  -3.8847117e-02  -1.1612265e-03   1.2748472e-03
   1.1306358e-01  -6.9146986e-01  -4.6037611e-01  -3.6648453e-02  -3.2965398e-03   1.8149014e-03
   1.1957970e-01  -6.5278925e-01  -2.5344691e-01  -3.2972520e-02  -2.9810582e-03   1.9007196e-04
   3.6170037e-02  -5.5387254e-01  -6.2264150e-01  -3.0763905e-02  -2.9616535e-03   1.9013801e-04
   1.2342530e-01  -5.2777831e-01  -1.1933935e-01  -3.0661207e-02  -2.3528434e-03  -2.3358523e-04
   8.6875209e-02  -9.1640669e-01  -7.1532914e-01  -4.2859064e-02  -3.7518648e-03   5.0038038e-03
   1.2891823e-01  -9.9864563e-01  -5.8652948e-01  -4.8294930e-02  -3.5533395e-03   3.6419097e-03
   3.8115956e-02  -1.0346172e+00  -6.8891846e-01  -4.5264831e-02  -4.1587121e-03   2.2623186e-03
   9.4391962e-02  -8.1215234e-01  -4.5346628e-01  -4.2706243e-02  -3.9466315e-03   2.4626449e-03
   7.6231599e-02  -9.0610241e-01  -1.3445198e-01  -3.7507949e-02  -3.5855331e-03  -3.2060766e-04
  -9.7126349e-02  -6.1307193e-01  -3.7352207e-01  -3.3279601e-02  -3.7573821e-03   1.1311270e-03
  -1.4313177e-01  -6.5451935e-01  -5.6423111e-01  -3.3902234e-02  -2.9565846e-03   1.0507274e-04
  -2.2301426e-02  -5.3350588e-01  -3.0211456e-01  -3.1250701e-02  -2.2000982e-03  -1.2072520e-03
   6.8889137e-02  -7.3134669e-01  -9.1993820e-02  -3.1886763e-02  -1.4856127e-03  -5.5649205e-04
   9.8575331e-03  -7.5270545e-01  -5.1702665e-01  -3.1990905e-02  -1.5355223e-03  -7.4499919e-05
   6.8217206e-02  -7.8050895e-01  -1.2694290e-01  -3.4368037e-02  -1.7014161e-03   1.3595093e-04
   2.7306556e-02  -9.9882716e-01  -3.6597964e-01  -3.6426145e-02  -2.3043427e-03   2.5093253e-04
   1.2283020e-01  -9.0889695e-01  -4.9661743e-01  -3.7618999e-02  -1.9865393e-03   1.5443115e-03
   2.0102344e-01  -9.2478205e-01  -1.4022790e-01  -3.8375551e-02  -1.4854950e-03   1.9520972e-03
   1.7080270e-01  -1.0833950e+00  -3.9178016e-01  -3.9724608e-02  -1.5487603e-03   2.0802976e-03
   2.1575627e-01  -8.4303694e-01  -3.6553704e-01  -3.6272868e-02  -7.9985035e-04   1.4585732e-03
   2.0221330e-01  -7.8616095e-01  -1.5302553e-01  -3.3215083e-02  -8.9576702e-04   4.9868944e-04
   1.9497458e-01  -9.4482740e-01  -5.1298702e-01  -3.5032441e-02  -4.8679077e-04   1.4067294e-03
   1.8054339e-01  -9.6749525e-01  -4.0719336e-01  -3.9026108e-02  -1.5473085e-03   2.0862831e-03
   2.0071103e-01  -9.1615473e-01  -2.0740617e-01  -3.6350119e-02  -1.1073195e-03   6.5598586e-04
   1.7473263e-01  -9.4808813e-01  -3.8958344e-01  -3.4875911e-02  -1.2809777e-03   5.5563541e-04
   1.8138897e-01  -7.7205080e-01  -3.4817841e-01  -3.3203305e-02  -1.9288228e-03   8.3813135e-04
   1.8719690e-01  -6.8539813e-01  -1.0888109e-01  -2.9213338e-02  -1.3156066e-03   1.2381601e-04
   1.6811056e-01  -8.3393717e-01  -4.9508656e-01  -3.3642107e-02  -1.6054384e-03   8.1086145e-04
   1.2821250e-01  -7.0392932e-01  -3.9294252e-01  -3.2121713e-02  -1.6301159e-03  -3.2799767e-04
   1.4220523e-01  -7.2868959e-01  -3.2543372e-03  -3.0940186e-02  -2.4210544e-03  -7.2546589e-04
   9.8191287e-02  -8.6381861e-01  -4.8751802e-01  -3.3082795e-02  -2.2506660e-03  -3.8677231e-05
   1.3993308e-01  -5.9617496e-01  -1.6070360e-01  -2.8720837e-02  -2.2520274e-03   3.2953784e-04
   1.5409825e-01  -7.9677251e-01  -1.6308774e-01  -3.1643973e-02  -1.5417409e-03  -9.4571461e-05
   1.2790472e-01  -7.6414864e-01  -4.4014903e-01  -3.1515150e-02  -1.6774309e-03  -3.4135140e-05
   1.6919598e-01  -6.7953911e-01  -8.9676111e-02  -3.0390489e-02  -1.4583834e-03  -4.4004797e-04
   1.7453591e-01  -8.7873829e-01  -1.6786375e-01  -3.3320630e-02  -1.2409890e-03  -4.6211135e-04
   1.7537268e-01  -7.4663735e-01  -3.0737035e-01  -3.2116173e-02  -1.5716720e-03  -2.6688072e-04
   2.2323185e-01  -6.2673724e-01   1.2434739e-01  -2.8629545e-02  -1.6654379e-03  -6.3282407e-04
   1.8033547e-01  -7.7627372e-01  -3.7077141e-01  -2.9417393e-02  -1.2107341e-03  -8.4603624e-04
   2.0417468e-01  -6.0100191e-01   5.2541388e-02  -2.8409274e-02  -1.3694008e-03  -4.4796375e-04
   1.8046075e-01  -9.0943360e-01  -1.2558060e-01  -3.4043034e-02  -2.0346663e-03   9.6005577e-04
   2.5690998e-01  -8.2221469e-01  -1.5980804e-01  -3.1053262e-02  -5.7091116e-04  -6.6407941e-04
   2.5648748e-01  -5.8125716e-01   1.3698268e-01  -2.7228648e-02  -1.7833152e-03  -5.0735720e-04
   2.0521353e-01  -8.6915316e-01  -2.6892321e-01  -3.2580196e-02  -1.9735503e-03  -3.2162245e-04
   1.9522137e-01  -7.3131977e-01  -2.3892305e-01  -3.3556363e-02  -4.2750057e-03   3.3692054e-03
   3.2498984e-01  -9.0800470e-01  -1.4703639e-01  -3.9998522e-02  -4.2612977e-03   5.0020679e-03
   4.2422707e-01  -9.5891806e-01  -3.8345342e-01  -4.2870252e-02  -3.0221197e-03   4.6804239e-03
   3.8114585e-01  -6.8076231e-01  -1.9769935e-01  -3.4397108e-02  -3.0585047e-03   3.2615417e-03
   3.7486213e-01  -7.9540781e-01  -1.4174051e-01  -3.6257713e-02  -3.0654527e-03   2.2225481e-03
   4.6345307e-01  -9.3058493e-01  -3.1697315e-01  -3.9095541e-02  -1.8002870e-03   1.9047038e-03
   4.0890013e-01  -6.3683879e-01  -5.7634541e-02  -3.3407198e-02  -2.4507584e-03   9.8031588e-04
   4.0467952e-01  -7.6837985e-01  -8.3978882e-02  -3.2639216e-02  -2.2952150e-03   1.5009041e-03
   3.0585288e-01  -9.0485858e-01  -3.3941633e-01  -4.0937449e-02  -5.5004704e-03   2.8343928e-03
   2.2454308e-01  -6.7742456e-01  -4.1259726e-01  -3.8277141e-02  -4.2774518e-03   2.9504144e-03
   8.0476327e-02  -7.4441251e-01  -6.9417059e-01  -3.7781883e-02  -3.8348295e-03   1.3671601e-03
   1.6580746e-01  -5.4878492e-01  -1.3768418e-01  -3.4154392e-02  -3.5810025e-03  -2.4884476e-04
   2.1130953e-01  -7.0440498e-01   3.0139059e-02  -3.1348043e-02  -2.7801778e-03  -1.1978372e-03
   3.5237552e-02  -5.8155422e-01  -4.5323781e-01  -3.0092898e-02  -2.9389355e-03  -2.9901016e-03
  -6.1930384e-03  -3.7506791e-01  -9.3047499e-02  -2.5468147e-02  -2.7714388e-03  -5.0216961e-03
  -6.7078261e-02  -7.2341976e-01  -3.7838652e-01  -3.1927216e-02  -3.8393718e-03  -4.6761928e-03
   5.3807990e-02  -3.7413816e-01  -4.4532259e-02  -2.4822953e-02  -2.7106845e-03  -6.1465759e-03
   1.2401052e-01  -4.7471351e-01   1.6656441e-01  -2.3298284e-02  -1.2305921e-03  -7.3079605e-03
   7.5354713e-02  -2.5305465e-01  -1.5984161e-01  -1.9180251e-02  -2.4428364e-03  -4.9706831e-03
   8.2703012e-02  -1.2066496e+00   2.0399490e-01  -3.9670307e-02  -3.5315472e-03  -1.2643642e-03
   1.3785569e-01  -6.9740282e-01   6.6897579e-02  -3.0912477e-02  -1.1405956e-03  -1.4785033e-03
   6.0614597e-02  -7.4253170e-01  -4.1436590e-01  -3.1308526e-02  -2.3677576e-03  -7.6590396e-04
   1.7136378e-01  -5.7427528e-01   9.2510542e-02  -3.2341003e-02  -1.3685469e-03  -2.0586711e-03
   1.8543192e-01  -5.9394190e-01  -3.4354824e-01  -3.4988748e-02  -1.6389948e-03  -8.0016457e-04
   1.7519322e-01  -6.4835921e-01  -4.0875558e-01  -2.8603835e-02  -1.1630834e-03  -1.7408314e-03
   2.1928799e-01  -2.8144982e-01   1.6466249e-01  -2.1872406e-02  -8.2323571e-04  -2.3182862e-03
   2.5867380e-01  -7.2526871e-01  -3.6580627e-01  -3.2098648e-02  -1.0274222e-03   1.0459552e-03
   2.8767633e-01  -4.2587122e-01   4.2490053e-03  -2.7610134e-02  -3.8319944e-04  -1.0979034e-03
   2.2246806e-01  -5.6326788e-01  -2.6885146e-01  -2.8233063e-02  -7.9820039e-04  -9.1142375e-04
   2.4089043e-01  -5.1927658e-01   3.3720460e-02  -2.6744381e-02  -4.7466652e-04  -2.8341344e-03
   1.6878392e-01  -4.4038065e-01  -5.4616654e-02  -2.4758289e-02  -1.3560408e-03  -3.8013678e-03
   2.8219339e-01  -2.4144016e-01   3.2792713e-01  -1.8831766e-02   5.8927745e-04  -6.5646505e-03
   2.3165870e-01  -2.8175565e-01  -6.0638371e-02  -1.8192438e-02   2.5861938e-04  -6.3254428e-03
   1.6451456e-01  -2.8221143e-01   2.1080121e-01  -1.9355891e-02  -2.3579590e-03  -7.2452756e-03
   1.6920009e-01  -3.5175122e-01  -1.4305937e-01  -1.6934845e-02  -3.1631836e-03  -6.1736639e-03
   2.5860524e-01   6.5880511e-02   4.3022242e-01  -9.5930836e-03  -1.7572649e-03  -6.1578385e-03
   1.5174766e-01   7.7091254e-02  -4.6866848e-01  -2.0168587e-03  -2.1929820e-03  -3.4095357e-03
   8.3380442e-02  -3.0968830e-01  -7.1730873e-01  -2.4738399e-02  -4.8683771e-03   1.1753236e-03
   2.3815624e-01  -4.8481398e-01  -6.4074012e-02  -2.8016385e-02  -3.6093310e-03   4.1812299e-03
   2.4949266e-01  -6.1642446e-01  -2.5011710e-01  -2.5746572e-02  -1.8968580e-03  -6.6862163e-04
   2.6138441e-01  -2.2813331e-01   8.5364709e-02  -1.8765160e-02  -2.0050403e-03  -1.3544860e-03
   2.4587995e-01  -6.4841419e-01   1.2486698e-02  -2.4319640e-02  -1.7397028e-03  -1.6363531e-03
   1.9485122e-01  -6.6321719e-01  -1.6633828e-01  -2.8573331e-02  -3.2698105e-03  -1.0806701e-04
   2.6976829e-01  -4.5726418e-01   3.3617306e-01  -2.4081143e-02  -2.8213207e-03  -9.3961410e-04
   2.2490998e-01  -6.4042143e-01  -1.4680901e-01  -2.5337196e-02  -2.9920503e-03  -1.5260288e-03
   2.2589135e-01  -7.4303504e-01  -8.8605423e-04  -3.5650073e-02  -5.6550404e-03   1.6171727e-03
   3.1621035e-01  -1.0540774e+00  -2.9983281e-01  -4.3639891e-02  -2.7480660e-03   4.0250295e-03
   3.0430917e-01  -9.6228335e-01  -3.5225787e-01  -3.9964629e-02  -2.6106400e-03   2.8509816e-03
   3.6301594e-01  -6.7175854e-01   5.3224593e-02  -3.4759081e-02  -2.3216920e-03   1.7969666e-03
   2.9926020e-01  -1.0777472e+00  -1.9128317e-02  -4.2229036e-02  -4.8584600e-03   4.0260395e-03
   3.0174878e-01  -8.8751311e-01  -5.3591092e-01  -4.1349452e-02  -4.3395320e-03   4.9260684e-03
   1.6812647e-01  -4.7612441e-01   1.1271605e-01  -3.1004985e-02  -5.6222433e-03   8.9183077e-04
   1.0477591e-01  -7.3842542e-01  -3.0336925e-01  -3.2375621e-02  -5.6742059e-03  -8.6818424e-04
   1.4949340e-01  -4.8714539e-01  -1.6245091e-01  -2.6945610e-02  -5.2707570e-03  -1.4965005e-03
   2.3266032e-01  -5.2094932e-01   1.9476764e-01  -2.6857242e-02  -4.3807111e-03  -2.1662911e-03
   1.9351837e-01  -5.2716989e-01  -1.8272201e-01  -2.5354476e-02  -3.9805517e-03  -2.6471059e-03
   2.0282149e-01  -3.4842327e-01   9.2886090e-02  -2.3604475e-02  -4.1879255e-03  -2.7464697e-03
   1.4072236e-01  -6.7813062e-01  -2.0157130e-01  -3.2765981e-02  -5.4395830e-03  -1.4509156e-03
   1.3881724e-01  -5.0939538e-01  -1.4724604e-01  -2.8630791e-02  -5.0464096e-03  -2.1219022e-03
   1.8959691e-01  -4.6449178e-01   2.2927767e-01  -2.6369997e-02  -4.4255262e-03  -3.0685580e-03
   1.7488499e-01  -6.7995143e-01  -1.3675849e-01  -2.9083740e-02  -4.0669975e-03  -2.8605653e-03
   1.8288456e-01  -4.7939514e-01   1.4582784e-01  -2.6196382e-02  -4.5722890e-03  -3.1663396e-03
   1.2111088e-01  -6.7085982e-01   1.3580755e-02  -2.7271751e-02  -4.4255543e-03  -3.9720423e-03
   9.6441698e-02  -4.5482088e-01  -1.8719325e-01  -2.3712857e-02  -4.7836748e-03  -3.7864563e-03
   1.1830687e-01  -7.5269504e-01   1.8179548e-01  -3.3205126e-02  -6.5654888e-03  -2.2476618e-04
   6.1307064e-02  -1.2041195e+00  -2.2773763e-01  -4.0242630e-02  -6.9493934e-03   2.2308967e-03
  -5.3545701e-03  -5.5056440e-01  -6.9875669e-01  -3.1104776e-02  -4.7957532e-03   1.2788167e-03
   1.1107123e-01  -4.5254572e-01   3.0100639e-02  -2.8616184e-02  -4.2909544e-03   3.3238514e-04
   5.2988414e-02  -5.5757855e-01  -5.6953094e-01  -2.4301112e-02  -4.3234226e-03  -2.4680358e-04
   1.1910672e-01  -2.5941975e-01  -1.7175144e-02  -2.0671849e-02  -3.8448593e-03  -1.0904632e-03
   1.2269213e-01  -5.8965635e-01  -2.5335865e-02  -2.3605903e-02  -3.8654040e-03  -3.0951705e-04
   9.1791693e-02  -3.6079595e-01  -2.6864572e-01  -1.9307350e-02  -4.0977187e-03  -6.1360098e-04
   8.0623915e-02  -4.2580535e-01   2.8233172e-02  -2.0892856e-02  -4.2695900e-03  -7.9678205e-04
   2.6920897e-02  -5.0853912e-01  -3.8164897e-01  -2.3650430e-02  -4.7384053e-03  -5.8706831e-04
   4.1840939e-02  -3.4580232e-01  -1.9144403e-01  -2.1739968e-02  -4.5576700e-03  -1.2743725e-03
   7.0813761e-02  -4.0108677e-01   7.1215074e-02  -2.0883959e-02  -4.8586652e-03  -1.4050600e-03
   5.9539135e-02  -5.5874894e-01  -1.8775212e-01  -2.3482217e-02  -4.7821696e-03  -1.7416593e-03
   5.2730425e-02  -3.7069856e-01  -9.4127605e-02  -2.2408004e-02  -5.7811466e-03  -5.4371459e-04
   6.4226875e-02  -5.6645880e-01  -9.8557119e-02  -2.5614700e-02  -5.5943296e-03  -5.9344303e-04
   6.8831215e-02  -4.9871527e-01  -2.0839512e-01  -2.4016641e-02  -4.8155061e-03  -1.3539845e-03
   1.1507130e-01  -3.4111040e-01   1.2435327e-01  -2.1789163e-02  -5.2745990e-03  -1.0001567e-03
   9.4108667e-02  -5.3186921e-01  -1.6183843e-01  -2.3941444e-02  -5.0835547e-03  -7.5184235e-05
   6.1571253e-02  -4.4174074e-01  -2.3822618e-01  -2.4836930e-02  -5.3700330e-03   2.2679415e-04
   7.2101450e-02  -4.2275707e-01   5.5244237e-03  -2.3758593e-02  -5.3660888e-03  -1.2175150e-04
   4.1844899e-02  -5.3656284e-01   1.7941865e-03  -2.4993842e-02  -5.6550740e-03  -7.3518167e-04
   2.3679171e-02  -5.3560816e-01  -1.8702885e-01  -2.4987460e-02  -5.5506545e-03  -1.5512197e-03
   2.9158890e-02  -4.3900038e-01  -1.1902622e-01  -2.5974795e-02  -7.1319219e-03   1.9302431e-03
   6.3958133e-02  -7.1910525e-01  -3.1288315e-01  -3.1666190e-02  -6.1116579e-03   2.3119444e-03
   4.2425450e-02  -5.1199288e-01  -3.7007139e-01  -2.8255132e-02  -6.3012736e-03   2.0375560e-03
   1.6748466e-01  -8.6321245e-01  -2.2015101e-01  -3.7229493e-02  -3.0477319e-03   8.6877397e-03
  -5.7116180e-03  -7.0904848e-01  -5.9505082e-01  -2.8022033e-02  -1.5250562e-03   2.2940608e-03
  -1.6454797e-02  -2.7551818e-01   1.8708708e-03  -2.3231357e-02  -3.3625251e-03   1.5380255e-03
  -1.2120207e-01  -6.6654322e-01  -3.9774079e-01  -2.8263036e-02  -6.2937775e-03   1.1543586e-03
  -1.5597734e-01  -5.2074954e-01  -3.9533876e-01  -2.6688804e-02  -6.4972517e-03   3.0706475e-04
  -9.4504316e-02  -3.2210714e-01   2.2737975e-01  -2.0965619e-02  -6.0743094e-03  -1.1685042e-03
  -1.5057583e-01  -3.1814833e-01  -6.9238987e-01  -1.0707553e-02  -3.5024051e-03  -1.4021899e-03
  -1.3563761e-01  -5.8207079e-01  -7.2400565e-01  -3.5279563e-02  -4.5221301e-03   2.1286067e-03
  -7.4083878e-02  -3.5965498e-01  -3.4928751e-01  -2.8362773e-02  -4.1735356e-03   8.8545722e-04
  -7.0006577e-02  -4.9386381e-01  -2.1495316e-01  -2.7112110e-02  -4.0483043e-03   5.7340033e-04
  -1.3714192e-01  -5.7995092e-01  -6.0480217e-01  -2.7136326e-02  -4.8705325e-03   3.9835220e-05
  -6.2022676e-03  -2.5076733e-01   9.9191684e-02  -2.1695471e-02  -4.2728472e-03  -1.7776321e-03
  -1.0130266e-01  -6.6023428e-01  -4.4619269e-01  -2.8189831e-02  -4.9196260e-03  -5.1202966e-04
  -1.1540420e-01  -5.2349432e-01  -5.6304415e-01  -3.0314817e-02  -5.4336846e-03   4.0243736e-04
  -5.1746728e-02  -5.9403777e-01  -2.8800122e-01  -3.1110140e-02  -5.2735774e-03   2.1750812e-03
  -4.6897385e-02  -6.5516208e-01  -3.8262965e-01  -2.9863208e-02  -4.4423228e-03   1.3442753e-04
  -1.0994949e-01  -5.4923706e-01  -6.1832358e-01  -2.7835796e-02  -5.2356680e-03   9.3677601e-04
  -3.1211414e-02  -4.1510747e-01  -2.3604470e-01  -2.4730955e-02  -4.8026659e-03   2.3248918e-04
  -1.0046350e-01  -6.7287718e-01  -6.3761657e-01  -2.9851300e-02  -5.4024040e-03   5.7665013e-04
  -9.0222458e-02  -5.2086424e-01  -9.5497527e-01  -2.8032292e-02  -6.0327979e-03   2.3560857e-03
   6.2286271e-03  -2.8394597e-01  -3.3483340e-01  -2.0621982e-02  -4.7748918e-03   1.3142825e-04
  -1.1647581e-01  -4.6178523e-01  -6.1869192e-01  -2.0633150e-02  -5.5915540e-03  -4.7738684e-04
  -1.3233122e-01  -4.5507662e-01  -7.1861127e-01  -2.1521536e-02  -5.9812670e-03  -5.0551620e-05
  -3.1362061e-02  -5.2347046e-01  -8.6749086e-02  -2.1261555e-02  -5.5759240e-03   6.1193872e-04
  -1.2425072e-01  -4.2253091e-01  -6.7572849e-01  -1.9139859e-02  -5.1927325e-03   4.8775974e-04
  -1.2645874e-01  -5.3361749e-01  -4.5257977e-01  -2.2707579e-02  -5.4834926e-03   4.8713913e-04
  -3.1731510e-01  -5.8899601e-01  -7.0749821e-01  -1.8033147e-02  -5.5393353e-03  -3.4944549e-04
  -2.5055753e-01  -5.9380121e-01  -5.5908300e-01  -2.4126636e-02  -3.5764178e-03   1.8391345e-03
  -1.0320875e-01  -3.7344760e-01  -2.6335512e-01  -1.8734276e-02  -2.3033624e-03   2.2078338e-04
  -2.5117798e-02  -6.7954894e-01  -1.9917713e-01  -2.2760322e-02  -1.8223334e-03   4.0858437e-04
  -5.9045668e-02  -6.2492504e-01  -3.8458672e-01  -2.2281481e-02  -2.0221768e-03  -2.2236481e-04
  -2.1734600e-02  -4.6522204e-01  -1.2735947e-01  -1.9226419e-02  -1.6940088e-03  -9.5944102e-04
  -9.5861919e-02  -6.2890122e-01  -2.2849155e-01  -2.0890805e-02  -2.8350293e-03  -6.9217751e-04
   5.2784239e-02  -4.7951403e-01  -5.0129299e-01  -2.0946953e-02  -3.2989158e-03   7.4979613e-04
   1.6511873e-02  -5.4528557e-01  -1.4796207e-01  -2.2149138e-02  -2.8950912e-03   1.3395194e-03
  -5.2959805e-03  -6.1016408e-01  -2.8368700e-01  -1.9118507e-02  -2.7331914e-03  -2.5460415e-04
   1.9851313e-02  -2.3165723e-01   4.5145151e-02  -1.3249064e-02  -2.8142974e-03  -9.8971726e-04
   1.1647035e-02  -7.8939210e-01  -3.2659754e-01  -2.4131888e-02  -2.8331125e-03   2.8093578e-04
   3.7090559e-03  -4.2358946e-01  -2.2007265e-01  -1.7449912e-02  -2.7896080e-03  -2.8817565e-04
  -8.8599620e-03  -3.6041544e-01   1.3595480e-01  -1.5736019e-02  -3.3702610e-03  -3.7554361e-04
  -1.3177385e-02  -6.8317635e-01  -2.6146241e-01  -2.2342236e-02  -2.4071294e-03  -4.8316540e-04
  -2.5651424e-02  -4.5622855e-01  -2.2038949e-01  -1.9873664e-02  -3.0789870e-03  -6.1491075e-04
  -1.6496047e-02  -5.1981958e-01  -8.5476939e-02  -2.0158067e-02  -3.2250430e-03  -5.1963285e-04
  -7.8031572e-03  -6.8749570e-01  -1.1982363e-02  -2.1442085e-02  -3.3059736e-03  -4.5751271e-05
  -2.1282100e-03  -4.1086454e-01  -1.8294383e-01  -1.6477084e-02  -2.9501263e-03  -2.3766131e-04
  -4.9513154e-02  -5.1744279e-01  -4.9416193e-02  -1.9576692e-02  -3.7068152e-03  -2.4838983e-04
   1.8017082e-02  -7.9867017e-01  -4.3482287e-01  -2.9922192e-02  -3.4209050e-03   2.5273821e-03
   3.0744048e-02  -6.6201918e-01  -3.1407713e-01  -2.5456475e-02  -2.7469361e-03   1.2077743e-03
   3.3334275e-02  -5.0849997e-01  -6.9698963e-02  -2.1810333e-02  -3.3425136e-03   1.2341336e-03
  -4.5869847e-02  -5.4673024e-01  -4.1157796e-01  -2.2401471e-02  -3.9788512e-03   1.5626035e-03
  -2.1751175e-02  -5.2010989e-01  -1.9381286e-01  -2.2124038e-02  -3.6390496e-03   1.2141403e-03
  -4.6804851e-02  -6.1898811e-01  -8.7936543e-02  -2.3076005e-02  -4.4807171e-03   1.4709474e-03
  -5.4665545e-02  -6.2226545e-01  -3.3874638e-01  -2.2425101e-02  -4.3110091e-03   7.5152476e-04
  -5.2442189e-02  -3.9264693e-01   1.3508293e-01  -1.8801246e-02  -4.6434024e-03   3.1777786e-04
  -8.9012599e-02  -7.4899808e-01  -4.5790609e-02  -2.1767707e-02  -4.6419421e-03   5.8365177e-05
   5.9249864e-02  -3.5443269e-01   3.9870577e-01  -2.0309141e-02  -2.5613630e-03   6.0644058e-04
  -2.2724602e-01  -3.0590718e-01  -1.0109703e+00  -1.9433242e-02  -3.3705130e-03   2.5982724e-03
  -1.9690374e-01  -1.8133553e-01  -6.9475187e-01  -1.4765282e-02  -3.7892290e-03   1.9716725e-03
  -2.5010537e-01  -3.5753796e-01  -8.6414273e-01  -2.9533871e-02  -5.3838056e-03   2.3997535e-03
  -2.6457531e-01  -4.8478321e-01  -5.6802308e-01  -3.1370138e-02  -6.3441040e-03   2.5483836e-03
  -2.3616670e-01  -6.2206577e-01  -4.9790713e-01  -3.2077684e-02  -6.1336352e-03   2.4461144e-03
  -3.1865000e-01  -6.1684234e-01  -7.7200426e-01  -3.3273416e-02  -6.4510255e-03   2.0458080e-03
  -2.7310097e-01  -4.3384446e-01  -5.5438840e-01  -2.8649109e-02  -5.3693094e-03   2.0446141e-04
  -2.9230473e-01  -5.5006130e-01  -6.1830387e-01  -2.9802049e-02  -5.6060287e-03   4.2634718e-04
  -3.7398886e-01  -5.5704375e-01  -8.0213657e-01  -3.1860163e-02  -6.4607463e-03   6.3727074e-04
  -2.6399085e-01  -5.2442304e-01  -3.9008136e-01  -3.0017860e-02  -6.0566860e-03   1.4033747e-04
  -3.8074343e-01  -5.5095740e-01  -7.2082415e-01  -2.3454523e-02  -5.9727701e-03  -7.1124776e-04
  -3.7862828e-01  -4.1107212e-01  -6.6808492e-01  -2.7314789e-02  -7.4050778e-03   7.0523735e-04
  -3.2764097e-01  -4.0993278e-01  -7.1723198e-01  -2.6758285e-02  -6.5896438e-03   9.0308679e-04
  -2.4769623e-01  -4.3956939e-01  -3.0707492e-01  -2.5330113e-02  -5.6287490e-03  -7.4440402e-05
  -3.3229033e-01  -4.7817448e-01  -6.9537269e-01  -2.6058785e-02  -6.1016527e-03  -1.2495645e-04
  -2.6551736e-01  -1.5608415e-01  -1.6909385e-01  -1.9082585e-02  -6.0703555e-03  -9.2546518e-04
  -3.3619736e-01  -5.4901051e-01  -6.6423773e-01  -2.5374206e-02  -6.2358821e-03  -4.2863229e-04
  -3.3659818e-01  -3.4951773e-01  -5.1708970e-01  -2.3632291e-02  -6.9141832e-03  -2.2923699e-04
  -2.9229387e-01  -4.7870398e-01  -2.6899418e-01  -2.4003220e-02  -6.4173642e-03  -3.4337208e-04
  -3.3013232e-01  -4.8837495e-01  -7.1091272e-01  -2.2788053e-02  -6.3811359e-03  -9.9986975e-05
  -2.9709369e-01  -3.9002473e-01  -3.0479606e-01  -2.5377172e-02  -7.6810674e-03   2.0998388e-03
  -2.7608206e-01  -6.4941401e-01  -7.6734914e-01  -2.9892298e-02  -6.8030304e-03   1.4800805e-03
  -2.8203713e-01  -4.4578499e-01  -6.7969174e-01  -2.5517900e-02  -6.8521430e-03   5.3658593e-05
  -2.9755815e-01  -2.8372773e-01  -2.1914544e-01  -1.9663409e-02  -7.2654129e-03  -8.7926077e-04
  -3.6134407e-01  -5.7616137e-01  -6.8258604e-01  -2.4725037e-02  -7.3284511e-03  -4.9680663e-04
  -3.2563818e-01  -3.8854100e-01  -5.5924810e-01  -2.1236633e-02  -6.6879743e-03  -8.1784454e-04
  -3.1187504e-01  -3.8464868e-01  -3.7830318e-01  -2.0652929e-02  -6.7126036e-03  -1.4431038e-03
  -3.3113020e-01  -7.4118029e-01  -7.6292237e-01  -3.1518145e-02  -8.3320778e-03   3.0606090e-03
  -2.4938255e-01  -6.0943085e-01  -6.4786185e-01  -3.2753409e-02  -7.6878172e-03   3.3094833e-03
  -2.4947886e-01  -6.8352196e-01  -5.9728491e-01  -3.1948542e-02  -7.3052788e-03   1.2101427e-03
  -2.4724164e-01  -6.4194923e-01  -6.6563939e-01  -2.9151190e-02  -6.9219726e-03   4.0111341e-04
  -2.7981809e-01  -3.8335318e-01  -4.7052474e-01  -2.5404487e-02  -7.2811655e-03  -4.2198219e-04
  -2.0127166e-01  -1.1483190e+00  -7.7268579e-01  -5.6625761e-02  -6.9237499e-03   9.0107241e-03
  -3.7320625e-01  -9.0971421e-01  -8.6198318e-01  -4.5652276e-02  -7.1494549e-03   5.2252852e-03
  -2.5003814e-01  -3.9305129e-01  -6.2377728e-02  -3.3433690e-02  -7.0212517e-03   5.4634816e-04
  -3.0136758e-01  -7.1223994e-01  -4.3247026e-01  -3.4738505e-02  -6.3376866e-03   2.4908996e-04
  -3.3454301e-01  -6.7040269e-01  -4.7170555e-01  -3.7368883e-02  -7.2808212e-03   1.2532237e-03
  -2.6067442e-01  -8.2888734e-01  -4.0091831e-01  -4.0588375e-02  -6.9494069e-03   3.1872214e-03
  -2.8231476e-01  -7.4280798e-01  -4.4400435e-01  -3.5022692e-02  -6.8330968e-03   2.2658791e-03
  -3.0502323e-01  -6.3486390e-01  -5.2249342e-01  -3.3548374e-02  -6.9802301e-03   1.0583097e-03
  -2.7912189e-01  -4.5988435e-01  -2.1483607e-01  -3.1511063e-02  -7.3342812e-03   1.2016385e-03
  -3.1652726e-01  -6.0700811e-01  -3.5844750e-01  -3.1266988e-02  -7.0055167e-03   1.8564179e-04
  -3.0227294e-01  -5.8397948e-01  -5.5519467e-01  -3.2112763e-02  -6.5604660e-03   8.8114145e-04
  -1.4074543e-01  -3.3452076e-01   2.2972448e-01  -2.7151508e-02  -4.6105254e-03   5.8278056e-04
  -4.2362284e-01  -3.5548915e-01  -8.4002437e-01  -2.2783362e-02  -5.3997099e-03  -4.6136325e-04
  -3.3349670e-01  -4.7567694e-01  -3.1484229e-01  -2.8514739e-02  -5.0322252e-03  -3.6080185e-04
  -3.6822275e-01  -5.5533470e-01  -6.7375835e-01  -3.0970632e-02  -6.3168594e-03  -4.7343567e-04
  -4.2745927e-01  -4.0097075e-01  -7.1702875e-01  -2.8714890e-02  -6.8597641e-03  -1.6658841e-03
  -3.9558840e-01  -4.0774141e-01  -4.6595625e-01  -2.8387524e-02  -6.6116414e-03  -2.2363803e-03
  -3.9745118e-01  -5.3618381e-01  -6.7437769e-01  -3.0957196e-02  -6.3356350e-03  -1.9204806e-03
  -3.9810284e-01  -4.1333758e-01  -6.8774730e-01  -2.9142902e-02  -6.4565218e-03  -1.9951433e-03
  -3.3505513e-01  -3.8924459e-01  -3.9688290e-01  -2.7284273e-02  -5.4726234e-03  -2.5094647e-03
  -4.1519056e-01  -5.8386419e-01  -5.6483875e-01  -2.8518173e-02  -6.3666045e-03  -2.4384437e-03
  -4.0442596e-01  -3.9279650e-01  -4.1003760e-01  -2.7895237e-02  -7.5453159e-03  -1.9464021e-03
  -3.7022401e-01  -5.3813625e-01  -5.5163031e-01  -3.1117800e-02  -6.8866363e-03  -1.3841081e-03
  -3.7503325e-01  -4.2422101e-01  -5.8271804e-01  -2.7236606e-02  -6.2248383e-03  -2.6665576e-03
  -2.5043297e-01  -3.2944225e-01  -1.5396573e-01  -2.6495840e-02  -5.5540990e-03  -2.0453412e-03
  -2.7425288e-01  -9.3727820e-01  -1.0253870e+00  -4.7226417e-02  -9.2465809e-03   4.4553322e-03
  -1.5734753e-01  -6.2794032e-01  -7.3497447e-01  -4.3646105e-02  -6.4968817e-03   4.4253721e-03
  -1.5182047e-01  -6.0782447e-01  -4.7153302e-01  -3.8014050e-02  -6.0624892e-03   2.2004220e-03
  -2.2791953e-01  -6.7662663e-01  -7.5436063e-01  -3.6551342e-02  -6.4149555e-03   1.3926771e-03
  -2.2869697e-01  -5.9073249e-01   9.3811884e-02  -3.7568293e-02  -7.7027522e-03   2.9609578e-03
  -3.2326313e-01  -6.1271632e-01  -8.3397784e-01  -3.2904639e-02  -6.8515232e-03   1.5164531e-03
  -2.6773073e-01  -4.3041350e-01  -3.4236905e-01  -3.2099198e-02  -6.0137966e-03   4.2621617e-04
  -3.0726313e-01  -5.6141657e-01  -4.4234976e-01  -3.3405930e-02  -6.4105702e-03   5.7683057e-04
  -2.9671439e-01  -5.8697870e-01  -6.0204820e-01  -3.4562139e-02  -6.0527714e-03   4.7829888e-04
  -2.6954223e-01  -4.5328045e-01  -4.9560806e-01  -3.2611838e-02  -6.0888722e-03   5.0594415e-05
  -1.7611012e-01  -3.6635518e-01  -7.6834548e-02  -2.7358363e-02  -5.0728774e-03  -1.4022223e-03
  -2.8928111e-01  -4.4396338e-01  -6.3399783e-01  -2.9402373e-02  -5.7026010e-03  -1.3345323e-03
  -2.8742137e-01  -2.2851661e-01  -2.5808201e-01  -2.5384587e-02  -5.7218256e-03  -2.2384843e-03
  -2.9829028e-01  -3.8511715e-01  -5.7574525e-01  -2.9037003e-02  -5.4794280e-03  -1.6029004e-03
  -2.9697911e-01  -1.7115656e-01  -4.1932769e-01  -2.4150819e-02  -5.8805251e-03  -3.5836810e-03
  -2.4499193e-01  -4.3907149e-01  -3.6514169e-01  -2.9749574e-02  -5.2837340e-03  -2.4168741e-03
  -2.9269243e-01  -4.4052022e-01  -5.3700359e-01  -2.7136753e-02  -4.9774233e-03  -3.9663355e-03
  -2.1567497e-01  -2.0219904e-01  -3.8657692e-02  -2.5003033e-02  -5.2353469e-03  -2.8155366e-03
  -3.2389657e-01  -4.7341342e-01  -5.2843396e-01  -2.8125388e-02  -5.4887394e-03  -3.4103878e-03
  -4.0057314e-01  -3.3240900e-01  -5.0068883e-01  -2.8099902e-02  -6.9037402e-03  -3.4855441e-03
  -3.9245884e-01  -4.2738513e-01  -2.7298261e-01  -2.9083129e-02  -6.8668410e-03  -3.7275760e-03
  -3.8921436e-01  -5.0913122e-01  -4.1850755e-01  -2.7928747e-02  -6.6291303e-03  -3.5962102e-03
  -2.8315209e-01  -2.9917780e-01  -1.4942476e-01  -2.5864754e-02  -5.8913019e-03  -3.5923133e-03
  -3.5305073e-01  -5.0000907e-01  -3.1074610e-01  -2.7625984e-02  -6.1701782e-03  -4.5081821e-03
  -3.5633767e-01  -4.4194488e-01  -4.7098501e-01  -2.5567221e-02  -6.0374684e-03  -4.6226876e-03
  -3.3408413e-01  -2.7626661e-01  -1.0804175e-01  -2.3382880e-02  -5.8183821e-03  -5.3062315e-03
  -4.5373543e-01  -4.8512420e-01  -4.0616253e-01  -2.8024489e-02  -7.4722124e-03  -4.0494151e-03
  -3.9173061e-01  -4.5742788e-01  -4.9325418e-01  -3.0918955e-02  -7.2014435e-03  -2.8028159e-03
  -3.5108890e-01  -3.4410731e-01  -2.9470446e-01  -2.7042804e-02  -6.4843130e-03  -3.2787987e-03
  -3.1594672e-01  -4.4656457e-01  -1.7233032e-01  -2.4306090e-02  -5.8800257e-03  -2.5126340e-03
  -3.4800473e-01  -2.3100088e-01  -5.0095417e-01  -2.0551477e-02  -6.0557206e-03  -2.4142989e-03
  -2.7502753e-01  -2.8269432e-01  -3.0379126e-02  -2.1346163e-02  -5.4085050e-03  -3.7603122e-03
  -3.6021458e-01  -5.1399061e-01  -5.3521721e-01  -2.7732522e-02  -7.6872503e-03  -1.2907550e-03
  -1.2934076e-01  -3.5651070e-01  -5.9603545e-01  -2.8502179e-02  -5.6276784e-03   1.1630744e-03
  -7.2971989e-02  -4.9520750e-01  -2.8584792e-01  -2.6796803e-02  -3.5889816e-03  -1.3350956e-03
  -7.9755099e-02  -1.4835270e-01   2.2597280e-01  -1.6324592e-02  -3.5191725e-03  -1.6087648e-03
  -2.3714655e-01  -3.6301248e-01  -6.7112873e-01  -1.9371787e-02  -1.9488372e-03  -9.6739461e-04
  -2.0195789e-01  -2.5242974e-01  -1.5940442e-01  -1.9384137e-02  -1.6298688e-03  -1.8673538e-03
  -2.1175424e-01  -4.0599684e-01  -1.4669524e-01  -2.0888237e-02  -1.7971472e-03  -3.2400948e-03
  -1.9304592e-01  -2.4090699e-01  -2.5821256e-01  -1.6652158e-02  -1.5167894e-03  -4.3147705e-03
  -1.1950198e-01  -2.0512666e-01   7.8086046e-02  -1.6942947e-02  -2.1210263e-03  -2.1886629e-03
  -1.3710309e-01  -2.5718731e-01  -1.0094340e-01  -1.7002513e-02  -2.4237186e-03  -2.5708115e-03
  -1.3252378e-01  -2.7769720e-01  -1.1607389e-01  -1.7134286e-02  -2.0788356e-03  -3.4443208e-03
  -7.4386894e-02  -7.3258221e-02   1.2028717e-01  -1.3801211e-02  -1.9880360e-03  -3.5077330e-03
  -3.8046314e-02  -2.9718745e-01   1.7136734e-01  -1.5677903e-02  -1.1106068e-03  -3.8125297e-03
  -8.7388747e-02  -2.7114854e-01  -3.3665235e-02  -1.6970804e-02  -2.0664587e-03  -2.9976130e-03
  -4.2234214e-02  -1.7192521e-01   1.7392245e-01  -1.4539226e-02  -1.3077126e-03  -3.5919800e-03
  -6.8449641e-02  -2.4154979e-01   1.1883685e-01  -1.4671194e-02  -1.4826441e-03  -3.6363070e-03
  -5.3478792e-02  -8.0490646e-02   9.3491985e-02  -1.2786961e-02  -1.5878997e-03  -3.5999295e-03
