   0.0000000e+00  -1.7763568e-15  -1.4210855e-14  -1.1102230e-16   0.0000000e+00   0.0000000e+00
   7.5702110e-02  -6.0720936e-02  -1.8713104e-01  -7.5297011e-04   7.5280329e-04   1.1303435e-03
   1.5237428e-01   3.8662020e-02  -9.7870581e-02   2.8891192e-03   7.6785405e-04   4.2327751e-03
   1.6341732e-01  -7.2782586e-02  -2.1919867e-01  -3.8063821e-04   2.5084588e-03   4.3014418e-03
   8.6618442e-02   9.8877467e-03   9.7246334e-02   1.0466561e-03   2.0120598e-03   3.2386574e-03
   2.7009099e-02  -4.6561372e-02  -1.8429473e-03  -1.4058413e-03   1.0280642e-03   4.1542847e-03
   3.3585776e-02   2.9369413e-02  -1.5351454e-02   2.5355863e-03   2.1475943e-03   4.8404972e-03
  -8.4263553e-04   1.5998488e-02  -5.9976463e-02   8.3395607e-04  -1.4301525e-04   6.8637848e-03
   7.0226374e-02   9.6684145e-03  -6.4929674e-02   2.6116828e-03   1.3282216e-03   6.6490795e-03
   9.6925130e-03   4.6143030e-02  -2.4986378e-02   1.7332164e-03   5.3267803e-04   7.4468429e-03
  -6.6427255e-03  -3.6032319e-02  -1.0447745e-01   1.7712010e-03  -8.0349723e-05   7.4753129e-03
  -3.6199417e-02   5.2004802e-02   2.2525984e-02   3.1874344e-03  -1.1779759e-03   6.6957986e-03
  -6.2663294e-02  -3.6662763e-02  -1.2203945e-01   2.5109106e-04  -2.4523716e-03   6.7172831e-03
  -4.5206156e-02   7.1774591e-02   2.9814328e-02   3.3324174e-03  -1.6832061e-03   7.0526574e-03
  -3.2261969e-02   7.6427423e-03  -2.2131068e-02   5.1926263e-04  -4.0048112e-03   9.4833193e-03
  -7.6659560e-03  -2.0125937e-02  -4.8543402e-02   2.3526973e-03  -3.3099409e-03   9.9141273e-03
  -5.7475464e-03   6.3922777e-02   8.4409245e-02   2.1093795e-03  -3.7045846e-03   1.0611885e-02
  -6.1000681e-03  -5.3210366e-02  -5.1212660e-02   1.8916754e-03  -4.3122430e-03   1.0521599e-02
   2.2908632e-03   6.4887316e-02   1.0841100e-01   2.7811006e-03  -4.6403150e-03   1.1054497e-02
   2.6988458e-02  -4.2991657e-02  -5.3282577e-02   1.9153810e-03  -5.2300175e-03   1.1536489e-02
   3.7841084e-02   8.1429789e-02   1.0517673e-01   3.6265646e-03  -6.2388786e-03   1.1823628e-02
   4.3315525e-02  -4.0418408e-02  -1.5939041e-02   1.4516236e-03  -6.8331926e-03   1.2814008e-02
   2.6135927e-02   3.5001968e-02   6.7110254e-02   3.7706983e-03  -6.3049495e-03   1.2444603e-02
   1.9272323e-02  -1.7369826e-02   5.4414687e-02   9.5411531e-04  -6.9737502e-03   1.3722761e-02
   4.7417717e-02   1.3348416e-02   4.7009852e-02   2.7602931e-03  -7.4674962e-03   1.4167345e-02
   3.7043022e-02   6.1860237e-02   1.4621227e-01   2.5224506e-03  -8.1631660e-03   1.5437481e-02
   5.2561037e-02  -4.3280930e-02  -1.4564759e-02   2.9734745e-03  -7.7902447e-03   1.6257333e-02
   8.8551115e-03   7.0835139e-02   1.8480110e-01   3.7774414e-03  -7.9731953e-03   1.6167027e-02
  -3.7114199e-02  -6.6865210e-02   3.2461009e-02   1.7781084e-03  -8.5740758e-03   1.6633626e-02
  -7.7721093e-02  -1.2406352e-02   1.2327593e-01   3.7504699e-03  -8.4961955e-03   1.7335919e-02
  -1.1763237e-01   1.8008229e-02   2.0142057e-01   2.7163970e-03  -9.2715193e-03   1.6959113e-02
  -1.4223850e-01  -8.3846931e-02   8.8305523e-02   1.1288503e-03  -9.1283379e-03   1.7872564e-02
  -1.6811969e-01  -1.9529704e-02   1.5857449e-01   3.0503894e-03  -9.3091543e-03   1.7935305e-02
  -1.6625101e-01  -2.0717755e-03   1.7130543e-01   2.0126897e-03  -9.5769419e-03   1.7356897e-02
  -2.0841933e-01  -1.0155947e-01   7.9615518e-02   1.5242602e-03  -9.8190322e-03   1.7557255e-02
  -1.9593300e-01   1.3721558e-02   2.3290609e-01   2.2929491e-03  -1.0614412e-02   1.8540377e-02
  -1.7842104e-01  -9.5077963e-02   5.4901176e-02   1.5538264e-04  -1.0823913e-02   1.8893135e-02
  -1.0088482e-01   1.5537055e-02   1.6351031e-01   2.4833826e-03  -9.0690578e-03   1.9318253e-02
  -1.0631932e-01  -2.5118440e-02   1.2432462e-01   2.0379094e-04  -1.0004917e-02   1.9904711e-02
  -9.8174269e-02  -4.5149233e-02   2.9439247e-02   1.9748632e-03  -9.3227489e-03   1.9797647e-02
  -9.1886399e-02   2.4641994e-02   1.6535592e-01   1.1999738e-03  -1.0179718e-02   2.0853254e-02
  -7.1873745e-02  -7.3207832e-02   6.7718091e-02   2.3863579e-03  -9.6772766e-03   2.1152016e-02
  -6.1989901e-02   5.6989000e-02   2.2206095e-01   3.2173986e-03  -9.8502045e-03   2.0868395e-02
  -6.6315224e-02  -9.0582374e-02   2.8878178e-02   1.6450159e-03  -1.0106707e-02   2.1872022e-02
  -6.6500118e-02   3.7615244e-02   2.1338052e-01   2.5796011e-03  -9.7816540e-03   2.1554730e-02
  -1.3623577e-01  -1.0006605e-01   5.5002312e-02   9.0743700e-04  -9.6278632e-03   2.1106233e-02
  -1.6556306e-01   4.4316995e-03   2.1569075e-01   2.9730760e-03  -9.9248128e-03   2.1340071e-02
  -2.0856743e-01  -7.8626015e-02   1.2117487e-01   6.2213582e-04  -1.0576083e-02   2.0996612e-02
  -2.2967112e-01  -4.7873606e-02   8.1914266e-02   2.5309695e-03  -1.0660336e-02   2.1145939e-02
  -2.0846955e-01   7.6015435e-03   2.3688749e-01   2.7348269e-03  -1.1511368e-02   2.1707649e-02
  -2.3573027e-01  -1.2657187e-01   9.5360127e-02   1.9187561e-03  -1.1151840e-02   2.1938437e-02
  -2.4824109e-01  -2.2858989e-02   1.9011740e-01   3.4083088e-03  -1.1123643e-02   2.1853554e-02
  -2.5808059e-01  -1.1923549e-01   9.7231959e-02   1.3453139e-03  -1.1676430e-02   2.1938187e-02
  -2.2209916e-01  -2.7360102e-02   9.8646499e-02   3.5349010e-03  -1.2251347e-02   2.2262475e-02
  -2.4307260e-01  -4.7671820e-02   1.3031937e-01   1.3747606e-03  -1.3170533e-02   2.3193994e-02
  -2.2163594e-01  -6.5914970e-02   6.3509660e-02   3.7477918e-03  -1.2347115e-02   2.3886269e-02
  -2.1601886e-01   3.6154956e-02   2.1668164e-01   3.9031438e-03  -1.2998851e-02   2.4096366e-02
  -2.3166084e-01  -1.1152243e-01   5.4388695e-02   2.1135957e-03  -1.2812575e-02   2.4375336e-02
  -2.6491265e-01  -3.5505395e-02   9.1955536e-02   3.9631949e-03  -1.2865190e-02   2.3944548e-02
  -2.1890362e-01   9.0311959e-03   1.3156651e-01   2.2435725e-03  -1.4497808e-02   2.5394113e-02
  -1.7122478e-01  -3.3691785e-02  -7.3103813e-02   4.1059422e-03  -1.3081111e-02   2.4721054e-02
  -2.2045565e-01   2.0945423e-02   9.1280418e-02   3.0989847e-03  -1.3309441e-02   2.5551397e-02
  -2.5049376e-01  -5.5025751e-02  -1.3805809e-02   4.3881272e-03  -1.2911855e-02   2.5096764e-02
  -2.5062509e-01   2.9102257e-02   1.1990526e-01   4.1975039e-03  -1.3360726e-02   2.5787268e-02
  -2.5067761e-01  -9.2131383e-02  -2.8360204e-02   3.3363386e-03  -1.3354633e-02   2.5502784e-02
  -2.3490677e-01   6.0484700e-02   1.5305900e-01   4.5524392e-03  -1.3581382e-02   2.5575801e-02
  -2.4198409e-01  -9.6988521e-02  -5.9693271e-02   2.6397721e-03  -1.3127995e-02   2.5415987e-02
  -2.6236003e-01   3.0759712e-02   1.7920711e-01   4.7887552e-03  -1.3905784e-02   2.5284486e-02
  -2.7386868e-01  -8.9029626e-02   4.4566226e-02   2.2073238e-03  -1.3460221e-02   2.5248412e-02
  -3.0589939e-01  -3.6713156e-02   9.5039075e-02   4.2028426e-03  -1.3778970e-02   2.5822476e-02
  -3.0502137e-01  -4.9406013e-02   1.0425310e-01   2.9332468e-03  -1.3323393e-02   2.4956433e-02
  -3.3487334e-01   3.2761461e-01   3.6148342e-01   1.9675671e-02  -1.0557454e-02   1.7776596e-02
  -3.3517850e-01   1.4913985e-01  -1.5941489e-01   1.3296297e-02  -1.1522896e-02   2.2507061e-02
  -2.7615109e-01   2.0989827e-01  -2.2865237e-01   9.0753292e-03  -1.2023612e-02   2.4634155e-02
  -3.0378951e-01   1.7256991e-01   4.7521322e-02   9.5104934e-03  -1.3550264e-02   2.7097396e-02
  -2.5880757e-01   8.5076147e-02  -2.1402982e-02   9.2443188e-03  -1.2373953e-02   2.6967656e-02
  -3.1844117e-01   1.0399571e-01   4.8421575e-02   8.4623243e-03  -1.3295715e-02   2.7002822e-02
  -2.9036752e-01   5.7354845e-02  -7.7598686e-03   8.7017233e-03  -1.3577248e-02   2.8178268e-02
  -2.9072334e-01   2.5125718e-02   3.1336683e-03   8.2101441e-03  -1.3363116e-02   2.8203019e-02
  -3.1045183e-01   3.7523855e-02   8.5989164e-02   8.7327191e-03  -1.3280378e-02   2.8537532e-02
  -2.9454651e-01  -1.6886713e-02   1.2184246e-02   8.5566844e-03  -1.3213226e-02   2.8783435e-02
  -3.1117815e-01  -2.7724284e-02   3.0597332e-02   7.4496893e-03  -1.3055746e-02   2.9088004e-02
  -3.0537052e-01   8.3723310e-04   5.9911612e-02   9.2803360e-03  -1.3051475e-02   2.8829280e-02
  -3.6734147e-01  -6.4811581e-02   5.2578699e-02   7.3883023e-03  -1.2889538e-02   2.8020196e-02
  -3.8774243e-01  -3.2153173e-02   8.1360321e-02   1.0063731e-02  -1.3910751e-02   2.8830537e-02
  -4.1325493e-01  -4.5967844e-02   1.2423959e-01   7.8612938e-03  -1.3991261e-02   2.9129892e-02
  -4.1913324e-01  -8.9104190e-02  -1.3950573e-02   9.8653370e-03  -1.3773495e-02   2.8901827e-02
  -4.1737598e-01   5.5524614e-02   2.0416611e-01   1.0661929e-02  -1.3824771e-02   2.9702094e-02
  -3.8735737e-01  -8.6643273e-02  -2.3540920e-02   9.8283748e-03  -1.3854583e-02   3.0025965e-02
  -3.9355991e-01   2.1417824e-02   1.5565169e-01   9.9480846e-03  -1.3796689e-02   2.9860339e-02
  -3.8417522e-01  -1.2061582e-01   3.3909622e-02   8.1046061e-03  -1.3093827e-02   3.0264804e-02
  -4.2278544e-01   2.8533120e-03   2.0685463e-01   1.0155202e-02  -1.3494602e-02   3.0196466e-02
  -4.3780446e-01  -1.4628265e-01   3.4390651e-02   7.4867167e-03  -1.3584287e-02   3.1260642e-02
  -4.8088567e-01  -3.5098543e-02   1.4013021e-01   9.2252084e-03  -1.4209923e-02   3.1464322e-02
  -5.0395918e-01  -1.4432869e-01   2.6945633e-02   6.4701259e-03  -1.4123473e-02   3.2207016e-02
  -4.8600872e-01  -6.8198142e-02   9.9591392e-02   8.6236259e-03  -1.3957753e-02   3.2925830e-02
  -5.0711043e-01  -9.9932878e-02   8.2233405e-02   6.5713890e-03  -1.4248426e-02   3.3561527e-02
  -5.0413214e-01  -1.1888783e-01   4.4128763e-02   8.7984599e-03  -1.3830828e-02   3.3135256e-02
  -7.4212681e-01  -2.6991671e-02   7.2930415e-02   7.8761417e-03  -1.2179611e-02   2.8936779e-02
  -6.5366137e-01  -9.2653731e-02   5.6147920e-02   8.6354105e-03  -1.2874508e-02   2.9391537e-02
  -6.7097900e-01  -8.1240317e-02   1.8096354e-01   8.5683502e-03  -1.2978713e-02   2.9900137e-02
  -6.5768657e-01  -1.6993980e-01   7.2335454e-02   6.8083036e-03  -1.2722560e-02   3.0081180e-02
  -6.5425710e-01  -9.2304154e-02   1.3425261e-01   8.9025523e-03  -1.2801824e-02   3.0505691e-02
  -7.4309142e-01  -2.7793810e-01  -2.9566222e-01   1.5792451e-02  -8.7701874e-03   2.5425729e-02
  -7.9466084e-01   1.6875391e-02  -8.2012633e-02   9.7493687e-03  -1.1970395e-02   2.8472478e-02
  -6.8023594e-01   2.1933310e-03   5.0427698e-02   1.3705923e-02  -1.1807497e-02   2.8596448e-02
  -6.8116231e-01   9.1255215e-03   1.5149614e-01   1.0676729e-02  -1.3471306e-02   3.0529673e-02
  -7.5155341e-01  -1.5082864e-01  -2.0804686e-01   1.8291103e-02  -3.9144351e-03   2.3751885e-02
  -8.4089079e-01  -1.4937511e-01  -7.2540642e-01   3.0215728e-02  -1.1377141e-03   1.5643863e-02
  -9.0361167e-01   7.8568144e-02  -2.0870220e-01   2.7819746e-02  -5.8224210e-03   1.9316762e-02
  -9.0415756e-01   1.9382196e-02  -1.7401582e-01   2.3448413e-02  -7.0907534e-03   2.0811635e-02
  -9.1322640e-01   3.7583787e-02  -2.0778589e-01   2.4596321e-02  -8.6970555e-03   2.1070553e-02
  -9.4167328e-01   4.9138839e-02  -7.5334728e-02   2.1207688e-02  -9.3211545e-03   2.2105405e-02
  -9.5248306e-01  -4.9677048e-02  -1.9969583e-01   2.3019441e-02  -9.5890578e-03   2.3161980e-02
  -9.3828076e-01   5.6222915e-02  -3.3170387e-02   2.1452636e-02  -1.0166119e-02   2.5014427e-02
  -9.2827235e-01  -8.8484214e-02  -1.9271955e-01   2.1160114e-02  -9.6422286e-03   2.3788131e-02
  -9.3845698e-01   8.4012217e-02   3.9487149e-02   2.0848634e-02  -1.0536372e-02   2.5442318e-02
  -9.0155069e-01  -5.6079334e-02  -2.0484388e-01   1.8114539e-02  -1.0388380e-02   2.5814962e-02
  -8.9180933e-01   1.0859149e-01   9.5609227e-02   2.0407884e-02  -1.0068454e-02   2.6338341e-02
  -9.2184981e-01  -6.7040667e-02  -6.7201130e-02   1.7736320e-02  -1.0454133e-02   2.7052504e-02
  -9.0581917e-01   2.4416420e-02   6.2810382e-02   1.9631543e-02  -1.0310001e-02   2.7563097e-02
  -9.3032327e-01  -3.1251661e-02   5.7484734e-02   1.7120152e-02  -1.0860832e-02   2.7444161e-02
  -9.3567131e-01  -3.1007141e-02   3.3536926e-02   1.8825648e-02  -9.6370253e-03   2.7049363e-02
  -9.2652813e-01   2.4389790e-02   1.5493853e-01   1.8063639e-02  -1.0422313e-02   2.8102349e-02
  -8.5577258e-01  -8.2098848e-02   5.2160524e-02   1.8064784e-02  -9.9124331e-03   2.9136573e-02
  -8.5857078e-01  -2.8916048e-02   1.7558505e-01   1.7354461e-02  -9.2620661e-03   2.9582985e-02
  -8.5247986e-01  -1.4241388e-01   4.9322885e-02   1.6804705e-02  -9.4071543e-03   2.9384867e-02
  -8.1700472e-01   7.8722558e-04   2.1924092e-01   1.8135643e-02  -9.5072095e-03   3.0557437e-02
  -7.8139573e-01  -1.2840441e-01   9.9511828e-02   1.7386010e-02  -9.1712516e-03   3.0540391e-02
  -8.2844792e-01  -1.9545442e-02   2.5392643e-01   1.7937040e-02  -1.0162393e-02   3.0133439e-02
  -8.2809390e-01  -1.5525942e-01   1.0566622e-01   1.5698535e-02  -1.0766223e-02   2.9677963e-02
  -8.6459197e-01  -2.5116871e-02   2.9001713e-01   1.8535979e-02  -1.1720272e-02   2.9753013e-02
  -8.1850621e-01  -1.6219500e-01   8.7114743e-02   1.6363585e-02  -1.1455295e-02   3.0641737e-02
  -8.2132197e-01  -2.3839902e-02   1.7618047e-01   1.8446834e-02  -1.1793252e-02   3.0178212e-02
  -8.2398503e-01  -5.5324473e-02   1.9162442e-01   1.6073079e-02  -1.2155885e-02   3.1431032e-02
  -8.4716742e-01  -1.1097433e-01   1.1061782e-01   1.7874179e-02  -1.1859133e-02   3.0945504e-02
  -8.3988092e-01   3.1987324e-02   3.1766918e-01   1.6942457e-02  -1.2355750e-02   3.1028259e-02
  -8.2075735e-01  -1.2000480e-01   5.2843563e-03   1.6157628e-02  -1.2393752e-02   3.0522516e-02
  -8.0892468e-01   5.0641739e-02   2.5067296e-01   1.7501123e-02  -1.3302804e-02   2.9807061e-02
  -8.3666613e-01  -1.7017214e-01   3.9370434e-02   1.4295678e-02  -1.0603801e-02   2.7987105e-02
  -8.6722094e-01   5.7992246e-02  -1.8358766e-01   1.5010666e-02  -7.5031055e-03   2.8901915e-02
  -8.5084622e-01  -1.2331231e-02   5.7441374e-02   1.2496751e-02  -1.1173265e-02   3.0884824e-02
  -8.5732178e-01  -4.3739002e-02   4.1051793e-02   1.4740315e-02  -1.0925415e-02   3.1073036e-02
  -8.3241444e-01  -2.3439310e-02   1.7195889e-01   1.2577086e-02  -1.2154686e-02   3.2450252e-02
  -7.6217399e-01  -6.3624295e-02   5.0634005e-02   1.4207447e-02  -1.1550998e-02   3.2460096e-02
  -8.3507956e-01  -9.3385127e-02   1.3447238e-01   1.1754336e-02  -1.1399624e-02   3.2633198e-02
  -8.6700339e-01  -9.9744161e-02   1.4642200e-01   1.4045321e-02  -1.1088801e-02   3.2289419e-02
  -9.0921246e-01  -3.7574263e-02   2.3609032e-01   1.2152668e-02  -1.2364654e-02   3.2027090e-02
  -9.8817388e-01  -8.7446805e-02  -4.0417877e-02   1.1398225e-02   2.2329401e-03   1.6927786e-02
  -1.0591353e+00   1.2112241e-01  -4.0818724e-01   4.1747361e-03   7.7021270e-03   1.2958425e-02
  -1.1018659e+00   4.0712546e-02  -2.2780024e-01   6.3689485e-03   2.3828340e-03   1.6932755e-02
  -1.1182816e+00   1.2950400e-01   6.5219683e-02   7.0881199e-03   5.9156391e-04   1.9628685e-02
  -1.0975350e+00  -2.7360533e-02  -8.8854928e-02   7.8388884e-03  -1.4379929e-03   2.1193818e-02
  -1.1861195e+00   1.1544408e-01   1.0567107e-01   9.8296875e-03  -4.0245848e-03   2.2873973e-02
  -1.1662320e+00  -4.3686259e-02  -6.5477525e-02   8.6675540e-03  -5.2464289e-03   2.3778856e-02
  -1.1274671e+00   1.3175043e-01   1.9801057e-01   9.7632196e-03  -6.2692922e-03   2.4030441e-02
  -1.1314569e+00  -5.0202817e-02  -8.0760401e-02   8.6214110e-03  -5.9638037e-03   2.4069369e-02
  -1.1643736e+00   9.2916912e-02   1.6895097e-01   9.6456914e-03  -7.6568263e-03   2.4053615e-02
  -1.1585994e+00  -7.3696089e-02  -2.6901499e-02   8.9431204e-03  -6.6966861e-03   2.3763135e-02
  -1.1806571e+00   1.0279348e-01   2.3834576e-01   1.0130342e-02  -8.1873133e-03   2.4537882e-02
  -1.1873675e+00  -6.5134895e-02   1.6511842e-02   8.7435689e-03  -8.2518209e-03   2.4663270e-02
  -1.1925169e+00   5.1693644e-02   2.1356703e-01   1.0569342e-02  -8.5574989e-03   2.5452004e-02
  -1.2318333e+00  -7.7887189e-02   1.7709176e-02   7.8118215e-03  -9.3524464e-03   2.4683762e-02
  -1.1693557e+00   5.7752503e-02   9.9551896e-02   1.1199406e-02  -9.3847935e-03   2.4544270e-02
  -1.2279514e+00   1.7561989e-02  -4.2698668e-02   1.5532331e-02   3.6830689e-03   1.8062905e-02
  -1.1944671e+00   1.0574129e-01  -6.1297984e-01   2.2885282e-02   1.9606582e-03   1.6392244e-02
  -1.0589911e+00   1.1728068e-01  -2.7190922e-01   1.4091519e-02  -1.2511393e-03   1.9935567e-02
  -1.1128650e+00   1.6760482e-01  -1.0435680e-01   1.5963150e-02  -4.0927681e-03   2.1670135e-02
  -9.2745311e-01   2.6009570e-01  -1.8836456e-01   1.0315046e-02  -4.6532812e-03   2.3049965e-02
  -8.8257945e-01   1.7393907e-01  -3.7845769e-01   1.1622102e-02  -8.5278008e-03   2.4833281e-02
  -9.3855859e-01   2.4106133e-01  -1.1881146e-01   9.6315755e-03  -9.9629676e-03   2.6065384e-02
  -9.3624151e-01   9.2274353e-02  -2.6414476e-01   1.0439065e-02  -9.8582289e-03   2.5189539e-02
  -9.7979811e-01   1.4154231e-01  -9.7114696e-02   9.1411872e-03  -1.0286968e-02   2.6158954e-02
  -9.4423068e-01   7.1566140e-02  -2.2330617e-01   9.8247798e-03  -1.1499614e-02   2.7186095e-02
  -9.3842683e-01   1.1381194e-01  -7.5174183e-02   8.3415578e-03  -1.1481302e-02   2.8070148e-02
  -8.9359021e-01   7.5362850e-02  -1.4082102e-01   1.0712221e-02  -1.0485266e-02   2.7741843e-02
  -8.9423164e-01   6.7956250e-02  -8.4377322e-02   7.9112617e-03  -1.1592087e-02   2.8524599e-02
  -8.5172029e-01   8.5686793e-02  -4.1861477e-02   9.8601619e-03  -1.1837562e-02   2.8737546e-02
  -8.7537775e-01   4.4497677e-02  -1.9796073e-02   7.2826691e-03  -1.2257007e-02   2.8779593e-02
  -8.0550746e-01   7.0817090e-02  -4.8205420e-02   9.9762860e-03  -1.2798919e-02   2.9781563e-02
  -7.9678357e-01   2.0232811e-02  -3.0532090e-02   8.1098359e-03  -1.2632842e-02   2.9692536e-02
  -7.8576668e-01   8.5303086e-02   5.5184043e-02   1.1378189e-02  -1.2902458e-02   3.0111475e-02
  -7.8620156e-01  -1.1486276e-02  -6.3900167e-02   8.7602807e-03  -1.3045030e-02   3.0191088e-02
  -7.8027036e-01   9.7236828e-02   7.0685691e-03   1.1574893e-02  -1.4094542e-02   3.0360491e-02
  -7.6378624e-01   3.6412948e-03  -1.0510219e-01   8.3978296e-03  -1.3835528e-02   3.0542061e-02
  -7.4401233e-01   8.0013630e-02   1.2303439e-02   1.1674978e-02  -1.4298204e-02   3.1027879e-02
  -7.3259079e-01   1.9261419e-02  -1.8572650e-02   8.9733860e-03  -1.3896234e-02   3.1409333e-02
  -7.2711233e-01   1.5148179e-02  -4.5833638e-02   1.1296234e-02  -1.3732786e-02   3.1665413e-02
  -7.5636559e-01   5.6600870e-02   4.8284080e-02   9.1155427e-03  -1.3713405e-02   3.1619885e-02
  -7.7481184e-01  -1.4954199e-02  -5.2301712e-02   1.0633339e-02  -1.3779556e-02   3.1389601e-02
  -7.6542179e-01   1.1141956e-01   1.0603121e-01   1.0728463e-02  -1.4710434e-02   3.2456086e-02
  -6.9481824e-01   1.2424168e-01  -5.1443851e-01   8.3480481e-03  -1.2721896e-02   3.1955350e-02
  -6.6936568e-01   2.4393633e-01   5.0506109e-02   1.0714741e-02  -1.3303532e-02   3.2794020e-02
  -6.8510913e-01   3.7777790e-02  -1.6685404e-01   9.0970140e-03  -1.4444847e-02   3.3205727e-02
  -6.4599648e-01   2.0042436e-01   1.1274072e-01   1.1001051e-02  -1.4810238e-02   3.4547274e-02
  -6.5269372e-01   8.5992481e-03  -1.3208663e-01   9.0929694e-03  -1.5082993e-02   3.3850555e-02
  -7.0170179e-01   1.3237423e-01   5.2800654e-02   1.0418212e-02  -1.5177530e-02   3.3346860e-02
  -7.1640252e-01   2.6468280e-03  -7.9624478e-02   8.5812486e-03  -1.6031560e-02   3.3037369e-02
  -6.7047259e-01   1.4207718e-01   5.9091673e-02   1.1650308e-02  -1.6134687e-02   3.3847451e-02
  -6.3016909e-01   2.1927846e-02  -1.2189566e-01   9.2142084e-03  -1.5685479e-02   3.4427803e-02
  -6.3037622e-01   1.3695355e-01   7.1101128e-02   1.1427120e-02  -1.5834573e-02   3.4721946e-02
  -5.9812749e-01   5.2701604e-02  -2.3536285e-02   8.7171331e-03  -1.5936391e-02   3.5442951e-02
  -5.3968720e-01   8.0109813e-02  -5.2540950e-02   1.0710917e-02  -1.5530014e-02   3.5643447e-02
  -5.6499805e-01   4.2312104e-02  -2.1462212e-02   8.0514045e-03  -1.6083378e-02   3.6423878e-02
  -5.7019615e-01   4.9082813e-02   2.4376126e-03   1.0782017e-02  -1.5954916e-02   3.5998440e-02
  -6.0281171e-01   5.0121765e-02   3.9441350e-02   8.9000609e-03  -1.6505947e-02   3.6433537e-02
  -5.7000261e-01   7.6839019e-03  -5.9651387e-02   1.0833856e-02  -1.6648681e-02   3.6340504e-02
  -5.8421716e-01   7.3249011e-02   9.2118495e-02   9.3739797e-03  -1.6560314e-02   3.6381379e-02
  -5.6157429e-01  -9.3762679e-03  -3.4577741e-02   1.0841283e-02  -1.6263022e-02   3.6413289e-02
  -5.8159208e-01   3.1702567e-02   4.0814931e-02   8.5011277e-03  -1.6065011e-02   3.6399560e-02
  -5.7202859e-01   2.2888743e-02  -3.8054444e-02   1.1226707e-02  -1.6368750e-02   3.6088504e-02
  -5.9270106e-01   3.7481660e-02   4.4939142e-02   8.7009719e-03  -1.6657497e-02   3.6320262e-02
  -5.6559496e-01   3.8021295e-02   2.3334337e-02   1.1699944e-02  -1.6356058e-02   3.6662232e-02
  -5.9878597e-01   1.7871567e-02   4.4430396e-02   8.6189628e-03  -1.6049912e-02   3.6301865e-02
  -6.0502142e-01   2.5855872e-02   3.8043779e-02   1.1753062e-02  -1.6056463e-02   3.6322265e-02
  -6.3173460e-01   2.4643283e-02   4.3742452e-02   9.0154660e-03  -1.5989148e-02   3.5967914e-02
  -6.7069359e-01   6.6235536e-02  -1.2284413e-01   1.2182076e-02  -1.5881057e-02   3.4556275e-02
  -7.0321054e-01   4.2464828e-02  -3.7991583e-02   8.4511352e-03  -1.6388676e-02   3.5424902e-02
  -6.8761054e-01   7.3887979e-02   3.9826208e-02   1.2056552e-02  -1.5613158e-02   3.5098622e-02
  -7.1800354e-01   4.8095482e-02   4.3587956e-02   9.1573706e-03  -1.6346286e-02   3.5527971e-02
  -6.8833468e-01   3.1195461e-02  -5.0077320e-02   1.1651830e-02  -1.6300021e-02   3.5579193e-02
  -7.0824286e-01   2.0565284e-02   6.5953993e-03   8.4442489e-03  -1.6737127e-02   3.5821985e-02
  -6.8983223e-01   2.9945577e-02  -4.3580140e-02   1.1275897e-02  -1.5782085e-02   3.5119131e-02
  -7.1993266e-01   3.6792736e-02   4.9902591e-02   8.8453461e-03  -1.6491770e-02   3.6091051e-02
  -6.9683242e-01   7.9827836e-03  -4.2749334e-02   1.1248348e-02  -1.6212524e-02   3.5763096e-02
  -7.1334191e-01   6.1088061e-02   6.5085662e-02   9.0442594e-03  -1.6486348e-02   3.5892351e-02
  -7.3507448e-01   2.4420189e-03  -7.2867419e-02   1.1030463e-02  -1.5961732e-02   3.5429349e-02
  -7.3682621e-01   7.9540676e-02   1.1590940e-01   9.6846129e-03  -1.6485900e-02   3.5651810e-02
  -7.2706939e-01  -2.1311137e-02  -7.3739459e-02   1.1368630e-02  -1.5997714e-02   3.5487181e-02
  -7.5956341e-01   8.5456132e-02   1.1440102e-01   9.6400159e-03  -1.6278230e-02   3.5391059e-02
  -7.5609251e-01  -1.8375764e-02  -5.2291129e-02   1.1211798e-02  -1.6231464e-02   3.5051586e-02
  -7.8373955e-01   1.0739581e-01   1.4688039e-01   1.0842185e-02  -1.6365489e-02   3.4716067e-02
  -7.8269433e-01  -2.5192359e-02  -6.2181772e-02   1.1492517e-02  -1.6563893e-02   3.4688646e-02
  -7.9986230e-01   1.0286994e-01   1.3650933e-01   1.1848088e-02  -1.6518501e-02   3.4387195e-02
  -7.6971290e-01   7.4897371e-03  -5.5874668e-02   1.1236617e-02  -1.6008511e-02   3.3885238e-02
  -7.6155914e-01   1.5208430e-01   3.7158152e-03   1.3155270e-02  -1.5218642e-02   3.3859615e-02
  -8.4634153e-01  -6.4969520e-02  -4.1059643e-01   1.9660661e-02  -1.3604843e-02   2.9557686e-02
  -8.4759197e-01   1.7626962e-01   2.3956518e-02   1.1590917e-02  -1.6238759e-02   3.1924725e-02
  -7.9701879e-01   5.8448254e-02  -8.3395434e-02   1.3345563e-02  -1.7418675e-02   3.2105199e-02
  -7.9020859e-01   1.2763362e-01   1.0531280e-01   1.0996757e-02  -1.8731435e-02   3.3393996e-02
  -7.1833453e-01   1.0962623e-01  -1.0272175e-01   1.2883407e-02  -1.9051859e-02   3.3685328e-02
  -6.9190901e-01   1.4897267e-01   6.7164015e-02   1.0462184e-02  -1.9526034e-02   3.5656910e-02
  -6.9210051e-01   5.2141993e-02  -2.5472077e-02   1.2121990e-02  -1.8656010e-02   3.5042186e-02
  -6.8646057e-01   1.3599342e-01   1.5067325e-01   1.0789234e-02  -1.9217502e-02   3.6439562e-02
  -6.6463827e-01   2.4810932e-02  -2.7611275e-02   1.2110013e-02  -1.9053807e-02   3.5890516e-02
  -6.5567744e-01   1.3246956e-01   1.3200911e-01   1.0943289e-02  -1.8814414e-02   3.6407258e-02
  -6.3474173e-01   2.2718804e-02  -5.7064320e-02   1.1374121e-02  -1.8935756e-02   3.6024121e-02
  -6.5425113e-01   1.6349317e-01   2.0683761e-01   1.1781601e-02  -1.9956632e-02   3.6477657e-02
  -6.0740136e-01   1.4243023e-02  -2.6323864e-02   1.1794016e-02  -1.9424458e-02   3.6525190e-02
  -6.3500021e-01   1.4200762e-01   2.4844433e-01   1.1803490e-02  -1.9368902e-02   3.6529109e-02
  -6.4186417e-01  -1.5555298e-02   3.7858365e-02   1.1561995e-02  -1.9146877e-02   3.6332334e-02
  -6.5347092e-01   1.2718259e-01   2.5016038e-01   1.2300009e-02  -1.8981072e-02   3.6238505e-02
  -6.1760124e-01  -1.4652185e-02   2.7781947e-02   1.0973462e-02  -1.8600495e-02   3.5967994e-02
  -6.2117808e-01   1.2318083e-01   2.4160498e-01   1.2001161e-02  -1.8735311e-02   3.6226528e-02
  -6.2528571e-01  -6.0945717e-03   9.1799055e-02   1.0382728e-02  -1.9281972e-02   3.6199489e-02
  -5.9420744e-01   1.0356392e-01   1.9579116e-01   1.2625528e-02  -1.9556730e-02   3.6783443e-02
  -5.6576181e-01  -4.9558103e-03   7.7724345e-02   1.0245922e-02  -1.9557904e-02   3.7133302e-02
  -5.4181550e-01   9.2688813e-02   1.7303958e-01   1.2391977e-02  -1.9115806e-02   3.7475629e-02
  -5.4652675e-01   4.3518433e-02   1.2381991e-01   9.5429198e-03  -1.9532987e-02   3.7950662e-02
  -5.4860311e-01   3.3798725e-02   1.2444163e-01   1.2496557e-02  -1.9297747e-02   3.7872474e-02
  -5.6932323e-01   8.4530208e-02   2.2343767e-01   1.1894211e-02  -1.9476555e-02   3.7779815e-02
  -5.4785962e-01  -2.4373056e-02   7.1644371e-02   1.1171546e-02  -1.9092061e-02   3.7747214e-02
  -5.4986440e-01   1.2473039e-01   2.5461195e-01   1.2340465e-02  -1.9367136e-02   3.7524373e-02
  -5.7152821e-01   3.3935978e-02   1.4018447e-02   1.0209169e-02  -1.9784497e-02   3.6844233e-02
  -5.5941566e-01   1.1933704e-01   1.6556755e-01   1.2475498e-02  -1.9717545e-02   3.6975733e-02
  -5.5593671e-01   1.9127714e-02   7.8243945e-02   9.4190301e-03  -1.9534734e-02   3.6644884e-02
  -5.4156745e-01   5.2163171e-02   1.3153739e-01   1.2162290e-02  -1.9523054e-02   3.6538227e-02
  -5.3995299e-01   8.8968640e-02   2.2304194e-01   1.1655907e-02  -1.9414056e-02   3.7005893e-02
  -5.3759859e-01  -2.7134497e-02   5.5575763e-02   1.0279513e-02  -1.9916240e-02   3.6456773e-02
  -5.2989599e-01   8.0373915e-02   2.3540510e-01   1.2058705e-02  -2.0198711e-02   3.7178344e-02
  -5.2997353e-01   2.1433755e-03   1.8673634e-01   9.0795179e-03  -2.0249003e-02   3.7522660e-02
  -5.3544066e-01  -1.0270616e-03   1.5773130e-01   1.2117071e-02  -2.0755106e-02   3.7312507e-02
  -5.4783731e-01   1.0408352e-01   2.9972666e-01   1.0974102e-02  -2.0712173e-02   3.7611127e-02
  -5.2273477e-01  -4.1600304e-02   8.4958001e-02   1.0854552e-02  -2.1001913e-02   3.7484590e-02
  -5.4794272e-01   9.1698309e-02   3.0976044e-01   1.1905454e-02  -2.1195746e-02   3.7820106e-02
  -5.4989524e-01  -5.9197168e-02   1.0240267e-01   9.6883851e-03  -2.1431325e-02   3.7755312e-02
  -5.4290953e-01   5.0305379e-02   2.3471289e-01   1.2240103e-02  -2.1053418e-02   3.7838583e-02
  -5.5064460e-01  -1.2648078e-02   1.8708696e-01   9.5206226e-03  -2.1523642e-02   3.7777180e-02
  -5.3511656e-01  -5.5440602e-03   1.3126128e-01   1.1356908e-02  -1.6531147e-02   3.5106641e-02
  -9.2344097e-01   7.6372764e-02  -3.0631126e-01  -3.4318416e-03  -6.7480248e-03   1.9256727e-02
  -9.6845991e-01   1.5987106e-01   6.9211872e-02   3.3311659e-03  -1.0670969e-02   2.3308938e-02
  -9.6901950e-01   1.3666140e-01   2.1433306e-01   2.2726389e-03  -1.4774743e-02   2.5805607e-02
  -9.1242098e-01   3.6644456e-02   7.6447208e-02   4.5612324e-03  -1.4989622e-02   2.7047994e-02
  -9.4739549e-01   1.2637829e-01   2.6150522e-01   3.5536405e-03  -1.6124671e-02   2.7419650e-02
  -9.8169375e-01  -2.7530142e-02   1.2149385e-01   3.4952680e-03  -1.7207890e-02   2.7586272e-02
  -1.0212246e+00   1.3513344e-01   2.5414286e-01   4.9272928e-03  -1.8125852e-02   2.7012736e-02
  -1.0078777e+00  -1.7999437e-02   8.5630302e-02   2.4377939e-03  -1.9112857e-02   2.7113050e-02
  -9.7091976e-01   1.0222865e-01   1.8416190e-01   5.5796042e-03  -1.9164442e-02   2.7660339e-02
  -9.5188293e-01   6.8817417e-02   1.6207193e-01   1.7573870e-03  -2.0578208e-02   2.7724724e-02
  -9.4192696e-01   5.6502252e-02   1.1551200e-01   5.5649153e-03  -2.0124358e-02   2.8008581e-02
  -9.5850517e-01   7.6251554e-02   2.3818687e-01   3.1021448e-03  -1.9877856e-02   2.7879030e-02
  -9.6505409e-01   1.4247259e-02   1.4844495e-01   4.4026973e-03  -1.9886259e-02   2.7868314e-02
  -9.7331686e-01   3.4936707e-02   2.2529978e-01   2.5472703e-03  -2.0295458e-02   2.8359762e-02
  -9.7856264e-01   4.2883690e-02   2.8138764e-01   5.1794575e-03  -2.0119311e-02   2.8590800e-02
  -1.0018916e+00   6.3672983e-02   3.2269277e-01   3.4968704e-03  -2.0636935e-02   2.9008003e-02
  -9.7686664e-01   2.4781418e-02   1.5529584e-01   5.7161249e-03  -2.0447813e-02   2.9148131e-02
  -1.0154507e+00   6.5399184e-02   2.6574976e-01   3.6433054e-03  -2.0898347e-02   2.9215849e-02
  -1.0333403e+00   9.7543707e-03   1.7420262e-01   5.6499549e-03  -2.0261555e-02   2.8774398e-02
  -1.0474001e+00   8.3200432e-02   3.3971353e-01   5.6683231e-03  -2.0703282e-02   2.9062696e-02
  -1.0175036e+00  -3.5476249e-02   6.9745642e-02   5.1588958e-03  -2.0979845e-02   2.8367541e-02
  -1.0158350e+00   7.0154482e-02   2.9873657e-01   6.3541088e-03  -2.0582436e-02   2.8880510e-02
  -1.0498041e+00  -7.5690996e-02   1.3828226e-01   4.7124968e-03  -2.0685482e-02   2.9320781e-02
  -1.0153078e+00   8.6616778e-02   3.0704188e-01   7.0317517e-03  -2.0926321e-02   2.9387797e-02
  -1.0476726e+00  -6.1988352e-02   1.2080841e-01   4.4911769e-03  -2.1304903e-02   2.9545647e-02
  -1.0401181e+00   5.1389825e-02   2.7033721e-01   6.7806453e-03  -2.1172447e-02   2.9670302e-02
  -1.0766973e+00  -3.1474789e-02   2.3464167e-01   3.9808192e-03  -2.2057482e-02   2.9254173e-02
  -1.0928279e+00  -1.0228854e-02   1.6862446e-01   6.6437922e-03  -2.2400097e-02   2.8664512e-02
  -1.1028292e+00   7.9495193e-03   2.1687849e-01   4.0317118e-03  -2.2329125e-02   2.8653401e-02
  -1.1446148e+00  -2.6061697e-02   1.7758792e-01   6.5292863e-03  -2.2874880e-02   2.7601375e-02
  -1.1723652e+00  -1.9423411e-02   2.1243767e-01   3.9273949e-03  -2.3442619e-02   2.8217711e-02
  -1.1471821e+00  -1.5512644e-03   1.7595208e-01   7.0612078e-03  -2.2915724e-02   2.7903983e-02
  -1.1187357e+00   3.7169778e-02   2.7891018e-01   5.3929641e-03  -2.3466272e-02   2.9367226e-02
  -1.0873471e+00  -4.3465208e-02   1.3780201e-01   7.2929121e-03  -2.2816751e-02   2.8630372e-02
  -1.1009716e+00   7.3713718e-02   3.5345095e-01   7.3276061e-03  -2.3363843e-02   2.9290441e-02
  -1.0475415e+00  -7.2438651e-02   1.5234576e-01   7.3961900e-03  -2.2855277e-02   2.9147182e-02
  -1.0789138e+00   6.6129871e-02   3.9788568e-01   8.5129423e-03  -2.2740185e-02   2.9504700e-02
  -1.1146497e+00  -1.2044444e-01   2.0942816e-01   7.0968868e-03  -2.2849365e-02   2.9375192e-02
  -1.0873297e+00   7.4157830e-02   3.5324797e-01   8.7399961e-03  -2.2753724e-02   2.9122892e-02
  -1.0967081e+00  -8.7029878e-02   1.6664276e-01   6.7498465e-03  -2.2514188e-02   2.8677673e-02
  -1.0980211e+00   8.4669356e-03   2.5609340e-01   9.0009129e-03  -2.2717465e-02   2.8434724e-02
  -1.1157522e+00  -6.7200926e-02   2.1440129e-01   6.5400153e-03  -2.2366998e-02   2.8109151e-02
  -1.1311134e+00  -4.6575480e-02   2.1813596e-01   8.6411944e-03  -2.2148348e-02   2.7821587e-02
  -1.4088129e+00   1.1562962e-01   4.3777993e-02   2.5285227e-03  -1.6095023e-02   2.1840668e-02
  -1.2714582e+00   6.7480500e-02   1.1386762e-01   6.4749610e-03  -1.8380249e-02   2.3917357e-02
  -1.2607738e+00   1.2311131e-01   3.0834545e-01   7.2404148e-03  -1.9640851e-02   2.5024556e-02
  -1.2817635e+00  -2.5591612e-02   1.8637553e-01   5.1343872e-03  -2.0162494e-02   2.4938708e-02
  -1.3098686e+00   3.6363844e-02   2.6232767e-01   7.4253189e-03  -2.1252851e-02   2.4535590e-02
  -1.3044388e+00  -3.9207288e-02   1.8027998e-01   5.0124687e-03  -2.1415069e-02   2.4710323e-02
  -1.3402830e+00   1.0528916e-02   2.2582673e-01   7.3880708e-03  -2.1702174e-02   2.4937371e-02
  -1.3383511e+00  -3.5189831e-02   2.2285646e-01   5.1071354e-03  -2.1914503e-02   2.5813182e-02
  -1.3184296e+00  -3.6787895e-02   1.9754377e-01   7.9353732e-03  -2.1585613e-02   2.5751560e-02
  -1.3598420e+00   3.0533649e-02   2.9113024e-01   1.4590982e-02  -1.7059104e-02   2.2732429e-02
  -1.4294605e+00  -1.0388395e-01  -3.7246435e-01   4.6656485e-02  -1.4742045e-02   4.9182859e-04
  -1.5336017e+00   3.0295027e-02  -1.4325518e-01   4.0527933e-02  -1.9274297e-02   3.7963784e-03
  -1.5174550e+00  -8.0308570e-02  -2.1819806e-01   4.5120440e-02  -1.9058217e-02   1.8944196e-03
  -1.5018820e+00   8.7024594e-02  -2.6190236e-01   3.5737863e-02  -1.9494623e-02   4.7150887e-03
  -1.4862171e+00   1.7523327e-01   5.0464021e-02   3.8568446e-02  -1.9846880e-02   5.2992944e-03
  -1.4770113e+00  -2.4195276e-02  -1.3959581e-01   3.5297564e-02  -2.2274992e-02   6.8408732e-03
  -1.4921948e+00   1.2732888e-01   9.8067693e-02   3.6078478e-02  -2.1756289e-02   5.9567305e-03
  -1.5352402e+00  -2.2313271e-02  -7.3083010e-02   3.3142955e-02  -2.3448264e-02   6.6520056e-03
  -1.4793222e+00   1.0444124e-01   8.1968334e-02   3.5850516e-02  -2.3624225e-02   6.8437874e-03
  -1.5055466e+00  -7.4876941e-03  -2.0896010e-02   3.2577718e-02  -2.4683562e-02   7.6120765e-03
  -1.4634121e+00   1.1638704e-01   8.5281877e-02   3.6342514e-02  -2.4613264e-02   6.9048311e-03
  -1.4623736e+00   4.7273052e-02   1.8574947e-02   3.3053780e-02  -2.6000276e-02   8.2458543e-03
  -1.4873882e+00   5.5335144e-02   1.8287536e-02   3.6141954e-02  -2.6097183e-02   7.5538856e-03
  -1.4953023e+00   9.5614965e-02   7.9492529e-02   3.3794279e-02  -2.6793620e-02   8.5304381e-03
  -1.5134620e+00   6.7007167e-03  -5.9091173e-02   3.4281505e-02  -2.6823780e-02   7.4154747e-03
  -1.5078495e+00   1.1410204e-01   1.1385380e-01   3.4239483e-02  -2.6939945e-02   7.9798900e-03
  -1.4995421e+00  -3.3750455e-02  -4.3687575e-02   3.3645296e-02  -2.7035260e-02   7.2558344e-03
  -1.4721785e+00   1.1901057e-01   1.3787262e-01   3.5569758e-02  -2.6348564e-02   7.3527346e-03
  -1.4950812e+00  -2.3992076e-02  -3.2871263e-02   3.2721625e-02  -2.6536683e-02   7.1817430e-03
  -1.4676373e+00   9.5175224e-02   1.4659815e-01   3.6096302e-02  -2.5182130e-02   6.6059719e-03
  -1.5215030e+00  -2.4688412e-02   2.9074544e-02   3.3432620e-02  -2.5995583e-02   5.9938382e-03
  -1.4844587e+00   6.6167532e-02   1.1579509e-01   3.5438794e-02  -2.5925805e-02   6.2281068e-03
  -1.4905770e+00  -1.9799743e-02   5.2758507e-02   3.2969061e-02  -2.6291223e-02   6.8586316e-03
  -1.5024451e+00   4.0220929e-02   1.1608411e-01   3.5277711e-02  -2.5540861e-02   6.4113627e-03
  -1.5312784e+00   2.5516073e-02   7.8683231e-02   3.2083678e-02  -2.6150788e-02   6.6786384e-03
  -1.5321576e+00   5.7564746e-02   6.5344618e-02   3.4393352e-02  -2.5188252e-02   6.6694216e-03
  -1.5432592e+00   6.2741940e-02   5.5635185e-02   3.2152833e-02  -2.5777378e-02   7.8868921e-03
  -1.5079290e+00   3.9484787e-02   1.4669111e-02   3.4465945e-02  -2.5464282e-02   7.6549738e-03
  -1.5122140e+00   8.7237218e-02   1.0468509e-01   3.2433112e-02  -2.6310054e-02   8.7680403e-03
  -1.4513261e+00   4.0407957e-02   2.7610894e-02   3.4233099e-02  -2.6336004e-02   8.2406489e-03
  -1.4507888e+00   1.5142827e-01   1.7015357e-01   3.4169473e-02  -2.6551818e-02   8.7728163e-03
  -1.4289439e+00   1.4057779e-02  -2.1295551e-02   3.3853651e-02  -2.6162781e-02   8.6752477e-03
  -1.4057059e+00   1.6691641e-01   1.6561292e-01   3.4012530e-02  -2.5891679e-02   1.0001176e-02
  -1.3805668e+00   8.5059571e-03  -2.1749522e-02   3.3694836e-02  -2.5187309e-02   1.0068161e-02
  -1.3825377e+00   1.5750506e-01   1.4940070e-01   3.4499756e-02  -2.5250667e-02   1.0227675e-02
  -1.3592926e+00   2.0403549e-02  -2.6692663e-02   3.4198573e-02  -2.5054574e-02   1.0917955e-02
  -1.3595776e+00   1.6019204e-01   1.3846472e-01   3.4803404e-02  -2.5003491e-02   1.0386426e-02
  -1.3730607e+00   1.8166467e-02   1.1823326e-02   3.2703009e-02  -2.5742154e-02   9.3133242e-03
  -1.4067431e+00   8.9312566e-02   8.8459419e-02   3.5169675e-02  -2.5982797e-02   8.9907519e-03
  -1.4430210e+00   5.2747452e-02   9.3384584e-02   3.2470506e-02  -2.7326610e-02   8.4577633e-03
  -1.4330528e+00   5.4593530e-02   6.0381931e-02   3.6200465e-02  -2.6645308e-02   7.1231108e-03
  -1.4494617e+00   3.8969382e-02   6.7447174e-02   3.3522290e-02  -2.6882503e-02   8.4154447e-03
  -1.4014247e+00   7.9679636e-02   9.4965877e-02   3.5887439e-02  -2.6018935e-02   8.4102235e-03
  -1.3944594e+00   6.3361144e-02   9.8462498e-02   3.3256042e-02  -2.6783624e-02   9.4045903e-03
  -1.3315472e+00   8.0685132e-02   8.8365597e-02   3.5916599e-02  -2.6163692e-02   9.4513893e-03
  -1.3318936e+00   9.5577918e-02   1.7521502e-01   3.3266517e-02  -2.6086876e-02   1.0314240e-02
  -1.3232732e+00   1.2147487e-02   8.9561068e-02   3.5702819e-02  -2.5971454e-02   9.7499843e-03
  -1.2628833e+00   1.6099363e-01   2.6065540e-01   3.5645499e-02  -2.5785533e-02   1.0580164e-02
  -1.2645703e+00   4.5788690e-03   9.0061284e-02   3.4973519e-02  -2.5905644e-02   9.6952555e-03
