   1.4210855e-14   0.0000000e+00   0.0000000e+00   0.0000000e+00   1.9259299e-34   0.0000000e+00
  -1.7612996e-02  -6.8961325e-02   2.1803121e-01  -3.0418838e-04   2.9284984e-04  -7.0979303e-04
  -4.9765713e-02   7.5529045e-02   1.3750466e-01   7.1215634e-04  -5.0898972e-04   1.1308252e-03
   9.5117040e-02  -1.4846480e-01  -9.9901542e-03  -2.2092724e-03   9.6079145e-04   3.5492655e-05
  -1.4337126e-01  -7.6802249e-02   3.7161114e-01  -3.1221085e-03   4.0094704e-04  -1.7703249e-04
  -3.8418044e-01   2.7668843e-01   3.8917162e-01   5.5850017e-03  -2.3006021e-03   1.0309145e-03
  -3.6981644e-01   9.3111428e-02   3.7759602e-01   5.5144528e-03  -3.6326267e-03   1.4992055e-03
  -4.8874714e-01   3.1905273e-01   4.6547886e-01   5.6316566e-03  -3.4443032e-03   8.9154015e-04
  -3.8040794e-01  -5.5435566e-02   3.8744633e-01   2.4061113e-03  -1.3627655e-03   1.1473027e-03
  -3.9165704e-01   1.4083157e-01   5.5349660e-01   2.8644314e-03  -1.1221030e-03   1.9293961e-03
  -2.1279122e-01  -1.1054207e-01   8.6636097e-01   2.9710444e-03   2.9652616e-03   1.1572841e-03
  -4.8434932e-01   1.9516893e-01   6.3953225e-01   4.4031392e-03  -2.5844228e-03   5.7343656e-04
  -1.7151344e-01  -1.7652489e-01   4.3033612e-01  -1.4368885e-03   9.9517577e-04   6.7364298e-04
  -4.3606497e-01   1.4829591e-01   7.6613700e-01   8.4772840e-03  -3.5900722e-03   5.4349721e-04
  -6.5858167e-01   4.4558959e-01   8.0568287e-01   9.6800843e-03  -4.9472308e-03   5.0212880e-05
  -6.6192878e-01   9.1789493e-02   6.4519221e-01   8.3980775e-03  -5.0888668e-03  -8.6996897e-04
  -7.5342170e-01   5.3123667e-01   8.9426549e-01   1.2754430e-02  -6.8041052e-03  -2.3801382e-04
  -6.4246460e-01   2.3307782e-01   6.4238518e-01   1.0151509e-02  -5.2917336e-03  -7.6060958e-04
  -6.4718599e-01   5.5392579e-01   8.6103431e-01   1.4184377e-02  -6.2872206e-03  -9.7675173e-04
  -6.4266375e-01   5.4663983e-01   9.5447212e-01   1.3880666e-02  -5.4802652e-03  -1.1155663e-03
  -6.2943295e-01   3.4253272e-01   7.9949396e-01   1.2492531e-02  -5.6208381e-03  -1.0729096e-03
  -6.3499696e-01   5.3705696e-01   9.0658041e-01   1.4264117e-02  -5.6803262e-03  -3.6616857e-04
  -4.8856183e-01   4.1371294e-01   8.1158567e-01   1.3104459e-02  -4.4488504e-03   5.4406518e-05
  -5.5833420e-01   5.0785240e-01   8.7413604e-01   1.3198220e-02  -5.1065911e-03   2.2098944e-04
  -5.2307113e-01   2.5723192e-01   8.1134362e-01   1.1840929e-02  -4.5616676e-03   7.0601277e-04
  -6.1252872e-01   6.2734961e-01   9.8502112e-01   1.5525557e-02  -5.9464156e-03   5.8421734e-04
  -5.2332483e-01   3.2121477e-01   6.8511606e-01   1.2464145e-02  -5.0177173e-03   6.2118164e-04
  -5.7559539e-01   4.0952467e-01   7.5719476e-01   1.1809817e-02  -5.8829722e-03   7.6598856e-04
  -5.5843647e-01   4.5783169e-01   8.3621042e-01   1.1401379e-02  -5.7031649e-03   1.9956372e-03
  -5.7730628e-01   3.7050984e-01   5.9169261e-01   1.0954299e-02  -6.1320057e-03   1.2555673e-03
  -6.5740393e-01   6.5549180e-01   8.5248081e-01   1.4175594e-02  -6.6988282e-03   2.1112983e-03
  -4.7314074e-01   3.3404336e-01   4.9508442e-01   1.0532418e-02  -5.5409123e-03   3.7523693e-04
  -6.3216944e-01   6.4129204e-01   9.7119964e-01   1.2924118e-02  -6.2462485e-03   1.2095389e-03
  -5.8085076e-01   2.3967897e-01   5.3747171e-01   9.1462990e-03  -6.1882324e-03   1.7049236e-03
  -5.8045407e-01   3.6273611e-01   6.6392551e-01   1.1556084e-02  -6.0763005e-03   9.3654675e-04
  -6.2476336e-01   5.4943279e-01   7.7797696e-01   1.5595397e-02  -7.0944583e-03   1.1399548e-03
  -6.1948445e-01   5.9662745e-01   8.3297704e-01   1.2544749e-02  -7.2448544e-03   2.7834000e-03
  -3.7743836e-01   2.9431600e-01   3.5932545e-01   9.8483318e-03  -5.0680501e-03   3.1513211e-03
  -3.7713849e-01   4.4903863e-01   7.1343274e-01   1.2043406e-02  -4.5250839e-03   3.0794793e-03
  -5.4529117e-01   5.1634555e-01   6.2263858e-01   1.1818474e-02  -5.8003652e-03   2.7836661e-03
  -5.5958818e-01   3.5263706e-01   3.9140093e-01   1.2128140e-02  -5.7082042e-03   2.6385556e-03
  -5.3332749e-01   3.3119277e-01   4.2321113e-01   9.5925463e-03  -5.0939138e-03   2.0983404e-03
  -6.5900451e-01   6.5112688e-01   7.3817991e-01   1.3676018e-02  -6.2922883e-03   2.8803827e-03
  -5.0487431e-01   3.4186037e-01   4.0196574e-01   1.0996476e-02  -4.9360014e-03   3.6565663e-03
  -5.6935317e-01   5.9516196e-01   6.6580289e-01   1.3295925e-02  -5.7296654e-03   2.9286468e-03
  -5.6022842e-01   5.7038567e-01   7.3601291e-01   1.3464476e-02  -4.9336001e-03   1.4161575e-03
  -5.7113365e-01   3.5574044e-01   4.9945326e-01   8.4608258e-03  -5.2356492e-03   1.6356926e-03
  -4.9439174e-01   3.9248362e-01   5.2367418e-01   1.0072591e-02  -4.0156907e-03   1.8182385e-03
  -5.2124088e-01   6.6811754e-01   7.8642926e-01   1.3475529e-02  -4.0182003e-03   1.8760265e-03
  -4.8311292e-01   5.2404829e-01   4.9253980e-01   1.2568588e-02  -4.4866684e-03   3.3627134e-03
  -3.9858459e-01   4.1214025e-01   4.8531002e-01   1.1308087e-02  -3.3815899e-03   3.5063289e-03
  -4.1848768e-01   5.3062340e-01   6.1438179e-01   1.2569985e-02  -2.9522089e-03   2.9347466e-03
  -3.8383739e-01   5.5675627e-01   5.9099878e-01   1.4247935e-02  -2.8960220e-03   3.2975689e-03
  -4.9608246e-01   7.5728385e-01   8.1711811e-01   1.5160406e-02  -4.3737570e-03   3.5613977e-03
  -3.7877479e-01   4.7988135e-01   5.2166107e-01   1.4261937e-02  -3.0153164e-03   3.7191762e-03
  -5.2778525e-01   7.4262986e-01   8.3671431e-01   1.4886548e-02  -4.8796989e-03   4.4929827e-03
  -3.7852204e-01   4.0454907e-01   5.2528642e-01   1.2785603e-02  -3.5601546e-03   4.3966016e-03
  -3.5634234e-01   6.1015845e-01   6.0741877e-01   1.4686137e-02  -3.6556736e-03   4.0754273e-03
  -3.3584336e-01   6.0884785e-01   6.6915203e-01   1.5064481e-02  -3.4074598e-03   4.0818330e-03
  -3.9598892e-01   7.3626909e-01   6.6968677e-01   1.5809898e-02  -4.1182320e-03   4.9920901e-03
  -3.0793718e-01   4.8813967e-01   4.0446907e-01   1.3111205e-02  -3.4553382e-03   5.1082225e-03
  -4.0023600e-01   7.4471695e-01   8.7844674e-01   1.5315093e-02  -3.6546942e-03   5.5875752e-03
  -3.1333429e-01   4.8365575e-01   4.4804136e-01   1.3080139e-02  -2.8477431e-03   5.3106785e-03
  -4.1453333e-01   7.7598938e-01   8.9207913e-01   1.6660723e-02  -3.7131909e-03   5.6071287e-03
  -3.4383000e-01   5.8715922e-01   5.2941421e-01   1.5365745e-02  -3.0028669e-03   5.3004908e-03
  -3.1845422e-01   6.9990064e-01   8.1371265e-01   1.6911925e-02  -2.3759518e-03   4.7158492e-03
  -3.9138172e-01   6.8303531e-01   7.5148487e-01   1.7030590e-02  -3.9657211e-03   5.4720414e-03
  -2.8843024e-01   4.8500918e-01   5.6743837e-01   1.4517288e-02  -3.1867201e-03   5.0515980e-03
  -3.2696908e-01   6.3370805e-01   6.8920506e-01   1.5501158e-02  -3.3617968e-03   4.8439508e-03
  -2.7095967e-01   5.3725966e-01   5.5453624e-01   1.4722344e-02  -2.6766359e-03   5.7631765e-03
  -3.2401631e-01   8.6855493e-01   9.6380170e-01   1.5367701e-02  -3.2967713e-03   5.9251880e-03
  -2.9810366e-01   4.9519593e-01   6.0135544e-01   1.4675183e-02  -2.9996718e-03   5.8202893e-03
  -2.9332561e-01   5.9794997e-01   7.1828633e-01   1.4694476e-02  -3.2920338e-03   5.6678862e-03
  -2.2741997e-01   6.2301639e-01   7.2369345e-01   1.4225702e-02  -2.5165766e-03   6.9592059e-03
  -2.0021974e-01   4.3752992e-01   4.8603519e-01   1.3347578e-02  -2.0206620e-03   6.0900527e-03
  -2.0781269e-01   5.2107272e-01   4.9958818e-01   1.2941846e-02  -2.3116181e-03   6.3532767e-03
  -3.2888443e-01   6.6793504e-01   6.5052359e-01   1.4972093e-02  -2.5527729e-03   5.1140947e-03
  -3.0343899e-01   6.2749030e-01   4.5895635e-01   1.5626586e-02  -2.6798545e-03   6.4380439e-03
  -2.5840371e-01   6.4860118e-01   5.2405536e-01   1.7052941e-02  -2.2034132e-03   5.8046555e-03
  -3.6587995e-01   8.9947346e-01   7.7776689e-01   1.8272027e-02  -3.0758083e-03   6.2159587e-03
  -2.3736711e-01   5.5004065e-01   3.7974787e-01   1.4562623e-02  -1.6344373e-03   6.7465583e-03
  -3.8525579e-01   7.5205225e-01   8.1446551e-01   1.6393837e-02  -2.9349815e-03   5.0964818e-03
  -3.0959674e-01   5.4691724e-01   4.2398000e-01   1.3131076e-02  -2.7918624e-03   5.8994002e-03
  -3.6712621e-01   8.1959102e-01   8.4398714e-01   1.5991636e-02  -2.5923686e-03   5.8245912e-03
  -3.1251788e-01   5.2595395e-01   4.5333094e-01   1.3599734e-02  -2.0243906e-03   5.9229038e-03
  -2.5909690e-01   6.7450604e-01   6.5824460e-01   1.4538088e-02  -1.3784430e-03   5.9660239e-03
  -3.5692023e-01   8.5757211e-01   9.0202292e-01   1.9200691e-02  -1.0231050e-03   5.0470743e-03
  -2.8931278e-01   6.1999688e-01   5.8380555e-01   1.6869751e-02  -7.5308680e-04   6.0915749e-03
  -3.4485316e-01   8.0360395e-01   9.3986730e-01   1.7983511e-02  -1.2682636e-03   6.3921422e-03
  -2.8139718e-01   6.5559858e-01   5.2933042e-01   1.7058933e-02  -7.3379387e-04   5.6144395e-03
  -2.6475525e-01   6.0498858e-01   5.4291684e-01   1.6448638e-02  -6.2906814e-04   5.2807922e-03
  -3.7076506e-01   7.7754405e-01   7.7075425e-01   1.8419416e-02  -1.6344861e-03   4.8565218e-03
  -3.2118426e-01   8.2509715e-01   7.4583848e-01   1.9546389e-02   1.4854712e-04   3.7511976e-03
  -1.0137163e-01   8.0130174e-01   9.9232436e-01   1.7370893e-02   2.4816006e-03   4.9094684e-03
  -2.0681976e-01   6.7583769e-01   6.8910968e-01   1.5839933e-02   2.8838152e-04   4.1932430e-03
  -2.2034795e-01   7.1283168e-01   7.6091475e-01   1.6937229e-02   3.3228420e-04   3.4862670e-03
  -1.7355032e-01   7.4766799e-01   7.2352384e-01   1.5941301e-02  -1.4167647e-06   3.4065589e-03
  -2.1938048e-01   8.9057804e-01   1.0098099e+00   1.9665177e-02   5.2468896e-04   3.9654578e-03
  -2.5389057e-01   7.2104699e-01   6.5490348e-01   1.8698821e-02  -1.4568542e-04   3.7035649e-03
  -2.9898953e-01   8.6064690e-01   7.9706159e-01   2.0863321e-02  -6.7418687e-04   3.9133121e-03
  -3.2061696e-01   9.2374728e-01   6.9728177e-01   2.1081065e-02  -1.0806971e-03   3.2427097e-03
  -2.8422203e-01   7.9833841e-01   6.6842081e-01   1.9471251e-02  -8.4278304e-04   3.7491188e-03
  -3.5034755e-01   8.6954110e-01   6.7533975e-01   1.9972321e-02  -1.5103521e-03   3.5358840e-03
  -4.4135868e-01   1.0749593e+00   8.4743366e-01   2.1911167e-02  -1.9198453e-03   3.5529303e-03
  -3.2138787e-01   9.3320950e-01   6.5083683e-01   2.3830760e-02  -8.4503639e-04   2.5740604e-03
  -3.7789711e-01   1.1049065e+00   1.0596337e+00   2.5654966e-02  -1.9145669e-03   3.3998640e-03
  -3.7193886e-01   1.1617811e+00   1.0917230e+00   2.6875546e-02  -1.9084137e-03   2.9182583e-03
  -3.7923003e-01   9.8960721e-01   7.7450527e-01   2.6068880e-02  -1.6385125e-03   2.8900452e-03
  -3.2843485e-01   1.0038721e+00   8.6833147e-01   2.5143753e-02  -1.8929413e-03   3.0244128e-03
  -2.7325547e-01   1.0224675e+00   8.9236716e-01   2.4292921e-02  -1.0321399e-03   3.6259090e-03
  -2.8583670e-01   1.0580232e+00   9.9016079e-01   2.6670288e-02  -9.4131120e-04   3.2210630e-03
  -2.5982734e-01   1.0359330e+00   1.0394007e+00   2.3327618e-02  -5.9676695e-04   3.8097181e-03
  -1.1616251e-01   9.3511530e-01   9.2840503e-01   2.6138205e-02   1.1926810e-03   4.2089176e-03
  -2.8203694e-01   1.1400963e+00   9.8140658e-01   2.7074865e-02  -1.3808171e-04   4.1963170e-03
  -2.1464306e-01   9.5703395e-01   7.2734102e-01   2.3725555e-02   4.7852945e-04   2.7357427e-03
  -4.5145166e-01   1.2665754e+00   1.1324111e+00   2.6502588e-02  -1.2276975e-03   3.0058562e-03
  -3.9910558e-01   1.0072781e+00   6.2786693e-01   2.5775011e-02  -5.2629096e-04   1.3798896e-03
  -3.9353368e-01   1.0903561e+00   8.1584465e-01   2.6815266e-02  -5.6781827e-04   1.6119401e-03
  -3.0922632e-01   1.1402559e+00   1.1351220e+00   2.6876737e-02   6.9017535e-04   2.0577410e-03
  -3.1176206e-01   1.0585822e+00   1.0432970e+00   2.5457036e-02  -1.0625048e-04   2.2957369e-03
  -3.3473186e-01   1.1818916e+00   9.1415749e-01   2.8346834e-02  -5.1866585e-04   1.9928711e-03
  -3.2858276e-01   1.3528210e+00   1.2007211e+00   3.0324979e-02  -3.1256630e-04   1.7083390e-03
  -3.5540706e-01   1.1766962e+00   8.5989576e-01   3.0328747e-02  -8.1360423e-04   1.3750236e-03
  -3.9368999e-01   1.4534187e+00   1.4239731e+00   3.2127472e-02  -1.0973558e-03   1.5171793e-03
  -3.7461826e-01   1.1617908e+00   1.0146555e+00   3.1202897e-02  -1.4516976e-03   1.3395305e-03
  -3.4171874e-01   1.2255718e+00   9.8957917e-01   3.1582792e-02  -1.4503895e-03   1.0447821e-03
  -3.7169119e-01   1.3617933e+00   1.4631373e+00   3.3781026e-02  -1.5451829e-03   1.0318755e-03
  -3.2844733e-01   1.2439160e+00   1.1563736e+00   3.2896302e-02  -1.7320944e-03   3.6093567e-04
  -3.8925882e-01   1.4198177e+00   1.2294341e+00   3.3241107e-02  -2.1149546e-03   1.4033054e-03
  -2.6897185e-01   1.2385326e+00   9.4089452e-01   3.3120014e-02  -1.2925980e-03   1.0074055e-03
  -2.7698004e-01   1.3165507e+00   1.1981485e+00   3.2509006e-02  -5.4634712e-04   1.0231315e-03
  -2.1495490e-01   1.2766739e+00   1.0227605e+00   3.2339277e-02  -5.4895069e-04   1.2023999e-03
  -3.3650595e-01   1.5092669e+00   1.2618540e+00   3.3941359e-02  -1.9226518e-03   1.4763272e-03
  -2.3900782e-01   1.2487227e+00   8.9160444e-01   3.2901169e-02  -1.4649153e-03   2.6127923e-04
  -2.9925942e-01   1.3651966e+00   1.2351487e+00   3.3498898e-02  -1.5527994e-03   9.3044350e-04
  -1.7380584e-01   1.3336959e+00   1.0083624e+00   3.2834512e-02   6.5964202e-04   2.3109695e-03
  -1.7077903e-01   1.4880378e+00   1.4037972e+00   3.4021408e-02  -2.3752889e-04   2.6565813e-03
  -1.5040977e-02   1.2168209e+00   9.6964937e-01   3.1069407e-02   9.2055492e-04   2.4719078e-03
  -3.5242689e-02   1.2471487e+00   9.9964777e-01   3.0886154e-02   1.9898551e-05   2.4662982e-03
  -7.6750828e-02   1.2975295e+00   1.3273834e+00   3.1229404e-02  -6.0802559e-04   2.8601862e-03
  -3.7140473e-02   1.2195593e+00   1.0886137e+00   3.1288444e-02  -7.2657789e-04   3.0071871e-03
  -6.9282794e-02   1.3092819e+00   1.1136637e+00   3.2872904e-02  -1.4024820e-03   2.6307061e-03
  -2.3564513e-01   1.4581861e+00   1.4084226e+00   3.3390933e-02  -1.8830647e-03   3.2924062e-03
  -7.4706830e-02   1.1960843e+00   1.0167802e+00   3.2385226e-02  -7.0339203e-04   3.4244459e-03
  -6.6755725e-02   1.2356793e+00   1.1371524e+00   3.1978185e-02  -2.6615106e-04   2.5885553e-03
  -1.0914201e-01   1.3115605e+00   1.2568159e+00   3.2725429e-02  -7.6046520e-04   2.0817568e-03
  -1.1873520e-01   1.2878042e+00   1.1328586e+00   3.4007065e-02  -6.2102555e-04   1.4730741e-03
  -3.6409856e-01   1.5289359e+00   1.5142543e+00   3.5523578e-02  -2.6781061e-03   2.4731410e-03
  -2.2902448e-01   1.2678149e+00   1.0939097e+00   3.4950023e-02  -2.0188822e-03   2.4271482e-03
  -2.4394120e-01   1.4617563e+00   1.3956463e+00   3.5432288e-02  -2.2578674e-03   2.1121758e-03
  -2.5380638e-01   1.4376360e+00   1.3290634e+00   3.5465657e-02  -2.2202707e-03   1.7355054e-03
  -2.1352936e-01   1.3814503e+00   1.3141683e+00   3.5878531e-02  -1.7167729e-03   3.3267257e-04
  -3.2892659e-01   1.4377903e+00   1.3430020e+00   3.6209806e-02  -2.8106894e-03  -1.7343983e-04
  -3.6640701e-01   1.5520554e+00   1.4335988e+00   3.6791207e-02  -2.5825570e-03  -7.0543630e-04
  -3.0821463e-01   1.4061492e+00   1.0457091e+00   3.6350472e-02  -2.2061456e-03   1.8902300e-04
  -2.7589603e-01   1.5418995e+00   1.6855712e+00   3.6777046e-02  -1.0630784e-03  -5.6212459e-06
  -2.2885317e-01   1.3225031e+00   1.0243849e+00   3.4883584e-02  -1.6267254e-03   2.0882642e-05
  -3.5353318e-01   1.6678217e+00   1.6692753e+00   3.7348683e-02  -2.3699301e-03  -9.7680119e-05
  -2.1566133e-01   1.3240449e+00   9.6922993e-01   3.5854696e-02  -2.5467587e-03   1.3890549e-04
  -3.5738646e-01   1.6292287e+00   1.5979203e+00   3.7672714e-02  -2.3839371e-03  -1.2416101e-04
  -3.0885743e-01   1.3790351e+00   9.5187421e-01   3.5829783e-02  -2.8781113e-03  -5.0078472e-04
  -2.5348679e-01   1.5046611e+00   1.4879585e+00   3.6943867e-02  -1.6845669e-03  -4.4381263e-04
  -2.6927024e-01   1.5196813e+00   1.1082989e+00   3.7105046e-02  -2.1523942e-03  -9.4025048e-04
  -2.5034588e-01   1.5911037e+00   1.6689101e+00   3.8051342e-02  -1.1733707e-03  -3.1229816e-04
  -2.5669090e-01   1.5150521e+00   1.3399097e+00   3.7729428e-02  -5.5660843e-04  -1.3286310e-03
  -2.5975737e-01   1.4875714e+00   1.2642110e+00   3.8520298e-02  -9.5165213e-04  -9.8533853e-04
  -3.0876985e-01   1.6761156e+00   1.5603416e+00   3.9927825e-02  -1.3952636e-03  -7.8562970e-04
  -2.4045035e-01   1.4931830e+00   1.1258100e+00   3.8548503e-02  -7.2622930e-04  -1.1349184e-03
  -2.3267824e-01   1.5699129e+00   1.5117576e+00   3.8466596e-02  -6.3114280e-04  -6.6732201e-04
  -1.6855908e-01   1.5314712e+00   1.0241173e+00   3.6872974e-02  -1.4983177e-03  -5.0426054e-05
  -2.5752334e-01   1.6845463e+00   1.6138542e+00   3.8294075e-02  -1.5507899e-03   1.6957434e-04
  -1.8813164e-01   1.5153348e+00   1.2509211e+00   3.7732712e-02  -1.6616076e-03  -5.0418187e-04
  -2.1070870e-01   1.4951192e+00   1.1860368e+00   3.6663864e-02  -2.0502795e-03  -3.6777414e-04
  -2.7341631e-01   1.7349307e+00   1.6407584e+00   3.9181871e-02  -1.6883660e-03  -2.6218631e-04
  -2.0052119e-01   1.5054849e+00   1.1430328e+00   3.7214705e-02  -1.2457164e-03  -1.2451165e-03
  -2.6118573e-01   1.6820413e+00   1.6007641e+00   3.8906860e-02  -1.7644853e-03  -9.9006869e-04
  -1.8418723e-01   1.5242147e+00   1.2088042e+00   3.7352692e-02  -1.5654765e-03  -8.8214002e-04
  -2.7386241e-01   1.6377790e+00   1.5168810e+00   3.8968427e-02  -2.2248068e-03  -1.3062136e-03
  -2.1844168e-01   1.5333706e+00   1.1915836e+00   3.7799570e-02  -1.4284002e-03  -1.6216832e-03
  -2.5207140e-01   1.6355556e+00   1.5914632e+00   3.8546295e-02  -1.1666271e-03  -9.3793604e-04
  -2.0339357e-01   1.5628656e+00   1.1860626e+00   3.7976503e-02  -1.5160275e-03  -1.4886853e-03
  -1.9680483e-01   1.5841650e+00   1.6017778e+00   3.8331663e-02  -9.7937293e-04  -1.2080459e-03
  -2.6537216e-01   1.5614251e+00   1.4010957e+00   3.8293961e-02  -1.7580270e-03  -2.0782646e-03
  -4.7741050e-01   1.6647182e+00   1.8881604e+00   3.6501327e-02  -4.3314532e-03  -3.7528890e-03
  -3.6314475e-01   1.6224463e+00   8.4898584e-01   3.3854860e-02  -4.6515197e-03  -7.4968589e-03
  -1.4772634e-01   1.2745518e+00   7.5981069e-01   2.9934229e-02  -3.0664486e-03  -4.8005833e-03
  -1.9188059e-01   1.3959036e+00   8.3488616e-01   3.1073132e-02  -3.7782293e-03  -3.5021490e-03
  -2.3329291e-01   1.5534523e+00   1.1079573e+00   3.4954426e-02  -4.1982959e-03  -3.3236385e-03
  -2.0101478e-01   1.6423516e+00   1.0162587e+00   3.7470457e-02  -3.8173806e-03  -2.3241767e-03
  -2.3429416e-01   1.6582397e+00   1.2156225e+00   3.7719822e-02  -3.8891259e-03  -3.1189286e-03
  -2.9818619e-01   1.7160209e+00   1.2138849e+00   3.9095555e-02  -4.6719944e-03  -3.2852914e-03
  -2.2183091e-01   1.5746807e+00   1.1476608e+00   3.8943453e-02  -4.0959263e-03  -2.8437445e-03
  -2.8057072e-01   1.7402565e+00   1.2518141e+00   4.0099639e-02  -4.5769669e-03  -3.4200920e-03
  -2.3117093e-01   1.6458470e+00   1.1827124e+00   4.0266653e-02  -4.0265822e-03  -3.5719771e-03
  -4.0084743e-01   1.8559088e+00   1.3461539e+00   4.0997352e-02  -5.5523174e-03  -2.6125918e-03
  -3.0080177e-01   1.5341723e+00   1.0841533e+00   3.7707236e-02  -4.3540595e-03  -2.9496642e-03
  -2.6567133e-01   1.7317608e+00   1.2307593e+00   3.9633778e-02  -4.4236505e-03  -3.1956654e-03
  -2.8981477e-01   1.7666679e+00   1.2371365e+00   3.8640948e-02  -3.6571139e-03  -3.5977145e-03
  -2.9077807e-01   1.7238742e+00   1.1159718e+00   3.9061482e-02  -4.0797886e-03  -2.6346640e-03
  -2.4793109e-01   1.6842587e+00   1.0942444e+00   3.9328515e-02  -3.9539537e-03  -3.0920670e-03
  -3.7944627e-01   1.7922206e+00   1.4029392e+00   4.0239570e-02  -4.6077984e-03  -3.6002058e-03
  -2.6060763e-01   1.6426055e+00   1.1074198e+00   3.7913122e-02  -3.7924466e-03  -2.1955477e-03
  -2.0437662e-01   1.5960470e+00   1.0636052e+00   3.5609536e-02  -2.9777764e-03  -2.5574283e-03
  -1.9366168e-01   1.6162554e+00   1.0482950e+00   3.6045810e-02  -3.3935640e-03  -2.3487724e-03
  -1.7668888e-01   1.6721316e+00   9.8726097e-01   3.6603507e-02  -3.1640562e-03  -1.8123513e-03
  -2.0631339e-01   1.6887540e+00   1.2602933e+00   3.4627048e-02  -3.5223273e-03  -2.5032053e-04
  -2.5896348e-01   1.5343773e+00   9.8535332e-01   3.4056834e-02  -4.4013936e-03  -1.4614925e-03
  -1.9746059e-01   1.4889440e+00   9.6380374e-01   3.3059094e-02  -3.7672270e-03  -8.5823336e-04
  -1.2220761e-01   1.5779800e+00   1.1062490e+00   3.3762773e-02  -3.3737311e-03  -1.2077532e-03
  -2.3161012e-01   1.6771255e+00   1.0533604e+00   3.5877877e-02  -4.9825604e-03  -7.2224257e-04
  -3.1245050e-01   1.7407489e+00   1.1819398e+00   3.4022168e-02  -5.3635434e-03  -5.1116288e-04
  -1.7050474e-01   1.3751431e+00   7.6419326e-01   3.2731791e-02  -3.6373765e-03  -5.3267654e-05
  -1.6832045e-01   1.4919176e+00   8.3120257e-01   3.2351451e-02  -3.5611909e-03  -4.0119601e-04
  -2.3233591e-01   1.6575768e+00   9.3816866e-01   3.5677927e-02  -4.1831000e-03  -4.4711604e-04
  -2.7678669e-01   1.5355737e+00   9.3540523e-01   3.4265646e-02  -4.0888708e-03  -2.4463521e-03
  -3.7189779e-01   1.7328857e+00   9.9656215e-01   3.5452641e-02  -4.3299736e-03  -1.8221715e-03
  -2.6300856e-01   1.5588457e+00   9.4321205e-01   3.4876820e-02  -3.5428575e-03  -1.1488420e-03
  -2.7360777e-01   1.6476426e+00   1.0759730e+00   3.5692435e-02  -3.3291787e-03  -1.5379673e-03
  -3.6781731e-01   1.7052731e+00   1.0180524e+00   3.5445288e-02  -4.4003188e-03  -2.0179155e-03
  -2.4239468e-01   1.6145605e+00   1.1539006e+00   3.5891474e-02  -3.0070102e-03  -1.3660586e-03
  -4.0021187e-01   1.7834502e+00   1.2815284e+00   3.6787059e-02  -4.8248542e-03  -1.4704257e-03
  -2.7063911e-01   1.5039156e+00   9.4471394e-01   3.5597555e-02  -4.0203702e-03  -8.6075312e-04
  -2.8140684e-01   1.5447088e+00   1.0359828e+00   3.5532525e-02  -3.7450570e-03  -1.3824376e-03
  -3.0820068e-01   1.8443270e+00   1.2933448e+00   3.9075672e-02  -3.7005905e-03  -1.7279470e-03
  -2.8775139e-01   1.7701056e+00   1.1960955e+00   3.6715375e-02  -2.8210068e-03  -2.1578325e-03
  -8.8997315e-02   1.4460545e+00   9.1888447e-01   3.3705403e-02  -3.2771897e-04  -1.7348787e-03
  -2.5135521e-01   1.6985784e+00   1.2702846e+00   3.5566540e-02  -2.7600018e-03  -1.4255696e-03
  -2.2613937e-01   1.5205733e+00   1.0523344e+00   3.3758894e-02  -3.3065425e-03  -1.2182346e-03
  -2.0796106e-01   1.5404724e+00   9.6959960e-01   3.4157466e-02  -2.7965794e-03  -1.1239722e-03
  -2.3223809e-01   1.5685515e+00   1.0091761e+00   3.4783087e-02  -2.9783034e-03  -9.8381100e-04
  -2.5312689e-01   1.8509795e+00   1.2817676e+00   3.6335621e-02  -3.5248747e-03  -9.3395260e-04
  -1.2331843e-01   1.4958596e+00   1.0506143e+00   3.5488325e-02  -2.0216029e-03  -1.4926553e-03
  -1.4725480e-01   1.5854227e+00   9.6088557e-01   3.4988845e-02  -3.1100234e-03  -1.4063224e-03
  -2.3240495e-01   1.6325089e+00   1.2068386e+00   3.6995793e-02  -3.5517117e-03  -2.2383972e-03
  -2.6149985e-01   1.7009536e+00   1.3747307e+00   3.7474589e-02  -3.1020855e-03  -1.9665349e-03
  -2.4898149e-01   1.6431955e+00   1.0746833e+00   3.7584610e-02  -3.9657651e-03  -2.3624377e-03
  -2.7886305e-01   1.7449008e+00   1.3178860e+00   3.7580117e-02  -3.5722910e-03  -1.9119988e-03
  -3.2456634e-01   1.6051422e+00   1.1745847e+00   3.4267392e-02  -3.9751223e-03  -2.2486704e-03
  -2.4717874e-01   1.4217964e+00   9.5208549e-01   3.3455141e-02  -3.1088355e-03  -2.1421134e-03
  -2.8672424e-01   1.6638809e+00   1.3159016e+00   3.6390257e-02  -3.2826747e-03   1.2295028e-04
  -1.3938998e-01   1.5136325e+00   9.3782680e-01   3.3244814e-02  -2.0309559e-03  -4.4174209e-05
  -9.2068465e-02   1.5395735e+00   9.4477955e-01   3.3251827e-02  -2.2308115e-03  -2.2861030e-04
  -1.0782754e-01   1.5372256e+00   1.0347410e+00   3.4522973e-02  -2.7562697e-03  -3.6826604e-04
  -2.4332585e-01   1.7121765e+00   1.1420427e+00   3.6277679e-02  -3.4442459e-03  -5.1919374e-04
  -1.7021200e-01   1.5386848e+00   1.0045555e+00   3.5640351e-02  -3.1210459e-03  -1.2046600e-03
  -2.0577007e-01   1.5944609e+00   8.8631538e-01   3.4294319e-02  -3.5104272e-03  -1.1840797e-03
  -2.3991446e-01   1.7576982e+00   1.3487364e+00   3.6925193e-02  -3.8675228e-03  -3.1554224e-04
  -2.5656172e-01   1.6345137e+00   1.1622860e+00   3.3714030e-02  -3.8976160e-03  -3.4937363e-05
  -8.8988109e-02   1.3839969e+00   6.8286729e-01   2.9851481e-02  -2.4991792e-03  -3.4119454e-04
  -1.9544618e-01   1.6945412e+00   1.3503363e+00   3.4278583e-02  -2.6275690e-03  -1.7621966e-03
  -2.5181759e-01   1.5160818e+00   1.0463537e+00   3.5543579e-02  -3.4549304e-03  -1.4657610e-03
  -3.2963587e-01   1.7489292e+00   1.2611452e+00   3.5610126e-02  -3.5962143e-03  -1.1984756e-03
  -2.9842552e-01   1.3959690e+00   7.9655743e-01   3.0778238e-02  -2.9489207e-03  -2.0718701e-03
  -2.1457271e-01   1.5258491e+00   8.7843151e-01   3.2068399e-02  -2.4525641e-03  -1.7514022e-03
  -2.6927263e-01   1.6021290e+00   1.1457678e+00   3.1741528e-02  -3.3178045e-03  -1.8080095e-03
  -2.5553638e-01   1.4453405e+00   1.0051078e+00   2.9681621e-02  -2.9593245e-03  -2.1107956e-03
  -2.3770344e-01   1.4408460e+00   9.5046342e-01   3.2106277e-02  -3.2729827e-03  -1.0639119e-03
  -3.3068136e-01   1.6764949e+00   1.1091468e+00   3.3969109e-02  -3.7353443e-03  -1.0603284e-03
  -2.3748873e-01   1.4201287e+00   8.1418530e-01   3.1161635e-02  -2.8969898e-03  -7.6882989e-04
  -2.0340127e-01   1.5662726e+00   1.0557417e+00   3.3567551e-02  -2.5858764e-03  -9.7987960e-05
  -1.9900400e-01   1.5082581e+00   9.1429906e-01   3.2357098e-02  -1.7210792e-03  -3.3049929e-04
  -2.3947937e-01   1.6708343e+00   1.1229678e+00   3.4514998e-02  -1.9782727e-03   1.9160743e-04
  -2.6813273e-01   1.6040353e+00   1.0248493e+00   3.5474437e-02  -2.2646775e-03  -1.0101429e-03
  -3.3029648e-01   1.7018369e+00   1.1231489e+00   3.4152069e-02  -2.8109536e-03  -1.4942849e-03
  -3.2724852e-01   1.5121038e+00   8.3515278e-01   3.2959030e-02  -2.8551541e-03  -1.8225030e-03
  -2.6649798e-01   1.6146999e+00   1.1820499e+00   3.4154095e-02  -2.2696381e-03  -1.7849938e-03
  -3.1154343e-01   1.6207476e+00   1.0473935e+00   3.5455142e-02  -3.4034216e-03  -2.0766337e-03
  -4.3063622e-01   1.8158447e+00   1.3940177e+00   3.6444484e-02  -4.4740102e-03  -1.1747043e-03
  -3.1706080e-01   1.4848159e+00   8.4966706e-01   3.3146564e-02  -3.4749299e-03  -1.7546931e-03
  -2.3755720e-01   1.6996880e+00   1.1450257e+00   3.4767639e-02  -2.8302583e-03  -2.4608551e-04
  -1.2322442e-01   1.5705548e+00   1.1568065e+00   3.3854098e-02  -1.1296693e-03  -5.8628539e-04
  -1.5339464e-01   1.5739777e+00   1.0069537e+00   3.4395248e-02  -2.3250468e-03  -7.1621727e-04
  -3.1373999e-01   1.7847938e+00   1.2780867e+00   3.5542037e-02  -3.8389112e-03  -9.4426551e-04
  -1.5000618e-01   1.4371018e+00   8.5589196e-01   3.1878935e-02  -1.9452486e-03  -1.0122209e-03
  -1.4346048e-01   1.5812934e+00   1.0245508e+00   3.3234549e-02  -2.4368511e-03  -9.3694586e-04
  -8.2117486e-02   1.4665040e+00   8.1813364e-01   3.2162273e-02  -1.1050062e-03  -1.5241881e-03
  -1.6676373e-01   1.7868864e+00   1.3746735e+00   3.1985778e-02  -1.1365537e-03  -2.9593407e-03
  -2.2078550e-01   1.3393484e+00   8.4050137e-01   2.8511054e-02  -1.9746937e-03  -3.5720182e-03
  -1.9667902e-01   1.3407378e+00   8.8864320e-01   2.8778959e-02  -1.4733514e-03  -3.1776960e-03
  -3.0822809e-01   1.6920261e+00   1.1823931e+00   3.2961281e-02  -2.9105085e-03  -2.6201497e-03
  -2.0775350e-01   1.4721806e+00   8.2163713e-01   3.1931482e-02  -2.3623296e-03  -2.9001271e-03
  -2.1315803e-01   1.6308085e+00   1.0363777e+00   3.3199023e-02  -2.3153285e-03  -2.7269529e-03
  -2.2206989e-01   1.6232432e+00   1.0265117e+00   3.3085488e-02  -2.4863048e-03  -2.1032008e-03
  -2.5528307e-01   1.6832968e+00   1.1366813e+00   3.4355748e-02  -2.7848827e-03  -2.2695987e-03
  -1.4484553e-01   1.5673406e+00   8.9790289e-01   3.3109559e-02  -1.9848149e-03  -1.6395994e-03
  -3.5726877e-01   1.8921091e+00   1.4431284e+00   3.4062153e-02  -3.7914485e-03  -1.8511968e-03
  -2.2908702e-01   1.4628852e+00   9.5071209e-01   3.2596062e-02  -2.4688073e-03  -2.3405457e-03
  -1.8417084e-01   1.5408953e+00   8.4302377e-01   3.1217166e-02  -1.9031299e-03  -1.5361848e-03
  -2.5004597e-01   1.6968188e+00   1.3464709e+00   3.3872591e-02  -2.0839635e-03  -2.1259170e-03
  -1.6764337e-01   1.4875101e+00   9.5516083e-01   3.0899663e-02  -1.0862199e-03  -1.3859897e-03
  -1.8285107e-01   1.5639460e+00   1.1420826e+00   3.1286260e-02  -1.4820499e-03  -1.2703419e-03
  -2.3534318e-01   1.6387290e+00   1.0469050e+00   3.3798851e-02  -2.3918469e-03  -1.5042831e-03
  -1.7389690e-01   1.5624703e+00   9.6926796e-01   3.2663555e-02  -2.5688646e-03  -1.5437704e-03
  -2.1006447e-01   1.7158225e+00   1.1279388e+00   3.2738206e-02  -2.6847459e-03  -2.1850208e-03
  -3.4892037e-01   1.6226588e+00   1.4173608e+00   3.2379592e-02  -3.6368249e-03  -2.5183151e-03
  -2.1400904e-01   1.3340180e+00   1.0132138e+00   2.8790304e-02  -2.2837829e-03  -2.6985226e-03
  -2.6492274e-01   1.5982604e+00   1.2084722e+00   3.1664589e-02  -2.6094236e-03  -3.2216447e-03
  -2.7735430e-01   1.6609626e+00   1.2291900e+00   3.3848744e-02  -3.0237699e-03  -2.9738868e-03
  -2.4210872e-01   1.5557632e+00   1.2292626e+00   3.1963843e-02  -2.5991407e-03  -2.4770749e-03
  -2.7328686e-01   1.7095552e+00   1.4251757e+00   3.5126614e-02  -2.1704630e-03  -2.8488033e-03
  -2.0476610e-01   1.5790548e+00   1.1279798e+00   3.4756987e-02  -2.5848454e-03  -2.8362603e-03
  -3.4829089e-01   1.6239190e+00   1.2583367e+00   3.4459465e-02  -3.1072413e-03  -4.7253619e-03
  -5.4290815e-01   1.6973690e+00   1.2952810e+00   3.4411961e-02  -4.0744027e-03  -4.6331886e-03
  -3.7197082e-01   1.5370144e+00   9.9072934e-01   3.1767147e-02  -2.9107730e-03  -3.6450345e-03
  -4.5247298e-01   1.7222756e+00   1.2161975e+00   3.5068838e-02  -4.5145685e-03  -1.9705347e-03
  -2.9352165e-01   1.5914273e+00   1.1721935e+00   3.3689753e-02  -2.8208647e-03  -2.6411785e-03
  -3.8024364e-01   1.8035278e+00   1.3887628e+00   3.6560945e-02  -3.6678298e-03  -3.1207486e-03
  -3.2961570e-01   1.5734524e+00   1.0191462e+00   3.4399224e-02  -3.0505567e-03  -2.7646154e-03
  -3.6014109e-01   1.7386904e+00   1.4824140e+00   3.5185246e-02  -2.8411290e-03  -2.9171274e-03
  -3.5257332e-01   1.5858209e+00   1.2416281e+00   3.4265647e-02  -3.2241034e-03  -2.8018203e-03
  -4.9341770e-01   1.9456765e+00   1.3509662e+00   3.7768773e-02  -4.7539195e-03  -4.3910272e-03
  -1.8008123e-01   1.5544698e+00   7.6688573e-01   3.2695134e-02  -1.7195985e-03  -2.0789516e-03
  -2.3551984e-01   1.7620172e+00   1.3106722e+00   3.4608893e-02  -2.7124830e-03  -1.9506111e-03
  -1.4043608e-01   1.6327050e+00   1.2761580e+00   3.3609806e-02  -1.3447012e-03  -1.5663676e-03
  -1.9211128e-01   1.6887898e+00   1.2465479e+00   3.6445906e-02  -1.9650132e-03  -1.9820104e-03
  -3.1828968e-01   1.8085519e+00   1.3010122e+00   3.6532258e-02  -2.7018619e-03  -1.7672974e-03
  -2.7601411e-01   1.5576677e+00   1.1313765e+00   3.5020294e-02  -2.2990256e-03  -2.3305857e-03
  -3.5358169e-01   1.7815863e+00   1.3838761e+00   3.6776861e-02  -2.6806238e-03  -1.5701449e-03
  -2.5150384e-01   1.5049491e+00   1.0881806e+00   3.4141953e-02  -1.0611825e-03  -2.4372810e-03
  -3.8122699e-01   1.8372729e+00   1.5737286e+00   3.6279497e-02  -2.6162166e-03  -8.5227478e-04
  -2.5535122e-01   1.5291733e+00   1.0700071e+00   3.4157110e-02  -2.5010962e-03  -2.0168150e-03
  -2.9071025e-01   1.6445232e+00   1.2389561e+00   3.4381703e-02  -3.0166097e-03  -1.5416860e-03
  -3.7662602e-01   1.7327810e+00   1.2624629e+00   3.4772587e-02  -3.9337073e-03  -7.5984928e-04
  -2.7271755e-01   1.4861880e+00   9.7466878e-01   3.2036840e-02  -2.6090807e-03  -1.1839130e-03
  -4.5378314e-01   1.8466125e+00   1.4338183e+00   3.5484870e-02  -3.7764717e-03  -8.3073678e-04
  -3.8549007e-01   1.4933024e+00   1.1781392e+00   3.3444260e-02  -3.3674327e-03  -3.8208549e-04
  -4.1809149e-01   1.6899193e+00   1.1590573e+00   3.4826515e-02  -3.5252995e-03  -4.3177222e-04
  -3.7092022e-01   1.5512079e+00   9.9296159e-01   3.3308741e-02  -3.8464463e-03   2.6363074e-04
  -2.6740189e-01   1.6000015e+00   1.1246744e+00   3.3461093e-02  -3.0688429e-03   1.4902277e-03
  -3.0856771e-01   1.6117744e+00   9.1627933e-01   3.3387000e-02  -3.4151911e-03   8.5101611e-04
  -3.7393953e-01   1.7675825e+00   1.2817058e+00   3.5755659e-02  -3.9553324e-03   4.7526430e-04
  -5.7554205e-01   2.1655873e+00   1.5809027e+00   3.6509829e-02  -4.8719917e-03   3.2266956e-04
  -3.1419424e-01   1.2729456e+00   4.4209559e-01   2.5056586e-02  -4.0503497e-03   6.5074998e-04
  -2.0962042e-01   1.1762012e+00   4.2349447e-01   2.3392672e-02  -4.1880200e-03  -5.7502077e-04
  -2.8338672e-01   1.2907404e+00   8.3451797e-01   2.4692816e-02  -4.5932952e-03  -5.5100384e-04
  -2.2788006e-01   1.2033453e+00   6.5396730e-01   2.3105062e-02  -3.9336570e-03   3.4323686e-04
  -2.0905626e-01   1.1836023e+00   5.1135846e-01   2.2733608e-02  -4.1938133e-03   1.5746923e-03
  -3.1368364e-01   1.3637216e+00   7.8381108e-01   2.6417619e-02  -3.8736367e-03   2.0582833e-03
  -3.8115818e-01   1.2589336e+00   5.6336784e-01   2.3703441e-02  -4.0921013e-03   1.9900257e-03
  -3.3943079e-01   1.2242395e+00   4.6682137e-01   2.2999787e-02  -4.2009283e-03   2.1864008e-03
  -4.4558468e-01   1.4122564e+00   6.4448840e-01   2.5878891e-02  -5.4519099e-03   3.0168316e-03
  -3.5414697e-01   1.3407077e+00   6.3409028e-01   2.5062922e-02  -4.3263233e-03   3.0904319e-03
  -3.8956280e-01   1.3794053e+00   7.7410924e-01   2.5616776e-02  -4.2410347e-03   2.9634554e-03
  -3.9543220e-01   1.3914467e+00   7.4789022e-01   2.6685721e-02  -4.6924506e-03   3.9195355e-03
  -4.1141776e-01   1.4643110e+00   7.4765328e-01   2.9273604e-02  -5.5396769e-03   2.7047980e-03
  -5.7543082e-01   1.5968443e+00   9.3454197e-01   2.8891827e-02  -6.6969533e-03   1.7890025e-03
  -5.3115866e-01   1.4721781e+00   7.9843887e-01   2.9429720e-02  -6.2593467e-03   2.3905634e-03
  -6.0800869e-01   1.5132490e+00   6.8822723e-01   2.8816533e-02  -7.0541830e-03   1.7499425e-03
  -4.8451979e-01   1.4936836e+00   8.5615900e-01   2.8682888e-02  -6.1441919e-03   2.1789987e-03
  -5.4642523e-01   1.4319481e+00   6.6904537e-01   2.7884173e-02  -6.7260739e-03   1.8034494e-03
  -5.3486383e-01   1.4446332e+00   7.4139095e-01   2.7781073e-02  -7.0488539e-03   2.2608195e-03
  -5.2668837e-01   1.4981785e+00   7.9554149e-01   2.7245081e-02  -6.5681087e-03   7.6934596e-04
  -5.0741437e-01   1.3910272e+00   7.5504524e-01   2.7652849e-02  -6.6217589e-03   1.4574141e-03
  -5.6921726e-01   1.5186704e+00   7.4298665e-01   2.8216957e-02  -7.3525920e-03   2.0936760e-03
  -5.1659347e-01   1.3570352e+00   4.9638305e-01   2.6543161e-02  -7.2439713e-03   2.5113171e-03
  -5.4817582e-01   1.5032175e+00   7.9501034e-01   2.7644234e-02  -7.2150595e-03   2.0134801e-03
  -5.8303936e-01   1.6039981e+00   9.6098583e-01   2.9587419e-02  -7.1112728e-03   1.9320747e-03
  -5.1134379e-01   1.3783291e+00   5.7395471e-01   2.7037231e-02  -6.3850506e-03   2.3418721e-03
  -6.1610680e-01   1.7052483e+00   1.0173681e+00   2.9596657e-02  -7.2422958e-03   2.2216112e-03
  -5.6947643e-01   1.3540142e+00   6.1863779e-01   2.7686514e-02  -7.2523531e-03   1.0840948e-03
  -6.4275035e-01   1.6732373e+00   9.7885358e-01   2.9436141e-02  -7.7478443e-03   4.9006954e-04
  -4.2549222e-01   1.2596174e+00   3.8648131e-01   2.3642313e-02  -5.2107235e-03   5.1929752e-04
  -5.2025783e-01   1.5060756e+00   9.4825168e-01   2.8532624e-02  -6.3261117e-03   8.9669695e-04
  -5.2574284e-01   1.3849697e+00   6.5342626e-01   2.6890718e-02  -6.3769882e-03   3.9912302e-04
  -6.7062186e-01   1.6025493e+00   1.0809385e+00   2.8653238e-02  -7.0851984e-03  -2.8819752e-04
  -6.8594939e-01   1.2929304e+00   6.4804467e-01   2.6990146e-02  -7.4951890e-03  -1.6915754e-03
  -8.1339635e-01   1.6192897e+00   1.0497373e+00   2.9583280e-02  -8.4102614e-03  -1.9792368e-03
  -7.2419621e-01   1.2812441e+00   4.9766219e-01   2.4805659e-02  -8.5126974e-03  -2.4146763e-03
  -7.9480051e-01   1.5797458e+00   9.8602900e-01   2.9708480e-02  -9.6694913e-03  -1.2138039e-03
  -7.1263255e-01   1.5098682e+00   9.0022963e-01   3.0997769e-02  -8.2637027e-03  -6.9115736e-04
  -8.7695337e-01   1.5341934e+00   9.2266091e-01   2.9790140e-02  -9.0842349e-03  -2.0772700e-03
  -7.7908569e-01   1.5794088e+00   1.0987813e+00   3.1604196e-02  -8.5072029e-03  -1.1016740e-03
  -7.3012502e-01   1.4073504e+00   7.1919863e-01   2.8353602e-02  -7.8731072e-03  -1.4425816e-03
  -7.6209624e-01   1.5912955e+00   8.9307796e-01   3.2514549e-02  -8.7775458e-03  -1.3818159e-03
  -7.7674137e-01   1.5157795e+00   8.9041290e-01   3.0933078e-02  -8.2855033e-03  -1.4745951e-03
  -7.8327102e-01   1.4835925e+00   9.7247121e-01   3.0871812e-02  -8.4996258e-03  -5.7759752e-04
  -8.5327210e-01   1.6776591e+00   1.2091198e+00   3.0822571e-02  -9.2408314e-03  -8.0273473e-04
  -8.2996006e-01   1.3428732e+00   6.8959840e-01   2.8200482e-02  -9.8340968e-03  -1.8027786e-03
  -7.7906722e-01   1.5280217e+00   1.0059505e+00   2.9691336e-02  -8.9955448e-03  -1.3613017e-03
  -8.5092967e-01   1.5353442e+00   8.7771605e-01   3.1019698e-02  -9.1466327e-03  -1.6584201e-03
  -8.0658117e-01   1.4259857e+00   6.7999985e-01   2.7991889e-02  -8.9723507e-03  -1.3141752e-03
