   0.0000000e+00   0.0000000e+00  -1.4210855e-14   0.0000000e+00   0.0000000e+00   0.0000000e+00
   7.7123289e-03  -1.2611283e-01   3.0503616e-01  -1.0141194e-03  -1.8688555e-04   1.7008194e-04
   5.2407441e-02  -2.0613160e-02  -4.7247106e-02   1.3822824e-05   1.2727808e-05   8.9074023e-05
   6.1543696e-02  -2.5623850e-01   3.7260050e-01  -3.0717194e-03   1.0039453e-04   3.0725429e-04
   1.2724732e-01  -1.5451946e-01  -5.0868224e-02  -1.8241952e-03   6.3176257e-04  -4.1234167e-04
   1.4540018e-01  -6.2404714e-02   3.9561785e-01  -4.7444808e-04   9.7776640e-04  -2.8364897e-04
   1.7051288e-01  -3.4367371e-01  -2.2007419e-02  -3.1005785e-03   1.0159942e-03  -6.7052302e-04
   1.9240868e-01  -8.4661004e-02   2.9220447e-01  -5.0731180e-05   1.0423291e-03  -5.7442275e-04
   1.3431625e-01  -3.8945038e-01   1.9428329e-01  -3.3106579e-03   4.1439535e-04  -3.1836726e-04
   1.8544900e-01  -1.2590266e-01   1.1874656e-01  -3.2354814e-04   1.1216049e-03  -4.2052345e-04
   1.9263247e-01  -3.7564554e-01   3.3626336e-01  -4.1199195e-03   1.2891075e-03  -6.5804971e-04
   2.2398262e-01  -1.8191559e-01  -7.7002663e-02  -1.6044033e-03   1.1481985e-03  -7.3913215e-04
   1.8341589e-01  -3.5558752e-01   4.5290821e-01  -4.0873520e-03   9.4495560e-04  -3.4139841e-04
   2.7368503e-01  -3.8778419e-01   2.5540831e-02  -3.5417532e-03   1.8195873e-03  -9.5915377e-04
   2.8198959e-01  -2.3655668e-01   3.6629226e-01  -2.0258236e-03   1.8314868e-03  -6.2313648e-04
   2.7956612e-01  -4.3503240e-01  -3.4534013e-02  -3.9695356e-03   1.6823264e-03  -1.0985099e-03
   2.9187959e-01  -2.0708113e-01   4.1239907e-01  -2.4077422e-03   2.2333085e-03  -4.9024734e-04
   2.9695195e-01  -4.6334014e-01  -3.1018745e-02  -5.4366283e-03   1.9133935e-03  -1.3627492e-03
   2.6370003e-01  -2.1180525e-01   3.3960346e-01  -3.0975012e-03   1.8537887e-03  -9.2119547e-04
   2.4791980e-01  -4.1078064e-01   1.5199811e-01  -5.4243735e-03   1.0665825e-03  -1.0842804e-03
   2.9624444e-01  -2.0643034e-01   1.2966765e-01  -3.1919258e-03   1.7984325e-03  -1.3224369e-03
   2.5734339e-01  -4.5072413e-01   3.3474207e-01  -5.3128132e-03   1.3538627e-03  -6.0758647e-04
   3.8078219e-01  -2.1849536e-01   1.0804805e-01  -3.7593733e-03   2.4957852e-03  -1.3589411e-03
   3.4342237e-01  -2.3507379e-01   4.3242937e-01  -3.9806732e-03   2.0593095e-03  -9.9927019e-04
   3.1360968e-01  -2.2397890e-01   1.0580114e-02  -2.7210392e-03   1.3022545e-03  -1.0027360e-03
   2.9350132e-01  -3.7577399e-01   4.0256528e-01  -4.9623016e-03   1.4801995e-03  -1.1113813e-03
   2.9706659e-01  -3.6991750e-01   5.9330695e-02  -4.2414607e-03   1.3105167e-03  -7.1118067e-04
   4.3383712e-01  -4.4711184e-01   3.8774237e-01  -5.8360628e-03   2.9041310e-03  -1.7774267e-03
   3.4948193e-01  -4.1439508e-01   2.6780241e-01  -5.7320832e-03   2.2443810e-03  -1.4913149e-03
   3.8458829e-01  -2.9134028e-01   1.6414864e-01  -4.0898032e-03   2.5155035e-03  -1.6329520e-03
   4.3950160e-01  -2.6682188e-01   4.5320918e-01  -3.5546094e-03   2.8028205e-03  -1.2793868e-03
   4.3549436e-01  -3.2067740e-01   2.0934451e-02  -4.5235300e-03   2.6487750e-03  -1.5318987e-03
   4.1173948e-01  -2.9792519e-01   5.0248366e-01  -4.4529585e-03   2.3027506e-03  -1.3196589e-03
   4.4530915e-01  -3.8411206e-01   5.5188451e-02  -4.7165808e-03   2.7006951e-03  -1.3893416e-03
   4.6880986e-01  -2.8404322e-01   4.3455786e-01  -4.3248190e-03   2.8689882e-03  -1.4088686e-03
   4.2369014e-01  -5.3861203e-01   1.6364334e-01  -6.6652261e-03   2.1058963e-03  -1.4456384e-03
   4.0365387e-01  -2.7011209e-01   3.9325725e-01  -3.6813395e-03   2.0847755e-03  -1.5217519e-03
   3.8075527e-01  -4.3725124e-01   1.1759083e-01  -4.6596576e-03   1.8073458e-03  -1.5180801e-03
   3.7069699e-01  -3.1804854e-01   3.9906208e-01  -4.4950303e-03   1.8632901e-03  -1.7867209e-03
   3.7138523e-01  -4.2564758e-01   7.1830017e-02  -5.2066092e-03   1.9412319e-03  -1.6030681e-03
   3.3410574e-01  -2.3338689e-01   5.0090530e-01  -3.8613432e-03   1.6343650e-03  -1.5099895e-03
   3.3219665e-01  -3.6590061e-01   1.5462265e-01  -5.4249556e-03   1.8298382e-03  -2.2118877e-03
   2.5883409e-01  -5.7874614e-02   3.9070954e-01  -2.1098508e-03   1.0683267e-03  -1.0831504e-03
   2.6079837e-01  -4.4070157e-01   2.4389862e-01  -5.9737957e-03   1.0071814e-03  -1.0219301e-03
   3.4303452e-01  -2.7908114e-01   3.7667347e-01  -3.7689225e-03   2.1499225e-03  -1.6638938e-03
   2.9473366e-01  -5.3986118e-01   2.5581208e-01  -6.6856613e-03   9.7900826e-04  -1.7523113e-03
   3.3079513e-01  -3.2698210e-01   4.1291006e-01  -4.5509896e-03   1.6367012e-03  -1.6421606e-03
   3.2479901e-01  -4.8302100e-01   2.5305198e-01  -6.9719389e-03   1.3635955e-03  -2.4023953e-03
   2.9616534e-01  -2.1743227e-01   3.8006679e-01  -3.8536862e-03   1.0485979e-03  -1.9418373e-03
   2.8365749e-01  -4.5527961e-01   2.0180179e-01  -6.0033004e-03   9.4624751e-04  -1.9884001e-03
   3.1206527e-01  -2.7483520e-01   2.8801604e-01  -4.9034930e-03   1.8635508e-03  -2.2722288e-03
   2.7764824e-01  -4.9129507e-01   3.8914515e-01  -6.2587353e-03   1.4163738e-03  -2.5780253e-03
   2.7827810e-01  -4.2576903e-01   1.9853208e-01  -5.7207887e-03   1.2458799e-03  -2.4303562e-03
   2.5724681e-01  -3.6625842e-01   5.3028830e-01  -5.3787206e-03   1.5588089e-03  -2.0936956e-03
   2.4671361e-01  -5.3839749e-01   3.0701947e-01  -6.2795176e-03   9.8272353e-04  -2.8238158e-03
   1.7577226e-01  -3.0786741e-01   4.8981670e-01  -3.9691436e-03   4.2683071e-04  -2.5170703e-03
   2.4513284e-01  -4.9345970e-01   1.6244569e-01  -5.6876765e-03   9.5981968e-04  -3.0541073e-03
   2.3902734e-01  -2.4292236e-01   4.9911051e-01  -3.9659070e-03   8.1936050e-04  -2.9079210e-03
   2.5424504e-01  -4.9704665e-01   2.6484891e-01  -6.1665012e-03   3.2471689e-04  -3.1701858e-03
   1.8561163e-01  -2.5420550e-01   4.4453484e-01  -3.8714109e-03  -2.2201135e-04  -2.5807699e-03
   2.4503112e-01  -3.8303896e-01   1.2400934e-01  -5.4520484e-03   4.1078427e-04  -2.8324396e-03
   1.4514798e-01  -3.0794650e-01   4.0549080e-01  -4.1963146e-03  -6.4047273e-04  -2.7920187e-03
   2.3290519e-01  -5.1877295e-01   6.4087611e-02  -5.7509954e-03   2.0148306e-04  -2.9088921e-03
   1.6181890e-01  -3.3240493e-01   3.7664244e-01  -4.4727518e-03  -6.2434618e-04  -2.8578784e-03
   2.2120757e-01  -5.4178848e-01   1.4587497e-01  -6.4000848e-03  -2.1101995e-04  -3.3131886e-03
   1.6268249e-01  -2.5757699e-01   3.3096799e-01  -3.5245830e-03  -8.9517931e-04  -2.9765550e-03
   1.7889838e-01  -4.2534499e-01   1.1482086e-01  -5.4156809e-03  -8.8083264e-04  -2.8997001e-03
   2.2374359e-01  -2.7330019e-01   2.8870224e-01  -4.1970281e-03  -1.0008624e-04  -2.8312332e-03
   1.9114048e-01  -4.1885260e-01   3.4305406e-01  -5.6388563e-03  -7.0852915e-04  -2.7257072e-03
   2.4274585e-01  -2.6969651e-01   6.7469816e-02  -4.2564132e-03  -2.1058427e-04  -3.4584000e-03
   1.1880782e-01  -3.6303704e-01   5.0944103e-01  -5.1675787e-03  -1.4324105e-03  -2.9630452e-03
   1.7781069e-01  -2.3529405e-01   8.8960933e-02  -3.1255249e-03  -1.1938231e-03  -2.3708415e-03
   1.5889642e-01  -3.9740587e-01   3.8845601e-01  -5.8116653e-03  -1.1705920e-03  -2.8764030e-03
   1.9802976e-01  -2.0121971e-01   1.3391399e-01  -2.9391211e-03  -6.8962411e-04  -2.4171587e-03
   1.7294808e-01  -4.6131586e-01   3.6603672e-01  -6.2241608e-03  -1.0947271e-03  -3.1625913e-03
   2.4359206e-01  -2.6973004e-01   2.8178733e-01  -4.0180744e-03  -2.5375711e-04  -3.1324067e-03
   1.5722096e-01  -3.3537774e-01   4.9756136e-01  -4.2937566e-03  -9.5940877e-04  -2.6243320e-03
   1.7749922e-01  -1.6974873e-01   1.0181353e-01  -2.7764692e-03  -7.6279859e-04  -2.2031428e-03
   1.5176840e-01  -3.5842731e-01   3.6635384e-01  -5.8034818e-03  -1.1415328e-03  -2.6760555e-03
   1.6351066e-01  -1.7157732e-01   1.8982257e-01  -2.4383343e-03  -8.9539968e-04  -2.2861760e-03
   1.7687663e-01  -4.0244117e-01   3.7289384e-01  -5.2055654e-03  -6.1975624e-04  -2.3546740e-03
   2.2602203e-01  -4.5025830e-01   5.0645622e-01  -5.7638004e-03   1.3356344e-04  -3.0324398e-03
   1.6207227e-01  -3.7601215e-01  -1.3832079e-01  -3.6339373e-03  -1.3410339e-03  -3.6316629e-03
   1.5392452e-01  -2.7642953e-01   6.6654596e-02  -4.3683409e-03  -1.4559082e-03  -3.5974226e-03
   1.6109175e-01  -1.9944795e-01   2.5433321e-01  -4.3161412e-03  -1.1631891e-03  -3.4110802e-03
   1.5937767e-01  -4.4473088e-01   1.7231752e-01  -6.5623058e-03  -1.3653610e-03  -3.3275142e-03
   1.3952201e-01  -1.2592512e-01   2.8822353e-01  -3.5377888e-03  -1.5188422e-03  -2.6476770e-03
   1.4152611e-01  -3.6914430e-01   7.0631214e-02  -5.7361381e-03  -1.6905117e-03  -2.8318934e-03
   4.6276445e-02  -1.8555420e-01   2.7288797e-01  -4.3150798e-03  -2.2342246e-03  -2.4123869e-03
   8.8171297e-02  -2.5573677e-01   1.4929663e-03  -4.8504125e-03  -2.1489644e-03  -2.2145588e-03
   1.2829359e-01  -4.0593142e-01   3.7155547e-01  -5.7253837e-03  -1.8036709e-03  -2.8926495e-03
   1.8205212e-01  -2.8930808e-01   1.2712805e-01  -3.6389704e-03  -1.1924934e-03  -2.8683790e-03
   1.2487772e-01  -2.9501856e-01   5.2280579e-01  -4.0885507e-03  -1.8219129e-03  -2.8149346e-03
   1.4750703e-01  -2.0716715e-01   5.1409631e-02  -2.8098022e-03  -1.6493978e-03  -2.2973296e-03
   1.2554555e-01  -3.5230575e-01   2.7099965e-01  -4.6429080e-03  -1.9248952e-03  -2.3897340e-03
   1.4474517e-01  -2.0180087e-01   2.7795040e-01  -3.1361543e-03  -1.7352752e-03  -2.8731027e-03
   1.4121235e-01  -2.7934764e-01   3.8177752e-01  -2.9972750e-03  -1.3844704e-03  -2.0004047e-03
   1.6104520e-01  -2.7592535e-01   6.6356733e-02  -3.5694439e-03  -1.4151194e-03  -2.8095884e-03
   1.2704872e-01  -1.0326101e-01   3.8383401e-01  -2.9678619e-03  -1.7263102e-03  -2.7834931e-03
   1.1603675e-01  -2.7518065e-01   7.5849069e-02  -4.1508178e-03  -1.9419006e-03  -2.6266077e-03
   1.4606555e-01  -1.5972254e-01   1.6674482e-01  -3.9165803e-03  -1.8120105e-03  -2.9037951e-03
   1.1892767e-01  -2.5890836e-01   2.7314835e-01  -4.2313955e-03  -2.0277289e-03  -3.1558206e-03
   1.2215661e-01  -2.3725773e-01   1.4094326e-01  -4.3158280e-03  -2.5388188e-03  -3.5470123e-03
   1.2982448e-01  -3.1368649e-01   3.7799813e-01  -5.1630291e-03  -2.1597738e-03  -3.3998783e-03
   1.2249678e-01  -2.6903344e-01   1.5547090e-01  -3.9656112e-03  -2.3500541e-03  -3.5132071e-03
   1.3662739e-01  -2.5841679e-01   4.8685723e-01  -4.0110011e-03  -2.1875581e-03  -3.5844891e-03
   1.6443586e-01  -3.4806717e-01   1.2151659e-01  -3.9790305e-03  -1.8735443e-03  -3.6334280e-03
   9.8116266e-02  -2.5548967e-01   4.7408736e-01  -3.5181267e-03  -2.2483488e-03  -3.1646986e-03
   1.6191396e-01  -3.9177968e-01   1.8671073e-01  -4.9519914e-03  -2.3497376e-03  -3.5037325e-03
   1.7594889e-01  -2.4493168e-01   3.2217377e-01  -3.4004294e-03  -2.3615805e-03  -3.0882143e-03
   1.2662656e-01  -4.0051586e-01   4.3093258e-01  -4.9714530e-03  -2.8901001e-03  -3.4290125e-03
   1.6142772e-01  -2.3436781e-01   1.0540922e-01  -3.1540121e-03  -2.0700317e-03  -3.4282026e-03
   7.1374026e-02  -3.7785326e-01   4.1343145e-01  -5.5427604e-03  -2.8598058e-03  -3.2350132e-03
   1.5047082e-01  -2.0707012e-01   5.9249716e-02  -3.5671379e-03  -2.2005365e-03  -3.4458216e-03
   6.4316881e-02  -3.9725919e-01   4.1048254e-01  -5.8652622e-03  -3.0977333e-03  -3.8524477e-03
   8.0952928e-02  -2.2222292e-01   1.2348873e-01  -2.9214310e-03  -2.9573924e-03  -3.2101680e-03
   4.3161262e-02  -5.2040980e-01   4.0035510e-01  -6.3802342e-03  -3.4232974e-03  -3.3634280e-03
   3.9222525e-02  -3.1437777e-01   4.0356230e-01  -3.4683321e-03  -3.4805562e-03  -3.1698934e-03
   7.6078614e-02  -5.3634040e-01   4.6247635e-01  -6.1081301e-03  -3.4043450e-03  -3.8817177e-03
   7.3469672e-02  -3.6262957e-01   2.1083561e-01  -4.3792685e-03  -3.3259839e-03  -4.3356356e-03
   1.2909766e-02  -3.5628591e-01   5.7350291e-01  -4.2181598e-03  -4.1541562e-03  -3.9093160e-03
   1.1755028e-01  -3.7178893e-01   1.4724016e-01  -3.6511616e-03  -3.0526284e-03  -3.7611277e-03
   3.5386677e-02  -3.8896855e-01   5.6830657e-01  -4.4516225e-03  -3.8898752e-03  -3.7719309e-03
   7.6289715e-02  -4.0752412e-01   1.5293817e-01  -3.7127742e-03  -4.0105144e-03  -3.6120036e-03
  -7.3219502e-02  -3.4815383e-01   6.5756336e-01  -3.5481664e-03  -4.6496252e-03  -2.8520464e-03
   2.1177236e-03  -4.3378465e-01   2.3837814e-01  -3.1299811e-03  -3.9907458e-03  -3.2924363e-03
  -8.2554118e-02  -1.6764887e-01   5.9556383e-01  -1.6720286e-03  -4.4508093e-03  -3.5787751e-03
  -9.0371231e-02  -3.8184874e-01   2.6713185e-01  -3.8421141e-03  -4.9934386e-03  -3.1289252e-03
  -1.0830401e-01  -1.9692617e-01   5.1607101e-01  -2.0485431e-03  -4.8529084e-03  -2.9598723e-03
  -9.2757368e-02  -4.2157859e-01   2.8973466e-01  -4.4286226e-03  -4.8904223e-03  -3.7741686e-03
  -1.0487454e-01  -2.6016139e-01   3.3405542e-01  -2.3237020e-03  -4.8615834e-03  -3.3392825e-03
  -5.7420767e-02  -5.0446474e-01   4.5419711e-01  -4.6311073e-03  -4.7669531e-03  -3.2473054e-03
   3.4006806e-03  -3.3334167e-01   2.4940712e-01  -2.2515757e-03  -4.3189668e-03  -3.3710470e-03
  -7.6415242e-02  -4.1433210e-01   6.6014064e-01  -2.8185558e-03  -4.7000042e-03  -2.8127568e-03
   5.6546491e-02  -3.8550414e-01   2.3529212e-01  -2.6750635e-03  -3.7680105e-03  -3.2682989e-03
   3.6611240e-02  -5.2654122e-01   6.1622294e-01  -4.7221454e-03  -3.9004585e-03  -3.3150945e-03
   6.1380227e-02  -3.7621667e-01   2.2908211e-01  -2.4333552e-03  -3.7615373e-03  -3.0710297e-03
  -1.3968722e-02  -4.7708277e-01   6.0025328e-01  -4.1700367e-03  -4.1881504e-03  -2.9688304e-03
   1.3704786e-02  -3.0660810e-01   1.9385920e-01  -2.7847153e-03  -3.8022669e-03  -2.9030239e-03
  -1.6416787e-02  -3.0195746e-01   6.2346627e-01  -3.5107897e-03  -3.9542575e-03  -2.3522752e-03
   5.6781539e-02  -3.3559490e-01   1.9080816e-01  -2.7356335e-03  -3.4003626e-03  -2.8438551e-03
   4.6623273e-02  -2.4635479e-01   6.1937318e-01  -2.1653397e-03  -3.4832794e-03  -2.7525697e-03
   9.6664028e-03  -2.9005381e-01   1.9727791e-01  -4.4687374e-03  -3.3590242e-03  -3.1281789e-03
  -1.9413452e-01   4.7197091e-02   6.6532846e-01  -1.8513516e-03  -4.4760709e-03  -2.8022753e-03
  -1.4176220e-01  -1.2508398e-01   2.0837908e-01  -1.3345989e-03  -4.6746468e-03  -2.2847834e-03
  -8.2038260e-02  -2.3174629e-01   6.3079745e-01  -2.7756781e-03  -3.8451542e-03  -3.4531929e-03
  -1.1285019e-01  -3.8445335e-01   4.1482433e-01  -3.5500367e-03  -4.6002888e-03  -3.2477513e-03
  -1.7724066e-01  -1.5126616e-01   5.9640080e-01  -9.1610548e-04  -4.8326800e-03  -2.4017584e-03
  -1.9361914e-01  -4.5622303e-01   4.1133159e-01  -3.7634454e-03  -5.1932992e-03  -2.5626644e-03
  -1.1239908e-01  -3.8765835e-01   3.6337676e-01  -3.1273307e-03  -4.9483812e-03  -2.7135180e-03
  -1.5822264e-01  -5.9515260e-01   6.1520371e-01  -5.4045617e-03  -5.2372487e-03  -3.0475340e-03
  -7.8041009e-02  -3.6639420e-01   3.1802683e-01  -2.0204191e-03  -4.4211031e-03  -2.4529229e-03
  -8.2970823e-02  -5.2902585e-01   6.5624761e-01  -4.0455338e-03  -4.1675156e-03  -2.4514873e-03
  -3.2856978e-02  -4.9431713e-01   2.7690847e-01  -3.3878654e-03  -3.8928099e-03  -2.7513915e-03
  -8.7423444e-02  -3.5076145e-01   5.6876704e-01  -2.5368282e-03  -4.1901610e-03  -2.4474686e-03
  -9.1618663e-02  -4.9858287e-01   2.6565836e-01  -3.6215302e-03  -4.0951131e-03  -2.3511881e-03
  -1.5625529e-01  -3.4856732e-01   4.4974180e-01  -3.2990862e-03  -4.2951971e-03  -2.6406813e-03
  -2.4794018e-01  -3.8472999e-01   6.9085155e-01  -2.3571220e-03  -4.5703888e-03  -2.0447127e-04
  -1.2999431e-01  -3.7076608e-01   3.1178662e-01  -2.0992146e-03  -3.8763146e-03  -1.1807855e-03
  -1.8602964e-01  -3.5539590e-01   6.6200140e-01  -1.8741465e-03  -4.1595252e-03  -9.8429668e-04
  -1.0753485e-01  -3.7293831e-01   2.3663838e-01  -2.2523895e-03  -3.8127703e-03  -1.3340942e-03
  -1.5973747e-01  -3.8048387e-01   6.8937031e-01  -2.8163325e-03  -4.0655553e-03  -1.3659703e-03
  -1.5223469e-01  -5.5520761e-01   3.8639668e-01  -4.1603731e-03  -4.2932742e-03  -1.5178163e-03
  -2.1797563e-01  -3.0948641e-01   6.2110395e-01  -1.5513872e-03  -4.7374637e-03  -1.0863407e-03
  -2.1793323e-01  -5.1804627e-01   4.1976890e-01  -3.5745028e-03  -4.5675540e-03  -9.9178290e-04
  -2.0207108e-01  -3.9563745e-01   5.2520670e-01  -2.9078831e-03  -4.6919422e-03  -1.2590152e-03
  -2.4757728e-01  -7.0677672e-01   5.8517861e-01  -5.4443574e-03  -5.0173815e-03  -1.6088308e-03
  -1.7995325e-01  -4.8764249e-01   6.0238464e-01  -2.9022135e-03  -3.8062936e-03  -1.7545760e-03
  -1.2646822e-01  -6.8072907e-01   5.2633037e-01  -4.9729933e-03  -3.2407593e-03  -2.5090313e-03
  -8.4472020e-02  -4.2165013e-01   6.4423724e-01  -2.0838377e-03  -2.8008135e-03  -1.9913120e-03
  -1.0815292e-01  -7.4975551e-01   6.0939609e-01  -5.1265503e-03  -3.0830984e-03  -1.6731477e-03
   4.9312980e-03  -5.2813302e-01   5.1198857e-01  -3.1230752e-03  -1.9624128e-03  -1.9128972e-03
  -1.8511596e-02  -5.8134375e-01   8.0126882e-01  -4.1110546e-03  -2.0347884e-03  -1.9498811e-03
  -9.6785937e-03  -5.8074123e-01   4.2120202e-01  -4.2624046e-03  -2.2159347e-03  -2.1082375e-03
  -1.0793044e-01  -5.7577227e-01   8.5431368e-01  -4.3395090e-03  -2.9932726e-03  -2.0951246e-03
  -1.0126359e-02  -5.8819405e-01   3.8213921e-01  -3.7376037e-03  -2.3639536e-03  -1.9397258e-03
  -1.2463455e-01  -4.4957478e-01   8.3771170e-01  -3.6299331e-03  -3.2259090e-03  -2.0940624e-03
  -1.5607528e-03  -5.4926778e-01   3.2430473e-01  -4.3949420e-03  -2.3597740e-03  -2.3597941e-03
  -6.7334104e-02  -3.2634659e-01   7.6488992e-01  -2.6363869e-03  -2.8721677e-03  -1.7673542e-03
  -9.4800153e-03  -3.9614995e-01   3.5659541e-01  -2.1228041e-03  -2.4151454e-03  -1.9247270e-03
  -9.5207233e-02  -5.3705567e-01   8.3012714e-01  -4.8777420e-03  -2.9791345e-03  -2.0833852e-03
  -4.6037615e-02  -4.5417791e-01   3.6900582e-01  -3.1723060e-03  -2.8402489e-03  -2.4515843e-03
  -2.2412511e-02  -5.6410573e-01   7.4805286e-01  -4.4994980e-03  -2.6801469e-03  -2.6525985e-03
   3.9211503e-02  -4.3049124e-01   3.1130212e-01  -2.6640848e-03  -2.2410363e-03  -2.8577827e-03
  -9.2670956e-03  -5.2438153e-01   7.3322408e-01  -4.3672211e-03  -2.9247783e-03  -3.1684289e-03
   4.9036259e-02  -4.4307773e-01   2.8169105e-01  -3.0717498e-03  -2.9698271e-03  -2.9354209e-03
  -5.2893437e-02  -3.7783148e-01   8.2182534e-01  -4.0786381e-03  -2.7913340e-03  -2.6977981e-03
  -2.5882064e-02  -3.3538715e-01   3.0944745e-01  -3.0430027e-03  -2.8169299e-03  -2.4475777e-03
  -7.0815584e-02  -5.5603710e-01   7.5087265e-01  -5.4243096e-03  -3.0922400e-03  -2.7983828e-03
  -2.4682453e-02  -4.6980931e-01   3.4395231e-01  -3.9374512e-03  -2.9019667e-03  -3.1318507e-03
  -6.6273792e-02  -7.1195543e-01   5.4159818e-01  -6.8286169e-03  -2.9037386e-03  -3.7267752e-03
  -7.2324613e-02  -4.6693789e-01   6.2302901e-01  -3.3820666e-03  -3.2558143e-03  -2.7421179e-03
  -7.8424911e-02  -6.7740299e-01   5.3533938e-01  -5.7401687e-03  -3.5536510e-03  -3.1915237e-03
  -2.2058763e-02  -4.5390608e-01   4.5275536e-01  -3.0357293e-03  -3.2251986e-03  -2.6846226e-03
  -5.4013932e-02  -6.8298802e-01   6.1200445e-01  -5.2323712e-03  -3.3314843e-03  -2.5743646e-03
  -2.3919607e-03  -4.5148522e-01   4.0560791e-01  -2.9665311e-03  -2.9317894e-03  -2.6737424e-03
  -8.0774129e-02  -5.0457888e-01   7.3784796e-01  -3.8860291e-03  -3.7220764e-03  -2.3233243e-03
  -4.0219523e-02  -4.5280479e-01   3.4190906e-01  -2.8512071e-03  -3.6260085e-03  -1.9802867e-03
  -6.3500000e-03  -3.7443215e-01   7.3105678e-01  -3.1142649e-03  -2.6944595e-03  -1.9540690e-03
   3.3902893e-03  -5.4172110e-01   3.8448036e-01  -4.6913534e-03  -2.8134007e-03  -2.4168234e-03
  -5.8241492e-02  -4.3745923e-01   7.0425817e-01  -3.2922708e-03  -3.4071230e-03  -2.2861678e-03
  -7.2019642e-02  -4.8204111e-01   3.4966954e-01  -3.0184367e-03  -3.9103998e-03  -1.8137672e-03
  -6.3549475e-02  -4.1880453e-01   5.6289536e-01  -2.2607521e-03  -3.8404747e-03  -1.9238199e-03
  -4.9952946e-02  -6.8829562e-01   4.3369612e-01  -5.3693214e-03  -3.8215321e-03  -2.9434090e-03
  -5.4113322e-02  -4.6224544e-01   6.0019582e-01  -3.0434947e-03  -3.8169277e-03  -2.6216327e-03
  -6.2576970e-02  -6.0077650e-01   4.2098998e-01  -4.4412861e-03  -4.1028761e-03  -1.9105179e-03
  -7.0331426e-02  -3.3911288e-01   5.7756598e-01  -1.3526828e-03  -3.8981361e-03  -1.0309672e-03
  -1.2211230e-01  -5.1628302e-01   3.7502891e-01  -3.8218712e-03  -4.2553738e-03  -1.4977666e-03
  -8.6402594e-02  -3.1461572e-01   5.0269189e-01  -1.5718873e-03  -3.7681733e-03  -1.6805854e-03
  -7.1437844e-02  -5.2416879e-01   4.7635808e-01  -3.8473109e-03  -3.6017836e-03  -1.5464376e-03
  -1.1004732e-01  -2.1547573e-01   4.1575608e-01  -1.1930407e-03  -3.4389010e-03  -1.5690684e-03
  -1.4022757e-01  -4.9541421e-01   6.0097223e-01  -3.8804258e-03  -4.0685527e-03  -9.9832239e-04
  -1.3911205e-02  -3.5388029e-01   3.1798098e-01  -1.8068287e-03  -3.1163157e-03  -1.5908767e-03
  -6.6498302e-02  -3.1521735e-01   5.3349489e-01  -2.9094093e-03  -2.7134280e-03  -7.3151116e-04
  -6.5129305e-02  -1.0018312e-01   3.3788121e-01  -9.9545680e-04  -2.7823825e-03  -8.6853455e-04
  -7.3707869e-02  -3.3273391e-01   6.3647372e-01  -3.2718524e-03  -3.3731836e-03  -4.3858519e-04
  -4.3680126e-02  -2.0751557e-01   3.6553149e-01  -9.7011449e-04  -2.9617414e-03  -5.6303069e-04
  -1.1278391e-01  -4.5688082e-01   6.7849049e-01  -3.7210119e-03  -3.5012652e-03  -6.1344492e-04
  -4.7259967e-02  -2.8453307e-01   4.1304467e-01  -9.2664872e-04  -3.1498762e-03  -9.5543666e-04
  -1.2692170e-01  -5.4613583e-01   6.8114898e-01  -3.8995631e-03  -4.3885617e-03  -3.5749302e-04
  -7.0213384e-02  -3.2224189e-01   4.6543274e-01   1.8301260e-04  -3.9070539e-03  -5.6796059e-05
  -1.7162115e-01  -3.7258478e-01   6.6911791e-01  -4.9393514e-04  -4.4420415e-03   7.7589240e-04
  -1.7776241e-01  -2.5555564e-01   3.5336664e-01  -1.6536284e-05  -4.9028538e-03   4.0292725e-04
  -2.0091795e-01  -4.1957536e-01   8.5223593e-01  -1.4788150e-03  -4.9851026e-03   4.9272300e-04
  -1.3944552e-01  -1.7819103e-01   3.4001549e-01  -1.2648112e-04  -5.2120597e-03   4.4941486e-04
  -1.8777038e-01  -1.3685778e-01   7.5293292e-01  -2.8018527e-04  -5.0050330e-03   6.1280559e-04
  -1.8034443e-01  -3.8691582e-01   5.4390737e-01  -2.3480181e-03  -5.1910149e-03   3.0357073e-04
  -1.0745069e-01  -1.7275157e-01   8.4110057e-01  -1.2111223e-03  -4.1104502e-03  -4.8987799e-04
  -1.6829127e-01  -2.6905225e-01   6.0635242e-01  -3.1336986e-03  -3.9229375e-03  -5.6042769e-04
  -6.6425202e-02  -1.8199278e-01   3.7779580e-01  -1.7339847e-03  -2.2443671e-03  -8.6192133e-04
  -1.6478081e-01  -1.8567460e-01   8.1668215e-01  -2.0896167e-03  -3.3637886e-03  -6.5645718e-04
  -1.1570909e-01  -3.1974045e-01   3.9082819e-01  -2.5130309e-03  -3.1282776e-03  -6.8135930e-04
  -1.2767315e-01  -2.6553227e-01   7.6835104e-01  -2.2657058e-03  -3.1462875e-03  -1.2497832e-03
  -1.2086955e-01  -4.8138318e-01   4.5599947e-01  -3.7099006e-03  -2.9451127e-03  -8.6820233e-04
  -2.1269467e-01  -3.1148612e-01   8.2598302e-01  -1.9020265e-03  -3.5726867e-03  -2.9589745e-04
  -1.1055962e-01  -4.4432078e-01   4.0165059e-01  -2.9165222e-03  -2.7385661e-03  -1.0009357e-03
  -2.0472661e-01  -3.7014091e-01   7.8194539e-01  -2.5613213e-03  -3.3798113e-03  -5.7055460e-04
  -1.5461306e-01  -3.5481566e-01   3.3370217e-01  -1.5310644e-03  -3.1520137e-03  -3.7442183e-04
  -1.9128832e-01  -3.8930096e-01   8.6700677e-01  -2.4712798e-03  -2.9481035e-03  -6.7345533e-04
  -2.2193409e-01  -5.1925369e-01   5.5621800e-01  -2.8732975e-03  -3.6002080e-03  -5.2577892e-04
  -2.5624513e-01  -3.8964675e-01   9.2428453e-01  -1.8760915e-03  -3.7344067e-03  -2.7372024e-04
  -1.0563382e-01  -2.7142993e-01   3.5719754e-01  -8.0912390e-04  -2.9866052e-03  -1.7234538e-04
  -1.9918187e-01  -4.9642317e-01   9.3280568e-01  -3.5897527e-03  -3.2897362e-03   1.1188359e-04
  -1.7129035e-01  -2.2461956e-01   5.1814642e-01   4.1032160e-04  -2.6831753e-03   1.0825098e-04
  -1.8518024e-01  -4.5820999e-01   8.2221638e-01  -3.1474562e-03  -2.8110218e-03   5.0277755e-04
  -1.0162711e-01  -2.6341991e-01   5.2559046e-01  -5.1286216e-05  -2.2017942e-03   5.8518768e-04
  -2.3606704e-01  -4.8187627e-01   8.0040733e-01  -2.7766833e-03  -3.1610000e-03   7.2707030e-04
  -2.2345862e-01  -1.9093684e-01   4.6970649e-01   1.2593097e-03  -3.7041598e-03   1.7622644e-03
  -2.3423660e-01  -4.5644704e-01   6.6605073e-01  -1.4610161e-03  -3.4245110e-03   1.2401111e-03
  -2.0710137e-01  -2.3482664e-01   6.0023199e-01   2.0209574e-03  -3.3561514e-03   1.9482974e-03
  -2.3498602e-01  -4.3480282e-01   6.2992082e-01  -2.4522445e-03  -3.6808514e-03   1.0229504e-03
  -2.1151931e-01  -9.0677557e-02   6.6987769e-01   8.4878949e-04  -3.1139270e-03   1.6799354e-03
  -1.4953937e-01  -3.6039605e-01   4.7018385e-01  -1.4881956e-03  -2.8296192e-03   1.0318823e-03
  -1.5331366e-01  -1.4471318e-01   7.0950276e-01   5.3381206e-04  -2.5981475e-03   1.0674833e-03
  -1.6096210e-01  -3.9537359e-01   5.3211395e-01  -1.8335992e-03  -2.8768837e-03   1.2989427e-03
  -1.8347068e-01  -1.6871188e-01   6.3874265e-01   8.2467166e-04  -3.1152819e-03   1.4328323e-03
  -1.7890912e-01  -4.9965699e-01   6.3569693e-01  -2.4448504e-03  -3.1762327e-03   1.2375380e-03
  -1.6424578e-01  -2.5622982e-01   6.4193181e-01   6.3126434e-04  -3.0881507e-03   1.6618163e-03
  -1.3998271e-01  -4.0946332e-01   5.4096306e-01  -1.8540053e-03  -2.9945408e-03   1.4750537e-03
  -1.2397412e-01  -2.1205327e-01   7.3542801e-01  -1.7036388e-04  -2.4486288e-03   9.9733587e-04
  -1.2699485e-01  -4.3729761e-01   4.7349195e-01  -1.6377418e-03  -2.5290438e-03   9.0200418e-04
  -5.7805915e-02  -2.4293890e-01   7.4394912e-01  -1.5547337e-04  -1.4018857e-03   8.9322047e-04
  -1.1435463e-01  -4.1077979e-01   5.1800513e-01  -1.3935412e-03  -2.5659666e-03   1.3655803e-03
  -9.9980993e-02  -1.8725473e-01   6.0587399e-01   2.4537921e-03  -2.5130745e-03   1.9857455e-03
  -8.2487318e-02  -3.6944347e-01   5.2167934e-01   1.5329967e-03  -2.3282413e-03   2.2312686e-03
  -7.0980792e-02  -2.1504103e-01   5.5535021e-01  -9.2709273e-04  -1.7930825e-03   4.2130689e-04
  -2.7269027e-01  -1.5033358e-01   9.3606897e-01  -3.8239613e-04  -3.3772796e-03   1.6194190e-03
  -1.4781255e-01  -1.4404804e-01   4.4867978e-01   3.0708422e-04  -2.7229651e-03   1.2936127e-03
  -1.8746946e-01  -4.8533182e-01   8.1953652e-01  -3.3995351e-03  -2.8060303e-03   7.5518753e-04
  -8.1074756e-02  -3.2443345e-01   6.8039951e-01  -1.4504738e-03  -1.5426160e-03   7.3786490e-04
  -1.8738544e-01  -6.0851110e-01   9.1379221e-01  -3.3814190e-03  -2.3391416e-03   1.4108752e-03
  -1.6150376e-01  -6.2097134e-01   7.0751761e-01  -3.3243026e-03  -2.1518910e-03   9.1971144e-04
  -1.2777299e-01  -3.6943750e-01   8.7935170e-01  -1.3908740e-03  -1.8789250e-03   5.6849705e-04
  -8.2386186e-02  -5.2151351e-01   8.2651784e-01  -2.3226039e-03  -8.6074521e-04  -1.0702394e-04
  -4.2045220e-02  -5.6200923e-01   5.9604217e-01  -2.7003208e-03  -6.4091934e-04   3.1703354e-05
  -8.7492086e-03  -4.3441753e-01   9.5473738e-01  -1.9548268e-03  -1.9151503e-04  -2.1241624e-04
  -1.9327876e-02  -5.5401876e-01   5.8014049e-01  -2.3836100e-03  -8.3557852e-04   2.5530084e-04
  -1.2079591e-01  -4.4519270e-01   9.8564024e-01  -3.1098619e-03  -1.5672502e-03   4.0737492e-04
  -8.1565836e-02  -7.4301684e-01   6.7478907e-01  -4.8942861e-03  -1.3323279e-03  -6.2131172e-05
  -2.5567426e-02  -7.0525639e-01   1.1056301e+00  -4.8439057e-03  -7.4142497e-04   1.5149831e-04
   9.6946407e-02  -8.3924761e-01   7.4341897e-01  -5.4517061e-03   7.9987721e-04  -2.4530600e-04
   2.5297625e-02  -8.0446610e-01   1.1694661e+00  -6.0675248e-03  -2.3967489e-04  -9.9940217e-04
   1.5714539e-01  -7.6628948e-01   6.6260389e-01  -4.5559891e-03   7.2528122e-04  -9.1691932e-04
   1.4842727e-01  -6.6420880e-01   1.1265263e+00  -4.6544516e-03   1.5193672e-03  -6.6426453e-04
   1.9703652e-01  -9.1077583e-01   9.0330510e-01  -6.4486611e-03   1.8922015e-03  -1.7760212e-03
   1.8772165e-01  -5.9243936e-01   9.6940086e-01  -4.1594026e-03   1.4664202e-03  -1.2099114e-03
   2.4863864e-01  -5.2410231e-01   1.1917544e+00  -6.8375914e-03   2.6648658e-03  -1.8663105e-03
   2.4099075e-01  -3.8311714e-01   9.5559971e-01  -3.0622192e-03   2.4293150e-03  -1.5611296e-03
   2.0514571e-01  -9.3790308e-01   1.2648074e+00  -7.4887425e-03   2.4192206e-03  -1.8862172e-03
   3.3533491e-01  -7.7294600e-01   9.0008178e-01  -5.2785578e-03   3.4690625e-03  -2.1331843e-03
   3.0604307e-01  -9.5995897e-01   1.2703702e+00  -6.9987492e-03   3.1582280e-03  -1.6137999e-03
   3.6129754e-01  -7.3449313e-01   8.6365959e-01  -3.8410060e-03   3.4966415e-03  -1.5753318e-03
   2.9775075e-01  -8.7404479e-01   1.1381089e+00  -5.9058817e-03   3.4166061e-03  -1.6571855e-03
   4.0331979e-01  -7.1501694e-01   9.6205659e-01  -4.0449276e-03   4.0762391e-03  -2.4601862e-03
   2.7082413e-01  -6.3825120e-01   1.3058691e+00  -3.2688574e-03   2.9876894e-03  -1.5395183e-03
   4.1182818e-01  -7.9639240e-01   8.1703380e-01  -4.3699820e-03   3.8986104e-03  -1.7687096e-03
   4.3068517e-01  -7.2260731e-01   1.1834035e+00  -4.3941386e-03   4.3151129e-03  -1.7136732e-03
   4.3480913e-01  -9.1234937e-01   9.7712633e-01  -5.0721311e-03   4.0360302e-03  -1.9079517e-03
   4.1862481e-01  -6.8878452e-01   1.2403357e+00  -3.4622627e-03   3.9040627e-03  -1.8824918e-03
   4.8692075e-01  -8.0442372e-01   9.0263116e-01  -4.5960084e-03   4.4498743e-03  -2.1760958e-03
   5.3326037e-01  -6.0405086e-01   1.1896032e+00  -2.8903577e-03   5.1145815e-03  -1.7349180e-03
   5.4605151e-01  -8.9268141e-01   9.7194296e-01  -5.9483520e-03   4.9101182e-03  -2.5840125e-03
   5.6051525e-01  -6.0292261e-01   1.0539805e+00  -4.1356081e-03   5.4791513e-03  -2.5402392e-03
   6.4767167e-01  -9.1038169e-01   9.5345055e-01  -6.2147956e-03   6.5988872e-03  -3.1712613e-03
   7.2042140e-01  -7.3014040e-01   1.0797563e+00  -4.2424983e-03   7.3964213e-03  -2.9525496e-03
   6.1845068e-01  -9.2096679e-01   1.1281082e+00  -6.2667425e-03   6.0957674e-03  -2.7843049e-03
   6.9626700e-01  -7.3687328e-01   8.9184469e-01  -3.8883625e-03   6.7896120e-03  -2.3617854e-03
   6.3849537e-01  -8.9034347e-01   1.1667606e+00  -6.1074571e-03   6.1748822e-03  -2.6268342e-03
   7.2387522e-01  -7.5228541e-01   8.5300017e-01  -4.2419101e-03   7.2467733e-03  -3.1634606e-03
   7.4442949e-01  -8.2773162e-01   1.1610134e+00  -4.8059462e-03   7.6296556e-03  -3.2143563e-03
   6.9353932e-01  -9.5933154e-01   9.4507070e-01  -5.9868895e-03   6.8298257e-03  -2.9214820e-03
   7.2680715e-01  -7.8483688e-01   1.0181996e+00  -4.5942615e-03   7.2470990e-03  -2.5286625e-03
   6.9537260e-01  -1.1306906e+00   1.0657053e+00  -7.0736111e-03   7.0171034e-03  -2.9479629e-03
   7.1949899e-01  -8.2581500e-01   9.9111827e-01  -4.1222215e-03   7.2823442e-03  -2.7325177e-03
   6.6548848e-01  -1.0202148e+00   1.0411433e+00  -6.2867764e-03   6.4959554e-03  -2.7357285e-03
   7.0682885e-01  -8.7394471e-01   9.2708024e-01  -4.5195115e-03   6.9564519e-03  -2.5712377e-03
   6.4089672e-01  -1.1098200e+00   1.1062182e+00  -7.4944041e-03   5.9095070e-03  -2.8733211e-03
   6.6663628e-01  -8.9415432e-01   9.3770595e-01  -4.3690412e-03   5.9658311e-03  -2.6387031e-03
   6.3035973e-01  -1.0561075e+00   1.0151821e+00  -6.6308028e-03   5.2773582e-03  -2.5563711e-03
   6.7704519e-01  -8.3648362e-01   7.6039081e-01  -4.2233793e-03   5.5958275e-03  -2.4760823e-03
   5.6175344e-01  -7.4184705e-01   1.1783912e+00  -6.3844364e-03   5.5764930e-03  -2.4392696e-03
   6.2463110e-01  -6.8702875e-01   8.5951425e-01  -4.8002215e-03   6.1076146e-03  -2.5910888e-03
   6.6485520e-01  -7.9231403e-01   1.1580597e+00  -5.6565533e-03   6.6742193e-03  -2.7041524e-03
   6.6821508e-01  -8.9857233e-01   8.5944499e-01  -5.8464374e-03   6.5377433e-03  -2.6622620e-03
   6.9814619e-01  -8.8555838e-01   1.0187442e+00  -5.0227075e-03   7.0593882e-03  -2.4579510e-03
   6.6757109e-01  -1.0801901e+00   8.4652075e-01  -7.0158718e-03   6.5866709e-03  -2.6231761e-03
   6.3350642e-01  -8.4439898e-01   1.0189785e+00  -4.6156212e-03   6.3759924e-03  -1.9205753e-03
   6.4623294e-01  -1.0629385e+00   7.6721554e-01  -7.5811317e-03   6.2112123e-03  -2.2164856e-03
   6.3727088e-01  -8.4498419e-01   8.9500517e-01  -4.5889915e-03   6.1750047e-03  -1.9662078e-03
   5.8195113e-01  -1.0988718e+00   9.5613980e-01  -7.2742236e-03   5.8466604e-03  -2.1193139e-03
   5.9602323e-01  -8.7827839e-01   6.3043767e-01  -4.8675007e-03   5.6073196e-03  -2.3306355e-03
   4.7096593e-01  -8.1335894e-01   1.0790663e+00  -5.7152743e-03   5.1844461e-03  -1.2872466e-03
   5.6669514e-01  -8.8316301e-01   6.1154079e-01  -5.1631536e-03   6.1803408e-03  -2.0848416e-03
   5.1353641e-01  -7.6356792e-01   9.9587609e-01  -3.6482093e-03   5.7853323e-03  -1.9398347e-03
   5.2025122e-01  -9.0676951e-01   5.8292242e-01  -4.7945219e-03   5.1538417e-03  -1.6348943e-03
   4.4922152e-01  -7.2238578e-01   9.5909306e-01  -3.1505612e-03   4.4570795e-03  -1.2862544e-03
   5.0384578e-01  -8.1418613e-01   5.8202443e-01  -3.2762136e-03   5.2356495e-03  -1.4653874e-03
   4.5332777e-01  -7.8007909e-01   1.0857234e+00  -4.6814893e-03   4.8078765e-03  -1.4368791e-03
   5.4234512e-01  -8.7540341e-01   6.5276419e-01  -4.8761508e-03   5.6309163e-03  -1.7362555e-03
   5.2491821e-01  -8.0761207e-01   1.0468490e+00  -4.9785011e-03   5.4532394e-03  -1.7769177e-03
   5.6582210e-01  -9.6569695e-01   7.3408772e-01  -5.6359565e-03   5.8474671e-03  -1.6265206e-03
   5.6255734e-01  -8.0073197e-01   9.6306446e-01  -4.4066479e-03   5.5497521e-03  -2.0125925e-03
   5.4586545e-01  -1.0219509e+00   8.1411845e-01  -6.4477223e-03   4.7573416e-03  -1.8265135e-03
   5.8381152e-01  -8.7938560e-01   8.1757034e-01  -4.9247746e-03   5.5783744e-03  -1.4291694e-03
   5.3297442e-01  -1.2329042e+00   8.3110325e-01  -8.8721783e-03   4.5879043e-03  -1.8959699e-03
   6.2458701e-01  -9.8803481e-01   6.8614977e-01  -7.2027421e-03   5.4856655e-03  -2.2146942e-03
   5.1684338e-01  -9.3083660e-01   1.0074703e+00  -6.6801381e-03   4.6512386e-03  -1.4677326e-03
   6.0200349e-01  -8.5430050e-01   6.0442533e-01  -5.4481317e-03   5.6548150e-03  -3.0249659e-03
   5.7258579e-01  -1.0845297e+00   9.7494466e-01  -8.1432758e-03   5.2314648e-03  -2.7571087e-03
   6.2329506e-01  -9.2852555e-01   6.7890095e-01  -5.1655866e-03   6.0479021e-03  -2.3938997e-03
   4.9068933e-01  -1.1288296e+00   9.7572925e-01  -8.0801584e-03   4.6545148e-03  -1.4132331e-03
   5.5790622e-01  -9.6715342e-01   7.3825798e-01  -5.5908588e-03   5.6274989e-03  -1.2660563e-03
   4.9020993e-01  -8.9142976e-01   1.0680290e+00  -5.3071166e-03   4.9235597e-03  -1.3483702e-03
   5.3768140e-01  -8.4879647e-01   5.7468123e-01  -3.9472749e-03   4.9486048e-03  -1.3182975e-03
   5.1162743e-01  -1.0696561e+00   9.0305634e-01  -7.1922054e-03   5.3399099e-03  -1.7310345e-03
   5.4869634e-01  -8.1194883e-01   7.1321220e-01  -5.6962272e-03   5.7231785e-03  -1.9350477e-03
   5.1211963e-01  -5.2193373e-01   1.1174420e+00  -3.8192198e-03   5.7883515e-03  -1.3508496e-03
   5.5535301e-01  -5.5090161e-01   6.2187476e-01  -2.0091550e-03   6.0428659e-03  -1.5225613e-03
   4.7298699e-01  -6.3172575e-01   1.0888414e+00  -3.3503240e-03   4.9569785e-03  -1.3375715e-03
   5.3635648e-01  -6.7717507e-01   6.5695878e-01  -3.2613856e-03   5.5578848e-03  -2.2393835e-03
   4.3007096e-01  -6.3822087e-01   9.8793953e-01  -2.9581224e-03   4.3870750e-03  -1.7718399e-03
   4.8054504e-01  -7.2912162e-01   6.7172462e-01  -3.4929414e-03   4.8744165e-03  -1.0304770e-04
   4.3417986e-01  -6.4332931e-01   8.4929030e-01  -1.9256681e-03   4.4215118e-03   1.3985784e-04
   3.7231002e-01  -1.0399772e+00   8.0352036e-01  -6.5836596e-03   3.5126316e-03  -8.3695677e-04
   4.3834087e-01  -6.8695576e-01   1.0824699e+00  -3.1009351e-03   4.6998167e-03  -8.9944468e-04
   4.5073144e-01  -9.9543709e-01   9.0573010e-01  -6.2211825e-03   4.1823438e-03  -2.1034560e-03
   4.5471492e-01  -6.4023587e-01   1.0328548e+00  -2.9423768e-03   4.9211802e-03  -1.2085699e-03
   4.9066954e-01  -1.1142397e+00   9.0181456e-01  -6.3441752e-03   5.1189892e-03  -1.5193393e-03
   5.0139049e-01  -8.4901783e-01   1.0598289e+00  -4.6804571e-03   5.3560424e-03  -2.3236327e-03
   4.9648728e-01  -1.1672049e+00   8.4341424e-01  -6.7132513e-03   4.6198887e-03  -1.2064600e-03
   5.3942446e-01  -9.0180277e-01   9.4268598e-01  -5.0052090e-03   5.2647272e-03  -2.0542092e-03
   4.3999497e-01  -1.0980276e+00   1.2469124e+00  -6.6932871e-03   4.4349872e-03  -1.3947872e-03
   6.2528135e-01  -9.0404939e-01   8.7948971e-01  -8.2415978e-03   6.7891278e-03  -2.9974163e-03
   6.7379275e-01  -8.9705639e-01   3.2570210e-01  -7.4084902e-03   6.6035405e-03  -2.2703751e-03
   6.6287071e-01  -1.1749820e+00   7.9045054e-01  -1.0189079e-02   6.6278417e-03  -2.3883455e-03
   6.1646931e-01  -8.9186672e-01   8.6484083e-01  -6.3624739e-03   5.7324919e-03  -1.6864491e-03
   6.5643196e-01  -1.2916848e+00   7.8320105e-01  -9.8475213e-03   6.4951796e-03  -2.2906608e-03
   7.0686634e-01  -1.0169914e+00   6.8852676e-01  -7.4669559e-03   7.0086204e-03  -2.8965238e-03
   7.3421312e-01  -1.0735375e+00   8.7351648e-01  -8.9201312e-03   6.8007302e-03  -3.1315111e-03
   6.9160161e-01  -9.2010468e-01   6.4925162e-01  -8.0882384e-03   6.4334213e-03  -3.9201731e-03
   6.0113207e-01  -9.7217508e-01   8.3353134e-01  -9.1226429e-03   6.5326418e-03  -3.4992351e-03
