   0.0000000e+00   0.0000000e+00  -1.4210855e-14  -1.1102230e-16  -7.6260095e-18  -8.4665713e-34
   6.2313929e-02   5.1560207e-02  -8.4923104e-02   8.9220903e-04   1.4930147e-04  -2.0778581e-04
   6.5410748e-02   5.2227421e-05   1.3667643e-01   1.1401437e-06   8.5084829e-05   5.7870643e-04
   8.1431458e-02   3.7117495e-03  -9.3624096e-02  -1.8996554e-04   1.3347830e-04  -3.5124618e-04
   1.0197938e-01   9.5901323e-03  -4.3097886e-02   6.9241960e-04  -1.1743863e-04   3.0104218e-04
   8.9314277e-02  -1.1433420e-01   9.2271729e-02  -5.1574544e-03  -7.3431394e-04   4.6761250e-04
   2.1808082e-01  -5.3137977e-02  -2.3865299e-01  -9.6077415e-03   6.0433982e-04  -1.2445038e-03
   2.2092580e-01  -2.5384941e-01  -1.0031615e-01  -1.2274782e-02  -2.4695291e-04   5.8580558e-04
   3.6540795e-01  -3.4005096e-02  -4.6383342e-01  -1.6749057e-02  -8.3379784e-04   1.6062444e-03
   3.8767416e-01  -1.4228485e-01  -4.6510517e-01  -2.0343419e-02   8.5000952e-04   3.9057254e-04
   3.9386040e-01  -2.1217143e-01  -3.8752944e-01  -1.6885928e-02   1.5898498e-03   3.4529017e-04
   3.5551501e-01  -2.7743802e-01  -2.2519407e-01  -1.6895805e-02   1.6322171e-03   4.7999830e-04
   2.7705032e-01  -3.7807786e-01  -3.3383284e-01  -2.6141942e-02   1.6303610e-03   2.1863506e-03
   5.1359949e-01   1.2189397e-01  -1.1283862e+00  -3.1139084e-02   3.7079728e-03  -1.1258972e-03
   4.3510197e-01   4.1961849e-02  -4.7242234e-01  -2.4666099e-02   2.8684129e-03  -6.8706790e-05
   4.4277335e-01  -1.9821818e-01  -5.2159229e-01  -2.4430785e-02   2.9694861e-03  -2.4063693e-04
   3.8124721e-01  -1.4675355e-01  -3.4310578e-01  -2.3696729e-02   2.4329189e-03   1.4894648e-04
   4.4945310e-01  -2.5473020e-01  -4.9447228e-01  -2.3459224e-02   3.3002626e-03  -1.2619064e-03
   4.4589375e-01  -3.0013141e-01  -3.7783434e-01  -2.3020955e-02   2.9210495e-03  -1.7013572e-03
   4.1820068e-01  -3.4677813e-01  -3.2815389e-01  -2.2802842e-02   2.5615962e-03  -2.0147443e-03
   4.1305861e-01  -3.0056704e-01  -4.1015068e-01  -2.3094745e-02   2.2760387e-03  -2.3081621e-03
   3.5506212e-01  -4.1279833e-01  -2.6289642e-01  -2.4668011e-02   2.0617853e-03  -2.4238938e-03
   3.6911527e-01  -4.0788843e-01  -2.7723659e-01  -2.1290808e-02   1.4997220e-03   2.2051853e-03
   4.2190740e-01  -4.9864208e-01  -5.3189007e-01  -4.2113059e-02  -2.5180129e-03   1.5062746e-03
   7.0906712e-01   2.5698865e-02  -2.0743661e+00  -5.2598791e-02  -2.0065522e-03  -6.5652445e-03
   6.3675617e-01   1.3320711e-01  -1.3049430e+00  -4.3172683e-02  -3.1014209e-04  -7.1704638e-03
   6.1219707e-01  -4.6748420e-02  -1.0615758e+00  -3.8657405e-02   5.4880590e-04  -5.7975942e-03
   5.9271508e-01  -1.4477276e-01  -1.1883346e+00  -3.6037649e-02   1.1382714e-03  -7.2949520e-03
   4.6975311e-01  -1.0411643e-01  -7.3216992e-01  -3.4946526e-02   5.5165981e-04  -6.8737274e-03
   4.8654802e-01  -1.4791201e-01  -8.3611228e-01  -3.3185998e-02   2.5896469e-04  -6.4944134e-03
   4.9126589e-01  -1.5764655e-01  -8.0208281e-01  -3.2913916e-02   2.5089598e-04  -7.5298686e-03
   4.7930619e-01  -1.7164432e-01  -7.1692023e-01  -3.2445870e-02   1.0752841e-04  -7.1987498e-03
   4.4867478e-01  -2.1627752e-01  -7.3713772e-01  -3.2166346e-02  -1.4934950e-04  -7.6084476e-03
   4.4127471e-01  -2.0624535e-01  -7.3319903e-01  -3.2170196e-02  -2.5897952e-04  -7.8786693e-03
   4.3664665e-01  -2.2700574e-01  -6.8535881e-01  -3.2127190e-02  -3.0121786e-04  -7.8346760e-03
   4.4240245e-01  -2.6521876e-01  -6.5088607e-01  -3.1891558e-02  -4.0833355e-04  -7.4658937e-03
   4.2874131e-01  -1.9197026e-01  -5.6660686e-01  -3.1059363e-02  -8.0009277e-04  -6.5800988e-03
   4.0847445e-01  -2.3345989e-01  -6.8123164e-01  -3.1039118e-02  -5.8154724e-04  -7.3957136e-03
   3.8865564e-01  -2.3269513e-01  -5.9756900e-01  -3.0631173e-02  -1.2803828e-03  -6.4864229e-03
   4.0113219e-01  -1.6117751e-01  -5.5902584e-01  -2.9983378e-02  -9.0207509e-04  -4.9388940e-03
   4.0042466e-01  -2.9408155e-01  -5.9976356e-01  -3.0989878e-02  -5.7491645e-04  -6.4194319e-03
   3.7476760e-01  -2.6965582e-01  -4.5437878e-01  -3.0615483e-02  -8.5240885e-04  -5.2782898e-03
   3.7222377e-01  -3.3191484e-01  -5.2129293e-01  -3.0730282e-02  -7.2755376e-04  -6.4116619e-03
   2.2365989e-01  -2.1242913e-01   2.1127411e-02  -2.9271257e-02  -3.0272442e-03  -2.0834762e-03
   2.9433459e-01  -2.9399797e-01  -1.2388917e-01  -2.7939300e-02  -3.1046143e-03  -2.5625286e-03
   2.8421349e-01  -3.4257432e-01  -1.1575802e-01  -2.8599619e-02  -3.0800208e-03  -2.8141224e-03
   2.5956716e-01  -3.0017480e-01  -1.5473729e-01  -2.8509647e-02  -2.9377009e-03  -2.8468423e-03
   2.7883351e-01  -3.5658316e-01  -2.4814287e-01  -2.8822948e-02  -3.0373140e-03  -3.3482081e-03
   2.4145462e-01  -3.4417390e-01  -1.2879916e-01  -2.9587161e-02  -3.0315022e-03  -3.0190666e-03
   2.1726482e-01  -3.7066402e-01  -2.1556639e-01  -2.9504033e-02  -3.3636672e-03  -3.6239054e-03
   2.3749830e-01  -3.5847666e-01  -2.3033023e-01  -2.9441778e-02  -3.6918747e-03  -3.3625550e-03
   2.3732446e-01  -3.2959348e-01  -2.1765078e-01  -2.9238559e-02  -3.5863967e-03  -3.9537645e-03
   2.3905588e-01  -3.6904162e-01  -2.4310190e-01  -2.9646811e-02  -3.4511911e-03  -4.5204147e-03
   3.1543986e-01  -3.4972810e-01  -1.6979739e-01  -3.3712344e-02  -3.0055869e-03  -2.1247520e-03
   2.7404725e-01  -3.5621830e-01  -3.5477505e-01  -3.3509609e-02  -3.2438858e-03  -3.5782071e-03
   2.0419555e-01  -3.2826718e-01  -1.1549469e-01  -3.2457178e-02  -3.3163634e-03  -3.0012881e-03
   2.4329255e-01  -4.1607785e-01  -2.7385650e-01  -3.1807800e-02  -3.4753021e-03  -3.2396019e-03
   2.0646626e-01  -4.0542645e-01  -1.3594897e-01  -3.2387150e-02  -3.2527884e-03  -3.0695100e-03
   2.0704966e-01  -4.1214742e-01  -2.5565786e-01  -3.1325098e-02  -3.4510496e-03  -3.5130859e-03
   1.5340840e-01  -4.3769922e-01  -8.0394598e-02  -3.3057373e-02  -3.4128359e-03  -3.8217594e-03
   1.1968950e-01  -4.1244487e-01  -1.2694086e-01  -3.1696535e-02  -3.6648733e-03  -3.7956793e-03
   1.2185864e-01  -4.7321407e-01  -1.2004696e-01  -3.3338182e-02  -3.6317844e-03  -4.2536490e-03
   3.2872473e-01  -7.3531289e-01  -8.0894139e-01  -5.5694079e-02   3.8278134e-04  -1.0190326e-03
   2.7687645e-01  -6.7565938e-01  -4.9855319e-01  -4.9815238e-02   7.2099701e-04  -2.1544988e-03
   2.6113283e-01  -6.8907706e-01  -3.1243928e-01  -4.4068419e-02  -5.1852090e-04  -6.9947458e-04
   1.7875454e-01  -6.5167364e-01  -2.4605066e-01  -4.2510901e-02  -1.1803329e-03   1.6848042e-03
   3.2073734e-01  -4.9431010e-01  -8.5499700e-01  -4.2993512e-02   1.3407936e-03  -1.7252729e-03
   1.7131082e-01  -3.0602269e-01   1.7830763e-01  -3.0584307e-02  -3.7604582e-04   5.3975427e-03
   1.7057113e-01  -3.3602478e-01  -1.4403939e-02  -2.5180709e-02  -2.1653344e-03   7.8445951e-03
   1.7471730e-01  -3.0357862e-01  -6.3236234e-02  -2.4453432e-02  -2.2442095e-03   7.2798680e-03
   1.5686574e-01  -2.4624883e-01   1.6702420e-02  -2.4879792e-02  -2.4099570e-03   6.9816638e-03
   1.6114749e-01  -4.5048439e-01  -3.4581901e-01  -4.1306751e-02  -1.7268166e-03   5.4903206e-03
   2.9548885e-01  -2.2632666e-01  -7.8226774e-01  -4.7273203e-02  -1.8488140e-03   2.6311473e-03
   2.1025023e-01  -3.9023297e-01  -3.5351533e-01  -4.2155279e-02  -2.7856405e-03   3.4893854e-03
   2.4965313e-01  -4.9476656e-01  -3.9582809e-01  -4.0243130e-02  -2.2355277e-03   2.2886593e-03
   2.1561042e-01  -4.5965952e-01  -3.1638806e-01  -3.9342808e-02  -2.4162640e-03   1.8704952e-03
   2.0520391e-01  -5.1747470e-01  -3.6331895e-01  -4.0220908e-02  -2.6015640e-03   1.3946383e-03
   1.6233992e-01  -4.4176839e-01  -1.6098281e-01  -3.8067823e-02  -2.3028921e-03   1.8280832e-03
   1.6969962e-01  -4.9554753e-01  -3.3021394e-01  -3.6138859e-02  -3.1284364e-03   2.5580975e-03
   1.5770124e-01  -5.3280017e-01  -2.6537373e-01  -3.6890934e-02  -3.6950974e-03   2.5351409e-03
   1.5595118e-01  -4.5844664e-01  -2.8337847e-01  -3.5420135e-02  -3.5415939e-03   2.6176790e-03
   1.4803493e-01  -5.2681487e-01  -3.3573771e-01  -3.6333548e-02  -3.1776660e-03   1.1948854e-03
   1.2048336e-01  -4.9067464e-01  -2.3473313e-01  -3.5490178e-02  -3.2835718e-03   1.6510530e-03
   1.0739206e-01  -5.4413840e-01  -2.3877630e-01  -3.6536556e-02  -3.1350866e-03   6.9155818e-04
   1.1733092e-01  -3.8174792e-01  -1.1685972e-01  -3.3987896e-02  -2.7852705e-03   2.1362738e-03
   9.4863528e-02  -5.4884357e-01  -2.1317839e-01  -3.5254322e-02  -3.2244558e-03   9.4605382e-04
   4.5870346e-02  -5.1299227e-01   1.2661417e-02  -3.4351252e-02  -3.5096226e-03   1.8139521e-03
   6.1084235e-02  -5.6850360e-01  -1.9249150e-01  -3.3600047e-02  -3.4626631e-03  -3.2889020e-05
   8.8271962e-02  -3.2901415e-01   7.8098585e-02  -3.2468968e-02  -2.5871397e-03   2.0835166e-03
   1.1446448e-01   2.5876437e-02  -6.6505905e-01  -3.4692791e-02  -3.0211090e-03  -5.5201930e-04
   1.7241976e-01  -1.9820157e-01  -6.0252377e-01  -3.4814445e-02  -1.2689677e-03  -3.1287757e-03
   1.5017473e-01  -3.3463387e-01  -3.0421979e-01  -3.3734322e-02  -1.5616473e-03  -2.6396433e-03
   8.6844557e-02  -3.4739675e-01  -1.8157682e-01  -3.1865269e-02  -2.4181513e-03  -1.3012927e-03
   7.4393872e-02  -4.3278525e-01  -1.0831738e-01  -3.2597805e-02  -2.2994116e-03  -1.1009240e-03
   8.2975381e-02  -3.8321514e-01  -1.6219242e-01  -3.1172573e-02  -2.0056038e-03  -7.0170580e-04
   1.1097697e-01  -4.5549311e-01  -2.3755738e-01  -3.2405174e-02  -1.6503241e-03  -1.6048938e-03
   4.7721518e-02  -3.2893110e-01  -1.0191281e-02  -3.0740545e-02  -2.2084268e-03   3.6699553e-04
   5.8931835e-02  -4.1503362e-01  -1.9586474e-01  -3.1644480e-02  -1.9923487e-03  -3.4101764e-04
   2.8369659e-02  -3.8472371e-01  -8.7437313e-02  -3.2094663e-02  -2.1840980e-03  -5.2639701e-04
   6.1349167e-02  -2.7413922e-01  -1.3301024e-01  -3.0135097e-02  -1.5369964e-03   1.1803180e-04
   8.2679544e-02  -3.8774199e-01  -2.3795805e-01  -3.1178161e-02  -9.3279047e-04  -1.0439152e-03
   4.4697122e-02  -4.6801190e-01  -2.6148300e-02  -3.1830129e-02  -1.2652299e-03  -2.6423310e-04
   4.7204100e-02  -4.7660429e-01  -7.7987897e-02  -3.0834763e-02  -1.4979491e-03  -2.1398177e-04
  -5.3078088e-03  -4.7465372e-01   5.1161372e-02  -3.0686108e-02  -1.4920963e-03  -3.6967493e-04
  -1.9928080e-02  -5.0808536e-01  -4.0376918e-02  -3.0580822e-02  -1.9086677e-03  -6.7647037e-04
  -1.0140513e-01  -4.6041709e-01   1.5498718e-01  -2.9184944e-02  -2.0791296e-03   3.5419105e-04
  -1.0110777e-01  -5.1994671e-01   2.1941167e-02  -3.0161240e-02  -2.3576763e-03   7.9552896e-05
  -7.9976516e-02  -4.3045985e-01   6.4885065e-02  -2.9232035e-02  -1.5920026e-03   1.1429179e-03
   1.3583856e-02  -3.9928416e-01  -3.2342668e-01  -3.0836488e-02  -5.7624179e-04  -9.6142118e-04
  -4.6368818e-02  -4.2972065e-01  -7.0569911e-02  -3.0014367e-02  -1.5271124e-03  -1.8760437e-04
  -1.2365090e-02  -4.9143953e-01  -9.3585921e-02  -3.0422006e-02  -1.5144051e-03  -1.0356988e-03
  -8.2293185e-02  -4.1584431e-01  -1.1567308e-02  -2.8576727e-02  -2.4458610e-03  -6.4904269e-04
   3.9958365e-03  -5.2727105e-01  -9.8320625e-02  -2.9476806e-02  -2.5824405e-03   2.8570236e-04
  -1.9137469e-02  -4.9782520e-01  -1.4480996e-03  -2.6917291e-02  -4.6304194e-03   7.1892467e-03
   4.7323353e-02  -6.2085593e-01  -5.2129130e-02  -2.8348668e-02  -2.2852472e-03   4.3240812e-03
   4.8712226e-03  -5.9135559e-01   5.2027124e-02  -2.7869456e-02  -2.5820272e-03   4.4017942e-03
   7.1962524e-02  -5.9701818e-01  -1.0135722e-01  -2.8460961e-02  -1.9394448e-03   2.9867059e-03
   2.2282719e-02  -5.8362117e-01   1.3935116e-01  -2.7623677e-02  -2.6233268e-03   3.6263250e-03
   5.9583278e-02  -6.0590053e-01  -1.0243031e-01  -2.7752482e-02  -1.6458463e-03   2.0612970e-03
   2.7063101e-02  -5.1055971e-01   2.9137962e-02  -2.7302039e-02  -1.8492409e-03   2.1317378e-03
   6.1370056e-02  -5.9667507e-01  -1.1329358e-01  -2.7408686e-02  -1.6326990e-03   1.4791771e-03
   2.7321537e-02  -6.1921153e-01   1.8909849e-01  -2.8855521e-02  -1.8482622e-03   1.4113971e-03
   2.6217561e-02  -6.3556388e-01   5.5741566e-02  -2.7378919e-02  -2.0581595e-03   1.7874076e-03
  -6.8152395e-03  -6.3577772e-01   2.2081710e-01  -2.8617173e-02  -2.1368997e-03   8.3823794e-04
   1.5156330e-01  -8.6871787e-01  -7.3688044e-01  -4.4958332e-02   4.8953819e-04   5.3746836e-03
   3.5434634e-01   3.0985221e-01  -1.1381128e+00  -3.2562675e-02   2.6361313e-03  -7.5789419e-05
   2.9720919e-01   1.9041931e-02  -6.7414164e-01  -2.7571245e-02   2.5958743e-03   2.0214706e-04
   2.0223292e-01  -9.3084910e-02  -3.1816227e-01  -2.7520384e-02   2.2263109e-03   1.1089762e-03
   1.5183359e-01  -1.3294892e-01  -3.6586648e-01  -2.6820122e-02   1.4689083e-03  -1.1169611e-04
   1.8546574e-01  -2.9108893e-01  -3.4539160e-01  -2.7584731e-02   1.6016797e-03  -1.2460559e-03
   1.0313507e-01  -3.7926572e-01  -1.5036562e-01  -2.7816719e-02   3.1090367e-04  -5.4652357e-04
   1.2321596e-01  -4.2212256e-01  -1.0397162e-01  -2.7753437e-02   1.0402572e-03  -1.3107483e-03
   8.1172069e-02  -4.2726714e-01   7.3330594e-03  -2.8349164e-02   9.7413415e-04  -8.8980988e-04
   1.1391623e-01  -4.7801580e-01  -6.8145642e-02  -2.8801897e-02   1.4387373e-03  -1.8533468e-03
   7.4354911e-02  -4.5200813e-01   2.3721091e-01  -2.7762931e-02   8.1468275e-04  -5.1782818e-04
   8.9581891e-02  -5.1826236e-01   6.3141771e-02  -2.8717380e-02   1.0966875e-03  -1.2853483e-03
   2.0729952e-02  -4.8335780e-01   2.1706579e-01  -2.8372402e-02   7.1582727e-04  -7.3166538e-04
   6.3876358e-02  -4.5977604e-01  -9.3075496e-02  -2.8619960e-02   1.7185797e-03  -1.4078723e-03
  -7.2292662e-02  -9.6360457e-02   5.0364468e-01  -1.7119294e-02   1.8020235e-04   3.9558407e-03
  -8.7070601e-02  -1.9350905e-01  -1.0975128e-01  -1.4624015e-02  -2.0209145e-03   5.3683642e-03
  -5.3340586e-02   2.8568659e-02  -3.0315695e-01  -1.7234949e-02  -3.6307197e-04   1.4169818e-03
  -4.9857457e-02  -1.9356106e-01  -3.1155530e-02  -1.7666047e-02  -2.7887766e-04   5.9723868e-04
  -6.6631270e-02  -2.8312299e-01   9.7044840e-02  -1.8896016e-02  -6.9636522e-04   7.3616615e-04
  -1.4681081e-01  -2.2173104e-01   1.7917051e-01  -1.7863990e-02  -2.0390028e-03   7.0994750e-04
  -6.8793135e-02  -2.5333787e-01  -1.8448931e-02  -1.9194858e-02  -1.3799472e-03   2.0270461e-04
  -3.1965624e-02  -2.7917441e-01   5.4911220e-02  -1.8657565e-02  -1.3569694e-03   1.6190917e-05
  -8.7442180e-02  -2.6011677e-01   2.7276368e-01  -1.7267202e-02  -1.6385306e-03   5.0302042e-04
  -4.2904844e-02  -2.7855314e-01   7.9206843e-02  -1.7510662e-02  -2.3023351e-03  -4.1290500e-04
  -7.1869144e-02  -3.0290953e-01   2.8359344e-01  -1.8384243e-02  -2.4688573e-03  -5.2279175e-04
  -5.3633627e-02  -2.1205756e-01   2.5892553e-01  -1.5045585e-02  -3.0954929e-03  -5.8832921e-04
  -2.9286724e-02  -2.5675653e-01   1.1733403e-01  -1.5899725e-02  -2.3998200e-03  -1.8218296e-03
  -7.7623741e-02  -2.8294053e-01   3.7520239e-01  -1.6486983e-02  -2.5762866e-03  -9.1981605e-04
  -7.6813571e-02  -2.6876970e-01   2.7464221e-01  -1.4350742e-02  -2.9240748e-03  -1.1982467e-03
  -4.9096781e-02  -2.6652549e-01   1.3752761e-01  -1.6307364e-02  -2.2884996e-03  -2.7970382e-03
  -1.2959558e-01  -2.2983240e-01   3.8190467e-01  -1.5860520e-02  -3.1048842e-03  -1.5864450e-03
  -5.5617970e-02  -2.0386547e-01   7.4526103e-02  -1.5516369e-02  -3.1474890e-03  -3.0652656e-03
   3.3571504e-03  -1.4721373e-01   1.8821334e-02  -1.5653603e-02  -2.2079437e-03  -3.7899707e-03
  -2.5519798e-03  -1.4520956e-01   2.6616837e-01  -1.4772038e-02  -2.1865429e-03  -2.0101233e-03
   4.9483580e-02  -1.5434952e-01   5.8615226e-02  -1.4379650e-02  -2.5850448e-03  -3.1850029e-03
   4.6687073e-02  -1.9351258e-01   1.1179677e-01  -1.6826182e-02  -2.6347378e-03  -4.0461432e-03
   5.9763064e-02  -1.7733031e-01   9.7579543e-02  -1.5645432e-02  -2.9044160e-03  -4.0514617e-03
   6.9704327e-02  -1.8287559e-01   2.1505270e-02  -1.5696221e-02  -2.5145739e-03  -4.4883678e-03
   4.9363201e-02  -1.7874928e-01   6.2359666e-02  -1.5987043e-02  -2.6807835e-03  -4.6131271e-03
   3.1548752e-02  -8.1404612e-01  -6.7864594e-01  -4.5225858e-02  -1.4938024e-03   1.7851786e-03
   4.1880044e-01   3.3022480e-01  -1.0734897e+00  -3.0046792e-02   1.0739992e-03  -3.7865672e-03
   1.0873593e-01   1.7835794e-01  -1.6058948e-01  -2.0942973e-02  -1.5055360e-03  -1.6620361e-03
   7.9799774e-02  -1.5968835e-01  -1.3915024e-01  -2.3875692e-02  -1.6461743e-03  -3.1723652e-03
   5.8291163e-02  -6.7665450e-02  -2.5748467e-02  -2.1381668e-02  -2.3404986e-03  -2.8639793e-03
   8.8053215e-02  -1.2119569e-01  -2.1498133e-01  -2.2512440e-02  -1.9247831e-03  -4.0417091e-03
   7.6488645e-02  -1.2897989e-01  -1.0320209e-01  -2.2262128e-02  -1.9794113e-03  -4.2020694e-03
   9.1741199e-02  -1.9000576e-01  -1.9007767e-01  -2.2313011e-02  -1.8806168e-03  -4.9388121e-03
   4.7929637e-02  -1.7587487e-01  -3.9624545e-02  -2.1757721e-02  -2.2854595e-03  -4.3809700e-03
   4.3147756e-02  -2.2684144e-01  -1.4987979e-01  -2.2665303e-02  -2.0824450e-03  -5.4043803e-03
  -6.2292529e-02  -1.9164067e-01   3.0725660e-01  -2.2926015e-02  -2.9163025e-03  -2.2855296e-03
  -3.3385334e-02  -1.8726005e-01   5.5373660e-02  -2.1320485e-02  -3.5711090e-03  -2.6086589e-03
  -1.9487101e-02  -2.0380545e-01  -2.0810718e-02  -2.2329601e-02  -3.2861668e-03  -4.0525348e-03
  -5.7364104e-02  -1.9525384e-01   2.0112994e-03  -2.2093733e-02  -3.5021482e-03  -4.6363955e-03
  -2.7299190e-02  -1.8295606e-01  -1.9719898e-01  -2.2626260e-02  -2.6687988e-03  -6.1276390e-03
  -7.8402803e-02  -1.1625805e-01   2.5858471e-02  -2.1695441e-02  -3.3744771e-03  -4.4440463e-03
  -2.7021511e-02  -1.9021304e-01  -1.7810889e-01  -2.2382823e-02  -3.1541988e-03  -5.5391168e-03
  -5.1415820e-02  -9.6165885e-02  -2.1918362e-02  -2.1859107e-02  -3.3695760e-03  -5.0140049e-03
  -2.6101570e-02  -1.6268047e-01  -2.0391000e-01  -2.2353451e-02  -3.0371651e-03  -6.1351184e-03
  -2.8717389e-02  -1.1161052e-01  -4.4806295e-02  -2.3241131e-02  -2.6466955e-03  -5.5886979e-03
  -4.4392621e-03  -1.8608244e-01  -1.2640209e-01  -2.2549145e-02  -2.5019703e-03  -6.3038967e-03
  -4.1215593e-02  -1.3133640e-01  -3.8708858e-03  -2.2404992e-02  -2.7768809e-03  -5.4887278e-03
   1.0504587e-02  -2.0968086e-01  -1.3165726e-01  -2.3990871e-02  -2.3412966e-03  -6.1796938e-03
  -1.7803262e-02  -1.3169178e-01   1.6416016e-02  -2.2375096e-02  -2.8878964e-03  -5.1058091e-03
   2.7023203e-02  -1.9826203e-01  -1.7801765e-01  -2.2881379e-02  -2.5770276e-03  -6.0518209e-03
   2.6840977e-02  -1.2401580e-01  -6.4361587e-02  -2.2169393e-02  -2.9994489e-03  -5.4047209e-03
   6.0160629e-02  -1.9275965e-01  -2.2047165e-01  -2.2669077e-02  -2.4104179e-03  -6.5629724e-03
  -5.0677400e-03  -1.0571989e-01   6.8431674e-02  -2.1096593e-02  -3.2364777e-03  -4.6272159e-03
   8.3792200e-03  -2.0158229e-01  -1.0969535e-01  -2.2204482e-02  -3.0238638e-03  -5.6930009e-03
  -1.8875398e-02  -1.1893456e-01  -3.4996572e-03  -2.1390911e-02  -3.0794929e-03  -4.9101574e-03
   1.4614295e-02  -1.9788492e-01  -1.2102023e-01  -2.2397327e-02  -2.7194902e-03  -5.9532623e-03
  -8.0271391e-02  -4.1890731e-01   3.3377349e-01  -2.9303925e-02  -6.2216700e-03   7.2241669e-04
  -3.6905813e-02  -5.0926984e-02  -2.2037512e-01  -2.7543014e-02  -8.7042317e-03   1.1722538e-03
  -3.1920268e-02  -3.9079765e-02  -3.7787241e-01  -2.4809163e-02  -6.6848998e-03  -3.1644163e-03
   6.9895317e-02  -1.5229309e-01  -1.0506049e-01  -2.5877389e-02  -5.4037721e-03  -4.8581263e-03
   4.2596372e-02  -1.8837130e-01  -1.3363786e-01  -2.6812814e-02  -4.6092519e-03  -4.8181347e-03
   4.0327832e-01  -1.3929132e-01  -8.5853887e-01  -3.6917199e-02   3.3450751e-03   1.8141898e-03
   2.5138857e-01  -1.3048914e-01  -2.6887394e-01  -2.7333086e-02   3.2357906e-04   1.1069609e-03
   2.4654628e-01  -2.4787921e-01  -3.6144484e-01  -2.7865526e-02   1.2980566e-06  -1.1402934e-03
   1.5489585e-01  -2.2792278e-01   8.8181891e-02  -2.6816268e-02  -1.7093473e-03   1.9406664e-04
   1.6764124e-01  -3.2010483e-01  -6.7302161e-02  -2.6815823e-02  -1.8923249e-03  -9.4131229e-04
   1.7136474e-01  -3.3642496e-01  -8.4888949e-02  -2.7041558e-02  -1.7710629e-03  -1.8180793e-03
   1.2238368e-01  -2.7020882e-01   1.1432977e-01  -2.6171260e-02  -1.9360695e-03  -2.0225676e-03
   1.2258382e-01  -2.9701851e-01  -9.1331923e-02  -2.5906756e-02  -2.4340226e-03  -3.1564781e-03
   1.5153139e-01  -3.0819131e-01  -6.5853016e-02  -2.5158275e-02  -1.1052590e-03  -3.2625976e-03
   4.9060930e-02  -2.8934204e-01   9.7414159e-02  -2.1870933e-02  -1.9596432e-03  -1.2298187e-03
   9.0903106e-02  -3.5104876e-01  -8.5417780e-02  -2.3857468e-02  -1.2915869e-03  -2.4065839e-03
  -1.3594782e-02  -2.9175824e-01   1.5571733e-01  -2.2200055e-02  -2.4948511e-03  -1.0848877e-03
   4.7102740e-02  -3.4061986e-01   8.0154674e-03  -2.3243529e-02  -2.2079407e-03  -1.9054693e-03
   2.7612118e-02  -2.8290701e-01   1.8408102e-01  -2.1810542e-02  -3.2016322e-03  -1.0271800e-03
   6.4065208e-02  -3.0835094e-01   6.7067792e-03  -2.2594786e-02  -3.0167292e-03  -2.2160099e-03
   5.5920024e-02  -2.7863910e-01   6.8693592e-02  -2.1994169e-02  -2.7889463e-03  -2.5120508e-03
   3.3404073e-02  -2.9734672e-01   4.1421666e-03  -2.2858003e-02  -2.5482992e-03  -3.4113353e-03
  -1.2022969e-02  -2.1958022e-01   1.8658436e-01  -2.1092582e-02  -3.0600025e-03  -2.3177971e-03
   2.3399834e-02  -2.5541806e-01  -2.5730622e-02  -2.2417214e-02  -2.8762522e-03  -3.2199759e-03
  -2.1756433e-02  -1.9905358e-01   2.3997378e-01  -2.0954473e-02  -3.2188052e-03  -1.7333432e-03
  -1.4081555e-02  -2.9226432e-01   1.0639801e-01  -2.2299111e-02  -3.0753296e-03  -2.8084366e-03
  -6.9394538e-02  -2.1271985e-01   2.8723230e-01  -2.1729680e-02  -3.4970477e-03  -2.1531179e-03
   1.5889619e-01  -1.2479204e+00  -2.0546275e+00  -6.4623056e-02  -8.5227505e-04  -2.2777502e-03
   2.5595065e-01   1.7774583e-01  -1.4043240e+00  -4.3511221e-02  -8.0234431e-04  -5.2229686e-03
   1.8003175e-01   1.8144020e-01  -8.5943438e-01  -3.3528651e-02  -6.6533187e-04  -4.1922379e-03
   6.3951510e-02   5.3960027e-02  -3.6984125e-01  -3.0942771e-02  -2.1156089e-03  -4.3274422e-03
   3.2667230e-03   2.0533394e-01  -3.6838248e-01  -2.4085492e-02  -3.3853379e-03  -3.2801215e-03
   5.6960328e-02   8.4611593e-02  -4.6565611e-01  -2.5770411e-02  -3.4212916e-03  -5.1202538e-03
   1.7973797e-02   1.0106297e-01  -1.6896582e-01  -2.6095358e-02  -4.3145188e-03  -5.6114401e-03
   2.5804088e-02   2.1720196e-02  -3.2734500e-01  -2.6628915e-02  -4.1985600e-03  -6.8354916e-03
   4.2489808e-02  -4.1264489e-02  -2.8014869e-01  -2.7248228e-02  -3.7956772e-03  -7.7756794e-03
   2.7570412e-02  -1.1029323e-01  -1.0305190e-01  -2.8037723e-02  -3.6899830e-03  -7.6677335e-03
   3.5318536e-02  -8.0591787e-02  -2.5555807e-01  -2.6408346e-02  -4.0118446e-03  -8.3721676e-03
   6.0281361e-02  -9.0088804e-02  -2.8264480e-01  -2.7156713e-02  -3.5721097e-03  -8.7923999e-03
   1.9790842e-02  -1.0860973e-01  -1.1408865e-01  -2.6352964e-02  -4.2279535e-03  -7.7359749e-03
   3.9800130e-02  -1.4345939e-01  -1.9695304e-01  -2.7027064e-02  -3.9528169e-03  -8.7089420e-03
  -8.4170251e-03  -7.7768560e-02  -2.5840831e-02  -2.5423465e-02  -4.3811692e-03  -7.7980466e-03
  -1.4757091e-02  -1.5360087e-01  -5.9380635e-02  -2.6864726e-02  -4.1638439e-03  -8.3053530e-03
  -5.2551014e-02   7.4897421e-03   8.5093693e-02  -2.3040329e-02  -5.0955795e-03  -6.2555448e-03
   2.1552727e-02  -1.0501573e-02  -2.1548630e-01  -2.4137740e-02  -4.1583323e-03  -7.8624788e-03
  -1.6655874e-02  -3.7606459e-02  -8.0088686e-03  -2.5503023e-02  -4.3011612e-03  -7.9607584e-03
  -3.2106267e-02  -2.8219086e-02  -1.0413702e-01  -2.6798555e-02  -4.5025000e-03  -7.4466975e-03
   2.3040670e-01  -2.7702100e-01  -1.5885329e+00  -5.0085761e-02   9.6620359e-04  -3.1631831e-03
   1.7692861e-01   3.1538596e-01  -8.0621960e-01  -3.3080148e-02   3.9824043e-04  -5.5991288e-03
   2.1811617e-01   1.1647217e-02  -5.7317285e-01  -3.0914879e-02  -2.9639654e-04  -6.7393258e-03
   1.5879032e-01   5.5914912e-02  -4.4375405e-01  -2.7661360e-02  -1.6136228e-03  -6.9686183e-03
   1.2675982e-01   1.0512350e-02  -4.3133682e-01  -2.7659851e-02  -1.9871053e-03  -7.6300516e-03
   6.0370434e-02   2.3358476e-02  -3.5311996e-01  -2.6632927e-02  -3.1321771e-03  -7.7696420e-03
   5.4496627e-02  -1.4880943e-02  -1.8400440e-01  -2.7446599e-02  -3.3843535e-03  -6.0553240e-03
   4.7711028e-02  -1.1198262e-02  -2.5277282e-01  -2.5955687e-02  -3.8108541e-03  -6.5396476e-03
   3.0345701e-02  -6.3434489e-02  -1.5049736e-01  -2.6916483e-02  -3.7931165e-03  -7.3923718e-03
   1.2516289e-02  -3.5875062e-02  -9.9017171e-02  -2.5004604e-02  -4.3985337e-03  -7.1658732e-03
   2.8445675e-03  -9.1799482e-02  -9.7900297e-02  -2.6496263e-02  -3.9800756e-03  -8.2897053e-03
  -1.6444574e-03  -7.2725293e-02  -1.1536179e-01  -2.5184355e-02  -4.4000477e-03  -8.4044827e-03
   5.1421183e-03  -8.0190732e-02  -1.5089385e-01  -2.6063064e-02  -4.3008155e-03  -8.8347136e-03
  -1.5203833e-02  -6.7121225e-02  -1.3335988e-01  -2.4903151e-02  -4.7994072e-03  -8.8674695e-03
   7.2420784e-02  -3.9904655e-01   2.9124295e-01  -2.8228615e-02  -3.4226830e-03   3.9632514e-03
  -4.8010014e-02  -1.9538869e-01   4.4091564e-01  -1.9679437e-02  -5.8816838e-03   1.5158005e-03
   3.2074849e-02  -1.5728215e-01  -1.4199183e-01  -1.8092765e-02  -5.4105135e-03  -8.9732838e-04
   6.0003333e-02  -1.2087097e-01  -8.8922731e-03  -1.8508475e-02  -4.8144499e-03  -2.2230013e-03
   5.3364629e-02  -1.7168742e-01   7.8446601e-02  -1.8713160e-02  -5.0022208e-03  -2.4317643e-03
   3.2435945e-02  -1.5185572e-01   1.9039024e-01  -1.7528158e-02  -5.5199512e-03  -1.6251210e-03
   9.3795199e-02  -1.2662272e-01  -4.0674306e-02  -1.8494874e-02  -5.0213430e-03  -2.8085680e-03
   8.2014625e-02  -1.4398745e-01   5.4594158e-02  -1.8990492e-02  -4.9952983e-03  -3.0586590e-03
   1.7179250e-02  -1.3818198e-01   2.7777328e-01  -1.7588297e-02  -5.5890293e-03  -2.5527224e-03
   7.2508257e-02  -1.3552662e-01   1.6853247e-02  -1.8556124e-02  -5.0377669e-03  -3.8133519e-03
   8.3227440e-02  -1.1143701e-01   3.3824815e-02  -1.7689508e-02  -5.0411256e-03  -3.7027379e-03
   6.9749579e-02  -1.3455856e-01   1.1547667e-01  -1.8336610e-02  -5.3262229e-03  -3.4031938e-03
   4.0047036e-02  -6.1618766e-02   2.0961911e-01  -1.6410172e-02  -6.0694166e-03  -2.8056197e-03
   6.0598788e-02  -1.0549194e-01   1.0379617e-02  -1.7982684e-02  -5.7691203e-03  -4.0745948e-03
  -1.5782246e-02  -1.0740092e-01   3.5773282e-01  -1.6702540e-02  -6.5146434e-03  -2.6966603e-03
   1.5754117e-02  -1.6763626e-01   2.0441089e-01  -1.7927910e-02  -6.3173591e-03  -3.3546922e-03
   2.5111666e-02  -1.1288195e-01   2.2225467e-01  -1.7347092e-02  -6.3639383e-03  -3.5642218e-03
   9.8802562e-03  -1.5522353e-01   2.0404637e-01  -1.8563848e-02  -6.2921006e-03  -3.8155453e-03
   2.1558706e-02  -1.0863733e-01   1.5148545e-01  -1.7096383e-02  -6.3174250e-03  -3.8744589e-03
   5.1855824e-02  -1.0239839e-01   2.0005514e-02  -1.8326328e-02  -6.0015455e-03  -4.6674022e-03
   3.9478693e-02  -8.8447943e-02   1.4967337e-01  -1.6885832e-02  -6.5280158e-03  -4.2100232e-03
   3.8685450e-02  -8.9063027e-02   1.0418704e-01  -1.7350416e-02  -6.0794512e-03  -4.6857454e-03
  -7.4275680e-03  -8.3097326e-02  -6.8597646e-02  -1.4851693e-02  -6.9117193e-03  -5.0576321e-03
   3.9760960e-03  -7.1786268e-02   8.3954460e-02  -1.7001383e-02  -6.8234318e-03  -5.5958879e-03
  -4.5801676e-02  -1.2913863e-01   4.6915265e-01  -1.5470028e-02  -7.2419837e-03  -3.8848065e-03
  -6.1596341e-03  -1.2334692e-01   1.5670049e-01  -1.6438540e-02  -6.7200140e-03  -5.0154512e-03
  -2.3770822e-02  -8.0503438e-02   3.5408643e-01  -1.5721544e-02  -6.9604268e-03  -4.3100126e-03
   4.7475542e-02  -7.6296371e-02   3.7800232e-02  -1.6385444e-02  -6.7124883e-03  -5.1935182e-03
   4.0661396e-02  -4.0955001e-02   1.4597728e-01  -1.6545739e-02  -6.8350880e-03  -5.0069763e-03
   7.1932590e-02  -5.5593664e-02   9.7989889e-02  -1.6364504e-02  -6.9187753e-03  -5.2964876e-03
   4.3746419e-03  -2.5193661e-02   4.2237582e-01  -1.5360683e-02  -7.0391772e-03  -4.1191734e-03
   7.7071458e-02  -3.5446420e-02   8.2933898e-02  -1.5094497e-02  -7.0853420e-03  -4.9826429e-03
   6.2886113e-02  -7.8168110e-02   2.3634270e-01  -1.7111409e-02  -7.1218712e-03  -4.9917024e-03
   3.0159955e-02  -5.4851679e-02   3.9351236e-01  -1.4375971e-02  -8.0299047e-03  -3.7700656e-03
   6.5784711e-02  -7.8688597e-02   1.8388842e-01  -1.5133907e-02  -7.5723009e-03  -5.2525769e-03
   4.3440041e-02  -6.0537152e-02   3.4277245e-01  -1.5910721e-02  -7.5430184e-03  -4.7034703e-03
   4.6412796e-02  -3.9031658e-02   1.5725213e-01  -1.5304593e-02  -8.0467603e-03  -5.4020419e-03
   5.6845014e-02  -2.6627639e-02   1.5795828e-01  -1.5262667e-02  -7.6866532e-03  -5.8191908e-03
   3.4153550e-02  -3.3209236e-02   2.4706106e-01  -1.5169083e-02  -7.9088535e-03  -5.5048085e-03
   4.3896126e-02  -5.2092161e-02   2.7634657e-01  -1.7194783e-02  -7.9162262e-03  -4.5497421e-03
   2.0211015e-01  -6.9091026e-01  -9.0296439e-01  -5.5319734e-02  -7.7398122e-03   1.3936467e-03
   5.1154865e-01  -3.7955221e-01  -1.9489489e+00  -6.2275662e-02  -2.3567088e-03  -4.2061059e-03
   5.4325441e-01  -3.7437643e-01  -1.1859354e+00  -5.4632581e-02  -2.5176082e-03  -5.3513909e-03
   5.1254977e-01  -2.9680725e-01  -8.5855744e-01  -4.8465227e-02  -2.2782762e-03  -5.0205223e-03
   5.1675258e-01  -3.4044245e-01  -9.2796249e-01  -4.3950373e-02  -2.5116064e-03  -7.1757802e-03
   4.9076751e-01  -2.0503721e-01  -6.6944265e-01  -3.8895121e-02  -3.3499290e-03  -5.9760145e-03
   5.1892840e-01  -2.9900714e-01  -6.6690543e-01  -3.9063337e-02  -3.5233426e-03  -6.9427391e-03
   4.5444283e-01  -1.8062201e-01  -1.9349375e-01  -3.5052848e-02  -4.0865542e-03  -5.3557999e-03
   5.1127702e-01  -3.3478576e-01  -4.3791754e-01  -3.6195960e-02  -4.1240542e-03  -6.6952023e-03
   4.9942266e-01  -3.3571160e-01  -4.2559648e-01  -3.6432336e-02  -4.1589041e-03  -7.0004434e-03
   4.5806253e-01  -2.9054639e-01  -2.9448253e-01  -3.4970236e-02  -4.8885614e-03  -6.3429593e-03
   4.5748518e-01  -3.0399343e-01  -3.9464895e-01  -3.4845668e-02  -4.8495429e-03  -7.1855738e-03
   3.9095843e-01  -1.5748259e-01  -1.4283380e-01  -2.9406577e-02  -5.8070611e-03  -5.1581897e-03
   4.2453728e-01  -2.2433885e-01  -3.4128232e-01  -3.0380513e-02  -5.1767636e-03  -7.0419945e-03
   4.2859748e-01  -1.9264492e-01  -2.5220054e-01  -2.9293510e-02  -5.0850897e-03  -7.2209141e-03
   4.4313388e-01  -1.5857624e-01  -2.8240599e-01  -2.9001869e-02  -5.1511817e-03  -7.0027919e-03
   4.2688089e-01  -1.5559639e-01  -1.6790431e-01  -2.8724915e-02  -5.0962062e-03  -6.6407638e-03
   4.8382318e-01  -1.9996811e-01  -3.0085776e-01  -2.9085886e-02  -4.9092223e-03  -7.1728754e-03
   4.1272590e-01  -1.6412955e-01  -8.4666564e-03  -2.7765750e-02  -5.6234250e-03  -5.8017145e-03
   4.6138332e-01  -2.0565496e-01  -2.7092249e-01  -2.8927127e-02  -5.4367998e-03  -7.0412901e-03
   4.2642738e-01  -1.8088713e-01  -1.0511602e-01  -2.8787445e-02  -5.4675692e-03  -6.2082628e-03
   4.6152957e-01  -2.3787515e-01  -2.3998617e-01  -2.9222917e-02  -4.8884947e-03  -6.8316285e-03
   3.8444181e-01  -1.6751438e-01   7.6322815e-03  -2.6906854e-02  -5.9235047e-03  -4.7923649e-03
   4.0016434e-01  -2.1779749e-01  -2.3888560e-01  -2.7778421e-02  -5.1830976e-03  -6.4675426e-03
   2.8597051e-01  -1.2356822e-01  -1.6543852e-03  -2.3537254e-02  -5.9066598e-03  -4.4554041e-03
   3.2230199e-01  -2.2781526e-01  -1.9855447e-01  -2.5117329e-02  -5.8182485e-03  -5.3816113e-03
   2.8000332e-01  -1.7824395e-01  -6.7006115e-02  -2.2877547e-02  -6.2990283e-03  -4.0421226e-03
   2.8259630e-01  -2.1144455e-01  -1.0447278e-01  -2.4467692e-02  -6.1064450e-03  -4.5572607e-03
   2.9801921e-01  -1.9520175e-01  -1.5320678e-01  -2.2975155e-02  -6.2682999e-03  -4.4521743e-03
   2.7357964e-01  -1.6792707e-01  -3.4629832e-02  -2.3307880e-02  -6.1207367e-03  -4.3713064e-03
   3.2340844e-01  -2.1178633e-01  -1.3302280e-01  -2.3447676e-02  -6.2590794e-03  -4.6111772e-03
   1.4570578e-01   2.2692759e-02   4.0925819e-01  -1.5615466e-02  -7.1924389e-03  -3.3794033e-03
   2.7696090e-01   3.3052618e-02  -1.1098425e-01  -1.0059644e-02  -7.0583941e-03  -2.9624953e-03
   2.8780881e-01   1.4150475e-01   4.9143625e-02  -1.1663190e-02  -6.7554500e-03  -3.7277407e-03
   3.0722811e-01   1.3168285e-01   4.5664069e-02  -1.0940296e-02  -7.2105867e-03  -3.4390632e-03
   3.0322190e-01   1.2153167e-01   6.5923890e-02  -1.2327423e-02  -7.0746246e-03  -4.0373892e-03
   2.4896837e-01   1.5368457e-01   1.5562969e-01  -1.2083453e-02  -6.8606556e-03  -3.5174083e-03
   3.4592810e-01   2.1880611e-01  -2.6716071e-01  -1.5723312e-02  -4.9388022e-03  -5.7700275e-03
   3.1487632e-01   1.5386518e-01   8.7205086e-03  -1.3794097e-02  -5.9878379e-03  -4.5627899e-03
   2.9858165e-01   8.1617896e-02   9.5662334e-03  -1.4032624e-02  -6.0887206e-03  -4.8578633e-03
   1.3581212e-01   1.8982930e-01   3.1484659e-01  -9.8740033e-03  -7.3134011e-03  -2.7623259e-03
   1.7943236e-01   1.5519424e-01  -3.2015036e-02  -1.1503527e-02  -6.6818874e-03  -5.2108739e-03
   1.7555335e-01   1.5095031e-01   4.5390398e-02  -1.1994320e-02  -7.1322624e-03  -4.7688273e-03
   1.3424383e-01   1.9562010e-01   2.7633625e-01  -9.9220897e-03  -7.8936173e-03  -3.4755643e-03
   1.7410493e-01   1.7442559e-01  -1.4071806e-02  -1.1090510e-02  -7.3629236e-03  -5.0265820e-03
   1.5368018e-01   2.1226603e-01   1.6205817e-01  -1.0790649e-02  -7.5785601e-03  -4.6764375e-03
   1.6475981e-01   2.0545320e-01  -3.3625262e-02  -1.1565337e-02  -7.3212798e-03  -5.8750652e-03
   9.7568002e-02   2.6144476e-01   2.8199247e-01  -1.0584028e-02  -7.9652448e-03  -4.4020617e-03
   1.6830212e-01   2.2897284e-01  -5.3563353e-02  -1.1082247e-02  -7.7685949e-03  -5.7440232e-03
   1.5538850e-01   2.0805755e-01   4.7471158e-02  -1.1783832e-02  -7.8184060e-03  -5.5535700e-03
   1.5796679e-01   2.5721973e-01   1.7695159e-01  -9.2187837e-03  -7.8721864e-03  -4.7979354e-03
   1.6661278e-01   2.0609570e-01   1.3048840e-02  -1.0965500e-02  -7.9208161e-03  -5.5691532e-03
   1.2177640e-01   2.1815738e-01   3.1887358e-01  -8.8810708e-03  -8.0420277e-03  -3.6433441e-03
   1.2620835e-01   1.6084077e-01   1.0694704e-01  -1.0360454e-02  -7.8993961e-03  -4.7307607e-03
   7.4865503e-02   2.2457240e-01   2.0308832e-01  -8.9264726e-03  -7.6821370e-03  -4.4689911e-03
   9.7618076e-02   2.1073539e-01   1.0545644e-02  -1.0666022e-02  -7.3705345e-03  -5.2851439e-03
   3.8904653e-02   2.2536779e-01   2.7970304e-01  -9.2048134e-03  -8.1996408e-03  -3.8978481e-03
   7.7216124e-02   1.8896206e-01   6.7894579e-02  -9.6934406e-03  -8.0513414e-03  -4.9631674e-03
   4.4128251e-02   2.3154749e-01   2.3166526e-01  -9.5376879e-03  -8.1449998e-03  -4.5682198e-03
   4.3695195e-02   2.2255212e-01   2.6135962e-02  -9.5221444e-03  -8.2922833e-03  -5.3283555e-03
   4.5045206e-02   2.4585568e-01   2.2396636e-02  -9.4504176e-03  -8.1256305e-03  -5.7293907e-03
   4.0054662e-02   2.5591321e-01   2.4270084e-01  -9.0547772e-03  -7.9952340e-03  -4.1355549e-03
   6.4199358e-02   2.2759641e-01   2.1985520e-02  -8.6534395e-03  -7.9876526e-03  -4.8686375e-03
   5.7806075e-02   2.2808744e-01   8.3275888e-02  -9.3522347e-03  -7.9461280e-03  -4.9306838e-03
   4.5053999e-02   2.4690898e-01   1.1610149e-01  -8.5634468e-03  -8.0071003e-03  -5.2657990e-03
   4.3042060e-02   2.2675324e-01   1.0859854e-01  -9.5938734e-03  -8.1199445e-03  -5.1469126e-03
   6.2265652e-03   1.0394753e-01   2.7807273e-01  -1.4094631e-02  -9.2683427e-03  -3.1330767e-03
   2.1649819e-01   1.6676982e-01  -8.4677930e-02  -1.5442596e-02  -6.6989986e-03   8.9779103e-04
   2.1682894e-01   2.4166944e-01  -1.1678754e-01  -1.2951360e-02  -6.1453686e-03  -1.3818395e-03
   9.8337918e-02   2.0837542e-01   2.4082421e-01  -1.1248521e-02  -7.4198564e-03  -1.0925717e-03
   1.3923186e-01   1.7516478e-01   5.2772350e-02  -1.2358805e-02  -6.9462620e-03  -2.2006894e-03
   8.1841866e-02   1.5379865e-01   4.0082512e-01  -1.1442543e-02  -7.6560332e-03  -9.7857663e-04
   1.1650791e-01   1.1013217e-01   1.9526729e-01  -1.1519813e-02  -7.4364704e-03  -1.8427761e-03
   8.8339292e-02   1.3489613e-01   2.3310198e-01  -1.1621966e-02  -7.2687200e-03  -1.9094214e-03
   7.7300083e-02   1.4900134e-01   1.6409315e-01  -1.1123522e-02  -7.6127867e-03  -2.3367792e-03
   6.3732581e-02   1.6554147e-01   2.2016598e-01  -1.0733630e-02  -7.6836868e-03  -2.1842561e-03
   5.2719351e-02   1.4175926e-01   1.9009559e-01  -1.1922002e-02  -7.6397503e-03  -2.7397648e-03
   4.1669795e-02   1.4190863e-01   2.9100126e-01  -1.1038013e-02  -8.1437763e-03  -1.9051037e-03
   9.4987351e-02   1.1196886e-01   1.4400088e-01  -1.1717544e-02  -7.6357229e-03  -2.3338602e-03
   4.7267357e-02   1.2404596e-01   3.4701830e-01  -1.0850992e-02  -7.9071766e-03  -1.6915355e-03
   6.8959255e-02   9.2180282e-02   1.8998450e-01  -1.1375208e-02  -7.8708011e-03  -2.2825904e-03
  -5.9913560e-03   1.5107784e-01   4.1047279e-01  -1.0156454e-02  -8.2264868e-03  -1.4333502e-03
   9.7953788e-02   1.5973251e-01   3.8670548e-02  -1.2845810e-02  -7.7939227e-03  -2.0804320e-03
   4.9141394e-02   1.3565013e-01   2.3303097e-01  -1.1765089e-02  -8.4001177e-03  -1.1147180e-03
   2.8780996e-02   8.3492300e-02   2.6146783e-01  -1.2257343e-02  -8.2239000e-03  -1.2905290e-03
   9.9635870e-03   1.4479121e-01   2.8335854e-01  -9.8185689e-03  -8.5682050e-03  -7.5656673e-04
