   0.0000000e+00   0.0000000e+00   0.0000000e+00   0.0000000e+00   0.0000000e+00   0.0000000e+00
  -5.7289089e-03  -6.5904309e-02   6.0830071e-02   8.1299394e-04   4.4570655e-05   4.7049532e-04
   4.3807924e-03  -5.4350594e-02   2.1258882e-01   4.1461654e-04   5.4596741e-04  -4.5609366e-04
   1.1047397e-02  -1.1667397e-02   2.7562853e-01  -6.6275870e-04  -4.3713403e-04   1.0714222e-03
  -9.9737865e-03  -2.2359356e-01   1.3673278e-01  -4.9109469e-03  -6.3603098e-04   2.4192093e-03
  -7.7965496e-02  -7.6286451e-02   3.6927002e-01  -1.0102989e-03  -2.2126146e-03   2.7103755e-03
  -7.0195975e-02  -1.3984612e-01   3.9369962e-01  -1.2302395e-03  -2.2549841e-03   3.4027641e-03
  -1.3942552e-01  -2.0933918e-01   3.5052650e-01  -2.7506047e-03  -4.0565122e-03   3.7818941e-03
  -1.6761930e-01  -6.1844459e-02   3.0463905e-01  -9.1853858e-04  -3.1721815e-03   3.5460773e-03
  -2.0606227e-01  -1.3890323e-01   2.4404175e-01  -2.9376099e-05  -3.4494120e-03   3.7692925e-03
  -1.6265384e-01  -1.2712275e-01   4.0776465e-01  -1.8890978e-04  -3.1010934e-03   4.3793411e-03
  -2.3101627e-01  -2.0629796e-01   4.1504899e-01  -1.0758825e-03  -4.3200773e-03   4.4533961e-03
  -2.3567076e-01  -9.2331251e-02   4.8474654e-01  -2.6444850e-04  -4.9330462e-03   4.5049673e-03
  -3.1253661e-01  -2.5156484e-01   4.7899572e-01  -1.1288812e-03  -5.9125293e-03   4.9905352e-03
  -3.5899236e-01  -1.3017895e-01   5.2288118e-01  -1.3204650e-03  -6.0946310e-03   5.3015120e-03
  -3.3816275e-01  -2.7726019e-01   4.5855251e-01  -1.8010318e-03  -5.9175649e-03   6.3953345e-03
  -3.3500822e-01  -1.6397450e-01   5.2733885e-01  -9.6706583e-04  -5.9082064e-03   6.0623349e-03
  -3.4380695e-01  -3.0469530e-01   4.5734119e-01  -1.0020791e-03  -6.0430341e-03   5.9780472e-03
  -3.3598103e-01  -2.0961223e-01   5.5886879e-01  -1.4132257e-03  -6.1617774e-03   6.2799211e-03
  -3.5850294e-01  -2.7132943e-01   4.8813628e-01  -9.4956672e-04  -6.3080213e-03   6.4228166e-03
  -3.3992003e-01  -2.1563291e-01   5.5374733e-01  -3.7749924e-04  -6.2375454e-03   6.5386732e-03
  -3.8286820e-01  -3.2520556e-01   5.3005180e-01  -1.5737243e-03  -7.4360002e-03   6.8330010e-03
  -3.8171343e-01  -2.9296235e-01   5.5438935e-01  -9.4834118e-04  -7.0878467e-03   6.7771680e-03
  -4.1670003e-01  -2.9143988e-01   6.4424758e-01  -1.1259590e-03  -7.3445372e-03   6.1262776e-03
  -4.3353897e-01  -3.6069902e-01   5.4880141e-01  -8.2971438e-04  -8.0039023e-03   6.3043318e-03
  -4.3695030e-01  -2.1815138e-01   5.7714126e-01  -5.5154739e-04  -7.8241388e-03   6.1804789e-03
  -4.2206424e-01  -3.7641861e-01   4.9507092e-01  -1.8876838e-03  -8.0572072e-03   6.5944067e-03
  -4.9151675e-01  -3.3645917e-01   6.4541416e-01  -1.5404300e-03  -8.4663775e-03   6.2422679e-03
  -5.1210891e-01  -3.9701115e-01   6.1382147e-01  -2.3649564e-03  -9.2398778e-03   6.9442931e-03
  -4.9487832e-01  -2.7711615e-01   6.5025998e-01  -6.7251411e-04  -8.9518059e-03   6.9504473e-03
  -5.0923311e-01  -3.6278690e-01   6.4164416e-01  -1.1308984e-03  -9.2803027e-03   6.9380888e-03
  -5.2427950e-01  -3.3409076e-01   6.0928663e-01  -9.6847992e-04  -9.4102326e-03   7.3611169e-03
  -5.1138189e-01  -3.7057245e-01   6.4627688e-01  -1.3983232e-03  -9.1819618e-03   7.6622762e-03
  -5.0398144e-01  -3.2497322e-01   6.1485650e-01  -9.7658645e-04  -9.4398731e-03   7.7993729e-03
  -5.2322193e-01  -4.4786352e-01   6.5088156e-01  -1.5382423e-03  -9.5887220e-03   8.1810640e-03
  -5.4149551e-01  -3.6153570e-01   7.1330358e-01  -1.3544397e-03  -9.8648812e-03   8.3911829e-03
  -5.8546922e-01  -4.4618818e-01   6.8880596e-01  -1.6033144e-03  -1.0681162e-02   8.6881531e-03
  -5.9895881e-01  -3.2815359e-01   6.9544287e-01  -4.3414904e-04  -1.0707711e-02   8.5490319e-03
  -6.1987104e-01  -4.8205820e-01   6.9887127e-01  -2.3697934e-03  -1.1061586e-02   8.5713244e-03
  -6.2356437e-01  -3.8040996e-01   7.1906291e-01  -1.3000569e-03  -1.0527478e-02   8.4736755e-03
  -6.4074532e-01  -4.9181143e-01   7.0464521e-01  -2.4392733e-03  -1.1028916e-02   8.7727974e-03
  -6.1494240e-01  -4.1220458e-01   6.9896011e-01  -2.1142301e-03  -1.0987762e-02   9.4526335e-03
  -5.8179565e-01  -4.9769664e-01   7.4390405e-01  -2.3350196e-03  -1.0724976e-02   9.7654801e-03
  -5.9642069e-01  -3.9459586e-01   7.3820869e-01  -1.6828349e-03  -1.0696310e-02   9.3526898e-03
  -6.2789290e-01  -5.3152415e-01   7.0782828e-01  -1.7968257e-03  -1.1002127e-02   9.4860934e-03
  -6.0305648e-01  -4.3909139e-01   7.7414845e-01  -2.4927764e-03  -1.0766986e-02   9.8651790e-03
  -6.1761386e-01  -4.7684421e-01   6.9336943e-01  -2.3709482e-03  -1.1242441e-02   1.0011902e-02
  -5.9333529e-01  -4.6139309e-01   8.0550278e-01  -2.2524555e-03  -1.0812566e-02   1.0028546e-02
  -6.2844516e-01  -5.6843076e-01   7.5095857e-01  -4.4575307e-03  -1.0828444e-02   9.8821335e-03
  -6.2441191e-01  -4.3426376e-01   8.4129116e-01  -3.3634458e-03  -1.0935703e-02   9.8472072e-03
  -5.7983608e-01  -5.6030049e-01   6.9874904e-01  -3.4261856e-03  -1.0749215e-02   1.0008199e-02
  -5.8965310e-01  -5.5435686e-01   7.7488561e-01  -3.8067515e-03  -1.0818114e-02   9.7439660e-03
  -5.7790557e-01  -5.1852215e-01   7.6967822e-01  -2.8580897e-03  -1.0506348e-02   9.7698180e-03
  -5.5954231e-01  -4.9911037e-01   8.1745250e-01  -2.7624065e-03  -1.0385605e-02   9.9988772e-03
  -5.5882143e-01  -5.8412999e-01   7.8074701e-01  -2.8070587e-03  -1.0368682e-02   9.5909551e-03
  -6.0143611e-01  -4.8001446e-01   8.8278768e-01  -3.5847012e-03  -1.0900276e-02   9.7457804e-03
  -5.7724186e-01  -6.6375303e-01   8.2288086e-01  -3.0562637e-03  -1.0754120e-02   9.6008675e-03
  -5.8581291e-01  -5.4121684e-01   8.5362792e-01  -3.0135912e-03  -1.1016178e-02   9.7860895e-03
  -5.8062435e-01  -5.8970628e-01   7.6569922e-01  -3.0570156e-03  -1.1007722e-02   1.0047495e-02
  -6.7639285e-01  -2.1786309e-01   7.3018074e-01  -9.1902521e-03  -1.1969319e-02   8.6133350e-03
  -5.6443421e-01  -5.3528362e-01   7.8445604e-01  -4.9516670e-03  -1.0843832e-02   8.0993041e-03
  -5.4229805e-01  -5.7683840e-01   8.6336212e-01  -5.6930208e-03  -1.0719328e-02   8.2528024e-03
  -5.2464738e-01  -5.6889298e-01   9.3081128e-01  -5.7199271e-03  -1.0345912e-02   8.8804958e-03
  -5.0944254e-01  -5.9183002e-01   8.9231320e-01  -6.1169354e-03  -1.0082470e-02   8.9661427e-03
  -4.8091988e-01  -5.5754158e-01   8.6982209e-01  -5.7199466e-03  -1.0117817e-02   9.2582256e-03
  -4.7330170e-01  -6.2922032e-01   9.5763029e-01  -5.1699715e-03  -1.0151690e-02   9.4971518e-03
  -4.3216158e-01  -5.5534567e-01   9.4432002e-01  -5.1128804e-03  -9.4278552e-03   9.0572026e-03
  -4.3532835e-01  -6.7349473e-01   9.2350245e-01  -4.1404984e-03  -9.6972426e-03   9.0179930e-03
  -4.2567745e-01  -6.3022927e-01   9.7346431e-01  -5.2737598e-03  -9.3537939e-03   8.7591732e-03
  -4.0638047e-01  -6.7360622e-01   9.1864443e-01  -5.0426289e-03  -9.2299606e-03   8.9441698e-03
  -3.9170262e-01  -5.6227026e-01   1.0086404e+00  -4.5257321e-03  -9.2252138e-03   9.0425684e-03
  -4.0761336e-01  -7.1225018e-01   9.0491334e-01  -4.2120889e-03  -8.4394885e-03   7.8028330e-03
  -4.3412816e-01  -6.1989771e-01   9.5648210e-01  -4.6911301e-03  -8.8950371e-03   8.0882725e-03
  -4.3983832e-01  -5.5978970e-01   1.0205640e+00  -4.2041728e-03  -9.1515884e-03   8.2989210e-03
  -3.9440354e-01  -6.8846001e-01   9.0051020e-01  -4.6134825e-03  -8.7478642e-03   8.5741737e-03
  -3.6463966e-01  -6.2313965e-01   1.0172608e+00  -4.6328616e-03  -8.5982345e-03   8.5301837e-03
  -3.6946107e-01  -7.0479884e-01   9.3890902e-01  -4.7952885e-03  -8.9631557e-03   8.6272920e-03
  -3.5344633e-01  -5.9118691e-01   1.0399502e+00  -4.6137293e-03  -8.9633982e-03   8.7769547e-03
  -3.2257817e-01  -7.2828042e-01   9.3005748e-01  -5.0155356e-03  -8.7939121e-03   9.0468263e-03
  -3.4929691e-01  -6.5938090e-01   9.8548411e-01  -4.9665119e-03  -9.3333741e-03   8.8180643e-03
  -3.3589766e-01  -5.9258498e-01   9.4973574e-01  -4.7978565e-03  -8.9270234e-03   8.8584747e-03
  -3.3185455e-01  -6.9820958e-01   9.1233328e-01  -4.4789302e-03  -8.7220357e-03   8.6233777e-03
  -3.1173217e-01  -6.4636909e-01   9.7361848e-01  -5.3000606e-03  -9.0126977e-03   9.3480271e-03
  -2.8807532e-01  -7.1313174e-01   9.3142207e-01  -5.4472505e-03  -8.6757347e-03   9.2871899e-03
  -3.0628121e-01  -5.8980121e-01   9.9899087e-01  -4.5414537e-03  -8.7301808e-03   9.2955125e-03
  -3.0640432e-01  -7.2939396e-01   9.1597073e-01  -5.1320161e-03  -9.0093703e-03   9.1268363e-03
  -3.0439674e-01  -5.6753016e-01   9.8014618e-01  -4.5645946e-03  -8.9140368e-03   9.1380979e-03
  -3.1501445e-01  -6.9879950e-01   8.9607253e-01  -4.9916929e-03  -9.1116678e-03   8.5760663e-03
  -2.9439344e-01  -6.0777001e-01   1.0771625e+00  -5.1469274e-03  -9.3402904e-03   9.4260233e-03
  -2.8979026e-01  -7.2471896e-01   9.4476760e-01  -5.0648217e-03  -9.3840809e-03   9.1453112e-03
  -3.3260151e-01  -7.0329471e-01   9.8194502e-01  -5.1677367e-03  -9.7292971e-03   9.3640510e-03
  -2.4130675e-01  -6.4247822e-01   1.0294052e+00  -4.2399026e-03  -8.8923126e-03   9.8496275e-03
  -2.2558365e-01  -7.2431584e-01   9.6931332e-01  -4.9869187e-03  -8.9002106e-03   1.0259197e-02
  -2.2175341e-01  -5.9414506e-01   1.0388646e+00  -5.1018907e-03  -9.1991139e-03   1.0502746e-02
  -2.3009827e-01  -7.3211027e-01   9.0800607e-01  -4.7158306e-03  -9.1098144e-03   1.0141240e-02
  -2.1304802e-01  -6.9881395e-01   9.7724124e-01  -6.0286507e-03  -8.9765672e-03   1.0249374e-02
  -2.0111246e-01  -6.1769288e-01   9.8193372e-01  -4.8071389e-03  -8.7041837e-03   1.0150045e-02
  -2.3616045e-01  -7.9045239e-01   1.0002745e+00  -5.6857626e-03  -9.3844444e-03   1.0329894e-02
  -2.1676434e-01  -6.1137114e-01   1.0425520e+00  -4.6509162e-03  -8.8495344e-03   1.0432152e-02
  -2.3891611e-01  -8.0371592e-01   9.8001338e-01  -5.3183001e-03  -9.3033360e-03   1.0296115e-02
  -2.6191121e-01  -7.3992319e-01   1.0940739e+00  -6.1657472e-03  -9.7831744e-03   1.0242645e-02
  -2.4395302e-01  -7.5562784e-01   9.9442136e-01  -5.5388887e-03  -9.4645546e-03   1.0579027e-02
  -2.4150620e-01  -7.8963676e-01   1.0415919e+00  -6.4460738e-03  -9.6302328e-03   1.0989911e-02
  -2.4804747e-01  -6.4520960e-01   1.0169585e+00  -5.0065271e-03  -9.6687916e-03   1.1504632e-02
  -2.2484017e-01  -7.8798832e-01   1.0349963e+00  -6.5821740e-03  -9.4852645e-03   1.1497502e-02
  -1.8453359e-01  -6.7537745e-01   1.0218496e+00  -5.2828784e-03  -9.3208184e-03   1.2249141e-02
  -2.0053992e-01  -7.9940753e-01   1.0384754e+00  -6.7285954e-03  -9.4575180e-03   1.1275001e-02
  -1.8106811e-01  -6.9289818e-01   1.0310007e+00  -6.1021974e-03  -9.2142335e-03   1.1398845e-02
  -2.0656311e-01  -8.3276850e-01   1.0425486e+00  -6.8862509e-03  -9.5535548e-03   1.1358379e-02
  -1.9630007e-01  -7.4577365e-01   1.0165492e+00  -6.2807740e-03  -9.1877211e-03   1.1430410e-02
  -2.0065520e-01  -8.2228534e-01   1.0600019e+00  -6.9531901e-03  -9.6937968e-03   1.1892585e-02
  -1.9433661e-01  -7.3637052e-01   1.0850815e+00  -6.3343146e-03  -9.7110062e-03   1.2010952e-02
  -2.1881979e-01  -8.6379424e-01   1.0740618e+00  -6.7391871e-03  -9.7749049e-03   1.1115992e-02
  -2.3300145e-01  -7.4646992e-01   1.0811595e+00  -6.6375734e-03  -9.9168872e-03   1.2286032e-02
  -2.4922169e-01  -8.9342217e-01   1.0190077e+00  -7.3165088e-03  -1.0294779e-02   1.2159629e-02
  -2.2517381e-01  -7.8357617e-01   1.1473879e+00  -7.3538462e-03  -1.0058611e-02   1.2063582e-02
  -2.1115564e-01  -8.6623563e-01   1.0288951e+00  -6.9212996e-03  -1.0045973e-02   1.2399000e-02
  -1.9660734e-01  -8.1638881e-01   1.1688821e+00  -7.3639376e-03  -9.8328254e-03   1.2295358e-02
  -2.5570027e-01  -8.9015938e-01   1.0643061e+00  -7.5427129e-03  -1.0069068e-02   1.1796488e-02
  -2.2487946e-01  -8.7640062e-01   1.1117850e+00  -7.3837879e-03  -9.9861470e-03   1.2169490e-02
  -2.3516866e-01  -9.0574097e-01   1.1187385e+00  -7.9751214e-03  -9.8547168e-03   1.2017737e-02
  -1.8902630e-01  -8.2614538e-01   1.1600315e+00  -8.0925719e-03  -9.7283034e-03   1.2336307e-02
  -2.1942581e-01  -9.4883502e-01   1.0800257e+00  -8.2124847e-03  -1.0145929e-02   1.2359796e-02
  -1.8455279e-01  -8.0631497e-01   1.1482298e+00  -8.3531494e-03  -9.9909770e-03   1.2658175e-02
  -1.8976385e-01  -9.5354147e-01   1.0827604e+00  -8.8410589e-03  -9.8554000e-03   1.2584618e-02
  -1.7967493e-01  -8.4035257e-01   1.1169451e+00  -9.4394898e-03  -9.8412362e-03   1.3055451e-02
  -2.0560536e-01  -9.6113609e-01   1.0566593e+00  -9.7580513e-03  -1.0482458e-02   1.3347388e-02
  -1.7650701e-01  -8.2949475e-01   1.1446728e+00  -9.4383921e-03  -9.9688504e-03   1.2940368e-02
  -2.1368346e-01  -9.6198584e-01   1.0965165e+00  -9.0881790e-03  -1.0509571e-02   1.2380381e-02
  -2.0562860e-01  -8.9183003e-01   1.1252835e+00  -9.2092457e-03  -1.0155569e-02   1.3123406e-02
  -1.8810674e-01  -8.6075235e-01   1.1432739e+00  -8.8559143e-03  -1.0127516e-02   1.3333708e-02
  -2.0268633e-01  -9.3709646e-01   1.0471658e+00  -9.1961074e-03  -1.0194922e-02   1.3247152e-02
  -1.4177142e-01  -9.1044435e-01   1.1310586e+00  -9.6414021e-03  -9.5923099e-03   1.3652955e-02
  -1.3879913e-01  -9.3572529e-01   1.1204224e+00  -9.2851583e-03  -9.8886555e-03   1.3858367e-02
  -8.2306686e-02  -8.4142112e-01   1.0718040e+00  -8.9758244e-03  -9.1542532e-03   1.4240964e-02
  -8.2217497e-02  -1.0113384e+00   1.1216567e+00  -9.4325787e-03  -9.2731887e-03   1.4347989e-02
  -2.4588385e-02  -8.7856598e-01   1.1955023e+00  -9.4220705e-03  -9.1103313e-03   1.4534724e-02
  -1.2366734e-02  -1.0162405e+00   1.1067202e+00  -9.3409564e-03  -9.1030797e-03   1.4208425e-02
  -6.0832118e-02  -9.8143638e-01   1.2616144e+00  -8.3303280e-03  -6.4692325e-03   5.1749720e-03
  -5.6456947e-01  -8.8626718e-01   1.2317386e+00  -3.3400280e-03  -1.2696074e-02   9.8707460e-04
  -5.3786350e-01  -7.4453099e-01   1.2573392e+00  -3.8387549e-03  -1.2505259e-02   1.2633857e-03
  -5.3875622e-01  -9.6611684e-01   1.2230972e+00  -5.2873420e-03  -1.3028802e-02   2.8031502e-03
  -5.0867361e-01  -9.0146310e-01   1.3610357e+00  -6.1485345e-03  -1.2900178e-02   2.8483471e-03
  -5.1902983e-01  -9.2732123e-01   1.2851585e+00  -6.2041404e-03  -1.3141235e-02   2.8116965e-03
  -4.8705674e-01  -1.0120906e+00   1.3418641e+00  -5.6223426e-03  -1.2938301e-02   3.6580888e-03
  -4.2736580e-01  -1.0084423e+00   1.3266503e+00  -7.0437046e-03  -1.2727108e-02   4.9553285e-03
  -3.7406891e-01  -9.9989117e-01   1.3466139e+00  -7.1690044e-03  -1.2507609e-02   5.5932731e-03
  -3.8774126e-01  -1.0390647e+00   1.2969695e+00  -7.0122287e-03  -1.2315642e-02   4.9239094e-03
  -3.7378708e-01  -9.5540870e-01   1.3273477e+00  -7.6124514e-03  -1.2606443e-02   5.6424538e-03
  -3.5686859e-01  -1.0721924e+00   1.2485145e+00  -7.7833911e-03  -1.2395521e-02   5.8226979e-03
  -3.6303034e-01  -1.1089313e+00   1.3587660e+00  -8.2287071e-03  -1.2695943e-02   6.0675332e-03
  -3.0922087e-01  -1.0104046e+00   1.3648875e+00  -7.7443976e-03  -1.2059582e-02   6.5294726e-03
  -2.8763311e-01  -1.1248444e+00   1.3604667e+00  -7.9623709e-03  -1.2027281e-02   7.0413941e-03
  -2.4977303e-01  -1.1052370e+00   1.3308296e+00  -8.2379692e-03  -1.1600555e-02   7.4860209e-03
  -2.6516314e-01  -1.0801716e+00   1.3474150e+00  -7.9879898e-03  -1.1679153e-02   7.3665868e-03
  -2.1801298e-01  -9.6313773e-01   1.4077124e+00  -7.9709052e-03  -1.1557911e-02   7.4105376e-03
  -2.3561041e-01  -1.2009274e+00   1.3020291e+00  -7.8951610e-03  -1.1514115e-02   7.2138629e-03
  -2.4278647e-01  -1.0713702e+00   1.3904706e+00  -8.0895066e-03  -1.1722641e-02   7.3329260e-03
  -2.6067634e-01  -1.0538390e+00   1.3191090e+00  -8.3109012e-03  -1.2009228e-02   7.4182527e-03
  -2.1644208e-01  -1.0619745e+00   1.3782547e+00  -8.8611263e-03  -1.1366724e-02   7.4564160e-03
  -2.3034217e-01  -1.1194398e+00   1.3047686e+00  -8.8997885e-03  -1.1512782e-02   7.5065646e-03
  -1.5919343e-01  -1.1431875e+00   1.4304291e+00  -9.0457275e-03  -1.1077207e-02   8.6450995e-03
  -1.1194682e-01  -1.1513122e+00   1.4144871e+00  -9.0831148e-03  -1.0598430e-02   8.9382064e-03
  -1.1787941e-01  -1.1478679e+00   1.3709395e+00  -9.1923708e-03  -1.0741987e-02   8.1887372e-03
  -9.5776983e-02  -1.1008228e+00   1.4105365e+00  -8.5678054e-03  -9.5709540e-03   7.3217842e-03
  -1.2664527e-01  -1.2091073e+00   1.3378573e+00  -7.5902551e-03  -9.7705699e-03   7.0998539e-03
  -3.0349596e-01  -7.2848824e-01   8.4632334e-01  -5.7693344e-03  -1.0438209e-02   7.9116599e-03
  -1.4397637e-01  -6.2148617e-01   1.1127285e+00  -7.7703770e-03  -9.8071070e-03   6.3558457e-03
  -1.4289890e-01  -8.4802320e-01   1.1907101e+00  -7.6584041e-03  -9.6110235e-03   6.5300170e-03
  -1.1318794e-01  -9.0269794e-01   1.2836203e+00  -7.5405181e-03  -9.3723842e-03   7.2588224e-03
  -3.4914017e-02  -8.7350881e-01   1.3561944e+00  -8.9342035e-03  -9.0846693e-03   7.9990382e-03
  -4.5878731e-02  -1.0881154e+00   1.2903247e+00  -8.7775631e-03  -9.3707854e-03   7.5778975e-03
  -2.2663560e-02  -1.0548177e+00   1.3931316e+00  -9.2444754e-03  -9.2831503e-03   8.1202103e-03
   5.1922947e-02  -9.7640023e-01   1.3622077e+00  -8.1397946e-03  -8.3296230e-03   7.6455654e-03
   2.7133806e-02  -1.1107144e+00   1.3775156e+00  -9.5629452e-03  -8.6426120e-03   7.8762156e-03
  -2.4345418e-02  -1.0410802e+00   1.3538121e+00  -9.1892104e-03  -9.1675359e-03   7.4042627e-03
  -3.4541763e-02  -1.1597938e+00   1.3964250e+00  -9.3310603e-03  -9.4094786e-03   8.0708500e-03
  -2.6583094e-02  -1.0283830e+00   1.3509139e+00  -9.0442851e-03  -9.2930644e-03   7.8929082e-03
   4.7527825e-04  -1.1645221e+00   1.3813029e+00  -9.5280471e-03  -9.0878242e-03   8.0345185e-03
  -4.9858629e-02  -1.0015506e+00   1.3968807e+00  -8.9209344e-03  -9.8652391e-03   7.3057516e-03
  -6.7708151e-02  -1.1978063e+00   1.3774826e+00  -9.3119769e-03  -1.0141627e-02   7.7926514e-03
  -2.5634896e-02  -1.0091441e+00   1.4093006e+00  -8.5075719e-03  -9.5464189e-03   7.8463758e-03
  -4.1240004e-02  -1.2124441e+00   1.3794186e+00  -9.2023775e-03  -1.0050541e-02   7.9652723e-03
  -4.6490255e-02  -1.1099083e+00   1.4901956e+00  -1.0408437e-02  -1.0202064e-02   8.1919273e-03
  -7.1283592e-02  -1.1946057e+00   1.3690019e+00  -8.9451563e-03  -1.0317728e-02   8.0268618e-03
  -9.5318895e-03  -1.1218818e+00   1.4558279e+00  -9.7156521e-03  -9.5808357e-03   7.7625428e-03
  -4.3449997e-02  -1.2132829e+00   1.3846983e+00  -9.8418369e-03  -1.0036485e-02   6.7753783e-03
  -3.4386237e-02  -1.1895779e+00   1.4701940e+00  -1.0595320e-02  -1.0082153e-02   7.8338603e-03
  -4.1832126e-02  -1.1583904e+00   1.4158547e+00  -9.3976269e-03  -1.0141047e-02   7.7172556e-03
  -2.2195712e-02  -1.2166925e+00   1.4773509e+00  -1.0213837e-02  -1.0060903e-02   8.0563113e-03
  -1.5949496e-02  -1.1474821e+00   1.3934246e+00  -9.3971276e-03  -9.9387575e-03   8.1339552e-03
  -5.7563030e-03  -1.1716020e+00   1.4957213e+00  -9.7873842e-03  -9.8336523e-03   7.8046409e-03
  -4.1684210e-02  -1.1675990e+00   1.3780954e+00  -9.8383474e-03  -9.9345713e-03   7.4401829e-03
  -2.6084520e-02  -1.2423600e+00   1.4588826e+00  -1.0297559e-02  -9.9536856e-03   8.0137808e-03
  -1.5454604e-03  -1.1405819e+00   1.4817640e+00  -1.0140153e-02  -9.9541738e-03   7.8590712e-03
  -7.9482090e-03  -1.2652786e+00   1.4314975e+00  -1.0041872e-02  -1.0170186e-02   8.4647269e-03
   4.4293638e-02  -1.1890980e+00   1.4649469e+00  -1.0388220e-02  -9.6769789e-03   9.1048636e-03
   3.3466055e-02  -1.1962694e+00   1.4574862e+00  -1.0704370e-02  -9.7040550e-03   9.3253088e-03
  -7.9961054e-03  -1.1997408e+00   1.4136522e+00  -1.0787826e-02  -1.0038006e-02   8.8638320e-03
  -1.4527784e-02  -1.3004994e+00   1.5010305e+00  -1.0562701e-02  -1.0007479e-02   8.4260872e-03
   1.6310555e-02  -1.1487648e+00   1.5034809e+00  -9.5768779e-03  -9.6684377e-03   8.7242311e-03
  -4.8278909e-02  -1.2608413e+00   1.4702784e+00  -9.4291756e-03  -1.0270551e-02   7.8863031e-03
  -3.9326446e-02  -1.1229258e+00   1.4981766e+00  -9.6417178e-03  -1.0092153e-02   8.3121420e-03
  -4.9398269e-02  -1.2981269e+00   1.4158079e+00  -9.9246424e-03  -1.0439973e-02   8.5807704e-03
  -2.6410003e-02  -1.2202749e+00   1.4957764e+00  -1.0324272e-02  -1.0299114e-02   8.8823464e-03
  -1.1016927e-02  -1.2398994e+00   1.5289585e+00  -1.0925726e-02  -1.0233520e-02   9.1176771e-03
  -3.2868989e-02  -1.1984967e+00   1.4689992e+00  -1.0244380e-02  -1.0511750e-02   8.7516028e-03
  -1.1999501e-02  -1.2558177e+00   1.5501036e+00  -1.0059890e-02  -1.0279852e-02   8.0781917e-03
  -8.0009198e-02  -1.1779228e+00   1.4812744e+00  -9.7174617e-03  -1.0674170e-02   7.9885382e-03
  -5.7842694e-02  -1.2414483e+00   1.4986208e+00  -1.0616282e-02  -1.0711205e-02   8.7582569e-03
  -1.2025800e-02  -1.1301040e+00   1.5075302e+00  -9.4627712e-03  -1.0186238e-02   8.8047554e-03
  -1.8299602e-01  -9.0306158e-01   9.6882056e-01  -7.7970856e-03  -8.6714987e-03   3.0916852e-03
  -5.7636368e-01  -7.2040028e-01   1.3989216e+00  -4.7446193e-03  -1.2382726e-02  -2.8737877e-03
  -5.8982236e-01  -8.8465156e-01   1.3108703e+00  -5.8859834e-03  -1.3168808e-02  -7.2740406e-04
  -4.5648796e-01  -8.2524749e-01   1.4027292e+00  -5.6483611e-03  -1.2130491e-02   8.7579632e-04
  -4.5166721e-01  -1.0044605e+00   1.4339482e+00  -7.6499999e-03  -1.2836153e-02   2.5679182e-03
  -3.9603257e-01  -9.0296884e-01   1.5185503e+00  -7.3131612e-03  -1.2431756e-02   3.2001014e-03
  -3.5843002e-01  -1.0647073e+00   1.4756775e+00  -8.1928177e-03  -1.2532498e-02   4.7486601e-03
  -3.0935373e-01  -9.5325511e-01   1.4840785e+00  -7.1342614e-03  -1.1774847e-02   5.3982572e-03
  -3.1288027e-01  -1.1160072e+00   1.4856539e+00  -7.7100851e-03  -1.1897387e-02   5.1146425e-03
  -3.0787953e-01  -9.8875901e-01   1.5084842e+00  -6.9591692e-03  -1.1898556e-02   5.1406915e-03
  -3.8540590e-01  -1.1658906e+00   1.5454125e+00  -7.9410683e-03  -1.2475844e-02   4.4734524e-03
  -4.0597577e-01  -1.1133098e+00   1.5501392e+00  -7.3816846e-03  -1.2866480e-02   4.8037528e-03
  -3.8721052e-01  -1.1486904e+00   1.5606197e+00  -7.9904799e-03  -1.2939819e-02   5.2586381e-03
  -3.8044632e-01  -1.0107238e+00   1.5378851e+00  -6.6110402e-03  -1.3096739e-02   5.5785588e-03
  -3.6307893e-01  -1.1651077e+00   1.5550832e+00  -6.8854404e-03  -1.2841934e-02   5.1358381e-03
  -3.5861465e-01  -1.1192169e+00   1.5697312e+00  -8.2475015e-03  -1.2854310e-02   5.2098405e-03
  -3.6977624e-01  -1.1185397e+00   1.5067679e+00  -7.6416270e-03  -1.3198039e-02   5.4156690e-03
  -3.5740797e-01  -1.1711842e+00   1.6027756e+00  -8.0836405e-03  -1.3043936e-02   5.4239014e-03
  -3.5521248e-01  -1.1152061e+00   1.5146424e+00  -7.0549010e-03  -1.3130593e-02   6.3854857e-03
  -3.2653585e-01  -1.1801840e+00   1.5706697e+00  -8.4692527e-03  -1.3153772e-02   6.7606632e-03
  -3.2620677e-01  -1.0944788e+00   1.5736498e+00  -7.3942200e-03  -1.2986724e-02   6.2020658e-03
  -3.4829280e-01  -1.2067932e+00   1.5711569e+00  -7.4480827e-03  -1.3300675e-02   6.3885732e-03
  -3.1029577e-01  -1.1307712e+00   1.6063158e+00  -7.2558545e-03  -1.3164078e-02   6.9948873e-03
  -3.3005427e-01  -1.1177318e+00   1.6142142e+00  -7.8802858e-03  -1.3583990e-02   6.6075904e-03
  -3.0732801e-01  -1.1312298e+00   1.4982613e+00  -7.5421647e-03  -1.3696440e-02   7.4988282e-03
  -3.1830483e-01  -1.1629424e+00   1.6230488e+00  -7.9278644e-03  -1.3683808e-02   7.5857054e-03
  -2.8507265e-01  -1.0976482e+00   1.5192250e+00  -7.6249530e-03  -1.3413106e-02   7.5727235e-03
  -2.7313526e-01  -1.2204964e+00   1.5801619e+00  -8.1003236e-03  -1.3499108e-02   7.3467405e-03
  -2.6163584e-01  -1.1373342e+00   1.6893672e+00  -8.5195934e-03  -1.3366291e-02   7.2766059e-03
  -2.7257687e-01  -1.1694214e+00   1.5517663e+00  -7.7619908e-03  -1.3572757e-02   7.2399127e-03
  -3.2868581e-01  -1.1403104e+00   1.6122957e+00  -8.1089730e-03  -1.4098892e-02   6.8362911e-03
  -3.2091006e-01  -1.0994784e+00   1.5129351e+00  -7.6618132e-03  -1.3887549e-02   7.2785929e-03
  -3.2671814e-01  -1.1751163e+00   1.5804403e+00  -8.2000702e-03  -1.4047182e-02   6.6805290e-03
  -3.3178604e-01  -1.1447636e+00   1.5507766e+00  -7.6566911e-03  -1.4113723e-02   7.0910765e-03
  -3.0560518e-01  -1.1193662e+00   1.6127293e+00  -7.6325078e-03  -1.4041130e-02   7.5123665e-03
  -2.8791037e-01  -1.1643558e+00   1.5829499e+00  -8.3395317e-03  -1.3963851e-02   7.6991896e-03
  -2.7598217e-01  -1.0796441e+00   1.5724011e+00  -7.7420248e-03  -1.3723325e-02   7.9949734e-03
  -2.7863751e-01  -1.2138333e+00   1.5707218e+00  -7.9124573e-03  -1.4066247e-02   8.1959950e-03
  -2.9459861e-01  -1.0650631e+00   1.5997042e+00  -8.3353902e-03  -1.3911864e-02   8.1378421e-03
  -2.9793370e-01  -1.2801870e+00   1.5705111e+00  -8.8066292e-03  -1.4182082e-02   8.5207577e-03
  -2.9065516e-01  -1.1141124e+00   1.6593601e+00  -8.0797352e-03  -1.3766021e-02   8.1795224e-03
  -2.7009200e-01  -1.2596155e+00   1.5588216e+00  -8.0566233e-03  -1.3854640e-02   9.1588995e-03
  -1.8927290e-01  -1.1495883e+00   1.6320074e+00  -8.0453923e-03  -1.2887527e-02   9.5568519e-03
  -2.2908874e-01  -1.2359762e+00   1.5862002e+00  -8.7943661e-03  -1.3314667e-02   9.2209116e-03
  -2.4427535e-01  -1.1331796e+00   1.6050662e+00  -8.2085819e-03  -1.3039875e-02   8.9466094e-03
  -2.3150712e-01  -1.2687977e+00   1.5948504e+00  -8.7405410e-03  -1.2984142e-02   8.9780463e-03
  -2.0864430e-01  -1.1165829e+00   1.6451894e+00  -8.2935130e-03  -1.3142127e-02   9.3566985e-03
  -2.4611172e-01  -1.2626814e+00   1.5765375e+00  -8.2489014e-03  -1.3481572e-02   8.2438567e-03
  -2.4131531e-01  -1.2013254e+00   1.6326278e+00  -9.1155026e-03  -1.3464923e-02   8.5470578e-03
  -2.4660262e-01  -1.1865944e+00   1.5721708e+00  -8.2793157e-03  -1.3345121e-02   8.4928895e-03
  -2.1034448e-01  -1.1948436e+00   1.6238978e+00  -8.1897239e-03  -1.3113153e-02   8.6883238e-03
  -2.1938064e-01  -1.2092264e+00   1.6157474e+00  -8.9399941e-03  -1.3329000e-02   8.9576602e-03
  -2.2411935e-01  -1.1492353e+00   1.5375238e+00  -7.5329767e-03  -1.2934668e-02   9.0074332e-03
  -5.4493030e-01  -8.2048449e-01   7.9976014e-01  -3.7240350e-03  -1.3232370e-02   1.3168698e-03
  -6.3362733e-01  -2.3979321e-01   6.4100790e-01  -5.7855079e-03  -1.6099073e-02   1.2057794e-03
  -4.9402320e-01  -3.8029265e-01   9.1376319e-01  -2.7941960e-03  -1.4664766e-02   2.0940724e-03
  -4.3901983e-01  -3.9682639e-01   9.7313251e-01  -4.3571630e-03  -1.4614435e-02   3.2881561e-03
  -4.7329074e-01  -3.9748754e-01   9.7007522e-01  -3.1863806e-03  -1.5761405e-02   3.1203825e-03
  -5.0029804e-01  -4.6215637e-01   9.7646647e-01  -3.8401617e-03  -1.6116958e-02   4.3202833e-03
  -4.9441670e-01  -3.6814982e-01   1.0907821e+00  -3.0084514e-03  -1.4571697e-02   1.7723101e-03
  -5.3310051e-01  -5.6240848e-01   9.8063294e-01  -3.8681752e-03  -1.5311675e-02   2.5969365e-03
  -5.3977287e-01  -4.3929055e-01   1.1806681e+00  -3.6628715e-03  -1.6017860e-02   2.9793606e-03
  -5.9763388e-01  -5.5373555e-01   1.0313413e+00  -2.7931089e-03  -1.7298091e-02   3.7844872e-03
  -6.1503213e-01  -5.1759827e-01   1.0654176e+00  -4.8564259e-03  -1.7683653e-02   4.1971967e-03
  -6.0065740e-01  -4.8044153e-01   1.1120485e+00  -3.9769029e-03  -1.7292267e-02   4.2748820e-03
  -6.4833583e-01  -5.5161100e-01   1.1470050e+00  -4.2774208e-03  -1.8091807e-02   4.6843437e-03
  -6.8370759e-01  -4.7601586e-01   1.1580665e+00  -3.7803119e-03  -1.8459501e-02   4.1982017e-03
  -7.2384319e-01  -5.9683410e-01   1.1306665e+00  -4.0261538e-03  -1.8040082e-02   4.1354666e-03
  -7.4702279e-01  -4.5289181e-01   1.1460143e+00  -3.6286260e-03  -1.7818315e-02   3.1796162e-03
  -7.2125144e-01  -6.3059527e-01   1.1093587e+00  -3.5712186e-03  -1.7929001e-02   3.9507188e-03
  -7.1621225e-01  -5.6689026e-01   1.2174277e+00  -4.8062946e-03  -1.7942748e-02   4.1286222e-03
  -7.2660766e-01  -5.5247653e-01   1.1478168e+00  -4.2437162e-03  -1.7654928e-02   3.4784199e-03
  -7.2522552e-01  -6.6275426e-01   1.1145834e+00  -4.1698422e-03  -1.7978421e-02   3.9944194e-03
  -7.2422380e-01  -5.6322196e-01   1.2151114e+00  -3.8999806e-03  -1.7795842e-02   3.9468559e-03
  -7.4235846e-01  -6.4732568e-01   1.2255863e+00  -4.6904254e-03  -1.8257670e-02   4.0698567e-03
  -7.1276517e-01  -5.3258058e-01   1.2044165e+00  -3.4053310e-03  -1.7978289e-02   3.8596971e-03
  -7.3327689e-01  -6.3791585e-01   1.1610617e+00  -4.1527702e-03  -1.8381676e-02   4.5810113e-03
  -7.2710798e-01  -5.1452538e-01   1.1745473e+00  -3.7811469e-03  -1.7836348e-02   4.2465859e-03
  -7.4519915e-01  -6.6839593e-01   1.1568517e+00  -3.8298237e-03  -1.8197705e-02   4.5339630e-03
  -7.3271309e-01  -5.6996698e-01   1.2094626e+00  -4.6310600e-03  -1.8183500e-02   4.6446033e-03
  -7.2848344e-01  -6.3142895e-01   1.1692257e+00  -3.5619903e-03  -1.7926236e-02   4.7755601e-03
  -6.9705011e-01  -6.3185167e-01   1.2282288e+00  -4.1732762e-03  -1.7499830e-02   4.8940393e-03
  -6.8182491e-01  -6.0484779e-01   1.2251493e+00  -4.3067126e-03  -1.7579077e-02   5.4615790e-03
  -6.8617884e-01  -5.7088740e-01   1.2259386e+00  -3.3451875e-03  -1.7307996e-02   4.7428854e-03
  -7.3744221e-01  -5.2867745e-01   9.4757889e-01  -2.4475880e-03  -1.7418898e-02   3.7346469e-03
  -6.6677158e-01  -4.8355523e-01   1.0669323e+00  -3.9994812e-03  -1.7340441e-02   4.6936679e-03
  -6.9106838e-01  -5.3581271e-01   1.1634995e+00  -3.9962190e-03  -1.8016252e-02   4.8393415e-03
  -6.7808485e-01  -5.0024705e-01   1.1488623e+00  -2.1532976e-03  -1.7819840e-02   4.4943094e-03
  -7.5740263e-01  -5.2890673e-01   9.9299774e-01  -6.0965846e-03  -1.8419064e-02   3.5547848e-03
  -8.0043863e-01  -4.5594731e-01   9.7454784e-01  -7.3363343e-03  -1.9194152e-02   4.3158581e-03
  -7.9222265e-01  -5.4353536e-01   1.0106408e+00  -5.4036030e-03  -1.9012704e-02   4.4427991e-03
  -7.8206790e-01  -4.7352361e-01   1.1214552e+00  -4.7560860e-03  -1.9200424e-02   4.6790127e-03
  -7.5627277e-01  -6.0166236e-01   1.0547192e+00  -4.9672722e-03  -1.9248048e-02   5.4063434e-03
  -7.5126090e-01  -5.2480215e-01   1.1273826e+00  -5.3603634e-03  -1.9577853e-02   5.7429260e-03
  -7.5906692e-01  -6.0771091e-01   1.0860217e+00  -5.3320261e-03  -1.9439677e-02   4.8744380e-03
  -8.1006272e-01  -5.2102828e-01   1.1760493e+00  -5.0687197e-03  -1.9501432e-02   4.0786604e-03
  -7.8007198e-01  -6.3460379e-01   1.1076588e+00  -5.3306752e-03  -1.9286242e-02   4.9822968e-03
  -7.4881846e-01  -5.2216902e-01   1.1582635e+00  -5.0743719e-03  -1.9078523e-02   5.3324356e-03
  -7.4650076e-01  -6.8505928e-01   1.1230772e+00  -4.8770009e-03  -1.9227285e-02   5.5440860e-03
  -7.6354562e-01  -5.7939171e-01   1.1974470e+00  -5.2119523e-03  -1.9410522e-02   5.7513081e-03
  -7.6874590e-01  -6.3471630e-01   1.1132863e+00  -4.5355017e-03  -1.9585262e-02   5.8647656e-03
  -7.7679281e-01  -5.7692241e-01   1.1846113e+00  -5.0315653e-03  -1.9934468e-02   5.8124943e-03
  -7.8203247e-01  -6.5367986e-01   1.1569773e+00  -5.2273621e-03  -1.9773131e-02   5.5247625e-03
  -7.8135267e-01  -6.0252052e-01   1.1212187e+00  -4.9083020e-03  -1.9539175e-02   6.0039514e-03
  -8.5670227e-01  -5.4264207e-01   1.2089794e+00  -5.0688909e-03  -2.0464371e-02   5.4567257e-03
  -8.2023607e-01  -6.4864918e-01   1.0777831e+00  -4.9851489e-03  -2.0063655e-02   5.9204741e-03
  -8.4700645e-01  -5.3911273e-01   1.2220723e+00  -5.2180419e-03  -2.0363377e-02   5.1699079e-03
  -8.6483358e-01  -6.7426049e-01   1.1246214e+00  -4.8763998e-03  -2.0442359e-02   4.9486761e-03
  -9.0121288e-01  -6.0536225e-01   1.2227249e+00  -5.5826781e-03  -2.0737856e-02   4.6499812e-03
  -8.6029716e-01  -5.8955383e-01   1.1317078e+00  -4.8301972e-03  -2.0280942e-02   4.9028375e-03
  -8.1846479e-01  -6.4871136e-01   1.1290804e+00  -5.0854230e-03  -1.9948086e-02   5.8674703e-03
  -8.0457432e-01  -4.8746261e-01   1.1870665e+00  -5.1371243e-03  -1.9764344e-02   6.1954665e-03
  -7.6717088e-01  -6.4780311e-01   1.0851235e+00  -5.5043960e-03  -1.9465538e-02   5.9892659e-03
  -7.2636521e-01  -5.2926040e-01   1.1939686e+00  -4.5714767e-03  -1.8950905e-02   6.4527067e-03
  -7.0992267e-01  -6.5059121e-01   1.1052139e+00  -5.4399752e-03  -1.8976543e-02   6.6344213e-03
  -7.6317618e-01  -4.3583400e-01   1.0047582e+00  -8.4837778e-03  -1.9148750e-02   5.7507768e-03
  -6.2289330e-01  -3.2230754e-01  -5.3486897e-02  -1.4652630e-02  -1.5248840e-02   5.9249232e-03
  -5.0785293e-01  -1.7346739e-01   2.0469847e-01  -1.0103190e-02  -1.3761911e-02   2.5217459e-03
  -4.4954406e-01  -2.8468207e-01   4.4091547e-01  -9.1393180e-03  -1.3607920e-02   3.0812484e-03
  -4.7226524e-01  -3.2171628e-01   5.3308143e-01  -1.0378194e-02  -1.4434424e-02   3.2578930e-03
  -4.9385972e-01  -3.4107972e-01   5.6702016e-01  -8.0868110e-03  -1.4599216e-02   2.6049034e-03
  -5.1226825e-01  -4.3101422e-01   6.7153931e-01  -7.9797306e-03  -1.5034995e-02   3.4636649e-03
  -4.8878824e-01  -3.8051065e-01   7.7770785e-01  -7.5607349e-03  -1.5374556e-02   4.2944882e-03
  -5.4246926e-01  -4.7173134e-01   7.8457646e-01  -8.4024122e-03  -1.6308029e-02   4.6907873e-03
  -5.3738151e-01  -3.9845001e-01   7.4157639e-01  -7.2662363e-03  -1.5604604e-02   4.2123112e-03
  -6.2432367e-01  -4.8792128e-01   7.8722764e-01  -7.3294340e-03  -1.6997329e-02   5.0915662e-03
  -6.1510804e-01  -4.1984728e-01   8.3871302e-01  -7.3353861e-03  -1.7062614e-02   5.3625496e-03
  -6.4476791e-01  -5.4657706e-01   8.6809825e-01  -6.4671390e-03  -1.7403118e-02   5.5629624e-03
  -6.0801776e-01  -4.3679915e-01   9.2760804e-01  -6.1793019e-03  -1.6736567e-02   5.8637403e-03
  -6.3459441e-01  -5.3280037e-01   8.2818178e-01  -6.3065873e-03  -1.7318749e-02   6.3228766e-03
  -5.7894016e-01  -4.1522859e-01   9.0386874e-01  -5.7939202e-03  -1.6381754e-02   6.8395575e-03
  -5.9152637e-01  -5.0952652e-01   8.8099058e-01  -6.8118930e-03  -1.6795173e-02   6.4419455e-03
  -6.0882746e-01  -4.2048857e-01   8.9398786e-01  -6.2239299e-03  -1.6570390e-02   6.0059151e-03
  -5.9878990e-01  -5.3900536e-01   8.6411357e-01  -6.6918507e-03  -1.6782126e-02   6.4122828e-03
  -5.8669755e-01  -3.8724711e-01   9.2754456e-01  -6.2053313e-03  -1.6407373e-02   6.5505887e-03
  -5.9455931e-01  -4.9696568e-01   7.7713469e-01  -5.7250439e-03  -1.6622690e-02   6.2871463e-03
  -5.9066714e-01  -4.3651389e-01   9.0722024e-01  -6.0361182e-03  -1.6740557e-02   6.4533855e-03
  -6.2926242e-01  -4.8582457e-01   8.8994962e-01  -6.9617448e-03  -1.7001959e-02   6.2178295e-03
  -6.2884141e-01  -4.1769323e-01   9.1279209e-01  -6.1357613e-03  -1.6857747e-02   6.0679636e-03
  -6.0515114e-01  -5.1521323e-01   8.8777758e-01  -5.9182913e-03  -1.6685501e-02   6.3063903e-03
  -6.3925020e-01  -3.8731964e-01   9.5036842e-01  -6.2199286e-03  -1.7339774e-02   6.1521961e-03
  -6.5251491e-01  -5.3065035e-01   8.3562670e-01  -6.4638065e-03  -1.7369844e-02   6.0064583e-03
  -6.5861519e-01  -3.8396489e-01   9.5750092e-01  -6.3336273e-03  -1.7415309e-02   5.8408045e-03
  -6.4835879e-01  -5.1089467e-01   8.9715104e-01  -6.0724957e-03  -1.7548538e-02   6.2163475e-03
  -6.3042059e-01  -4.3039486e-01   1.0068148e+00  -6.3644735e-03  -1.7520686e-02   6.2076640e-03
  -6.4770202e-01  -4.5964796e-01   9.2130082e-01  -5.9805657e-03  -1.7674306e-02   6.0350966e-03
  -6.7395299e-01  -4.8076723e-01   1.0073196e+00  -6.3739971e-03  -1.7835574e-02   5.8198417e-03
  -6.5228678e-01  -4.8233660e-01   9.2123955e-01  -5.8860729e-03  -1.7381957e-02   6.1728079e-03
  -6.1938459e-01  -5.1448191e-01   9.7694338e-01  -7.0843799e-03  -1.7189501e-02   6.2805667e-03
  -6.3873406e-01  -4.5193823e-01   9.4097106e-01  -5.9637348e-03  -1.7054003e-02   6.0720701e-03
  -6.3364809e-01  -4.5660077e-01   1.0152708e+00  -7.1000515e-03  -1.7084074e-02   6.0581934e-03
  -6.5374968e-01  -4.2734372e-01   9.2853779e-01  -6.1546855e-03  -1.7341841e-02   6.1035989e-03
  -6.6490009e-01  -5.4513276e-01   9.8263928e-01  -6.6498270e-03  -1.7657687e-02   6.3442665e-03
  -6.3565032e-01  -3.8220591e-01   1.0644420e+00  -6.0216484e-03  -1.6931687e-02   6.3491673e-03
  -6.2716009e-01  -5.5657404e-01   9.3768675e-01  -6.6221172e-03  -1.7014571e-02   6.7641808e-03
  -6.1537329e-01  -4.7033683e-01   1.0455146e+00  -6.4626298e-03  -1.7067737e-02   7.0932617e-03
  -6.2760022e-01  -5.1289487e-01   9.7068247e-01  -5.9903790e-03  -1.7080956e-02   7.0737162e-03
  -6.2848628e-01  -4.1331168e-01   1.0090970e+00  -6.0015060e-03  -1.6941000e-02   7.1891177e-03
  -8.9397415e-01  -3.1911624e-01   8.7016893e-01   1.6216863e-03  -1.7642591e-02   3.2657323e-03
  -6.4169612e-01  -3.0774013e-01   1.0033278e+00  -2.4522895e-03  -1.5853644e-02   5.5476488e-03
  -7.0851709e-01  -2.9374430e-01   9.8937100e-01  -1.4587059e-03  -1.6507781e-02   5.0357486e-03
  -7.4845114e-01  -4.2647678e-01   1.0418729e+00  -2.4122843e-03  -1.7113949e-02   5.5239696e-03
  -7.0789433e-01  -3.2279129e-01   1.0824719e+00  -1.8249757e-03  -1.6517314e-02   5.9211947e-03
  -7.2651960e-01  -4.3787899e-01   9.6219164e-01  -2.2467774e-03  -1.6926354e-02   6.4714090e-03
  -7.0209864e-01  -3.5552073e-01   1.1418777e+00  -3.2861042e-03  -1.6817744e-02   6.3974302e-03
  -7.2528818e-01  -4.7498544e-01   1.0501709e+00  -2.7119350e-03  -1.7100132e-02   6.2455691e-03
  -7.2386386e-01  -3.8496222e-01   1.1323885e+00  -2.7313610e-03  -1.6978590e-02   6.2423733e-03
  -7.3246790e-01  -4.4455828e-01   9.7496478e-01  -2.3799053e-03  -1.7014988e-02   6.6342977e-03
  -7.7324375e-01  -3.5210883e-01   1.1349261e+00  -3.4532510e-03  -1.7365443e-02   6.2085099e-03
  -8.2010941e-01  -4.6211558e-01   1.0444975e+00  -2.4899192e-03  -1.8004681e-02   6.0477787e-03
