   0.0000000e+00   0.0000000e+00   1.4210855e-14   0.0000000e+00   0.0000000e+00   0.0000000e+00
   8.4393826e-01   2.0789257e-02   6.1194470e-02   2.8441573e-03   1.3578214e-02   5.5100011e-03
   6.9594740e-01  -5.3917271e-02   5.3703556e-02   2.4765689e-03   1.0877607e-02   3.2414349e-03
   5.8393645e-01   2.7273437e-02   8.6813426e-02   3.7337766e-03   9.4589202e-03   3.6961981e-03
   5.8342422e-01   1.8399590e-02  -6.7419267e-02   3.9607197e-03   9.7240073e-03   3.5045392e-03
   5.2738020e-01   9.8824908e-02   5.9460947e-02   3.6339398e-03   8.6924323e-03   3.5703577e-03
   5.2372349e-01   4.4918280e-02  -9.8137478e-03   3.6733833e-03   8.8385107e-03   3.6874769e-03
   4.9407841e-01   9.4639629e-02   6.3324982e-02   3.9323005e-03   8.4065126e-03   4.0554073e-03
   4.7951463e-01   5.8069625e-02   2.5172239e-02   4.2094094e-03   8.5373466e-03   4.3695700e-03
   4.8228440e-01   8.3315474e-02   6.8094084e-02   3.6880506e-03   8.5611171e-03   4.4321012e-03
   4.8354027e-01   5.8081438e-02  -1.2198565e-02   4.1481160e-03   8.4377954e-03   4.6130318e-03
   4.5300540e-01   1.0947959e-01   9.1392786e-02   4.3312189e-03   7.8285001e-03   4.8456956e-03
   4.8930502e-01   1.1880493e-01  -7.8526103e-03   5.4265771e-03   8.2858271e-03   4.9834068e-03
   4.7396163e-01   1.2381115e-01   9.5910739e-02   5.3117841e-03   8.0284179e-03   5.2764170e-03
   5.0067354e-01   1.3392448e-01   2.4857131e-02   5.7460757e-03   8.3045443e-03   5.2941731e-03
   4.6929730e-01   1.1193474e-01   1.9060159e-02   5.4697774e-03   7.9908751e-03   5.2112725e-03
   4.8316908e-01   1.7668694e-01   4.6988148e-02   6.0354379e-03   8.1289200e-03   5.2847354e-03
   4.8064210e-01   1.4881647e-01  -2.6364745e-02   6.9716550e-03   8.1368808e-03   5.4795598e-03
   4.8140505e-01   2.1146143e-01  -3.2123065e-02   7.0128563e-03   7.9923317e-03   5.6281746e-03
   4.5686227e-01   2.2073502e-01  -6.0791983e-02   7.7593497e-03   7.5216217e-03   5.6201149e-03
   4.5287978e-01   2.7132588e-01   1.4781376e-02   8.2817895e-03   7.3525473e-03   5.9796213e-03
   4.5508476e-01   2.3284731e-01   3.5541827e-02   8.9141963e-03   7.6056670e-03   6.0748942e-03
   4.4195146e-01   2.6448119e-01   2.5876192e-02   7.9697850e-03   7.3890795e-03   6.0955042e-03
   4.4742616e-01   2.4433764e-01   1.6687821e-02   8.8786479e-03   7.5236412e-03   6.1460861e-03
   3.2279012e-01  -3.3200386e-02   6.8986205e-01   8.2601470e-04   6.9500784e-03   4.8402511e-03
   1.9325689e-01   9.3039144e-02   8.3868859e-01   2.7050276e-03   4.9751198e-03   2.4092877e-03
   3.0892123e-01   8.3595519e-02   3.0204067e-01   7.9184560e-03   6.2470699e-03   1.6112181e-03
   3.8965058e-01   2.5711066e-01  -1.3015817e-01   8.3054389e-03   6.5167739e-03   2.7454927e-03
   3.2431475e-01   3.0504258e-01   1.4294194e-01   8.5338927e-03   5.6529565e-03   3.0179111e-03
   3.3944454e-01   2.9174589e-01   5.1371948e-02   8.5988690e-03   5.9955871e-03   3.2035863e-03
   3.5027763e-01   2.8822629e-01   1.4228304e-01   8.4556854e-03   6.2829582e-03   3.0674948e-03
   3.7838236e-01   2.8931650e-01   3.8467354e-02   8.9690279e-03   6.3930130e-03   3.5703656e-03
   3.4091140e-01   3.0210527e-01   1.5328502e-01   9.1009974e-03   5.7880306e-03   3.7996731e-03
   3.8000445e-01   2.9964229e-01   4.2619043e-02   8.9141167e-03   6.3620684e-03   3.8412960e-03
   3.7995727e-01   3.0816351e-01   3.5830343e-02   9.8026281e-03   6.4251250e-03   4.0549993e-03
   4.1014371e-01   3.1995376e-01   2.5748719e-03   9.0837396e-03   6.7200369e-03   4.0499515e-03
   3.9039678e-01   3.1694101e-01   5.4459739e-02   9.6781996e-03   6.5573870e-03   4.2115413e-03
   4.0984825e-01   3.3483268e-01   2.1347688e-02   9.3581354e-03   6.6615944e-03   4.2348165e-03
   4.2786759e-01   3.0919851e-01  -8.0381889e-03   1.0090047e-02   6.9644405e-03   4.3510029e-03
   4.0303310e-01   3.5420059e-01   4.4402546e-02   9.6325300e-03   6.7644062e-03   4.6154551e-03
   4.0572962e-01   2.9906576e-01   3.4610173e-02   1.0095589e-02   6.7951911e-03   4.7002452e-03
   4.1146799e-01   3.3089728e-01   5.2933979e-02   9.8480264e-03   6.8908943e-03   4.8054830e-03
   4.2253784e-01   3.3273492e-01  -1.3851214e-02   1.0813337e-02   7.2772543e-03   5.1018612e-03
   4.3166261e-01   3.7219599e-01   5.3880914e-02   1.0023212e-02   7.3547433e-03   5.1692388e-03
   4.3651671e-01   3.5054484e-01  -6.9279454e-03   1.0661163e-02   7.4765688e-03   5.0610537e-03
   4.4039703e-01   3.8674182e-01   4.4635685e-02   1.0515311e-02   7.5320366e-03   5.2612762e-03
   4.6311282e-01   3.7955671e-01  -5.9027846e-02   1.0978004e-02   7.9415724e-03   5.3055685e-03
   4.6309060e-01   4.0241578e-01   1.5650457e-02   1.0668076e-02   7.9441210e-03   5.3924600e-03
   4.6596644e-01   3.7916457e-01  -3.8396871e-02   1.1140042e-02   7.9895311e-03   5.5681613e-03
   4.5303069e-01   3.9345951e-01   4.3349029e-02   1.0614068e-02   8.0072808e-03   5.5469001e-03
   4.7522507e-01   3.6800607e-01  -5.6261130e-02   1.0732079e-02   8.4040892e-03   5.4388578e-03
   4.7067443e-01   4.0802168e-01  -4.8888676e-03   1.1125138e-02   8.1559586e-03   5.6534778e-03
   4.8060128e-01   4.1597290e-01  -7.9674198e-02   1.1649569e-02   8.2839675e-03   5.7238119e-03
   4.6213931e-01   4.2076533e-01   3.5382613e-02   1.1175112e-02   8.2037782e-03   5.7569678e-03
   4.6293434e-01   4.0798519e-01  -3.6695648e-02   1.1837816e-02   7.8590509e-03   5.9078411e-03
   4.5524175e-01   4.0709683e-01   4.6090499e-02   1.1570961e-02   8.0655079e-03   6.1363857e-03
   4.6695703e-01   3.9442458e-01  -4.3954033e-02   1.1165022e-02   8.3280066e-03   5.9654508e-03
   4.6126466e-01   3.8160133e-01   1.8760343e-02   1.1302474e-02   8.2895933e-03   5.9142456e-03
   4.6905451e-01   4.0584478e-01  -4.6507315e-02   1.1575454e-02   8.1912085e-03   6.0166537e-03
   4.4145107e-01   4.0294826e-01   7.0996377e-02   1.1622782e-02   8.0116863e-03   6.4209069e-03
   4.7258890e-01   4.1406283e-01   6.8941961e-02   1.0977955e-02   8.6972546e-03   6.9434053e-03
   4.6490429e-01   3.8017111e-01   7.6142674e-02   1.1601942e-02   8.5671293e-03   6.6734433e-03
   4.7687488e-01   3.9919971e-01   4.7792788e-02   1.1104777e-02   8.7128948e-03   6.6840390e-03
   4.5958644e-01   3.7419753e-01   4.2342970e-02   1.1169194e-02   8.5529790e-03   6.5462862e-03
   4.6142553e-01   4.1114237e-01   3.1633351e-02   1.1329936e-02   8.2376502e-03   6.5922578e-03
   4.4484728e-01   3.9122601e-01   6.6610402e-02   1.1939079e-02   8.2498303e-03   6.7067476e-03
   4.5811575e-01   3.9638774e-01   3.5815372e-02   1.0483447e-02   8.4035923e-03   6.5853935e-03
   4.4935843e-01  -8.7507013e-02   2.6951701e-02  -2.4124852e-04   1.0589231e-02   4.9521771e-03
   2.7333413e-01  -3.3598691e-01  -1.8084403e-01  -8.4614890e-03   8.2314184e-03   4.3189112e-03
   2.7353019e-01  -1.9284276e-01  -4.3159021e-01  -5.5704832e-04   7.7864924e-03   4.7249342e-03
   3.2684736e-01   7.3519664e-02  -5.2902644e-01   1.1941895e-03   8.1214404e-03   5.6381509e-03
   4.5088510e-01   1.5224163e-01  -4.4655883e-01   4.4377092e-03   9.0757116e-03   6.0320553e-03
   4.4343174e-01   1.4093661e-01  -4.2439844e-01   4.8800102e-03   8.7139773e-03   6.0971743e-03
   4.5856796e-01   2.1568213e-01  -3.3202100e-01   5.5119230e-03   8.7647071e-03   6.0841005e-03
   4.3680295e-01   1.8149983e-01  -3.3049819e-01   6.3325031e-03   8.5818632e-03   6.2422430e-03
   4.3781001e-01   2.5251167e-01  -2.8464066e-01   6.3040526e-03   8.2199093e-03   6.2481510e-03
   4.2147283e-01   2.1315448e-01  -3.1560705e-01   7.3655654e-03   7.9514502e-03   6.2511041e-03
   4.3980014e-01   2.9606993e-01  -2.3225506e-01   7.5176350e-03   8.0394824e-03   6.4335720e-03
   4.4698871e-01   2.3943701e-01  -2.9000849e-01   7.8867564e-03   8.5681085e-03   6.4411275e-03
   4.5289273e-01   3.0431371e-01  -1.7869401e-01   7.5835641e-03   8.5661904e-03   6.8051158e-03
   4.6885436e-01   2.9151017e-01  -2.0594103e-01   9.0052144e-03   9.1509972e-03   7.4132434e-03
   4.7105555e-01   3.1470825e-01  -1.6065858e-01   8.3335901e-03   9.3341354e-03   7.4731225e-03
   4.9699442e-01   2.9563677e-01  -3.0513096e-01   8.6079032e-03   9.6044569e-03   7.3872533e-03
   4.7783627e-01   3.4160504e-01  -1.8766110e-01   9.2232521e-03   9.2308726e-03   7.6141828e-03
   4.9520696e-01   3.1574091e-01  -2.5023705e-01   8.9209838e-03   9.4780684e-03   7.5517148e-03
   4.9425978e-01   2.9401671e-01  -2.2334583e-01   8.7872008e-03   9.6553202e-03   7.3478002e-03
   4.8883235e-01   3.3090264e-01  -2.0208381e-01   9.0379066e-03   9.3600352e-03   7.6251321e-03
   4.7908221e-01   3.0561339e-01  -1.7272313e-01   9.7140426e-03   9.4927611e-03   7.8505192e-03
   4.5722700e-01   3.5114735e-01  -6.8709741e-02   9.4828067e-03   9.6023837e-03   8.2700090e-03
   5.3190524e-01   3.8871487e-01   1.2647366e-02   1.1441048e-02   1.2063795e-02   1.0744725e-02
   5.2745525e-01   3.7773162e-01  -3.7806011e-02   1.1057264e-02   1.2230880e-02   1.0667368e-02
   5.4841666e-01   3.3150325e-01  -1.2297934e-01   1.0716005e-02   1.2505362e-02   1.0266272e-02
   5.3258550e-01   3.8482786e-01  -6.4163064e-02   1.0687613e-02   1.1912984e-02   1.0449299e-02
   5.3294990e-01   3.8948222e-01  -7.9090330e-02   1.1525128e-02   1.2132757e-02   1.0686580e-02
   5.3216010e-01   3.8661778e-01  -6.7885956e-02   1.0752712e-02   1.2066808e-02   1.0388107e-02
   5.4782262e-01   4.0630630e-01  -1.5609148e-01   1.1310139e-02   1.2098491e-02   1.0521425e-02
   5.2891384e-01   3.9319249e-01  -5.0880273e-02   1.1475324e-02   1.2131692e-02   1.0562427e-02
   5.2890623e-01   4.0449131e-01  -1.2213537e-01   1.1077700e-02   1.1843841e-02   1.0720420e-02
   4.9944499e-01   4.4969017e-01   3.5547321e-02   1.3476406e-02   1.2281954e-02   1.1439861e-02
   4.9253628e-01   5.1844973e-01   1.1262616e-01   1.4359382e-02   1.1959890e-02   1.1246159e-02
   3.9814814e-01   5.3720315e-01  -1.9753677e-02   1.5242775e-02   1.0053855e-02   9.3873479e-03
   3.4959010e-01   5.6020646e-01   4.5324837e-02   1.4971919e-02   8.7455329e-03   8.9526997e-03
   3.5593974e-01   5.3914896e-01  -4.5246516e-02   1.5631463e-02   8.7762506e-03   8.3883482e-03
   2.8859157e-01   5.8311207e-01   1.1931537e-01   1.5394199e-02   8.4671214e-03   8.2063808e-03
   3.0228439e-01   5.5093014e-01   1.5201143e-02   1.5938197e-02   8.4057233e-03   8.1351256e-03
   2.2751901e-01   6.0884078e-01   1.3914233e-01   1.7027137e-02   7.3177107e-03   7.8240477e-03
   1.9575552e-01   6.3481997e-01   1.2975032e-02   1.7644405e-02   6.6128725e-03   7.2299466e-03
   1.3296690e-01   7.1704448e-01   1.7377675e-01   1.7929731e-02   6.1290781e-03   6.4617376e-03
   1.2165409e-01   6.4358076e-01   1.0052021e-01   1.6967938e-02   5.7200522e-03   5.8274003e-03
   8.4148765e-03   2.7596426e-01  -6.0765750e-02   7.4001727e-03   4.1164368e-03   3.4031044e-03
   7.5395922e-03   2.7762796e-01  -1.7322061e-01   8.0454586e-03   3.5834267e-03   2.7895809e-03
   2.7864653e-02   2.7198414e-01  -1.8617404e-02   7.8585460e-03   4.1451991e-03   2.0301341e-03
   7.2317100e-02   2.6089218e-01  -5.3562955e-02   8.1932709e-03   4.4486907e-03   1.4566810e-03
   1.2598447e-01   2.3937887e-01  -4.2563070e-02   7.4454403e-03   5.2251807e-03   5.4437074e-04
   1.7019108e-01   2.4728793e-01  -2.4043425e-01   7.9400303e-03   6.1005490e-03  -1.2889697e-04
   2.9513633e-01   3.2429546e-01  -1.6699104e-01   8.6648872e-03   8.0668348e-03  -4.4393084e-05
   3.6046621e-01   3.1412187e-01  -3.3152932e-01   1.0119084e-02   8.3146919e-03   3.5939652e-04
   3.7714454e-01   3.9321707e-01  -2.2875463e-01   1.0316332e-02   8.6500935e-03   3.6002339e-04
   4.4427047e-01   3.1558829e-01  -2.7448975e-01   8.4909719e-03   9.6931373e-03   8.1907222e-05
   5.2859643e-01   2.4994729e-01  -2.7410150e-01   7.1306989e-03   1.0211344e-02   9.3943358e-04
   5.9859644e-01   2.7991045e-01  -3.9991480e-01   9.0896884e-03   1.1347523e-02   1.7070264e-03
   6.3106068e-01   3.5340019e-01  -2.8060829e-01   9.7576786e-03   1.1832228e-02   1.8168491e-03
   6.4288455e-01   3.8355152e-01  -3.6658088e-01   1.0292954e-02   1.1899205e-02   2.0165228e-03
   6.2423708e-01   3.9724495e-01  -2.6325575e-01   1.1356397e-02   1.1589596e-02   2.4941401e-03
   5.9239706e-01   4.3149030e-01  -2.5170267e-01   1.1009451e-02   1.1630337e-02   1.6511854e-03
   5.9660845e-01   2.8551956e-01  -3.1379011e-01   7.2103457e-03   1.3200325e-02   2.0628747e-04
   5.5085813e-01   2.6781916e-01  -4.1437392e-01   7.6809120e-03   1.2637088e-02   4.8634728e-04
   6.1468002e-01   3.8104549e-01  -3.7628263e-01   9.9408759e-03   1.2454652e-02   1.5470933e-03
   6.9347935e-01   4.3499585e-01  -4.5304083e-01   1.1652611e-02   1.3315680e-02   1.6075855e-03
   6.9529741e-01   4.2251485e-01  -4.1273215e-01   1.0572676e-02   1.3043475e-02   1.3554737e-03
   6.9518654e-01   4.6531808e-01  -3.8385248e-01   1.1479744e-02   1.2865708e-02   1.6425155e-03
   6.9898733e-01   4.1704044e-01  -3.6232774e-01   1.1319064e-02   1.3139249e-02   1.6398492e-03
   7.1495424e-01   4.3794633e-01  -4.3938421e-01   1.1125766e-02   1.3162899e-02   1.6805152e-03
   6.9341815e-01   4.3698711e-01  -3.5604894e-01   1.1643291e-02   1.2723180e-02   1.8700116e-03
   6.8702594e-01   4.3754058e-01  -3.4927238e-01   1.1076562e-02   1.2126934e-02   1.8772918e-03
   6.7712011e-01   4.5794460e-01  -2.7517042e-01   1.2803561e-02   1.2201732e-02   2.0752221e-03
   7.0858547e-01   4.7152547e-01  -3.7014508e-01   1.2337105e-02   1.2499019e-02   1.9157056e-03
   7.2303962e-01   4.2855293e-01  -2.9976293e-01   1.1523186e-02   1.3415089e-02   1.7446372e-03
   5.5864303e-01   2.4283202e-01   3.2480052e-02   6.3711603e-03   1.2032433e-02   2.1657969e-04
   4.4766308e-01   9.6962517e-02   4.5595409e-02   6.0878990e-03   9.2862303e-03  -8.0001353e-05
   6.6212206e-01   3.5069017e-01  -3.1842785e-01   1.1123776e-02   1.1753382e-02   1.1286770e-03
   6.9141529e-01   3.6084507e-01  -2.8521721e-01   1.0419013e-02   1.2090887e-02   1.5804349e-03
   7.1121275e-01   4.1163827e-01  -2.4623688e-01   1.0416713e-02   1.2203387e-02   1.1552583e-03
   7.1503478e-01   3.8299801e-01  -3.8239743e-01   1.1461330e-02   1.2504572e-02   1.2944010e-03
   6.9935675e-01   4.6438137e-01  -3.4758682e-01   1.2065201e-02   1.1979944e-02   1.3976836e-03
   6.9427825e-01   4.7700452e-01  -3.8194166e-01   1.3470677e-02   1.2036193e-02   1.7000628e-03
   6.9291003e-01   5.3369604e-01  -3.2053467e-01   1.3327839e-02   1.1871468e-02   1.6643272e-03
   6.8084999e-01   5.2051048e-01  -3.0764720e-01   1.4329436e-02   1.1966622e-02   1.9712687e-03
   6.8302566e-01   5.6360067e-01  -2.2917923e-01   1.4118286e-02   1.1627019e-02   1.7465288e-03
   6.9473801e-01   4.9562512e-01  -2.9939232e-01   1.3988632e-02   1.1736747e-02   1.7560978e-03
   6.9212323e-01   5.3399951e-01  -3.1000908e-01   1.3481810e-02   1.1573199e-02   1.8192444e-03
   6.9742349e-01   4.9686766e-01  -2.2534981e-01   1.2929719e-02   1.1842200e-02   1.7019179e-03
   7.2019614e-01   5.1717003e-01  -3.0087489e-01   1.2668684e-02   1.1750791e-02   1.7766478e-03
   6.7594060e-01   4.7551019e-01  -3.3757429e-01   1.3087978e-02   1.1398736e-02   2.3118311e-03
   7.0723107e-01   5.0980795e-01  -3.8103288e-01   1.2980596e-02   1.1954635e-02   2.2249093e-03
   6.8259903e-01   5.1090082e-01  -3.1880322e-01   1.4256603e-02   1.1609943e-02   2.5318293e-03
   6.9311052e-01   5.2671423e-01  -3.6269069e-01   1.3528072e-02   1.1832761e-02   2.4957078e-03
   7.0332392e-01   5.0315518e-01  -3.4142941e-01   1.3818287e-02   1.2202668e-02   2.5827720e-03
   6.9886333e-01   5.1711619e-01  -3.4598976e-01   1.3137210e-02   1.2112388e-02   2.5323733e-03
   7.0251865e-01   5.0160094e-01  -3.7505090e-01   1.4102632e-02   1.2192086e-02   2.7684192e-03
   6.9238663e-01   5.3878054e-01  -3.7224943e-01   1.3648056e-02   1.2116517e-02   2.7311562e-03
   7.2471034e-01   5.2178143e-01  -4.2221840e-01   1.4050375e-02   1.2768026e-02   2.7533740e-03
   7.1150497e-01   5.4820454e-01  -3.4996782e-01   1.4023260e-02   1.2307518e-02   2.8516572e-03
   7.0528132e-01   5.3035850e-01  -2.9002934e-01   1.4584051e-02   1.2521282e-02   2.9835614e-03
   7.1382419e-01   5.4593271e-01  -3.3607008e-01   1.3904883e-02   1.2660967e-02   2.6503596e-03
   7.3125187e-01   4.9856663e-01  -3.9116094e-01   1.3969883e-02   1.2891330e-02   2.7115555e-03
   7.1471839e-01   5.3075773e-01  -3.2237345e-01   1.3786001e-02   1.2628079e-02   2.7693367e-03
   7.3651957e-01   5.1968658e-01  -3.8344679e-01   1.4000193e-02   1.3025754e-02   2.4999636e-03
   7.1913054e-01   5.1784177e-01  -2.7412735e-01   1.3018190e-02   1.2784848e-02   2.4288496e-03
   7.2044153e-01   5.3495038e-01  -4.3245342e-01   1.3999380e-02   1.2393909e-02   2.8040687e-03
   6.9679776e-01   5.5684765e-01  -3.1314395e-01   1.4296903e-02   1.2229072e-02   2.9107480e-03
   7.2871140e-01   5.3092361e-01  -4.3007808e-01   1.4050127e-02   1.2889433e-02   2.7634353e-03
   6.9895133e-01   5.3003825e-01  -3.2976994e-01   1.4178607e-02   1.2350379e-02   2.8257441e-03
   7.1286536e-01   5.5019740e-01  -3.5570478e-01   1.4636770e-02   1.2387719e-02   2.9032730e-03
   6.9171313e-01   5.2296875e-01  -2.9315861e-01   1.4356283e-02   1.2186234e-02   2.9021440e-03
   7.2165358e-01   5.8406323e-01  -4.0421090e-01   1.4794822e-02   1.2733911e-02   3.1016065e-03
   7.0812865e-01   5.6892092e-01  -3.5531487e-01   1.5578281e-02   1.2664757e-02   3.2096189e-03
   7.3348243e-01   5.6363596e-01  -2.0800198e-01   1.5709614e-02   1.4230033e-02   4.2324648e-03
   5.8956271e-01   2.8347620e-02   6.2306317e-01   1.8688680e-03   1.3725221e-02   4.3315093e-04
   1.0087658e-01  -4.4034354e-01  -5.6590168e-01  -4.9548016e-03   3.5653464e-03   4.2168162e-05
   2.7052260e-02  -1.1501139e-01  -8.7510384e-01  -4.7946232e-03   1.8213439e-03   7.8192774e-04
   1.9160156e-01   1.7020847e-01  -5.5233829e-01   4.7061732e-03   4.4488138e-03   3.6936636e-04
   1.8509556e-01   2.0471906e-01  -4.8232650e-01   6.4997822e-03   4.3113763e-03   6.0200258e-04
   1.9944162e-01   3.2001396e-01  -3.9173019e-01   7.6075300e-03   4.5082313e-03   8.3427968e-04
   2.1789140e-01   2.7595880e-01  -4.3288825e-01   8.0066102e-03   4.6330383e-03   7.0468697e-04
   2.0993540e-01   3.4242134e-01  -3.3314961e-01   7.7119556e-03   4.4482778e-03   6.6865648e-04
   2.2431438e-01   3.1736760e-01  -3.5116812e-01   9.2119443e-03   4.5078908e-03   1.1239349e-03
   2.7115470e-01   3.3001435e-01  -4.4640468e-01   7.5604330e-03   4.8172917e-03   8.4360497e-04
   2.6847151e-01   3.1669580e-01  -4.2210436e-01   8.5332727e-03   5.2442631e-03   9.3752615e-04
   2.7106334e-01   3.5367757e-01  -3.6823836e-01   7.8611336e-03   4.8826947e-03   9.6028747e-04
   2.9528067e-01   3.2226788e-01  -4.2472443e-01   9.0424288e-03   5.2519597e-03   1.2043989e-03
   2.7487025e-01   3.7307098e-01  -3.2811902e-01   8.7462864e-03   5.0112923e-03   1.2337125e-03
   3.0878252e-01   3.3725642e-01  -4.2461566e-01   9.1934077e-03   5.7040361e-03   1.3106700e-03
   2.9868856e-01   3.7742892e-01  -3.9299729e-01   9.0041170e-03   5.0045896e-03   1.3925032e-03
   3.1084456e-01   3.7341672e-01  -3.9396517e-01   1.0094739e-02   5.4771916e-03   1.5992636e-03
   3.0878346e-01   3.9586414e-01  -3.7686225e-01   9.6747081e-03   5.6433714e-03   1.5030844e-03
   3.2304714e-01   4.1005588e-01  -4.6584299e-01   1.0162370e-02   5.3158972e-03   1.7218110e-03
   2.9525044e-01   4.2598308e-01  -3.8766029e-01   1.0909805e-02   5.0435071e-03   2.0982962e-03
   2.9514688e-01   4.5632902e-01  -3.7037015e-01   1.0986119e-02   5.0487316e-03   2.2622553e-03
   2.7631843e-01   4.0924193e-01  -3.7242641e-01   1.1405835e-02   4.8234946e-03   2.5053318e-03
   2.9359446e-01   4.4292238e-01  -3.5606346e-01   1.1047259e-02   5.4589426e-03   2.6160669e-03
   3.4359217e-01   4.2533130e-01  -4.0171213e-01   1.0303958e-02   6.5733555e-03   2.6896743e-03
   3.1693821e-01   3.8070329e-01  -2.5590650e-01   9.7511051e-03   6.3147483e-03   3.0837677e-03
   3.4247611e-01   3.8733732e-01  -3.0381584e-01   9.4534487e-03   6.6774889e-03   3.0298143e-03
   3.9535879e-01   3.6959206e-01  -5.4673199e-01   8.9936125e-03   7.6806771e-03   2.6512643e-03
   3.7105475e-01   4.2483748e-01  -4.0443176e-01   1.0054388e-02   6.8467510e-03   3.0870524e-03
   3.8490150e-01   4.2372978e-01  -3.8942878e-01   1.0337813e-02   7.1960555e-03   3.1297922e-03
   3.7336962e-01   4.1278200e-01  -3.8881515e-01   1.0424053e-02   7.1248875e-03   3.3743642e-03
   3.8738276e-01   4.0314673e-01  -4.7851868e-01   1.0118378e-02   6.9144389e-03   3.1695344e-03
   3.8024500e-01   4.1236138e-01  -4.0777135e-01   1.0647701e-02   6.9560811e-03   3.2291491e-03
   3.7622198e-01   4.3403307e-01  -4.2924810e-01   1.0804917e-02   6.9619918e-03   3.6318909e-03
   3.5472110e-01   4.2083667e-01  -3.9222913e-01   1.1429627e-02   6.6979949e-03   3.7391822e-03
   2.7834143e-01   8.5103805e-02   3.3346021e-01   3.5791966e-03   5.7437561e-03   2.4824636e-03
   3.3424063e-01   1.5008103e-01   1.7575669e-01   7.5622592e-03   6.3427182e-03   2.1998985e-03
   3.9510249e-01   2.4017872e-01  -2.4799370e-01   8.6897340e-03   7.1521149e-03   2.5397723e-03
   4.0983588e-01   3.6602910e-01  -3.9779423e-01   1.0506672e-02   7.1210480e-03   2.7087568e-03
   3.9554270e-01   4.3605783e-01  -2.8095700e-01   1.0667473e-02   7.2586561e-03   2.9283792e-03
   4.0424297e-01   4.2945790e-01  -3.2288886e-01   1.1444811e-02   7.3581387e-03   3.0012189e-03
   3.8071020e-01   4.9563910e-01  -2.5704153e-01   1.1967271e-02   6.9871999e-03   3.3023368e-03
   3.9189345e-01   4.5062576e-01  -2.9676829e-01   1.2498705e-02   7.0427389e-03   3.4909168e-03
   3.6889832e-01   4.9440517e-01  -2.5109307e-01   1.2102770e-02   7.0777550e-03   3.8411277e-03
   4.0985620e-01   4.7049574e-01  -2.8902088e-01   1.3356430e-02   7.8250937e-03   4.1853687e-03
   4.2889374e-01   5.0855890e-01  -3.0540179e-01   1.2611160e-02   7.9933833e-03   4.0516817e-03
   4.5585659e-01   5.0896229e-01  -4.3474882e-01   1.2532939e-02   8.4197079e-03   4.0056600e-03
   4.1575963e-01   5.3645428e-01  -2.7165781e-01   1.3437309e-02   7.6050186e-03   4.3219880e-03
   4.3267624e-01   5.4451349e-01  -3.5496540e-01   1.3699127e-02   8.0843876e-03   4.5316751e-03
   4.2268372e-01   5.2692183e-01  -2.7686481e-01   1.3307546e-02   8.1039389e-03   4.4275841e-03
   4.2923598e-01   5.3930552e-01  -3.3674149e-01   1.3579489e-02   8.0257569e-03   4.7158234e-03
   4.2190281e-01   4.9326671e-01  -2.3916560e-01   1.3193927e-02   8.2080388e-03   4.6596287e-03
   4.4753290e-01   5.0538978e-01  -2.4776383e-01   1.2348694e-02   8.8152705e-03   4.3715060e-03
   4.4672648e-01   4.8348810e-01  -3.8766369e-01   1.2585402e-02   8.8354697e-03   4.3517786e-03
   4.3975214e-01   5.3550081e-01  -4.2264406e-01   1.2950081e-02   8.5114187e-03   4.5859563e-03
   4.5952277e-01   5.5147441e-01  -4.2943382e-01   1.3773679e-02   9.0667502e-03   4.4175424e-03
   4.4013489e-01   5.5963037e-01  -4.3984775e-01   1.2780657e-02   8.3846967e-03   4.4033128e-03
   4.3057510e-01   5.4139923e-01  -3.9589431e-01   1.3826946e-02   8.3678674e-03   4.6213469e-03
   4.2614088e-01   5.7243148e-01  -3.6607552e-01   1.3638828e-02   8.2964999e-03   4.6893708e-03
   4.2592224e-01   5.5403263e-01  -3.7562793e-01   1.4378557e-02   8.4595571e-03   4.8909503e-03
   3.8220583e-01   5.9277578e-01  -2.6539472e-01   1.4465995e-02   7.6829881e-03   5.2173679e-03
   3.9454945e-01   5.4151590e-01  -3.3403654e-01   1.4615316e-02   7.7879387e-03   5.0836806e-03
   3.9482461e-01   5.4136104e-01  -3.4303014e-01   1.3237074e-02   7.5693427e-03   4.6606527e-03
   3.3759795e-01   2.3400224e-01  -4.0491747e-01   5.2711485e-03   7.8392815e-03   4.2124574e-03
  -1.4684514e-01  -2.9914280e-01   1.0377360e+00  -1.0257478e-02   3.2668715e-04   2.3298392e-04
  -3.4627224e-01  -8.9825854e-01   2.4767516e+00  -1.7295003e-02  -9.6246909e-04  -3.6974383e-03
   6.5219054e-02  -7.5770192e-01  -1.6423099e-02  -8.0867599e-03   5.4530452e-03   9.2858571e-05
   1.4096312e-01  -3.1093316e-01  -1.7075598e-02  -5.1188672e-03   6.1123422e-03  -1.9245898e-04
   1.4845228e-01  -1.6283821e-01   1.5879505e-01  -2.7000625e-03   6.3074417e-03  -1.8186239e-04
   1.3656773e-01  -9.0811271e-02   1.1179269e-01  -6.1291399e-04   5.5466705e-03   2.1210907e-04
   1.3593274e-01  -1.8888055e-01   1.6373338e-01  -4.3228946e-03   6.7130125e-03  -9.2771388e-04
   1.0125676e-01  -1.7114525e-01   1.7404287e-04  -2.2885101e-03   6.4278551e-03  -7.8719352e-04
   7.9942713e-02   5.7641320e-02  -2.3011275e-01   3.3903948e-03   5.5834543e-03  -9.0839378e-04
   1.5371983e-01   1.4960327e-01  -1.2166962e-02   3.5266441e-03   5.0412939e-03  -6.4211338e-04
   1.3445122e-01   1.6205870e-01   1.0273236e-01   3.0457118e-03   4.8591410e-03  -7.0044591e-04
   1.7031170e-01   1.2381641e-01   3.5358664e-02   3.3354041e-03   4.8252178e-03  -6.9928158e-04
   1.6746292e-01   1.6556672e-01   1.0310752e-01   3.7136222e-03   4.8435742e-03  -7.0176798e-04
   1.8614314e-01   1.4386231e-01   3.1711285e-02   3.9992132e-03   4.9427907e-03  -1.9166856e-04
   1.9685766e-01   1.2415360e-01   1.1572613e-01   3.3244564e-03   5.4336265e-03   2.0592816e-04
   2.3404241e-01   1.1769104e-01   8.9159177e-03   3.6180449e-03   5.8183977e-03   5.6008678e-04
   2.1899619e-01   1.1624043e-01   1.1122995e-01   3.7463086e-03   5.7261484e-03   8.8206598e-04
   2.4959817e-01   1.1561693e-01   8.5051948e-02   3.4754615e-03   6.2622461e-03   1.3083103e-03
   2.5737062e-01   9.5127889e-02   8.7931105e-02   3.6050280e-03   6.4896504e-03   1.3012736e-03
   2.9342644e-01   1.2362103e-01   8.0491320e-02   3.8014133e-03   7.2249422e-03   1.5319621e-03
   3.0177107e-01   1.3061404e-01   2.5006772e-02   4.4231948e-03   7.2740775e-03   1.8362829e-03
   2.9767903e-01   1.5642045e-01   8.5740676e-02   4.1014310e-03   7.3059976e-03   2.0253503e-03
   3.1975805e-01   1.4914238e-01   1.1061322e-01   5.3049436e-03   7.7739383e-03   2.4801840e-03
   3.3249018e-01   1.8652713e-01   1.3671058e-01   5.2342613e-03   7.8837263e-03   2.9704584e-03
   3.8431619e-01   1.4403951e-01   6.5500518e-02   5.6925057e-03   8.7017164e-03   3.3177770e-03
   4.0762010e-01   1.7079026e-01   1.0930183e-01   5.3661081e-03   9.2541727e-03   3.6426647e-03
   4.3886827e-01   1.5794472e-01   7.2288752e-02   5.1587177e-03   9.7824577e-03   3.5600341e-03
   3.9632088e-01  -6.2183914e-02   7.6061299e-02  -7.2895828e-04   8.4453514e-03   3.8660398e-03
   4.0957998e-01  -1.7829415e-01   1.4356085e-01  -2.9345807e-03   7.7682365e-03   3.6850643e-03
   3.1984226e-01  -1.6441145e+00  -1.8486403e+00  -3.9814085e-02   3.3714050e-03   6.2757382e-04
   2.6736201e-01  -1.1128479e+00  -1.9815291e+00  -3.1451235e-02   2.5358231e-03   3.0893382e-04
   2.5474590e-01  -4.1589246e-01  -1.1822909e+00  -1.4317400e-02   3.9380561e-03   1.6059114e-03
   3.3562442e-01  -2.3199143e-01  -8.7821430e-01  -7.9186398e-03   5.9145033e-03   2.7391985e-03
   3.7133795e-01  -2.4748887e-01  -8.3458915e-01  -6.0288405e-03   6.5525636e-03   2.6828876e-03
   3.8337637e-01  -1.0830459e-01  -7.3959056e-01  -4.6539311e-03   6.6451039e-03   2.9844698e-03
   3.8917563e-01  -1.0913962e-01  -7.1060336e-01  -2.5357424e-03   6.5076771e-03   3.5664938e-03
   4.1974475e-01  -3.7214455e-02  -6.0791556e-01  -1.7306340e-03   7.1649293e-03   4.0686877e-03
   4.6236735e-01  -2.9057568e-02  -5.5502619e-01  -2.3979583e-04   8.1474928e-03   4.6366657e-03
   4.5240573e-01   3.3286712e-02  -4.8128083e-01   3.7275498e-04   7.9356566e-03   4.9768851e-03
   4.7052878e-01   9.5890045e-03  -5.6059486e-01   8.9477161e-04   8.5416339e-03   5.2255963e-03
   4.5413163e-01   5.7623210e-02  -4.3844746e-01   1.1798478e-03   8.6796698e-03   5.6503228e-03
   4.7036665e-01   6.8020560e-02  -4.2555231e-01   2.2259101e-03   8.7537402e-03   6.2926691e-03
   4.6691388e-01   8.9725014e-02  -3.7468635e-01   2.3892687e-03   8.9022349e-03   6.9550043e-03
   4.7877465e-01   9.3693240e-02  -4.9161787e-01   2.4369713e-03   9.2613460e-03   7.1357704e-03
   4.5395597e-01   1.0779918e-01  -3.9370583e-01   2.7341886e-03   9.0684241e-03   7.3964431e-03
   3.9145182e-01   9.5263702e-02  -1.4203454e-01   2.1687336e-03   8.3707156e-03   6.7220282e-03
   3.9469102e-01   1.0628020e-01  -4.2313235e-01   3.1017695e-03   8.0638745e-03   6.8503712e-03
   3.9118658e-01   1.6386454e-01  -4.4620411e-01   4.3479673e-03   7.6572915e-03   7.2421766e-03
   4.0434390e-01   1.5908142e-01  -3.8547181e-01   4.0369860e-03   8.2959310e-03   7.2381036e-03
   3.9769393e-01   1.5761431e-01  -4.3032654e-01   3.4746810e-03   8.2703731e-03   7.3346235e-03
   3.6720060e-01   1.2233663e-01  -3.9260466e-01   3.3795234e-03   7.6753233e-03   7.5727450e-03
   3.8738615e-01   1.2846127e-01  -4.6246446e-01   2.2830762e-03   7.6400429e-03   7.3378093e-03
   3.9332993e-01   1.1980879e-01  -4.5276576e-01   2.8441757e-03   8.0877686e-03   7.4297420e-03
   3.9712893e-01   1.8196291e-01  -4.0440351e-01   3.7292988e-03   8.0484346e-03   7.9448410e-03
   3.7533463e-01   2.3093954e-01  -3.8620359e-01   6.4398791e-03   7.7654362e-03   8.1697636e-03
   2.2015411e-01   2.9934400e-01  -2.6694143e-01   6.8076210e-03   5.5466411e-03   8.2868849e-03
   2.4686497e-01   3.2194827e-01  -3.3454564e-01   8.4788753e-03   5.7269488e-03   7.2475681e-03
   1.3062393e-01   3.9166563e-01  -2.7065634e-01   9.7509542e-03   3.7169704e-03   7.3048749e-03
   1.2314681e-01   3.1291727e-01  -2.7474871e-01   7.1964694e-03   3.8458354e-03   6.4291705e-03
   1.0292087e-01   2.1239966e-01  -4.1156025e-01   4.6826266e-03   3.3388171e-03   5.6517120e-03
   1.2550118e-01   2.1204980e-01  -3.4704360e-01   5.5859104e-03   3.6610984e-03   5.5903097e-03
   9.4306586e-02   2.6421369e-01  -3.8446473e-01   5.4821677e-03   3.0925867e-03   5.5490779e-03
   1.2957919e-01   2.5174207e-01  -3.6360149e-01   6.4324574e-03   3.4445074e-03   5.4119218e-03
   1.0971533e-01   2.9589332e-01  -3.5633912e-01   6.4522580e-03   2.9679482e-03   5.5756904e-03
   1.2367257e-01   2.8107652e-01  -2.7681122e-01   6.8998580e-03   3.4756192e-03   5.5761423e-03
   1.5214840e-01   2.5055394e-01  -4.5466215e-01   4.2560478e-03   4.4922635e-03   5.4264663e-03
   1.2070463e-01  -4.8006554e-01   6.9075426e-01  -1.3413081e-02   8.5217343e-03   3.8007433e-03
   6.3100276e-02  -3.6031812e-01   5.9180787e-01   7.1703883e-04   6.3976691e-03   1.8559863e-03
   1.5305051e-01   6.2023971e-02  -5.5011860e-01   3.4259212e-03   5.5270158e-03   2.9440146e-03
   1.2897455e-01   2.2008163e-01  -4.3625078e-01   5.6789761e-03   4.2558086e-03   3.4784932e-03
   1.3305099e-01   2.6259251e-01  -3.5842601e-01   5.7460606e-03   4.2628506e-03   3.4859413e-03
   1.5158264e-01   2.4997572e-01  -4.8765989e-01   5.7825637e-03   4.3907740e-03   3.5273744e-03
   1.2096554e-01   3.0021561e-01  -3.6196390e-01   6.0606053e-03   4.1296227e-03   3.4402748e-03
   1.2797166e-01   2.8705523e-01  -4.3934626e-01   6.7942065e-03   3.9128288e-03   3.6162747e-03
   1.1642601e-01   3.1426565e-01  -3.6047513e-01   6.8045474e-03   3.9113971e-03   3.5019602e-03
   1.2656588e-01   2.8187848e-01  -4.1387761e-01   6.2074146e-03   4.0320952e-03   3.4566645e-03
   1.2737230e-01   3.1827021e-01  -2.3429584e-01   6.5690130e-03   4.2252755e-03   3.5213183e-03
   1.4019385e-01   2.9987954e-01  -3.9578646e-01   7.1616442e-03   4.3094040e-03   3.9077253e-03
   1.6092016e-01   3.0610616e-01  -5.0746911e-01   6.5278665e-03   4.9602915e-03   4.2272850e-03
   1.6814501e-01   3.3142564e-01  -4.9700747e-01   6.6198526e-03   4.8507648e-03   4.1422198e-03
   1.7186707e-01   3.0318513e-01  -4.6106338e-01   6.6818065e-03   4.9555457e-03   4.0290765e-03
   1.7023861e-01   3.4120465e-01  -4.4338510e-01   6.8302775e-03   5.0205958e-03   4.1455332e-03
   1.7838196e-01   3.1518548e-01  -3.7540326e-01   6.7969233e-03   5.2724878e-03   4.0762865e-03
   2.0114961e-01   3.7657997e-01  -4.0205488e-01   7.4783513e-03   5.7195020e-03   4.2107081e-03
   2.0390453e-01   3.1744269e-01  -4.0938923e-01   7.4300623e-03   5.4956595e-03   4.3195823e-03
   1.3597034e-01   7.2216174e-02   2.9080330e-01   5.0670341e-04   5.0951403e-03   4.1335092e-03
  -1.2719080e-02   6.3396428e-02   8.9578518e-01   9.7140755e-04   2.6029042e-03   2.3779566e-03
   1.0966914e-01  -6.5285912e-02  -1.0591113e-01   5.6216762e-03   3.9154755e-03   4.0699766e-03
   1.2224864e-01   2.3946899e-01  -2.0501403e-01   6.9747054e-03   4.0700066e-03   4.1375501e-03
   1.0543488e-01   3.0125095e-01  -1.4093329e-01   7.3759743e-03   3.7535561e-03   4.3720463e-03
   7.9591911e-02   3.1465727e-01  -7.7726675e-02   8.3053649e-03   3.5181770e-03   4.6596430e-03
   8.6211395e-02   3.4253390e-01  -9.7108253e-02   8.5123891e-03   3.3724577e-03   4.7529635e-03
  -1.5297148e-02  -3.9393805e-01  -3.6691928e-01  -9.7179039e-03   9.7463823e-05   2.9705447e-03
  -1.6423223e-01  -5.0113352e-01  -1.7827233e-01  -1.3336990e-02  -2.0576493e-03   2.2298849e-03
  -3.8646281e-02  -3.5856455e-01  -3.8955053e-01  -5.9025889e-03   4.4505324e-04   3.2559838e-03
   5.3693540e-02  -9.0256042e-02  -6.7705339e-01  -1.4829347e-03   1.7639824e-03   3.8363792e-03
   7.7754148e-02   7.4880431e-02  -4.7466432e-01   1.8255220e-03   2.2239798e-03   3.7166583e-03
   8.1566638e-02   2.0707938e-01  -2.8359332e-01   3.6045805e-03   2.1455458e-03   3.8523786e-03
   9.6790241e-02   1.7781891e-01  -3.3876119e-01   4.7712018e-03   2.2150990e-03   4.0242292e-03
   9.3938361e-02   2.3403918e-01  -2.7905562e-01   4.8760836e-03   2.2238752e-03   4.1235988e-03
   1.2484524e-01   2.3156816e-01  -3.1711148e-01   6.1022857e-03   2.9391918e-03   4.1218883e-03
   9.6338570e-02   2.8405381e-01  -2.3022660e-01   5.8877786e-03   2.2191335e-03   4.2841718e-03
   1.3734964e-01   2.8078798e-01  -2.9225266e-01   7.6303844e-03   2.9921716e-03   4.5487898e-03
   1.2794899e-01   3.4594127e-01  -2.1800682e-01   7.4887631e-03   2.9276949e-03   4.3913400e-03
   1.4764719e-01   3.1814601e-01  -2.9709710e-01   7.8056177e-03   3.3710366e-03   4.5082514e-03
   1.3046338e-01   3.6715993e-01  -1.8798997e-01   7.7618245e-03   3.2540477e-03   4.5791988e-03
   1.5261456e-01   3.3313798e-01  -2.9444409e-01   8.7603800e-03   3.5748080e-03   4.8564427e-03
   1.5060527e-01   4.0472035e-01  -2.7187531e-01   9.2954690e-03   3.8290034e-03   5.0995972e-03
   1.5779560e-01   3.6766414e-01  -3.4334060e-01   8.0392841e-03   4.3384092e-03   5.0639270e-03
   1.2408551e-01   3.6182405e-01  -2.1746783e-01   7.7443029e-03   3.5754614e-03   5.0789311e-03
   1.7684241e-01   3.9668092e-01  -3.0442832e-01   9.2645373e-03   4.8773669e-03   5.9059094e-03
   6.6374567e-02   6.0872580e-01  -1.8538481e-01   1.4610660e-02   3.5715823e-03   5.6080279e-03
   1.0074478e-01   5.9969910e-01  -1.9674390e-01   1.4370392e-02   3.7934057e-03   5.5975039e-03
   1.1716080e-01   5.6303567e-01  -2.0117198e-01   1.4192799e-02   4.0810678e-03   5.8348205e-03
   1.2999404e-01   5.4732060e-01  -2.1057802e-01   1.3429608e-02   4.4940729e-03   5.5776206e-03
   1.2248080e-01   4.4613552e-01  -2.3815777e-01   1.2864390e-02   3.9910036e-03   5.5967097e-03
   9.7852454e-02   4.2487405e-01  -2.8992537e-01   1.0067748e-02   3.6772838e-03   4.8694843e-03
   2.2943183e-01  -1.3106634e-01  -2.2323042e-01  -1.5726130e-03   7.0033122e-03   4.7171184e-03
   1.5728919e-01  -2.5562470e-01   8.5536268e-02  -3.9511372e-03   5.8479637e-03   3.0488370e-03
   2.1093943e-01  -5.1524105e-02  -5.2856150e-01   2.7621166e-03   5.1393041e-03   3.5933264e-03
   1.6344325e-01   2.5612527e-01  -3.3738434e-01   6.5862699e-03   4.7534077e-03   3.5772615e-03
   1.8379468e-01   2.8027282e-01  -2.9047080e-01   6.8249798e-03   5.4910984e-03   3.0966841e-03
   1.7807010e-01   2.4174325e-01  -3.4012017e-01   5.7529760e-03   7.0919562e-03   3.0716562e-03
   2.0764504e-01   3.3256187e-01  -4.3257605e-01   1.0243324e-02   7.6524812e-03   2.8084859e-03
   2.3904514e-01   4.5628188e-01  -5.3766250e-01   9.4096610e-03   6.9190281e-03   2.5643236e-03
   3.0124167e-01   4.7905479e-01  -4.9657299e-01   1.0870401e-02   7.2561639e-03   2.9405815e-03
   3.2676740e-01   4.7333727e-01  -3.7253507e-01   1.1218733e-02   6.9274584e-03   3.4286950e-03
   3.2623922e-01   4.8153246e-01  -4.5133881e-01   1.1028227e-02   6.6364995e-03   3.2443011e-03
   3.1354539e-01   4.7105869e-01  -3.6100193e-01   1.1004852e-02   6.6171710e-03   3.1494373e-03
   3.2925484e-01   4.8107070e-01  -4.3462928e-01   1.0466705e-02   6.7608483e-03   3.0126521e-03
   3.0855472e-01   5.1514660e-01  -2.5572706e-01   1.1533426e-02   6.4867177e-03   3.0680402e-03
   3.2833186e-01   4.9667203e-01  -4.2019082e-01   1.1655362e-02   6.7205774e-03   3.0866063e-03
   3.1765919e-01   4.9509143e-01  -3.9199896e-01   1.1193401e-02   6.6524860e-03   3.0604374e-03
   3.3049165e-01   5.0878853e-01  -4.5258767e-01   1.1799096e-02   6.5678496e-03   3.0976689e-03
   3.1814723e-01   5.3142291e-01  -3.3943612e-01   1.2144659e-02   6.4335080e-03   3.0591465e-03
   3.2652481e-01   4.9162873e-01  -3.2714572e-01   1.0652398e-02   6.7636093e-03   2.9116754e-03
   3.2679170e-01   4.5872428e-01  -2.3621247e-01   1.0365523e-02   6.8497728e-03   2.9379299e-03
   3.3326009e-01   4.6925654e-01  -4.4123457e-01   1.1142208e-02   6.4369984e-03   3.3886244e-03
   3.3319899e-01   4.8443170e-01  -3.4842114e-01   1.1942805e-02   6.7837123e-03   3.4380327e-03
   3.3534804e-01   5.0954203e-01  -2.9839604e-01   1.1178187e-02   7.0288985e-03   3.1929183e-03
