   0.0000000e+00   0.0000000e+00   0.0000000e+00   0.0000000e+00   0.0000000e+00   0.0000000e+00
  -9.8201007e-02  -2.2074236e-01   3.6520391e-01  -2.2237412e-04  -1.3836210e-03  -7.5690599e-04
  -2.2286520e-01  -1.6410619e-01   4.6047466e-01   8.7453025e-04  -2.8803007e-03  -6.5789153e-04
  -1.9667027e-01  -1.8533802e-02   6.9023310e-01   1.2395283e-03  -2.8502169e-03  -4.5634740e-04
  -2.1677474e-01  -7.7730389e-02   3.7576163e-01   8.0148644e-04  -3.0654253e-03  -1.3101310e-03
  -3.0906642e-01  -2.2418955e-01   5.0387588e-01  -1.2779792e-04  -3.9818963e-03  -1.4796278e-03
  -4.3764996e-01  -2.7839415e-01   7.0206984e-01  -6.1141756e-04  -5.4933054e-03  -6.3584022e-04
  -3.5236911e-01  -7.8282481e-02   3.9975263e-01   1.4393937e-03  -4.3610012e-03  -1.5413834e-03
  -4.2761257e-01  -1.3749539e-01   8.1049120e-01   1.1252566e-03  -5.9993480e-03  -1.5072127e-04
  -2.7979426e-01   1.7207770e-01   1.0366827e-01   1.9691588e-03  -3.7161119e-03  -3.5713987e-04
  -2.4599597e-01  -9.3524527e-04   3.5896629e-01   1.6797910e-03  -3.2400435e-03  -1.5214475e-03
  -3.2015950e-01  -3.8856891e-02   5.3313302e-01   1.8124728e-03  -4.1698932e-03  -1.6673329e-03
  -3.6667789e-01  -6.6297313e-02   8.3513007e-01   1.1273488e-03  -5.2169368e-03  -4.1632050e-04
  -2.2482536e-01   9.9973558e-02   3.7503226e-01   3.3370353e-03  -3.4217082e-03  -7.1246727e-04
  -2.7150745e-01  -3.6724066e-02   5.5115109e-01   2.5880482e-03  -3.8559808e-03  -8.1910447e-04
  -2.8888058e-01   3.7906347e-02   5.5627677e-01   3.4918150e-03  -4.0511078e-03  -9.1474720e-04
  -3.1088720e-01   2.0070898e-02   6.2781351e-01   3.7532047e-03  -4.3166215e-03  -8.3281700e-04
  -3.6393585e-01   1.0722218e-01   5.8237185e-01   4.4947281e-03  -4.9516924e-03  -1.0128975e-03
  -3.7072575e-01   7.3705836e-02   5.8305058e-01   3.8901596e-03  -5.1613714e-03  -1.0389842e-03
  -4.8367282e-01   1.2527710e-01   7.9933243e-01   4.1600810e-03  -6.7782210e-03  -4.4297832e-04
  -3.4967460e-01   4.0399590e-01   4.0641903e-01   6.1351027e-03  -5.1631397e-03  -3.8518870e-04
  -3.9072310e-01   2.0517241e-01   4.9518723e-01   5.9230898e-03  -5.3640343e-03  -1.1162734e-03
  -4.4593089e-01   2.4293707e-01   6.5005243e-01   5.9372383e-03  -6.2813777e-03  -1.0592405e-03
  -4.5236212e-01   4.4044564e-01   5.8113921e-01   7.2103973e-03  -6.4445171e-03  -4.0048580e-04
  -5.2077986e-01   2.5576795e-01   3.7549227e-01   7.4436870e-03  -6.8806812e-03  -1.2088485e-03
  -4.8795694e-01   3.5815602e-01   9.0278258e-01   7.2096797e-03  -6.5525743e-03  -1.6287257e-03
  -4.8062233e-01   3.3774206e-01   2.8814016e-01   8.8042325e-03  -6.3162041e-03  -1.1510776e-03
  -4.9308801e-01   2.5242038e-01   6.3819530e-01   7.5941980e-03  -6.4566948e-03  -1.2596103e-03
  -5.3608113e-01   2.9566738e-01   7.7464640e-01   7.1506661e-03  -7.1404325e-03  -5.5719310e-04
  -4.7543794e-01   4.7922465e-01   3.6396089e-01   9.6721736e-03  -6.3762286e-03  -1.1900700e-03
  -4.8884119e-01   3.1289131e-01   6.0764033e-01   8.2367539e-03  -6.4602104e-03  -1.7393627e-03
  -5.2371740e-01   2.6158449e-01   6.2140091e-01   8.0830965e-03  -6.7418860e-03  -1.8964280e-03
  -5.6128921e-01   2.7904376e-01   6.8966654e-01   8.3458527e-03  -7.2071704e-03  -1.4870794e-03
  -5.2768515e-01   4.5493306e-01   7.9529985e-01   9.3153387e-03  -7.1147577e-03  -1.0050807e-03
  -5.1557319e-01   2.7698041e-01   5.3252715e-01   8.9690922e-03  -6.9353178e-03  -1.3669326e-03
  -5.4082545e-01   3.3666461e-01   6.6835946e-01   9.5954262e-03  -6.9696964e-03  -1.2166092e-03
  -5.7872375e-01   3.9719482e-01   7.4405581e-01   9.5495683e-03  -7.3011990e-03  -1.2163313e-03
  -5.8263914e-01   3.6640564e-01   7.4456245e-01   1.0095475e-02  -7.5152507e-03  -9.4740158e-04
  -4.7533488e-01   7.3603800e-01   3.8769505e-01   1.1730402e-02  -6.4771805e-03  -4.5662881e-04
  -5.4030578e-01   5.5431355e-01   5.3869776e-01   1.1020633e-02  -7.0620475e-03  -6.0932504e-04
  -5.7580246e-01   5.9436133e-01   6.9434486e-01   1.0945475e-02  -7.6514276e-03   2.8887077e-04
  -4.6002550e-01   8.3738134e-01   5.2909877e-01   1.2978276e-02  -6.3475555e-03  -4.7486077e-04
  -5.7848121e-01   6.3435228e-01   6.3090686e-01   1.1534592e-02  -7.8376130e-03  -4.0748342e-04
  -5.4140352e-01   7.3895046e-01   4.2131045e-01   1.2355647e-02  -7.1589741e-03  -8.2324148e-04
  -5.4490454e-01   6.6137574e-01   7.9085449e-01   1.1298283e-02  -7.2864878e-03  -7.1065389e-04
  -5.3886757e-01   6.5015946e-01   4.5083672e-01   1.2351473e-02  -7.1670799e-03  -9.0083026e-04
  -5.3900384e-01   6.8954037e-01   5.6450681e-01   1.2967316e-02  -7.0365309e-03  -1.1926355e-03
  -5.6342597e-01   8.2566207e-01   6.8064700e-01   1.2830535e-02  -7.6595464e-03  -5.3546200e-04
  -6.0086474e-01   7.0594599e-01   5.6273162e-01   1.2924435e-02  -7.9750980e-03  -1.0386168e-03
  -4.3618151e-01   4.3733973e-01   1.1814143e+00   9.1372062e-03  -6.5322251e-03  -3.2916589e-03
  -3.1862847e-01   3.6150564e-01   3.3172069e-01   8.8541621e-03  -4.3714736e-03  -2.5483798e-03
  -3.5958717e-01   4.8084988e-01   7.0530802e-01   1.0891267e-02  -5.1333270e-03  -2.6721842e-03
  -4.4192918e-01   6.0993905e-01   7.3995978e-01   1.2199264e-02  -6.1709464e-03  -2.4454590e-03
  -4.5754065e-01   7.1126945e-01   8.6942173e-01   1.3206987e-02  -6.6251883e-03  -1.6125874e-03
  -4.0363742e-01   6.8225084e-01   6.5534985e-01   1.3670596e-02  -5.9213535e-03  -1.7853613e-03
  -4.4075846e-01   6.5370474e-01   7.5558328e-01   1.3645291e-02  -6.4006675e-03  -1.8027522e-03
  -4.6760364e-01   6.1609436e-01   8.2002876e-01   1.3448923e-02  -6.7805804e-03  -1.2098872e-03
  -5.0025989e-01   5.4903292e-01   8.2912625e-01   1.2586754e-02  -7.3689984e-03  -9.0270377e-04
  -3.9607480e-01   7.0019903e-01   7.9084218e-01   1.3262626e-02  -6.2053238e-03   5.6425501e-05
  -4.3904489e-01   5.6836444e-01   7.6465431e-01   1.2961586e-02  -6.3179354e-03   4.0029098e-04
  -4.6950041e-01   6.0603392e-01   7.4615830e-01   1.3467224e-02  -6.6301909e-03   6.3916597e-04
  -4.9531815e-01   6.3458897e-01   7.8541073e-01   1.4113915e-02  -6.8034472e-03   3.8611652e-04
  -6.1307599e-01   7.5366061e-01   1.0648136e+00   1.5036447e-02  -8.4257609e-03  -5.5213287e-04
  -5.6012229e-01   7.5215368e-01   6.8978539e-01   1.5986185e-02  -7.5909706e-03  -5.0323233e-04
  -6.3395324e-01   7.1072421e-01   1.0011278e+00   1.4606267e-02  -8.6782983e-03  -1.0761918e-04
  -5.0631308e-01   9.2969970e-01   5.5616452e-01   1.4930506e-02  -6.9322045e-03   6.4744352e-04
  -6.0907421e-01   7.2851220e-01   8.2439598e-01   1.4747456e-02  -8.2324865e-03   3.6645059e-04
  -6.0527888e-01   9.1619493e-01   6.9674876e-01   1.6073188e-02  -8.0054762e-03   1.6758494e-04
  -6.1219312e-01   8.1350118e-01   7.4917980e-01   1.5885392e-02  -8.1431803e-03   2.6285243e-04
  -6.5284527e-01   8.7626987e-01   8.4181935e-01   1.6367124e-02  -8.7354262e-03   3.5694724e-04
  -6.6186958e-01   8.8441401e-01   7.7966674e-01   1.7143745e-02  -8.8028259e-03  -1.2092271e-04
  -6.6714770e-01   1.0965834e+00   9.2448819e-01   1.8402141e-02  -9.0666192e-03   1.1048268e-04
  -6.4777927e-01   1.1293288e+00   3.8827022e-01   1.9415066e-02  -8.4398062e-03  -2.0955344e-04
  -7.4225651e-01   1.2131852e+00   9.7021309e-01   1.9060153e-02  -9.9353010e-03  -4.1446986e-05
  -7.0251707e-01   1.1673954e+00   4.0521366e-01   1.9952527e-02  -9.2998140e-03  -4.6029154e-04
  -7.7624318e-01   1.1068681e+00   7.2864784e-01   1.9417045e-02  -1.0065452e-02  -5.8487899e-04
  -7.8743369e-01   1.1490981e+00   6.7726035e-01   1.9594785e-02  -1.0415646e-02  -3.0617900e-04
  -5.6668630e-01   1.0667658e+00   5.8917286e-01   1.3898424e-02  -6.9615334e-03   3.2196126e-04
  -5.8271451e-01   9.5017416e-01   4.1165648e-01   1.4601851e-02  -7.1927735e-03  -5.9671186e-04
  -7.1172879e-01   1.1481224e+00   6.8997792e-01   1.7191904e-02  -8.5609198e-03   2.4454312e-04
  -7.4798919e-01   1.0805520e+00   5.5930696e-01   1.8512815e-02  -9.0201191e-03   1.4728505e-04
  -7.5461423e-01   1.1156856e+00   5.7257743e-01   1.8627871e-02  -9.0676323e-03   2.5281945e-04
  -7.7762197e-01   1.2013852e+00   5.4864185e-01   1.9869075e-02  -9.3191186e-03   4.0889788e-05
  -8.3132857e-01   1.3276146e+00   8.8327146e-01   2.0332257e-02  -1.0547504e-02   2.5566525e-04
  -7.6220602e-01   1.5073975e+00   2.3711480e-01   2.3064987e-02  -9.3575590e-03  -1.0696211e-03
  -7.3745952e-01   1.4234082e+00   3.6661346e-01   2.2588438e-02  -9.2436107e-03  -1.6514624e-03
  -8.9709251e-01   1.4052036e+00   7.7449240e-01   2.2134920e-02  -1.1300178e-02  -6.8530360e-04
  -7.8199539e-01   1.6018671e+00   3.3895475e-01   2.3075104e-02  -1.0026928e-02  -3.2079590e-04
  -8.8963502e-01   1.5116402e+00   6.1395733e-01   2.2474201e-02  -1.1409626e-02  -4.4155326e-04
  -8.5410874e-01   1.6367903e+00   3.4741953e-01   2.4214098e-02  -1.0885126e-02  -6.0815491e-04
  -8.7743994e-01   1.5447990e+00   3.9648851e-01   2.3740550e-02  -1.1048563e-02  -1.3149703e-03
  -8.8185570e-01   1.5138736e+00   4.8512459e-01   2.3473796e-02  -1.1077039e-02  -1.3172872e-03
  -9.4479433e-01   1.5484455e+00   5.4606266e-01   2.3865541e-02  -1.1781672e-02  -7.6983786e-04
  -1.0141982e+00   1.4508107e+00   7.1060459e-01   2.2629108e-02  -1.3135195e-02  -6.0013350e-04
  -9.1687814e-01   1.5432342e+00   4.4162217e-01   2.3837017e-02  -1.1724237e-02  -7.6014964e-04
  -9.5239324e-01   1.4936526e+00   5.2458813e-01   2.4173966e-02  -1.2007624e-02  -7.6494600e-04
  -9.5531143e-01   1.5475033e+00   8.7162526e-01   2.3973760e-02  -1.2162578e-02  -7.0128888e-04
  -9.5066697e-01   1.5092222e+00   4.8951904e-01   2.4910414e-02  -1.2116367e-02  -3.9610259e-04
  -1.0480032e+00   1.3799936e+00   8.3160221e-01   2.3234662e-02  -1.3383530e-02   2.1207961e-04
  -8.9603009e-01   1.6353754e+00   5.2025202e-01   2.4270008e-02  -1.1735379e-02   5.6972436e-04
  -9.2155301e-01   1.4658006e+00   5.1804358e-01   2.4055678e-02  -1.1954821e-02   7.9707497e-05
  -9.5710871e-01   1.5708038e+00   5.6770089e-01   2.5071999e-02  -1.2284839e-02   9.0163730e-05
  -9.8351709e-01   1.5344547e+00   5.9716736e-01   2.5182900e-02  -1.2560182e-02  -9.1987495e-05
  -9.8098211e-01   1.6230365e+00   8.1003758e-01   2.4795380e-02  -1.2649165e-02   8.6356325e-05
  -9.8156081e-01   1.7020099e+00   3.2908362e-01   2.6469052e-02  -1.2581384e-02  -3.4178770e-04
  -9.9393894e-01   1.6126346e+00   5.6535868e-01   2.5744282e-02  -1.2689941e-02  -3.3969873e-04
  -1.0263968e+00   1.5514480e+00   6.0371423e-01   2.4933236e-02  -1.3098929e-02   2.2329674e-07
  -1.0552732e+00   1.5053468e+00   7.3172275e-01   2.4438019e-02  -1.3488322e-02   1.0222033e-04
  -1.0219344e+00   1.6939213e+00   5.4155242e-01   2.5518205e-02  -1.2949409e-02   1.9191282e-05
  -1.0782353e+00   1.5121911e+00   5.5532502e-01   2.3888825e-02  -1.3245775e-02  -5.1334161e-04
  -1.1046498e+00   1.5175909e+00   6.4810675e-01   2.4645704e-02  -1.3511298e-02   2.7436940e-04
  -1.0591360e+00   1.7151015e+00   6.0344098e-01   2.6290834e-02  -1.2642150e-02  -5.8599281e-04
  -1.1563939e+00   1.6823497e+00   3.6351780e-01   2.6653755e-02  -1.4054639e-02  -2.6286381e-04
  -1.1721684e+00   1.6770110e+00   5.8933218e-01   2.6623548e-02  -1.3909375e-02  -2.0003631e-04
  -1.2230425e+00   1.6248812e+00   8.7542479e-01   2.5671448e-02  -1.4769130e-02  -1.3675913e-04
  -1.1974577e+00   1.6853086e+00   5.5271034e-01   2.7354550e-02  -1.4453197e-02  -8.1909319e-04
  -1.2363529e+00   1.6366035e+00   7.5415762e-01   2.6012649e-02  -1.5063109e-02  -7.2993076e-04
  -1.1853473e+00   1.8191958e+00   4.0168245e-01   2.7818015e-02  -1.4222508e-02  -6.0201069e-04
  -1.2063499e+00   1.7445454e+00   7.5393196e-01   2.6749078e-02  -1.4388273e-02  -2.5553079e-04
  -1.2212291e+00   1.7759667e+00   3.9115436e-01   2.7857716e-02  -1.4433706e-02  -4.5803016e-04
  -1.2436933e+00   1.6464112e+00   8.4037727e-01   2.5403744e-02  -1.4823553e-02  -3.6505871e-04
  -1.1900934e+00   1.7298639e+00   4.0845744e-01   2.6782922e-02  -1.4059356e-02  -7.4426924e-04
  -1.2202101e+00   1.6617432e+00   6.1871139e-01   2.6809940e-02  -1.4473785e-02  -6.4471800e-04
  -1.2764790e+00   1.6556795e+00   9.7057602e-01   2.5036104e-02  -1.5172465e-02  -1.0448566e-03
  -1.1930438e+00   1.8335319e+00   2.3772044e-01   2.8407666e-02  -1.3864149e-02  -5.2582255e-04
  -1.2324052e+00   1.8176866e+00   4.5432392e-01   2.8617574e-02  -1.4431862e-02  -7.6831526e-04
  -1.2211078e+00   1.8503474e+00   7.3528859e-01   2.8396866e-02  -1.4273164e-02  -9.0711074e-04
  -1.2399555e+00   1.7806854e+00   4.4035441e-01   2.8835658e-02  -1.4445434e-02  -9.5519312e-04
  -1.2654115e+00   1.7899528e+00   5.7262218e-01   2.8586672e-02  -1.4677618e-02  -9.0710525e-04
  -1.2877367e+00   1.7166794e+00   9.6020130e-01   2.7284075e-02  -1.5222332e-02  -1.1171958e-03
  -1.1633646e+00   1.9229245e+00   2.3776496e-01   2.7721763e-02  -1.3481773e-02  -1.3932383e-04
  -1.2069779e+00   1.8326220e+00   4.2667889e-01   2.7999615e-02  -1.3987446e-02  -7.0285633e-04
  -1.2707262e+00   1.8142581e+00   5.0872340e-01   2.7947320e-02  -1.4800568e-02  -6.2969807e-04
  -1.1748394e+00   1.8560513e+00   7.7323265e-01   2.7784057e-02  -1.4243322e-02  -6.4209698e-04
  -1.2092930e+00   2.0991725e+00   3.0542152e-01   3.0235277e-02  -1.4252121e-02  -8.2427930e-04
  -1.2688442e+00   1.9157105e+00   3.5092360e-01   2.9443775e-02  -1.4819350e-02  -1.0337900e-03
  -1.3159355e+00   1.9306501e+00   4.4663144e-01   2.9022095e-02  -1.5354714e-02  -1.0346613e-03
  -1.3300376e+00   1.9668731e+00   6.7948245e-01   2.8921611e-02  -1.5799851e-02  -6.1014189e-04
  -1.2373738e+00   2.1607594e+00   2.6313343e-01   2.9866346e-02  -1.4320722e-02  -1.1038294e-03
  -1.2742025e+00   2.0031303e+00   3.4502912e-01   2.9859651e-02  -1.4760258e-02  -1.0900170e-03
  -1.3254021e+00   1.9618882e+00   4.6620289e-01   2.9687849e-02  -1.5265364e-02  -1.4249461e-03
  -1.3145775e+00   1.9316438e+00   4.9699797e-01   2.9394560e-02  -1.5178476e-02  -9.6429049e-04
  -1.3237709e+00   1.9346969e+00   4.7819015e-01   2.9622589e-02  -1.5333068e-02  -9.7283671e-04
  -1.2729962e+00   1.9165719e+00   7.2571309e-01   2.9833431e-02  -1.5113805e-02  -1.0918383e-03
  -1.1646052e+00   2.1700195e+00   4.2440027e-01   3.0941877e-02  -1.3273848e-02  -1.5911836e-03
  -1.2418518e+00   1.9844326e+00   3.1799356e-01   2.9721900e-02  -1.4360199e-02  -1.3552326e-03
  -1.2524313e+00   2.0038001e+00   4.7922666e-01   3.0223861e-02  -1.4407700e-02  -1.2429852e-03
  -1.3191951e+00   1.9573959e+00   7.5053395e-01   2.9329222e-02  -1.5513780e-02  -7.7581361e-04
  -1.2187820e+00   2.2201204e+00   2.4878791e-01   3.1592747e-02  -1.3975324e-02  -1.3288248e-03
  -1.2612266e+00   2.0763882e+00   3.4009228e-01   3.1119889e-02  -1.4493915e-02  -1.5438642e-03
  -1.2864806e+00   2.0393998e+00   4.8796871e-01   3.0564687e-02  -1.4781141e-02  -1.1726295e-03
  -1.3544292e+00   1.9394512e+00   8.0055411e-01   2.8376313e-02  -1.5741296e-02  -6.8355042e-04
  -1.2591063e+00   2.1052202e+00   3.1476979e-01   3.0980217e-02  -1.4658259e-02  -1.1023711e-03
  -1.3028037e+00   2.1043607e+00   4.1237838e-01   3.1035019e-02  -1.5103350e-02  -1.0655838e-03
  -1.3512050e+00   1.9642961e+00   8.4225264e-01   2.9383713e-02  -1.5653144e-02  -7.1143804e-04
  -1.3127439e+00   2.1902976e+00   2.3586536e-01   3.1290207e-02  -1.4962960e-02  -1.3428749e-03
  -1.3487048e+00   2.1043476e+00   4.1973987e-01   3.1384725e-02  -1.5478219e-02  -1.4909367e-03
  -1.3898581e+00   2.0939170e+00   5.5868023e-01   3.1416777e-02  -1.6049728e-02  -1.1228945e-03
  -1.3737474e+00   2.1695114e+00   6.7234154e-01   3.1757759e-02  -1.5871624e-02  -1.3864453e-03
  -1.4120882e+00   2.1448945e+00   3.3948967e-01   3.2448163e-02  -1.6228866e-02  -1.2963393e-03
  -1.4290956e+00   2.1393591e+00   4.6961854e-01   3.2233139e-02  -1.6492907e-02  -1.4835443e-03
  -1.4544085e+00   2.1161348e+00   4.9753532e-01   3.2050197e-02  -1.6805519e-02  -1.2360076e-03
  -1.4667329e+00   2.1097925e+00   5.2560072e-01   3.2065041e-02  -1.6891515e-02  -9.2408268e-04
  -1.4805147e+00   2.1243678e+00   7.6519414e-01   3.1168633e-02  -1.6989539e-02  -9.5478803e-04
  -1.4261499e+00   2.2966992e+00   1.6173115e-01   3.3546767e-02  -1.6207013e-02  -1.1176374e-03
  -1.4600519e+00   2.1576575e+00   4.2869279e-01   3.2317640e-02  -1.6870276e-02  -1.2166107e-03
  -1.4694440e+00   2.1697915e+00   4.8395410e-01   3.2889911e-02  -1.6944311e-02  -1.0622889e-03
  -1.4817003e+00   2.1711170e+00   4.6157270e-01   3.2675986e-02  -1.7179574e-02  -9.0034368e-04
  -1.4764115e+00   2.1363396e+00   6.2356255e-01   3.1983621e-02  -1.7082565e-02  -9.7677109e-04
  -1.3719950e+00   2.3046070e+00   5.0831959e-01   3.2656670e-02  -1.5641342e-02  -1.5472405e-03
  -1.4035269e+00   2.1903958e+00   2.9219669e-01   3.2840327e-02  -1.6209080e-02  -1.7197289e-03
  -1.4208739e+00   2.2350842e+00   4.4459952e-01   3.3470174e-02  -1.6459529e-02  -1.9161480e-03
  -1.3624337e+00   2.3550596e+00   6.3920360e-01   3.3309487e-02  -1.6057766e-02  -1.6011689e-03
  -1.4121207e+00   2.2862567e+00   2.8155932e-01   3.3416050e-02  -1.6682373e-02  -1.4565299e-03
  -1.4099935e+00   2.2965910e+00   4.8928300e-01   3.3379922e-02  -1.6570943e-02  -1.7385708e-03
  -1.4564307e+00   2.2591695e+00   6.6335638e-01   3.3096641e-02  -1.7148107e-02  -1.8154702e-03
  -1.4560408e+00   2.2460910e+00   3.1398236e-01   3.3531855e-02  -1.7135393e-02  -2.0098636e-03
  -1.4358009e+00   2.3478430e+00   6.3395025e-01   3.4184204e-02  -1.6933614e-02  -2.1042683e-03
  -1.4868524e+00   2.2338640e+00   4.5190862e-01   3.4067280e-02  -1.7682754e-02  -1.9517250e-03
  -1.4133356e+00   2.0035836e+00   1.1032220e+00   3.0565861e-02  -1.6834366e-02  -3.0456100e-03
  -1.3692400e+00   2.1283151e+00   2.4137826e-01   3.2647754e-02  -1.5567536e-02  -2.0438297e-03
  -1.3657652e+00   2.2185256e+00   3.7514615e-01   3.3370397e-02  -1.5898107e-02  -2.6002589e-03
  -1.4556925e+00   2.3435366e+00   4.7733331e-01   3.4097630e-02  -1.6731762e-02  -2.2047256e-03
  -1.5024187e+00   2.3171174e+00   4.9845401e-01   3.4579875e-02  -1.7204164e-02  -1.9569763e-03
  -1.5106432e+00   2.3153899e+00   4.5202339e-01   3.4336151e-02  -1.7369406e-02  -1.9258807e-03
  -1.5444746e+00   2.2885962e+00   5.0376525e-01   3.4245482e-02  -1.7672723e-02  -1.6245893e-03
  -1.5394178e+00   2.3689563e+00   6.0045936e-01   3.4577073e-02  -1.7749946e-02  -1.3523870e-03
  -1.4955424e+00   2.4556304e+00   3.8329037e-01   3.5765622e-02  -1.7219203e-02  -1.6973653e-03
  -1.5273278e+00   2.3857628e+00   4.5329956e-01   3.6023120e-02  -1.7547732e-02  -1.6080447e-03
  -1.5441297e+00   2.4329693e+00   4.4183951e-01   3.6268948e-02  -1.7733958e-02  -1.6984256e-03
  -1.4750991e+00   2.4862934e+00   7.1590196e-01   3.5274688e-02  -1.7101648e-02  -1.0513125e-03
  -1.4878112e+00   2.5054768e+00   2.3711502e-01   3.6603663e-02  -1.7212314e-02  -1.4211883e-03
  -1.5046610e+00   2.5017436e+00   4.2409992e-01   3.6774911e-02  -1.7369911e-02  -1.3456865e-03
  -1.5043787e+00   2.4908525e+00   4.7286264e-01   3.6639999e-02  -1.7542361e-02  -1.0825583e-03
  -1.3928784e+00   2.6076669e+00   7.0056482e-01   3.5907927e-02  -1.6093288e-02  -6.3872841e-04
  -1.3817852e+00   2.5419218e+00   1.4380770e-01   3.6397767e-02  -1.5991829e-02  -5.9859183e-04
  -1.4349555e+00   2.5132589e+00   3.7276247e-01   3.6195522e-02  -1.6763386e-02  -5.7327371e-04
  -1.4669581e+00   2.5020877e+00   5.0483676e-01   3.5791753e-02  -1.7222641e-02  -3.4495507e-04
  -1.3418598e+00   2.6591721e+00   4.5704415e-01   3.6052454e-02  -1.5623403e-02   1.6696019e-04
  -1.3859775e+00   2.4982291e+00   2.4757084e-01   3.5972741e-02  -1.6173546e-02  -4.3961570e-04
  -1.3983534e+00   2.6568006e+00   5.8374828e-01   3.6815444e-02  -1.6464796e-02  -1.2697263e-04
  -1.3366589e+00   2.6067774e+00   1.5407224e-01   3.7055671e-02  -1.5702437e-02  -3.3514359e-04
  -1.3379139e+00   2.5564893e+00   3.6883868e-01   3.7187224e-02  -1.5634433e-02  -2.2724439e-04
  -1.4179256e+00   2.5469612e+00   4.9887225e-01   3.6632996e-02  -1.6504488e-02  -3.4867580e-04
  -1.3927854e+00   2.6392129e+00   4.1119595e-01   3.6832742e-02  -1.6201286e-02   2.3132346e-04
  -1.3383253e+00   2.4995673e+00   3.7232302e-01   3.5905243e-02  -1.5493611e-02   7.1223610e-04
  -1.3945939e+00   2.5274235e+00   3.6470894e-01   3.7187474e-02  -1.6345859e-02   4.9279096e-04
  -1.4717411e+00   2.5344879e+00   6.5808303e-01   3.5623191e-02  -1.7422591e-02  -1.5628254e-04
  -1.3850512e+00   2.5758353e+00   2.5021003e-01   3.7514475e-02  -1.6323083e-02  -2.8962157e-04
  -1.4113344e+00   2.5519127e+00   3.8108560e-01   3.7542464e-02  -1.6626146e-02  -2.2964378e-04
  -1.2944686e+00   2.5282967e+00   5.9247850e-01   3.3411491e-02  -1.4712895e-02  -1.2733807e-04
  -1.2437948e+00   2.3419052e+00   1.5026580e-01   3.2200325e-02  -1.4297848e-02   1.4576429e-04
  -1.3463856e+00   2.3880823e+00   3.5925320e-01   3.4347497e-02  -1.5805999e-02   3.5335991e-04
  -1.3879197e+00   2.4281311e+00   4.2503027e-01   3.5359480e-02  -1.6402190e-02   7.1364323e-04
  -1.3547576e+00   2.5440134e+00   4.7058560e-01   3.6040118e-02  -1.5943690e-02   1.7485025e-04
  -1.3727193e+00   2.4721404e+00   2.8673962e-01   3.6154190e-02  -1.6298495e-02  -5.3086558e-05
  -1.3912882e+00   2.4593857e+00   4.1882514e-01   3.6058917e-02  -1.6383389e-02   2.4514291e-04
  -1.3295684e+00   2.4737306e+00   7.5643769e-01   3.4661884e-02  -1.5740237e-02  -1.5861060e-04
  -1.1499673e+00   2.4269185e+00   1.0563193e-01   3.2515297e-02  -1.3157306e-02   4.0782438e-04
  -1.2621082e+00   2.4505099e+00   3.2080266e-01   3.4767893e-02  -1.4751948e-02   6.4330163e-04
  -1.3479375e+00   2.4905835e+00   5.5970946e-01   3.4673468e-02  -1.5898275e-02   8.7389184e-04
  -1.0068162e+00   1.9825912e+00   4.0210181e-01   2.4053598e-02  -1.0346133e-02  -7.0718460e-05
  -1.1489909e+00   2.2104734e+00   2.5039697e-01   3.0632025e-02  -1.2478345e-02  -1.4442467e-03
  -1.2575232e+00   2.2595863e+00   4.1623384e-01   3.1310180e-02  -1.3970477e-02  -2.5492115e-04
  -1.1915441e+00   2.3537158e+00   8.5761132e-01   3.1425659e-02  -1.3642358e-02  -2.6042065e-04
  -1.0981065e+00   2.3221922e+00   2.3774166e-01   3.0930305e-02  -1.2285624e-02  -4.8756510e-04
  -1.1211838e+00   2.2876877e+00   4.9209195e-01   3.1914723e-02  -1.2633109e-02  -5.3706245e-04
  -1.1578209e+00   2.3108087e+00   5.5184542e-01   3.2663659e-02  -1.2995082e-02  -7.3884354e-04
  -1.1818882e+00   2.3241455e+00   5.8743014e-01   3.3342016e-02  -1.3368117e-02  -3.3963708e-04
  -1.1828321e+00   2.2756105e+00   6.0074545e-01   3.3015221e-02  -1.3380394e-02   1.3169597e-04
  -1.1880331e+00   2.3171123e+00   5.9133786e-01   3.3615062e-02  -1.3517649e-02   4.9885936e-04
  -1.1958946e+00   2.3541390e+00   5.7272124e-01   3.3801127e-02  -1.3598850e-02   4.9903497e-04
  -1.2594694e+00   2.3557726e+00   8.5365334e-01   3.3100401e-02  -1.4755665e-02   9.2644186e-04
  -1.1491228e+00   2.4662841e+00   5.0174300e-01   3.3262561e-02  -1.3130664e-02   5.3456974e-04
  -1.1816497e+00   2.4295395e+00   5.2372198e-01   3.4816507e-02  -1.3491939e-02   3.3883944e-04
  -1.2280896e+00   2.4545556e+00   6.4867373e-01   3.5022911e-02  -1.4254081e-02   6.8141457e-04
  -1.1288216e+00   2.5926096e+00   7.4948126e-01   3.4269707e-02  -1.2768851e-02   5.2456222e-04
  -1.1613857e+00   2.5275114e+00   3.3908300e-01   3.5807691e-02  -1.3230792e-02   8.7572166e-04
  -1.1443806e+00   2.5578228e+00   7.7259937e-01   3.5175022e-02  -1.3365752e-02   1.0036874e-03
  -1.1260617e+00   2.5564202e+00   4.0732539e-01   3.7116758e-02  -1.3133648e-02   6.9122712e-04
  -1.1580379e+00   2.5815422e+00   5.8826082e-01   3.6994435e-02  -1.3503156e-02   9.6145250e-04
  -1.1562408e+00   2.5613095e+00   5.7753029e-01   3.7167865e-02  -1.3466071e-02   1.1214704e-03
  -1.2193491e+00   2.4510709e+00   9.4656095e-01   3.5931566e-02  -1.4471808e-02   1.3588368e-03
  -1.1433252e+00   2.6925163e+00   5.3858660e-01   3.7797293e-02  -1.3256095e-02   4.8815180e-04
  -1.1204981e+00   1.0594266e+00   1.0955425e+00   2.3099926e-02  -1.3021086e-02   8.3819639e-04
  -1.0780814e+00   2.0838793e+00   7.7471700e-01   2.8900085e-02  -1.2328151e-02   7.5817205e-04
  -1.1890528e+00   2.2166569e+00   1.0763804e+00   3.2199720e-02  -1.4336032e-02   1.1297393e-03
  -9.9419885e-01   2.2587156e+00   8.4661555e-01   3.1721420e-02  -1.1577376e-02   6.5355198e-04
  -1.1324745e+00   2.2807832e+00   9.0706278e-01   3.2981446e-02  -1.3707104e-02   8.1769294e-04
  -1.0668416e+00   2.5057442e+00   5.1036246e-01   3.6361751e-02  -1.2800329e-02   7.0225397e-04
  -1.0988090e+00   2.4586637e+00   7.1313944e-01   3.5980859e-02  -1.3176750e-02   9.8570981e-04
  -1.1542573e+00   2.4901386e+00   7.5138875e-01   3.6252568e-02  -1.3830502e-02   1.1218211e-03
  -1.1919531e+00   2.4299800e+00   8.6174809e-01   3.5976073e-02  -1.4257527e-02   1.6158349e-03
  -1.1003840e+00   2.5498296e+00   1.1031850e+00   3.6018052e-02  -1.3184842e-02   1.2891219e-03
  -1.1542703e+00   2.4223044e+00   6.5549000e-01   3.6991620e-02  -1.3818375e-02   1.3184211e-03
  -1.1855059e+00   2.4791618e+00   7.9764511e-01   3.7245493e-02  -1.4061987e-02   1.2352371e-03
  -1.1860694e+00   2.4944153e+00   8.0358582e-01   3.7177627e-02  -1.4134157e-02   1.5387817e-03
  -1.1955745e+00   2.4802529e+00   7.8615364e-01   3.7286991e-02  -1.4182302e-02   2.0219557e-03
  -1.2017067e+00   2.4832406e+00   9.1574895e-01   3.6743200e-02  -1.4403083e-02   2.0853124e-03
  -1.1458368e+00   2.7286190e+00   6.5318252e-01   3.8580991e-02  -1.3437619e-02   1.6890956e-03
  -1.2123393e+00   2.5407732e+00   7.1000083e-01   3.8068185e-02  -1.4345209e-02   1.8112411e-03
  -1.2250602e+00   2.5586342e+00   7.4184975e-01   3.7869296e-02  -1.4359618e-02   1.8425671e-03
  -1.2259922e+00   2.6268646e+00   7.6045299e-01   3.9004140e-02  -1.4518315e-02   2.0692504e-03
  -1.1765332e+00   2.8128719e+00   9.7190817e-01   3.9859274e-02  -1.3832614e-02   1.7889245e-03
  -1.1612677e+00   2.7858342e+00   4.0544677e-01   3.9728779e-02  -1.3561647e-02   1.5574841e-03
  -1.0958957e+00   2.7965365e+00   5.7635157e-01   3.9512322e-02  -1.2902712e-02   2.1096353e-03
  -1.0018227e+00   2.8191357e+00   6.3011466e-01   3.8964957e-02  -1.1872145e-02   2.1319460e-03
  -9.4487683e-01   2.8857632e+00   9.2391300e-01   3.9565303e-02  -1.1563721e-02   1.8015204e-03
  -9.5381881e-01   2.9438782e+00   2.9185914e-01   4.1539818e-02  -1.1528944e-02   1.6154709e-03
  -9.5106433e-01   2.9701784e+00   4.8114478e-01   4.1574899e-02  -1.1672446e-02   1.6636668e-03
  -1.0589342e+00   2.8234471e+00   1.0311692e+00   3.8905916e-02  -1.3256410e-02   2.0620588e-03
  -9.4140242e-01   2.9282605e+00   3.7976554e-01   4.1913895e-02  -1.1787775e-02   1.4597107e-03
  -9.9229251e-01   2.8484219e+00   6.3759462e-01   4.1758348e-02  -1.2393037e-02   1.4925457e-03
  -9.7981284e-01   2.9866939e+00   6.0902063e-01   4.1366646e-02  -1.1959903e-02   2.3877211e-03
  -1.0227605e+00   2.8757506e+00   4.9346134e-01   4.1516395e-02  -1.2527470e-02   2.7191202e-03
  -1.0362692e+00   2.8574513e+00   5.5300689e-01   4.0816921e-02  -1.2640641e-02   2.5801020e-03
  -1.0685265e+00   2.8376932e+00   5.9734432e-01   4.0249170e-02  -1.2895442e-02   2.6487782e-03
  -1.0076581e+00   2.8776223e+00   9.7381035e-01   3.7404926e-02  -1.1726460e-02   3.0493855e-03
  -1.0161718e+00   2.8303823e+00   3.0459723e-01   3.8154792e-02  -1.2038250e-02   2.6695662e-03
  -1.0416466e+00   2.9310638e+00   4.4073397e-01   4.0044477e-02  -1.2260774e-02   2.8245553e-03
  -1.0328456e+00   2.8521152e+00   5.0917303e-01   3.9154864e-02  -1.2136784e-02   3.0253130e-03
  -1.0668794e+00   2.8905358e+00   6.1729144e-01   4.0336702e-02  -1.2716616e-02   3.1426437e-03
  -1.0656458e+00   3.0467376e+00   9.0548188e-01   4.0681066e-02  -1.2657313e-02   2.4744059e-03
  -1.0438195e+00   2.8337003e+00   4.3645899e-01   4.0373730e-02  -1.2581225e-02   2.0072839e-03
  -1.0304213e+00   2.8701797e+00   5.8300609e-01   4.0434113e-02  -1.2415201e-02   2.1711835e-03
  -1.0322267e+00   2.9154777e+00   5.8520807e-01   4.0819981e-02  -1.2515506e-02   2.4329085e-03
  -1.0300380e+00   2.9153046e+00   7.3233673e-01   4.0331240e-02  -1.2626730e-02   3.0913727e-03
  -8.6816945e-01   2.9347983e+00   8.3164767e-01   3.8536351e-02  -1.0642591e-02   3.1776369e-03
  -9.5299019e-01   2.8420105e+00   3.8415001e-01   3.8842185e-02  -1.1579450e-02   3.0042825e-03
  -9.8154887e-01   2.9409093e+00   5.0730292e-01   4.0375535e-02  -1.1928903e-02   2.8172679e-03
  -9.3322733e-01   2.9410695e+00   5.3340161e-01   4.0364001e-02  -1.1384913e-02   2.8662474e-03
  -9.5426073e-01   2.8758990e+00   5.9048720e-01   4.0126386e-02  -1.1517209e-02   3.0352320e-03
  -9.4909179e-01   2.8570093e+00   5.9943586e-01   4.0058251e-02  -1.1562540e-02   3.1601032e-03
  -9.4248670e-01   2.9246237e+00   6.0187098e-01   4.0160023e-02  -1.1465129e-02   2.9304857e-03
  -9.8448854e-01   2.9214563e+00   9.4936758e-01   3.7423127e-02  -1.1699535e-02   2.3937176e-03
  -9.0889778e-01   2.6975103e+00   3.0328262e-01   3.4240922e-02  -1.0124496e-02   1.1114645e-03
  -9.2371241e-01   2.8223338e+00   4.2889653e-01   3.7697762e-02  -1.0869685e-02   1.1636570e-03
  -1.0745115e+00   2.8294416e+00   1.0080774e+00   3.7847049e-02  -1.2857193e-02   2.1609920e-03
  -9.6479398e-01   2.8890554e+00   4.8216753e-01   4.0327086e-02  -1.1549812e-02   1.4363787e-03
  -1.0274622e+00   2.8499095e+00   7.3585061e-01   3.9681644e-02  -1.2561415e-02   1.2126128e-03
  -9.9838704e-01   2.9505237e+00   5.7189892e-01   4.0992493e-02  -1.1961355e-02   1.0271275e-03
  -9.8682264e-01   2.8945822e+00   5.0792827e-01   4.0854811e-02  -1.2037664e-02   1.4795290e-03
  -9.7380663e-01   2.9287319e+00   5.2404522e-01   4.0766445e-02  -1.1740417e-02   1.1127387e-03
  -9.5411896e-01   2.8894540e+00   6.9115678e-01   4.0332717e-02  -1.1825696e-02   1.3705532e-03
  -8.7642527e-01   3.0369648e+00   7.3162910e-01   4.1122544e-02  -1.0864614e-02   1.2222349e-03
  -8.8638162e-01   3.0065046e+00   3.9971294e-01   4.1718080e-02  -1.1271858e-02   1.0870959e-03
  -9.0007441e-01   3.0352219e+00   5.4837058e-01   4.2100393e-02  -1.1528206e-02   1.3241734e-03
  -9.6843660e-01   2.9110357e+00   9.5492618e-01   4.0010617e-02  -1.2490779e-02   1.7086408e-03
  -8.9483369e-01   3.0094363e+00   4.4733394e-01   4.2084143e-02  -1.1516807e-02   1.5726307e-03
  -9.3267267e-01   2.9873724e+00   5.8152288e-01   4.2282833e-02  -1.1939432e-02   1.6971198e-03
  -9.5221031e-01   3.0370575e+00   6.1998360e-01   4.2987295e-02  -1.2078705e-02   1.9250977e-03
  -1.0066342e+00   3.0475066e+00   6.2095477e-01   4.3226657e-02  -1.2688111e-02   2.1274855e-03
  -1.0206230e+00   3.0359169e+00   6.0936397e-01   4.3160528e-02  -1.2788197e-02   2.4994271e-03
  -1.0485022e+00   3.0761068e+00   6.1215398e-01   4.3539424e-02  -1.2912017e-02   2.7838646e-03
  -1.0839288e+00   3.0552020e+00   6.2020396e-01   4.3273346e-02  -1.3260825e-02   2.9790347e-03
  -1.1120456e+00   3.0165756e+00   6.3827935e-01   4.2583017e-02  -1.3425461e-02   3.2969887e-03
  -1.1082524e+00   2.9772492e+00   9.2888270e-01   4.2644213e-02  -1.3622013e-02   2.4783034e-03
  -7.3535552e-01   1.7138478e+00   8.1896249e-01   2.1072466e-02  -7.6423743e-03  -1.3799223e-03
  -6.5623202e-01   1.9594128e+00   7.3192082e-01   2.6543257e-02  -8.1549063e-03  -1.6880050e-04
  -9.3963635e-01   2.4605186e+00   1.3589326e+00   3.4660263e-02  -1.1541880e-02  -6.9879734e-04
  -8.9508948e-01   2.5050195e+00   6.2607056e-01   3.8125313e-02  -1.1399302e-02   4.1899452e-05
  -9.1373982e-01   2.5305521e+00   9.5128424e-01   3.7685826e-02  -1.1357781e-02   3.7573556e-04
  -9.8978507e-01   2.6153483e+00   1.0838392e+00   3.8006444e-02  -1.2279953e-02   5.9092393e-04
  -9.4280188e-01   2.7082063e+00   5.8512136e-01   3.9794058e-02  -1.1914833e-02   5.9865235e-04
  -9.5430442e-01   2.7309171e+00   7.8309466e-01   4.0022575e-02  -1.1939423e-02   6.6112934e-04
  -1.0504716e+00   2.7932116e+00   1.1130703e+00   3.9719863e-02  -1.2841984e-02   4.8820940e-04
  -1.0024221e+00   2.8005816e+00   5.8061684e-01   4.0896643e-02  -1.2213870e-02   3.7473791e-04
  -1.0617789e+00   2.7790115e+00   1.0565848e+00   4.0304790e-02  -1.2962979e-02   1.0424125e-03
  -1.0652012e+00   2.7604257e+00   6.9388820e-01   4.0792877e-02  -1.2804160e-02   8.2137434e-04
  -1.0501441e+00   2.7825582e+00   1.0794795e+00   4.0228809e-02  -1.2728359e-02   7.8349083e-04
  -1.0270815e+00   2.7482736e+00   6.9558838e-01   4.0868607e-02  -1.2448212e-02   4.4116531e-04
  -1.1695801e+00   2.7115138e+00   1.2856274e+00   3.9810722e-02  -1.4387835e-02   1.3733263e-03
  -9.4568037e-01   2.6076142e+00   1.1116509e+00   3.9647084e-02  -1.1319658e-02  -2.1190389e-04
  -1.0393146e+00   2.6856038e+00   3.6559122e-01   4.0925129e-02  -1.2509833e-02   4.9965508e-04
  -1.1390698e+00   2.8864950e+00   9.2513100e-01   4.2333823e-02  -1.4014759e-02   9.8361026e-04
  -1.0432403e+00   3.0133405e+00   5.3806125e-01   4.2655071e-02  -1.2637611e-02   5.8271563e-04
  -1.0515554e+00   2.9138447e+00   5.5932013e-01   4.3160974e-02  -1.2767412e-02   1.0769073e-04
  -1.0812954e+00   2.9207834e+00   6.7452526e-01   4.3000345e-02  -1.3003126e-02   4.2182307e-04
  -1.2170889e+00   3.0244457e+00   8.9339691e-01   4.3657793e-02  -1.4526782e-02   1.1485529e-03
  -1.1724905e+00   2.9918386e+00   5.9423988e-01   4.4096633e-02  -1.4161295e-02   5.7100082e-04
  -1.2232642e+00   2.9694533e+00   7.3866104e-01   4.3957965e-02  -1.4675836e-02   8.4959315e-04
  -1.2191189e+00   2.8790194e+00   7.7173228e-01   4.3137793e-02  -1.4646257e-02   9.4585768e-04
  -1.2585496e+00   2.9143897e+00   7.5472875e-01   4.3863150e-02  -1.4996554e-02   1.1995947e-03
  -1.2817365e+00   2.9366914e+00   8.2542436e-01   4.4352929e-02  -1.5338141e-02   1.4058195e-03
  -1.2154601e+00   3.1509799e+00   9.7152949e-01   4.4982032e-02  -1.4252750e-02   1.1733499e-03
  -1.2483064e+00   3.1427571e+00   3.5202354e-01   4.5385163e-02  -1.4601243e-02   6.7451546e-04
  -1.2779054e+00   3.1334030e+00   6.3809682e-01   4.5495959e-02  -1.4965350e-02   8.1196720e-04
  -1.3153025e+00   3.1195363e+00   7.0381939e-01   4.5652723e-02  -1.5480009e-02   1.3421530e-03
  -1.2287403e+00   3.2893588e+00   1.0811470e+00   4.5682788e-02  -1.4491943e-02   1.6574076e-03
  -1.2569048e+00   3.2072103e+00   3.6824342e-01   4.7022646e-02  -1.4726893e-02   9.9781624e-04
  -1.3162643e+00   3.2181911e+00   6.3360551e-01   4.6783866e-02  -1.5411932e-02   9.0633329e-04
  -1.2345951e+00   3.3600493e+00   9.0930197e-01   4.7535755e-02  -1.4468924e-02   1.2241897e-03
  -1.2368503e+00   3.2680953e+00   4.8327691e-01   4.7965339e-02  -1.4657550e-02   4.2295580e-04
  -1.2847860e+00   3.3438869e+00   6.2403833e-01   4.8552484e-02  -1.5129097e-02   5.2012337e-04
  -1.3007695e+00   3.3517796e+00   6.3468398e-01   4.8702191e-02  -1.5348520e-02   5.3015706e-04
  -1.3402828e+00   3.3561163e+00   6.5322130e-01   4.9077444e-02  -1.5715490e-02   7.5968016e-04
  -1.3603748e+00   3.3682302e+00   6.4812724e-01   4.9356088e-02  -1.5843720e-02   9.0610946e-04
  -1.3831948e+00   3.3722613e+00   6.7967312e-01   4.9609622e-02  -1.5990413e-02   1.1804173e-03
  -9.6902696e-01   2.0155295e+00   9.0589347e-01   2.9413016e-02  -1.0032975e-02   1.5474636e-03
  -1.0165878e+00   2.3181826e+00   8.8213297e-01   3.4578956e-02  -1.1587264e-02   1.7247892e-04
  -1.1742681e+00   2.3402542e+00   8.4259901e-01   3.5992115e-02  -1.3499725e-02   9.7362103e-05
  -1.2191126e+00   2.4698877e+00   8.4597671e-01   3.7238863e-02  -1.4011194e-02   2.6904664e-04
  -1.3219714e+00   2.5969079e+00   1.2241986e+00   3.7709304e-02  -1.5187691e-02   3.9846581e-04
  -1.2257179e+00   2.6878526e+00   5.7493902e-01   3.9539761e-02  -1.4086889e-02  -2.2509210e-04
  -1.2347999e+00   2.7243505e+00   7.3297368e-01   4.0343115e-02  -1.4273570e-02  -3.2787239e-04
  -1.2543824e+00   2.6776457e+00   8.2724909e-01   3.9813849e-02  -1.4303256e-02   2.1601177e-04
  -1.3262424e+00   2.7833531e+00   1.0198049e+00   4.1082628e-02  -1.5401517e-02   7.6338625e-04
  -1.2814688e+00   2.8239894e+00   7.4474176e-01   4.1583147e-02  -1.4862315e-02   5.1816547e-04
  -1.3156521e+00   2.6964399e+00   8.6890389e-01   4.0699325e-02  -1.5232599e-02   9.4453469e-04
  -1.3612786e+00   2.7594540e+00   9.3343517e-01   4.1493881e-02  -1.5858624e-02   1.1630163e-03
  -1.3236102e+00   2.9155008e+00   9.9113066e-01   4.2964487e-02  -1.5326590e-02   7.8841388e-04
  -1.3632915e+00   2.7973204e+00   8.3250412e-01   4.2731435e-02  -1.5753632e-02   5.7745079e-04
  -1.4205122e+00   2.7910571e+00   1.0093614e+00   4.2444652e-02  -1.6610956e-02   1.0145166e-03
  -1.3642457e+00   2.9318175e+00   9.7237122e-01   4.3204668e-02  -1.5710993e-02   7.6626540e-04
  -1.3461751e+00   2.7667454e+00   8.3053490e-01   4.1932934e-02  -1.5608155e-02   1.2287467e-04
  -1.2341903e+00   2.7525024e+00   9.4792211e-01   3.9828695e-02  -1.4217323e-02   6.7840286e-04
  -1.2384543e+00   2.8682902e+00   1.0368352e+00   4.1946422e-02  -1.4375037e-02  -4.9861264e-04
  -1.2789538e+00   2.8093276e+00   7.0072232e-01   4.1870711e-02  -1.4788428e-02  -3.3018248e-04
  -1.3027701e+00   2.7507033e+00   8.7883170e-01   4.1384809e-02  -1.5075230e-02  -1.3008914e-04
  -1.3880938e+00   2.7398889e+00   1.0584342e+00   4.1360182e-02  -1.6173062e-02   2.4221180e-04
  -1.2762974e+00   2.9292473e+00   9.5555316e-01   4.3089664e-02  -1.4780022e-02  -3.5012016e-04
