   1.4210855e-14   0.0000000e+00   0.0000000e+00  -3.3409559e-52  -3.8518599e-34   0.0000000e+00
  -7.2921298e-02   1.8445546e-01  -4.3047184e-01   2.9441062e-03  -1.8814421e-03  -1.6923198e-03
  -4.3893601e-02   4.3733550e-01   4.3434541e-02   7.6996318e-03  -1.7214351e-03  -1.6495684e-03
  -3.3520385e-02   4.2005357e-01  -1.2781776e-01   9.2587242e-03  -1.3572283e-03  -1.6254985e-03
  -8.7225490e-03   5.7867362e-01  -3.3716795e-02   1.2687046e-02  -1.2474685e-03  -1.6435649e-03
  -3.0020904e-02   7.4142882e-01   2.5927291e-01   1.3902281e-02  -1.6639455e-03  -1.8681973e-03
  -3.1008352e-02   6.0480219e-01   2.4051299e-02   1.6174282e-02  -1.7918809e-03  -1.9343289e-03
   3.1066328e-02   8.8909869e-01   6.8451916e-03   2.2806666e-02  -3.0214568e-03  -1.4338169e-03
   4.8380293e-03   7.7228203e-01   4.7592583e-01   1.9598401e-02  -3.1605793e-03  -1.5638167e-03
  -4.9576187e-02   6.6357289e-01  -4.3483629e-03   1.8900761e-02  -3.6967098e-03  -1.4272371e-03
  -1.5677461e-02   6.4464776e-01   1.2880940e-01   1.7991240e-02  -2.8045774e-03  -2.1535005e-03
  -2.0722407e-02   6.8917206e-01   2.0985747e-01   1.8959706e-02  -2.8297743e-03  -2.5442730e-03
  -6.2937161e-02   9.1339388e-01   4.0830514e-01   2.1359046e-02  -3.2191138e-03  -3.6199883e-03
  -6.2186526e-02   6.6449903e-01   1.5425863e-02   2.0170728e-02  -3.4062008e-03  -3.8255655e-03
  -9.9907192e-02   7.8218679e-01   2.3978584e-01   2.0462887e-02  -3.7534559e-03  -3.4205967e-03
  -6.8889278e-02   7.7986316e-01   4.0614134e-01   2.0926107e-02  -3.3279212e-03  -3.9674452e-03
  -8.2860020e-02   7.9452635e-01   2.6157625e-01   2.2738256e-02  -3.8320859e-03  -3.2898770e-03
  -7.2863871e-02   7.5449801e-01   2.1005906e-01   2.2198000e-02  -3.6505118e-03  -3.3272943e-03
  -7.0495702e-02   7.7337762e-01   3.1066534e-01   2.2022704e-02  -3.8049660e-03  -3.3736072e-03
  -1.9142081e-02   9.7911836e-01   5.4870911e-01   2.4162703e-02  -3.3918043e-03  -3.0317472e-03
  -1.8308463e-02   7.3768786e-01   2.4460107e-01   2.3568934e-02  -2.8205677e-03  -3.9910692e-03
  -9.8273012e-02   1.1104686e+00  -1.3689090e-01   2.2027686e-02  -2.8641537e-03  -3.7178606e-03
  -3.8353142e-03   1.1442179e+00   3.8445271e-01   2.4288480e-02  -2.3316921e-03  -3.5735567e-03
  -2.1922556e-02   9.9659154e-01   1.8319028e-01   2.4771136e-02  -2.8798024e-03  -3.0408889e-03
  -3.8960475e-02   8.9315597e-01   1.4678166e-01   2.2378200e-02  -2.7694115e-03  -3.1903481e-03
   2.0467685e-03   9.1048629e-01   3.1368547e-01   2.0278574e-02  -2.5448543e-03  -3.3533442e-03
  -4.4437939e-02   1.0455676e+00   3.6088929e-01   2.3495784e-02  -3.2756054e-03  -2.7904995e-03
  -9.9619231e-03   8.5951780e-01   2.5195842e-01   2.2520360e-02  -2.6184982e-03  -2.9331502e-03
  -2.6460419e-02   1.0121119e+00   3.9921749e-01   2.3884945e-02  -2.9194054e-03  -2.4558803e-03
  -5.7485953e-03   8.5553297e-01   3.3710737e-01   2.2618899e-02  -2.6079205e-03  -3.4206382e-03
  -6.2368250e-02   1.0137076e+00   3.3198724e-01   2.4615503e-02  -3.5648572e-03  -2.4989695e-03
  -3.5716503e-02   8.7075797e-01   2.0480894e-01   2.2991276e-02  -3.1215155e-03  -2.8370715e-03
  -3.5744750e-02   1.1301871e+00   6.1185114e-01   2.5964211e-02  -2.9043621e-03  -3.4405042e-03
  -4.2116737e-02   1.0036794e+00   3.8627477e-01   2.5230749e-02  -3.1921410e-03  -2.7405678e-03
  -2.1592430e-02   8.9216547e-01   3.5049820e-01   2.4396727e-02  -2.7728591e-03  -3.2611441e-03
  -5.8924369e-02   1.0140042e+00   4.2710114e-01   2.5418918e-02  -3.4641535e-03  -3.0678264e-03
  -4.8435441e-02   1.0750392e+00   6.2505852e-01   2.6631808e-02  -2.8613176e-03  -3.1803755e-03
  -5.9373162e-02   1.0727791e+00   4.4222586e-01   2.6839131e-02  -3.2453131e-03  -2.8700897e-03
  -3.3498332e-02   8.8354059e-01   3.3229423e-01   2.3951344e-02  -3.1278936e-03  -2.9994973e-03
  -4.1316500e-02   9.8434471e-01   4.6530356e-01   2.5136996e-02  -3.1842426e-03  -2.9983413e-03
   1.0144768e-02   1.1678535e+00   8.1773946e-01   2.7191628e-02  -2.4363252e-03  -3.4528351e-03
   2.4049703e-03   8.7020614e-01   3.6722020e-01   2.6461695e-02  -2.8675577e-03  -2.6300267e-03
  -9.6478303e-03   9.8532901e-01   6.2857019e-01   2.6422554e-02  -2.5486423e-03  -2.9854223e-03
  -3.1112104e-02   9.8760505e-01   4.8131789e-01   2.6723028e-02  -3.1374013e-03  -2.7667372e-03
  -2.4332168e-02   1.0300927e+00   6.3928635e-01   2.6560907e-02  -3.1797638e-03  -2.7468585e-03
  -7.9943634e-03   9.8394268e-01   5.1091034e-01   2.7516044e-02  -3.1242901e-03  -3.1084146e-03
   8.0710056e-03   1.1795744e+00   6.7974924e-01   3.0041818e-02  -3.2158547e-03  -2.8805587e-03
   3.1522661e-02   9.7367421e-01   4.7324265e-01   2.9054695e-02  -2.7384709e-03  -3.1384746e-03
   7.1615943e-02   1.4050151e+00   9.3799055e-01   3.3497173e-02  -2.5319187e-03  -3.6436503e-03
   6.4187662e-02   1.0329608e+00   5.0215411e-01   3.1466502e-02  -3.1441212e-03  -3.3771010e-03
   6.4799479e-02   1.1067676e+00   5.0919363e-01   3.1040279e-02  -2.9981042e-03  -3.3171718e-03
   6.3834185e-02   1.1763882e+00   5.6450547e-01   3.1766940e-02  -3.1038278e-03  -3.3862655e-03
   9.4668120e-02   1.3351086e+00   9.0289836e-01   3.2785270e-02  -2.3133072e-03  -3.5931309e-03
   5.5141721e-02   1.1091637e+00   4.7803264e-01   3.1600055e-02  -3.3277790e-03  -3.0444786e-03
   9.1814696e-02   1.2001961e+00   7.9663985e-01   3.1729407e-02  -2.3300938e-03  -3.8203985e-03
   9.2684558e-02   1.1946368e+00   6.5868058e-01   3.1913006e-02  -2.8207640e-03  -3.5849907e-03
   7.9360842e-02   1.1069957e+00   5.4098275e-01   3.1124193e-02  -3.0056505e-03  -3.5977461e-03
   1.1613009e-01   1.1728734e+00   6.6771164e-01   3.1212152e-02  -2.5751437e-03  -3.8984459e-03
   1.2389585e-01   1.1757450e+00   7.1001428e-01   3.2528596e-02  -2.5387268e-03  -4.0881679e-03
   1.1548725e-01   1.3022395e+00   9.0290614e-01   3.3262540e-02  -2.8122228e-03  -4.2202587e-03
   9.1070947e-02   1.0140323e+00   5.5697059e-01   3.0405067e-02  -3.1482202e-03  -3.7871588e-03
   7.5949982e-02   1.1212917e+00   6.5432478e-01   3.0718005e-02  -3.2165399e-03  -4.0683931e-03
   4.9863621e-02   1.2222877e+00   5.0097778e-01   3.5607625e-02  -3.8247688e-03  -4.5696438e-03
   1.0772843e-01   6.4352758e-01   5.2271606e-01   1.4812056e-02  -2.8197699e-03  -1.8464780e-03
   1.3320379e-01   2.4612657e-01   5.4585303e-01   7.8208111e-03  -1.4796421e-03  -5.7960842e-04
  -5.5712256e-02   8.1373953e-01   8.9485240e-01   2.1312664e-02  -4.3791491e-03  -2.5802194e-03
  -1.9980196e-02   6.8235115e-01   3.7854134e-01   2.1643220e-02  -4.7035070e-03  -3.7201041e-03
  -5.1734944e-03   7.9269102e-01   5.9327285e-01   2.2314581e-02  -4.1794372e-03  -3.8009526e-03
   3.7168272e-02   7.5614588e-01   4.3643525e-01   2.2435889e-02  -3.7294605e-03  -3.9914569e-03
   2.9741113e-02   9.5970993e-01   6.0013750e-01   2.5097758e-02  -4.0383904e-03  -3.9541817e-03
   4.0859866e-02   1.1101656e+00   8.6615619e-01   2.7403057e-02  -3.9493461e-03  -4.4394461e-03
   5.0405537e-03   9.9122470e-01   5.2833192e-01   2.7424701e-02  -4.1586118e-03  -4.8484900e-03
   2.3986220e-02   1.0537903e+00   7.3521117e-01   2.7681535e-02  -3.9820151e-03  -4.4917685e-03
   3.4183380e-02   1.1515846e+00   8.2180057e-01   2.8948481e-02  -4.3068987e-03  -4.2467237e-03
   4.3381717e-02   9.7786334e-01   6.6313698e-01   2.9989887e-02  -4.2523027e-03  -4.1484295e-03
   3.9089136e-02   1.2901412e+00   9.5989759e-01   3.3025963e-02  -4.3980577e-03  -3.7707604e-03
   4.4016840e-02   1.0448486e+00   7.2800656e-01   3.1107664e-02  -4.2174904e-03  -3.9008858e-03
   3.5110016e-02   1.2191903e+00   8.3964260e-01   3.2813238e-02  -3.9982436e-03  -4.3754300e-03
   3.8126495e-02   1.2236609e+00   8.2696936e-01   3.3031761e-02  -4.2286989e-03  -3.7936865e-03
   6.6912718e-02   1.2221688e+00   1.0004455e+00   3.2456575e-02  -3.8177540e-03  -4.0628875e-03
   4.0582623e-02   1.1154080e+00   6.6964663e-01   3.2777453e-02  -4.4274698e-03  -4.2614278e-03
   2.7993118e-02   1.2712998e+00   9.8622712e-01   3.3839099e-02  -4.3987269e-03  -4.5490588e-03
   3.9519461e-02   1.1518784e+00   7.2579605e-01   3.3718977e-02  -4.3438357e-03  -4.7649185e-03
   2.0777032e-02   1.3192045e+00   8.6769430e-01   3.4815715e-02  -4.5006956e-03  -4.6780839e-03
   3.0187010e-02   1.2194438e+00   8.5703713e-01   3.3961216e-02  -4.1249800e-03  -4.5696763e-03
   1.7083460e-02   1.3105050e+00   8.4827390e-01   3.5044459e-02  -4.4262314e-03  -4.5438416e-03
  -1.3121228e-01   4.5945641e-01   6.0569603e-01   1.3191232e-02  -4.9707277e-03  -1.0367395e-03
  -4.3879058e-02   8.9362812e-01   7.6092377e-01   2.2983184e-02  -4.3092249e-03  -2.9543526e-03
  -2.8760032e-03   7.0442444e-01   4.4522825e-01   2.4622297e-02  -4.5359549e-03  -3.2642164e-03
   3.0966483e-02   7.8305200e-01   4.4087979e-01   2.5499050e-02  -4.6356346e-03  -3.9035801e-03
   6.5550549e-02   9.6065444e-01   5.6230059e-01   2.7505845e-02  -4.0592045e-03  -3.4202097e-03
   7.5936803e-02   1.0027955e+00   4.8204420e-01   2.7453594e-02  -4.1309056e-03  -3.5135470e-03
   9.3404226e-02   9.7138054e-01   5.5621826e-01   2.7187049e-02  -3.9307820e-03  -3.7106712e-03
   4.0861540e-02   1.0340715e+00   5.6944930e-01   2.7005440e-02  -4.0021705e-03  -3.3851564e-03
   3.5861419e-02   9.3858841e-01   5.1068299e-01   2.4695913e-02  -4.1031385e-03  -4.2870919e-03
  -1.7644077e-03   4.4363104e-01   4.2150956e-01   1.4263695e-02  -4.4459547e-03  -3.6360333e-03
  -5.8967107e-02   7.8483674e-01   6.4744992e-01   2.0451501e-02  -5.3090074e-03  -2.5719695e-03
  -1.4329990e-03   9.5762143e-01   7.0469979e-01   2.4385127e-02  -4.2697061e-03  -4.0585826e-03
  -9.4371284e-03   7.7737898e-01   3.2783610e-01   2.2675273e-02  -4.7128052e-03  -4.3153872e-03
   2.6170612e-03   1.0922981e+00   7.9191500e-01   2.5745323e-02  -4.3633059e-03  -4.1525827e-03
   3.2082404e-02   8.6786480e-01   3.8438721e-01   2.5203757e-02  -4.3416180e-03  -4.1371351e-03
   7.4551283e-02   1.1056535e+00   8.1006436e-01   2.7432292e-02  -3.7778519e-03  -4.0950985e-03
   5.6340304e-02   9.4529796e-01   5.1161387e-01   2.6775009e-02  -4.2281392e-03  -4.1480754e-03
  -5.9844759e-02   8.4676135e-01   5.9480688e-01   2.2088881e-02  -6.3787432e-03  -3.2172816e-03
  -6.3327861e-02   1.0387875e+00   9.2503692e-01   2.3813413e-02  -8.5933622e-03   6.8630790e-04
  -2.0662547e-02   8.4535842e-01   3.0801021e-01   2.3048564e-02  -9.0957494e-03  -3.1496227e-03
  -7.8810924e-02   9.4183341e-01   5.4005492e-01   2.5855054e-02  -8.0829160e-03  -4.0797835e-03
  -7.6299208e-02   1.1169790e+00   5.7080425e-01   2.8353112e-02  -7.7956985e-03  -4.0436653e-03
  -5.0379749e-02   1.0341936e+00   4.0226609e-01   2.7053749e-02  -7.2750543e-03  -3.9746341e-03
  -4.0982829e-02   1.0822180e+00   4.8046013e-01   2.8233525e-02  -6.9560600e-03  -4.2950348e-03
  -2.1497689e-02   1.2256209e+00   6.7963214e-01   2.9344060e-02  -6.5901175e-03  -4.5551807e-03
   6.4255233e-02   1.1777530e+00   8.0644242e-01   2.8522058e-02  -4.2811514e-03  -4.2851627e-03
  -2.7453149e-03   9.9445456e-01   2.0384715e-01   2.3526041e-02  -5.2420584e-03  -4.8003720e-03
   4.2758975e-02   1.1328600e+00   4.4167802e-01   2.5854812e-02  -4.8253409e-03  -5.5322705e-03
   4.7481407e-02   1.1390823e+00   6.5640230e-01   2.7470971e-02  -4.8484694e-03  -5.2313633e-03
   2.5024392e-02   1.2544900e+00   6.6321556e-01   2.9618982e-02  -5.2832196e-03  -5.2105017e-03
   3.8613986e-02   1.1336654e+00   5.9812551e-01   2.8871423e-02  -4.9386484e-03  -5.5849603e-03
   6.7133722e-03   1.2045584e+00   5.4419775e-01   2.9510132e-02  -5.5296235e-03  -5.4039747e-03
  -3.8589274e-04   1.2489741e+00   6.3899164e-01   3.1227301e-02  -5.5644979e-03  -5.6078845e-03
   7.2770542e-02   1.4493339e+00   9.0032403e-01   3.3304864e-02  -4.7256021e-03  -6.0620668e-03
   4.3388280e-02   1.2348487e+00   5.4794830e-01   3.3391614e-02  -5.3420598e-03  -5.7286526e-03
   2.7877086e-02   1.5602845e+00   9.2494744e-01   3.5864674e-02  -5.6163746e-03  -5.7603956e-03
  -5.0563036e-02   6.4792380e-01   4.9289698e-01   1.9220826e-02  -6.3058193e-03  -5.3079650e-03
   4.3599976e-02   1.1192492e+00   7.9604251e-01   2.7780891e-02  -4.5666253e-03  -5.0698861e-03
  -4.6678032e-03   9.7003844e-01   4.8571475e-01   2.7541955e-02  -5.5453241e-03  -5.6358007e-03
   4.7718718e-03   1.1325959e+00   6.6046395e-01   2.9055221e-02  -5.5473633e-03  -5.5950683e-03
   3.6392384e-02   1.2329733e+00   6.8504168e-01   3.0571887e-02  -5.1321037e-03  -5.1569612e-03
   3.7586072e-02   1.1644092e+00   6.5093979e-01   3.0032443e-02  -5.0988168e-03  -5.7710213e-03
   9.5006035e-02   1.4027065e+00   1.0080250e+00   3.2882262e-02  -4.6003596e-03  -6.0165573e-03
   4.5330397e-02   1.3028981e+00   5.5791837e-01   3.5404905e-02  -5.9935769e-03  -4.2824429e-03
   5.4784514e-02   1.6015996e+00   6.4211969e-01   3.8108718e-02  -5.1700189e-03  -5.6462351e-03
   1.2509111e-01   1.4692470e+00   4.5603742e-01   3.3411011e-02  -4.0342189e-03  -5.6890370e-03
   1.4431031e-01   1.7599544e+00   8.8482805e-01   3.8545295e-02  -4.2654377e-03  -5.2815168e-03
   1.6855110e-01   1.7066718e+00   9.9689313e-01   3.7547751e-02  -3.2467023e-03  -6.4245237e-03
   1.7305667e-01   1.1038106e+00   4.9036932e-01   2.7012206e-02  -2.5084151e-03  -3.0051966e-03
   2.7854574e-01   1.7429919e+00   1.0134113e+00   3.9728050e-02  -1.1914522e-03  -3.8260762e-03
   1.8673701e-01   1.2270375e+00   6.3262385e-01   3.4443635e-02  -1.8009635e-03  -4.3649430e-03
   1.1914891e-01   1.5189156e+00   8.3619871e-01   3.6793415e-02  -3.1673717e-03  -5.7778315e-03
   8.4247483e-02   1.4376145e+00   6.6468155e-01   3.6977090e-02  -3.7958919e-03  -5.3650821e-03
   2.0842403e-01   1.5377732e+00   9.7170728e-01   3.6802435e-02  -1.9776723e-03  -4.8051818e-03
   1.9849021e-01   1.3825805e+00   6.0783701e-01   3.5902055e-02  -2.3999849e-03  -4.4599465e-03
   2.0523319e-01   1.4725045e+00   6.4628678e-01   3.6637584e-02  -2.2078879e-03  -4.7856388e-03
   2.3284368e-01   1.7167724e+00   9.3831541e-01   4.2019577e-02  -1.9117958e-03  -4.4749747e-03
   1.9706766e-01   1.7656389e+00   9.4929423e-01   4.1494370e-02  -2.6433929e-03  -4.6596956e-03
   2.1940395e-01   1.5305063e+00   6.5344802e-01   3.8923021e-02  -2.5361033e-03  -4.7443383e-03
   2.1597970e-01   1.5481126e+00   9.4100283e-01   3.7520163e-02  -2.2755998e-03  -4.8354662e-03
   2.5816097e-01   1.4549305e+00   7.9926391e-01   3.8382677e-02  -1.8207246e-03  -4.5359052e-03
   2.3500750e-01   1.6734446e+00   1.1005906e+00   3.9262535e-02  -2.2370272e-03  -4.4625866e-03
   2.2403566e-01   7.4402753e-01   6.7372615e-01   2.1949852e-02  -9.7503169e-04  -4.0835698e-03
   1.1848268e-01   9.6077348e-01   4.1161713e-01   2.3566731e-02  -1.7188547e-03  -4.7651553e-03
   1.8478657e-01   1.2449428e+00   7.1674090e-01   3.0966657e-02  -1.4269453e-03  -4.7700938e-03
   1.7337679e-01   1.2380295e+00   6.2478629e-01   3.1182732e-02  -1.8566052e-03  -4.7805206e-03
   1.6224196e-01   1.2744293e+00   7.1479613e-01   3.2334488e-02  -2.1782483e-03  -4.7671268e-03
   2.0803033e-01   1.3165249e+00   8.0243784e-01   3.2236902e-02  -1.5915332e-03  -4.9266384e-03
   1.6824980e-01   1.2849327e+00   6.5560081e-01   2.9829840e-02  -2.5071085e-03  -4.7890145e-03
   1.7268661e-01   1.4767848e+00   8.6816385e-01   3.4305196e-02  -2.5913948e-03  -5.6359735e-03
   1.6372789e-01   1.3050717e+00   6.2172189e-01   3.3466635e-02  -2.5395683e-03  -5.2226740e-03
   1.5258407e-01   1.5271888e+00   9.2994634e-01   3.5225466e-02  -2.6536566e-03  -5.6259226e-03
   1.7688079e-01   1.2571886e+00   6.4453985e-01   3.2614171e-02  -2.2856650e-03  -5.8284393e-03
   1.2417600e-01   1.4467576e+00   7.5569099e-01   3.4949721e-02  -3.1525539e-03  -5.6076045e-03
   1.4872541e-01   1.3936433e+00   5.9410703e-01   3.5925158e-02  -2.7619729e-03  -6.1618782e-03
   1.2801968e-01   1.3452086e+00   6.8538201e-01   3.2111840e-02  -2.3010340e-03  -6.1100720e-03
   1.3997652e-01   1.6540864e+00   9.3685353e-01   3.5799033e-02  -2.2370850e-03  -5.7942029e-03
   2.3299344e-01   1.5858075e+00   3.2329246e-01   3.4958389e-02  -8.5228357e-04  -6.8145365e-03
   1.9839736e-01   1.7179746e+00   7.1199966e-01   3.7051379e-02  -2.1561644e-03  -6.2552303e-03
   2.3942413e-01   1.5911383e+00   8.4643188e-01   3.6138621e-02  -1.4358213e-03  -6.4553570e-03
   1.9043278e-01   1.5047556e+00   6.0636342e-01   3.6353997e-02  -2.0616191e-03  -5.9702016e-03
   1.6828636e-01   1.5526846e+00   6.5527644e-01   3.6919784e-02  -2.4672996e-03  -5.8972719e-03
   2.2041104e-01   1.5852134e+00   6.4749836e-01   3.8980719e-02  -2.0473147e-03  -5.9354552e-03
   2.3209545e-01   1.7674338e+00   8.8907840e-01   4.0614610e-02  -1.8882045e-03  -5.2965215e-03
   2.7085823e-01   1.6653614e+00   9.6853356e-01   3.9722296e-02  -9.7501171e-04  -4.6706626e-03
   2.2286143e-01   1.5981128e+00   7.1125634e-01   3.9626985e-02  -1.8276437e-03  -4.7070206e-03
   2.4016217e-01   1.6386145e+00   7.9914326e-01   3.9905925e-02  -1.3320375e-03  -5.3008728e-03
   2.2943309e-01   1.6123350e+00   7.3239501e-01   4.0529192e-02  -1.7589879e-03  -5.0607495e-03
   2.3392991e-01   1.7531204e+00   1.0884321e+00   4.0695052e-02  -1.5623715e-03  -5.2057024e-03
   2.4530001e-01   1.5770380e+00   6.2195267e-01   4.0704300e-02  -1.8196514e-03  -4.7476833e-03
   2.5425438e-01   2.1974037e+00   1.2170957e+00   5.1223504e-02  -1.6498058e-03  -5.2860539e-03
   2.5283725e-01   1.5503675e+00   7.1793025e-01   3.8709670e-02  -7.9363526e-04  -4.7268670e-03
   1.9343379e-01   1.5064874e+00   8.7496603e-01   3.3824605e-02  -1.2634306e-03  -3.7490108e-03
   1.6040326e-01   1.4293996e+00   5.9314143e-01   3.6904503e-02  -2.0329189e-03  -4.2384050e-03
   1.7335305e-01   1.5764231e+00   8.7436605e-01   3.7449486e-02  -1.4509087e-03  -4.8543300e-03
   2.0551783e-01   1.5111650e+00   5.9629959e-01   3.7506025e-02  -1.3365214e-03  -4.6270712e-03
   2.0145842e-01   1.5651788e+00   7.4378346e-01   3.7984109e-02  -1.4036417e-03  -5.0308156e-03
   1.6485825e-01   1.7937790e+00   9.2405149e-01   3.9774082e-02  -1.8241268e-03  -5.9019380e-03
   1.7058243e-01   1.5950769e+00   5.3070103e-01   3.8627517e-02  -1.9630086e-03  -5.5858636e-03
   1.9512537e-01   1.7199637e+00   9.2660536e-01   3.8609706e-02  -1.4149868e-03  -5.0734331e-03
   2.1121274e-01   1.5213595e+00   7.4314150e-01   3.7555633e-02  -1.2098036e-03  -5.1037351e-03
   2.7789055e-01   1.7317152e+00   8.8035904e-01   3.9533172e-02  -3.8283573e-04  -3.9242585e-03
   3.1716391e-01   1.6342347e+00   6.5141816e-01   4.0676484e-02   7.6713456e-05  -4.8831669e-03
   2.7940538e-01   1.6949475e+00   8.4274623e-01   3.8491338e-02  -7.6449742e-04  -4.4777351e-03
   3.0134192e-01   1.6097305e+00   8.3690126e-01   3.8586340e-02  -7.9697731e-05  -4.7142931e-03
   2.9438378e-01   1.6108274e+00   7.0040021e-01   3.9245905e-02  -4.3703044e-04  -4.5346776e-03
   2.8028010e-01   1.6566817e+00   8.0654554e-01   3.9457960e-02  -5.6002205e-04  -4.2392787e-03
   3.7071902e-01   1.7199583e+00   9.0786943e-01   4.0564219e-02   5.2410162e-04  -4.5289084e-03
   2.2769823e-01   8.4815131e-01   3.3316028e-01   2.3443316e-02   7.8324685e-05  -3.4614252e-03
   2.5693162e-01   1.4869999e+00   5.9413182e-01   3.7007606e-02   3.6256128e-05  -4.6678630e-03
   2.0012568e-01   1.6070428e+00   7.3954610e-01   3.9544675e-02  -1.0480826e-03  -5.4726791e-03
   1.9472606e-01   1.8585009e+00   1.0571809e+00   4.1641334e-02  -1.0076464e-03  -5.5504490e-03
   1.7555073e-01   1.7151422e+00   9.0389144e-01   4.1256789e-02  -1.1417351e-03  -6.1154466e-03
   2.1023665e-01   1.7337704e+00   8.2672128e-01   4.2280163e-02  -1.1177144e-03  -5.3679866e-03
   2.4485511e-01   2.0238848e+00   1.1882767e+00   4.5382748e-02  -7.5234701e-04  -5.3537305e-03
   2.5437830e-01   1.7520839e+00   6.9241446e-01   4.3808512e-02  -7.2078073e-04  -4.8338427e-03
   2.4513129e-01   1.9083693e+00   1.0321313e+00   4.4089657e-02  -8.0010445e-04  -5.0712939e-03
   2.9344038e-01   1.8543620e+00   8.5026722e-01   4.5030695e-02  -3.4909437e-04  -4.5336436e-03
   3.2664004e-01   1.9637884e+00   1.1407394e+00   4.6331246e-02   2.1456986e-04  -4.7780850e-03
   2.8091219e-01   1.8459003e+00   8.5768060e-01   4.5016496e-02  -5.0841842e-04  -4.8099086e-03
   2.7905853e-01   1.8362212e+00   9.7991087e-01   4.4553565e-02  -2.4764377e-04  -5.3036190e-03
   2.8586219e-01   1.8439412e+00   8.9656634e-01   4.4185130e-02  -4.3909591e-04  -4.8269319e-03
   3.1102500e-01   2.0268220e+00   1.1364782e+00   4.7675143e-02  -1.3909290e-04  -5.4935976e-03
   2.9380790e-01   1.6588744e+00   7.6558509e-01   3.9658001e-02   2.1109252e-04  -4.9122333e-03
   1.8566794e-01   1.8387460e+00   6.7229316e-01   4.1269922e-02  -1.6413760e-03  -4.7615191e-03
   1.9343202e-01   2.0002153e+00   8.8713857e-01   4.1376345e-02  -2.6981313e-03  -4.9327435e-03
   2.6003843e-01   1.9376429e+00   7.8003621e-01   4.4837469e-02  -1.2211857e-03  -4.8629444e-03
   2.6421629e-01   2.0616334e+00   8.7988688e-01   4.7547836e-02  -1.5044088e-03  -4.7805177e-03
   2.5456623e-01   2.2540903e+00   1.2068101e+00   5.0602195e-02  -2.0306061e-03  -5.5066358e-03
   2.5528471e-01   2.0005033e+00   8.7764072e-01   4.9189523e-02  -2.4307803e-03  -5.5783817e-03
   2.5041878e-01   2.1499217e+00   1.0387497e+00   5.0626391e-02  -2.8813527e-03  -5.1420580e-03
   2.8665321e-01   2.1497463e+00   1.1354435e+00   4.9943264e-02  -2.1379715e-03  -5.4673076e-03
   2.7026064e-01   2.0458455e+00   8.8126701e-01   4.9671788e-02  -2.2176284e-03  -4.9676846e-03
   1.3212180e-01   1.1261025e+00   8.2072132e-01   2.2522991e-02  -2.3190600e-03  -2.7913759e-04
   1.7869376e-01   1.2228207e+00   4.1187412e-01   2.8750774e-02  -1.1819241e-03  -2.3395613e-03
   1.3976847e-01   1.3620546e+00   5.6113377e-01   3.3745653e-02  -2.1837229e-03  -4.3232716e-03
   2.0134449e-01   1.4636165e+00   5.8437518e-01   3.5788351e-02  -1.4233507e-03  -4.8537501e-03
   1.3029096e-01   1.5399946e+00   7.0037666e-01   3.7156838e-02  -2.7387819e-03  -5.4650896e-03
   1.6597693e-01   1.6961376e+00   9.4428863e-01   3.8492868e-02  -2.2762245e-03  -5.9114726e-03
   1.9337058e-01   1.5744118e+00   7.0231966e-01   3.9069124e-02  -2.1151882e-03  -5.5681059e-03
   1.9122398e-01   1.8468684e+00   1.0562070e+00   4.2690862e-02  -1.9442654e-03  -5.6790897e-03
   1.8824207e-01   1.6132553e+00   9.4253871e-01   4.0675425e-02  -2.0663791e-03  -5.6998908e-03
   1.5641239e-01   1.8434087e+00   1.1521223e+00   4.3000627e-02  -2.7249971e-03  -5.6294575e-03
   1.0382936e-01   1.7311771e+00   9.1151767e-01   4.7917836e-02  -3.3531413e-03  -6.4741177e-03
   1.9618789e-01   1.8025856e+00   7.8004651e-01   4.2823743e-02  -2.5614464e-03  -6.5193500e-03
   2.5245167e-01   1.5441666e+00   1.1951022e+00   3.8392375e-02  -1.1928140e-03  -5.0841701e-03
   1.7572002e-01   1.6068325e+00   1.0218368e+00   4.2375720e-02  -2.1434865e-03  -5.8316544e-03
   1.2716080e-01   1.6995736e+00   9.0358418e-01   4.2274635e-02  -3.2924636e-03  -5.6301933e-03
   1.7669813e-01   1.7209894e+00   8.3424879e-01   3.9844627e-02  -2.6851753e-03  -5.3002058e-03
   2.0474637e-01   1.8163312e+00   1.0524361e+00   4.2959553e-02  -1.7890149e-03  -5.5786735e-03
   1.2094295e-01   1.9567138e+00   9.5674669e-01   4.6283951e-02  -3.1659401e-03  -5.6623602e-03
   1.6346963e-01   1.8388993e+00   8.4956238e-01   4.4215467e-02  -2.6951276e-03  -5.4234878e-03
   1.8024639e-01   2.0267490e+00   1.1182544e+00   4.6350438e-02  -2.3273824e-03  -5.2142774e-03
   1.9248366e-01   1.8464303e+00   1.0652055e+00   4.4255194e-02  -2.0380760e-03  -5.5747419e-03
   2.0849248e-01   1.9103418e+00   1.0355703e+00   4.6294983e-02  -2.1988794e-03  -5.6499809e-03
   2.0746342e-01   2.0237975e+00   1.0160631e+00   4.8109320e-02  -2.5868293e-03  -5.2191710e-03
   2.5042196e-01   1.9344748e+00   1.0296111e+00   4.5293798e-02  -1.6863811e-03  -5.7900944e-03
   2.1273161e-01   2.0696487e+00   1.0756461e+00   4.7231981e-02  -2.6415726e-03  -5.1148417e-03
   2.2762895e-01   1.8447459e+00   9.1022833e-01   4.4678699e-02  -2.0984902e-03  -5.6765714e-03
   1.9759639e-01   1.9805514e+00   9.6808474e-01   4.6294252e-02  -2.5021961e-03  -5.1989139e-03
   2.2194940e-01   1.9769693e+00   1.2037402e+00   4.4984179e-02  -1.2333055e-03  -5.8880320e-03
   1.4134106e-01   1.8772089e+00   2.4664327e-01   3.8625371e-02  -2.7036416e-04  -3.6455349e-03
   3.4479227e-01   2.0700151e+00   3.9724803e-01   4.0515986e-02   1.9134231e-03  -5.6267191e-03
   3.8884018e-01   1.9336663e+00   5.0339240e-01   4.0745691e-02   1.9424761e-03  -5.3960270e-03
   4.0197288e-01   1.9300058e+00   5.9909385e-01   4.1533879e-02   1.8972468e-03  -5.2566083e-03
   3.9629942e-01   2.1109574e+00   9.3933492e-01   4.3714130e-02   1.7730586e-03  -5.3421974e-03
   4.0272616e-01   1.7935893e+00   5.5895223e-01   4.1257886e-02   1.8383611e-03  -5.2547698e-03
   3.9079964e-01   2.0208640e+00   8.1074764e-01   4.3084894e-02   1.4441832e-03  -4.9371358e-03
   4.2481315e-01   1.9763346e+00   8.7346795e-01   4.3551464e-02   2.0485235e-03  -5.3606345e-03
   4.2115141e-01   1.9805910e+00   7.7026299e-01   4.3853741e-02   1.8146837e-03  -4.4906440e-03
   4.4513761e-01   1.9360023e+00   8.0794686e-01   4.3622136e-02   2.2959886e-03  -5.3968477e-03
   3.7972629e-01   1.9606011e+00   8.0374879e-01   4.3531288e-02   1.3178439e-03  -5.2184682e-03
   3.7798826e-01   1.9274769e+00   6.8028265e-01   4.4253963e-02   1.1352537e-03  -5.0153357e-03
   4.3759310e-01   2.1648044e+00   1.0775487e+00   4.8039703e-02   1.9484326e-03  -5.2879174e-03
   4.0472426e-01   2.2795225e+00   7.7019601e-01   5.4743500e-02   9.1729829e-04  -5.2768117e-03
   4.0368272e-01   2.7106581e+00   5.8761285e-01   6.4071370e-02   1.1809104e-03  -6.4152321e-03
   4.7356271e-01   2.2285549e+00   8.7315857e-01   4.6486841e-02   2.2681241e-03  -4.0520796e-03
   3.5180473e-01   1.7374790e+00   6.4786216e-01   3.4599641e-02   1.2435551e-03  -3.3257203e-03
   3.6429850e-01   1.7565792e+00   3.7488659e-01   3.7957782e-02   9.5311694e-04  -3.9456772e-03
   3.9419756e-01   2.0674278e+00   8.5981496e-01   4.2057395e-02   1.5849815e-03  -4.5899895e-03
   4.0093292e-01   1.8844065e+00   6.4278197e-01   4.2041191e-02   1.6469424e-03  -5.1937915e-03
   3.9799435e-01   2.0406413e+00   6.5945848e-01   4.4327029e-02   1.1488944e-03  -4.2062152e-03
   4.1988391e-01   2.3166963e+00   1.0265846e+00   4.8950374e-02   1.2900197e-03  -4.9680264e-03
   4.1278962e-01   2.1064053e+00   6.7985320e-01   4.7809541e-02   1.2739755e-03  -4.1882887e-03
   3.9372174e-01   2.3891175e+00   1.0969134e+00   5.1131183e-02   1.0454555e-03  -4.9713807e-03
   4.1388196e-01   2.1332249e+00   7.6047770e-01   4.8648586e-02   1.2850385e-03  -4.5579495e-03
   4.0289683e-01   2.3016378e+00   1.0521687e+00   4.9671724e-02   1.2834490e-03  -4.7022629e-03
   4.0037414e-01   2.1661703e+00   7.1954471e-01   4.9862141e-02   1.4188089e-03  -4.1120301e-03
   4.0729383e-01   2.2663307e+00   9.3931571e-01   4.9875166e-02   1.2561048e-03  -4.4231534e-03
   4.1997658e-01   2.1486535e+00   7.6853942e-01   4.9091819e-02   1.7246742e-03  -4.7550819e-03
   3.6571420e-01   2.3330430e+00   1.0262808e+00   5.0284403e-02   1.0327860e-03  -4.7918404e-03
   3.8101659e-01   2.2006839e+00   7.9461094e-01   5.0257818e-02   1.2185640e-03  -5.0315597e-03
   4.0018156e-01   2.2893831e+00   8.7116064e-01   5.1559150e-02   1.2732883e-03  -4.7364272e-03
   4.0914307e-01   2.5758717e+00   1.1279316e+00   5.5674118e-02   1.2005446e-03  -4.7532808e-03
   4.2910952e-01   2.2475059e+00   7.2686152e-01   5.2589566e-02   1.4406436e-03  -4.4845554e-03
   4.2175733e-01   2.5162675e+00   1.1073741e+00   5.4125043e-02   1.3582833e-03  -4.4491803e-03
   4.2826748e-01   2.3052966e+00   8.1271922e-01   5.3550737e-02   1.8231481e-03  -3.8965855e-03
   4.2703137e-01   2.4670099e+00   9.3549059e-01   5.4325149e-02   1.5845583e-03  -3.4025149e-03
   4.4664686e-01   2.4283138e+00   9.2780355e-01   5.4512830e-02   1.9742080e-03  -3.8364042e-03
   4.2794499e-01   2.4498933e+00   8.7814823e-01   5.4514302e-02   1.6574286e-03  -3.5777080e-03
   4.4616156e-01   2.5077768e+00   1.1278033e+00   5.5988152e-02   1.7967176e-03  -3.7846419e-03
   4.1023770e-01   2.4153861e+00   8.0168967e-01   5.6087888e-02   1.2019301e-03  -3.6631677e-03
   4.1734362e-01   2.9037117e+00   1.1210758e+00   6.2896812e-02   1.1794748e-03  -4.0577935e-03
   4.1903748e-01   2.7017934e+00   6.8477439e-01   6.0038043e-02   1.3719388e-03  -3.8829103e-03
   4.4232202e-01   2.8142152e+00   1.1662145e+00   5.9852125e-02   1.5087909e-03  -4.1200948e-03
   4.4373868e-01   2.6084016e+00   6.9822741e-01   6.0691665e-02   1.0249475e-03  -3.8122166e-03
   4.4784274e-01   2.8191115e+00   7.4270836e-01   6.3929435e-02   1.3580795e-03  -4.8334234e-03
   4.8501013e-01   2.5752269e+00   8.9434012e-01   5.7384108e-02   2.5030540e-03  -4.8349353e-03
   4.3818256e-01   2.8780577e+00   1.0284879e+00   6.1808998e-02   1.9707498e-03  -4.6068781e-03
   4.4927094e-01   2.7429801e+00   9.9289400e-01   6.0593856e-02   1.9570178e-03  -4.2433968e-03
   4.7731414e-01   2.6954459e+00   8.4898130e-01   6.0152838e-02   2.0072127e-03  -4.5706093e-03
   3.9753828e-01   1.9514063e+00   4.2102704e-01   4.2810356e-02   1.6763963e-03  -3.5398312e-03
   3.8779725e-01   2.5826564e+00   9.6279760e-01   5.3417431e-02   1.2164131e-03  -4.8885454e-03
   4.2017992e-01   2.2911285e+00   5.4133462e-01   5.2674488e-02   1.5550744e-03  -4.1473098e-03
   4.4490752e-01   2.5212995e+00   9.8350684e-01   5.3864937e-02   2.0127750e-03  -4.1574309e-03
   4.5266987e-01   2.3877125e+00   6.6927050e-01   5.4135075e-02   2.0245666e-03  -3.8638543e-03
   4.4071304e-01   2.5419732e+00   9.6997357e-01   5.4808881e-02   1.6133245e-03  -4.2574082e-03
   4.3075015e-01   2.3557535e+00   6.6753583e-01   5.4173041e-02   1.7552674e-03  -4.4018777e-03
   4.5796945e-01   2.5297958e+00   8.1695778e-01   5.5203893e-02   1.7677182e-03  -3.7729205e-03
   4.5872898e-01   2.5090188e+00   1.0446998e+00   5.4481111e-02   2.0079122e-03  -4.1308825e-03
   4.1972024e-01   2.4039459e+00   6.8552864e-01   5.4860049e-02   1.4340393e-03  -3.7839743e-03
   4.6224713e-01   2.5484742e+00   1.0411968e+00   5.5845812e-02   2.1939919e-03  -4.1630386e-03
   4.6364192e-01   2.3856353e+00   7.1936032e-01   5.5088736e-02   2.2664372e-03  -3.8023074e-03
   4.6972457e-01   2.5892136e+00   1.0746189e+00   5.6382340e-02   1.9238875e-03  -4.0733825e-03
   4.3170794e-01   2.4349451e+00   7.5542103e-01   5.6669067e-02   1.4352650e-03  -4.3181768e-03
   4.2740531e-01   2.6231477e+00   8.4186299e-01   5.8315705e-02   1.5998091e-03  -4.0886604e-03
   4.2073343e-01   2.5569510e+00   8.7089943e-01   5.7890324e-02   1.7902088e-03  -4.3116409e-03
   4.0196090e-01   2.5450196e+00   7.6298549e-01   5.7517115e-02   1.4223959e-03  -3.8205794e-03
   4.3457242e-01   2.5806449e+00   1.0072512e+00   5.7430901e-02   1.9106363e-03  -4.2055796e-03
   4.4662287e-01   2.4925246e+00   7.5706681e-01   5.7138584e-02   1.8593546e-03  -3.7988725e-03
   4.5679981e-01   2.5539348e+00   9.7406908e-01   5.7057707e-02   2.1517049e-03  -3.9960618e-03
   4.7809907e-01   2.4957539e+00   9.2668151e-01   5.7488392e-02   2.3615823e-03  -4.4106210e-03
   4.5096893e-01   2.7394491e+00   9.3158776e-01   6.1013351e-02   1.9001481e-03  -4.6362625e-03
   4.7525258e-01   2.5524413e+00   8.1685504e-01   5.8449220e-02   2.2180222e-03  -4.3343576e-03
   4.6316727e-01   2.7032211e+00   9.3734086e-01   5.9773559e-02   1.8848232e-03  -4.0226645e-03
   4.9157013e-01   2.6225875e+00   9.6829532e-01   5.9050586e-02   2.3588129e-03  -4.4782958e-03
   4.6530079e-01   2.6165190e+00   7.9719072e-01   5.9898988e-02   1.7975309e-03  -4.2270842e-03
   5.0687605e-01   2.7497356e+00   1.1152243e+00   6.0683525e-02   2.2376882e-03  -4.4804595e-03
   4.9635203e-01   2.5721481e+00   6.9686349e-01   5.8762989e-02   2.1100273e-03  -4.3211038e-03
   4.9294867e-01   2.7693616e+00   1.0600622e+00   5.9796025e-02   2.0871345e-03  -4.3245958e-03
   4.8933347e-01   2.5649611e+00   6.9147564e-01   5.8846584e-02   2.1529648e-03  -3.9080256e-03
   5.0717139e-01   2.6718253e+00   8.0297322e-01   5.9107455e-02   2.4372589e-03  -3.6114035e-03
   4.9916570e-01   1.9997027e+00   9.2705413e-01   4.1324696e-02   3.9965322e-03  -3.9113802e-03
   4.2707794e-01   1.5859099e+00   6.9009704e-02   3.4966528e-02   5.2263185e-03  -1.6283340e-03
   4.6617577e-01   2.1076828e+00   7.3083096e-01   4.2223799e-02   4.2962142e-03  -2.4066082e-03
   4.6025953e-01   1.9923597e+00   4.0316785e-01   4.8004709e-02   3.3957788e-03  -3.0178816e-03
   4.3693623e-01   2.1551986e+00   5.5325744e-01   4.8195960e-02   3.0538926e-03  -3.5642094e-03
   4.6522332e-01   2.2728034e+00   6.5192950e-01   4.9698304e-02   3.1034930e-03  -3.3796001e-03
   4.5118547e-01   2.4280703e+00   9.8870176e-01   5.1709737e-02   2.8710990e-03  -3.7667615e-03
   4.5404845e-01   2.1216448e+00   4.8689486e-01   4.9944527e-02   2.5946342e-03  -3.2285076e-03
   4.4427484e-01   2.2740894e+00   7.7007263e-01   5.0497765e-02   2.7039233e-03  -3.3462629e-03
   4.7426439e-01   2.3559045e+00   8.9241665e-01   5.3199096e-02   2.9520784e-03  -3.9700546e-03
   4.3002805e-01   2.2417071e+00   7.8690332e-01   5.0194544e-02   2.3530274e-03  -3.3911135e-03
   4.4671131e-01   2.1476476e+00   6.5142845e-01   5.0544954e-02   2.6412986e-03  -3.5668708e-03
   4.2610703e-01   2.2699551e+00   7.1704344e-01   5.1122677e-02   2.1644267e-03  -3.1010987e-03
   4.3370573e-01   2.3104853e+00   8.5351465e-01   5.1129179e-02   2.4042454e-03  -3.5136958e-03
   4.1165377e-01   2.1001645e+00   5.2685324e-01   4.6342106e-02   2.5824577e-03  -3.0728577e-03
   3.3307646e-01   2.3767805e+00   7.9099986e-01   4.9382397e-02   1.5944710e-03  -3.2546953e-03
   3.8596638e-01   2.1030513e+00   5.3983767e-01   4.7944898e-02   2.2353362e-03  -3.7285518e-03
   3.7424248e-01   2.2293341e+00   7.1997509e-01   4.8646247e-02   1.9585492e-03  -3.1161881e-03
   4.2672327e-01   2.1524292e+00   6.7957770e-01   4.9203526e-02   2.6494600e-03  -3.5513409e-03
   4.2034593e-01   2.1902132e+00   6.3048967e-01   4.9230571e-02   2.4307633e-03  -2.7853829e-03
   4.2112683e-01   2.1937997e+00   7.5324391e-01   4.9300687e-02   2.8647864e-03  -3.3491576e-03
   3.5678003e-01   2.1433690e+00   6.2404131e-01   4.8768444e-02   1.8654579e-03  -3.2293631e-03
   4.1390566e-01   2.2407173e+00   8.7658571e-01   4.9409372e-02   2.5661464e-03  -3.5590821e-03
   3.9676659e-01   2.1305957e+00   5.4277643e-01   4.8826823e-02   2.0598555e-03  -3.3658768e-03
   3.9914599e-01   2.3353439e+00   7.6748711e-01   5.1929305e-02   2.4725017e-03  -3.8363569e-03
   3.9681969e-01   2.2441675e+00   6.9636704e-01   5.1733439e-02   2.0681892e-03  -4.0682223e-03
   3.8413152e-01   2.2367254e+00   7.0737182e-01   5.0522275e-02   1.8248845e-03  -4.0375543e-03
   4.1316292e-01   2.2951243e+00   9.8083028e-01   5.1080681e-02   2.2803096e-03  -4.2914604e-03
   3.9030947e-01   2.1322741e+00   6.6675540e-01   4.9590271e-02   2.0125182e-03  -4.1648184e-03
   4.3271481e-01   2.0880005e+00   8.9892130e-01   4.4493629e-02   2.9393664e-03  -2.7034359e-03
   4.6013846e-01   1.9152244e+00   4.2082158e-01   4.6846665e-02   2.5495314e-03  -2.6431972e-03
   3.9178194e-01   2.1761180e+00   6.3518201e-01   5.0994592e-02   1.3947202e-03  -3.2350341e-03
   4.3915175e-01   2.3349967e+00   9.4822769e-01   5.0942557e-02   2.5352252e-03  -3.2949732e-03
   3.1269861e-01   1.3093931e+00   9.7337330e-02   3.0491684e-02   3.1892290e-03  -1.4186037e-03
   3.6294542e-01   2.1252321e+00   7.3411585e-01   4.4462653e-02   3.1609404e-03  -1.2357780e-03
   4.1923770e-01   1.7706303e+00   5.2633909e-01   4.2352931e-02   3.6538481e-03  -2.0456573e-03
   4.1616440e-01   2.0447820e+00   6.9694208e-01   4.5760483e-02   3.1499907e-03  -1.6685754e-03
   4.1794410e-01   1.9461301e+00   7.3586524e-01   4.4830076e-02   3.2551620e-03  -2.6440237e-03
   4.2501878e-01   1.9396093e+00   5.5400390e-01   4.5924943e-02   2.9496385e-03  -2.2225810e-03
   4.3090463e-01   2.0210769e+00   6.6349283e-01   4.6698660e-02   2.9600598e-03  -2.3247710e-03
   4.6692468e-01   2.0148671e+00   7.7478704e-01   4.6126721e-02   3.6182346e-03  -2.7209591e-03
   2.0367547e-01   1.1686946e+00   3.2330227e-01   2.6773004e-02   1.7064829e-03  -2.7050645e-03
   3.1697562e-01   1.5044043e+00   4.3987978e-01   3.4719164e-02   2.7864222e-03  -3.1880823e-03
   3.3044930e-01   1.6985607e+00   5.3649691e-01   3.8579828e-02   2.3413462e-03  -2.9331599e-03
   3.2810352e-01   1.7289805e+00   4.5287463e-01   4.0042506e-02   2.1949291e-03  -3.0736689e-03
   3.7504951e-01   1.7745609e+00   3.9452544e-01   4.0697227e-02   2.6032852e-03  -2.9577194e-03
   3.3136000e-01   1.8755992e+00   4.8291038e-01   4.3249159e-02   2.0874548e-03  -3.5238127e-03
   3.3471692e-01   1.3822349e+00   5.6635829e-01   2.6247930e-02   3.1726155e-03  -1.3176329e-03
   2.7329453e-01   1.4953808e+00   1.8705716e-01   3.1501451e-02   2.5774936e-03  -1.1848220e-03
   3.4699856e-01   1.7203875e+00   5.8048092e-01   3.8386016e-02   3.0361849e-03  -1.7164324e-03
   3.2183796e-01   1.6043360e+00   3.9956424e-01   3.8418314e-02   2.5177391e-03  -1.7888772e-03
   3.3154184e-01   1.7502886e+00   7.3961097e-01   3.8720635e-02   2.7226079e-03  -1.8349567e-03
   3.5792715e-01   1.5556520e+00   2.7738256e-01   3.8460920e-02   2.5738193e-03  -1.9073612e-03
