   0.0000000e+00   0.0000000e+00  -1.4210855e-14   0.0000000e+00   0.0000000e+00   0.0000000e+00
  -7.3638597e-03   3.0242107e-01   1.8923022e-01   4.3053419e-03   3.1515197e-04   5.1616547e-05
   2.6000195e-02   1.9383780e-01   3.1320040e-01   2.9250517e-03   6.9494464e-04  -1.6818910e-04
   1.3903488e-02   7.0302181e-02  -7.5238868e-02   2.1410615e-03   9.7866837e-04   1.4191389e-04
   2.6026363e-02   1.6345572e-01   3.1913216e-01   1.7662922e-03   1.0648942e-03   6.0041063e-05
   2.5019587e-02   5.1411662e-02   2.0536467e-01   1.2934269e-03   8.6284625e-04  -1.4424263e-04
   8.3831277e-03   9.5962455e-02   1.3879403e-01   2.2527000e-03   6.8782342e-04  -9.4976183e-05
  -6.0812768e-03   1.7393508e-01   4.0365350e-01   2.9793807e-03   7.8632432e-04  -3.9945506e-04
   1.9346300e-03   6.6643551e-02   3.0183105e-01   2.1684095e-03   6.7317771e-04  -8.2692273e-04
   4.4077804e-02   6.7354598e-02   3.4533613e-01   5.1961269e-03   1.7010990e-03  -8.5395284e-04
   2.2445033e-02   1.0093450e-01   4.6291472e-01   5.5048627e-03   1.0633609e-03  -5.8662547e-04
  -1.1211923e-02   4.7106148e-02   5.1568568e-01   5.3919368e-03   5.8397902e-04  -1.1160538e-03
  -8.4072851e-02   8.2423186e-02   3.2244964e-01   6.5682908e-03  -5.9677208e-06  -1.3141229e-03
  -6.5671711e-02   8.1332504e-02   4.1437111e-01   6.4101599e-03   3.6154722e-04  -1.3970316e-03
  -4.2654750e-02   2.3217628e-01   6.1807330e-01   8.7523577e-03   8.8818243e-04  -1.0328312e-03
  -4.1850137e-03   2.4218606e-02   4.5854446e-01   6.0320175e-03   7.2012940e-04  -1.2424736e-03
  -3.1935874e-02   1.2374904e-01   3.4426225e-01   7.1618449e-03   7.6179367e-04  -1.4224763e-03
  -2.0503675e-02   1.6464683e-01   5.7222271e-01   7.2126618e-03   4.9763869e-04  -1.3767110e-03
  -5.4115841e-02   7.5072823e-02   2.7208151e-01   6.8881702e-03   9.6983214e-05  -1.2800400e-03
  -7.5335438e-02   3.1174354e-01   5.5685726e-01   9.0341192e-03  -3.5211723e-04  -1.3758188e-03
  -7.1477551e-02   5.9559103e-02   2.8863285e-01   7.1886114e-03  -1.9173659e-05  -1.0815158e-03
  -7.3022672e-02   2.9461361e-01   5.4801874e-01   9.0111848e-03  -9.2454427e-05  -1.2965512e-03
  -5.1290511e-02   1.2131956e-01   4.1479674e-01   6.9653066e-03  -2.6083409e-04  -1.1928780e-03
  -6.3306366e-02   2.4681129e-01   4.2037428e-01   9.2097763e-03  -1.3206712e-04  -1.2028111e-03
  -4.6154069e-02   2.0874919e-01   5.8448727e-01   8.1877216e-03  -7.1751660e-05  -1.1417483e-03
  -7.5874806e-02   1.4389497e-01   3.7468417e-01   7.8170475e-03  -4.6511614e-04  -9.4832100e-04
  -8.9326597e-02   3.0679162e-01   5.2214242e-01   9.4399082e-03  -2.8664783e-04  -1.0942757e-03
  -8.8964540e-02   1.0912654e-01   3.6949249e-01   7.0234658e-03  -3.7086375e-04  -7.6736605e-04
  -1.1102127e-01   3.0506047e-01   4.2119080e-01   8.5941573e-03  -4.6777842e-04  -9.9450046e-04
  -7.5397480e-02   1.7029484e-01   3.0892591e-01   5.8560712e-03   2.4543623e-04  -2.5089429e-04
  -1.4433684e-01   3.6211750e-01  -2.1648017e-01   5.7328138e-03  -1.8319855e-03   2.3515594e-04
  -1.3412425e-01   3.5676198e-01   1.0142824e-01   6.2235678e-03  -1.5103685e-03  -4.8197292e-04
  -1.2890395e-01   2.7877861e-01   1.9925038e-01   6.4807845e-03  -1.5181907e-03  -5.6295324e-04
  -1.1710373e-01   2.6836278e-01   7.3146259e-02   6.8317336e-03  -1.3523224e-03  -2.4186928e-04
  -1.0509920e-01   3.2176287e-01   1.1221578e-01   7.4236853e-03  -1.0092889e-03  -1.3588720e-04
  -1.0886708e-01   3.3615132e-01   2.6600064e-01   7.5063492e-03  -1.1660450e-03  -3.7787627e-04
  -1.1959705e-01   2.3679520e-01   1.2994424e-01   7.1502525e-03  -1.3932407e-03  -5.4544517e-04
  -1.3199660e-01   3.7103428e-01   1.7171300e-01   8.2198072e-03  -1.4186201e-03  -8.6165978e-05
  -1.0516040e-01   2.8488418e-01   2.6866079e-01   7.0711261e-03  -1.3421052e-03  -5.9547936e-04
  -1.1701483e-01   2.9281873e-01   2.6541796e-03   7.6470586e-03  -1.2095157e-03  -5.5358264e-04
  -1.0951007e-01   3.9033169e-01   3.1606376e-01   7.6854698e-03  -1.3742770e-03  -3.2597066e-04
  -1.1821885e-01   1.8630792e-01  -1.3589397e-02   6.2401751e-03  -1.5113630e-03  -1.1803092e-05
  -1.2328330e-01   4.1445228e-01   2.7965335e-01   7.7095953e-03  -1.6142130e-03   1.2335605e-04
  -1.0909825e-01   2.5993763e-01   1.6238510e-01   5.9918067e-03  -1.4948596e-03  -1.0779054e-05
  -1.1719708e-01   2.4606834e-01   1.9294729e-03   5.3628356e-03  -1.1169092e-03   1.9366118e-04
  -1.0582724e-01   1.6767509e-01   8.3656282e-02   2.1911579e-03  -1.3823625e-03   3.3116195e-04
  -2.1068548e-01   4.0583086e-01   4.9654439e-01   6.9101526e-03  -2.4286449e-03   1.8586918e-03
  -1.2499147e-01   1.6237447e-01  -2.5180500e-01   7.2078953e-03  -2.2015442e-03   1.0770453e-03
  -9.2914079e-02   2.6044075e-01   1.6673629e-02   6.2342057e-03  -1.6821866e-03   3.4724367e-04
  -1.2469438e-01   2.6517078e-01  -1.2951616e-01   6.1381709e-03  -1.8777068e-03   5.7894361e-04
  -1.1741264e-01   3.0863105e-01   2.3713125e-02   6.4622028e-03  -1.5002510e-03   6.2907365e-04
  -9.1940758e-02   3.7177258e-01   8.7087831e-02   7.0802955e-03  -1.2182502e-03   4.5212301e-04
  -8.8261563e-02   2.1963123e-01   1.3626334e-02   5.4432030e-03  -1.4271400e-03   7.0126951e-04
  -8.7269956e-02   3.4838707e-01  -1.1147043e-02   6.6547267e-03  -1.3042056e-03   1.1072996e-03
  -6.5550114e-02   2.8748821e-01   1.0841367e-01   6.2419092e-03  -1.0581551e-03   7.7229944e-04
  -9.2617124e-02   2.4555302e-01  -5.3880686e-02   5.8351682e-03  -1.4173368e-03   9.1854193e-04
  -8.0610032e-02   3.2065500e-01  -3.8090076e-02   6.4653080e-03  -1.1125669e-03   8.4443610e-04
  -6.8208624e-02   3.2668029e-01   1.2575071e-01   6.4906875e-03  -7.3051419e-04   3.7362333e-04
  -7.2924471e-02   2.2618232e-01  -7.2414537e-02   5.3358667e-03  -1.0921022e-03   8.6928752e-04
  -6.0960332e-02   4.3055662e-01   1.4197196e-01   1.0099970e-02  -5.6672840e-04   2.3934274e-04
  -1.3338647e-01   3.9621818e-01  -3.8252083e-01   3.2784136e-03  -9.8119319e-04   2.2096674e-03
  -1.0057649e-01   3.1082518e-01  -1.2571273e-01   3.3939466e-03  -6.4994026e-04   1.7017026e-03
  -1.0332502e-01   3.1265768e-01  -2.4399793e-01   4.5439722e-03  -4.7739598e-04   1.9855645e-03
  -9.2860333e-02   3.8933976e-01   1.2548891e-02   5.0361917e-03  -3.7361356e-04   2.1122028e-03
  -6.9566853e-02   2.5192219e-01  -3.8401531e-01   3.7828684e-03  -8.5578523e-05   2.4275569e-03
  -7.3999116e-02   3.9469572e-01   1.0353036e-01   4.2448408e-03   1.3782966e-04   2.0404368e-03
  -8.6709245e-02   2.1718027e-01  -1.4402971e-01   3.2028964e-03  -1.5424572e-04   2.4161161e-03
  -7.4123115e-02   4.1346311e-01  -3.7821381e-02   5.2255345e-03   1.0198979e-04   2.6002015e-03
  -5.8539223e-02   2.0537311e-01  -1.9199938e-01   3.0900472e-03   2.4508130e-04   2.7220548e-03
  -5.3826265e-02   3.8175428e-01  -2.6127986e-02   4.7002958e-03   2.8439423e-04   2.6789564e-03
  -6.2464325e-02   3.5865786e-01   8.4553253e-02   4.4536800e-03  -2.7929671e-05   2.4287142e-03
  -7.6731767e-02   2.9072641e-01  -2.4575362e-01   4.3931922e-03  -1.5660538e-04   2.9688528e-03
  -5.3551552e-02   3.4029479e-01   1.4559793e-01   5.6987854e-03   5.7111581e-04   1.9103734e-03
  -1.0170260e-01   2.9440515e-01  -2.7833709e-01   3.3431136e-03  -7.0043962e-04   2.9124209e-03
  -9.6964776e-02   4.0156202e-01  -6.1435694e-02   5.1564002e-03  -3.7537444e-04   2.8701138e-03
  -7.6962390e-02   3.2660676e-01  -4.9563311e-02   5.1755433e-03   7.5320863e-05   2.7202726e-03
  -8.6882375e-02   3.1603250e-01   1.1833192e-01   4.7126244e-03   3.7637468e-06   2.4595737e-03
  -1.2358391e-01   2.7493066e-01  -2.2650158e-01   4.7086742e-03  -9.7411119e-05   2.8509506e-03
  -9.9819415e-02   3.8844222e-01   1.2870827e-01   4.8129991e-03   1.9824156e-04   2.5737707e-03
  -1.0136734e-01   2.4565636e-01   3.3653844e-02   3.6472265e-03   8.7986270e-05   2.4383579e-03
  -9.4694560e-02   3.0713490e-01  -1.1338505e-01   4.3959138e-03   3.5585478e-04   2.8758884e-03
  -3.9476962e-02   2.8088959e-01   3.2840916e-01   5.9040565e-03   6.7040309e-04   1.9170852e-03
  -5.6411782e-02   1.8993791e-01  -6.2678048e-02   5.3627281e-03   2.7031079e-04   2.5760758e-03
  -6.4977409e-02   3.5552700e-01   2.2704965e-01   5.7160466e-03   3.1224582e-05   2.3605216e-03
  -3.8881984e-02   1.4716403e-01   1.1723338e-03   3.9103441e-03   4.1210232e-04   2.3163918e-03
  -4.4978767e-02   2.4941792e-01   8.0628494e-02   4.6623680e-03   5.7439282e-04   2.4990186e-03
  -5.2983106e-02   3.2203798e-01   2.9200347e-01   5.3996150e-03   2.9976083e-04   2.3269194e-03
  -7.5880228e-02   1.6144985e-01   4.2266544e-02   4.4579056e-03   2.2789581e-05   2.6126021e-03
  -7.9090972e-02   3.1961264e-01   1.5646665e-01   5.4528520e-03   1.9672947e-04   2.6522066e-03
  -5.0998332e-02   2.6610591e-01   2.9232416e-01   4.9066783e-03   5.6934593e-04   2.2050999e-03
  -6.2706596e-02   1.7611406e-01  -2.9456086e-02   4.7805397e-03   7.4651460e-04   2.5827089e-03
  -3.7579538e-02   3.0799276e-01   2.6875775e-01   5.0083180e-03   8.3489706e-04   2.5286742e-03
  -3.4216507e-02   1.4880373e-01   8.9942963e-02   3.6024439e-03   8.6798598e-04   2.6338916e-03
  -4.9196101e-02   3.1291737e-01   1.6961033e-01   5.3465614e-03   9.2989738e-04   2.7758225e-03
  -3.6964418e-03   2.2670926e-01   1.7329446e-01   4.2888895e-03   1.3049671e-03   2.5032396e-03
  -1.3840267e-02   1.9800361e-01   2.1116866e-01   2.8755915e-03   1.1583799e-03   2.4736840e-03
  -2.8669514e-02   2.3547319e-01   6.3979439e-02   5.0744979e-03   1.3404357e-03   2.5616125e-03
  -1.1683106e-01   3.3362053e-01   1.4247374e-01   5.3403382e-03   3.8565169e-04   2.5704481e-03
  -8.3558558e-02   2.4713796e-01  -2.2080352e-01   1.5132421e-03  -2.9102432e-05   2.5905094e-03
  -6.1462704e-02   3.6971139e-01   2.2438687e-01   3.2215611e-03   4.4677908e-04   2.2818271e-03
  -2.6605820e-02   9.0457006e-02  -3.8471994e-01   2.2432593e-03   9.6797470e-04   2.5276949e-03
  -2.0115386e-02   2.6648259e-01   1.3978945e-01   2.3715254e-03   1.1649729e-03   2.6743573e-03
  -3.8760801e-02   1.3941551e-01  -1.4719090e-02   1.7423869e-03   1.0022543e-03   2.8374888e-03
  -2.8407957e-02   2.5510635e-01  -4.9052443e-02   2.5968166e-03   1.3481209e-03   3.1786906e-03
  -1.4323503e-02   1.9580573e-01   7.7036297e-02   2.4293977e-03   1.3207909e-03   2.9400350e-03
  -1.4869292e-02   2.0198255e-01  -1.4481760e-01   3.0648758e-03   1.2753004e-03   3.1789380e-03
  -1.5172596e-02   2.7107397e-01   1.9322467e-01   3.0803831e-03   1.3778784e-03   2.8370578e-03
  -3.6939271e-02   1.4613377e-01  -4.3644310e-02   2.0731722e-03   1.1744345e-03   3.0941883e-03
  -1.9130831e-02   1.4736251e-01  -2.5000143e-02   1.2647231e-03   1.5633593e-03   3.2443980e-03
  -3.8305334e-03   2.8949406e-01   2.1975486e-02   2.6954588e-03   1.6132387e-03   3.3850085e-03
   9.1938490e-03   1.8122596e-01   7.0207072e-02   1.9677260e-03   1.6861711e-03   3.1433366e-03
  -2.3234543e-02   1.7622278e-01  -3.2094037e-02   2.4770451e-03   1.3470781e-03   3.5513818e-03
   2.5525224e-04   2.9883905e-01   2.3044546e-01   2.9062612e-03   1.6631228e-03   3.3227703e-03
  -8.3998309e-04   9.8795763e-02  -1.1353966e-01   1.9666698e-03   1.6492121e-03   3.2647425e-03
   1.3642437e-02   1.7918317e-01   7.4775029e-02   1.9796150e-03   1.9111395e-03   3.2767387e-03
   1.1171976e-03   2.9879995e-01   5.5313863e-02   3.3688458e-03   1.7767867e-03   3.2944473e-03
   1.5697946e-02   1.3993314e-01   5.0961072e-02   1.6053680e-03   1.7447227e-03   3.2837536e-03
  -1.5967140e-03   2.6104742e-01   4.6168079e-03   3.0317871e-03   1.7521032e-03   3.3929856e-03
   1.8242698e-02   2.0171702e-01   1.8502345e-01   3.8057346e-03   1.8703341e-03   2.8029043e-03
   3.3074194e-02   1.2576714e-01   2.0846852e-01   5.3242417e-03   2.4966120e-03   2.5529898e-03
   1.1462335e-02   2.1528210e-01   1.9521059e-01   5.6384953e-03   2.3206445e-03   2.8344760e-03
   6.2049743e-03   2.6891921e-01   3.7216358e-01   5.4353214e-03   2.2867472e-03   2.5892284e-03
   7.4369793e-03   1.1230147e-01   1.2882871e-01   4.3684080e-03   2.0543050e-03   2.6744968e-03
  -4.2727567e-03   2.9368377e-01   2.9627763e-01   5.6460239e-03   2.2273205e-03   2.5154505e-03
   3.1788795e-03   2.1120417e-01   3.5897662e-01   4.9870508e-03   2.3509003e-03   2.2364225e-03
  -3.2605653e-03   1.8660127e-01   9.4414680e-02   4.8175385e-03   2.4914826e-03   2.8293370e-03
   9.5398966e-03   2.7745690e-01   3.5009770e-01   4.9684949e-03   2.4946186e-03   2.5256045e-03
  -2.9826679e-02   1.7664181e-01   4.9163747e-02   4.9167332e-03   2.0678950e-03   2.7802181e-03
  -1.4435781e-02   3.0413558e-01   4.5579646e-01   5.1768933e-03   2.1882387e-03   2.4870153e-03
   1.1163406e-02   1.8130936e-01  -2.1846345e-02   3.8007777e-03   3.1061929e-03   1.3250572e-03
  -1.1790981e-01   3.6461625e-01  -2.6083528e-01  -7.3316647e-04   1.3107082e-03   3.9462565e-03
  -7.6407118e-02   2.0798482e-01  -2.4523485e-01   7.8717169e-04   1.8110866e-03   3.2992716e-03
  -8.0102818e-02   1.7681034e-01  -8.3750847e-02  -2.9086270e-04   1.6886360e-03   3.7189901e-03
  -8.9906656e-02   2.2197954e-01  -1.5683850e-01   9.5826383e-04   1.5709351e-03   4.0281063e-03
  -4.2642349e-02   2.5946682e-01  -1.4419770e-02   5.5846367e-04   2.0598325e-03   3.8253916e-03
  -3.2914543e-02   1.5438549e-01  -6.8190672e-02  -6.6057307e-04   2.1323346e-03   3.7409530e-03
  -6.4123536e-02   2.0346590e-01  -1.9446267e-01   7.8878548e-04   1.8912766e-03   4.1231241e-03
  -5.1868654e-02   5.5218806e-02   4.3680351e-01  -1.9919170e-03   2.0121430e-03   3.5905938e-03
  -5.0221357e-02   1.2062198e-01   1.0768358e-02   4.4101079e-04   2.2783112e-03   3.6119514e-03
  -3.4565172e-02   5.4097185e-02  -2.6104058e-01   3.4273736e-05   2.2317971e-03   4.0334619e-03
  -5.0654708e-02   4.7351699e-02   8.4054431e-03  -3.6695495e-03   1.9952100e-03   3.7795034e-03
  -2.5303948e-02   6.3280843e-02  -1.6948285e-01  -1.9430333e-03   2.0455127e-03   4.0056584e-03
  -4.3130708e-02   7.8640396e-02  -1.3837871e-01  -1.6952181e-03   1.7382768e-03   3.8827414e-03
  -7.2975244e-02   2.5112979e-01   4.8486450e-02  -5.2141142e-04   1.5744800e-03   4.2760903e-03
  -3.9859596e-04   1.6691326e-01  -3.6879314e-01   5.4231476e-05   2.2662854e-03   5.0214803e-03
   4.3062114e-02   2.5926435e-01  -5.6752542e-01   4.3420755e-03   2.3306950e-03   5.0089799e-03
   7.7950813e-02   2.3833979e-01  -2.4153342e-01   1.9563692e-03   2.9052364e-03   4.1155235e-03
   4.4917612e-02   4.0816250e-01  -1.7439926e-01   3.2108836e-03   2.4077478e-03   4.1974588e-03
   7.1316193e-02   2.6177563e-01   5.5157947e-02   1.5450107e-03   2.7847100e-03   3.8861583e-03
   9.4917079e-02   2.8382012e-01  -3.0779763e-01   2.5222153e-03   3.0499568e-03   4.4018680e-03
   1.2010810e-01   1.9821681e-01  -1.1135994e-01   7.5206135e-04   3.3484953e-03   4.1944788e-03
   9.5032005e-02   3.2085356e-01  -2.6422361e-01   2.3881644e-03   3.0773371e-03   4.3965861e-03
   8.7346474e-02   2.5581784e-01  -1.3848982e-01   7.8664497e-04   3.0462469e-03   3.7188443e-03
   4.9726055e-02   2.0469466e-01  -1.9145199e-01   4.4270346e-04   2.4810341e-03   4.0782033e-03
   2.9066252e-02   3.7927175e-01  -8.0606328e-02   2.3693036e-03   2.3373026e-03   3.9108750e-03
   4.0839892e-02   2.0355543e-01  -1.0672375e-01   4.7069832e-04   2.4140506e-03   3.8090895e-03
   5.4179949e-02   2.4774764e-01  -2.7397225e-01   6.0567069e-04   2.6463406e-03   4.2356460e-03
   5.9409591e-02   2.4702465e-01   1.4922565e-02   1.5782462e-04   2.4951626e-03   3.6188631e-03
   4.9850503e-02   1.6172378e-01  -2.4978345e-01   6.9361225e-04   2.1644412e-03   3.8341968e-03
  -1.2446875e-02   3.0759645e-01   1.5649242e-01   3.2324801e-03   2.4210054e-03   4.0813050e-03
   3.6026455e-02   1.8374636e-01   1.1723748e-01   2.4790840e-03   2.6738169e-03   3.5444212e-03
   3.6169844e-03   1.0814485e-01   5.4126376e-02   1.8194087e-03   2.3342286e-03   3.5479974e-03
  -5.1649458e-03   1.9592618e-01   4.8180174e-02   3.3047473e-03   2.4590964e-03   3.5948486e-03
  -8.1280251e-03   8.1149690e-02   5.8199268e-01   1.5259374e-03   2.0961567e-03   3.2586039e-03
   5.9399010e-03   1.3470751e-01   7.0722671e-02   3.8352453e-03   2.2609877e-03   2.9490720e-03
   3.7994358e-02   1.1554293e-01   1.6289700e-01   2.1815101e-03   2.6605749e-03   2.5900253e-03
  -8.2050811e-03   1.5709631e-01   7.6539117e-02   3.2062500e-03   2.0238258e-03   2.9564527e-03
   2.5068981e-02   2.4493330e-01   2.8859626e-01   3.5859859e-03   2.4007890e-03   3.1337602e-03
   4.5344896e-02   1.0659592e-01   1.6145307e-01   1.5735653e-03   2.4658267e-03   3.0094187e-03
   3.4965449e-02   1.9854882e-01   2.1945878e-03   2.8816860e-03   2.4601020e-03   3.3840781e-03
  -8.0242485e-02   2.5147251e-01   1.0329905e-01   4.1694432e-03   2.2906410e-03   3.1498626e-03
  -4.9494603e-02   1.8707353e-01  -3.4095305e-01   1.4024626e-03   1.9511059e-03   4.4976154e-03
  -7.1458622e-02   3.1789834e-01   8.5744504e-02   3.4812163e-03   1.6784183e-03   4.2664671e-03
  -8.2641733e-02   1.6512509e-01  -8.4386247e-02   1.9945536e-03   1.5027683e-03   4.3602151e-03
  -7.7714289e-02   1.7535170e-01  -6.5563218e-04   1.8493776e-03   1.6480127e-03   4.7011987e-03
  -5.1760337e-02   2.7828916e-01   1.9869501e-02   2.7090307e-03   2.0459618e-03   4.9504538e-03
  -3.3496708e-02   1.8930454e-01   1.2643068e-01   1.7881233e-03   1.8830016e-03   4.7548135e-03
  -2.0327110e-02   2.0968720e-01  -2.6330767e-01   1.9262183e-03   1.7588799e-03   5.0311221e-03
  -2.9324272e-03   2.1400081e-01   1.8901398e-01   1.1211340e-03   1.8944669e-03   4.5235274e-03
  -2.0536114e-02   2.2962396e-01  -1.4537388e-01   2.4765804e-03   1.7387636e-03   4.9772758e-03
  -6.0397271e-02   2.2531352e-01   3.2979828e-02   3.7822277e-03   2.2464379e-03   3.9610762e-03
  -5.8325890e-02   2.5655574e-01  -1.9104616e-01   3.0443450e-03   1.5517106e-03   5.0708157e-03
  -3.0906807e-02   2.4687887e-01  -2.3856302e-02   3.1307630e-03   1.9434850e-03   4.8507748e-03
  -2.7125378e-02   1.7944434e-01   2.4703555e-01   2.0495257e-03   1.9189158e-03   4.8919711e-03
  -4.2577121e-03   2.2326029e-01  -1.3906134e-02   3.0828885e-03   2.0928905e-03   5.1852929e-03
   5.8259552e-03   1.4866367e-01   2.0484677e-02   2.1744170e-03   2.0925378e-03   4.8098699e-03
  -2.4973373e-02   3.0239338e-01   8.1282135e-02   2.9476668e-03   1.8824559e-03   5.1800486e-03
   1.7391167e-02   2.4972709e-01   6.9693732e-02   3.7794280e-03   2.3212853e-03   4.6374587e-03
   1.5158795e-02   1.9684527e-01  -2.3613138e-01   3.6523796e-03   2.3348497e-03   4.9856584e-03
   7.5341721e-03   2.9741903e-01   2.4094599e-01   2.9924142e-03   2.2865170e-03   5.0587360e-03
   2.3511491e-02   1.4308530e-01  -2.1189121e-01   2.3421283e-03   2.2375579e-03   5.3379939e-03
   8.7856277e-03   2.8592262e-01   2.3756097e-01   2.4891128e-03   2.0300185e-03   5.4017547e-03
   2.2675573e-02   2.1689897e-01  -1.1133208e-01   3.1142818e-03   2.1124711e-03   5.5397132e-03
   2.9626544e-02   1.8791050e-01   5.1546593e-02   2.4330641e-03   2.1353687e-03   5.1474346e-03
  -8.0216893e-03   2.7966226e-01  -6.7414002e-02   3.4486805e-03   1.9221351e-03   5.4759164e-03
   1.6516428e-02   2.6356138e-01   1.3785523e-01   3.7066408e-03   2.1321428e-03   5.1097912e-03
   3.8717824e-02   1.7334943e-01  -1.0652267e-01   4.7808206e-03   2.2993255e-03   5.0343168e-03
  -5.3492224e-03   3.3425286e-01   1.5202695e-01   5.1691800e-03   1.6926888e-03   4.7442783e-03
  -1.1714592e-02   2.2543307e-01  -3.5028947e-02   4.6506394e-03   1.4096524e-03   4.9397617e-03
   7.6092580e-04   2.7489163e-01  -8.4209088e-02   4.6018738e-03   1.8484092e-03   5.2346526e-03
  -1.1962417e-02   7.2682734e-02   6.9372621e-01   3.7738207e-03   1.7660082e-03   5.5254550e-03
  -1.0288971e-01   4.6468236e-01   4.0528644e-01   1.2737512e-02   9.4161580e-04   4.3465334e-03
  -5.8327974e-02   2.6898554e-01  -4.4091551e-01   9.2274774e-03   8.8390792e-04   3.8575076e-03
  -6.8895115e-03   4.3060133e-01   4.9727346e-02   8.0470804e-03   1.6137193e-03   4.0893283e-03
  -1.5140597e-02   3.9867110e-01   1.0195069e-01   8.1200797e-03   1.2738512e-03   4.3477438e-03
   8.1646949e-03   3.6343281e-01   8.7977299e-02   7.3414808e-03   1.3299104e-03   4.1380163e-03
  -3.4680316e-02   3.8316808e-01  -1.8328395e-01   7.7500090e-03   8.4869925e-04   4.3693441e-03
  -9.7245551e-03   4.5643009e-01   2.4723693e-01   8.0658983e-03   1.2197859e-03   4.4567483e-03
   6.9651218e-03   2.7263985e-01  -1.6633084e-01   6.6423307e-03   1.5353821e-03   4.5675215e-03
   9.6763792e-03   4.2547048e-01   7.9129729e-02   7.3849393e-03   1.5086208e-03   4.4671531e-03
   1.5121840e-02   3.5159233e-01   1.1604561e-01   6.8641615e-03   1.3677039e-03   4.5241334e-03
   7.8204493e-03   3.0006269e-01  -5.3913937e-02   7.0005334e-03   1.2425127e-03   4.6137310e-03
   3.5826656e-02   3.7659878e-01  -4.6756052e-02   7.0258590e-03   1.6042763e-03   4.6758569e-03
   3.4637323e-02   3.8534655e-01   9.0008969e-02   7.0613230e-03   1.5362140e-03   4.6012350e-03
   3.3168465e-02   2.7181664e-01  -1.2311377e-01   6.2186250e-03   1.3752153e-03   4.8617291e-03
   1.4045708e-02   4.1282095e-01   9.5282402e-02   9.2766406e-03   1.4550362e-03   4.2920365e-03
   1.7080391e-02   3.4320780e-01   1.4329895e-01   8.8373265e-03   1.5438327e-03   4.2082654e-03
  -1.7788766e-02   2.8164680e-01  -1.9582952e-02   9.0322350e-03   1.0231868e-03   4.4567723e-03
  -7.0968626e-03   4.0478806e-01   1.2072683e-01   9.1957978e-03   1.2832925e-03   4.4731681e-03
  -9.9860921e-04   3.3138371e-01   2.0772591e-01   8.9045001e-03   1.2329688e-03   4.3977852e-03
  -3.4451015e-02   3.1821689e-01   6.4425669e-02   9.0211605e-03   7.7739882e-04   4.6848843e-03
  -2.5375127e-02   4.2711331e-01   1.4798055e-01   9.5407531e-03   1.1192301e-03   4.5077726e-03
   2.2576605e-02   2.8571160e-01   1.1397200e-01   8.7389483e-03   2.0999811e-03   3.9752942e-03
  -3.9808577e-02   3.3527694e-01  -8.1543476e-03   9.4615118e-03   1.5127350e-03   4.6224532e-03
  -2.3284450e-02   4.2759175e-01   2.8018966e-01   9.6269222e-03   1.5716286e-03   4.3821470e-03
  -8.0273861e-03   2.8163845e-01   9.4063944e-02   8.0362091e-03   1.5924938e-03   4.6558471e-03
  -6.5761678e-03   3.4544010e-01  -3.5563925e-02   8.8870209e-03   1.5648835e-03   4.8761029e-03
   1.8512167e-02   4.4707117e-01   2.9271437e-01   9.3664955e-03   1.8826107e-03   4.4301049e-03
  -6.3317932e-03   2.8213720e-01  -8.5592846e-02   9.0918363e-03   1.8718512e-03   4.5044517e-03
   2.8423662e-03   4.6621437e-01   1.8938004e-01   9.8443506e-03   1.9547428e-03   4.5997628e-03
  -2.0492350e-04   3.0533789e-01   9.1216368e-02   8.8761775e-03   2.3832324e-03   3.5511034e-03
  -9.7411546e-02   4.6644944e-01  -1.9361489e-01   6.0545685e-03   9.4284702e-04   5.4993766e-03
  -4.9378502e-02   3.1978017e-01  -3.3447376e-01   6.9462124e-03   1.1271268e-03   5.3115505e-03
  -2.3899654e-02   4.3704159e-01   2.2004345e-02   7.9787078e-03   1.4228927e-03   5.1732874e-03
  -6.8937897e-03   3.1170724e-01  -3.5899227e-02   6.8826022e-03   1.5486611e-03   4.9848561e-03
  -1.3259864e-02   3.5291219e-01  -1.7689377e-01   7.7948646e-03   1.5332461e-03   5.4768743e-03
  -1.2659167e-02   4.5219019e-01   1.2389553e-01   8.1456164e-03   1.7334988e-03   5.1929527e-03
  -3.1466464e-02   3.0733170e-01  -1.6238884e-01   7.3773141e-03   1.4876757e-03   5.3646969e-03
  -1.7556315e-02   4.3758674e-01  -1.2569291e-02   7.4367934e-03   1.5040889e-03   5.5946742e-03
  -2.4445436e-02   4.3761048e-01  -2.2832783e-01   8.8144078e-03   1.7544550e-03   5.3003236e-03
  -8.9425389e-03   4.1536179e-01   1.0632474e-01   8.1144841e-03   1.7944537e-03   4.7983985e-03
  -3.4090641e-02   4.2307279e-01  -2.2779698e-01   9.2570129e-03   1.4995892e-03   5.3161172e-03
  -1.4490288e-02   3.4339608e-01   4.2452377e-02   6.8065844e-03   1.9468322e-03   5.2192040e-03
   9.2714210e-03   5.0038648e-01   2.1083140e-01   8.7707132e-03   1.9399670e-03   5.3428395e-03
   3.4251311e-02   2.7754731e-01  -2.7705451e-01   1.0088968e-02   2.1391613e-03   5.1750086e-03
   4.9359942e-02   4.6192810e-01   1.6020371e-01   9.7445634e-03   2.1401033e-03   5.0414136e-03
   2.3803186e-02   3.5088901e-01  -9.3270963e-02   9.1528547e-03   1.6837835e-03   5.1175967e-03
   1.6096502e-02   5.2985799e-01   9.1000732e-02   1.0820180e-02   1.7250289e-03   5.2250312e-03
   5.5329786e-02   2.8179687e-01   5.3913451e-02   9.2603160e-03   2.7316261e-03   4.5731958e-03
   5.7644695e-02   4.5211689e-01   8.3175793e-02   1.1352232e-02   2.7852447e-03   4.5184511e-03
   7.0824720e-02   3.7642332e-01   1.0451248e-01   9.3930389e-03   2.5974196e-03   4.4367974e-03
   4.1217900e-02   4.5332829e-01  -7.3247539e-02   1.0907311e-02   2.2948147e-03   5.0722758e-03
   7.5219251e-02   4.5904354e-01   1.8922273e-01   1.0414427e-02   2.5507457e-03   4.7626883e-03
   5.4460727e-02   3.4440526e-01  -1.1091704e-01   9.2480649e-03   2.2749970e-03   5.1884456e-03
   3.9345673e-02   5.3313488e-01   1.4326586e-01   1.0936347e-02   2.1725023e-03   5.0067112e-03
   6.0190762e-02   4.1544866e-01   1.7451339e-01   9.9637441e-03   2.4150915e-03   4.8256453e-03
   3.7365082e-02   3.5882616e-01  -2.4066666e-01   8.1017922e-03   1.9145642e-03   5.4223276e-03
   5.4746977e-02   3.1801181e-01  -7.0461986e-02   8.2700737e-03   2.1134865e-03   5.3231128e-03
   5.4048112e-02   5.1632677e-01   1.6361025e-01   1.0249576e-02   2.3972787e-03   5.2558979e-03
   6.3220363e-02   3.2644627e-01  -1.0983241e-01   8.5885063e-03   2.6839015e-03   4.9114613e-03
   3.0972253e-02   5.0011340e-01  -2.3190021e-01   8.1062377e-03   1.8381702e-03   6.0422431e-03
   4.6560679e-02   4.0489279e-01  -2.0380873e-02   8.5219237e-03   2.1244733e-03   5.6260332e-03
   2.2589063e-02   4.0999721e-01  -1.8245232e-01   9.5544373e-03   1.7569233e-03   5.8574030e-03
   2.3148054e-02   5.5348006e-01   6.4031747e-02   1.0308621e-02   2.0154418e-03   5.7002354e-03
   1.2914525e-02   4.1073340e-01  -9.2599481e-02   9.1667957e-03   1.9396473e-03   5.7449826e-03
   3.5547378e-02   4.7108628e-01   3.3606551e-02   9.2090189e-03   2.3435717e-03   5.6950908e-03
   4.7393091e-02   4.6246833e-01  -1.8530352e-01   1.0169393e-02   2.3720558e-03   5.9872965e-03
   5.9372107e-02   4.9566985e-01   7.9089738e-02   9.8768254e-03   2.3876255e-03   5.8631684e-03
   5.3113008e-02   4.1603291e-01  -1.5302083e-01   8.8646300e-03   2.2035270e-03   6.0202456e-03
   5.7483616e-02   5.2936739e-01  -3.6942262e-02   9.8765738e-03   2.3161023e-03   6.3401444e-03
   6.7692644e-02   4.9367631e-01   1.3534156e-01   9.3352409e-03   2.4540892e-03   6.1565888e-03
   8.0130486e-02   3.7530896e-01  -2.3174464e-01   8.3932195e-03   2.4156482e-03   6.5771061e-03
   5.1440966e-02   5.7952663e-01   8.5216776e-02   1.0097617e-02   2.2376242e-03   6.2596109e-03
   5.3145724e-02   4.3341802e-01  -9.9909667e-02   8.7898392e-03   2.2460765e-03   6.3462363e-03
   4.9562883e-02   4.8952367e-01  -1.1993865e-01   9.5216684e-03   2.4557250e-03   6.6710426e-03
   5.6347330e-02   5.0701669e-01   6.7098942e-02   9.5914200e-03   2.5081838e-03   6.3028043e-03
   7.2622335e-02   5.0118353e-01   1.2543185e-02   9.1889619e-03   2.8296909e-03   5.9938431e-03
   3.6013262e-02   4.9494289e-01  -1.8666960e-01   1.0352170e-02   2.4493105e-03   6.3881238e-03
   4.0620431e-02   5.4736631e-01   1.6524697e-01   1.1441444e-02   2.7064875e-03   5.5950883e-03
  -5.7996956e-04   4.2815339e-01  -1.1888284e-01   1.0403717e-02   2.2877993e-03   5.2316932e-03
  -3.4499685e-04   3.9779567e-01  -3.9048086e-02   9.6007733e-03   2.2619010e-03   5.4195682e-03
  -7.7419993e-03   5.4420544e-01   4.5230269e-02   1.1768287e-02   1.9934788e-03   5.4291824e-03
   2.9756928e-02   4.8797137e-01   7.7258957e-02   1.1399966e-02   2.5323104e-03   5.3324818e-03
   4.3078424e-02   3.3618174e-01  -9.2524936e-03   9.2979730e-03   2.6930097e-03   5.4369650e-03
   2.8842883e-02   4.7472989e-01   2.0763886e-02   1.1017917e-02   2.5120073e-03   5.6394428e-03
   3.9385330e-02   4.8889263e-01   1.8273207e-01   1.1193182e-02   2.7083487e-03   5.1998512e-03
   4.3964654e-03   3.8887908e-01  -7.7605644e-02   1.1288498e-02   2.2834080e-03   5.3906553e-03
   2.2812681e-02   5.7181803e-01   2.0765453e-01   1.1973023e-02   2.5743935e-03   5.3535446e-03
   2.1547093e-02   4.0770973e-01   4.1836558e-02   1.0938912e-02   2.4419955e-03   5.3150617e-03
   3.5249111e-02   5.3808772e-01   8.6591029e-02   1.1400103e-02   2.8787866e-03   5.6850784e-03
   5.4650819e-02   4.1965273e-01   1.6613142e-01   1.0365624e-02   3.0129070e-03   5.1651428e-03
   7.0713078e-02   4.8718678e-01   2.8947897e-03   1.1481137e-02   3.2183672e-03   6.0023810e-03
   6.9434710e-02   5.1134133e-01   2.3597336e-01   1.1452945e-02   3.0546707e-03   5.5016687e-03
   7.8616992e-02   4.2891653e-01   3.0566304e-02   1.1215880e-02   3.0958000e-03   5.5666802e-03
  -6.3797650e-02   5.0069525e-01  -1.9070692e-01   8.4869269e-03   1.5574215e-03   6.0709502e-03
   4.0082779e-03   5.7292605e-01  -5.6181757e-01   3.5289219e-03   4.2505400e-04   6.2279618e-03
  -4.0746380e-04   4.3268587e-01  -5.6126550e-01   4.3080209e-03   7.6562028e-04   6.8135799e-03
  -9.3180580e-03   6.7156752e-01  -2.7492887e-01   7.1369393e-03   8.1567218e-04   6.9039181e-03
   1.8982734e-02   4.6689651e-01  -1.4560995e-01   5.2052091e-03   1.2550431e-03   6.5038837e-03
   2.6166843e-03   6.3839531e-01  -2.0778729e-01   6.8018555e-03   8.1708545e-04   6.5469722e-03
   3.0662867e-02   4.1074414e-01  -6.2767250e-01   4.9160136e-03   1.2027886e-03   6.7717829e-03
   4.4714990e-02   6.0262932e-01  -9.5391502e-02   5.7216422e-03   1.6291374e-03   6.4192857e-03
   3.3981255e-02   4.5712382e-01  -4.3582023e-01   5.3211936e-03   1.2210030e-03   6.8894548e-03
   4.9609126e-02   5.8032168e-01  -1.9113798e-01   5.8842830e-03   1.5367339e-03   6.8387181e-03
   6.7689252e-02   5.2341368e-01  -4.3910459e-01   5.9682793e-03   1.5614269e-03   7.1264513e-03
   6.8736962e-02   4.9138009e-01  -1.8284427e-01   4.6845109e-03   1.9171842e-03   6.4592978e-03
   6.0602786e-02   5.6557151e-01  -2.0338838e-01   5.3427046e-03   1.6053134e-03   6.8080303e-03
   6.6092164e-02   4.4175253e-01  -4.8853917e-01   5.2496810e-03   1.5415019e-03   6.8259117e-03
   7.4389075e-02   6.0633591e-01  -1.1276701e-01   6.1592029e-03   2.1429231e-03   6.4151959e-03
   7.6646265e-02   4.3423415e-01  -3.3472522e-01   4.5516586e-03   2.1314704e-03   6.5392399e-03
   6.4034612e-02   5.6132222e-01  -3.2921271e-01   5.5922520e-03   1.8141042e-03   6.7622752e-03
   7.6927357e-02   4.5926340e-01  -3.3230084e-01   4.6975338e-03   1.9709648e-03   6.3780543e-03
   7.3558878e-02   5.9105993e-01  -3.1994015e-01   5.9523928e-03   2.0287167e-03   6.5255856e-03
   9.5787181e-02   5.6989966e-01  -1.3523510e-01   5.6662817e-03   2.2696508e-03   6.0660434e-03
   8.3030154e-02   4.6598728e-01  -4.8228744e-01   4.7762528e-03   1.9287752e-03   6.6899783e-03
   8.2269406e-02   6.2091101e-01  -1.1359713e-01   5.7827512e-03   2.1691099e-03   6.3074969e-03
   8.0599179e-02   4.4115975e-01  -2.8386906e-01   4.0058939e-03   2.0548744e-03   6.2228179e-03
   6.5747626e-02   6.2789813e-01   8.0887540e-02   4.8174261e-03   2.1309752e-03   5.8567464e-03
   7.3684142e-02   4.6791946e-01  -4.0612849e-01   5.4403923e-03   1.7038652e-03   5.8718079e-03
   3.6482873e-02   3.9582796e-01  -5.2831866e-01   4.4428305e-03   9.6453548e-04   6.0690633e-03
   2.6247135e-02   6.1849023e-01  -1.8504682e-01   5.8452864e-03   1.1239208e-03   5.9015150e-03
   3.5371444e-02   4.1874423e-01  -4.4052584e-01   4.0661700e-03   9.4235185e-04   6.2199231e-03
   3.3126785e-02   6.2543820e-01  -2.3196525e-01   5.7930159e-03   1.0401374e-03   6.2825207e-03
   4.3050426e-02   4.3947297e-01  -3.8294672e-01   4.0841864e-03   1.1570147e-03   6.0666847e-03
   5.0185170e-02   5.9414536e-01  -2.9445388e-01   5.0486201e-03   1.2705124e-03   6.0688775e-03
   6.4099191e-02   4.7641431e-01  -2.3189254e-01   4.1453829e-03   1.5121618e-03   5.6640867e-03
   3.3701613e-02   5.4206348e-01  -4.3543234e-01   5.3240956e-03   1.1254908e-03   6.1367875e-03
   5.6641072e-02   5.0074380e-01  -2.7518944e-01   4.4172125e-03   1.6943506e-03   5.7249718e-03
   4.1808487e-02   5.6315465e-01  -3.9876866e-01   5.1456833e-03   1.4562443e-03   6.0949596e-03
   5.7133472e-02   5.7890900e-01  -2.1297746e-01   5.2512082e-03   1.6453944e-03   5.7463636e-03
   3.0490651e-02   5.1265828e-01  -4.7233782e-01   4.9495879e-03   1.1486911e-03   5.9917625e-03
   6.2593032e-02   6.1549968e-01   1.3735101e-01   7.0692239e-03   1.7897177e-03   5.0734958e-03
   3.8051903e-02   4.5970351e-01  -6.6077279e-01   6.9269695e-03   1.1702785e-03   5.9934181e-03
   6.3661609e-02   6.0894169e-01  -2.0887791e-01   7.0439378e-03   1.3710147e-03   5.3950983e-03
   3.1191116e-02   4.9714751e-01  -4.2177651e-01   6.7892553e-03   1.0720461e-03   5.6785433e-03
   2.7896576e-02   6.6005985e-01  -1.9726695e-01   7.9844763e-03   1.2330259e-03   5.4907121e-03
   5.0220928e-02   5.6057166e-01  -2.3739669e-01   6.7588425e-03   1.2798687e-03   5.4808645e-03
   5.8939886e-02   4.6277906e-01  -4.6938474e-01   5.9458966e-03   1.2817621e-03   5.4552487e-03
   4.7817329e-02   6.7004569e-01  -2.3295508e-01   7.6802960e-03   1.2938864e-03   5.3854205e-03
   4.8854490e-02   4.5670577e-01  -3.7439519e-01   5.8285990e-03   1.2478958e-03   5.5048065e-03
   4.4013986e-02   6.2004026e-01  -2.3828322e-01   7.2627224e-03   1.2273660e-03   5.5943932e-03
   5.5873898e-02   4.8241469e-01  -2.8283320e-01   5.3369494e-03   1.4719769e-03   5.3385918e-03
   3.7332420e-02   6.0347986e-01  -3.3279803e-01   7.1531966e-03   1.2200892e-03   5.6247707e-03
   4.9983365e-02   5.4220915e-01  -2.1342838e-01   6.1312533e-03   1.5082983e-03   5.2402828e-03
   2.9978031e-02   5.1460846e-01  -2.9031100e-01   6.0021092e-03   1.4942176e-03   5.3556846e-03
   1.5476298e-02   5.9723943e-01  -1.2685967e-01   8.6473074e-03   2.0983569e-03   4.5126065e-03
  -8.6963667e-02   4.6512119e-01  -1.9398882e-01   5.4774754e-03   1.1286612e-03   4.8131211e-03
  -1.2882836e-02   4.7404897e-01  -4.1182496e-01   6.6929903e-03   1.3734440e-03   5.2621885e-03
   3.2587718e-02   3.6205419e-01   5.7122770e-02   4.3834682e-03   2.2179480e-03   4.7514732e-03
  -5.9057112e-03   6.0301891e-01   9.1400049e-02   9.6766475e-03   1.7764976e-03   5.1769935e-03
   1.5876174e-02   3.9020430e-01  -6.0284003e-01   9.1525025e-03   1.6423756e-03   4.6181984e-03
   1.9190197e-02   5.2959464e-01  -7.4132542e-03   7.8363281e-03   1.8585388e-03   4.7981213e-03
  -7.2589146e-03   4.2640751e-01  -2.4085259e-01   7.2703813e-03   1.7215773e-03   4.9546948e-03
  -3.0178319e-03   6.0007622e-01  -3.3603336e-02   8.7783489e-03   1.9563082e-03   4.9391182e-03
   9.5800010e-03   4.1864557e-01  -2.2768806e-01   6.7132115e-03   2.0703784e-03   4.9540059e-03
   5.7288354e-03   5.3304347e-01  -2.2575778e-01   7.6852086e-03   2.0128993e-03   5.1647652e-03
   1.2507582e-02   5.5432932e-01   5.2974454e-02   7.4566255e-03   2.1191468e-03   5.0092663e-03
   2.2536132e-03   4.2295502e-01  -2.1830915e-01   6.8527267e-03   2.0234671e-03   5.0968424e-03
   1.5333769e-02   5.1852583e-01  -1.9429642e-01   7.2642625e-03   2.2352561e-03   5.2909374e-03
   2.4100938e-02   5.1513279e-01  -9.3034537e-02   6.7431905e-03   2.4695791e-03   5.1099713e-03
   1.4158581e-02   4.4562057e-01  -1.2294751e-01   6.1348156e-03   2.3019094e-03   5.1677099e-03
  -1.7008512e-02   5.4623344e-01  -1.7476005e-01   8.0355566e-03   1.9670155e-03   5.3227221e-03
   1.9827077e-02   5.6394337e-01   3.2799356e-02   7.7173785e-03   2.5909125e-03   5.0329098e-03
   1.7400752e-02   4.2933626e-01  -2.7083304e-01   6.6451665e-03   2.2957871e-03   5.2330250e-03
   1.2251272e-02   5.7916580e-01  -6.1052922e-02   7.1266070e-03   2.4296024e-03   5.3411825e-03
   2.3603627e-02   3.4088692e-01  -4.4587633e-02   7.4224553e-03   3.4294855e-03   4.9635221e-03
  -7.0871133e-02   5.5720573e-01  -9.5081884e-02   8.7982708e-03   2.4571829e-03   5.6543292e-03
  -1.7414285e-02   4.7971159e-01  -2.9285938e-04   8.3845196e-03   2.5692886e-03   5.0765200e-03
  -1.3995000e-02   4.3684258e-01  -1.5478748e-01   8.1248154e-03   2.5719242e-03   5.3374080e-03
  -6.0975740e-03   5.6503904e-01  -4.5030224e-02   8.8342855e-03   2.9206237e-03   5.2442406e-03
   2.6157954e-02   4.6268812e-01  -8.9085392e-02   7.5505879e-03   3.1324610e-03   5.2771488e-03
  -7.3447305e-03   5.3017914e-01  -1.6533063e-01   8.5945929e-03   2.6556026e-03   5.7913729e-03
   1.3664407e-02   5.3956112e-01   3.4268680e-02   8.1271132e-03   2.8855976e-03   5.7576825e-03
   1.1973666e-02   4.6045004e-01  -1.1922047e-01   7.0743081e-03   2.9108232e-03   5.7421008e-03
   4.2743984e-03   5.2756647e-01  -1.8381650e-01   7.1952996e-03   2.6736603e-03   6.0222681e-03
   2.9106397e-02   4.2706373e-01   3.0135132e-02   5.1635867e-03   3.0169100e-03   5.8453096e-03
   2.0889566e-02   5.8617682e-01  -1.5287572e-01   7.3549629e-03   2.7588872e-03   6.2728138e-03
   4.6388607e-02   4.4037078e-01  -2.0071660e-01   6.0039732e-03   3.0883324e-03   5.8393073e-03
   2.6882475e-02   5.2468471e-01  -2.2513779e-01   6.6644792e-03   2.7359594e-03   6.4003277e-03
   2.4756645e-02   6.1569299e-01   4.4574198e-02   7.2778788e-03   2.9276709e-03   6.1671240e-03
   3.4838574e-02   5.0768463e-01  -2.8088285e-01   7.0506449e-03   2.9964558e-03   6.2511812e-03
