   0.0000000e+00   0.0000000e+00   2.8421709e-14   1.1102230e-16  -3.4694470e-18   3.8518599e-34
   4.4445162e-02  -2.6001934e-02   5.4438521e-02   7.4596703e-04   1.0033596e-03   7.3692217e-05
   3.0821159e-02   9.1292991e-02   1.0439870e-01   1.9682828e-03   8.5437647e-04   5.1289612e-04
  -5.6565620e-02   5.9856781e-02   2.0884628e-01   1.5809279e-03   2.1638290e-03  -4.7879780e-04
  -1.9563043e-02   8.0132575e-02   1.6233404e-01   1.5688421e-03   2.6930908e-03  -6.1319273e-04
  -1.2956414e-01   6.0946660e-02   1.7220348e-01   4.2279965e-04   1.8461755e-03  -1.4292737e-03
  -1.5446790e-01   5.4141720e-02   1.9150136e-01   1.0358279e-03   2.2583855e-03  -1.5847813e-03
  -2.3925757e-01   7.3709497e-02   2.5203488e-01   1.8763152e-03   1.4005677e-03  -6.1314725e-04
  -2.3018770e-01   2.7108079e-02   3.0152199e-01   1.9366142e-03   1.6091631e-03  -3.4537279e-04
  -1.9019951e-01  -5.5586084e-02   3.0534580e-01   4.6466572e-04   2.6467967e-03  -1.6104552e-04
  -1.9629641e-01  -6.0369237e-02   2.4433099e-01  -8.6042077e-05   2.2403050e-03   1.3985123e-06
  -2.5061136e-01  -8.4359972e-02   2.3351013e-01   5.1185802e-04   2.2331519e-03  -6.1732757e-04
  -2.1491800e-01  -5.5617635e-02   2.8085567e-01   1.3940937e-03   2.3218005e-03  -1.7871892e-04
  -2.1997869e-01  -9.5904272e-02   2.9578229e-01   8.9481843e-04   2.6801850e-03  -5.3686599e-05
  -2.7378391e-01  -9.7382694e-02   3.0955502e-01   5.1393850e-04   3.0848761e-03  -5.2050915e-04
  -2.8949729e-01  -1.3228442e-01   2.1827825e-01  -1.3482866e-04   3.1679217e-03  -1.0126655e-03
  -2.9216685e-01  -1.7953939e-01   2.5508081e-01  -2.0612910e-04   3.4841316e-03  -9.3285452e-04
  -2.9903840e-01  -1.3950375e-01   2.0620576e-01  -3.9960955e-04   3.1164780e-03  -1.9221590e-04
  -3.0198777e-01  -3.3480778e-02   2.2470920e-01   1.2325501e-03   2.9491691e-03  -6.0221021e-05
  -3.7066581e-01  -3.5693100e-02   2.8143343e-01   4.6268113e-04   3.1604409e-03  -1.0115160e-03
  -3.7721515e-01  -1.4285743e-01   2.4161160e-01  -7.1163478e-04   3.4582931e-03  -8.6265185e-04
  -3.7531777e-01  -1.7724945e-01   2.7110104e-01  -9.8591152e-04   3.8560324e-03  -1.6396083e-03
  -4.0426309e-01  -1.7969472e-01   2.4332388e-01  -9.8403738e-04   3.6906225e-03  -1.2578984e-03
  -4.6277232e-01  -1.1216548e-01   2.8074782e-01   1.0030739e-03   2.7480377e-03  -7.9148958e-04
  -4.4363745e-01  -1.1421297e-01   3.7367305e-01   5.0018259e-05   3.1958105e-03  -1.2684866e-03
  -5.0502355e-01  -2.2513468e-01   3.2501455e-01  -1.3993820e-03   2.8799899e-03  -2.0378483e-03
  -5.3106830e-01  -2.6094827e-01   3.1393344e-01  -1.9368432e-03   3.0460365e-03  -1.8502096e-03
  -5.3818728e-01  -1.4020225e-01   3.2427870e-01  -4.7768139e-04   3.4082034e-03  -1.6264667e-03
  -6.0383813e-01  -9.9650050e-02   3.5253822e-01  -9.9088528e-04   2.7356366e-03  -1.7283391e-03
  -6.1317916e-01  -1.3217889e-01   3.2888955e-01  -1.8275323e-03   3.5502386e-03  -2.0072444e-03
  -6.3818143e-01  -1.7448791e-01   2.9944374e-01  -2.5114245e-03   3.3783960e-03  -2.1619978e-03
  -6.4188550e-01  -1.4139419e-01   2.5920335e-01  -2.4919509e-03   3.4211618e-03  -1.8786992e-03
  -6.4957731e-01  -1.0094093e-01   2.5342892e-01  -2.0222846e-03   3.1062068e-03  -1.8147078e-03
  -6.5601085e-01  -5.1904505e-02   2.8603358e-01  -1.0725020e-03   3.5041087e-03  -1.4204546e-03
  -6.9801778e-01  -3.9502608e-02   2.9509770e-01  -1.1658969e-03   3.1508020e-03  -1.4384256e-03
  -6.6520124e-01  -1.2866390e-02   2.4278774e-01  -2.3027150e-03   3.2986545e-03  -1.9431853e-03
  -6.7790377e-01  -1.8816473e-01   3.1038110e-01  -3.4569980e-03   3.9466270e-03  -2.4146761e-03
  -7.0760841e-01  -1.5478267e-01   2.9175364e-01  -2.2481573e-03   3.6000321e-03  -2.0451992e-03
  -7.1625813e-01  -7.4335905e-02   2.9270993e-01  -1.1160075e-03   3.3677696e-03  -1.8346836e-03
  -7.4225753e-01  -6.8436435e-02   3.5550247e-01  -1.3931430e-03   3.5050321e-03  -1.5895088e-03
  -7.9731777e-01  -1.1368722e-01   3.2692339e-01  -3.0854208e-03   2.6917860e-03  -2.2624576e-03
  -7.5629369e-01  -2.0023666e-01   2.4538055e-01  -3.3993459e-03   3.0788581e-03  -2.0425312e-03
  -8.1635557e-01  -9.5122974e-02   2.8056755e-01  -2.2892989e-03   3.3353448e-03  -2.6694776e-03
  -8.6115820e-01  -7.4008617e-02   3.4356761e-01  -1.9399919e-03   2.4218932e-03  -2.3356482e-03
  -8.1505368e-01  -8.9569843e-02   3.0519351e-01  -3.4137789e-03   3.0656251e-03  -2.6466607e-03
  -8.0030159e-01  -1.7903573e-01   2.6393920e-01  -4.3072349e-03   3.3458945e-03  -3.2124521e-03
  -8.5190817e-01  -8.8153121e-02   2.6899348e-01  -2.3134369e-03   3.0373787e-03  -2.5565603e-03
  -8.7424652e-01  -1.0351144e-02   3.2062810e-01  -2.5631166e-03   2.8894748e-03  -2.6112244e-03
  -8.5097488e-01  -6.2429491e-02   3.0721867e-01  -3.2831252e-03   3.0463367e-03  -3.1899401e-03
  -8.4442554e-01  -1.7887274e-01   3.1143032e-01  -4.3070340e-03   4.2588180e-03  -4.3080589e-03
  -8.9515365e-01  -1.4492279e-01   2.7940604e-01  -3.7157030e-03   3.7028503e-03  -3.6818267e-03
  -8.7916705e-01  -7.2440745e-02   2.6397361e-01  -3.2674694e-03   4.2177491e-03  -4.1097110e-03
  -8.8544004e-01  -3.0995945e-02   2.8561090e-01  -2.4309269e-03   4.1754512e-03  -4.0446041e-03
  -9.2957891e-01  -1.4245062e-03   3.5309765e-01  -2.4671099e-03   3.7629568e-03  -3.9476453e-03
  -9.6088077e-01  -3.5122045e-02   3.5606506e-01  -3.5425637e-03   4.0834108e-03  -4.5160608e-03
  -9.5166257e-01  -1.1869778e-01   3.3291431e-01  -4.3430073e-03   3.8068771e-03  -5.0731678e-03
  -9.3083356e-01  -9.3046535e-02   2.4010447e-01  -3.4492756e-03   3.8405358e-03  -4.3764799e-03
  -9.5591933e-01   9.0841187e-03   3.1437844e-01  -2.0634771e-03   4.3432384e-03  -4.3168290e-03
  -9.9261955e-01   2.8696660e-02   3.0013861e-01  -2.9112733e-03   3.6327832e-03  -4.3974811e-03
  -9.6554212e-01   6.0642228e-03   3.4208792e-01  -3.5986871e-03   4.3990533e-03  -5.4315457e-03
  -9.8178692e-01  -8.3498038e-02   2.9741451e-01  -4.1360424e-03   4.3627385e-03  -5.6410009e-03
  -9.1826332e-01  -2.9689434e-02   2.6019695e-01  -4.1497827e-03   4.7971461e-03  -5.3530967e-03
  -8.6262948e-01   6.4210865e-03   2.5365303e-01  -2.8483640e-03   5.3265083e-03  -5.1412309e-03
  -9.4315422e-01   4.0016451e-02   3.2330539e-01  -3.2647968e-03   4.2823532e-03  -5.1605429e-03
  -9.3951339e-01  -3.4849934e-03   3.1255671e-01  -3.4346443e-03   4.8430194e-03  -5.0800071e-03
  -9.5206333e-01  -6.5031422e-02   3.0833565e-01  -4.8733381e-03   5.0504639e-03  -5.8107551e-03
  -8.8410482e-01  -6.9991061e-02   2.6902244e-01  -4.3825876e-03   4.5463550e-03  -4.8609437e-03
  -6.6814568e-01   1.6512861e-01   4.0458805e-01  -2.4295833e-03   5.2287349e-03  -4.9040313e-03
  -7.1525903e-01  -2.0255894e-01   4.7029097e-02  -3.5699179e-03   5.1445963e-03  -4.7503948e-03
  -7.9218418e-01   3.5419618e-02   2.8808865e-01  -3.8937728e-03   5.6271730e-03  -4.8618986e-03
  -8.6154668e-01   7.3729639e-03   2.9519218e-01  -4.7104135e-03   5.3327404e-03  -5.7569199e-03
  -8.8423010e-01  -2.3750201e-02   2.7097902e-01  -5.4964342e-03   5.6375537e-03  -6.4518276e-03
  -8.6089832e-01   1.2465296e-02   2.0341839e-01  -4.9012931e-03   6.3697868e-03  -6.3452335e-03
  -9.5457634e-01   3.5486654e-02   2.9561875e-01  -4.6106315e-03   5.1893322e-03  -6.1499867e-03
  -1.0248891e+00   3.7767857e-02   2.9609408e-01  -4.0722225e-03   5.0699906e-03  -6.1573421e-03
  -1.0550511e+00   7.5448093e-02   3.0790523e-01  -4.0075775e-03   5.0890766e-03  -6.0961782e-03
  -1.0710169e+00   5.9017439e-02   2.6063261e-01  -5.0692957e-03   4.9906485e-03  -6.8963058e-03
  -1.0917806e+00   5.1807471e-03   3.2167371e-01  -5.8152120e-03   5.4244617e-03  -7.2687613e-03
  -1.0839935e+00   2.7172566e-03   2.1738027e-01  -5.6318263e-03   4.9449259e-03  -6.9589396e-03
  -1.0884926e+00   8.3140200e-02   2.6650987e-01  -4.5455945e-03   4.9249374e-03  -7.0653634e-03
  -1.0802062e+00   8.9230096e-02   3.3305160e-01  -4.9852728e-03   4.9789981e-03  -7.1154076e-03
  -1.1078380e+00   6.2237426e-02   2.9673768e-01  -5.8470269e-03   5.2011452e-03  -7.1614881e-03
  -1.1040366e+00   7.2715350e-02   2.5011663e-01  -5.4720638e-03   5.6386544e-03  -7.2520436e-03
  -1.1036498e+00   8.1330319e-02   2.9020275e-01  -5.9018353e-03   5.2288876e-03  -6.9840156e-03
  -1.0935948e+00   8.5293918e-02   2.8203746e-01  -4.8439095e-03   5.7896533e-03  -7.2624442e-03
  -1.1632825e+00   1.2814701e-01   3.4387302e-01  -4.7419586e-03   4.8431718e-03  -6.9665291e-03
  -1.1206012e+00   1.3298887e-01   3.6833120e-01  -4.7280333e-03   4.8272098e-03  -7.6796435e-03
  -1.1037081e+00   5.3313186e-02   3.9864284e-01  -6.2361819e-03   5.7789293e-03  -8.1684435e-03
  -1.0753192e+00   1.1849878e-02   3.2053098e-01  -5.7121721e-03   5.5197621e-03  -7.9726586e-03
  -1.0518728e+00   1.3225677e-01   3.6356415e-01  -4.7237647e-03   5.5342165e-03  -7.6387312e-03
  -1.1018434e+00   9.5877216e-02   4.3967977e-01  -5.3567320e-03   6.5800824e-03  -7.9471556e-03
  -1.1341838e+00   9.0033767e-02   3.3628290e-01  -5.5668035e-03   5.8954040e-03  -7.6485192e-03
  -1.1642783e+00   1.0810691e-01   4.1355959e-01  -5.4678129e-03   5.9975975e-03  -8.0576442e-03
  -1.1687444e+00   1.0337016e-01   4.7194929e-01  -6.3492641e-03   6.2241936e-03  -8.3742749e-03
  -1.1566796e+00   2.5335960e-02   3.9073183e-01  -6.8383183e-03   6.5211895e-03  -8.6381792e-03
  -1.1503717e+00   6.5914148e-02   4.3540938e-01  -6.7553171e-03   6.5835993e-03  -8.6936134e-03
  -1.1901515e+00   1.1373834e-01   4.1362075e-01  -5.5157318e-03   5.8446277e-03  -8.1388414e-03
  -1.1945285e+00   1.4185058e-01   4.9049706e-01  -5.4645484e-03   5.9712206e-03  -8.1842124e-03
  -1.1384228e+00   9.6552130e-02   5.0993503e-01  -6.3941843e-03   6.5178470e-03  -8.4119874e-03
  -1.1219127e+00   2.0602721e-04   4.4816286e-01  -7.1584388e-03   7.0208155e-03  -8.4092729e-03
  -1.1437700e+00   3.8687734e-02   4.3905093e-01  -6.0574295e-03   7.3911337e-03  -8.1842786e-03
  -1.1817992e+00   1.3100100e-01   4.1558253e-01  -5.5735745e-03   6.7378819e-03  -8.4148070e-03
  -1.1745420e+00   1.8585477e-01   4.3278399e-01  -5.1040645e-03   6.5072749e-03  -8.1214289e-03
  -1.1986106e+00   1.5915380e-01   4.9394140e-01  -6.2264985e-03   6.5963748e-03  -8.7182809e-03
  -1.2031739e+00   1.6517413e-01   4.2906143e-01  -6.4327372e-03   6.6250262e-03  -8.7754836e-03
  -1.1666756e+00   1.4263004e-01   4.3453505e-01  -6.1024140e-03   7.1877921e-03  -8.9080540e-03
  -1.1741899e+00   1.8744939e-01   4.2646430e-01  -5.7482826e-03   6.3477034e-03  -8.4002024e-03
  -1.0122268e+00   3.0313370e-01   4.2581283e-01  -2.8752595e-03   6.6946970e-03  -7.9812495e-03
  -9.4838014e-01   2.4688902e-01   1.9049882e-01  -2.5602049e-03   5.8758605e-03  -7.7007621e-03
  -9.5907289e-01   2.6626394e-01   2.0485499e-01  -3.2494595e-03   6.6789687e-03  -8.1198368e-03
  -9.4846197e-01   2.7845958e-01   2.1396432e-01  -4.3114454e-03   6.5659342e-03  -8.2026648e-03
  -9.6110384e-01   2.3646351e-01   2.4870888e-01  -4.6459196e-03   6.5174382e-03  -8.2494446e-03
  -7.6576711e-01   3.8869206e-01   2.7939525e-01  -1.3212511e-03   6.4262139e-03  -5.3973787e-03
  -6.0726647e-01   1.5513608e-01   9.5024809e-02  -3.7817274e-03   8.2282733e-03  -5.6520380e-03
  -5.8826415e-01   1.2763326e-01   5.6134470e-02  -4.1114120e-03   8.9013267e-03  -5.9424549e-03
  -6.4205095e-01   2.2788647e-01   6.6197099e-02  -2.6064314e-03   7.9286971e-03  -6.2592059e-03
  -6.6179845e-01   3.0319948e-01   1.1895600e-01  -2.5970136e-03   7.7695086e-03  -5.8899713e-03
  -7.2282614e-01   2.4465434e-01   1.8952226e-01  -3.8599630e-03   7.9223337e-03  -6.5742403e-03
  -7.2721818e-01   1.6381292e-01   1.2957903e-01  -4.2511780e-03   7.8934096e-03  -6.4723744e-03
  -7.3359512e-01   2.8330956e-01   1.6709847e-01  -3.2666023e-03   7.7695959e-03  -6.1444077e-03
  -7.4371761e-01   3.0447731e-01   2.1662019e-01  -3.4826520e-03   7.6455093e-03  -5.8110543e-03
  -7.8345787e-01   2.6061075e-01   2.7639503e-01  -4.5224095e-03   7.1764507e-03  -5.9891372e-03
  -7.8859965e-01   1.6143690e-01   2.1575117e-01  -5.4987349e-03   7.3755365e-03  -6.3417279e-03
  -7.8594412e-01   1.9003345e-01   2.2984264e-01  -4.9016500e-03   7.4199823e-03  -5.9866463e-03
  -7.8601575e-01   2.6461532e-01   2.9635426e-01  -3.6407894e-03   7.5267770e-03  -5.5295262e-03
  -7.2846768e-01   2.3886842e-01   3.2197878e-01  -4.4179514e-03   8.9902438e-03  -5.9701334e-03
  -7.4913448e-01   1.8587967e-01   2.5643574e-01  -5.0657215e-03   8.2336526e-03  -5.7130573e-03
  -7.7455768e-01   1.4429157e-01   2.9110009e-01  -6.5268612e-03   8.1454402e-03  -5.6608847e-03
  -7.3705280e-01   1.5470985e-01   2.9659727e-01  -5.0920109e-03   8.5740681e-03  -5.3939243e-03
  -7.7757580e-01   2.1257557e-01   3.1597055e-01  -5.0234538e-03   8.5501209e-03  -5.1557906e-03
  -7.9211673e-01   2.4697998e-01   3.9033294e-01  -5.4887590e-03   8.7790326e-03  -4.8989659e-03
  -7.9219132e-01   1.8186703e-01   3.6200353e-01  -6.8125606e-03   8.9656886e-03  -5.4773412e-03
  -7.9329358e-01   1.8307021e-01   3.0039632e-01  -7.1168092e-03   8.9251524e-03  -5.3491493e-03
  -7.7337283e-01   1.7630773e-01   3.6700972e-01  -7.2946252e-03   8.9160344e-03  -5.3344801e-03
  -7.6799460e-01   2.0647799e-01   3.7482734e-01  -6.5707837e-03   9.5141406e-03  -5.1894405e-03
  -8.1390023e-01   2.7430767e-01   3.8480101e-01  -6.0866169e-03   8.5845132e-03  -4.9325628e-03
  -8.2736549e-01   2.5102409e-01   4.7737855e-01  -6.7436935e-03   8.8366174e-03  -5.1469859e-03
  -8.2144796e-01   1.8920853e-01   4.6886354e-01  -7.7047612e-03   8.9387196e-03  -5.5082185e-03
  -7.2337115e-01   1.2756118e-01   3.7545243e-01  -7.6818566e-03   9.7601631e-03  -5.5298389e-03
  -7.6572194e-01   1.4546830e-01   4.3491792e-01  -8.0465364e-03   9.6626056e-03  -5.6554946e-03
  -8.0966220e-01   2.0706966e-01   4.3408428e-01  -7.1373793e-03   9.2366377e-03  -5.1965237e-03
  -8.2633404e-01   2.2534577e-01   4.7941860e-01  -7.2295908e-03   9.1128459e-03  -5.2662386e-03
  -8.7082887e-01   1.9006614e-01   5.2294739e-01  -8.3526653e-03   8.6805216e-03  -5.7918035e-03
  -8.5378271e-01   1.2455962e-01   4.3355707e-01  -7.9089928e-03   8.6029283e-03  -5.8059316e-03
  -7.4203344e-01   1.8827958e-01   4.4499418e-01  -6.4255358e-03   9.4744639e-03  -5.3776156e-03
  -7.9770635e-01   2.1505415e-01   4.5152658e-01  -6.8750590e-03   8.6924076e-03  -5.3938066e-03
  -8.1581980e-01   2.0450730e-01   4.8029587e-01  -7.3713298e-03   8.6876575e-03  -5.5575083e-03
  -7.6506876e-01   1.2244816e-01   4.7024248e-01  -8.1883766e-03   9.5620059e-03  -5.5786169e-03
  -7.4511497e-01   1.3658711e-01   4.1267298e-01  -7.1122427e-03   9.4036562e-03  -5.3328501e-03
  -7.8418922e-01   1.8929454e-01   4.6421536e-01  -6.5091618e-03   9.5558068e-03  -5.1676802e-03
  -8.4013912e-01   1.9838996e-01   5.0309576e-01  -6.7353204e-03   9.4811474e-03  -5.2056134e-03
  -8.6115091e-01   2.2047612e-01   5.1338451e-01  -7.8579297e-03   8.5041760e-03  -4.9954879e-03
  -8.3049998e-01   1.6944015e-01   4.6044158e-01  -8.2731287e-03   9.3487329e-03  -5.1700177e-03
  -8.6024817e-01   1.8907117e-01   4.3281184e-01  -8.0784349e-03   9.1573011e-03  -5.0043825e-03
  -9.0095325e-01   2.7142079e-01   4.8688635e-01  -6.5093992e-03   8.2462607e-03  -4.7259901e-03
  -8.6494097e-01   2.7570446e-01   5.5451691e-01  -6.4498628e-03   9.0508570e-03  -5.0628595e-03
  -9.2953984e-01   1.9810115e-01   5.1272614e-01  -7.9757778e-03   8.7156710e-03  -4.5285407e-03
  -9.1686466e-01   1.9367792e-01   4.9669866e-01  -8.5786184e-03   8.8118485e-03  -4.9597136e-03
  -9.5708198e-01   1.8950758e-01   4.5949012e-01  -8.3303617e-03   8.5920923e-03  -4.6060277e-03
  -9.5209143e-01   2.5609320e-01   5.1424053e-01  -7.0507227e-03   8.5970092e-03  -4.8553236e-03
  -9.6114774e-01   2.6984282e-01   5.4780343e-01  -7.5744301e-03   9.1343340e-03  -4.7759783e-03
  -1.0006394e+00   2.6507705e-01   5.0590770e-01  -7.9990642e-03   8.9633022e-03  -5.0495803e-03
  -9.9580233e-01   2.4854791e-01   5.2975941e-01  -8.4768284e-03   8.7691052e-03  -5.5208800e-03
  -9.8791337e-01   2.0268858e-01   4.9638488e-01  -8.2671265e-03   8.7026025e-03  -5.5334454e-03
  -8.8160347e-01   2.7656621e-01   4.9207061e-01  -5.9406253e-03   8.6332805e-03  -5.3793669e-03
  -8.6768147e-01   2.5903776e-01   4.3647254e-01  -5.8663553e-03   8.8462184e-03  -5.7384151e-03
  -7.9784221e-01   2.5001705e-01   4.3951118e-01  -7.0269128e-03   8.4114086e-03  -5.8180536e-03
  -8.4562172e-01   1.5072178e-01   3.1079372e-01  -6.7881212e-03   8.6831097e-03  -6.2113032e-03
  -8.9060138e-01   3.0865230e-01   4.8361667e-01  -7.0791064e-03   9.3193770e-03  -6.2232445e-03
  -8.9945777e-01   2.2078489e-01   4.5990414e-01  -7.9101797e-03   1.0111667e-02  -6.5451472e-03
  -8.9771655e-01   2.0455412e-01   4.0104088e-01  -7.6082497e-03   9.2845817e-03  -5.9562483e-03
  -8.0420697e-01   2.7744557e-01   4.5668480e-01  -6.3223454e-03   1.0202953e-02  -6.0907863e-03
  -8.2336175e-01   2.9157395e-01   4.9207683e-01  -7.0272538e-03   9.6486498e-03  -5.6365102e-03
  -9.0584012e-01   2.6929931e-01   5.2019113e-01  -6.9871943e-03   9.8306235e-03  -6.1575906e-03
  -8.8764459e-01   2.1948377e-01   4.5623889e-01  -7.7037872e-03   9.8576239e-03  -6.2479816e-03
  -9.1107609e-01   1.9606845e-01   4.4895373e-01  -7.4804973e-03   9.9426817e-03  -6.1018696e-03
  -9.1993992e-01   2.8171186e-01   4.5368984e-01  -6.2105058e-03   9.6282631e-03  -5.9067320e-03
  -9.5230175e-01   2.9599235e-01   5.1439997e-01  -6.2157319e-03   9.9910286e-03  -6.0040044e-03
  -9.9152265e-01   2.8068777e-01   5.3036183e-01  -7.3241412e-03   9.3112006e-03  -6.4107932e-03
  -9.3644377e-01   2.0861287e-01   4.4867269e-01  -7.8799458e-03   9.9098284e-03  -6.8671505e-03
  -9.3547339e-01   2.4372673e-01   4.2808954e-01  -7.8350976e-03   9.8809287e-03  -6.3477364e-03
  -9.5470990e-01   3.3879525e-01   4.4350806e-01  -6.1069217e-03   9.5874273e-03  -6.0536279e-03
  -9.7510228e-01   3.5578202e-01   5.4780460e-01  -6.6359633e-03   1.0194609e-02  -6.2416327e-03
  -9.8601430e-01   3.0574583e-01   4.6493629e-01  -7.6684097e-03   8.5189697e-03  -6.3058208e-03
  -8.8289508e-01   2.4439143e-01   3.5847643e-01  -7.0511440e-03   9.6488907e-03  -6.4047384e-03
  -9.0423532e-01   3.8157623e-01   4.6693117e-01  -6.0641203e-03   9.1798922e-03  -6.3774195e-03
  -8.8767489e-01   3.5634024e-01   5.0252826e-01  -7.1512877e-03   9.1169491e-03  -6.3561260e-03
  -8.8826190e-01   2.2849715e-01   4.3020909e-01  -8.5270059e-03   1.0171274e-02  -6.7363060e-03
  -9.2071410e-01   3.0130453e-01   4.1630555e-01  -7.2801073e-03   1.0539201e-02  -6.5486149e-03
  -9.5760550e-01   3.9276332e-01   4.4002138e-01  -6.2809120e-03   9.3138952e-03  -6.0721719e-03
  -9.1038739e-01   3.7201586e-01   4.8886950e-01  -6.4774272e-03   1.0620637e-02  -6.6049655e-03
  -8.9736114e-01   3.3244778e-01   4.5821178e-01  -7.7726707e-03   9.0528675e-03  -6.0785840e-03
  -6.0354309e-01   3.3319408e-01   3.4254501e-01  -6.8914016e-03   8.8938458e-03  -4.5446486e-03
  -2.5084472e-01   2.3508896e-01   1.9589111e-01  -4.5460476e-03   1.1389286e-02  -4.0476784e-03
  -3.0704849e-01   3.3898609e-01   3.1933554e-01  -4.3145125e-03   1.0257077e-02  -4.4528967e-03
  -2.8857808e-01   3.1690975e-01   2.0288752e-01  -5.1526567e-03   1.1478256e-02  -5.2340128e-03
  -2.9542151e-01   3.3774202e-01   1.5753122e-01  -4.6540757e-03   1.1379197e-02  -5.5129682e-03
  -3.1530390e-01   3.4746090e-01   1.5946547e-01  -4.5693455e-03   1.0809321e-02  -5.4650322e-03
  -2.0664854e-01   3.6930289e-01   1.5233820e-01  -3.4879887e-03   1.2121440e-02  -4.9985422e-03
  -2.5119182e-01   4.1688830e-01   2.5076213e-01  -3.5328886e-03   1.1882287e-02  -5.1243970e-03
  -3.1585088e-01   3.8024688e-01   1.8466391e-01  -4.9796790e-03   1.0417254e-02  -5.3314814e-03
  -2.6962348e-01   3.2912512e-01   1.4283215e-01  -4.7640142e-03   1.1005444e-02  -5.4925974e-03
  -1.8401884e-01   3.0704912e-01   2.6047666e-01  -6.3912576e-03   1.1388633e-02  -4.6857500e-03
  -1.2276640e-01   2.9155628e-01   1.3282199e-01  -3.7132555e-03   1.2081558e-02  -4.7542595e-03
  -2.1972373e-01   4.1089083e-01   2.3950892e-01  -3.9498537e-03   1.1473183e-02  -4.4780769e-03
  -2.5067031e-01   3.4434050e-01   1.7625782e-01  -5.5067321e-03   1.1299868e-02  -4.9533016e-03
  -2.2929787e-01   3.0020017e-01   1.4634121e-01  -5.1947393e-03   1.1326570e-02  -4.8764197e-03
  -2.2412672e-01   3.9554353e-01   1.9106625e-01  -3.6756832e-03   1.1333784e-02  -4.4054443e-03
  -2.3262794e-01   3.8915915e-01   2.4570857e-01  -4.6767194e-03   1.1901754e-02  -4.3787439e-03
  -2.6407623e-01   3.3321455e-01   1.7898928e-01  -5.9885649e-03   1.1330964e-02  -4.8149007e-03
  -2.9773883e-01   3.4803276e-01   1.6616283e-01  -4.9361210e-03   1.0938985e-02  -4.4392244e-03
  -3.2473450e-01   3.9662956e-01   2.5334575e-01  -4.4141627e-03   1.1183476e-02  -4.1516380e-03
  -3.6854004e-01   3.4387521e-01   2.7812256e-01  -5.4892665e-03   1.0818244e-02  -4.1366440e-03
  -3.9315069e-01   3.5998369e-01   2.7342259e-01  -5.4988497e-03   1.1097215e-02  -4.5421277e-03
  -3.8356141e-01   3.3308353e-01   2.4013485e-01  -6.6004563e-03   1.1408842e-02  -4.6392390e-03
  -3.5809026e-01   3.2553680e-01   1.8141874e-01  -5.8277468e-03   1.2069785e-02  -4.6061345e-03
  -4.1537810e-01   4.1608537e-01   2.8732708e-01  -4.6787272e-03   1.1288598e-02  -4.6095714e-03
  -4.2841948e-01   3.7753771e-01   3.5073844e-01  -5.9008777e-03   1.0732525e-02  -4.9922743e-03
  -3.7610944e-01   2.6954470e-01   2.4555201e-01  -6.5970392e-03   1.1201077e-02  -5.1484863e-03
  -3.8020195e-01   3.4093045e-01   2.2799219e-01  -5.8006383e-03   1.1731869e-02  -4.9976400e-03
  -3.8334275e-01   4.1011767e-01   3.0236484e-01  -4.2317541e-03   1.1448419e-02  -4.6095298e-03
  -2.2742752e-01   3.3884409e-01   4.8782749e-01  -6.4521600e-03   1.0175764e-02  -2.9145502e-03
  -4.4518316e-02   1.5157196e-01   1.0501501e-01  -4.9798558e-03   1.2306588e-02  -2.6217491e-03
  -2.0512916e-01   3.1044460e-01   2.5735884e-01  -6.1846920e-03   1.1199164e-02  -3.7017852e-03
  -2.1439678e-01   1.9482213e-01   2.2917473e-01  -6.7509346e-03   1.1822326e-02  -4.1098000e-03
  -2.3842390e-01   3.2264255e-01   2.0136795e-01  -4.3026940e-03   1.1931000e-02  -3.6621392e-03
  -3.0186035e-01   3.7263450e-01   3.1311667e-01  -4.9460396e-03   1.1154690e-02  -3.9292285e-03
  -2.2060548e-01   2.8621705e-01   2.7441243e-01  -5.9986857e-03   1.1859787e-02  -4.0047976e-03
  -1.0022004e-01   2.1156757e-01   2.1779007e-01  -5.8791417e-03   1.2760928e-02  -3.5311743e-03
  -1.2417401e-01   3.3497429e-01   2.0895246e-01  -4.6661528e-03   1.3152859e-02  -3.7950136e-03
  -1.8755555e-01   4.0338513e-01   2.1780567e-01  -4.2362933e-03   1.2478599e-02  -3.5769609e-03
  -2.2454563e-01   3.6702996e-01   2.5037288e-01  -5.5059255e-03   1.1882789e-02  -3.5972443e-03
  -1.9742089e-01   3.2534682e-01   1.6122448e-01  -6.1846772e-03   1.2720095e-02  -4.0182002e-03
  -1.9462537e-01   3.5598348e-01   1.4821228e-01  -5.1764682e-03   1.2801144e-02  -4.0126019e-03
  -2.4142827e-01   4.4469602e-01   2.3863242e-01  -4.3016452e-03   1.2000963e-02  -3.6319648e-03
  -2.4678156e-01   3.9202329e-01   2.6629486e-01  -4.5821476e-03   1.2243392e-02  -3.6678895e-03
  -2.6089524e-01   3.4069695e-01   2.7029477e-01  -6.0527781e-03   1.1347251e-02  -3.9493268e-03
  -1.2265897e-01   3.0000304e-01   2.8340130e-02  -4.0475330e-03   1.1903216e-02  -4.0676082e-03
  -7.2902878e-02   3.4301563e-01  -9.9931364e-02  -3.1708143e-03   1.2631545e-02  -3.7387357e-03
  -1.3516450e-01   4.0463449e-01   9.5077168e-02  -3.9922475e-03   1.1301859e-02  -3.5101204e-03
  -1.0732939e-01   2.8768087e-01   1.8397297e-01  -6.1372408e-03   1.0625620e-02  -4.1908654e-03
  -2.4300961e-02   2.2618764e-01   1.1184011e-01  -6.0820874e-03   1.1685721e-02  -4.3108844e-03
  -1.0220049e-02   2.9441299e-01   1.0143164e-01  -4.8541006e-03   1.2426185e-02  -3.7233486e-03
  -9.2590654e-02   3.7327450e-01   1.8221288e-01  -4.2226512e-03   1.1471630e-02  -3.4559668e-03
  -9.5279899e-02   3.0976767e-01   1.5649863e-01  -6.1240959e-03   1.2057285e-02  -3.9609343e-03
  -7.5166162e-02   3.0695298e-01   7.2996193e-02  -5.8755240e-03   1.2225559e-02  -3.9832777e-03
  -9.5951462e-02   3.6265912e-01   1.0561865e-01  -5.2303920e-03   1.1619692e-02  -3.4922422e-03
  -8.3099387e-02   5.2186080e-01   4.1062196e-01  -5.2328273e-03   1.1495237e-02  -3.9979256e-03
  -1.5446804e-04   2.4764947e-01  -7.6781092e-03  -4.3416604e-03   1.2202615e-02  -3.4532182e-03
  -7.7034185e-02   3.3035103e-01   2.2304648e-01  -6.4460859e-03   1.1483789e-02  -3.3252410e-03
  -2.7844929e-02   2.4957896e-01   8.0776738e-02  -5.2163879e-03   1.1725930e-02  -3.0825114e-03
  -1.3365153e-01   3.6642388e-01   1.9705486e-01  -5.5540135e-03   1.1050487e-02  -3.8395876e-03
  -8.1658995e-02   3.1998288e-01   1.0718352e-01  -5.4817519e-03   1.2052881e-02  -3.9109965e-03
  -8.7892290e-02   3.4358447e-01   6.2753604e-02  -5.5560411e-03   1.1791890e-02  -3.8529283e-03
  -9.3451208e-02   3.8878814e-01   1.1633908e-01  -4.3299994e-03   1.1742164e-02  -3.7979293e-03
  -1.0065994e-01   4.2200082e-01   2.6080228e-01  -4.5625319e-03   1.1588249e-02  -3.6462451e-03
  -9.1211008e-02   3.1560651e-01   1.5927583e-01  -6.1130845e-03   1.1595138e-02  -3.7278557e-03
  -9.2939936e-02   2.5695930e-01   1.9053937e-01  -7.4600095e-03   1.0580013e-02  -3.3651435e-03
   2.5284788e-02   3.3223277e-01   1.4184164e-01  -4.0797842e-03   1.2606850e-02  -3.3437470e-03
  -6.5754782e-02   3.5707506e-01   1.7593448e-01  -5.4690675e-03   1.1958634e-02  -4.0798753e-03
  -4.1368245e-02   2.9780634e-01   9.9613937e-02  -5.6053429e-03   1.2660902e-02  -4.0462918e-03
  -4.9523365e-02   3.6529372e-01   8.1343115e-02  -4.8211897e-03   1.2768846e-02  -3.6995775e-03
  -9.8043970e-02   4.3293887e-01   1.5779445e-01  -4.3846424e-03   1.1962878e-02  -3.3251560e-03
  -6.2071052e-02   3.9312166e-01   1.8949943e-01  -5.4732626e-03   1.2015818e-02  -3.4314572e-03
   6.8147956e-02   3.0996108e-01   1.0292157e-01  -6.3138119e-03   1.3140278e-02  -3.6293192e-03
   1.0774226e-01   3.2760628e-01   6.7880823e-02  -4.9356786e-03   1.4397812e-02  -3.5891373e-03
   1.7570712e-02   4.1722932e-01   1.1734268e-01  -4.4768481e-03   1.2760315e-02  -2.8942534e-03
  -1.6039681e-02   3.9628887e-01   2.0539939e-01  -5.1677412e-03   1.2708502e-02  -3.0663928e-03
  -3.5326809e-02   3.6851412e-01   1.9810395e-01  -5.5765772e-03   1.2761672e-02  -3.4679382e-03
   4.7296109e-03   3.1257200e-01   1.0195149e-01  -5.4850855e-03   1.3559364e-02  -3.3713490e-03
  -2.6147956e-02   4.3170631e-01   1.3327647e-01  -4.2190441e-03   1.2656334e-02  -3.0572578e-03
  -5.3028249e-02   4.1641427e-01   1.9269053e-01  -4.5368900e-03   1.2632141e-02  -3.2373253e-03
  -8.6801566e-02   3.7898750e-01   2.2646209e-01  -5.7159692e-03   1.2611477e-02  -3.6819090e-03
  -1.9638483e-02   3.1686011e-01   1.3090033e-01  -5.4484279e-03   1.3467094e-02  -3.8014714e-03
  -2.9238799e-02   3.5912644e-01   1.2426576e-01  -5.7843335e-03   1.3203836e-02  -3.5984461e-03
  -2.7433525e-03   3.9044228e-01   9.7050415e-02  -4.8901027e-03   1.3420061e-02  -3.1744102e-03
  -4.8958140e-02   4.5846695e-01   2.0316167e-01  -3.9273032e-03   1.3164651e-02  -3.2570677e-03
  -5.6165264e-02   3.7768308e-01   2.2728307e-01  -5.8237986e-03   1.2561220e-02  -3.3672204e-03
  -1.7274615e-02   2.7899386e-01   6.5178787e-02  -5.7498530e-03   1.3382045e-02  -3.7998682e-03
  -2.6166317e-02   3.8397086e-01   1.3273740e-01  -4.0823192e-03   1.3584666e-02  -3.3587898e-03
  -5.0441879e-02   4.1805490e-01   1.8634164e-01  -4.7722918e-03   1.3126756e-02  -3.1469053e-03
  -7.1026684e-02   3.5844235e-01   1.4658798e-01  -5.8369397e-03   1.2725135e-02  -3.3907455e-03
  -4.1808368e-02   3.0210383e-01   1.0686645e-01  -5.9455277e-03   1.3720627e-02  -3.6114417e-03
  -7.2138762e-03   3.6102054e-01   8.1530111e-02  -5.1963753e-03   1.3913742e-02  -3.1434832e-03
  -2.1962843e-02   4.4044944e-01   1.1819874e-01  -4.0265122e-03   1.3274389e-02  -2.8114303e-03
  -9.9651698e-02   4.0890959e-01   2.1084983e-01  -4.8772606e-03   1.2699267e-02  -3.1164191e-03
  -7.3061030e-02   3.3225530e-01   1.8599780e-01  -5.5030494e-03   1.3409005e-02  -3.8920728e-03
  -5.4747077e-02   2.7449715e-01   1.6320808e-01  -6.2885518e-03   1.2417609e-02  -3.7212274e-03
  -3.2818279e-02   3.3644608e-01   1.4409663e-01  -4.2897455e-03   1.2287709e-02  -3.3309099e-03
  -4.5254054e-02   3.5010875e-01   2.1674588e-01  -4.9050386e-03   1.2609040e-02  -3.2719083e-03
  -7.0520652e-02   3.3404866e-01   2.0303283e-01  -5.9811051e-03   1.2375492e-02  -3.7057402e-03
  -2.4913578e-02   2.4349439e-01   1.0754718e-01  -6.0584995e-03   1.3250467e-02  -3.5914986e-03
  -2.6845288e-02   3.6044709e-01   8.1158961e-02  -4.8035180e-03   1.3341660e-02  -3.1511031e-03
  -4.0222386e-02   4.0457431e-01   6.8291115e-02  -4.2954127e-03   1.3108943e-02  -2.6946313e-03
  -8.6195776e-02   4.5144234e-01   1.8320360e-01  -4.1548667e-03   1.2904068e-02  -2.7420160e-03
  -5.7276454e-02   3.4063120e-01   9.5775029e-02  -5.3280962e-03   1.3157350e-02  -3.1461852e-03
  -3.2346740e-02   3.2848038e-01   7.9319661e-02  -5.5336137e-03   1.3531752e-02  -3.2492544e-03
  -3.6223434e-02   3.8903511e-01   1.1777296e-01  -4.4277260e-03   1.3522598e-02  -2.8882424e-03
  -8.6579440e-02   4.3233271e-01   1.7487034e-01  -4.2064515e-03   1.2812838e-02  -2.6846561e-03
  -8.0673478e-02   3.8236432e-01   1.4929396e-01  -5.2949355e-03   1.3237257e-02  -2.9437337e-03
  -3.0192918e-02   3.0904383e-01   6.7870856e-02  -5.6447070e-03   1.3854855e-02  -3.0726495e-03
  -2.3069544e-02   3.5430292e-01   6.5386684e-02  -5.0570322e-03   1.3574088e-02  -2.5404249e-03
  -5.2267679e-02   4.3751497e-01   8.7572174e-02  -3.3433098e-03   1.3290460e-02  -2.3834570e-03
  -6.9109843e-02   4.3286823e-01   1.4292782e-01  -4.6377895e-03   1.3694925e-02  -2.6613008e-03
  -6.8905021e-02   3.6934567e-01   9.6892114e-02  -5.8928000e-03   1.3613398e-02  -2.6703774e-03
  -9.5359453e-02   3.5927266e-01   1.1843743e-01  -6.1059922e-03   1.3228264e-02  -2.7343539e-03
  -6.1253225e-02   3.5483588e-01   1.1349593e-01  -4.6636381e-03   1.4188084e-02  -2.3989521e-03
  -8.2366851e-02   3.9573558e-01   1.5204262e-01  -4.5377999e-03   1.3658122e-02  -2.1347292e-03
  -1.1151528e-01   4.0631714e-01   2.4564285e-01  -4.8876294e-03   1.4030170e-02  -2.4875728e-03
  -1.0398775e-01   3.1764946e-01   1.1933610e-01  -6.5639350e-03   1.4331092e-02  -2.7349158e-03
  -1.1349141e-01   3.6781778e-01   1.4423982e-01  -6.1206721e-03   1.4122120e-02  -2.6687190e-03
  -6.0213363e-02   3.4125617e-01   1.6153562e-01  -5.3045164e-03   1.5167063e-02  -2.3949060e-03
  -9.9355246e-02   4.2318601e-01   1.8299474e-01  -4.8725969e-03   1.4025760e-02  -2.1113300e-03
  -1.4393642e-01   4.0982993e-01   2.5333657e-01  -5.1818880e-03   1.4048981e-02  -2.5699522e-03
  -1.5682632e-01   3.1074870e-01   1.6178487e-01  -6.9648095e-03   1.4101439e-02  -2.6907795e-03
  -1.4233496e-01   2.7668445e-01   1.8794787e-01  -6.6041058e-03   1.4727749e-02  -2.9557670e-03
  -1.3394363e-01   3.3448943e-01   1.6562151e-01  -6.1442272e-03   1.5288549e-02  -2.9250180e-03
  -2.6107926e-01   3.8964460e-01   2.0143133e-01  -4.6916811e-03   1.3509842e-02  -2.4037975e-03
  -1.9822519e-01   3.8607545e-01   2.5639322e-01  -4.8494671e-03   1.3780304e-02  -2.5954356e-03
  -1.0474965e-01   2.9294049e-01   2.6304469e-01  -6.4755075e-03   1.3232607e-02  -3.4034729e-03
   4.4160410e-02   1.7761657e-01   3.6327293e-02  -4.4757141e-03   1.4951269e-02  -3.5075399e-03
  -8.0857742e-03   3.2044917e-01   9.4553409e-02  -3.7908274e-03   1.5445671e-02  -2.7259621e-03
  -7.8669500e-02   3.4230501e-01   1.3581164e-01  -4.3406978e-03   1.5170331e-02  -2.5667806e-03
  -1.0664106e-01   3.0336732e-01   1.3912792e-01  -6.0067635e-03   1.5667356e-02  -2.9840479e-03
  -8.8626200e-02   2.6967624e-01   1.1016736e-01  -5.9481125e-03   1.6186725e-02  -2.5706088e-03
  -1.0489539e-01   3.6197714e-01   1.4842453e-01  -4.9894885e-03   1.5420677e-02  -2.1906519e-03
  -1.5495059e-01   3.6754591e-01   2.5136257e-01  -4.8346279e-03   1.4948301e-02  -2.1547479e-03
  -2.7891646e-01   3.5242455e-01   2.0298606e-01  -6.6173021e-03   1.5222703e-02  -2.8611023e-03
  -2.9196230e-01   3.5471629e-01   1.7813239e-01  -7.1128051e-03   1.5710917e-02  -3.1954697e-03
  -2.7388137e-01   4.0318847e-01   1.6271764e-01  -6.0747085e-03   1.6205646e-02  -2.9520522e-03
  -2.9960263e-01   4.9187659e-01   1.7290237e-01  -4.6130816e-03   1.5009366e-02  -2.2596629e-03
  -2.0352797e-01   4.5751381e-01   3.3216878e-01  -5.4316858e-03   1.5792768e-02  -2.6023164e-03
  -1.9902074e-01   3.4078532e-01   2.0051814e-01  -6.2793788e-03   1.6464251e-02  -2.8399059e-03
  -1.8076901e-01   3.5941485e-01   1.3966428e-01  -6.1792175e-03   1.7145714e-02  -2.9870256e-03
  -2.5884989e-01   4.7406684e-01   2.4205231e-01  -5.2962820e-03   1.6315868e-02  -2.5176173e-03
  -2.7145661e-01   4.5857114e-01   3.0952804e-01  -5.1200517e-03   1.5916876e-02  -2.4233608e-03
  -1.4354789e-01   3.8348609e-01   3.1850598e-01  -6.7957721e-03   1.7206787e-02  -2.5679728e-03
  -1.7816566e-01   3.2795642e-01   2.1748880e-01  -7.1460714e-03   1.7268557e-02  -2.1771359e-03
  -1.6761766e-01   4.3540446e-01   2.0882649e-01  -4.6243816e-03   1.7508437e-02  -1.7762358e-03
  -2.1376333e-01   5.0614411e-01   2.9965408e-01  -4.8334156e-03   1.7039309e-02  -1.5506444e-03
  -2.4406429e-01   4.6386264e-01   2.7081252e-01  -5.0520345e-03   1.6805125e-02  -2.0133610e-03
  -2.5884617e-01   4.6542569e-01   2.7126696e-01  -6.0080568e-03   1.6653070e-02  -2.0258414e-03
  -2.3695830e-01   3.9064210e-01   2.8494390e-01  -6.6749737e-03   1.7048075e-02  -2.4112694e-03
  -2.0425368e-01   4.2002883e-01   2.9689840e-01  -4.7761201e-03   1.7937629e-02  -2.3830385e-03
  -2.3537407e-01   5.1747226e-01   2.9765721e-01  -3.6695098e-03   1.6521619e-02  -1.6118031e-03
  -1.9576825e-01   5.0097635e-01   3.0310830e-01  -4.0187549e-03   1.7045126e-02  -1.8378218e-03
  -2.0983126e-01   4.2188528e-01   3.3310314e-01  -5.7693829e-03   1.7125589e-02  -2.1239179e-03
  -1.7971364e-01   3.8428019e-01   2.4348535e-01  -4.5492342e-03   1.8025545e-02  -1.7750726e-03
  -1.6718111e-01   4.9053558e-01   3.1091314e-01  -3.2688660e-03   1.8060199e-02  -1.5258763e-03
  -1.9055425e-01   4.8107094e-01   4.0468937e-01  -3.7764928e-03   1.7808171e-02  -1.1104545e-03
  -1.8828402e-01   4.4137676e-01   3.2237010e-01  -5.1113176e-03   1.8104971e-02  -1.2316530e-03
  -1.5267816e-01   4.2772035e-01   2.9429116e-01  -4.0316337e-03   1.8709886e-02  -1.3702927e-03
  -1.9664429e-01   4.3917941e-01   3.0449934e-01  -4.6623744e-03   1.7996696e-02  -1.5013586e-03
  -2.2654986e-01   5.0964482e-01   3.4477469e-01  -2.4450496e-03   1.7322531e-02  -1.0311864e-03
  -2.4882874e-01   5.0578234e-01   3.5572265e-01  -2.6190696e-03   1.7175239e-02  -7.9970726e-04
  -2.8923794e-01   5.3591961e-01   3.4114373e-01  -3.2561093e-03   1.6588733e-02  -9.0045246e-04
  -2.9932198e-01   4.5680157e-01   3.6363471e-01  -4.5587032e-03   1.6866590e-02  -1.2042223e-03
  -2.5447170e-01   4.3332722e-01   2.9940952e-01  -3.2615451e-03   1.7427353e-02  -1.0779297e-03
  -2.5383046e-01   4.9306457e-01   3.1999975e-01  -2.3151582e-03   1.7995181e-02  -1.0551088e-03
  -2.8233085e-01   5.7574425e-01   3.4901107e-01  -2.1905617e-03   1.7428871e-02  -4.7007987e-04
  -3.1508527e-01   5.2736930e-01   4.2172803e-01  -3.2108667e-03   1.7081410e-02  -1.1268135e-03
  -2.4855275e-01   4.2843254e-01   3.5493784e-01  -3.9769430e-03   1.7864848e-02  -1.5786594e-03
  -1.8404108e-01   4.6355595e-01   3.0800016e-01  -2.6257759e-03   1.8348757e-02  -1.7386556e-03
  -1.9920049e-01   5.3136089e-01   3.1830817e-01  -1.6385409e-03   1.8451043e-02  -1.3163206e-03
  -1.4816368e-01   5.7582832e-01   2.8811083e-01  -8.0137726e-04   1.6695650e-02  -8.3710879e-04
  -7.4746870e-02   5.4961139e-01   2.2506328e-01  -1.3317825e-03   1.6227240e-02  -6.4357619e-04
  -2.0050999e-03   4.9157581e-01   8.7920881e-02  -1.0861672e-03   1.6700370e-02  -1.3431451e-03
  -2.5993212e-02   5.0728491e-01   2.8723852e-02  -3.0965377e-04   1.7437857e-02  -1.1662977e-03
  -6.2606559e-02   6.3276258e-01   1.1963947e-01   7.4753105e-04   1.6861895e-02  -5.4571394e-04
  -1.4967881e-01   6.0779282e-01   2.1382761e-01   1.3617822e-04   1.5844097e-02  -4.0812274e-04
  -1.3821610e-01   5.2735261e-01   1.5965731e-01  -1.4161860e-03   1.6676956e-02  -5.6015856e-04
  -1.5909484e-01   4.6942465e-01   2.0640997e-01  -2.2454096e-03   1.7478280e-02  -1.3525563e-03
  -1.7427026e-01   5.2419571e-01   1.8734519e-01  -4.5582956e-04   1.7703575e-02  -9.1241900e-04
  -1.8890679e-01   6.1463657e-01   1.8596647e-01  -1.2066086e-04   1.7053363e-02  -5.1791637e-04
  -2.4726127e-01   5.9660184e-01   2.0252413e-01  -8.8090748e-04   1.7173138e-02  -9.8278020e-04
  -2.9550737e-01   5.7218437e-01   2.3268473e-01  -1.9433419e-03   1.6461090e-02  -1.2146116e-03
  -2.3277302e-01   4.5349791e-01   2.1186834e-01  -2.7153887e-03   1.6773654e-02  -1.1478558e-03
  -1.4192180e-01   5.5623910e-01   2.2603007e-01  -5.7648067e-04   1.7664562e-02  -9.1133230e-04
  -1.9919577e-01   6.0414884e-01   1.4917763e-01   1.5759181e-04   1.7219358e-02  -7.9440908e-04
  -2.6756459e-01   6.2478986e-01   2.5348498e-01   7.6646060e-05   1.6269187e-02  -7.9828382e-04
  -2.4436987e-01   5.6972264e-01   2.2599919e-01  -9.1201696e-04   1.7005881e-02  -1.0360792e-03
