   0.0000000e+00   0.0000000e+00  -1.4210855e-14   0.0000000e+00   0.0000000e+00   0.0000000e+00
   1.3156179e-02   1.3532231e-01   4.6864283e-02   4.3408888e-03  -2.7713944e-04   2.8330800e-04
   1.0670229e-01   3.3061648e-01   2.7384510e-01   3.8475377e-03   1.0350284e-03   5.7160958e-04
  -4.1910587e-03   4.6005811e-02  -8.1146432e-02   1.1997594e-03  -3.5696954e-04   1.0183721e-04
   4.9333288e-02   3.8095562e-02   6.5324196e-02   1.7465866e-04   9.0101582e-04  -2.3791223e-04
   6.5747617e-02   1.1097140e-01   2.7343629e-01  -2.0480788e-04   1.4935428e-03  -4.8592510e-04
   6.8440967e-02  -8.6287549e-03   1.9151640e-02  -4.7160051e-04   1.8604115e-03  -9.1137812e-04
   1.0637570e-01   1.1745003e-01   3.1723393e-01  -8.8361752e-04   2.6232194e-03  -5.4319884e-04
   5.1948799e-02  -5.2484015e-03   9.3352785e-02  -4.5158264e-04   2.1277087e-03  -1.3128295e-03
   3.9721294e-02   1.1776193e-01   3.3275931e-01  -9.0289256e-04   2.1992941e-03  -1.4510256e-03
   7.2479530e-03  -5.0049698e-02  -1.6613333e-02  -9.3477471e-04   1.8094184e-03  -2.1051386e-03
   6.5980354e-02   3.4018484e-02   2.1906271e-01  -1.1497364e-03   2.5297450e-03  -1.6082660e-03
  -4.0718940e-02   8.0054290e-02   1.6263962e-01  -1.1794183e-03   1.1223239e-03  -1.9918455e-03
   2.5897385e-03  -5.3014667e-02   5.6058907e-02  -1.2805926e-03   1.7812715e-03  -2.1851579e-03
   7.1487657e-02   8.8766743e-02   3.6057449e-01  -1.5744818e-03   3.1336779e-03  -1.5796665e-03
   6.5325022e-02  -6.9016782e-02   6.3586778e-02  -1.7595901e-03   3.0719880e-03  -1.4332124e-03
   8.8833720e-02   1.0705092e-01   2.4950362e-01  -5.7644339e-04   3.5863030e-03  -1.8701251e-03
   4.0527145e-02  -3.7715992e-03   9.7305136e-03  -1.3636977e-03   2.7702279e-03  -1.9474817e-03
   7.7447875e-02   6.9025797e-02   1.6688077e-01  -9.8593378e-04   3.3081676e-03  -2.0303967e-03
   6.1793921e-02  -3.9064508e-02   9.2983527e-02  -1.7348607e-03   2.6746174e-03  -1.7026183e-03
   9.2842178e-02   7.2209122e-02   3.2059161e-01  -1.4685444e-03   3.2527859e-03  -1.7010038e-03
  -6.5208809e-02   5.5829066e-02   1.0998892e-01  -9.6402791e-04   9.9025864e-04  -2.0853384e-03
   2.8465602e-02  -5.9737405e-03   1.2368305e-01  -8.7296299e-04   2.2338036e-03  -1.7523727e-03
   4.1623532e-02   1.5210413e-01   4.2570667e-01  -9.9630845e-04   2.6978544e-03  -1.7902707e-03
  -2.0347855e-04  -5.4976779e-02   5.4914820e-02  -1.3960813e-03   1.9556203e-03  -2.0324019e-03
   5.8488960e-02  -2.5646094e-02   3.4006685e-01  -2.3404072e-03   2.8167985e-03  -1.8711354e-03
   1.2493847e-02   4.0564455e-02   2.3374175e-01  -1.3676643e-03   2.4811947e-03  -2.0984890e-03
   8.8777551e-02   7.9523324e-02   1.5853916e-01   9.8154073e-04   3.4497702e-03  -2.3341920e-03
   7.4779487e-02   2.1391148e-01   2.7420315e-01   5.5509687e-04   3.0832626e-03  -1.8667284e-03
   2.9836774e-02   2.1373373e-03   1.2528656e-02  -8.2632176e-04   2.3498270e-03  -2.1258708e-03
   7.6631680e-02   1.4407846e-01   3.1600140e-01  -2.9275151e-04   3.3061292e-03  -2.2368722e-03
   8.1796464e-02   3.7467860e-02  -1.4843643e-02  -6.2875763e-04   3.0576808e-03  -2.3305444e-03
   5.6350709e-02   1.2647407e-01   2.8540661e-01  -6.5234680e-04   2.9189494e-03  -2.4020315e-03
   1.3419079e-02   6.3922805e-02   3.2494910e-02  -2.2749411e-04   2.5789360e-03  -2.7043552e-03
   4.4931008e-02   1.1358103e-01   2.9887493e-01  -8.8371937e-04   3.0047187e-03  -2.5957145e-03
  -2.6641336e-02   4.8732838e-02   4.1941018e-02  -6.1526682e-04   1.8108983e-03  -2.6205682e-03
   5.9528079e-02   1.0871058e-01   3.5518497e-01  -1.0074074e-03   3.0655247e-03  -2.4037315e-03
  -2.2774096e-02   9.8220429e-02   1.0497047e-01  -7.3383989e-04   2.1297918e-03  -2.5614320e-03
   5.9527786e-02   6.7578028e-02   1.8739060e-01  -1.1232034e-04   3.2398241e-03  -2.5125994e-03
  -3.3885358e-02   1.6226583e-01   2.2064802e-01  -2.5532848e-04   2.2873692e-03  -2.5405563e-03
  -2.1962245e-02   2.2893267e-02   6.7134302e-02  -4.1661387e-04   2.1486739e-03  -2.7792296e-03
  -2.6800953e-02   1.4820229e-01   2.4198632e-01  -1.5780407e-04   2.1592557e-03  -2.7408280e-03
   2.6837304e-02  -8.6920182e-03   1.6404305e-01  -1.3254892e-03   2.5379633e-03  -2.4148614e-03
  -4.1457682e-03   1.2829690e-01   2.7186815e-01  -7.1726184e-04   2.6027380e-03  -2.4865014e-03
  -5.7722345e-03   1.9321001e-03   8.1115616e-02  -7.8915289e-04   2.4244556e-03  -2.9367671e-03
  -1.9139843e-02   1.3093146e-01   3.7086455e-01  -1.1855434e-03   2.4082596e-03  -2.5496121e-03
  -3.0471649e-02   3.3711014e-02   6.5930387e-02  -5.3793481e-04   2.1153402e-03  -2.9835339e-03
   1.9722756e-02   1.8384267e-01   2.4207193e-01   4.5622706e-04   3.0131929e-03  -3.1803314e-03
  -9.6892201e-04   6.0730461e-02   7.3916185e-02  -4.8058994e-04   2.5274382e-03  -3.2077876e-03
  -5.3760457e-02   2.0526954e-01   3.9736359e-01  -4.3175959e-04   2.0650857e-03  -3.0823196e-03
  -4.9623737e-02   2.6543977e-02   4.1540800e-02  -1.1716320e-04   2.0273777e-03  -3.3743789e-03
  -2.8449286e-02   1.7885888e-01   3.8031173e-01   1.6630378e-04   2.3633860e-03  -3.3532071e-03
  -8.8258534e-02   9.6909456e-02   7.6921278e-02   1.5612651e-04   1.5540978e-03  -3.5887591e-03
  -4.2591264e-02   1.2663147e-01   3.5094059e-01  -6.4964418e-04   2.2852451e-03  -3.8141823e-03
  -3.1735190e-02   8.7099902e-02   9.5582763e-02   1.4592750e-04   1.9519932e-03  -3.6761335e-03
  -7.7214393e-02   2.1148473e-01   4.4368795e-01  -3.7753342e-05   1.5180073e-03  -3.6003353e-03
  -1.0648431e-01   6.6384306e-02   8.4390167e-02   1.6001004e-04   1.4170888e-03  -4.0533452e-03
  -2.2179889e-02   1.9503136e-01   3.6790060e-01   9.7016864e-04   2.4923228e-03  -3.8618792e-03
  -8.6384001e-02   1.4897290e-01   1.5473290e-01   5.6771070e-04   1.6934852e-03  -3.8031762e-03
  -2.2928053e-02   1.6168070e-01   3.2754691e-01   8.7988326e-04   2.1939617e-03  -3.4420518e-03
  -1.0085195e-01   2.0122684e-01   2.1976354e-01   1.0495511e-03   1.6044721e-03  -4.0602919e-03
  -3.1711764e-02   1.3338876e-01   2.9687384e-01   5.3048092e-04   2.2429625e-03  -3.8046516e-03
  -8.2589931e-02   1.8443490e-01   2.0365369e-01   7.0969505e-04   1.7729605e-03  -3.8406541e-03
  -4.5714499e-02   1.1555722e-01   2.3402408e-01   2.6310958e-04   1.9158436e-03  -4.0635955e-03
  -8.3272624e-02   2.1579586e-01   1.5587734e-01   9.4364874e-04   1.4690100e-03  -4.1513429e-03
  -5.1684738e-02   1.4777659e-01   2.1853198e-01   6.7837860e-04   1.6155929e-03  -3.8562812e-03
  -9.4738784e-02   2.6566841e-01   2.8645447e-01   1.3018423e-03   1.4841366e-03  -3.9222206e-03
  -4.6875848e-02   1.0092902e-01   9.6568767e-02   1.1753843e-03   2.0404737e-03  -4.3920013e-03
   2.8021231e-03   2.1801682e-01   3.1330929e-01   1.2293598e-03   2.7359722e-03  -4.2378315e-03
  -4.3821044e-02   1.5755918e-01   1.1392629e-01   1.2571229e-03   2.1808040e-03  -4.3158704e-03
  -6.0559418e-02   2.7025246e-01   4.2890735e-01   9.3402602e-04   2.0631994e-03  -4.1740473e-03
  -6.1604728e-02   1.0955374e-01   1.0129676e-01   9.6882200e-04   2.2136570e-03  -4.6710378e-03
  -4.2032044e-02   2.0417169e-01   3.7271657e-01   3.9913905e-04   2.4115067e-03  -4.3632630e-03
  -7.0834954e-02   1.7283600e-01   1.3521898e-01   1.1585950e-03   2.2162755e-03  -4.7436907e-03
  -1.1927069e-02   1.8957971e-01   3.4026541e-01   8.4108401e-04   2.9918331e-03  -4.4987984e-03
  -7.3572314e-02   2.9909879e-01   2.7952521e-01   1.5034750e-03   2.2224934e-03  -4.3726245e-03
  -4.6386082e-02   1.0959589e-01   3.2756365e-02   1.1578128e-03   2.4600814e-03  -4.5898461e-03
  -5.1575665e-02   2.5222139e-01   4.2114238e-01   1.8135734e-04   2.4990452e-03  -4.5097403e-03
  -7.6780073e-02   1.3899539e-01   1.8645017e-02   7.9430981e-04   2.1478073e-03  -4.7466032e-03
  -8.6519794e-02   1.8185188e-01   2.9716642e-01   3.1232398e-04   1.8865167e-03  -4.8658768e-03
  -4.8203942e-02   1.6705210e-01   1.1857921e-01   6.8901315e-04   2.5821290e-03  -4.5536978e-03
  -1.0759254e-02   1.4119852e-01   2.2467409e-01   2.7565160e-04   3.0108531e-03  -4.3543541e-03
  -3.2894960e-02   1.9830786e-01   1.5916255e-01   7.4011345e-04   2.8498726e-03  -4.4330952e-03
   3.0447726e-04   1.4227243e-01   1.9109902e-01   4.6522774e-04   3.1433512e-03  -4.5037847e-03
  -4.1580438e-02   2.4717978e-01   2.1400189e-01   1.1472161e-03   2.6798083e-03  -4.6834066e-03
  -1.2850568e-02   1.4260969e-01   1.4317303e-01   1.0206082e-03   2.7133919e-03  -4.6904095e-03
  -8.6868634e-02   2.7920848e-01   3.0318091e-01   1.1145636e-03   2.0998992e-03  -4.7600000e-03
  -4.2823666e-02   1.2495303e-01   9.4740656e-02   1.0822009e-03   2.4619279e-03  -4.6559691e-03
  -6.7655013e-02   2.7518633e-01   2.3810899e-01   1.7111868e-03   2.3916633e-03  -4.8784483e-03
  -2.1918012e-02   1.5449197e-01   1.0945152e-01   1.6048650e-03   2.7845936e-03  -5.4390828e-03
  -1.9300979e-02   2.7327305e-01   3.4113832e-01   1.4324907e-03   2.7941397e-03  -5.3465986e-03
  -2.0688548e-02   1.9629068e-01   9.1991925e-02   1.6453059e-03   2.8396725e-03  -5.3867274e-03
  -3.3918875e-03   2.3538996e-01   3.1262392e-01   1.1572560e-03   2.9838970e-03  -5.1388233e-03
  -8.2671847e-02   3.1887517e-01   2.1858566e-01   1.9034260e-03   1.9719044e-03  -4.9564983e-03
  -4.3419905e-02   1.6227464e-01   6.1094632e-02   1.4600309e-03   2.4109511e-03  -5.3533606e-03
  -7.4546120e-02   3.2165298e-01   2.9252826e-01   1.6500679e-03   2.2049022e-03  -5.0629277e-03
  -2.6916753e-02   1.6938443e-01   7.7381426e-02   1.7617374e-03   2.7092536e-03  -5.4789940e-03
  -5.2492902e-02   3.0868193e-01   4.6596025e-01   1.2442045e-03   2.3575537e-03  -4.6908424e-03
  -1.0318128e-01   2.2719326e-01   8.2952919e-02   2.0539028e-03   1.8152306e-03  -5.4042113e-03
  -4.8224565e-02   2.3541426e-01   2.6208418e-01   2.0051898e-03   2.4101626e-03  -5.2299159e-03
  -4.1302519e-02   2.7712920e-01   1.6177751e-01   2.0528945e-03   2.5670804e-03  -5.0300178e-03
  -6.9601125e-03   2.0808916e-01   1.7360040e-01   1.9191912e-03   2.7352472e-03  -4.9311044e-03
  -2.0882823e-02   2.6491314e-01   1.3262398e-01   1.9870572e-03   2.6085242e-03  -4.9261756e-03
   5.5419077e-03   2.3406684e-01   2.7341524e-01   1.5498992e-03   3.0317048e-03  -5.0471461e-03
  -9.8226403e-03   2.3601830e-01   1.1553601e-01   1.7882781e-03   2.7463995e-03  -4.9299576e-03
   1.7388954e-02   2.1356616e-01   3.2759746e-01   6.7153428e-04   3.1935391e-03  -4.6958405e-03
  -3.7125841e-02   2.2443900e-01   1.5035989e-01   1.4010539e-03   2.4831605e-03  -5.0254444e-03
  -1.7710859e-02   1.7784850e-01   2.6060361e-01   1.0650559e-03   2.6124138e-03  -5.2309659e-03
  -2.3632516e-02   2.4793640e-01   1.6427547e-01   1.9283972e-03   2.7110884e-03  -5.5005075e-03
  -1.8659511e-02   2.2040392e-01   2.5050465e-01   1.4385225e-03   2.7177056e-03  -5.5286573e-03
  -4.8944105e-02   2.5863867e-01   1.5349977e-01   1.6472867e-03   2.4702161e-03  -5.4640535e-03
  -4.6693437e-02   2.1962893e-01   3.4594930e-01   1.0279313e-03   2.3471030e-03  -5.3941177e-03
  -1.0300901e-01   2.9886565e-01   2.1638259e-01   2.2389590e-03   1.7945267e-03  -5.6199315e-03
  -6.8028717e-02   2.3490938e-01   1.5952908e-01   2.3192630e-03   2.2003790e-03  -5.9875170e-03
  -8.6430667e-02   3.4182236e-01   2.2233618e-01   2.6569790e-03   2.0428060e-03  -5.7539080e-03
  -6.0642463e-02   2.5632471e-01   2.6761443e-01   2.1704104e-03   2.1076539e-03  -5.4609030e-03
  -8.4346973e-02   2.9194587e-01   6.6181731e-02   2.6151299e-03   1.7832343e-03  -5.6826370e-03
  -1.0033074e-01   2.9545879e-01   3.8722041e-01   1.5671355e-03   1.6081056e-03  -5.5230469e-03
  -1.2145937e-01   2.9315020e-01   7.1770650e-02   2.7310148e-03   1.5534204e-03  -5.9895655e-03
  -7.7506228e-02   2.5493226e-01   2.3997293e-01   2.0251130e-03   1.8284852e-03  -5.6108320e-03
  -1.0843238e-01   3.4754698e-01   1.8323546e-01   2.8388463e-03   1.6006889e-03  -5.4814067e-03
  -8.8824683e-02   2.9566395e-01   2.0931256e-01   3.1679458e-03   1.6141050e-03  -5.8974007e-03
  -8.4871212e-02   3.6049007e-01   1.5997140e-01   3.3372924e-03   1.9150772e-03  -5.8550147e-03
  -4.9619171e-02   2.8784442e-01   3.4699607e-01   2.3993787e-03   2.1849124e-03  -5.5524989e-03
  -9.1434512e-02   3.4702726e-01   2.5816566e-01   2.9785208e-03   1.8876584e-03  -5.5299940e-03
  -8.0222937e-02   2.5223521e-01   2.0041769e-01   2.9956529e-03   1.7436222e-03  -5.9286389e-03
  -1.0420624e-01   3.7614051e-01   3.2919417e-01   3.0297112e-03   1.6122503e-03  -5.6604729e-03
  -8.5103204e-02   2.3452130e-01   1.3975125e-01   2.8015445e-03   1.5939531e-03  -5.8924721e-03
  -1.4578121e-01   3.8592312e-01   5.1021762e-01   2.0199894e-03   7.3531014e-04  -5.2799041e-03
  -1.5112015e-01   2.4514092e-01   3.6213660e-02   2.7637438e-03   7.7985881e-04  -5.8118480e-03
  -1.0639724e-01   2.7053670e-01   2.3347902e-01   2.6427853e-03   1.3926889e-03  -5.9532477e-03
  -1.2290346e-01   3.6150996e-01   3.1184877e-01   2.7693151e-03   1.4199725e-03  -5.5892909e-03
  -1.2448897e-01   2.1475581e-01   1.0395920e-01   2.7695458e-03   1.1984756e-03  -6.0436720e-03
  -1.3087358e-01   3.6049089e-01   3.9590790e-01   2.2084410e-03   1.2451509e-03  -5.7111328e-03
  -1.3383078e-01   2.4570531e-01   9.3377023e-02   2.6982106e-03   1.4583049e-03  -6.1122604e-03
  -9.5638253e-02   3.4097727e-01   3.5922523e-01   2.0455430e-03   1.9640285e-03  -5.8419764e-03
  -1.1202696e-01   2.6545434e-01   1.0742619e-01   2.8864609e-03   1.6957752e-03  -6.0871834e-03
  -1.0787843e-01   3.5798138e-01   3.5225742e-01   2.8343022e-03   1.4793242e-03  -5.5963065e-03
  -1.3374983e-01   3.1341700e-01   1.1785364e-01   3.3834349e-03   1.3720977e-03  -6.0742286e-03
  -1.1589012e-01   2.9865873e-01   2.8495319e-01   2.5160655e-03   1.5289356e-03  -5.7146117e-03
  -1.6603221e-01   4.1339961e-01   2.7492439e-01   3.2588953e-03   1.1446289e-03  -5.8371248e-03
  -1.3892722e-01   2.7748126e-01   6.3317520e-02   3.6134485e-03   1.5212370e-03  -6.1482420e-03
  -1.3762033e-01   4.5844791e-01   3.2767192e-01   3.6403318e-03   1.7130997e-03  -5.9835163e-03
  -1.3318330e-01   2.9254961e-01   7.5767651e-02   3.8139371e-03   1.6193544e-03  -6.2660256e-03
  -1.2656950e-01   4.0087659e-01   3.8004428e-01   2.8787630e-03   1.5299736e-03  -5.7710914e-03
  -1.3569996e-01   2.9576311e-01   6.3049770e-02   3.2201620e-03   1.6084133e-03  -6.0967822e-03
  -9.1195724e-02   3.6941980e-01   3.1983448e-01   2.9438379e-03   2.2321135e-03  -5.7733087e-03
  -1.5284921e-01   3.6375949e-01   1.4184117e-01   3.4165400e-03   1.4979850e-03  -5.8837052e-03
  -1.2462693e-01   3.1603587e-01   2.2583875e-01   3.2749729e-03   1.5693927e-03  -5.9905710e-03
  -1.5822508e-01   3.8667786e-01   2.1415904e-01   3.2498328e-03   1.3227937e-03  -5.9108262e-03
  -1.5197273e-01   2.9504593e-01   1.5750193e-01   3.2968348e-03   1.2501111e-03  -5.9429220e-03
  -1.6910711e-01   4.2802479e-01   3.6889503e-01   3.3743175e-03   1.0333719e-03  -5.9074992e-03
  -1.7018428e-01   2.9110867e-01   7.4126788e-02   3.3680889e-03   1.0183450e-03  -6.1338725e-03
  -1.5299523e-01   3.7668843e-01   3.8496947e-01   2.9185121e-03   1.2472692e-03  -5.8644258e-03
  -1.9830208e-01   3.6978036e-01   1.4888391e-01   3.7111577e-03   7.7657271e-04  -6.0344753e-03
  -1.4885219e-01   3.3038592e-01   2.4206377e-01   3.4165108e-03   9.7844216e-04  -5.6985554e-03
  -1.5728436e-01   3.9681140e-01   1.8963409e-01   3.5519472e-03   1.0283577e-03  -5.7657648e-03
  -1.6095764e-01   3.0268755e-01   1.7473444e-01   3.3998791e-03   7.6958550e-04  -5.8107968e-03
  -1.8346285e-01   4.5430421e-01   3.1501846e-01   3.6983617e-03   6.0748120e-04  -5.5016833e-03
  -1.8305246e-01   2.7859541e-01   4.9845445e-02   3.7072781e-03   4.7699875e-04  -6.0155017e-03
  -1.4413423e-01   4.2701118e-01   3.3409834e-01   3.5348174e-03   1.2303769e-03  -5.7289666e-03
  -1.6555512e-01   3.1820308e-01   9.9274025e-02   3.6675334e-03   1.0013943e-03  -5.8354303e-03
  -1.4033499e-01   4.6698208e-01   3.5053930e-01   3.9024420e-03   1.3631807e-03  -5.7438935e-03
  -2.3011094e-01   4.4562217e-01   6.9881342e-02   5.9310143e-03   1.4496771e-04  -6.4000434e-03
  -1.5245927e-01   4.4227546e-01   4.2748014e-02   5.4745159e-03   7.4581108e-04  -6.2250166e-03
  -1.5498840e-01   4.6357502e-01   1.1847240e-01   4.5839557e-03   9.4367920e-04  -5.8506891e-03
  -8.9033936e-02   4.0618525e-01   1.6381018e-01   5.1741497e-03   1.4240161e-03  -5.5853401e-03
  -1.5492019e-01   4.6125341e-01   1.5084257e-01   4.7734849e-03   1.0985216e-03  -5.9724094e-03
  -7.1612167e-02   3.6775373e-01   1.2406053e-01   4.1630715e-03   1.9248304e-03  -5.5300602e-03
  -1.6977827e-01   4.5148325e-01   1.4157956e-01   4.1519366e-03   8.9468573e-04  -5.6880682e-03
  -1.3104040e-01   3.0835599e-01   8.4690555e-02   3.8181546e-03   1.0357710e-03  -5.7981284e-03
  -1.4632717e-01   4.2813537e-01   1.3310145e-01   4.0961464e-03   1.1258938e-03  -6.1402951e-03
  -1.2116541e-01   3.4129567e-01   2.1212949e-01   3.4363857e-03   1.3351154e-03  -5.8009339e-03
  -1.9002747e-01   4.3092424e-01   1.4300444e-01   3.9477234e-03   6.1715544e-04  -6.0135010e-03
  -1.7169428e-01   3.6364335e-01   1.2674901e-01   4.1360800e-03   6.9916160e-04  -6.3327618e-03
  -1.9805711e-01   4.9133359e-01   2.1374972e-01   4.5994413e-03   7.9088068e-04  -6.5417721e-03
  -1.8877499e-01   3.2790856e-01   5.9590617e-02   4.1574431e-03   6.9438805e-04  -6.6384373e-03
  -2.0905115e-01   4.8937288e-01   1.7684693e-01   4.9644387e-03   5.4868036e-04  -6.8254500e-03
  -1.5753749e-01   3.6091136e-01   1.6779317e-01   4.1225872e-03   1.0323857e-03  -6.8021389e-03
  -1.9821814e-01   4.6190485e-01   1.8942696e-01   4.7260071e-03   7.6629049e-04  -7.1014797e-03
  -1.9087427e-01   3.4772403e-01   1.2775514e-01   4.2600443e-03   6.9883373e-04  -7.0028998e-03
  -2.1407062e-01   4.9002729e-01   2.6473842e-01   4.8320088e-03   7.0074530e-04  -7.1080409e-03
  -1.9529633e-01   3.5861434e-01   7.8678370e-02   4.7148383e-03   6.8077330e-04  -7.3173630e-03
  -2.0397884e-01   5.0514725e-01   3.3847788e-01   4.5849940e-03   5.7559837e-04  -6.9624997e-03
  -2.0452283e-01   3.8285123e-01   4.3035873e-02   4.9306461e-03   6.5437436e-04  -7.2584071e-03
  -2.1886577e-01   5.0351338e-01   4.0371345e-01   4.3038911e-03   3.5123874e-04  -6.8948115e-03
  -2.6912317e-01   4.1340703e-01   4.5362499e-02   5.3122179e-03  -5.1270248e-04  -7.3031248e-03
  -2.1997527e-01   4.2631861e-01   2.2419648e-01   4.8082623e-03   3.0243273e-04  -7.0780644e-03
  -2.6974912e-01   5.0824063e-01   1.9028798e-01   5.3713331e-03  -7.5705521e-05  -7.0002422e-03
  -2.2522543e-01   3.8367621e-01   1.4207096e-01   4.9264467e-03   7.2079268e-05  -6.9390109e-03
  -2.7705490e-01   5.2647594e-01   2.3036340e-01   5.2114453e-03  -2.2989735e-04  -6.9853755e-03
  -2.4146997e-01   3.8555767e-01   6.2790980e-02   5.0042215e-03   5.9300176e-05  -7.1528633e-03
  -2.5883106e-01   5.3272366e-01   1.7740919e-01   5.3886595e-03  -5.1437769e-05  -6.8162392e-03
  -2.2347864e-01   3.9758257e-01   1.0175937e-01   4.9572559e-03   2.7299454e-04  -6.9600447e-03
  -2.2650579e-01   5.1522491e-01   1.7630960e-01   5.2556066e-03   7.0018578e-04  -6.8967023e-03
  -2.1252727e-01   3.9534740e-01   3.4419988e-02   4.9547370e-03   5.0930298e-04  -7.2265891e-03
  -2.4282526e-01   5.2782302e-01   2.7418887e-01   4.7788081e-03   1.2265733e-04  -6.9197721e-03
  -2.4928230e-01   3.8155796e-01   6.3751368e-02   4.9696591e-03  -2.0478017e-04  -7.0221965e-03
  -2.5332849e-01   5.8385716e-01   3.6206883e-01   5.3083043e-03  -1.3350422e-04  -6.6630630e-03
  -2.5957386e-01   3.9747060e-01  -1.1919156e-02   5.4466614e-03  -2.1076996e-04  -7.3027979e-03
  -2.3045962e-01   4.8377728e-01   2.7871372e-01   4.8859037e-03   1.6669586e-04  -7.2210058e-03
  -2.5660500e-01   4.6402769e-01   1.0596067e-01   5.5629288e-03  -3.8915462e-05  -7.4288954e-03
  -2.3875557e-01   4.7296706e-01   2.5568592e-01   5.1231373e-03  -2.1524500e-05  -7.1873473e-03
  -2.3266017e-01   4.6612391e-01   7.5893929e-02   5.5749294e-03   5.0299975e-05  -7.3016956e-03
  -2.2446820e-01   5.1463321e-01   2.3968168e-01   5.5549011e-03   3.6365041e-05  -7.1623391e-03
  -2.2190019e-01   4.4460564e-01   7.8859729e-02   5.6577501e-03  -3.0469929e-05  -7.1712661e-03
  -2.6259021e-01   5.7468933e-01   3.3854090e-01   5.6576092e-03  -4.7371815e-04  -6.9768402e-03
  -2.5154810e-01   4.2926476e-01   5.3803000e-02   6.0450575e-03  -3.5659003e-04  -7.5175089e-03
  -2.4999228e-01   5.5129616e-01   2.8592597e-01   5.5218771e-03  -1.9740691e-04  -7.3339705e-03
  -2.3383859e-01   4.5827569e-01   7.3003057e-02   6.0725530e-03  -9.6779075e-05  -6.9774331e-03
  -2.4187022e-01   5.6361321e-01   3.7852999e-01   5.1888657e-03  -8.1241309e-05  -6.7255102e-03
  -2.5117998e-01   4.3871929e-01  -1.1961832e-04   6.0178015e-03  -2.3720035e-04  -7.3305259e-03
  -2.2353927e-01   4.9398700e-01   2.3260253e-01   5.2864700e-03   7.7112349e-05  -7.3947504e-03
  -2.7476269e-01   5.4312497e-01   9.9369693e-02   6.1581706e-03  -4.4343909e-04  -7.2992218e-03
  -2.3237772e-01   5.0830767e-01   1.6700593e-01   6.1321078e-03   2.1865553e-05  -7.5598243e-03
  -2.4965301e-01   5.5981676e-01   5.0628896e-02   6.3309616e-03  -7.9897822e-05  -7.4305679e-03
  -2.3267899e-01   5.6417119e-01   2.1394055e-01   6.2649313e-03   7.4279610e-06  -7.3580820e-03
  -2.5330088e-01   5.3201133e-01   1.3714282e-02   6.6347572e-03  -3.1639073e-04  -7.3196403e-03
  -2.6033076e-01   6.0305974e-01   1.8029574e-01   6.7075283e-03  -4.4149765e-04  -7.5190673e-03
  -2.4741609e-01   4.8132483e-01   1.2642312e-04   6.4996765e-03  -5.6924277e-04  -7.4598041e-03
  -2.8511779e-01   6.1220319e-01   3.9058163e-01   5.7051175e-03  -9.2560011e-04  -6.9613054e-03
  -3.1135817e-01   5.1409172e-01   1.7924588e-02   6.7829554e-03  -1.3372363e-03  -7.4847087e-03
  -2.7411739e-01   5.0288533e-01   8.1286297e-02   6.5094220e-03  -8.7179879e-04  -7.7275408e-03
  -3.1366905e-01   5.9812234e-01   1.6664380e-01   6.6548963e-03  -1.2405051e-03  -7.6110100e-03
  -2.9636387e-01   4.7072543e-01   1.8472486e-01   6.1244989e-03  -1.2829682e-03  -7.4019957e-03
  -3.4918153e-01   6.2059982e-01   2.3706672e-01   6.7690280e-03  -1.6215399e-03  -7.4468281e-03
  -3.0857262e-01   4.5400544e-01   4.5368068e-02   6.5521772e-03  -1.2700690e-03  -7.6750597e-03
  -3.3596537e-01   6.1868612e-01   2.4343644e-01   6.8638926e-03  -1.5855382e-03  -7.3809799e-03
  -3.0875351e-01   4.6743136e-01   8.1869286e-02   6.6756200e-03  -1.5202666e-03  -7.5840123e-03
  -3.3395718e-01   5.8030431e-01   1.5230274e-01   6.8309244e-03  -1.8841451e-03  -7.5322461e-03
  -3.1508492e-01   4.9613583e-01   1.7482123e-01   6.1245792e-03  -1.6528586e-03  -7.5009985e-03
  -3.6167186e-01   6.3124557e-01   1.6121114e-01   7.0900590e-03  -1.9700413e-03  -7.6081771e-03
  -3.3350936e-01   4.9038807e-01   9.3294011e-02   6.4398712e-03  -1.8630684e-03  -7.8487577e-03
  -3.7360561e-01   6.1023979e-01   1.5298459e-01   6.6947298e-03  -2.3968678e-03  -7.6305168e-03
  -3.4498728e-01   4.7128267e-01   5.7268855e-02   6.3312221e-03  -2.2076767e-03  -7.7159455e-03
  -3.5633220e-01   6.0571362e-01   1.6068835e-01   6.8025240e-03  -2.2255633e-03  -7.5015956e-03
  -3.2507238e-01   5.0124821e-01   9.9119209e-02   6.5563029e-03  -2.1757809e-03  -7.1085836e-03
  -3.6306584e-01   6.4156880e-01   2.4166397e-01   6.2428369e-03  -2.2188213e-03  -7.0881258e-03
  -3.4928313e-01   4.3950398e-01  -6.3639840e-02   6.1494170e-03  -2.2590851e-03  -7.5163155e-03
  -3.4311351e-01   6.0902353e-01   3.1214849e-01   6.1445266e-03  -2.0288092e-03  -6.8890852e-03
  -3.7017476e-01   4.8491050e-01   1.1914132e-02   6.8297575e-03  -2.3698347e-03  -7.8059621e-03
  -3.3685500e-01   5.9216350e-01   3.1767600e-01   6.3025301e-03  -1.8537903e-03  -7.4627903e-03
  -3.8357219e-01   5.1591198e-01   2.2965413e-02   6.5326568e-03  -2.3126597e-03  -7.8444932e-03
  -3.6893226e-01   5.4571155e-01   2.5601208e-01   6.0327246e-03  -2.2910054e-03  -7.5584993e-03
  -3.7710150e-01   5.3172861e-01   4.5543591e-02   6.5176711e-03  -2.4633773e-03  -7.9097953e-03
  -3.6802062e-01   5.8616173e-01   2.3639249e-01   6.4828614e-03  -2.2130036e-03  -7.7917421e-03
  -3.7377788e-01   5.0512321e-01   6.2591022e-02   6.2832627e-03  -2.3545416e-03  -7.7545124e-03
  -4.0673048e-01   6.1910475e-01   3.9659543e-01   5.6342615e-03  -2.9032960e-03  -7.1627412e-03
  -4.2174263e-01   4.9118089e-01  -2.3097804e-02   6.3279775e-03  -3.1363933e-03  -7.7666280e-03
  -3.7228541e-01   5.4647648e-01   2.3310834e-01   5.8699566e-03  -2.3984479e-03  -7.5996946e-03
  -4.2021138e-01   5.5320090e-01   4.6657222e-02   6.3416949e-03  -2.8328260e-03  -7.8225505e-03
  -3.7777265e-01   5.4197863e-01   1.9117679e-01   5.9631541e-03  -2.4589281e-03  -7.7140000e-03
  -3.7683656e-01   5.2550543e-01   1.4028053e-03   6.2409203e-03  -2.6569456e-03  -7.5840086e-03
  -3.6310601e-01   5.8790330e-01   2.1769405e-01   6.0272194e-03  -2.3788530e-03  -7.3549026e-03
  -3.5917956e-01   4.8207229e-01  -7.5629004e-03   6.2185298e-03  -2.4643383e-03  -7.4052463e-03
  -3.6431212e-01   6.3296921e-01   2.7929401e-01   6.1699888e-03  -2.2483127e-03  -7.2499785e-03
  -3.9431360e-01   4.6761571e-01  -1.1652745e-02   6.2514039e-03  -2.6466460e-03  -7.9186682e-03
  -4.0915223e-01   6.0733435e-01   2.9171608e-01   5.8408744e-03  -2.5950256e-03  -7.8204085e-03
  -4.0364632e-01   4.8071889e-01   1.6362011e-02   6.4555952e-03  -2.5792435e-03  -8.2689931e-03
  -3.9325763e-01   5.9274272e-01   2.9918788e-01   6.1299093e-03  -2.4046147e-03  -8.0488239e-03
  -4.0033387e-01   5.1101804e-01   2.4742124e-02   6.6355612e-03  -2.2707994e-03  -8.4904107e-03
  -3.7789040e-01   5.4097444e-01   2.5524908e-01   5.2963270e-03  -2.0518837e-03  -8.1199676e-03
  -4.1097432e-01   5.3025975e-01   4.9580834e-02   6.4336591e-03  -2.7521783e-03  -8.3661554e-03
  -3.8563136e-01   5.4487176e-01   2.3550627e-01   6.0747718e-03  -2.6534873e-03  -8.0832690e-03
  -4.1629536e-01   6.2971572e-01   2.1306137e-01   6.5296342e-03  -2.9022090e-03  -7.8752379e-03
  -4.1017576e-01   4.7079784e-01  -5.7155759e-03   6.5526139e-03  -2.8519593e-03  -8.4528139e-03
  -4.0322398e-01   5.7149252e-01   3.2537027e-01   5.7861644e-03  -2.7108982e-03  -8.1043814e-03
  -4.3413807e-01   5.2705331e-01   6.1093858e-02   7.0395584e-03  -2.8554075e-03  -8.7166650e-03
  -3.5121079e-01   6.0504903e-01   2.9058681e-01   6.3987222e-03  -1.8648097e-03  -8.3292782e-03
  -3.8414525e-01   5.2850241e-01  -5.5784157e-03   6.8467782e-03  -2.0713493e-03  -8.3961204e-03
  -3.5993480e-01   6.0950444e-01   3.3328731e-01   6.0797114e-03  -1.9765765e-03  -7.7409981e-03
  -4.1367482e-01   5.0042064e-01  -1.8290725e-02   6.2376903e-03  -2.6975360e-03  -8.1418585e-03
  -3.9537338e-01   4.7100240e-01   1.8576231e-01   5.3806295e-03  -2.6175182e-03  -8.2120718e-03
  -4.2556917e-01   6.2507858e-01   3.1084582e-01   5.7072872e-03  -2.8015688e-03  -8.0678962e-03
  -4.2319202e-01   3.9764680e-01   1.2377737e-02   5.7319517e-03  -3.0652925e-03  -8.2652758e-03
  -4.1602153e-01   5.5547504e-01   2.7275081e-01   5.8790825e-03  -2.8647958e-03  -8.2468832e-03
  -4.2931995e-01   4.7696904e-01   1.0915594e-01   6.2596510e-03  -3.2279406e-03  -8.2107860e-03
  -4.1534319e-01   6.3520942e-01   3.4741343e-01   6.5372771e-03  -2.8555112e-03  -7.9454185e-03
  -4.5852362e-01   4.6155278e-01   3.2446951e-02   6.1590534e-03  -3.6166036e-03  -8.4235053e-03
  -4.2322505e-01   5.4690516e-01   3.2213805e-01   5.8529496e-03  -3.0297325e-03  -8.0619124e-03
  -4.4457831e-01   4.8453954e-01   1.2455297e-01   5.8737680e-03  -3.6191716e-03  -7.9857640e-03
  -4.0464936e-01   5.2513016e-01   3.6355597e-01   5.6772680e-03  -2.9368614e-03  -7.7025044e-03
  -4.6745295e-01   5.0206062e-01   1.2305241e-01   5.8573376e-03  -3.6915462e-03  -8.0498928e-03
  -4.5939587e-01   4.6600490e-01   1.9345214e-01   5.4540712e-03  -3.6102611e-03  -8.0520739e-03
  -4.8125830e-01   5.6322121e-01   2.3866299e-01   6.0998887e-03  -3.7290134e-03  -7.9590451e-03
  -4.6153739e-01   4.5056108e-01   2.2167298e-01   5.7104753e-03  -3.7670593e-03  -7.7977262e-03
  -4.8519331e-01   5.6669132e-01   3.0540232e-01   6.0634185e-03  -3.7843469e-03  -8.0143824e-03
  -4.6861353e-01   4.3463110e-01   1.6730479e-01   5.8204855e-03  -3.7185554e-03  -8.0629522e-03
  -4.9009136e-01   6.1003226e-01   3.9132030e-01   6.3559275e-03  -3.9642993e-03  -7.8153479e-03
  -4.7189868e-01   4.6214768e-01   1.3619503e-01   6.7258677e-03  -3.8250364e-03  -8.2346437e-03
  -4.5436927e-01   6.4231380e-01   4.6049435e-01   6.4962240e-03  -3.5218392e-03  -7.5981388e-03
  -4.9905606e-01   4.8697622e-01   4.9813391e-02   6.3989186e-03  -4.2034636e-03  -7.8472999e-03
  -4.8003536e-01   5.8251383e-01   3.8664214e-01   6.0636682e-03  -3.9547489e-03  -7.5869837e-03
  -5.0307324e-01   4.7066987e-01   9.4467294e-02   6.0114982e-03  -4.5834200e-03  -7.7182213e-03
  -4.9970287e-01   5.7277289e-01   4.1538785e-01   5.7896421e-03  -4.4923411e-03  -7.4756517e-03
  -5.2340269e-01   5.1943052e-01   1.3677814e-01   6.7055204e-03  -4.4165929e-03  -8.0723023e-03
  -4.6215010e-01   5.3607432e-01   3.3640424e-01   5.8517340e-03  -3.7341193e-03  -8.1842375e-03
  -4.9817501e-01   5.0121983e-01   1.5848645e-01   6.1920715e-03  -4.2300759e-03  -8.4730031e-03
  -4.7518916e-01   5.7751680e-01   4.4885221e-01   5.9248303e-03  -3.9334372e-03  -8.4993131e-03
  -4.8810063e-01   4.9658373e-01   1.6075507e-01   6.2317369e-03  -3.8160514e-03  -8.7635506e-03
  -4.3527308e-01   5.5093872e-01   3.2427795e-01   6.4921831e-03  -3.4374760e-03  -8.2038533e-03
  -4.8070298e-01   5.2526241e-01   1.3992093e-01   6.3633460e-03  -4.1049584e-03  -8.4811313e-03
  -4.5557705e-01   5.4588235e-01   3.6242198e-01   5.7872068e-03  -3.8123112e-03  -8.5048544e-03
  -4.8704759e-01   4.8530278e-01   1.5238076e-01   6.2333022e-03  -4.1631596e-03  -8.7029991e-03
  -4.7656213e-01   5.7453379e-01   3.6100223e-01   6.1479812e-03  -4.0356237e-03  -8.6013435e-03
  -4.4179979e-01   4.5963301e-01   1.4335544e-01   6.0380473e-03  -3.7809958e-03  -8.3756561e-03
  -4.4099074e-01   6.1002657e-01   4.4807343e-01   5.7091443e-03  -3.5425260e-03  -8.3730002e-03
  -4.6293702e-01   4.4052821e-01   3.6830905e-02   6.2359969e-03  -4.0694537e-03  -8.6566503e-03
  -4.2524413e-01   5.4559415e-01   3.3628197e-01   5.9008840e-03  -3.6265690e-03  -8.7319654e-03
  -4.7213127e-01   5.1713722e-01   1.0589466e-01   6.2528474e-03  -4.1386777e-03  -9.1513075e-03
  -4.3394717e-01   5.2992806e-01   3.6640909e-01   5.7923885e-03  -3.6961760e-03  -8.7341120e-03
  -4.9739699e-01   5.7171751e-01   1.8448161e-01   6.4495423e-03  -4.3456898e-03  -8.8089789e-03
  -4.8682173e-01   4.7268472e-01   1.9931825e-01   6.0809470e-03  -4.4513432e-03  -9.1387265e-03
  -5.2832645e-01   6.3971142e-01   3.7215591e-01   6.2448999e-03  -4.6042575e-03  -8.9378086e-03
  -5.1726718e-01   4.3113266e-01   6.8340831e-02   5.9816743e-03  -4.6711295e-03  -8.9856972e-03
  -4.9286273e-01   6.0725172e-01   4.0864705e-01   6.2239013e-03  -4.2640482e-03  -8.7272335e-03
  -4.9842528e-01   4.7747083e-01   9.1461002e-02   6.3872753e-03  -4.5785112e-03  -8.8632406e-03
  -4.8781393e-01   5.6680622e-01   4.0743726e-01   5.9923692e-03  -4.4697455e-03  -8.4999119e-03
  -4.9911951e-01   5.2157707e-01   1.5587299e-01   6.5149248e-03  -4.2767962e-03  -8.9170603e-03
  -4.8772495e-01   5.0148843e-01   2.3843447e-01   6.5426976e-03  -4.2855353e-03  -9.0677471e-03
  -5.1119672e-01   6.0797391e-01   4.6682310e-01   6.0861869e-03  -4.5920476e-03  -8.6958594e-03
  -5.2320876e-01   4.6582669e-01   1.2744461e-01   6.1912019e-03  -4.5721750e-03  -9.0514671e-03
  -4.5368378e-01   5.3169936e-01   3.4688565e-01   6.2440837e-03  -3.4892008e-03  -9.0048943e-03
  -5.0223033e-01   5.3641566e-01   2.1009110e-01   6.4473123e-03  -4.1107620e-03  -9.2332224e-03
  -4.8104763e-01   5.7474499e-01   4.2158196e-01   6.1666492e-03  -3.8532522e-03  -9.1505250e-03
  -5.1952533e-01   5.3975221e-01   1.8615183e-01   6.9642235e-03  -4.2337157e-03  -9.5985007e-03
  -4.9729976e-01   5.7943554e-01   3.8935448e-01   6.9077458e-03  -4.2619299e-03  -9.2050571e-03
  -5.3823847e-01   6.0228101e-01   2.1528222e-01   7.3327424e-03  -4.7223087e-03  -9.4249155e-03
  -4.9711098e-01   5.7358816e-01   2.8334762e-01   7.3931989e-03  -4.2462830e-03  -9.3514757e-03
  -5.2878280e-01   6.2283641e-01   2.3542364e-01   7.4186877e-03  -4.4392848e-03  -9.3200386e-03
  -4.8126574e-01   6.4841173e-01   2.8805140e-01   8.6834187e-03  -4.0990927e-03  -8.4614123e-03
  -4.7895000e-01   6.0225111e-01   1.5564430e-01   7.6578149e-03  -4.6020029e-03  -8.4201094e-03
  -4.4623823e-01   4.0388343e-01   3.9745074e-01   3.6753428e-03  -4.0088395e-03  -8.3970165e-03
  -5.1496119e-01   4.6629639e-01   2.1007220e-01   4.3380799e-03  -4.6800766e-03  -8.4171805e-03
  -4.6255602e-01   3.7636892e-01   3.5361882e-01   3.6250507e-03  -4.1537718e-03  -7.9740236e-03
  -4.4612557e-01   4.5636142e-01   2.5045926e-01   4.7601385e-03  -3.5724495e-03  -8.2212772e-03
  -4.0869516e-01   4.0837825e-01   3.3996658e-01   3.9312618e-03  -3.1846172e-03  -8.3135263e-03
  -3.7834203e-01   3.7518394e-01   1.5392722e-01   4.0585447e-03  -2.8721586e-03  -7.9054336e-03
  -3.7283943e-01   4.5416465e-01   3.8675406e-01   3.9219556e-03  -2.6469742e-03  -8.0238804e-03
  -4.0730696e-01   3.6064158e-01   1.3070897e-01   4.1089774e-03  -3.4400106e-03  -8.3715634e-03
  -4.1488404e-01   4.8156769e-01   3.0824093e-01   4.2243528e-03  -3.4288040e-03  -8.4804098e-03
  -3.9803262e-01   3.6121304e-01   1.8778662e-01   3.9753816e-03  -3.4817799e-03  -8.3380210e-03
  -4.3514452e-01   4.8394981e-01   2.9696028e-01   4.3255501e-03  -3.8303288e-03  -8.2537582e-03
  -3.9960336e-01   3.2371339e-01   1.2773634e-01   3.8275654e-03  -3.7723399e-03  -8.2501382e-03
  -4.3129995e-01   4.8389885e-01   4.4262110e-01   3.3750149e-03  -4.0083240e-03  -7.7891939e-03
  -4.5506108e-01   3.2709352e-01   6.5726833e-02   4.0450937e-03  -4.5622874e-03  -8.1846354e-03
  -3.9311070e-01   4.0306998e-01   3.4822305e-01   3.2787207e-03  -3.5587776e-03  -8.0467471e-03
  -4.4161110e-01   3.9730386e-01   1.1489679e-01   4.0106423e-03  -4.0161371e-03  -8.2733480e-03
  -4.1434787e-01   3.6480183e-01   2.9679245e-01   3.1014289e-03  -4.0298877e-03  -8.0372611e-03
  -4.3975437e-01   4.0281030e-01   1.7281857e-01   3.8394255e-03  -4.1153371e-03  -8.1722301e-03
  -4.1897740e-01   3.4212017e-01   1.6583418e-01   3.3662457e-03  -3.9156859e-03  -8.0648825e-03
  -4.4955928e-01   4.6395664e-01   3.0278042e-01   3.6944814e-03  -4.1434079e-03  -8.0497739e-03
  -4.2703915e-01   3.2080311e-01   5.9394337e-02   3.8142562e-03  -4.3166179e-03  -7.9867336e-03
  -4.4830379e-01   4.1273011e-01   4.0477545e-01   2.8312143e-03  -4.3636593e-03  -7.5737805e-03
  -4.7297442e-01   3.4825272e-01   8.5027482e-02   3.4998206e-03  -4.4951943e-03  -7.8214422e-03
  -4.6848742e-01   3.6310386e-01   2.7116053e-01   3.3657572e-03  -4.5765048e-03  -7.9416716e-03
  -5.0787349e-01   4.6685130e-01   2.7905620e-01   3.9864559e-03  -4.8907801e-03  -7.9464788e-03
  -4.8616535e-01   3.3875719e-01   6.6835981e-02   4.1106749e-03  -4.7077124e-03  -8.4644791e-03
  -4.8593928e-01   4.2689389e-01   3.3936233e-01   3.4192738e-03  -4.7238488e-03  -7.9600086e-03
  -4.8830494e-01   3.8033690e-01   6.0617016e-02   3.9866285e-03  -4.6847337e-03  -8.0636129e-03
  -4.7850579e-01   4.6125816e-01   3.9225220e-01   3.4880725e-03  -4.6464742e-03  -7.4658128e-03
  -4.9469936e-01   3.6871945e-01   7.7195907e-02   4.0134237e-03  -4.8148228e-03  -7.9367678e-03
  -4.8665605e-01   3.9678845e-01   3.8227788e-01   2.9702407e-03  -4.8220081e-03  -7.5830159e-03
  -5.1045276e-01   3.6595748e-01   1.3912927e-01   3.8200174e-03  -5.1803679e-03  -7.9894723e-03
  -4.8130522e-01   3.7655573e-01   2.6164611e-01   3.5907882e-03  -5.0405835e-03  -7.7805467e-03
  -5.3302596e-01   4.8554766e-01   3.1095247e-01   4.3075321e-03  -5.5125899e-03  -7.6997083e-03
  -5.0525796e-01   3.5961009e-01   1.3299878e-01   4.5982293e-03  -5.3513782e-03  -8.0686402e-03
  -4.9117255e-01   5.0524549e-01   3.4481982e-01   4.4954336e-03  -5.0455661e-03  -7.8428363e-03
  -4.8242920e-01   3.5759114e-01   1.3217408e-01   4.2744614e-03  -5.0522246e-03  -7.8397892e-03
  -5.0943832e-01   5.1977289e-01   4.1171868e-01   4.4029616e-03  -5.1891056e-03  -7.5367225e-03
  -4.9230552e-01   3.7038816e-01   6.1075275e-02   4.8934833e-03  -5.0556814e-03  -7.8079678e-03
  -4.7251083e-01   4.9688448e-01   3.5735216e-01   4.4394395e-03  -4.7698076e-03  -7.7757805e-03
  -4.8996097e-01   3.9117459e-01   9.5122227e-02   4.6658177e-03  -4.7588191e-03  -8.5441272e-03
  -4.4327651e-01   4.8497454e-01   3.4188345e-01   4.3674968e-03  -4.1679881e-03  -7.5934394e-03
  -4.7985910e-01   4.1810766e-01   1.0640375e-01   4.6975410e-03  -4.5501913e-03  -7.9967034e-03
  -4.5176181e-01   4.4657078e-01   3.7015205e-01   3.8396322e-03  -4.3671080e-03  -7.3610256e-03
  -5.1336985e-01   4.7011032e-01   2.0601142e-01   4.6756071e-03  -4.9859019e-03  -7.7141603e-03
  -4.7621421e-01   3.9804035e-01   1.2722245e-01   4.9246863e-03  -4.5582536e-03  -7.9245717e-03
  -4.7793560e-01   5.3497911e-01   3.4692771e-01   5.0787622e-03  -4.5576483e-03  -7.2986495e-03
  -5.0317843e-01   3.6835996e-01   1.4439526e-01   4.9040790e-03  -5.1608980e-03  -7.3885593e-03
  -4.9643857e-01   4.9680384e-01   3.7615561e-01   4.6354371e-03  -5.0650499e-03  -7.2445610e-03
