   0.0000000e+00   0.0000000e+00   0.0000000e+00   0.0000000e+00   0.0000000e+00   0.0000000e+00
   1.1560160e-01   2.0216240e-01   3.9388987e-01   2.8692101e-03   2.5692562e-03  -1.0031860e-05
   3.4150427e-01  -3.1654449e-01   3.4941246e-01   1.6739479e-03   5.5171143e-03  -3.0326240e-03
   1.7916265e-01  -1.5850666e-01  -7.2913805e-03   1.2567677e-03   3.4308005e-03  -3.6264150e-03
   2.1239550e-01  -1.6741778e-02  -7.6572777e-02   2.1129290e-03   2.6614665e-03  -4.6861510e-03
   3.2212448e-01   2.5797607e-02  -1.1045409e-01   4.0775684e-03   3.8039248e-03  -6.0524048e-03
   2.2810998e-01   1.2830946e-01  -3.3738169e-01   4.5939596e-03   1.2640424e-03  -5.7062676e-03
   3.6009627e-01   1.8479971e-01  -1.5541460e-01   4.9877411e-03   3.6639358e-03  -5.8405235e-03
   2.0661038e-01  -8.5000544e-02  -3.7872090e-01   2.4046681e-03   1.2979975e-03  -5.8367456e-03
   3.0419314e-01  -1.1816825e-01  -2.8235892e-01   1.3194234e-03   2.9263044e-03  -4.8145774e-03
   3.7515151e-01  -1.2128088e-01  -1.7875172e-01   1.6710421e-03   4.2646073e-03  -5.7145921e-03
   3.9786958e-01   4.0061359e-02  -4.3112988e-01   4.0155984e-03   4.6701550e-03  -4.6143643e-03
   4.7784769e-01   1.7593806e-01  -2.3129035e-01   5.6917482e-03   6.5913770e-03  -5.2831389e-03
   4.7889641e-01  -5.5587464e-02  -4.3523649e-01   3.4518129e-03   5.7838557e-03  -5.4231894e-03
   4.1387452e-01   8.1047656e-02  -3.3385126e-01   3.9640979e-03   4.8604318e-03  -5.6520822e-03
   4.8827091e-01   8.8903229e-03  -2.7751280e-01   3.4196476e-03   6.5733643e-03  -6.8459204e-03
   4.6499331e-01   9.6720896e-02  -5.1645566e-01   3.5383791e-03   5.3857218e-03  -6.0690358e-03
   4.0932187e-01   8.4085043e-03  -3.3919625e-01   3.0946116e-03   4.8692328e-03  -6.6408115e-03
   3.8551914e-01  -1.2245716e-03  -3.8823017e-01   2.9634875e-03   4.2005057e-03  -6.1584984e-03
   3.6583951e-01   1.6497079e-01  -4.2034479e-01   5.8172760e-03   4.1755640e-03  -6.1377361e-03
   4.0884772e-01   1.1446643e-01  -6.5164439e-01   6.2772812e-03   4.5737978e-03  -6.0523295e-03
   4.3689427e-01   9.5818839e-02  -4.3814984e-01   4.6221161e-03   4.6713864e-03  -7.0569809e-03
   3.9870198e-01   9.7585970e-02  -4.9509379e-01   4.6448368e-03   4.1529682e-03  -6.2811201e-03
   4.3626579e-01   1.5782723e-01  -3.2450593e-01   5.7768516e-03   4.9632821e-03  -7.2130440e-03
   4.4301123e-01   1.4457095e-01  -5.1604826e-01   5.8404319e-03   4.8115615e-03  -6.3314126e-03
   4.3554638e-01   1.6796614e-01  -2.9532063e-01   5.2913900e-03   5.4399373e-03  -7.3467004e-03
   3.4928370e-01  -1.8291840e-01  -3.7572843e-01   2.3194902e-03   4.4965308e-03  -6.1819306e-03
   2.9863989e-01  -5.3521639e-02  -3.8355444e-01   2.4631971e-03   3.9003966e-03  -5.4472245e-03
   4.4484208e-01  -3.5236045e-02  -2.4305847e-01   2.6153632e-03   6.1745648e-03  -6.8689983e-03
   3.9698083e-01  -2.6258156e-02  -5.0881558e-01   1.9058733e-03   5.2622490e-03  -5.7323191e-03
   3.5939530e-01   1.5649456e-02  -1.9054164e-01   2.2307668e-03   5.0281515e-03  -6.5234820e-03
   3.7250898e-01  -1.0055589e-01  -4.6763429e-01   9.2919627e-04   4.7435422e-03  -5.8243483e-03
   3.5178362e-01   2.7222975e-02  -3.7233382e-01   2.6317588e-03   4.3077945e-03  -5.5208104e-03
   3.8142886e-01  -1.0852337e-01  -2.9851237e-01   1.0268461e-03   4.8074734e-03  -6.2460349e-03
   3.6067384e-01  -7.9942299e-02  -3.7097077e-01   1.3627622e-03   4.4455823e-03  -5.8535147e-03
   3.3142443e-01  -1.2005158e-02  -2.8745863e-01   2.4890950e-03   3.9456770e-03  -5.3591718e-03
   4.0303893e-01  -1.2330943e-01  -2.4101318e-01   1.4931268e-03   4.7492438e-03  -6.2636844e-03
   4.1722753e-01  -1.9669764e-03  -3.5644813e-01   2.6465561e-03   4.8596493e-03  -5.7056468e-03
   4.1393005e-01   2.4388131e-03  -1.7879370e-01   3.0490374e-03   5.3149907e-03  -6.1853140e-03
   4.3350265e-01  -2.8484225e-02  -3.6949517e-01   2.7715203e-03   5.0548966e-03  -5.5706672e-03
   3.9498987e-01   2.3679796e-02  -2.1082134e-01   2.5999642e-03   4.7138404e-03  -5.8293806e-03
   4.2308233e-01  -1.2933432e-01  -3.1701660e-01   1.7192539e-03   4.8689415e-03  -6.1716927e-03
   3.7464031e-01   3.4733902e-02  -3.1359984e-01   3.4249334e-03   4.5766313e-03  -6.2437146e-03
   4.6971066e-01  -1.8685587e-02  -3.7831519e-01   2.0238426e-03   6.4674336e-03  -6.9044321e-03
   3.8116799e-01  -2.3012195e-02  -4.4712306e-01   2.7012386e-03   4.9211962e-03  -6.6653340e-03
   3.4430696e-01   3.8170462e-02  -2.8324605e-01   3.1403109e-03   4.4870716e-03  -6.6462955e-03
   4.0616061e-01  -1.0492541e-01  -3.8879769e-01   2.0476679e-03   4.9679169e-03  -6.6271447e-03
   3.5841929e-01   1.9065159e-02  -3.2434238e-01   3.0858081e-03   4.4952733e-03  -6.4827738e-03
   4.8026038e-01  -2.6284431e-02  -2.4068218e-01   3.1681200e-03   6.5615300e-03  -7.4523143e-03
   4.4905288e-01   7.4977596e-02  -3.8372022e-01   4.4534596e-03   5.6164215e-03  -6.7426501e-03
   3.9793987e-01  -6.9781947e-02  -2.5741743e-01   2.2752473e-03   5.2391749e-03  -7.1871458e-03
   3.7972397e-01  -8.7255619e-03  -3.7765040e-01   3.1167244e-03   4.8417795e-03  -6.4819669e-03
   3.6568920e-01   9.9847357e-02  -2.4654534e-01   4.7398229e-03   4.6054434e-03  -6.6997018e-03
   4.4712090e-01  -6.2301174e-02  -3.9737696e-01   2.3980810e-03   5.6786595e-03  -7.2304072e-03
   3.8466135e-01   6.6731722e-02  -3.4166057e-01   4.0152854e-03   4.7061405e-03  -6.3107866e-03
   4.3980152e-01  -4.3351540e-02  -2.4080434e-01   2.7533639e-03   5.6551049e-03  -7.4665481e-03
   4.0727009e-01  -2.7141859e-02  -3.7890765e-01   2.8795668e-03   5.2566778e-03  -6.8754032e-03
   3.7567455e-01   2.4892927e-02  -3.2868636e-01   3.1791960e-03   4.9539060e-03  -6.6678348e-03
   4.1432412e-01  -1.1900358e-01  -2.7332227e-01   2.8133791e-03   6.2951431e-03  -7.3966057e-03
   4.2308628e-01   1.0630931e-01  -3.6947943e-01   5.1285842e-03   5.8812741e-03  -6.6033987e-03
   4.7230091e-01  -7.5811828e-02  -4.2233609e-01   2.0655842e-03   6.4158396e-03  -6.9102852e-03
   4.3345733e-01   1.0085984e-01  -3.7805638e-01   4.5256295e-03   5.7745622e-03  -6.3081382e-03
   4.7555255e-01   3.4632247e-03  -3.1557955e-01   3.2370131e-03   6.4542500e-03  -7.0374364e-03
   4.5311319e-01   5.3897622e-02  -4.1729905e-01   4.0066773e-03   5.8702105e-03  -6.5419978e-03
   4.6738923e-01   1.0512753e-01  -3.4351663e-01   4.2947081e-03   6.2215060e-03  -6.3943291e-03
   4.7223433e-01  -5.7536537e-04  -3.8575569e-01   3.5556580e-03   6.3933920e-03  -6.7795129e-03
   4.4157673e-01   1.4723233e-01  -3.6880018e-01   5.1111834e-03   5.9920909e-03  -6.4974974e-03
   4.7429407e-01  -1.8106755e-02  -3.4739909e-01   3.0841034e-03   6.3072917e-03  -6.9958438e-03
   4.3186629e-01   1.0423191e-01  -4.1895217e-01   4.3907956e-03   5.7100223e-03  -6.6979117e-03
   4.1952984e-01   8.4218791e-02  -3.2869208e-01   3.9987308e-03   5.7023079e-03  -6.8050608e-03
   4.6366142e-01  -9.9508341e-04  -3.8746159e-01   3.0242105e-03   6.6322239e-03  -7.3075810e-03
   4.1234845e-01   1.0002533e-01  -4.0868494e-01   4.3854347e-03   6.0950345e-03  -7.2752312e-03
   4.5045344e-01   1.2665299e-01  -2.5874857e-01   4.6768392e-03   7.1276901e-03  -7.6585636e-03
   4.5928532e-01   8.8644974e-02  -4.9413103e-01   4.4201791e-03   6.5591464e-03  -7.1928878e-03
   4.3633617e-01   1.9270363e-01  -2.8758319e-01   5.5379182e-03   6.6119456e-03  -7.3223355e-03
   4.7960044e-01   2.0422396e-02  -4.2692067e-01   3.5608140e-03   6.8077370e-03  -7.0775732e-03
   4.5277882e-01   1.4780659e-01  -3.7389831e-01   4.7029137e-03   6.5826868e-03  -6.9857079e-03
   4.9509456e-01   2.9466365e-02  -3.1358927e-01   3.5660566e-03   7.2170794e-03  -7.3939481e-03
   4.4499231e-01   1.4238094e-01  -4.2436102e-01   4.6953850e-03   6.4590105e-03  -7.2752739e-03
   4.9771422e-01   1.3000462e-01  -2.4958385e-01   4.3123038e-03   7.4190029e-03  -7.4126033e-03
   5.3189852e-01   1.4432827e-01  -4.6759090e-01   4.8535306e-03   7.2490498e-03  -6.9254403e-03
   4.9348080e-01   1.1316332e-01  -2.9850561e-01   3.7186603e-03   7.1745460e-03  -7.1015519e-03
   4.6915979e-01   7.3936194e-02  -4.2034231e-01   4.2274635e-03   6.4721455e-03  -6.7675235e-03
   4.5112649e-01   1.8153677e-01  -3.6723463e-01   5.0345290e-03   6.2341432e-03  -6.9047564e-03
   4.9331944e-01   4.0732272e-02  -3.8680035e-01   3.3666117e-03   6.9330124e-03  -7.4449891e-03
   4.7170605e-01   1.5740317e-01  -4.1461651e-01   5.3102759e-03   6.2974410e-03  -6.8983701e-03
   5.3862905e-01   2.1749410e-01  -2.1635952e-01   5.5983726e-03   8.0105498e-03  -7.4315587e-03
   5.7475192e-01   2.1129729e-01  -5.9533471e-01   5.7098363e-03   8.3933614e-03  -6.9744779e-03
   5.8826158e-01   1.7005590e-01  -2.8578516e-01   4.3190096e-03   8.7539322e-03  -7.1685379e-03
   5.9549268e-01   2.0746241e-01  -5.0530625e-01   5.7325241e-03   8.2404813e-03  -6.5500205e-03
   6.2083646e-01   7.7194740e-02  -3.1366566e-01   3.5815365e-03   9.0205694e-03  -6.8946775e-03
   5.5029505e-01   1.3673338e-01  -3.9155342e-01   4.6185704e-03   7.6119254e-03  -6.6402531e-03
   5.2557100e-01   1.7346675e-01  -3.4444519e-01   4.7151624e-03   7.1753753e-03  -6.6891024e-03
   5.8778646e-01   9.1028545e-02  -3.0872347e-01   5.3612195e-03   8.4494156e-03  -7.6182576e-03
   5.7031210e-01   1.7253538e-01  -3.7679035e-01   5.6468332e-03   7.8265594e-03  -7.0252803e-03
   5.9670309e-01   1.5943919e-01  -2.1878653e-01   5.3416825e-03   8.3263174e-03  -7.6116130e-03
   6.3723254e-01   1.0345642e-01  -3.5027387e-01   5.2927584e-03   8.2676839e-03  -7.6030634e-03
   6.0927698e-01   2.1835242e-01  -2.6586076e-01   6.1029001e-03   7.9570212e-03  -7.2610429e-03
   6.4348295e-01   5.1508070e-02  -3.8966283e-01   4.4609218e-03   8.5862609e-03  -7.5277155e-03
   5.0523507e-01  -1.3773746e-02  -1.6278974e-01   4.7959091e-03   8.1722433e-03  -6.7969860e-03
   6.8557690e-01  -5.6657483e-02   1.9541954e-02   6.1452727e-03   1.0716974e-02  -7.3000628e-03
   5.0660598e-01  -9.0405447e-02  -1.3963974e-01   4.4519003e-03   9.3465885e-03  -6.6909841e-03
   5.0135842e-01   1.2220239e-01  -2.3290384e-01   7.5163785e-03   9.0910970e-03  -6.2294887e-03
   6.7463650e-01   1.6973474e-01  -7.9074367e-02   7.5382417e-03   1.1379700e-02  -7.2424260e-03
   6.3160907e-01   1.2322914e-01  -2.7610097e-01   7.1159901e-03   1.0294135e-02  -6.4131481e-03
   7.5497532e-01  -7.5217999e-02  -2.1989131e-01   5.1876936e-03   1.2675183e-02  -6.8314623e-03
   7.3957390e-01   8.6642264e-02   6.4283698e-02   6.4554336e-03   1.4674626e-02  -7.5002820e-03
   8.1611947e-01  -8.9904503e-02  -5.1481925e-01   4.1923184e-03   1.6142425e-02  -6.2195963e-03
   8.7910490e-01  -1.7883924e-01  -5.4345943e-01  -2.8473592e-04   1.7518303e-02  -7.3868103e-03
   8.4987832e-01  -7.3982277e-02  -5.2861859e-01   1.7575887e-03   1.6567776e-02  -7.2549210e-03
   8.3362117e-01  -2.8535163e-02  -3.9455383e-01   1.9427660e-03   1.6218017e-02  -5.9995483e-03
   9.9334275e-01  -7.6272026e-02  -5.4484907e-01   4.5529809e-05   1.6787005e-02  -4.0341144e-03
   9.2349187e-01   3.6287279e-02  -4.1388569e-01   1.2136431e-03   1.5774096e-02  -4.3109044e-03
   8.9702033e-01  -1.2919635e-01  -4.7185990e-01   2.7283886e-05   1.4982608e-02  -3.5457724e-03
   8.1615505e-01  -1.4538001e-03  -4.1426483e-01   1.1258940e-03   1.3599787e-02  -3.2388073e-03
   8.3852248e-01  -9.4868120e-02  -3.4334769e-01   3.6484833e-04   1.4088180e-02  -3.7231438e-03
   7.9389447e-01  -6.4349157e-02  -4.1782568e-01   8.2744338e-04   1.2892258e-02  -3.3698144e-03
   8.0298289e-01   1.0959632e-03  -3.3944341e-01   1.3087512e-03   1.3101995e-02  -3.7429762e-03
   8.0097664e-01  -1.5899249e-01  -3.7081569e-01  -9.7267132e-05   1.3102643e-02  -4.0755962e-03
   7.5902304e-01   3.2489040e-03  -3.9317769e-01   1.4489852e-03   1.2547069e-02  -4.0336464e-03
   7.8568312e-01  -3.6847474e-02  -3.0303374e-01   8.4258860e-04   1.2660301e-02  -4.0921417e-03
   7.9530475e-01  -4.5261327e-02  -3.8079387e-01   1.4653667e-03   1.2483741e-02  -3.5109937e-03
   7.8977650e-01   2.5158306e-02  -2.6710097e-01   1.5663045e-03   1.2288294e-02  -3.3621141e-03
   8.2118094e-01  -8.6225981e-02  -2.9020179e-01   1.6404779e-03   1.2711241e-02  -3.1568071e-03
   9.4662091e-01  -3.2866145e-02  -3.1444019e-01   3.2940087e-03   1.5260708e-02  -3.9813828e-03
   1.0192832e+00   3.4527719e-02  -3.8014634e-01   2.4411643e-03   1.7823905e-02  -4.5509706e-03
   9.4357347e-01  -8.0207608e-02  -4.1903740e-01   8.0213546e-04   1.6866044e-02  -4.3882810e-03
   9.4348965e-01   9.7487554e-02  -4.2372236e-01   3.3873247e-03   1.6735137e-02  -4.6422049e-03
   1.0291717e+00   7.2882974e-02  -3.4291863e-01   2.9881377e-03   1.8186747e-02  -4.9109705e-03
   9.6491980e-01   8.6510644e-02  -4.4731330e-01   3.2263011e-03   1.6855365e-02  -4.6006955e-03
   9.8473550e-01   9.7265879e-02  -2.6122861e-01   3.1527244e-03   1.7208771e-02  -4.8484163e-03
   9.1368229e-01   1.9548114e-02  -4.4466957e-01   2.5499315e-03   1.6061481e-02  -4.4634077e-03
   8.8845099e-01   7.2556089e-02  -2.9067272e-01   2.8564079e-03   1.5705926e-02  -4.2995735e-03
   9.3163830e-01  -8.4348498e-02  -2.7753359e-01   1.5414799e-03   1.6287130e-02  -4.2615204e-03
   9.0394702e-01   7.2850505e-02  -3.3876784e-01   3.1479652e-03   1.5667934e-02  -4.0541765e-03
   9.0728899e-01   6.9626908e-02  -2.7285884e-01   3.1958789e-03   1.5694548e-02  -4.1103227e-03
   8.8563038e-01  -3.0805210e-02  -3.2555204e-01   2.3837689e-03   1.5773928e-02  -4.2546044e-03
   9.9193404e-01   4.9311976e-02  -3.4500925e-01   1.9381382e-03   1.9622847e-02  -5.2618030e-03
   9.5514002e-01  -1.5576961e-01  -7.7400340e-02   3.7342908e-04   1.9295500e-02  -4.4693155e-03
   8.9642109e-01   2.4648597e-02  -3.6869538e-01   2.3445538e-03   1.8209002e-02  -3.9284629e-03
   9.4665554e-01   6.2518868e-02  -1.6556720e-01   2.1717648e-03   1.8794180e-02  -3.6349073e-03
   9.0257397e-01  -1.2662986e-01  -2.2302349e-01   3.7755188e-05   1.7961169e-02  -3.2768129e-03
   9.3368899e-01   8.5885903e-02  -2.4550675e-01   3.1008501e-03   1.8271038e-02  -3.2541918e-03
   1.0204954e+00   4.1102986e-03  -1.3976739e-01   1.7645252e-03   1.9955062e-02  -3.7760106e-03
   1.0319437e+00   5.2849500e-02  -3.4042186e-01   2.6599253e-03   1.9791597e-02  -3.6289942e-03
   9.9371117e-01   2.8886658e-02  -1.3599624e-01   1.9678448e-03   1.8888599e-02  -3.0404908e-03
   9.6974911e-01  -2.9898306e-02  -2.2154786e-01   2.3751751e-03   1.8557324e-02  -2.8436357e-03
   1.0397759e+00   1.3248063e-01  -1.6031327e-01   3.5935286e-03   1.9956913e-02  -3.3271836e-03
   1.0914700e+00   5.2151768e-02  -4.7529172e-01   2.2203995e-03   2.1913487e-02  -3.9706634e-03
   1.0726769e+00   7.1213175e-02  -2.0665732e-01   1.8907761e-03   2.0673502e-02  -3.7263277e-03
   1.0292483e+00  -5.8728943e-02  -2.1763068e-01   1.3808702e-03   1.9859738e-02  -2.9504942e-03
   1.0341051e+00   8.5400280e-02  -2.1527958e-01   3.0645805e-03   1.9560021e-02  -3.1713920e-03
   1.0172182e+00   3.2252779e-02  -1.6190716e-01   2.2905390e-03   1.9499921e-02  -3.3104166e-03
   9.8483277e-01   1.9780252e-02  -2.1394962e-01   2.4865736e-03   1.9059173e-02  -3.3343857e-03
   1.0172536e+00   9.9911937e-02  -1.4226486e-01   2.7681277e-03   1.9290085e-02  -3.2348956e-03
   9.9182995e-01  -1.9055984e-02  -2.2852536e-01   2.5155262e-03   1.9206519e-02  -3.5016312e-03
   1.0088525e+00   6.9743567e-02  -1.9600746e-01   2.4635867e-03   1.9142186e-02  -3.1630348e-03
   1.0238658e+00  -5.2954597e-02  -1.1486024e-01   1.5153395e-03   1.9635092e-02  -3.5747311e-03
   9.6088299e-01   7.8297567e-02  -2.6275176e-01   2.9933863e-03   1.8678222e-02  -3.3784590e-03
   1.0188870e+00   5.7315621e-02  -1.2227402e-01   2.1228325e-03   1.9408566e-02  -3.3104227e-03
   9.7589860e-01  -3.9546661e-02  -2.8982483e-01   1.3055910e-03   1.8863859e-02  -3.2600062e-03
   1.0070841e+00   6.4679764e-02  -1.9476190e-01   2.5048812e-03   1.8937502e-02  -2.7217724e-03
   1.0325456e+00  -4.1223484e-02  -9.2310277e-02   1.6061056e-03   1.9980263e-02  -3.3384282e-03
   1.0384141e+00   9.0063051e-02  -2.7155668e-01   3.4937919e-03   1.9938519e-02  -3.0543048e-03
   1.0575996e+00   2.8099243e-02  -8.8474018e-02   1.9673704e-03   2.0437530e-02  -3.4972599e-03
   1.0119933e+00  -6.0095163e-03  -2.0491736e-01   2.4621137e-03   1.9478985e-02  -3.0423990e-03
   1.0196690e+00   8.3679402e-02  -1.1115862e-01   2.8283582e-03   1.9729846e-02  -3.1533155e-03
   9.5070451e-01  -5.6943217e-02  -2.2800767e-01   1.3666261e-03   1.9230226e-02  -3.2880198e-03
   9.7307519e-01   7.9289014e-02  -1.9496574e-01   3.1445310e-03   1.8966955e-02  -2.8929041e-03
   9.8171400e-01   6.1257116e-02  -1.2682141e-01   2.7428802e-03   1.8997624e-02  -2.8584151e-03
   1.0288957e+00  -2.4279588e-02  -1.2475143e-01   1.8074236e-03   2.0214157e-02  -3.1378563e-03
   9.9550478e-01   8.2667361e-02  -1.8983764e-01   2.9708002e-03   1.9155076e-02  -2.8907252e-03
   9.9988945e-01   9.2811123e-02  -1.3671954e-01   3.0029313e-03   1.9533208e-02  -3.0920958e-03
   9.9397200e-01  -6.0591459e-02  -1.8721176e-01   1.3992796e-03   1.9561301e-02  -2.9169350e-03
   1.0043310e+00   9.9614525e-02  -1.9900105e-01   2.9392103e-03   1.9693169e-02  -3.0615799e-03
   1.0229825e+00   9.7122303e-03  -1.0145139e-01   1.9084208e-03   1.9853442e-02  -2.8594381e-03
   9.9008192e-01   3.7607085e-02  -1.8953104e-01   2.7193337e-03   1.9602125e-02  -2.7449582e-03
   1.0105236e+00   8.9027912e-02  -1.3327481e-01   2.5040774e-03   1.9711473e-02  -2.9978266e-03
   1.0069505e+00  -6.2422077e-02  -1.3613260e-01   1.3903643e-03   1.9950960e-02  -2.7363870e-03
   1.0152341e+00   1.0036133e-01  -2.5675253e-01   2.7716234e-03   2.0130792e-02  -2.7322717e-03
   1.0243586e+00   4.5906826e-02  -7.8840361e-02   2.5776842e-03   2.0335619e-02  -2.9043866e-03
   1.0071572e+00   5.8921090e-02  -1.6074699e-01   3.2368716e-03   1.9655910e-02  -2.2801515e-03
   1.0091788e+00   1.2045322e-01  -8.7192469e-02   3.3447461e-03   1.9583306e-02  -2.0811276e-03
   1.0317937e+00  -1.8360661e-02  -1.1982882e-01   2.3434883e-03   2.0565050e-02  -2.3912427e-03
   1.0168863e+00   1.2721082e-01  -1.3732929e-01   3.7657820e-03   2.0030726e-02  -2.1650714e-03
   1.0546674e+00   6.8692465e-02  -4.5370703e-02   3.0562709e-03   2.0998593e-02  -2.5483493e-03
   1.0302933e+00   1.1578864e-01  -1.9709599e-01   4.1486381e-03   2.0501086e-02  -1.9299040e-03
   1.0509249e+00   1.2506085e-01  -4.0855366e-02   3.8516556e-03   2.1069108e-02  -2.1658502e-03
   1.1046814e+00  -6.2907977e-02  -1.7340138e-01   2.4465141e-03   2.1599630e-02  -2.1793258e-03
   1.0656963e+00   1.5730899e-01  -2.4866702e-01   4.5634179e-03   2.1516021e-02  -1.5356034e-03
   1.1341560e+00   6.4701899e-02  -1.9786758e-01   3.0065426e-03   2.2408561e-02  -2.3158268e-03
   1.0711484e+00   1.6163388e-01  -2.3848171e-01   4.8539190e-03   2.1245352e-02  -2.1364836e-03
   1.0637129e+00   1.3312215e-01  -1.2303547e-01   4.0008496e-03   2.1266223e-02  -2.0543691e-03
   1.0478264e+00   7.0612256e-02  -1.9035006e-01   4.1994364e-03   2.0902744e-02  -1.9379876e-03
   1.0681457e+00   1.5780287e-01  -9.3206817e-02   4.7488572e-03   2.1189317e-02  -1.8363916e-03
   1.0496833e+00   3.0701130e-02  -1.3975002e-01   3.6225482e-03   2.0715137e-02  -1.7782299e-03
   1.0539949e+00   1.6677854e-01  -1.7527458e-01   5.1085775e-03   2.0906271e-02  -1.9264266e-03
   1.0713029e+00   1.5664727e-01  -5.6048412e-02   5.0189383e-03   2.1735479e-02  -2.3561932e-03
   1.0625870e+00   1.3654276e-01  -1.6628729e-01   5.4434800e-03   2.1249203e-02  -2.0341706e-03
   1.0897034e+00   1.5557706e-01  -7.8705222e-02   4.7226007e-03   2.1694294e-02  -2.1971687e-03
   1.0597940e+00   4.4166684e-02  -1.4047990e-01   4.0554774e-03   2.1923612e-02  -2.3023897e-03
   1.0743805e+00   1.9236632e-01  -1.4381086e-01   5.2375055e-03   2.1985961e-02  -2.0583673e-03
   1.0801750e+00   7.3042567e-02  -1.0336895e-01   4.0481933e-03   2.2302902e-02  -2.2900985e-03
   1.0661866e+00   1.7747620e-01  -1.7909942e-01   4.9974109e-03   2.1898515e-02  -1.9475047e-03
   1.0745808e+00   1.8124960e-01  -7.9275636e-02   4.7428362e-03   2.2156020e-02  -1.9613260e-03
   1.0799695e+00   5.5652073e-02  -1.6689822e-01   3.5273957e-03   2.2402350e-02  -1.9448484e-03
   1.1261247e+00   2.2466715e-01  -2.0657852e-01   5.0877017e-03   2.2713006e-02  -2.0223017e-03
   1.1180453e+00   1.0172213e-01  -1.2488694e-01   3.7452985e-03   2.3037436e-02  -2.5373149e-03
   1.0515555e+00   2.1126453e-01  -2.5731793e-01   5.4132926e-03   2.2092241e-02  -2.4243516e-03
   1.0582990e+00   2.7335862e-01  -1.0322869e-01   5.8155284e-03   2.2339514e-02  -2.2844901e-03
   1.0434435e+00   1.8012585e-01  -2.1570793e-01   6.0288797e-03   2.1534668e-02  -2.0074122e-03
   1.0604630e+00   2.8251392e-01  -7.1763871e-02   5.8107322e-03   2.2309725e-02  -2.3071406e-03
   1.0361824e+00   1.8153744e-01  -2.3968937e-01   6.1834922e-03   2.1287489e-02  -1.8145146e-03
   1.0411116e+00   2.4273430e-01  -8.7358963e-02   5.6311475e-03   2.1679511e-02  -1.8698855e-03
   1.0539842e+00   9.2961974e-02  -1.0818718e-01   4.6091924e-03   2.1879009e-02  -1.5968339e-03
   1.0264158e+00   2.8406682e-01  -1.4622120e-01   7.0201191e-03   2.1288070e-02  -1.3368992e-03
   1.0635228e+00   1.9566833e-01  -7.1123020e-02   5.6274366e-03   2.2028101e-02  -1.6381149e-03
   1.0164245e+00   2.2800645e-01  -2.2616841e-01   6.2616979e-03   2.1465004e-02  -1.7405093e-03
   1.0666702e+00   2.6679635e-01  -8.7797776e-02   6.3867824e-03   2.1981904e-02  -1.6624993e-03
   1.0478474e+00   1.0804820e-01  -1.2089433e-01   4.9394884e-03   2.2132362e-02  -1.7874201e-03
   1.0618773e+00   2.6831582e-01  -1.4415642e-01   6.5089960e-03   2.2236684e-02  -1.5198960e-03
   1.0849970e+00   1.5054455e-01  -6.2226403e-02   4.7506942e-03   2.2843126e-02  -2.1901486e-03
   1.0236248e+00   2.1819819e-01  -2.1278159e-01   5.9558791e-03   2.1707151e-02  -1.7236722e-03
   1.0877455e+00   2.4576530e-01  -8.9658907e-02   5.8189334e-03   2.2600316e-02  -1.5870390e-03
   1.0694536e+00   1.2522571e-01  -1.2045581e-01   5.0814236e-03   2.2949079e-02  -1.8688080e-03
   1.0734158e+00   2.9797556e-01  -2.4038273e-01   6.8440734e-03   2.3548878e-02  -1.5989046e-03
   1.1571307e+00   2.5225724e-01  -1.1220373e-01   6.4493536e-03   2.4940938e-02  -2.6498382e-03
   1.1347564e+00   2.9189732e-01  -3.0055712e-01   7.5178477e-03   2.4350410e-02  -2.2548679e-03
   1.1588128e+00   2.3815489e-01  -5.4053807e-02   5.9456554e-03   2.5144174e-02  -2.8122363e-03
   1.1152793e+00   2.4004929e-01  -1.8674661e-01   7.0533453e-03   2.4109454e-02  -2.2129304e-03
   1.1261977e+00   2.8048682e-01  -8.8534537e-02   7.0412032e-03   2.4201441e-02  -2.0082711e-03
   1.0989693e+00   1.6603754e-01  -1.2541651e-01   6.1953974e-03   2.3859440e-02  -2.0600078e-03
   1.0905790e+00   3.0959810e-01  -1.1256648e-01   7.6225925e-03   2.3553559e-02  -1.6796394e-03
   1.0971547e+00   2.0214507e-01  -5.7514461e-02   6.4235903e-03   2.3698125e-02  -1.6811882e-03
   1.0694323e+00   2.6894030e-01  -1.7677566e-01   7.3088247e-03   2.2967792e-02  -9.3025263e-04
   1.1089611e+00   2.8212106e-01  -4.5788312e-02   7.0901311e-03   2.3484558e-02  -1.2217898e-03
   1.1112624e+00   1.3295479e-01  -3.8566929e-02   6.1508814e-03   2.3642716e-02  -9.4358852e-04
   1.2031915e+00   3.6584350e-01  -4.1561079e-02   9.5293798e-03   2.4007072e-02  -1.2349959e-03
   1.1913673e+00   2.5663941e-01   9.2487293e-03   8.1717281e-03   2.4033005e-02  -8.8448778e-04
   1.2083259e+00   2.5096505e-01  -2.2247569e-02   8.6125201e-03   2.4538059e-02  -5.5489298e-04
   1.2230853e+00   3.7133746e-01   3.3193052e-02   9.6804843e-03   2.4704053e-02  -4.3279718e-04
   1.2340156e+00   1.9476200e-01   8.8466009e-03   8.3867902e-03   2.4978791e-02  -3.6576230e-04
   1.2187270e+00   3.3733420e-01  -6.4945456e-03   9.2134944e-03   2.4764203e-02  -5.4213659e-05
   1.2538827e+00   1.7596122e-01   3.8775027e-02   7.1502286e-03   2.5775586e-02  -4.4449582e-04
   1.2258596e+00   3.1825156e-01   1.4161013e-02   9.2724686e-03   2.4817710e-02   2.6026327e-04
   1.2348976e+00   3.1624556e-01   1.1194261e-01   9.3392408e-03   2.4927591e-02   4.7847041e-04
   1.2254258e+00   2.6680217e-01   1.5334549e-03   8.9528987e-03   2.5115000e-02   3.2347721e-04
   1.2276898e+00   3.9421830e-01   4.2580988e-02   9.5832486e-03   2.5228654e-02   2.1423871e-04
   1.2408788e+00   2.1225923e-01   2.0241249e-02   8.4929123e-03   2.5536114e-02   1.2018765e-04
   1.3124705e+00   3.7434102e-01   3.9413556e-03   9.4504605e-03   2.6820248e-02   5.6697054e-04
   1.3262795e+00   2.4715500e-01   6.6527743e-02   8.1151873e-03   2.7163732e-02   1.6314828e-04
   1.3187827e+00   3.4596947e-01  -1.4598293e-02   9.5707573e-03   2.6520779e-02   9.3831915e-04
   1.3144376e+00   2.9260604e-01   7.9280628e-02   8.0644607e-03   2.6805009e-02   8.4454896e-04
   1.2962416e+00   2.3058576e-01   1.0304818e-02   7.8536360e-03   2.6306013e-02   1.3879191e-03
   1.3179706e+00   3.5748004e-01   4.7939893e-02   8.7771451e-03   2.6894780e-02   1.0090632e-03
   1.3082837e+00   1.9900008e-01   3.7586776e-03   7.6859259e-03   2.6852865e-02   1.0911409e-03
   1.3336292e+00   3.2805668e-01   2.6782338e-02   8.5089033e-03   2.6841439e-02   1.2804224e-03
   1.3399272e+00   1.9036298e-01   6.5165172e-02   6.8646950e-03   2.7467033e-02   6.8684096e-04
   1.3478699e+00   3.2798433e-01  -6.5391747e-02   8.8529826e-03   2.7426017e-02   1.2511119e-03
   1.3495781e+00   2.2845022e-01   1.2032196e-01   6.9576773e-03   2.7445867e-02   1.1566929e-03
   1.3335149e+00   3.2068779e-01  -2.9547859e-02   9.1323774e-03   2.6862796e-02   1.6242609e-03
   1.3322470e+00   2.9642374e-01   1.0180460e-01   7.9966332e-03   2.7110473e-02   1.2482176e-03
   1.3140899e+00   2.0944100e-01  -2.7027402e-02   7.5190883e-03   2.7031404e-02   1.1552911e-03
   1.3213035e+00   3.8464302e-01   2.3942489e-03   8.7481032e-03   2.7342884e-02   1.0321486e-03
   1.2936518e+00   2.1031546e-01  -1.4615115e-01   7.2931857e-03   2.7238772e-02   7.4878143e-04
   1.3050401e+00   3.4747534e-01  -4.8784013e-03   8.1836570e-03   2.6913627e-02   1.1436447e-03
   1.3064193e+00   1.9742656e-01   5.6943282e-02   6.9738029e-03   2.7153067e-02   1.0221762e-03
   1.3056708e+00   3.5285087e-01  -1.1822996e-01   9.1679482e-03   2.7314018e-02   8.1925659e-04
   1.3483575e+00   3.6446517e-01   4.3816392e-02   8.6290050e-03   2.7846433e-02   5.0993933e-04
   1.3255768e+00   3.0324259e-01  -1.4614532e-01   8.9179942e-03   2.7246374e-02   1.2109743e-03
   1.3739814e+00   3.3903584e-01   5.9128922e-02   8.2271165e-03   2.8556142e-02   4.0556850e-04
   1.3369603e+00   2.7462304e-01  -6.1316685e-02   8.6935745e-03   2.7550371e-02   1.1220668e-03
   1.3826865e+00   3.2818980e-01   8.1822293e-02   8.0819678e-03   2.8686546e-02   5.0460541e-04
   1.3777454e+00   2.5164615e-01  -4.6572410e-02   8.5304463e-03   2.8075346e-02   1.0997182e-03
   1.3578332e+00   3.3379655e-01   1.0834805e-01   8.6843686e-03   2.8075621e-02   1.1997043e-03
   1.3499293e+00   1.6883557e-01   1.9579802e-02   7.2394526e-03   2.7838570e-02   1.3260935e-03
   1.3837985e+00   3.2531645e-01   4.1452873e-02   8.6088204e-03   2.8133041e-02   1.7037736e-03
   1.3692360e+00   1.6954599e-01   9.0161749e-02   7.1272329e-03   2.8408979e-02   1.0673200e-03
   1.3472232e+00   3.3273311e-01  -3.8031501e-02   8.9668536e-03   2.7880676e-02   1.6483796e-03
   1.3806430e+00   2.6920216e-01   9.0931415e-02   7.7894068e-03   2.8765047e-02   1.4079290e-03
   1.3437225e+00   2.3618611e-01  -1.5775826e-02   7.8756785e-03   2.7871195e-02   1.6176235e-03
   1.3592290e+00   3.3813163e-01   4.2268928e-02   8.7163299e-03   2.8118182e-02   1.7770885e-03
   1.3589846e+00   1.9722491e-01   2.9965835e-02   7.6479626e-03   2.8080393e-02   1.5245697e-03
   1.3521034e+00   3.4745666e-01   6.0423901e-02   9.0345039e-03   2.7647089e-02   2.1521381e-03
   1.3566385e+00   2.0272458e-01   1.1809075e-01   7.2796879e-03   2.8360064e-02   1.5475151e-03
   1.3585625e+00   3.3900935e-01  -2.4770761e-02   9.3908158e-03   2.7744663e-02   2.1593369e-03
   1.3864988e+00   2.9290982e-01   1.1953436e-01   7.9687973e-03   2.9010344e-02   1.0868637e-03
   1.3864267e+00   3.0409743e-01  -5.0879096e-02   9.2267311e-03   2.8319559e-02   1.7302658e-03
   1.3987082e+00   2.8044047e-01   1.0003912e-01   7.3660702e-03   2.9270368e-02   8.2453928e-04
   1.3923387e+00   2.6182335e-01  -6.1262528e-02   8.1836902e-03   2.8641370e-02   1.6975224e-03
   1.3833602e+00   3.2299405e-01   7.2574625e-02   8.0307163e-03   2.8934672e-02   1.5338908e-03
   1.3483042e+00   1.9700846e-01  -9.5204985e-03   7.6495847e-03   2.8105519e-02   2.1422375e-03
   1.3430592e+00   3.2395885e-01   3.5536987e-02   8.5510123e-03   2.7735328e-02   2.5405982e-03
   1.3551604e+00   2.6570722e-01   1.3491400e-01   8.4672264e-03   2.8050655e-02   1.5921841e-03
   1.3930024e+00   3.6514381e-01  -2.7217496e-01   9.1507514e-03   2.9657566e-02   1.1209976e-03
   1.4444425e+00   3.5939677e-01   3.5222150e-02   8.3839487e-03   3.0210990e-02   9.5447331e-04
   1.3938433e+00   2.9214442e-01  -5.5222191e-02   8.6119660e-03   2.8713188e-02   1.7441744e-03
   1.3772732e+00   4.1045702e-01   4.5421752e-02   9.7828689e-03   2.8489455e-02   1.6547439e-03
   1.3792362e+00   2.6444237e-01  -3.2425461e-04   9.1410959e-03   2.8542069e-02   1.6827972e-03
   1.3979182e+00   3.9356268e-01   3.9993965e-02   9.8817603e-03   2.8457507e-02   2.3569205e-03
   1.3827255e+00   2.5805737e-01   7.7410869e-02   8.6284485e-03   2.8603886e-02   2.2291669e-03
   1.3482896e+00   3.2438114e-01   1.6270018e-02   9.4451862e-03   2.7690682e-02   2.9172028e-03
   1.3604344e+00   3.7477986e-01   1.0732040e-01   9.7217344e-03   2.7888118e-02   3.2361727e-03
   1.3354390e+00   2.0924214e-01   9.0666483e-02   7.9003357e-03   2.7997771e-02   3.3370781e-03
   1.3287975e+00   3.9081535e-01   3.6502922e-02   1.0323318e-02   2.7390037e-02   3.6535994e-03
   1.3871443e+00   3.1501060e-01   1.2897152e-01   8.9374809e-03   2.9177446e-02   3.0480469e-03
   1.3606561e+00   3.2608832e-01   5.1020001e-03   9.6889455e-03   2.8228971e-02   3.7341303e-03
   1.3782230e+00   4.0436135e-01   1.3461899e-01   9.6753231e-03   2.9082261e-02   3.1382780e-03
   1.3868740e+00   2.6619501e-01  -2.9714281e-02   8.9219258e-03   2.8911486e-02   3.4335962e-03
   1.3724269e+00   4.1960674e-01   1.0360222e-01   9.6165778e-03   2.8619810e-02   3.8421722e-03
   1.3659779e+00   2.2739243e-01  -2.8724110e-02   7.9497107e-03   2.8656721e-02   3.9233999e-03
   1.3808171e+00   3.7295108e-01   5.6652157e-02   8.8556348e-03   2.8493830e-02   4.2456984e-03
   1.3734955e+00   1.9314409e-01   1.0250929e-01   7.1946284e-03   2.9029912e-02   3.4905019e-03
   1.3604427e+00   3.7891731e-01  -8.8165121e-03   9.5720332e-03   2.8514328e-02   4.0427236e-03
   1.3897649e+00   3.3857258e-01   1.0788542e-01   8.6731785e-03   2.9533915e-02   3.3340109e-03
   1.4031137e+00   2.9946018e-01  -1.3837766e-02   8.8214144e-03   2.9230728e-02   3.7414106e-03
   1.3863112e+00   3.7909881e-01   1.0051476e-01   8.9176273e-03   2.9288021e-02   3.4283595e-03
   1.3910696e+00   2.3618372e-01   7.3085882e-03   8.0304879e-03   2.9375624e-02   3.2564812e-03
   1.4230324e+00   4.2863225e-01  -8.1568114e-03   9.9291735e-03   3.0212514e-02   3.2306805e-03
   1.4639547e+00   2.3721490e-01  -1.8083881e-02   7.0056563e-03   3.1233147e-02   2.4910693e-03
   1.5278311e+00   2.6932991e-01  -5.6097602e-02   6.8593504e-03   3.1115746e-02   4.1924082e-03
   1.5511084e+00   1.9168689e-01   5.9800492e-02   5.6932367e-03   3.2682002e-02   4.2538747e-03
   1.8116232e+00   2.3830204e-01  -5.5523787e-01   4.4954954e-03   3.5348093e-02   4.0791935e-03
   1.6520952e+00   3.2424974e-01  -2.2170398e-01   7.0162948e-03   3.3125980e-02   3.4495903e-03
   1.6454763e+00   1.6233792e-01  -3.6412190e-01   5.3911490e-03   3.2870489e-02   3.6019457e-03
   1.6010278e+00   3.3728831e-01  -2.5413306e-01   6.9692212e-03   3.2447932e-02   3.8268603e-03
   1.6475721e+00   2.1216271e-01  -3.1015759e-01   6.8335164e-03   3.2894623e-02   4.2786780e-03
   1.6163412e+00   3.1447831e-01  -1.5818675e-01   7.1946540e-03   3.3102312e-02   3.8227381e-03
   1.5964053e+00   1.9523843e-01  -2.6061866e-01   6.5671156e-03   3.2264303e-02   4.8221320e-03
   1.5826762e+00   2.9327805e-01  -1.6938547e-01   7.0295421e-03   3.2135037e-02   4.4410362e-03
   1.5963190e+00   2.2435845e-01  -1.9886780e-01   6.8704402e-03   3.2749390e-02   3.9300065e-03
   1.5734254e+00   3.3525593e-01  -2.4376944e-01   8.0727063e-03   3.2165418e-02   4.5509118e-03
   1.5945932e+00   2.2448317e-01  -1.7274711e-01   6.8240168e-03   3.2341471e-02   4.2176012e-03
   1.5592030e+00   3.1186048e-01  -2.4096436e-01   7.8970875e-03   3.1719910e-02   4.4841784e-03
   1.5872375e+00   2.7984581e-01  -1.0430466e-01   7.4611330e-03   3.2607310e-02   4.0184783e-03
   1.5845509e+00   3.2201585e-01  -2.6813800e-01   8.3478290e-03   3.1983324e-02   4.7871440e-03
   1.5639596e+00   3.3459505e-01  -1.3493747e-01   7.9166194e-03   3.2138346e-02   4.0353801e-03
   1.5281526e+00   3.0669476e-01  -3.0816371e-01   7.8506375e-03   3.1312402e-02   4.7597456e-03
   1.4303342e+00   3.2752292e-01  -1.2777252e-01   7.7244685e-03   3.0165710e-02   5.3248589e-03
   1.4903305e+00   2.0742452e-01  -1.7923224e-01   6.8729227e-03   3.0819498e-02   5.5326442e-03
   1.4888056e+00   3.1406949e-01  -1.4831093e-01   7.8546900e-03   3.0165194e-02   5.9672471e-03
   1.5139820e+00   2.6091173e-01  -8.1384083e-02   7.9516132e-03   3.1513451e-02   4.9888945e-03
   1.5170078e+00   3.0142930e-01  -2.1732604e-01   8.7467599e-03   3.0850742e-02   5.7668748e-03
   1.5259162e+00   3.1776000e-01  -7.9401215e-02   7.8153480e-03   3.1450705e-02   5.2199437e-03
   1.5288712e+00   2.1495778e-01  -1.9249888e-01   7.1646512e-03   3.1118186e-02   5.6353834e-03
   1.5245968e+00   3.0075603e-01  -9.4617130e-02   7.3933999e-03   3.0865443e-02   5.8548177e-03
   1.5309528e+00   1.5306871e-01  -1.8896951e-01   6.1091520e-03   3.1408157e-02   5.3559429e-03
   1.5226580e+00   3.1047347e-01  -1.5342124e-01   7.7736729e-03   3.0869886e-02   5.5508740e-03
   1.5410859e+00   1.9024959e-01  -9.9778081e-02   6.1982870e-03   3.2056836e-02   4.3370193e-03
   1.5331754e+00   3.0530259e-01  -1.9806233e-01   8.1718974e-03   3.1153066e-02   5.7136878e-03
   1.5308383e+00   2.7770124e-01  -5.4919927e-02   6.8754746e-03   3.1771713e-02   4.9890861e-03
   1.5538616e+00   2.1130588e-01  -2.1838558e-01   6.9721292e-03   3.1313952e-02   5.7420221e-03
   1.5331357e+00   3.0545136e-01  -1.9515979e-01   6.7432706e-03   3.1209387e-02   5.4806462e-03
   1.5744495e+00   2.4993695e-01  -4.4091650e-01   5.6408724e-03   3.1873059e-02   4.6446508e-03
   1.5550184e+00   3.2809994e-01  -2.7362936e-01   6.6600390e-03   3.0824882e-02   5.8225705e-03
   1.4898866e+00   3.0990812e-01  -2.1834168e-01   7.1519064e-03   2.9875659e-02   5.8741894e-03
   1.4728567e+00   2.5190308e-01  -2.7612482e-01   7.2849157e-03   2.9594159e-02   5.7667509e-03
   1.5457851e+00   3.7864146e-01  -8.1936081e-02   9.9575652e-03   3.1701610e-02   4.0149520e-03
   1.5361496e+00   2.1854679e-01  -2.3758504e-01   7.1137495e-03   3.2156953e-02   5.1955647e-03
   1.4976336e+00   3.0588201e-01  -2.7436881e-01   8.2990188e-03   3.0979886e-02   5.5970393e-03
   1.4551188e+00   3.9542846e-01  -1.3668767e-01   9.3265708e-03   3.0756971e-02   4.9763026e-03
   1.4278131e+00   2.6678207e-01  -2.2810946e-01   8.6261950e-03   3.0297890e-02   4.7211884e-03
   1.4235401e+00   3.9436362e-01  -1.5048807e-01   9.0515461e-03   3.0737731e-02   4.2478474e-03
   1.4497744e+00   2.3153713e-01  -1.7569038e-01   8.2687643e-03   3.0687436e-02   4.4283920e-03
   1.4080165e+00   3.4061912e-01  -1.7088719e-01   9.0455245e-03   2.9890288e-02   4.8017213e-03
   1.4277004e+00   1.8608054e-01  -2.7902670e-02   6.9418168e-03   3.0764337e-02   3.7453836e-03
   1.3250431e+00   3.0050046e-01  -6.7517337e-02   8.2157841e-03   2.8629060e-02   3.4110842e-03
   1.3112492e+00   1.6778414e-01  -2.4326165e-01   7.7625249e-03   2.7576469e-02   4.5491944e-03
   1.3195740e+00   2.2451072e-01  -5.9656386e-02   7.2712046e-03   2.8430480e-02   4.0301501e-03
   1.3311508e+00   2.5741609e-01  -1.9331483e-01   8.1723350e-03   2.8346365e-02   4.6255791e-03
   1.3364636e+00   2.7723062e-01  -9.0751559e-02   7.9121284e-03   2.8986372e-02   4.2766388e-03
   1.3592884e+00   2.4478435e-01  -1.6354895e-01   8.4815648e-03   2.8558681e-02   4.9719401e-03
   1.3799800e+00   2.5797133e-01  -9.1547816e-02   7.5222867e-03   2.9159109e-02   5.0421935e-03
   1.3724551e+00   1.8053410e-01  -1.7857610e-01   7.0809897e-03   2.9209569e-02   4.8573605e-03
   1.3399820e+00   2.8377187e-01  -1.7595308e-01   7.9450782e-03   2.8562736e-02   5.3796435e-03
   1.4102976e+00   1.5210793e-01  -1.3496840e-01   6.0874960e-03   2.9827545e-02   5.0207465e-03
   1.3969274e+00   2.8720781e-01  -1.7220264e-01   7.9803218e-03   2.9290143e-02   5.7334231e-03
   1.3733434e+00   2.1480063e-01  -8.3396213e-02   6.7302481e-03   2.9293306e-02   5.3793904e-03
   1.3447083e+00   2.3101039e-01  -1.7514097e-01   7.6206303e-03   2.8693871e-02   5.8305072e-03
   1.3562847e+00   3.0956821e-01  -1.0934697e-01   7.9971147e-03   2.9353822e-02   5.6648859e-03
   1.3681645e+00   1.8247740e-01  -2.0344059e-01   7.1389823e-03   2.8950692e-02   5.7662176e-03
