   0.0000000e+00   0.0000000e+00   0.0000000e+00   0.0000000e+00   0.0000000e+00   0.0000000e+00
  -2.2546080e-02  -9.1166623e-02  -5.0467441e-01  -8.2105901e-04  -1.4392387e-03  -1.4290328e-04
  -6.3419009e-05   4.1774314e-02  -4.2992245e-01  -9.1098667e-04  -9.9835849e-04  -5.8004278e-04
   3.2586776e-02   7.6235752e-02  -4.1709477e-01  -7.4997761e-04  -3.3582858e-04   2.1232788e-04
   5.8293004e-02   1.1186732e-01  -2.2546821e-01  -2.9305896e-03   7.0992536e-05   4.3292275e-04
   5.6483675e-02   1.5590281e-02  -4.0457451e-02  -3.9557588e-03   1.3843135e-03   1.4161565e-04
   5.4839592e-02   1.9115076e-01  -3.0650047e-02   4.3013659e-04   7.6360062e-04   2.0319689e-04
  -5.9689920e-02  -1.1373342e-02  -1.9274156e-01  -2.0699349e-03  -7.7453824e-04  -6.4218957e-04
   1.2112092e-02   2.4787194e-01  -1.4171513e-02   3.8464399e-04  -7.1472268e-05   1.7834449e-04
   5.1290193e-02   6.6432932e-02  -4.8318151e-01  -1.4759906e-03   5.4624603e-06  -1.8267451e-04
   5.1910484e-02   1.0466835e-01  -5.1948197e-01  -2.2149944e-03   5.0446987e-04  -5.7179052e-04
   5.8037138e-02   7.0573875e-02  -8.2187448e-02  -4.7129665e-03   1.5851040e-03  -5.1388153e-04
   9.6486313e-02   1.4457673e-01  -2.5773832e-01   3.7347725e-05   1.5930641e-03   6.2016170e-04
   7.7236034e-02   8.7218679e-02  -5.6126008e-01  -1.5662571e-03   9.0187238e-04  -3.3139246e-04
   5.1880756e-02  -1.1176392e-02  -3.4872297e-01  -4.6684828e-03   8.8253265e-04  -7.5790462e-04
   5.0287993e-02   1.0126020e-01  -3.0843486e-01  -1.6329108e-03   6.0583164e-04  -8.5911746e-05
   6.4476319e-02  -1.1349164e-01  -1.0743262e-01  -8.0523048e-03   1.1490976e-03  -2.0414956e-04
   6.7912345e-02   1.7971136e-01   1.4468043e-01  -3.1683562e-03   7.8878372e-04   1.1874648e-04
   1.4893599e-02  -9.0529150e-02  -3.5887465e-01  -4.9698043e-03  -4.3537435e-04  -4.2102124e-04
  -3.8903633e-03  -3.2260863e-02  -3.1033823e-01  -5.3706823e-03  -3.3257853e-04  -1.0534483e-03
   6.5888670e-03   4.2651433e-02  -2.2641655e-01  -3.0985678e-03   1.0580377e-04  -1.0313452e-03
  -7.1737693e-03  -3.0048914e-02  -4.7972604e-01  -2.0554570e-03   5.1872317e-04  -1.0528219e-03
   1.9464026e-02  -1.9629786e-02  -2.4829106e-01  -6.5796655e-03   8.6675338e-04  -4.9668075e-04
   1.3525330e-01   2.2299824e-01   3.9431214e-01  -5.4368370e-03   2.6283078e-03   1.1516950e-03
   9.6682468e-02  -8.6743711e-02  -2.1063230e-01  -2.0935579e-03   8.6159548e-04   1.6124399e-03
   3.5525540e-02  -3.8462890e-02  -3.9341930e-01  -1.7919142e-03   5.3935451e-04   5.0504680e-04
   1.2106894e-02   7.5334703e-03  -3.7782009e-01  -1.4113802e-03   6.8137623e-05  -1.6963789e-05
   2.6465711e-02   4.8653402e-02  -5.3251514e-01  -1.7532493e-03   9.9350402e-05  -4.5189668e-04
   5.2221041e-02  -3.5335374e-02  -3.8529618e-01  -4.5337208e-03   1.0192863e-03  -2.5103495e-04
   8.2171650e-02   1.1511610e-01  -1.7164766e-01  -2.9357019e-03   1.1664634e-03   2.3838849e-04
   5.4635021e-02  -2.0007592e-02  -2.7524615e-01  -4.9695971e-03   1.2303161e-03  -6.5650288e-04
   4.1111732e-02   2.5419689e-02  -3.9236630e-01  -4.0015378e-03   1.4103511e-03  -9.6404102e-04
   6.5218714e-02   3.6081424e-02   1.5087499e-01  -5.5116233e-03   1.9686736e-03  -1.2797402e-04
   7.5032929e-02   2.3864740e-02  -1.7011629e-01  -2.4532915e-03   1.9263969e-03   4.1235708e-05
   6.9691174e-02  -1.4292707e-02  -4.3559448e-01  -3.4503467e-03   2.6084774e-03  -8.8578165e-04
   8.0368982e-02  -4.9863662e-03  -3.9321843e-01  -4.1600779e-03   3.1929405e-03  -1.0221792e-03
   5.0346116e-02   1.2649743e-02  -6.9984567e-02  -4.9442001e-03   2.5065246e-03  -1.5088331e-03
   6.1999962e-02  -1.6782664e-02  -3.7491782e-01  -2.8250316e-03   2.0970456e-03  -8.6221821e-04
   8.3223530e-02  -3.9579353e-02  -1.3833442e-01  -6.4817526e-03   3.2549936e-03  -4.6196397e-04
   8.6392027e-02   6.2880916e-02  -3.0108689e-01  -3.7528030e-03   2.3140184e-03   4.0851860e-05
   8.5530868e-02  -4.6629153e-02  -3.9781006e-01  -5.8387057e-03   2.0446081e-03  -3.7173817e-04
   1.2584885e-01   1.7009050e-01   1.1224014e-01  -2.5288263e-03   3.1836166e-03  -2.6718881e-04
   6.2818455e-02  -8.6459852e-02  -3.7323232e-01  -3.6494806e-03   1.6717028e-03  -3.9020509e-04
   4.8359343e-02   4.1478366e-03  -4.1186111e-01  -3.5673621e-03   1.6158077e-03  -1.2211002e-03
   6.1690384e-02   1.7702854e-02  -4.8971315e-01  -4.3240249e-03   1.7513742e-03  -1.3448758e-03
   5.4193504e-02  -8.2460957e-02  -3.5072987e-01  -7.5925282e-03   9.2153938e-04  -1.2135838e-03
   2.3115727e-02   7.6843093e-02  -2.9059906e-01  -2.6908397e-03   1.6553103e-04  -7.9208303e-04
   2.3526406e-02  -6.1303031e-02  -4.9294303e-01  -5.8836376e-03   2.9431777e-04  -1.5377421e-03
   4.6684549e-02   1.7487447e-01   7.5471280e-02  -3.4871360e-03  -5.2093923e-04  -9.8030099e-04
   7.2667351e-03  -6.2050205e-02  -4.9087355e-01  -1.9708210e-03  -1.3159034e-03  -1.1456089e-03
   1.5810173e-02   5.1559074e-02  -6.2191426e-01  -3.5170173e-03  -5.6970071e-05  -1.8305303e-03
   3.8236107e-02   1.1880928e-03  -2.5461134e-01  -6.3621380e-03   5.6096661e-04  -1.2871066e-03
   2.5023936e-02   3.2540515e-02  -3.6358596e-01  -3.4092211e-03   2.5919757e-04  -1.2656714e-03
   9.8609033e-02   1.6946332e-01   1.2836984e-01  -2.9615057e-03   2.2490687e-03  -2.2412429e-04
   2.0662321e-02   1.0843617e-02  -3.0780603e-01  -7.9686578e-04   1.9350497e-04  -8.7793154e-04
   4.0137066e-03   5.2400811e-02  -3.5739610e-01  -4.7207977e-04   1.0305838e-04  -5.4447572e-04
   2.1691412e-02   8.4501670e-02  -2.2511952e-01  -1.1034180e-03   1.0429004e-03  -1.1410872e-03
   4.8522832e-02   8.7551352e-03  -3.7858673e-01  -4.9385081e-03   2.0009317e-03  -1.4622647e-03
   2.3443260e-02   5.4899309e-02  -3.8033322e-01  -2.1308271e-03   1.3682428e-03  -1.6687293e-03
  -2.8006593e-03   1.5402786e-01   1.0118033e-01  -2.9429363e-03   2.2900280e-04  -7.2272953e-04
   4.8851509e-02   4.3453896e-03  -4.0239083e-01  -1.6536989e-03   1.1434594e-03  -6.5725520e-04
   3.3532677e-02   4.5959330e-02  -4.7265908e-01  -1.6350915e-03   1.0861341e-03  -1.2783547e-03
   6.0630309e-02   1.7028945e-01  -3.1262352e-02  -2.0440839e-03   2.0441672e-03  -1.0313888e-03
  -1.4349101e-03   2.5228568e-03  -3.7215430e-01  -2.4562353e-03   1.1079142e-03  -1.7367850e-03
  -3.2531063e-02   6.2094690e-02  -3.7002751e-01  -2.3284809e-03   8.7103939e-04  -2.4421406e-03
  -2.4353095e-02   5.6847920e-02   7.0246562e-02  -3.8219266e-03   1.3849498e-03  -2.2562531e-03
   1.4315953e-02   7.8688266e-02  -1.8592157e-01  -1.8175858e-04   1.7275254e-03  -1.3456031e-03
  -1.6560784e-02   1.7584897e-03  -4.2476297e-01  -3.2331397e-03   9.2311577e-04  -1.8187815e-03
   1.4418703e-02   2.5263538e-02  -3.9611404e-01  -3.8974001e-03   2.4109995e-03  -2.5062166e-03
   1.1774157e-02  -3.0518463e-02  -3.3885459e-01  -4.4289268e-03   2.6757550e-03  -2.7432477e-03
  -3.4594748e-02   6.3542312e-02   2.7572805e-01  -4.7262366e-03   1.8843415e-03  -1.3411939e-03
  -1.6839927e-02   2.7959182e-02  -1.4016313e-01  -2.4962037e-03   1.2149618e-03  -2.2924206e-03
  -1.8278021e-02   6.3035053e-02  -3.8493684e-01  -4.9676314e-03   2.1311471e-03  -3.1935584e-03
   1.7953399e-02   5.0603667e-02  -2.5826231e-01  -4.8305309e-03   3.5332926e-03  -2.3942393e-03
  -1.4854512e-02  -7.8408831e-03   2.4122834e-01  -7.5325602e-03   2.4482865e-03  -1.2146049e-03
  -4.7966426e-02   4.9425699e-02  -9.8406951e-02  -3.5531250e-03   1.2550572e-03  -1.4528611e-03
  -9.8808478e-02   5.6986052e-02  -2.0091682e-01  -3.4824741e-03   5.6026956e-04  -1.8429799e-03
  -6.0336927e-02   1.7919374e-01   3.2220811e-01  -4.3042255e-03   1.7435808e-03  -1.2836943e-03
  -6.6451640e-02  -2.2988706e-02  -2.4201202e-01  -4.0984889e-03   1.2670976e-03  -2.1599021e-03
  -1.1980378e-01   4.7974321e-02  -2.1241936e-01  -4.3176909e-03  -2.3084736e-04  -2.5591183e-03
  -7.8605780e-02   1.9615228e-01   2.8387120e-01  -3.1818316e-03   7.2864123e-04  -1.5918765e-03
  -6.2549452e-02  -9.7837937e-03  -2.1172207e-01  -3.3542727e-03   1.4493043e-03  -1.8868878e-03
  -2.7287596e-02   3.5642242e-02  -2.7510583e-01  -5.0199186e-03   2.9551476e-03  -2.3995403e-03
  -1.3706719e-02  -3.7503316e-02  -1.4672839e-01  -7.5001117e-03   2.6000167e-03  -1.8679254e-03
   9.6016828e-02   5.2239691e-02   1.4435315e-01  -6.6488075e-03   4.9421369e-03  -1.2957472e-03
   1.0338070e-01  -8.4081384e-02  -2.8549720e-01  -7.7046253e-03   5.8664600e-03  -1.5057832e-03
   4.9558208e-02  -2.6437194e-02  -1.7600890e-01  -6.8593161e-03   4.2321058e-03  -1.1222898e-03
   1.6775773e-01   1.8667722e-01   4.6027878e-01  -4.3540223e-03   6.2357025e-03   2.1640286e-03
   1.5172950e-01  -6.4377234e-02  -7.7263090e-02  -3.8111155e-03   4.6123683e-03   1.7594827e-03
   9.1763908e-02   1.7802069e-02  -5.1630811e-02  -2.8879488e-03   4.0443055e-03   5.7924950e-04
   7.2024334e-02   1.0373985e-02  -1.3242547e-01  -3.9828809e-03   5.1886113e-03  -6.7164351e-04
   1.4154333e-01   8.4101491e-03  -3.3808648e-01  -5.7845404e-03   6.1716660e-03  -5.5549015e-04
   1.5395413e-01  -6.4975370e-03  -2.2912218e-01  -6.1427268e-03   5.9875879e-03  -2.3113575e-04
   1.3758372e-01   1.9287277e-01   1.9558936e-01  -2.5560920e-03   5.8991006e-03   1.1724406e-03
   1.7021676e-01  -1.4523848e-02  -3.0559591e-01  -5.1416934e-03   6.9428550e-03   1.8510303e-04
   1.6998906e-01   3.5542802e-02   1.6305085e-01  -7.5667724e-03   6.4826346e-03   6.3011694e-04
   1.6237826e-01  -4.1310006e-02  -2.9835571e-01  -6.1567217e-03   6.2975619e-03   5.6019798e-04
   1.6213517e-01  -1.4479536e-02  -2.6973768e-01  -6.9581371e-03   6.4790916e-03  -7.4456858e-05
   1.5245439e-01   5.0269181e-02   1.1595338e-01  -7.5116949e-03   6.1207020e-03  -2.5996928e-07
   1.9010213e-01   8.6882445e-02  -2.3753828e-02  -5.4237132e-03   5.8400814e-03   1.5557158e-03
   2.2105641e-01  -6.7901554e-02  -3.8197488e-01  -8.0788207e-03   7.4931158e-03   1.2776104e-03
   2.3973137e-01  -4.1446968e-02  -2.8215611e-01  -9.5897377e-03   8.3612672e-03   1.5232826e-03
   2.2915568e-01   3.6948635e-02  -2.0939130e-01  -5.9664099e-03   7.8705584e-03   1.3721590e-03
   3.1073925e-01  -5.4631738e-02   4.1012823e-01  -1.0808935e-02   9.5672759e-03   2.2290388e-03
   1.8634195e-01  -5.8055763e-02  -7.0878891e-03  -5.9644241e-03   6.8030921e-03   6.5180052e-04
   1.8004367e-01  -3.6185833e-02  -1.6573922e-01  -6.5430320e-03   6.8817339e-03   3.1799356e-04
   4.3455834e-02   1.9702184e-01   4.2686897e-01  -4.4862024e-05   3.1965799e-03   2.5084720e-03
   2.0345951e-01   8.1885000e-02   7.9968367e-02  -6.9216021e-04   6.2416308e-03   1.3932422e-03
   1.2834584e-01   1.1833373e-02  -1.5210904e-01  -1.7352173e-03   5.8569181e-03   1.0099104e-03
   1.2368250e-01   4.8092868e-02  -1.3956361e-01  -2.3036585e-03   6.4664055e-03   6.8040656e-04
   1.2817629e-01   2.9925387e-02  -6.9119322e-02  -4.3049212e-03   6.9195859e-03   8.9591942e-05
   1.2296477e-01   2.1896223e-01   2.3856912e-01  -8.2165497e-04   4.8395920e-03   8.8136488e-04
   1.0930321e-01  -1.4825466e-02  -9.0982913e-02  -1.4081222e-03   4.0553841e-03   1.3154081e-03
   7.5824827e-02   1.0389240e-01  -2.8758636e-02  -9.3479515e-04   4.4739873e-03   5.5674654e-04
   1.3103715e-01   3.9599381e-02  -5.4991114e-02  -4.7851179e-03   5.6861983e-03   6.7259580e-04
   1.3549431e-01   2.1280449e-01   2.0084102e-01  -1.1548653e-03   5.6782622e-03   1.1942375e-03
   7.5757609e-02   5.8962320e-02  -9.3440800e-02  -1.1276738e-03   5.3053187e-03   8.1463970e-05
   1.0534135e-01  -1.6923121e-02   2.4099702e-01  -5.6986348e-03   5.0113492e-03   1.2431905e-03
   1.2648744e-01   1.1218521e-01   1.4028073e-01  -2.1425393e-03   4.5759993e-03   1.3629886e-03
   1.0176009e-01   5.2116349e-02  -1.5747369e-01  -2.7623939e-03   4.7602205e-03   5.3069422e-04
   1.1224203e-01  -5.0085577e-02   1.6487495e-01  -7.7031855e-03   5.4375640e-03   3.5625336e-04
   1.1120029e-01   1.3026215e-01   3.0683360e-01  -4.7579654e-03   5.2039666e-03   5.7009195e-04
   1.3240433e-01   2.1102022e-02  -6.6534390e-02  -5.9152881e-03   5.6500941e-03   1.2034691e-04
   9.4301056e-02   1.9355932e-02   1.7888981e-01  -5.4414224e-03   4.4478048e-03   2.3240533e-04
   1.2632152e-01   1.5492660e-01   3.5948009e-01  -2.2153943e-03   3.3076195e-03   1.7918035e-03
   8.6194243e-02  -9.8841590e-03  -9.1576830e-02  -3.1283718e-03   3.1824637e-03   4.6066147e-04
   8.7595740e-02   3.1079417e-02  -1.4924701e-03  -6.0997835e-03   4.1227029e-03  -1.5746975e-04
   1.3759823e-01   2.0245505e-01   3.5121813e-01  -5.4240751e-03   5.2078777e-03  -2.3306353e-06
   1.6663513e-01   1.2590089e-01  -7.6546954e-03  -2.3037227e-03   5.4402955e-03  -5.0680128e-04
   1.1517261e-01   7.7894397e-02  -4.2426622e-02  -3.2613287e-03   5.3904560e-03  -4.9232169e-04
   1.0920181e-01   1.1995164e-01  -1.0157792e-01  -2.5602025e-03   5.1039849e-03  -4.4389715e-04
   1.2328367e-01  -2.0060652e-02   2.4343307e-01  -8.3247296e-03   5.7048083e-03  -8.8031678e-04
   8.4567351e-02   1.6370078e-01   1.9405595e-01  -3.0870777e-03   4.4311716e-03  -7.6047223e-05
   1.1412136e-01   1.0656785e-01  -2.4699418e-01   1.0297409e-05   4.0311199e-03  -6.4827313e-05
   1.5166678e-01   2.0316960e-01  -1.1083326e-01  -9.4266459e-04   6.2443938e-03   4.0308658e-05
   1.4789101e-01   1.2677007e-01   7.2232616e-02  -3.9499810e-03   5.9031126e-03  -2.4439439e-04
   1.0335942e-01   1.0492278e-01  -7.4972157e-02   2.4714412e-04   3.5818101e-03  -5.2487745e-04
   1.6541796e-01   7.0964634e-02  -5.0245122e-03  -4.3971766e-03   4.6237410e-03   5.6171956e-05
   2.2707961e-01   1.2533252e-01  -2.3585148e-01  -6.0475704e-04   6.2175583e-03   4.8663044e-04
   1.9014763e-01   1.7672203e-01   4.0738712e-01  -3.4801588e-03   5.6067596e-03   7.3349112e-04
   2.0038957e-01   2.4992960e-01   3.5628201e-01  -1.5607522e-03   6.2247255e-03   1.0384523e-03
   2.1305740e-01   1.1252572e-01  -8.9032831e-02   1.7942897e-03   5.5610920e-03   2.3569360e-03
   2.5992471e-01   1.3588079e-01  -3.2958476e-02   9.2479556e-05   7.4810112e-03   1.2100112e-03
   2.4551013e-01   1.4279076e-01   5.5996534e-02   1.0995750e-05   7.7242742e-03   1.6700054e-03
   1.8643547e-01   1.6409791e-01  -2.1968599e-02   2.7148971e-04   6.4148276e-03   1.5018056e-04
   2.1024718e-01   1.9067201e-01  -3.7746988e-02  -2.7762290e-04   6.8451137e-03   5.3638742e-04
   1.4607924e-01   4.3834484e-02  -3.2555164e-01   2.9242768e-03   7.8451383e-03   3.8656761e-05
   1.1741774e-01   9.2309064e-02  -1.0308974e-01   1.2882623e-03   4.6270739e-03   1.0483850e-03
   1.8300902e-01   5.7440684e-02   1.4409811e-01  -4.0797706e-03   6.1727236e-03   5.2825457e-04
   2.5295850e-01   1.9992594e-01   3.2097344e-01  -2.3968106e-03   7.9593202e-03   1.1020928e-03
   2.1542895e-01  -6.9383736e-02   1.6767261e-01  -5.8789511e-03   7.5921981e-03   8.1484882e-04
   2.1103409e-01   1.8949193e-01   2.4529041e-01   2.2535802e-05   6.6154396e-03   1.1790372e-03
   2.4572033e-01   4.9398635e-02  -2.7251195e-01   1.3018689e-03   7.9572554e-03   5.5993329e-04
   1.9505756e-01   1.1051614e-01  -6.2840962e-02  -6.1120560e-04   7.2570316e-03   3.4305914e-04
   2.4774941e-01   3.2509394e-01   2.4346379e-01   1.0986772e-04   7.1652495e-03   1.1838394e-03
   2.7435732e-01   1.0271392e-01  -5.4661446e-02  -3.8086270e-03   7.5340414e-03   7.9248930e-05
   3.0159305e-01   1.1544053e-01   3.2492286e-01  -6.5956173e-03   8.4179552e-03   4.5994003e-04
   3.0066943e-01   3.4376339e-01   7.7236650e-01  -4.6998152e-03   9.2250739e-03   1.4394255e-03
   3.0009341e-01   1.2419751e-01   2.5963833e-01  -4.6937583e-03   8.8741414e-03   1.9808577e-04
   2.9169648e-01   2.4869554e-01   2.4325753e-01  -3.7213989e-03   9.1547613e-03  -7.0658775e-04
   3.0098596e-01   2.8629403e-01   1.6038420e-01  -4.6726154e-03   9.8260276e-03  -3.7840656e-04
   2.5747806e-01   3.2120276e-01   4.4361555e-02  -1.8891810e-03   8.1983164e-03  -7.3457322e-04
   2.1789583e-01   2.3021006e-01   3.0715204e-01  -5.7035380e-03   7.9203489e-03  -1.1260952e-03
   2.3421159e-01   4.4487349e-01   8.8851939e-01  -4.0697906e-03   8.4061076e-03  -3.8276685e-04
   1.7745752e-01   9.5338250e-02   1.4211489e-01  -3.9213604e-03   5.0295597e-03  -6.0952968e-04
   1.3964626e-01   2.2436112e-01   7.6067026e-02  -3.0276467e-03   3.8870416e-03  -1.2716499e-03
   1.3903685e-01   2.9035899e-01  -2.7105616e-02  -1.4276802e-03   4.7291617e-03  -1.8783671e-03
   1.3979239e-01   3.0152340e-01  -3.9519021e-02  -2.5441925e-03   4.5129259e-03  -1.8262173e-03
   1.7313846e-01   3.8863237e-01   6.3938909e-01  -2.6680495e-03   5.5408555e-03  -3.2128611e-04
   1.4636605e-01   2.5964268e-01  -3.8087711e-02  -9.0235880e-04   3.8786188e-03  -1.0752824e-03
   1.2742112e-01   3.4892113e-01  -9.6557497e-02   1.2210719e-04   4.4731398e-03  -1.8475892e-03
   1.6723470e-01   4.3876182e-01   2.5728601e-01  -1.0786441e-03   5.4401527e-03  -1.2278692e-03
   1.4846955e-01   3.5726330e-01  -1.6092559e-01  -2.5792235e-04   4.7428525e-03  -1.5758228e-03
   1.3138862e-01   3.7230360e-01  -1.3525749e-01  -1.9452357e-03   4.5655466e-03  -1.9256820e-03
   1.8105660e-01   1.7438198e-01   7.8357108e-01  -6.3373938e-03   5.8906902e-03  -2.8580748e-04
   2.0014509e-01   1.1300596e-01   1.8645116e-01  -3.8300842e-03   5.3034198e-03  -4.4027545e-04
   1.7469643e-01   2.3271957e-01   3.5089918e-02  -2.1788383e-03   5.5365023e-03  -1.2032691e-03
   1.7424096e-01   2.5692816e-01  -1.4074642e-01  -2.7046971e-03   5.4715174e-03  -1.4556322e-03
   1.9678346e-01   1.0551062e-01   7.0024430e-01  -7.6517102e-03   5.7544041e-03  -7.2498434e-04
   1.4416122e-01   1.0302421e-01   3.3072404e-01  -5.8584387e-03   3.9752537e-03  -8.4737773e-04
   1.4423657e-01   1.9028830e-01   9.8710568e-02  -3.6585006e-03   4.1056364e-03  -1.3770602e-03
   1.6635412e-01   2.2907067e-01   7.8953869e-02  -3.6100492e-03   5.2303291e-03  -1.2052415e-03
   1.9750456e-01   1.6755540e-01   1.5060441e-01  -6.3928536e-03   6.4935111e-03  -1.7122617e-03
   1.9260191e-01   3.6871492e-01   6.3160717e-01  -4.2992629e-03   6.1334463e-03  -1.3465255e-03
   1.8990396e-01   1.2607234e-01   3.7554123e-02  -3.2552950e-03   6.0026289e-03  -9.1221128e-04
   1.7761284e-01   2.2149263e-01   6.1248360e-02  -2.3530355e-03   5.7502414e-03  -1.7454655e-03
   2.1297597e-01   1.9374324e-01   4.0740866e-01  -4.6462861e-03   7.2804628e-03  -1.3877214e-03
   2.4210531e-01   2.0683036e-01   1.7167560e-01  -2.7195117e-03   7.3396389e-03   4.8771979e-05
   2.4337612e-01   2.4542801e-01   1.1685935e-01  -3.0567049e-03   7.4694393e-03  -3.3426361e-04
   4.6973027e-02   5.2039268e-01  -2.2926292e-01  -2.7810350e-03   8.2322696e-03   3.2078444e-03
   3.5430816e-01   1.9488118e-01   5.9339391e-01  -9.4752401e-03   1.0869584e-02   2.5420533e-03
   4.0092438e-01   1.5641719e-01   4.1062879e-01  -7.1064295e-03   1.2031376e-02   1.9733813e-03
   3.7460056e-01   3.0345066e-01   4.9022998e-01  -5.2533179e-03   1.0486119e-02   3.3485440e-03
   3.0170536e-01   1.6155082e-01   2.9825717e-01  -6.7315254e-03   8.5633866e-03   1.6446134e-03
   3.6017034e-01   2.8690454e-01   1.7182221e-01  -3.4703955e-03   1.0126987e-02   2.8692876e-03
   3.3597683e-01   2.3019007e-01  -4.5077215e-02  -4.3200597e-03   9.3354083e-03   2.2376296e-03
   3.7019170e-01   3.2160020e-01   3.1733708e-01  -4.6685642e-03   1.0560525e-02   2.2216287e-03
   3.4494509e-01   2.3374787e-01   2.7263367e-01  -5.4595985e-03   1.0192355e-02   2.1339384e-03
   4.5671732e-01   5.6097401e-01   7.2954009e-01  -1.4683349e-03   1.2555979e-02   3.7423271e-03
   4.3345213e-01   2.1651646e-01  -1.1237403e-01  -1.9798862e-03   1.1232524e-02   4.0733682e-03
   3.3461352e-01   3.2702645e-01  -1.6043296e-01  -6.1596454e-04   9.6387696e-03   3.3441295e-03
   3.8931268e-01   3.1764660e-01  -1.2396932e-01  -8.9984904e-04   9.5927624e-03   3.2714606e-03
   4.4299540e-01   2.7907853e-01  -2.2201215e-01  -7.2186354e-04   1.0609068e-02   4.7517789e-03
   4.1357767e-01   3.9728778e-01   4.1995187e-02   1.0720760e-03   9.7003978e-03   5.5370581e-03
   4.1991317e-01   2.8729854e-01  -3.7737736e-01   5.7901791e-04   9.3961391e-03   5.1547511e-03
   3.4700657e-01   1.8763422e-01   3.1355749e-02  -3.9417437e-03   8.0828041e-03   4.4563167e-03
   4.1110118e-01   4.1152849e-01   5.6897940e-01  -3.8491063e-03   9.6642532e-03   4.8955458e-03
   4.5224935e-01   1.4675049e-01  -3.0226148e-01  -3.9102072e-03   9.8344094e-03   5.6560580e-03
   4.6768650e-01   2.8949322e-01  -3.4355434e-01  -1.8403954e-03   9.9170766e-03   6.3261729e-03
   4.4500074e-01   2.8696856e-01  -3.9997543e-01  -1.8246451e-04   9.5577597e-03   5.5282894e-03
   4.5684157e-01   3.5502469e-01  -3.7640215e-01   1.1972044e-03   9.5389411e-03   5.9750498e-03
   4.7560221e-01   2.3660688e-01  -8.6783346e-02  -4.0539027e-03   9.8866685e-03   6.3057871e-03
   5.0912999e-01   3.8900208e-01  -7.7976309e-02  -6.3333617e-04   1.0656732e-02   6.5837987e-03
   5.1387398e-01   3.2047893e-01  -3.4983623e-01  -7.6006685e-04   1.0463417e-02   6.9664130e-03
   5.1338309e-01   3.5453842e-01  -1.4217763e-01  -2.2773407e-03   1.0897203e-02   6.6182785e-03
   5.3634646e-01   3.2709817e-01  -3.1681455e-01  -1.6335135e-03   1.1477320e-02   7.0188504e-03
   5.2566513e-01   4.1487212e-01  -6.4458789e-02  -2.0972499e-03   1.1293835e-02   6.5853815e-03
   5.0179832e-01   2.7009291e-01  -2.7552890e-01  -3.3955441e-03   1.0848100e-02   6.0340528e-03
   5.4114067e-01   4.3870228e-01  -4.9913403e-03  -1.3512967e-03   1.1471808e-02   6.9095639e-03
   5.0910186e-01   2.9957645e-01  -3.9032469e-01  -8.5686985e-04   1.0649385e-02   6.8296067e-03
   4.7520185e-01   4.6216188e-01   2.0336973e-01  -1.6563132e-03   1.0715037e-02   5.4518309e-03
   4.2145521e-01   2.0839805e-01  -2.9929377e-01  -2.2656599e-03   1.0052684e-02   5.2341414e-03
   4.8712752e-01   3.0916247e-01  -3.8953276e-01  -2.2101924e-03   1.1347974e-02   6.1990916e-03
   4.9956094e-01   3.6122491e-01   4.6150234e-01  -2.9731416e-03   1.2446447e-02   6.3414499e-03
   6.0318366e-01   4.7473832e-01   5.8280456e-01  -7.9769175e-04   1.4681755e-02   6.8394556e-03
   5.6590192e-01   2.0400326e-01  -2.4346443e-01  -1.5785360e-03   1.3351658e-02   7.1849687e-03
   5.4500735e-01   3.1319425e-01  -2.9875756e-01  -5.2408067e-04   1.1837699e-02   6.6639280e-03
   5.3423464e-01   3.6372814e-01  -2.8458464e-01   4.9944157e-04   1.2121738e-02   6.7925358e-03
   5.5465833e-01   3.7476481e-01  -3.0061980e-01  -6.1501741e-04   1.2548813e-02   7.2622558e-03
   5.7234278e-01   3.2926555e-01  -3.6174965e-01  -2.3360387e-03   1.2619733e-02   7.5592319e-03
   5.1049844e-01   3.8704790e-01  -2.2150024e-01  -1.0658529e-03   1.0983081e-02   7.2965677e-03
   5.6592993e-01   3.0125211e-01  -3.7466155e-01  -2.6799886e-03   1.2476751e-02   7.3270353e-03
   5.9114664e-01   4.1347769e-01  -2.6187577e-01  -1.5277842e-03   1.3138656e-02   7.5321863e-03
   5.7705767e-01   1.7532391e-01  -5.6476127e-02  -5.8778003e-03   1.2960324e-02   6.8887775e-03
   5.4518641e-01   5.2650152e-01   1.4573692e-01   9.1048867e-04   1.2499298e-02   7.3131953e-03
   5.7145031e-01   2.6088252e-01  -4.6647177e-01  -1.4103597e-03   1.2855015e-02   7.3052190e-03
   5.8190559e-01   3.4259395e-01  -2.9333713e-01  -1.8261967e-03   1.2800333e-02   7.2997980e-03
   5.5225952e-01   3.8371519e-01  -3.4182408e-01   1.1802826e-03   1.2364558e-02   7.3302353e-03
   4.7861422e-01   1.3765615e-01  -1.0849328e+00   3.4397234e-03   1.2661350e-02   7.2471270e-03
   3.4904679e-01   7.9028941e-02  -7.1814060e-01  -2.4849595e-03   1.1356407e-02   6.3286915e-03
   3.9151692e-01   3.1699647e-01  -2.0055411e-01   4.3952385e-04   1.0613381e-02   4.3299324e-03
   5.0267429e-01   2.2975319e-01   2.1485729e-02  -4.2881124e-03   1.2899385e-02   5.4010419e-03
   5.9146971e-01   2.4129651e-01  -4.6387713e-01  -7.8497542e-04   1.4471514e-02   6.5298526e-03
   5.8008590e-01   2.6347835e-01  -3.2439283e-01  -2.0113262e-03   1.3532564e-02   6.6306142e-03
   6.2017491e-01   2.8470426e-01  -4.8435937e-01  -1.1579296e-03   1.4366617e-02   7.6237188e-03
   6.2079882e-01   3.2202796e-01  -5.0950413e-01  -7.1331463e-04   1.4333993e-02   7.4874217e-03
   4.8645325e-01   4.6507618e-01   3.6856206e-02   1.9949192e-03   1.2133878e-02   5.1705683e-03
   5.1125039e-01   2.3416937e-01  -3.5698554e-01  -5.8113815e-04   1.2196298e-02   6.0040042e-03
   5.4753480e-01   3.0220794e-01  -4.3820163e-01   5.6242425e-05   1.2572062e-02   6.3461190e-03
   5.7211836e-01   2.8714094e-01  -2.3101742e-01  -7.9025292e-04   1.3648707e-02   6.4207453e-03
   6.6456812e-01   5.0371613e-01   1.2749329e-01   2.7606786e-03   1.5919925e-02   7.2570533e-03
   5.7739587e-01   3.2005331e-01  -5.7531740e-01   3.4145097e-03   1.2961027e-02   7.0825142e-03
   6.1391972e-01   3.2847922e-01  -5.1319654e-01   1.3569851e-03   1.4173616e-02   7.1092437e-03
   6.3333295e-01   4.4055089e-01  -3.0110133e-01   2.5194934e-03   1.4961584e-02   7.0473458e-03
   6.3976734e-01   3.4657103e-01  -3.9631511e-01   1.6563258e-03   1.5334868e-02   7.1650307e-03
   7.0068672e-01   5.7570384e-01  -4.1065450e-02   3.2107263e-03   1.6937718e-02   7.6078381e-03
   6.8717899e-01   3.4062178e-01  -5.6897471e-01   2.4422147e-03   1.6426742e-02   7.7561247e-03
   6.6661642e-01   4.0318912e-01  -5.3852433e-01   2.5620209e-03   1.5301301e-02   7.9074604e-03
   5.1522161e-01   6.4726044e-02   1.8305192e-01  -1.0666969e-02   1.3178213e-02   5.9390058e-03
   6.1324481e-01   3.5627671e-01   4.3638558e-02  -3.9768782e-03   1.3720816e-02   6.2026109e-03
   6.1846250e-01   1.8844874e-01  -3.8234053e-01   1.3969938e-03   1.3884736e-02   7.3400882e-03
   6.1670616e-01   3.5761658e-01  -5.1654845e-01   2.2285121e-03   1.3965886e-02   7.2758547e-03
   6.3337189e-01   4.1228724e-01  -5.3310670e-01   4.8153510e-03   1.4541272e-02   7.6667415e-03
   6.6297625e-01   4.5067954e-01  -4.8352850e-01   5.3645694e-03   1.5671923e-02   7.7987188e-03
   6.4819619e-01   3.8150924e-01  -5.1165658e-01   3.0616042e-03   1.5092064e-02   7.9352998e-03
   6.7344628e-01   3.0781333e-01  -5.6705852e-01   1.3851126e-03   1.6129917e-02   8.3687011e-03
   6.0872330e-01   2.1181618e-01  -2.9729254e-01  -2.0647451e-03   1.5477969e-02   4.9848262e-03
   7.1275715e-01   3.9119673e-01   1.1783299e-01   1.1617599e-03   1.7622210e-02   6.4426713e-03
   6.3213471e-01   2.3059406e-01  -2.9879018e-01   1.0476642e-03   1.5861052e-02   6.4605432e-03
   6.6689411e-01   3.4601239e-01  -3.9417860e-01   1.7493503e-03   1.6197102e-02   6.7534235e-03
   6.6803328e-01   3.4876041e-01  -5.0119985e-01   3.0872516e-03   1.6330400e-02   6.5695996e-03
   6.7435742e-01   4.5888814e-01  -1.0125739e+00   7.7858839e-03   1.7830840e-02   6.8951957e-03
   5.8953200e-01   4.5599748e-01  -6.5128581e-01   5.5590752e-03   1.3468181e-02   6.4766271e-03
   5.8785845e-01   3.3368957e-01  -3.2833012e-01  -5.7765503e-04   1.3894753e-02   6.1587047e-03
   6.7109854e-01   4.7699354e-01  -3.7243346e-01   3.6034319e-03   1.5946018e-02   8.1967023e-03
   7.0604739e-01   4.2168803e-01  -5.8455112e-01   1.8882184e-03   1.7300822e-02   7.3664537e-03
   6.8798896e-01   5.0484582e-01  -4.1744229e-01   5.1380863e-03   1.6792175e-02   7.8768322e-03
   6.9981293e-01   4.6982845e-01  -6.7625727e-01   5.1812588e-03   1.7162704e-02   7.3912971e-03
   7.1299135e-01   6.5265564e-01  -4.0232387e-01   6.9460272e-03   1.7547562e-02   7.3590496e-03
   7.2504420e-01   5.3708534e-01  -7.8329509e-01   7.1461528e-03   1.7979754e-02   7.8977477e-03
   7.6141049e-01   6.5711972e-01  -3.7705116e-01   3.8802607e-03   1.8207315e-02   7.5838157e-03
   7.0628647e-01   4.1021504e-01  -2.6467268e-01   1.3320655e-03   1.7495996e-02   6.9053956e-03
   7.0378493e-01   5.9951817e-01  -4.6742254e-02   4.7524393e-03   1.7254802e-02   7.2994166e-03
   7.3053690e-01   5.0827741e-01  -3.5239136e-01   4.1595345e-03   1.8433391e-02   7.3145837e-03
   7.1180051e-01   6.6952354e-01  -3.7529210e-01   6.5930539e-03   1.8216450e-02   7.4687445e-03
   6.9032902e-01   7.3107176e-01  -5.5239899e-01   8.9508603e-03   1.7474239e-02   7.0400281e-03
   6.6282283e-01   5.1723746e-01  -1.7509243e-02   1.0532562e-03   1.7480885e-02   5.7850667e-03
   7.4421132e-01   6.8471295e-01  -1.6652186e-01   2.5078999e-03   2.0021176e-02   6.8246098e-03
   7.0894329e-01   5.3066991e-01  -3.9468148e-01   4.2675510e-03   1.7548846e-02   7.8275377e-03
   6.8985405e-01   4.6454552e-01  -5.9886728e-01   3.1361368e-03   1.7442671e-02   6.6012004e-03
   7.0998453e-01   7.3565707e-01  -6.3622881e-02   6.6285502e-03   1.8190368e-02   7.4948183e-03
   7.4249024e-01   5.4894350e-01  -7.2991057e-01   7.8574984e-03   1.8432578e-02   7.9936683e-03
   7.6908167e-01   6.8673384e-01  -7.1598302e-01   7.8394267e-03   1.9710938e-02   8.1555978e-03
   7.7060682e-01   6.8471783e-01  -6.5813095e-01   6.8312664e-03   1.9862035e-02   7.8788660e-03
   7.8213031e-01   7.4470114e-01   3.2251105e-02   4.6961940e-03   1.9922576e-02   8.0283791e-03
   7.8756166e-01   6.5589088e-01  -4.7308426e-01   7.8396370e-03   1.9485420e-02   9.0141960e-03
   7.6250904e-01   7.0036387e-01  -8.0110067e-01   8.4302209e-03   1.9520360e-02   7.7820088e-03
   7.3113297e-01   7.3635085e-01  -7.0112486e-01   9.0782365e-03   1.8402288e-02   7.5862462e-03
   7.1281007e-01   7.5568438e-01  -3.9964002e-01   4.2908162e-03   1.7427673e-02   7.4402012e-03
   7.5445188e-01   9.2404612e-01  -8.4557148e-02   4.3194259e-03   1.8005918e-02   8.2678628e-03
   6.7612864e-01   5.1445427e-01   5.4674755e-01  -2.2662689e-03   1.7576678e-02   6.2848759e-03
   7.1098882e-01   5.4884240e-01   3.6213123e-02   1.3504473e-03   1.7105552e-02   7.2538460e-03
   7.1512614e-01   6.4729870e-01   3.1000339e-01   4.8786071e-04   1.6407537e-02   7.1925415e-03
   7.3160218e-01   6.6088384e-01  -8.6339767e-02   3.4084012e-03   1.7265193e-02   7.6160245e-03
   7.8344909e-01   7.8777287e-01  -1.7018664e-01   3.7344204e-03   1.9870465e-02   7.4170225e-03
   7.2087849e-01   6.1101013e-01   1.6616520e-01  -1.2101512e-03   1.7830453e-02   6.6034171e-03
   7.5985459e-01   8.3774801e-01   1.6156263e-01   3.2736236e-03   1.8867398e-02   8.0382039e-03
   7.8226766e-01   7.4823411e-01  -3.0467458e-01   3.8273036e-03   1.9864707e-02   7.6590992e-03
   7.9201536e-01   8.4433810e-01  -2.5962994e-01   4.2520233e-03   2.0079599e-02   7.4566314e-03
   7.9493680e-01   7.8763263e-01  -9.1639609e-02   2.3627811e-03   1.9707540e-02   7.6413326e-03
   7.6504112e-01   6.4403703e-01   3.8698382e-02  -5.0727814e-04   1.9179416e-02   7.5123043e-03
   7.7663537e-01   9.0189129e-01   2.8624349e-01   3.3988613e-03   1.8497735e-02   8.1541617e-03
   7.9625034e-01   7.4184045e-01  -3.3200235e-01   4.3348196e-03   2.0057379e-02   7.9149683e-03
   7.6500360e-01   8.7318820e-01  -2.9117876e-01   4.3797362e-03   1.9001581e-02   7.8158860e-03
   6.3893869e-01   6.5465937e-01  -2.4311524e-01  -1.8424241e-04   1.5147437e-02   6.2075734e-03
   7.1246617e-01   5.5908199e-01   4.8788963e-01  -4.6615521e-03   1.6894023e-02   7.9989358e-03
   7.1908584e-01   6.5829027e-01  -8.2102158e-03   4.0384907e-03   1.6149600e-02   8.2582498e-03
   6.3454876e-01   5.2497058e-01  -5.8644215e-01   4.0935289e-03   1.3748631e-02   7.6296979e-03
   6.0543329e-01   5.8160350e-01  -8.4979084e-01   6.7811392e-03   1.3927082e-02   8.0799717e-03
   5.4977930e-01   2.7044010e-01  -8.0511555e-01   4.4556733e-04   1.4702099e-02   5.2526638e-03
   5.9191740e-01   5.6611821e-01  -1.2496271e-01   2.5773272e-03   1.5545718e-02   5.2963140e-03
   5.4683538e-01   3.9815081e-01  -6.5264468e-01   3.8656379e-03   1.4121765e-02   5.9654404e-03
   5.6781987e-01   5.0491660e-01  -6.1709297e-01   5.4818661e-03   1.5222418e-02   6.4124355e-03
   5.5285956e-01   4.5862382e-01  -4.1587830e-01   2.0213112e-03   1.4844377e-02   5.5756170e-03
   6.1893795e-01   6.4902973e-01  -3.3073389e-01   5.9146895e-03   1.5387249e-02   6.3860744e-03
   5.7603251e-01   5.2385087e-01  -7.7854433e-01   6.7123358e-03   1.4045481e-02   6.4454317e-03
   5.4731657e-01   4.0356140e-01  -5.7971875e-01   7.8356718e-04   1.4106343e-02   5.8894854e-03
   6.0928255e-01   6.5175943e-01  -2.6375474e-01   3.7164018e-03   1.5161415e-02   6.0814997e-03
   6.0375780e-01   5.1578959e-01  -7.5569022e-01   6.4511708e-03   1.5068972e-02   7.1446074e-03
   5.8287701e-01   6.0252643e-01  -4.4590751e-01   2.5913803e-03   1.4497980e-02   6.1576471e-03
   6.2775909e-01   7.4085887e-01  -3.4935811e-01   7.6208411e-03   1.5498228e-02   7.0429943e-03
   5.7658244e-01   5.5678157e-01  -7.0914561e-01   8.0018064e-03   1.4556320e-02   7.1237753e-03
   6.0372528e-01   6.6399229e-01  -7.2133477e-01   6.9595041e-03   1.5067687e-02   6.9811826e-03
   6.2812439e-01   6.9518958e-01  -7.2195325e-01   6.2612373e-03   1.5771264e-02   7.0489830e-03
   6.2575103e-01   7.2520298e-01  -7.3803152e-01   6.0389321e-03   1.5707759e-02   6.5311123e-03
   4.9156765e-01   5.5793353e-01  -6.4560160e-01   3.2727851e-03   1.7760972e-02   4.0018724e-03
   1.9929593e-01   5.7498277e-01  -1.8073658e+00  -1.6377940e-03   1.6352656e-02   9.1975729e-03
   6.2856707e-01   5.9539746e-01  -5.3406590e-01   9.7241577e-04   2.1025834e-02   5.9559760e-03
   6.4101612e-01   4.0995886e-01  -8.7420467e-01   8.9131836e-04   2.1656676e-02   6.1819680e-03
   6.0204688e-01   5.0127449e-01  -6.7009069e-01  -5.1449499e-05   2.0531325e-02   4.9858240e-03
   6.1652171e-01   6.4522718e-01  -7.9053279e-01   3.7477882e-03   2.0991910e-02   5.5201831e-03
   6.0497992e-01   6.5010770e-01  -9.2801908e-01   2.5610921e-03   2.0435010e-02   5.4238807e-03
   6.1605408e-01   2.7871557e-01  -8.0090053e-02  -7.5575893e-03   1.9865330e-02   6.4171015e-03
   7.3327090e-01   3.6267194e-01  -2.1913128e-01  -3.9712913e-03   1.9973431e-02   7.1917890e-03
   6.0446579e-01   3.0024401e-01  -5.7971962e-01  -1.4012047e-03   1.6805094e-02   6.9772890e-03
   6.5927162e-01   3.6652137e-01  -5.8587347e-01  -3.0681724e-03   1.8285072e-02   7.3081324e-03
   6.9976616e-01   4.8414183e-01  -4.4112427e-01  -1.2189781e-03   1.8622994e-02   8.0503534e-03
   6.8273817e-01   3.3877981e-01  -6.2538857e-01  -3.8745563e-03   1.8082857e-02   7.5588595e-03
   7.1252258e-01   4.5776122e-01  -5.8433103e-01  -8.3652778e-04   1.8764646e-02   8.4930415e-03
   7.1444559e-01   4.5432829e-01  -9.6043606e-01  -4.0874155e-04   1.8438706e-02   8.7791019e-03
   6.5218567e-01   4.3358767e-01  -4.9206185e-01  -2.8421768e-03   1.6776477e-02   8.3065005e-03
   6.9136464e-01   4.7550727e-01  -5.4112686e-01   2.7544895e-04   1.7877756e-02   8.8834007e-03
   6.9405742e-01   4.5816034e-01  -7.4210421e-01   7.1347308e-04   1.8169625e-02   9.2179110e-03
   7.1334994e-01   3.7139757e-01  -1.5551461e-01  -5.2657956e-03   1.8943111e-02   8.5848194e-03
   7.9986618e-01   4.9964940e-01  -1.5938262e-01  -2.4176224e-03   2.0074768e-02   1.0083767e-02
   7.4257268e-01   3.3348683e-01  -8.1192394e-01  -2.3724602e-04   1.8405461e-02   9.9655917e-03
   6.2627684e-01   4.1098188e-01  -1.1526112e+00   3.3388101e-03   1.4425180e-02   8.2654304e-03
   4.4320779e-01  -8.3399445e-02  -2.0562761e+00  -1.0936025e-03   1.7017399e-02   1.0784838e-02
   5.4608007e-01   8.5046822e-02  -9.3910213e-01  -4.3090068e-03   1.8106980e-02   8.9752624e-03
   6.7554276e-01   5.0682106e-01  -2.9515693e-01   7.3346155e-04   1.8980252e-02   8.6331877e-03
   6.3628524e-01   2.0065972e-01  -7.6060239e-01  -1.3333810e-03   1.8371588e-02   9.0014335e-03
   7.1512334e-01   4.3105107e-01  -2.5079050e-01  -1.2098586e-03   2.0328808e-02   9.1150415e-03
   7.5535730e-01   2.1216893e-01  -7.8497439e-01  -2.0047936e-03   2.1006276e-02   1.0799286e-02
   7.6918334e-01   2.6496674e-01  -9.0820279e-01  -2.7366812e-03   2.1552562e-02   1.1216647e-02
   7.8971205e-01   2.4209798e-01  -7.1915023e-01  -3.8269242e-03   2.1772994e-02   1.1501926e-02
   8.6136853e-01   4.3832210e-01  -4.5588737e-01  -9.0563305e-04   2.2996349e-02   1.1620296e-02
   8.7885401e-01   2.5950268e-01  -9.7007465e-01  -2.6927069e-03   2.3548078e-02   1.2197661e-02
   8.7385167e-01   2.7872566e-01  -9.4604514e-01  -4.3303544e-03   2.3298981e-02   1.2234205e-02
   8.5679120e-01   2.5597876e-01  -9.1972918e-01  -4.9444933e-03   2.2749225e-02   1.2343878e-02
   7.9308940e-01   3.1131514e-01  -5.8742137e-01  -4.0962557e-03   2.1188231e-02   1.0621324e-02
   7.4086116e-01   2.9667228e-01  -9.4872262e-01  -2.8554160e-04   1.9281179e-02   1.0706364e-02
   7.4357113e-01   3.3585973e-01  -1.0161664e+00  -1.7506642e-03   2.0414111e-02   9.9944049e-03
   7.6185990e-01   5.8416713e-01  -2.6351608e-01   6.0886854e-04   1.9206003e-02   9.9195304e-03
   7.0908334e-01   2.6799018e-01  -5.6916576e-01  -2.9648670e-03   1.8730564e-02   9.4097176e-03
   6.4636290e-01   4.2361342e-01   1.5194977e-01  -3.7395863e-03   1.7382829e-02   7.2048075e-03
   6.5099301e-01   3.1383027e-01  -3.4543670e-01  -2.2197970e-04   1.7427350e-02   8.8089628e-03
   6.7842194e-01   3.6297586e-01  -5.8679946e-01  -6.0116192e-04   1.7264040e-02   8.7773382e-03
   7.2996204e-01   3.6560792e-01  -6.6456750e-01  -1.2590733e-03   1.8862808e-02   9.7872187e-03
   7.2352497e-01   3.7617465e-01  -6.8671033e-01  -1.3239692e-03   1.8230534e-02   9.6371092e-03
   6.7267593e-01   3.8087008e-01  -6.2876153e-02  -3.8780187e-03   1.6613462e-02   9.4872923e-03
   7.6108725e-01   3.0850877e-01  -5.7384441e-01  -1.8790367e-03   1.8477122e-02   1.0936519e-02
