   1.3858362e-14   0.0000000e+00   0.0000000e+00   0.0000000e+00   0.0000000e+00   0.0000000e+00
   6.8644677e-02  -1.3122121e-01  -4.3619604e-01  -9.7094352e-04   1.0103546e-04   6.0242396e-04
  -1.6469049e-02   2.8264744e-01   3.1604488e-01   4.7342014e-03   2.6322099e-04   3.5788598e-04
   1.2356634e-02  -1.0904011e-02  -1.6658973e-01   1.8870343e-03   1.4532942e-04   1.1816171e-03
  -3.6194511e-02   6.0094222e-02  -6.2723372e-02   2.3844134e-03  -1.1747599e-03   1.2088710e-03
  -1.7730325e-02  -4.6516338e-03  -3.3981341e-02   8.9366731e-04  -1.3601965e-03   1.2528022e-03
   1.6634316e-02  -3.2498390e-02  -2.0477176e-01   4.1008931e-04  -1.0018256e-03   1.8445586e-03
  -2.3824948e-02  -1.2021190e-01  -2.3548537e-01   4.8755091e-04  -1.7340506e-03   1.9351076e-03
  -2.8605951e-02   1.9353669e-01   3.6135235e-01   3.7057867e-03  -9.0531987e-04   1.0276514e-03
  -3.1230563e-02   3.8128700e-03  -1.1654442e-01   1.8397081e-03  -1.8389483e-03   2.0176493e-03
  -3.2745019e-02   1.3028471e-01   1.9762001e-01   3.8090030e-03  -1.3662850e-03   1.8633248e-03
   1.7419003e-02  -1.1975048e-01  -1.7715365e-01   4.8551798e-04  -1.2976121e-03   2.1715110e-03
  -5.7482088e-02   2.4700022e-01   2.4951224e-01   4.8933313e-03  -2.0894638e-03   2.1434759e-03
  -1.6315770e-02   4.6962428e-02   4.8522548e-02   3.6835834e-03  -1.2851025e-03   1.3856886e-03
  -4.5683468e-02   3.0517419e-02  -1.3299941e-01   2.3935560e-03  -2.3367159e-03   1.6683594e-03
  -7.5719420e-02   8.2261721e-02   1.2637389e-01  -1.7871967e-03  -1.7020502e-03   9.2557238e-04
  -1.9152537e-02  -1.3487532e-01  -3.0076269e-01  -3.7813749e-03  -1.2240241e-03   1.5611471e-03
  -1.2538932e-02   1.6440964e-01   1.7031294e-01   3.2187093e-03  -8.1698835e-04   1.5478056e-03
   3.0017720e-04  -3.3345069e-02  -1.6315163e-01   1.6423533e-03  -1.0351474e-03   1.4345524e-03
  -4.3947202e-02  -1.1539883e-01  -2.7764153e-01  -4.3153962e-03  -3.1728309e-03   1.3556032e-03
  -2.6123566e-02  -4.7841430e-02  -2.8325093e-01  -2.7908245e-03  -3.3109999e-03   1.2003607e-03
   2.4072433e-02  -2.0134155e-01  -4.1012941e-01  -3.1103715e-03  -2.6339642e-03   8.3053084e-04
  -1.2156870e-01  -1.8636642e-01  -1.8389175e-01  -8.8721145e-03  -5.0539469e-03  -1.4967726e-03
  -6.3470642e-02  -5.4953331e-01  -6.6099571e-01  -1.1567727e-02  -4.5430829e-03  -1.3011744e-03
  -5.8687090e-02  -1.8418786e-01  -2.4898356e-01  -5.8444901e-03  -4.6814993e-03   2.4665452e-04
   1.8419913e-02  -5.2984709e-01  -5.1936463e-01  -7.3668747e-03  -4.0699999e-03   8.7081473e-05
  -3.0851114e-02   8.8086231e-02   2.1645286e-01  -5.0352472e-04  -3.8643619e-03   1.6257054e-04
   1.0802768e-03  -2.9170364e-01  -4.3002717e-01  -2.8090923e-03  -4.0095372e-03   1.1050327e-03
  -6.6667288e-02   2.3122927e-02   1.1798948e-01   1.1081542e-03  -4.3996582e-03   1.6774640e-04
   2.4490498e-02  -3.0770292e-01  -4.5026680e-01  -3.1587950e-03  -1.6926518e-03   1.4749330e-03
  -6.3579704e-02   1.6827448e-01   1.4032185e-01   3.4175714e-03  -3.0607434e-03   2.0021146e-03
  -4.6466380e-03  -1.6118889e-01  -2.7971751e-01  -1.1699065e-04  -2.2259919e-03   1.2325121e-03
  -9.6574822e-02   3.0440787e-02  -2.8580409e-02   1.9403855e-03  -4.6982169e-03   1.6826474e-03
  -7.9594433e-02  -6.2843855e-02  -2.4020391e-02   2.0833430e-03  -3.6761399e-03   7.2335030e-04
  -9.3400915e-02  -5.5160098e-02  -1.9138179e-01   1.8798467e-03  -4.4312063e-03   1.1660597e-03
  -1.1951518e-01   1.3839031e-01   1.5893559e-01   4.7061868e-03  -4.1474033e-03   1.0441807e-03
  -1.0753482e-01  -9.9723089e-02  -2.1530251e-01   1.1488783e-03  -5.0702693e-03   1.1709117e-03
  -1.6355101e-01   2.2396165e-01   1.8252579e-01   4.2906397e-03  -5.3396913e-03   9.4019218e-04
  -1.1034006e-01  -2.8194764e-01  -3.9878349e-01  -1.4179214e-03  -5.5534343e-03  -5.0540240e-04
  -6.5825150e-02  -1.2501131e-01  -1.0380342e-01  -1.1534077e-03  -4.2314503e-03  -8.4072926e-04
  -1.3120852e-01   1.1421697e-01   1.5654146e-01   2.1642475e-03  -4.7652101e-03   9.3570740e-05
  -8.3153919e-02  -4.5875347e-02   4.3328069e-02   2.5724689e-03  -3.4865823e-03   2.5707287e-04
  -6.9331516e-02  -1.4304368e-01  -2.8619276e-01  -1.7681360e-03  -3.9533404e-03   8.2544409e-04
  -8.5758841e-02  -6.8925397e-02  -4.6090723e-02   5.9319479e-04  -4.3235614e-03  -1.9740283e-04
  -7.8199125e-02  -6.5340439e-02  -1.6439317e-01  -3.6092372e-04  -3.5220075e-03   4.8933340e-04
  -1.3821352e-01   1.4216569e-01   2.1160633e-01   3.8131075e-03  -4.3005311e-03   6.3400035e-04
  -8.0853229e-02  -1.9710713e-01  -3.4345638e-01  -3.2670793e-04  -4.2005814e-03   8.6198131e-04
  -1.1993150e-01   1.9069269e-01   2.2719403e-01   3.0796287e-03  -4.2594203e-03   7.0817018e-04
  -8.3477393e-02  -1.8322320e-01  -3.1254489e-01  -1.3000083e-03  -4.6290835e-03   1.1680405e-03
  -1.8307300e-01   2.5235233e-01   3.1329352e-01   4.3515314e-03  -5.3474486e-03   8.1175677e-04
  -9.9216729e-02  -2.2575717e-01  -2.9436575e-01   3.5203218e-04  -4.2340302e-03   7.8356858e-04
  -1.5130887e-01   1.5469398e-01   1.3248546e-01   3.4217136e-03  -4.8414738e-03   1.0224284e-03
  -1.1717529e-01  -3.2304322e-02  -1.1208804e-02   2.2506694e-03  -4.6008299e-03   1.0918223e-03
  -1.6100275e-01  -2.7609487e-02  -7.3431845e-02   2.4773272e-03  -5.1735470e-03   1.1902148e-03
  -1.6767680e-01   1.7780278e-01   3.0444418e-01   5.4438693e-03  -4.9594374e-03   6.5834426e-04
  -2.4213237e-02  -3.1789083e-01  -3.5908308e-01  -4.4713021e-03  -3.4159057e-03   6.2952298e-04
  -9.7143008e-02  -3.5630444e-02  -8.9720086e-02   3.8782294e-04  -4.6422923e-03   7.4835600e-04
  -1.2289383e-01   8.1921410e-02   1.4266252e-01   3.3259477e-03  -4.6156644e-03   6.5445867e-04
  -1.0658938e-01  -1.7929092e-01  -1.6311849e-01   5.4911220e-04  -4.7464979e-03   1.0917479e-03
  -1.7847635e-01   1.8060089e-01   3.2498897e-01   4.5842398e-03  -5.4456745e-03   1.2332298e-03
  -1.1601042e-01  -1.4258086e-01  -9.5740191e-02   1.6285265e-03  -4.7498977e-03   7.3418685e-04
  -1.8963993e-01   1.3999909e-01   9.3363973e-02   4.7185368e-03  -6.0190100e-03   1.2355810e-03
  -1.6043277e-01   5.0958806e-02   1.2204858e-01   4.1029175e-03  -4.8608041e-03   7.2041976e-04
  -9.2807117e-02  -5.0419007e-02  -1.1243627e-01   2.4667215e-03  -3.7334351e-03   1.6583720e-03
  -1.1865829e-01   1.8823899e-01   2.7534455e-01   2.7448555e-03  -3.8422717e-03   1.8228079e-03
   6.1093442e-02  -3.5378589e-01  -4.4816884e-01  -7.2716770e-03  -2.6235953e-03   9.5984584e-04
   1.5720062e-02  -1.6512708e-01   4.1735989e-02  -1.8455777e-03  -3.7886675e-03   5.1573294e-06
  -6.3985152e-02   3.7120077e-02  -4.9464820e-02  -2.9608391e-04  -4.2647168e-03   1.5059885e-03
   1.0909915e-02  -2.9656026e-01  -3.3482051e-01  -4.0168066e-03  -2.7327560e-03   1.0570008e-03
  -2.6988683e-02   1.8794035e-02  -4.1195331e-02   1.1858922e-04  -2.9165549e-03   1.8787042e-03
  -7.8967051e-02  -5.2846317e-02   8.1831060e-02   9.6655647e-05  -4.3792955e-03   1.2227225e-03
  -5.2861431e-02  -2.3116350e-01  -2.8811342e-01  -2.6504215e-03  -4.6945828e-03   1.5792361e-03
  -1.4170112e-01   1.1059674e-01   2.0620837e-01   2.3734231e-03  -5.1672617e-03   1.4381656e-03
  -8.4832118e-02  -1.7138568e-01  -2.6687992e-01  -1.1223159e-03  -4.9472266e-03   1.5835056e-03
  -1.7008617e-01   9.9526069e-02   2.0072612e-01   3.1653202e-03  -5.8336349e-03   1.7303508e-03
  -1.2573589e-01  -1.5077314e-01  -8.0607207e-02   1.2672225e-03  -5.3576438e-03   1.3259440e-03
  -1.3877148e-01   5.7107628e-02  -5.8584851e-03   2.1701788e-03  -6.1749146e-03   1.9970808e-03
  -1.1700308e-01   1.1500774e-01   1.7752224e-01   4.3846178e-03  -5.4893621e-03   1.5249141e-03
  -7.1966991e-02  -1.4753214e-01  -3.2239419e-01  -8.2757923e-04  -4.9898251e-03   1.8145279e-03
  -8.1128158e-02  -3.2668812e-01  -2.8077011e-01  -3.7937641e-03  -5.9678553e-03   1.5859928e-03
   8.3090734e-02  -4.9320934e-01  -2.4170241e-01  -2.0916346e-02  -7.5300706e-04   1.1543563e-03
   1.1352306e-01  -5.9933465e-01  -3.5656137e-01  -1.5242446e-02  -1.1257695e-03   2.4696436e-03
   4.4327928e-02  -4.1269190e-01  -1.3393170e-01  -6.4171515e-03  -2.2022759e-03   2.6672783e-03
  -3.6201616e-03  -2.0458881e-01  -2.0874295e-01  -4.4864397e-03  -3.7070809e-03   3.9143201e-03
  -2.0934930e-02  -5.7330859e-02   2.4044057e-01  -8.8610554e-04  -3.1627271e-03   3.0043075e-03
   9.8356990e-03  -2.2472109e-01  -1.4609299e-01  -3.6459669e-03  -3.0635360e-03   3.0640832e-03
  -2.0096784e-02  -2.3808885e-01   3.8570747e-02  -2.9681873e-03  -3.6547778e-03   2.4908751e-03
  -2.6740523e-02  -2.0253682e-01  -1.4670173e-01  -2.8393807e-03  -4.3036015e-03   2.8732252e-03
   1.0922119e-02  -2.9257647e-01  -5.8782856e-02  -3.2296502e-03  -3.3727353e-03   2.1970353e-03
  -5.5251645e-02  -1.4136053e-02   8.1952321e-02  -1.1485626e-03  -5.0751763e-03   2.8484969e-03
  -2.6218943e-02  -1.4701271e-01   7.6476088e-02  -7.1268469e-04  -4.2386226e-03   2.4336081e-03
  -1.2460451e-02  -2.6638597e-01  -2.3397304e-01  -2.7486768e-03  -4.2426728e-03   3.0088280e-03
  -6.2160664e-02   5.9884393e-02   2.4361347e-01   8.9380118e-04  -4.3486165e-03   2.7892447e-03
  -3.4420448e-02  -2.3869713e-01  -2.1998474e-01  -1.7990330e-03  -4.6772809e-03   2.6506759e-03
  -8.2994651e-02   1.1264579e-01   2.9322171e-01   1.8309859e-03  -4.2082407e-03   2.4520886e-03
  -5.1298208e-02  -2.9387314e-01  -1.5922298e-01  -2.4831839e-03  -4.9392069e-03   3.5321396e-03
  -3.8523888e-02  -1.1996294e-01   9.7379743e-02  -3.8620448e-04  -3.6724107e-03   2.7000002e-03
  -5.1920703e-02  -2.5475470e-02   1.2560179e-02   2.9200022e-04  -4.3278009e-03   3.3828614e-03
  -2.8238680e-02  -2.8821865e-01  -7.0299824e-02  -1.4957936e-03  -3.9523203e-03   2.7760659e-03
  -7.1584812e-02   1.1969803e-01   3.3128150e-01   1.9862518e-03  -4.0292261e-03   2.6921714e-03
   1.1867742e-03  -2.1280868e-01  -1.9163754e-01  -1.3747500e-03  -2.7963154e-03   2.9522048e-03
  -1.6131939e-02   3.1510332e-03   8.2717161e-02  -2.3405230e-04  -2.7067286e-03   2.8811219e-03
  -2.6586156e-02  -5.0658276e-02   1.5068250e-01   1.4791381e-03  -2.9396199e-03   2.7023586e-03
  -4.1054898e-02  -1.4080497e-01  -9.3319357e-02   5.5990839e-04  -3.4100800e-03   3.2004293e-03
   1.4484475e-01  -5.6162250e-01  -1.5404736e-01  -1.8878040e-02   1.4971801e-03   2.1706172e-03
   1.9789140e-01  -6.5111957e-01  -6.5296373e-01  -1.8724082e-02   7.8018292e-04   1.7007689e-03
   2.6769701e-01  -9.3232357e-01  -7.9312540e-01  -2.9369679e-02   3.2314925e-03   9.0221997e-04
   2.4277279e-01  -8.0066929e-01  -5.7596774e-01  -2.2325376e-02   1.6133347e-03   3.8178938e-04
   3.3372216e-01  -6.2771066e-01  -6.5990192e-01  -1.7804193e-02   3.7492046e-03   2.3734817e-03
   1.7645098e-01  -2.6055879e-01  -3.0093735e-01  -9.6269700e-03   4.7921650e-04   3.7123217e-03
   2.2588832e-01  -5.3918716e-01  -5.3966264e-01  -1.2765840e-02   1.1918514e-03   3.1999239e-03
   1.3863204e-01  -2.0314931e-01  -2.2141026e-01  -9.2638406e-03  -4.8965225e-04   4.1194609e-03
   1.8053455e-01  -5.3095831e-01  -6.4549306e-01  -1.0927826e-02  -6.0261879e-05   4.0622745e-03
   1.2042486e-01  -1.3507900e-01  -2.7315661e-02  -5.9701036e-03   5.4675180e-04   2.9850264e-03
   1.5369256e-01  -4.3413792e-01  -4.2955609e-01  -1.0748140e-02   4.0518246e-05   4.0227192e-03
   1.4908378e-01  -3.1448239e-01  -1.3268377e-01  -8.6416445e-03  -7.4080098e-05   3.3101073e-03
   1.5864096e-01  -3.2354528e-01  -3.2077992e-01  -9.1367017e-03  -5.5802538e-04   5.1960739e-03
   1.6432888e-01  -3.9647550e-01  -2.1706388e-01  -8.0294412e-03  -3.5912015e-04   4.4371670e-03
   1.0984055e-01  -6.3651473e-02  -2.5788812e-02  -5.6212089e-03  -6.0168791e-04   4.5299172e-03
   1.2649782e-01  -2.6930015e-01  -5.6963470e-02  -4.5158467e-03  -2.4863110e-04   3.5484964e-03
   1.1736734e-01  -3.1682311e-01  -3.1220420e-01  -5.4418546e-03  -1.0527340e-03   3.9161694e-03
   3.4379965e-02   1.3079999e-02   1.9595434e-01  -5.5091493e-04  -2.0956190e-03   4.2681361e-03
   6.7336478e-02  -2.2934839e-01  -1.3574696e-01  -3.3263920e-03  -1.6353897e-03   3.8399062e-03
   1.5491689e-01  -2.4740006e-01  -2.2978279e-01  -5.4260479e-03  -5.4507900e-05   4.7791778e-03
   9.8276272e-02  -3.5665600e-02   1.2449278e-01  -1.6224295e-03  -1.0877736e-03   4.0434135e-03
   1.2182207e-01  -2.6797173e-01  -3.6935330e-01  -4.6896663e-03  -9.7639598e-04   4.4158183e-03
   9.6592881e-02  -3.2556063e-02  -5.5113554e-02  -2.2666428e-03  -1.4779138e-03   4.6118813e-03
   1.5016770e-01  -4.1739910e-01  -3.9995841e-01  -8.0458285e-03  -1.1124337e-04   5.1046115e-03
   1.8211914e-01  -2.0420286e-02   3.3234898e-01  -4.1676377e-03   1.9886003e-03   5.0899049e-03
   1.8818783e-01  -3.7178575e-01  -4.5948386e-01  -7.8770823e-03   1.7363414e-03   4.3941475e-03
   2.7657576e-01  -6.1996946e-01  -3.5052432e-01  -2.2356222e-02   4.8169718e-03   4.7793122e-03
   2.8987403e-01  -6.8818891e-01  -6.1945198e-01  -1.5175469e-02   4.0595690e-03   3.9924158e-03
   1.7329428e-01  -1.7574261e-01  -2.3909084e-01  -8.9047396e-03   2.2692387e-03   4.6435786e-03
   1.6588275e-01  -3.8196493e-01  -3.1807018e-01  -1.0498953e-02   2.2946497e-03   3.7871522e-03
   1.6816961e-01  -3.8460270e-01  -5.2782994e-01  -9.8578086e-03   1.2784757e-03   4.1673634e-03
   7.4611120e-02  -3.6669941e-01  -2.5634636e-01  -1.1953348e-02   9.7152834e-04   3.3670219e-03
   1.9149306e-01  -5.5931115e-01  -7.6263112e-01  -2.0681008e-02   3.0909625e-03   3.0943100e-03
   1.5801644e-01  -4.0215014e-01  -1.8776092e-01  -1.5081935e-02   3.0957842e-03   2.3671592e-03
   2.3296602e-01  -5.6934650e-01  -6.7898055e-01  -1.4255408e-02   3.9544480e-03   3.1234136e-03
   1.3830258e-01  -1.0384523e-01  -5.4393193e-02  -7.5423282e-03   2.5815460e-03   3.6120820e-03
   1.5312402e-01  -4.4323166e-01  -6.4989404e-01  -1.0234492e-02   1.3518056e-03   4.0545460e-03
   9.2746333e-02   2.2895164e-02   7.2907782e-02  -3.5679102e-03   1.7952682e-03   4.2789209e-03
   1.4828984e-01  -3.6142531e-01  -4.9124579e-01  -6.8696684e-03   9.7582031e-04   4.5909286e-03
   8.2503961e-02   7.2911731e-03   7.7750247e-02  -3.1880483e-03   6.4053384e-04   5.0106227e-03
   1.2263866e-01  -3.6068473e-01  -3.9064378e-01  -6.5107193e-03   7.9662819e-04   4.5817803e-03
   3.5422004e-02   9.0478913e-02   6.6178361e-02  -1.9358625e-03  -5.6501391e-04   5.0061107e-03
   7.7485814e-02  -3.3607028e-01  -3.9502170e-01  -6.1251145e-03  -5.2835031e-04   5.6727866e-03
   8.2158210e-02  -1.0975258e-01   2.4873217e-01  -4.5706350e-03   1.8791216e-03   5.3713393e-03
   9.7282180e-02  -1.6045395e-01  -3.2254209e-02  -4.7961581e-03   1.3167430e-03   5.8156487e-03
   6.5294300e-02  -5.3032068e-02   1.2957465e-01  -1.3568407e-03   1.2975839e-03   5.1729597e-03
   9.9714388e-02  -2.2744626e-01  -2.9605865e-01  -5.0116812e-03   8.3279690e-04   5.6587084e-03
   3.8239543e-02   2.0892805e-01   3.2649807e-01   1.7809553e-04   7.5696328e-04   5.2501884e-03
   1.0134350e-01  -3.1439086e-01  -2.7262244e-01  -4.2952013e-03   6.3181548e-04   5.1934747e-03
   5.5723116e-02   9.9504089e-02   1.5617829e-01   7.8654060e-05   2.8212924e-04   5.5895054e-03
   8.2451523e-02  -1.9424675e-01  -2.0502106e-01  -2.4536030e-03   1.5615502e-04   5.2237372e-03
   4.4240543e-02   1.5319529e-01   1.7733246e-01   3.9600655e-04  -3.9404720e-04   5.5203984e-03
   3.7932801e-02  -3.4037567e-02  -2.4746239e-02   6.9579774e-05  -1.0642648e-04   4.8064917e-03
   9.3342128e-02  -3.7089379e-01  -5.1271437e-01  -1.1764502e-02  -3.6653082e-04   3.6235259e-03
   2.3976212e-02  -2.6504699e-02  -1.6110112e-02  -3.1249875e-03  -8.4139917e-04   4.0700315e-03
   3.6260580e-02  -2.5304650e-01  -3.5160803e-01  -5.1809831e-03  -1.5502225e-03   4.0100771e-03
   8.4235638e-03   2.3188724e-02  -6.6386559e-02  -2.1740078e-03  -1.7988776e-03   4.4702688e-03
   3.0896962e-02  -1.0144238e-01  -1.2435567e-01  -2.1974012e-03  -8.2534540e-04   3.9240066e-03
   1.8709221e-02  -6.7349584e-02  -1.7736573e-01  -2.1835918e-03  -2.0701651e-03   4.6239912e-03
   3.1183841e-02  -2.0765439e-01  -2.9104111e-01  -2.7836970e-03  -2.1425621e-03   4.4370553e-03
   2.5603459e-02   1.3966067e-01   2.3653761e-01  -4.5238218e-04  -1.2426061e-03   3.1784537e-03
   5.6419801e-02  -1.9882014e-01  -3.2024797e-01  -3.2664056e-03  -2.1824900e-03   3.9102014e-03
   5.3256357e-02  -4.3103401e-02   8.8460780e-02  -1.6640181e-03  -1.4212565e-03   3.0657298e-03
   3.0895099e-02   4.8482251e-02  -1.1012508e-01  -4.0526513e-04  -2.1685759e-03   3.8436539e-03
   2.2981148e-02   5.4968438e-03   7.0633963e-03   1.9650486e-04  -1.6474781e-03   3.0371290e-03
   3.7956557e-03  -7.6403934e-02  -1.6937469e-01  -3.2072107e-04  -2.6084759e-03   3.3669697e-03
  -4.5158656e-02   2.0573540e-01   2.2182151e-01   3.0299824e-03  -3.1590109e-03   3.2424674e-03
   1.4580939e-03  -6.3189164e-01  -5.2826200e-01  -1.6362155e-02  -3.1319740e-03   3.6894496e-04
   1.1252347e-02  -2.7551129e-01  -3.7372315e-01  -9.5566786e-03  -3.9710704e-03   3.1206287e-03
  -7.2822538e-03  -9.3852787e-02  -1.0417586e-01  -4.1272605e-03  -3.5287133e-03   2.9306695e-03
   3.6518768e-02  -2.4550596e-01  -2.3943965e-01  -5.0082613e-03  -2.7979412e-03   3.0813680e-03
  -1.4689448e-03  -6.5294763e-02  -1.5059045e-01  -2.8445193e-03  -2.8521426e-03   3.1943715e-03
  -7.7801248e-03   4.4533582e-03   1.4839346e-01  -2.4141199e-04  -2.4019366e-03   2.6850153e-03
   3.6079974e-02  -5.0815728e-02  -9.1172613e-02  -9.5324998e-04  -2.6849865e-03   3.3592052e-03
   8.1236624e-02  -1.6245759e-01  -9.4138998e-02  -2.1647208e-03  -2.0842467e-03   2.9286401e-03
   3.2472710e-03   9.9178076e-02   1.1224771e-01  -1.3377543e-05  -2.8234316e-03   3.1106220e-03
   1.2891287e-01  -5.6604979e-01  -1.0915078e-01  -1.6779872e-02   1.4794056e-03   2.2106001e-03
   1.4682818e-01  -6.0129571e-01  -5.2714991e-01  -1.8643441e-02  -2.2729198e-04   1.3998244e-03
   1.7891058e-01  -4.6054961e-01  -4.2617557e-01  -1.4052521e-02   5.6231625e-05   1.4791935e-03
   1.6750381e-01  -8.3900356e-01  -6.4850734e-01  -1.5870887e-02  -1.0081244e-03   2.1319998e-04
  -4.2817504e-02  -2.4865650e-01   3.0612024e-02  -8.5030876e-03  -2.5977163e-03   1.5163172e-03
   1.8891662e-02  -5.1230955e-01  -4.9443396e-01  -9.7974480e-03  -2.2676242e-03   2.6870445e-03
   1.9397322e-02  -4.3221387e-01  -3.3781618e-01  -6.7509756e-03  -2.0264567e-03   2.1289312e-03
  -1.1081243e-02  -9.2595596e-02  -1.5909183e-01  -4.4823363e-03  -2.0851795e-03   3.2230794e-03
   1.9039064e-02  -4.5661522e-01  -5.2797907e-01  -5.8808832e-03  -1.8312378e-03   3.0583767e-03
  -6.3534967e-02   6.7463576e-03   3.7487060e-02  -2.5737412e-03  -2.5888788e-03   2.9523064e-03
  -8.6104983e-03  -3.5152433e-01  -4.8956745e-01  -5.5842663e-03  -2.4195481e-03   2.8912427e-03
  -7.8805041e-02   2.8793346e-02  -4.1456751e-03  -2.0788077e-03  -2.9986367e-03   3.2724693e-03
  -2.5460355e-02  -3.1126697e-01  -4.6487335e-01  -5.2409355e-03  -2.2430963e-03   2.6899588e-03
  -2.0385290e-02  -3.5444439e-01  -4.5183393e-01  -1.0192694e-02  -3.2752649e-03   2.7610690e-03
  -6.9082048e-02  -3.9591580e-01  -4.7825458e-01  -1.2720114e-02  -4.1197308e-03   1.5503988e-03
   1.0957209e-02  -4.9344768e-01  -5.6823217e-01  -8.2492305e-03  -2.2537656e-03   2.5493322e-03
  -8.7168973e-02  -1.3467402e-01  -2.7721016e-01  -4.6305587e-03  -3.9612286e-03   3.4509895e-03
  -8.3941348e-02  -2.6555713e-01  -2.7634566e-01  -4.4616943e-03  -3.8028379e-03   2.5436789e-03
  -1.2240266e-01  -1.2692733e-01  -3.0796473e-01  -3.9928362e-03  -5.2129760e-03   2.5892049e-03
  -1.3194735e-01  -9.8665905e-02  -1.2090175e-01  -2.8495980e-03  -4.2782107e-03   1.6615738e-03
  -1.0980487e-01  -2.4351690e-01  -4.3333735e-01  -4.6038915e-03  -4.9228089e-03   2.2236665e-03
  -8.1303345e-02  -3.5248584e-01  -3.8885008e-01  -4.7465993e-03  -4.4682335e-03   1.8729558e-03
  -1.3368855e-01   1.1486497e-02  -7.8690802e-02  -1.2050598e-03  -4.8211462e-03   2.0745350e-03
  -1.1420637e-01  -1.3938261e-01  -1.9744464e-01  -2.1931414e-03  -4.1384293e-03   1.4958421e-03
  -1.4271771e-01  -1.5168604e-01  -3.6475420e-01  -2.4040397e-03  -5.7179451e-03   1.9006206e-03
  -1.6832594e-01   3.4580631e-02  -2.8890987e-02  -7.4656907e-04  -5.1582406e-03   1.9709190e-03
  -1.2344398e-01  -2.4742353e-01  -4.0937421e-01  -3.5261151e-03  -4.9722076e-03   1.7460052e-03
  -1.1470469e-01   1.2579677e-03  -1.9472887e-01  -3.3222091e-03  -4.0131742e-03   2.3289813e-03
  -3.6947228e-02  -2.0407580e-01  -5.3564085e-01  -4.3553329e-03  -2.2429019e-03   2.2500217e-03
   5.7061818e-03  -4.0710153e-01  -6.9645909e-01  -1.1097814e-02  -2.9380261e-03   1.4675568e-03
  -8.3896534e-02  -1.3024548e-01  -2.5171081e-01  -9.5854279e-03  -3.8017446e-03   1.0072470e-04
   1.1398050e-01  -6.4929116e-01  -9.3628635e-01  -1.8881001e-02  -5.6199624e-04   2.2508892e-04
   9.4633466e-02  -3.6854611e-01  -4.5675627e-01  -9.6340190e-03  -4.5146531e-04   6.7176115e-04
   1.0884801e-01  -3.3221183e-01  -6.3911513e-01  -8.1814893e-03  -3.6721660e-04   1.6952841e-03
  -3.8794772e-02   1.3458000e-02  -8.7165985e-02  -2.8640529e-03  -2.3416991e-03   1.7702914e-03
   3.5133008e-02  -3.3563277e-01  -6.3026566e-01  -5.9028390e-03  -2.4911382e-03   1.9158965e-03
  -2.1131281e-02   2.4012083e-02  -1.5257112e-01  -3.0669989e-03  -2.1578184e-03   2.1213309e-03
  -6.7881271e-03  -2.6210513e-01  -3.9995106e-01  -5.6949040e-03  -1.9263799e-03   2.0130618e-03
  -3.0598479e-02  -1.8640516e-01  -4.3575977e-01  -3.7892521e-03  -2.8155379e-03   2.3878315e-03
  -8.2675865e-02  -3.7481318e-05  -1.0769526e-01  -1.2589996e-03  -3.1816637e-03   2.4987373e-03
   6.7824422e-02  -6.2509548e-01  -6.3344461e-01  -1.5599812e-02  -7.7907834e-04   2.1670342e-03
  -3.6754677e-02  -1.1498701e-01  -2.0775187e-01  -8.0957865e-03  -2.7826243e-03   1.8724326e-03
   8.2652526e-02  -4.5177320e-01  -7.0960108e-01  -7.3976995e-03  -1.0278808e-03   2.2395676e-03
  -3.3464856e-02   1.7774624e-06  -2.6519272e-01  -2.5785139e-03  -2.8636022e-03   3.0583719e-03
   4.7258492e-02  -3.3558926e-01  -5.6809190e-01  -5.2782866e-03  -1.7665961e-03   3.2139247e-03
  -4.1919018e-03  -1.6162250e-02  -6.9630461e-02  -2.3219715e-03  -1.4784476e-03   2.6349073e-03
   2.2515867e-02  -1.9026370e-01  -4.1977075e-01  -3.2509179e-03  -2.8634556e-03   3.0710235e-03
  -4.9464806e-02  -1.0223041e-02  -6.3096240e-02  -4.7952081e-04  -3.3572468e-03   2.0608951e-03
  -3.3614524e-02  -1.7389776e-01  -4.3466123e-01  -2.0404519e-03  -3.6777687e-03   2.1028638e-03
  -7.0904401e-02   8.2936107e-02  -8.2799628e-02   5.9881733e-04  -3.3829642e-03   2.2612939e-03
  -2.1474263e-02  -2.1926452e-01  -4.0631998e-01  -2.0782257e-03  -3.0507238e-03   1.8851655e-03
  -6.7943772e-02   4.7302418e-02  -2.0296974e-01   1.4080276e-04  -4.2230199e-03   1.9943609e-03
  -7.8363441e-02   1.9354247e-04  -1.7794090e-01   5.4458841e-04  -3.7861889e-03   1.3925754e-03
  -8.4902913e-02   1.2098263e-01  -1.5714095e-01   1.8678275e-03  -4.1751882e-03   1.7649592e-03
  -6.4269520e-02  -1.0476999e-01  -3.2928313e-01  -1.2482044e-04  -3.7188773e-03   2.0167891e-03
  -9.4019778e-02   1.5816574e-01  -6.0974434e-02   1.8135563e-03  -3.8044481e-03   2.4382692e-03
  -7.9793541e-02  -5.4779904e-02  -1.9861279e-01   6.8463184e-04  -3.7877353e-03   1.8131345e-03
  -1.0469778e-01   7.8140938e-02  -1.7286583e-01   1.3927710e-03  -4.6617288e-03   2.1888677e-03
  -9.1737320e-02   7.1210283e-02  -6.6878321e-02   1.6753497e-03  -3.7586024e-03   1.3486494e-03
   2.0498466e-02  -2.3567353e-01  -5.4028102e-01  -7.0821816e-03  -2.6300424e-03   2.1986662e-03
  -3.3755547e-02  -1.3471513e-02  -8.6956913e-02  -1.4138848e-03  -2.7991194e-03   8.9051769e-04
  -1.7456763e-02  -1.5428043e-01  -4.4514521e-01  -2.1026422e-03  -4.1555971e-03   1.9858120e-03
  -7.5963568e-02   4.3840785e-02  -7.0046655e-02  -3.1415959e-03  -2.7773350e-03   1.0376683e-03
   1.2713872e-01  -4.6689818e-01  -8.9570162e-01  -1.4645462e-02   1.6287366e-04   8.6211851e-04
  -2.1473764e-02   7.7051386e-03  -1.5825079e-01  -3.1934924e-03  -2.6053644e-03   1.7478170e-03
   1.5494034e-02  -3.0679036e-01  -5.0265426e-01  -4.6021458e-03  -2.1065554e-03   1.0465521e-03
  -5.2375182e-02   2.7838833e-03  -2.7343673e-01  -2.7484096e-03  -3.5903319e-03   2.2340224e-03
  -9.8648213e-03  -2.3550757e-01  -6.1413873e-01  -4.3104014e-03  -3.5030177e-03   2.0628888e-03
  -7.2776226e-02   1.6360620e-01  -4.4582933e-02  -8.2483917e-04  -3.6676023e-03   2.0257036e-03
   2.0574731e-02  -2.2571417e-01  -6.5977597e-01  -5.2151466e-03  -2.6057054e-03   1.6393598e-03
  -3.8476920e-02   1.4118356e-01  -1.1732814e-01  -1.5839033e-03  -2.8412553e-03   1.7805165e-03
   3.4095445e-02  -2.3149608e-01  -5.7575064e-01  -5.1564245e-03  -1.9603617e-03   1.1062161e-03
  -3.7991420e-02   4.2316453e-02  -2.7440561e-01  -1.0131316e-03  -3.1655864e-03   1.5048418e-03
  -2.9957698e-02  -6.9340723e-02  -3.2818801e-01  -1.1723094e-03  -2.7417135e-03   1.0453959e-03
   7.7875527e-02  -4.1754233e-01  -7.5285500e-01  -1.5549315e-02  -2.5104617e-04  -1.4656995e-04
   8.2484543e-02  -2.5686156e-01  -5.4400694e-01  -1.4039604e-02  -3.8160728e-04  -1.2492698e-03
   8.7645075e-02  -3.6270425e-01  -7.4317050e-01  -1.1436836e-02  -9.8918019e-04   3.8317064e-04
   3.3915438e-02  -9.2740135e-02  -3.2442516e-01  -6.4835439e-03  -1.2871536e-03   1.1474588e-03
   6.5707450e-02  -3.1313946e-01  -6.8936513e-01  -7.8394498e-03  -1.1799059e-03   9.2816571e-04
   6.6634807e-02  -2.8971429e-02  -4.5160088e-01  -6.3238238e-03  -1.1556688e-03   2.1490038e-03
   7.1693559e-02  -1.5252468e-01  -5.3053422e-01  -6.4703015e-03  -8.5203241e-04   1.2040993e-03
   6.4097193e-02  -6.3401654e-02  -5.6363004e-01  -4.5591020e-03  -1.5463912e-03   1.5114501e-03
   3.1244425e-02  -3.4336672e-02  -3.2782017e-01  -4.3481357e-03  -1.3374700e-03   1.9309732e-03
   8.4832321e-02  -2.3451504e-01  -7.9680296e-01  -6.5471152e-03  -1.8392929e-03   2.3899869e-03
   4.7638433e-02   2.9810559e-02  -2.6905405e-01  -4.3800340e-03  -1.0544150e-03   2.4557567e-03
   2.0074173e-01  -2.5201047e-01  -8.3436353e-01  -8.1480456e-03   1.1551013e-03   2.6963774e-03
   9.5684581e-02   9.3263783e-02  -2.2577876e-01  -6.4294575e-03   3.8707467e-04   2.4124481e-03
   1.8786021e-01  -3.4281076e-01  -8.6432145e-01  -1.0238727e-02   1.2548838e-03   2.3306465e-03
   1.0518836e-01   7.0172122e-02  -3.1436519e-01  -3.9542747e-03   2.7624427e-04   3.0985024e-03
   1.5828113e-01  -2.7100874e-01  -6.6462936e-01  -6.4083162e-03   1.0415310e-03   2.6692661e-03
   1.1127775e-01  -4.4704445e-02  -4.6650339e-01  -5.0162299e-03   2.2885918e-04   3.6184238e-03
   1.9668463e-01  -3.3978026e-01  -7.2929927e-01  -1.0956774e-02   9.2683714e-04   3.2920992e-03
   1.6499793e-01  -1.2791416e-01  -4.5953709e-01  -7.7925653e-03   6.7439740e-04   4.4200974e-03
   1.7414555e-01  -2.0829303e-01  -5.2425468e-01  -7.6915931e-03   1.4515105e-03   3.8677509e-03
   1.6459314e-01  -4.3719030e-02  -5.2546512e-01  -4.9712689e-03  -3.1929749e-04   3.7022810e-03
   1.2034989e-01  -2.0602545e-01  -7.6607853e-01  -6.7074034e-03  -9.2083916e-04   2.4326025e-03
   1.1128199e-01  -1.6867123e-01  -6.0601036e-01  -7.9987321e-03  -7.0349427e-04   2.6734106e-03
   9.9286956e-02  -1.7159740e-01  -5.6013847e-01  -6.8437909e-03   2.8706041e-04   2.7068227e-03
   1.0978343e-01  -2.1265097e-01  -4.7084779e-01  -6.4501152e-03   4.7454251e-04   2.3263332e-03
   1.2073127e-01  -2.1404517e-01  -6.5703941e-01  -6.9154399e-03   2.2162616e-04   2.3103033e-03
   8.5645387e-02  -9.2375447e-03  -4.0035108e-01  -2.8473910e-03  -1.6051095e-04   2.6423319e-03
   1.1870772e-01  -8.6283477e-01  -1.0750153e+00  -2.3574582e-02   1.3541150e-04   6.6599955e-04
   1.6641152e-01  -4.3495039e-01  -8.0101081e-01  -1.4167296e-02   3.6237213e-04   2.7468797e-03
   1.1870500e-01  -1.6459528e-01  -4.9360573e-01  -7.0181264e-03   3.9441094e-04   2.8743015e-03
   1.5857990e-01  -3.6814370e-01  -8.2147540e-01  -8.9816079e-03   7.7944401e-04   2.7875479e-03
   9.4714812e-02  -3.8435214e-02  -3.5058847e-01  -5.7918452e-03   3.6384645e-04   3.2184282e-03
   1.2452982e-01  -3.7149398e-01  -7.2883529e-01  -8.2571907e-03   5.3291309e-04   2.7463577e-03
   5.8501983e-02   1.0061780e-01  -2.0000941e-01  -3.2123001e-03  -5.2951145e-04   3.1801256e-03
   1.4381783e-01  -3.7011062e-01  -6.7512793e-01  -6.4532033e-03   4.5822534e-04   3.4464027e-03
   1.1219748e-01  -1.8238919e-01  -4.2248000e-01  -5.6400413e-03   2.4507263e-04   3.0742078e-03
   1.0085163e-01  -1.4675758e-01  -4.4798065e-01  -5.4983063e-03   1.1182687e-04   3.7317052e-03
   9.0547014e-02  -4.5415027e-02  -2.6290783e-01  -3.1144634e-03   1.2683082e-04   3.2365124e-03
   1.1812514e-01  -2.4317980e-01  -6.3191983e-01  -4.7464906e-03   1.3249931e-05   3.2888773e-03
   4.6247614e-02   6.8714704e-02  -2.7676290e-01  -1.4748601e-03  -8.0473000e-04   3.6704367e-03
   8.1948879e-02  -1.8254942e-01  -5.1093289e-01  -4.1373232e-03  -3.1178360e-04   3.2626327e-03
   4.6185009e-02   1.2225776e-02  -4.3096842e-01  -2.7172049e-03  -1.3332432e-03   3.6395830e-03
   6.4034887e-02  -3.1876682e-02  -4.8184587e-01  -4.2662088e-03  -1.1058725e-03   3.2873276e-03
   3.3783145e-01  -9.1075502e-01  -1.2456297e+00  -3.0439644e-02   4.7648386e-03   1.8612218e-03
   2.7897671e-01  -6.3371711e-01  -7.2042936e-01  -2.2443972e-02   3.8091890e-03   2.7584187e-03
   2.6854712e-01  -6.0287934e-01  -8.2918848e-01  -1.5057521e-02   3.1248935e-03   2.5324783e-03
   2.2170899e-01  -4.0220674e-01  -7.9481973e-01  -1.1109059e-02   2.2286392e-03   3.5221663e-03
   1.3665207e-01  -1.3681066e-01  -4.1198933e-01  -1.0649073e-02   2.0019122e-03   2.8250362e-03
   2.9117845e-01  -7.3936233e-01  -1.0621441e+00  -2.4354546e-02   5.2402775e-03   1.6453062e-03
   2.1705224e-01  -3.6881999e-01  -7.6848204e-01  -1.4308118e-02   2.9844490e-03   3.3722112e-03
   1.9648252e-01  -2.6430285e-01  -5.1317883e-01  -1.0476169e-02   3.0722159e-03   3.4175538e-03
   2.1684780e-01  -4.0889091e-01  -8.6007700e-01  -1.2865764e-02   2.4947680e-03   3.9942336e-03
   1.3497363e-01  -1.2130461e-01  -3.2450180e-01  -8.3226204e-03   2.1191779e-03   3.7608452e-03
   2.1468581e-01  -2.9254108e-01  -7.5452756e-01  -1.1245746e-02   3.5253103e-03   4.3219776e-03
   2.5236393e-01  -3.3506755e-01  -6.0029834e-01  -1.0218550e-02   4.4065678e-03   3.8341933e-03
   2.6787824e-01  -2.5676640e-01  -6.7582334e-01  -9.7935596e-03   4.1916085e-03   4.3564730e-03
   2.2472288e-01  -1.5350675e-01  -2.8736302e-01  -7.2760827e-03   4.3019331e-03   3.8596749e-03
   2.2702078e-01  -1.5649848e-01  -5.7414298e-01  -7.1194085e-03   3.3345268e-03   4.0387091e-03
   1.8673852e-01  -1.2571519e-01  -3.6826001e-01  -6.2144491e-03   3.0909297e-03   4.1550824e-03
   2.1328767e-01  -2.2549984e-01  -6.4468352e-01  -7.3582823e-03   3.1384873e-03   4.2110157e-03
   1.4457911e-01   6.6250454e-02  -1.8683427e-01  -4.2567254e-03   2.6300970e-03   4.3858819e-03
   2.1690123e-01  -2.8169237e-01  -5.7793112e-01  -7.4342297e-03   3.6087308e-03   4.0582659e-03
   2.9556474e-01  -1.5496034e-01  -5.3874591e-01  -9.8052863e-03   4.6565615e-03   5.0975504e-03
   3.0796407e-01  -1.8913551e-01  -4.8426483e-01  -1.1197239e-02   5.4243149e-03   3.1149338e-03
   3.3581006e-01  -3.4084355e-01  -7.0727108e-01  -1.3209011e-02   5.5427087e-03   4.1062635e-03
   3.1107565e-01  -4.4246196e-01  -8.9731487e-01  -1.1220394e-02   2.7343958e-03   1.6626100e-03
   2.3854639e-01  -3.6258333e-01  -9.1836513e-01  -1.1771373e-02   1.3262795e-03   6.2310128e-04
   1.3343777e-01   6.3799151e-02  -1.4197240e-01  -5.5791244e-03   1.7756491e-03   1.1642022e-03
   1.8583472e-01  -1.8483280e-01  -6.3560252e-01  -6.3788568e-03   1.1785679e-03   1.2136972e-03
   1.8663965e-01  -1.3270030e-01  -4.0022221e-01  -5.4970598e-03   1.8360767e-03   1.0757072e-03
   2.2202198e-01  -2.2403145e-01  -7.3619276e-01  -6.2400319e-03   1.1742411e-03   1.3176772e-03
   1.4737574e-01   1.4190162e-02  -3.0663039e-01  -3.3996977e-03   6.3263071e-04   1.8259040e-03
   1.7120102e-01  -2.2977203e-01  -6.8434550e-01  -5.0555089e-03   1.9968692e-04   2.0397871e-03
   1.2082784e-01   1.3293689e-02  -4.1606695e-01  -3.0508924e-03  -4.1596856e-04   1.3618137e-03
   1.6442830e-01  -1.8335001e-01  -6.6008224e-01  -5.0103609e-03   1.6417006e-04   1.1806033e-03
   9.0253300e-02   1.1634972e-01  -3.1925919e-01  -1.8095223e-03  -7.2961478e-04   1.4789724e-03
   1.1086936e-01  -8.6833076e-02  -4.1665403e-01  -3.2898787e-03  -1.3012562e-04   1.0944152e-03
   1.7856363e-01  -4.2239799e-01  -7.6755653e-01  -1.3908947e-02   6.6140814e-04  -6.8346898e-04
   1.3614738e-01  -1.7704298e-01  -5.7431053e-01  -6.9996105e-03  -2.6105550e-04  -4.7522892e-04
   1.6663330e-01  -1.7458038e-01  -6.9955755e-01  -5.5874126e-03  -5.7847046e-04   3.4633714e-04
   9.5204061e-02   5.8967825e-02  -2.6511056e-01  -3.0949595e-03  -5.9274982e-04   6.1228298e-04
   1.3809670e-01  -1.9485917e-01  -7.1537562e-01  -4.3876757e-03  -9.1833357e-04   7.1076254e-04
   1.0746011e-01   2.2456351e-02  -4.1389530e-01  -2.2449396e-03  -6.6121456e-04   3.9323383e-04
   2.1125362e-01  -2.8032256e-01  -6.3764325e-01  -8.8580091e-03   1.9124038e-03   6.9556834e-04
   1.6189104e-01  -8.5908526e-02  -5.4088463e-01  -4.8873502e-03   4.4140900e-05   9.4900943e-04
   1.1072107e-01  -5.6853340e-02  -4.0143931e-01  -2.8184618e-03   9.5174145e-05   5.3024429e-04
   1.4310842e-01  -1.3840927e-01  -7.2987791e-01  -4.0019409e-03  -7.2786334e-04   1.0018005e-03
   7.2167615e-02   1.6207849e-01  -2.1053106e-01  -8.7511187e-04  -9.7043001e-04   9.8972148e-04
   1.4999141e-01  -1.8917339e-01  -7.0387562e-01  -4.1404628e-03  -6.6946883e-04   6.8165357e-04
   7.0330962e-02   1.4168135e-01  -3.3243066e-01  -8.8164727e-04  -1.3287459e-03   5.8366926e-04
   1.2275323e-01  -1.8719928e-01  -6.4277608e-01  -3.8674355e-03  -5.6951319e-04   6.6946012e-04
   1.1336897e-01   5.0114206e-02  -4.4083054e-01  -1.6999553e-03  -1.2489485e-03   7.4195769e-04
   9.7141240e-02   5.8819162e-02  -2.9945905e-01  -1.0299799e-03  -8.8347927e-04   5.0109344e-04
   1.3354374e-01  -5.5977404e-02  -6.1081034e-01  -2.2705466e-03  -1.1779554e-03   8.7732189e-04
   6.8578341e-02   2.0822155e-01  -2.3268379e-01  -3.6746710e-04  -1.7324321e-03   3.3321121e-04
   2.0093970e-01  -3.9024842e-01  -9.8957468e-01  -1.4013311e-02  -3.4865009e-04  -1.4342782e-03
   1.0243002e-01   1.0359212e-02  -5.1219016e-01  -6.3858314e-03  -1.8068712e-03  -6.5462861e-04
   1.5260757e-01  -7.5040859e-01  -1.2528282e+00  -2.0524007e-02  -2.1662497e-03  -3.7000954e-03
   1.4847849e-01  -6.3225584e-01  -9.7822541e-01  -1.7181782e-02  -1.6963314e-03  -4.0843093e-03
   1.6907026e-01  -2.7844966e-01  -7.3624545e-01  -1.1793663e-02   1.8543905e-04  -1.4792735e-03
   1.4573052e-01  -2.5656575e-01  -6.4671632e-01  -8.2863714e-03   2.7519049e-04  -1.1463941e-03
   1.4227778e-01  -2.9711338e-01  -8.6071863e-01  -7.7024850e-03  -4.5207330e-04  -3.0462879e-04
   8.4012066e-02   2.9064833e-02  -3.9248514e-01  -4.5328514e-03  -8.3996563e-04   6.6539772e-04
   1.3372778e-01  -2.8909359e-01  -8.0578799e-01  -8.4724434e-03  -3.5337735e-04   4.7511360e-04
   8.6288227e-02   4.2313175e-03  -4.7139484e-01  -4.5644955e-03  -1.0088412e-03   7.0032495e-04
   9.1496516e-02  -1.7277754e-01  -6.0342290e-01  -5.7267804e-03  -2.5142765e-04   4.2377033e-04
   8.6139579e-02  -9.8107581e-02  -6.6113919e-01  -5.2336359e-03  -1.4287578e-03   1.0964094e-03
   1.0428291e-01  -7.6265673e-02  -4.3994746e-01  -5.4615936e-03  -5.1685811e-04   9.6057463e-04
   1.1579426e-01  -1.7058750e-01  -6.4008244e-01  -6.8811186e-03  -3.3734769e-04  -6.0235792e-04
   1.2760032e-01  -2.2734315e-01  -8.2997948e-01  -8.9328647e-03  -7.6400064e-04  -4.8007405e-04
   1.6725549e-01  -1.6187150e-01  -5.9275700e-01  -9.7718499e-03   6.0398760e-04  -1.6313839e-03
   2.0342810e-01  -2.9040814e-01  -8.7009426e-01  -9.0242480e-03   5.9693687e-04   1.1846079e-04
   1.4239628e-01   9.7436110e-03  -4.2143197e-01  -6.4767637e-03  -1.3613245e-05  -1.2598901e-04
   1.9067569e-01  -2.3896765e-01  -7.2211645e-01  -8.0259284e-03   8.2294293e-04  -5.0527216e-04
   1.6956155e-01  -8.1927354e-02  -6.4306407e-01  -6.5615014e-03   2.0077669e-04   3.1778832e-04
   1.1457753e-01  -1.7671651e-02  -4.0932374e-01  -3.9281246e-03  -7.5773776e-05  -5.0013351e-05
   1.9193651e-01  -2.4353143e-01  -7.7185308e-01  -8.2166108e-03   8.4606430e-04   7.1994589e-04
   1.4400733e-01  -1.0357249e-02  -4.5769506e-01  -6.2062699e-03  -2.3828584e-04   5.7543205e-04
   1.6165744e-01  -1.7807838e-01  -6.2901881e-01  -6.6098769e-03   2.8951900e-04   3.7741230e-04
   1.3759493e-01  -3.2591166e-03  -5.5666085e-01  -4.7029049e-03  -3.4601727e-04   6.9145030e-04
   1.1112425e-01   1.1239270e-02  -3.5086235e-01  -3.2962888e-03  -2.8101872e-04   1.9279087e-04
   1.3415656e-01  -1.5710950e-01  -6.2436501e-01  -4.8251949e-03  -2.1910336e-04   8.0437660e-04
   1.3644938e-01  -1.1456729e-01  -4.6738486e-01  -4.8673327e-03   4.5631515e-05   3.4373276e-04
   1.2435431e-01  -8.2462579e-03  -5.4732895e-01  -3.6938685e-03  -6.2861629e-04   5.7550725e-04
   6.4030366e-02   2.1522328e-01  -1.4284322e-01  -7.4223399e-04  -1.7358749e-03   3.9294193e-04
   1.9523977e-01  -2.3460995e-01  -8.3289466e-01  -6.7537154e-03  -4.4739995e-04   3.9377376e-04
   1.3397646e-01   1.2214251e-01  -2.0552446e-01  -2.6643802e-03  -4.0834647e-04  -7.7544964e-05
