   1.4097544e-14   0.0000000e+00   1.4210855e-14   0.0000000e+00   0.0000000e+00   0.0000000e+00
  -8.3047306e-02   1.4339664e-01   1.8648796e-01   5.8757973e-03  -1.7032902e-03   2.0102008e-04
  -1.4016813e-01   2.1641628e-01   3.4372090e-01   6.9156463e-03  -2.8916506e-03  -4.6791745e-04
  -1.3054019e-01   9.2959501e-02   2.6677524e-01   4.5522349e-03  -2.2417597e-03  -3.6327766e-04
  -1.2199580e-01   1.6074646e-01   3.7251257e-01   4.7026675e-03  -2.4432242e-03  -1.9968804e-04
  -1.3101057e-01   1.5570990e-01   4.2756213e-01   4.6817036e-03  -3.9551664e-03   5.1394586e-04
  -1.4173164e-01   1.8244507e-01   3.6459907e-01   1.7876830e-03  -3.0926904e-03  -9.3799402e-04
  -1.6096274e-01   8.7509528e-02   3.7456609e-01   2.2761289e-03  -4.3887742e-03  -4.5744548e-05
  -1.3586679e-01   1.1858343e-01   3.9055349e-01   3.0355485e-03  -4.0014907e-03   1.2096188e-04
  -1.3302008e-01   1.8902111e-01   4.0925429e-01   4.2731074e-03  -3.5564034e-03   7.9638511e-05
  -1.4907364e-01   1.1850924e-01   4.2241286e-01   2.8741522e-03  -3.6861927e-03   1.3245133e-04
  -1.7593421e-01   1.5552549e-01   3.7475032e-01   2.2270767e-03  -4.3078154e-03   3.8126995e-04
  -1.8751662e-01   2.2841385e-01   4.1408011e-01   4.7630512e-03  -3.9341853e-03  -5.1880909e-04
  -2.3803041e-01   1.1379670e-01   3.7104943e-01   1.3398192e-03  -4.7688305e-03  -5.1209071e-05
  -1.7560443e-01   1.0497580e-01   3.8388130e-01   1.0198272e-03  -3.3506285e-03   1.7006481e-04
  -2.2564602e-01   9.8803371e-02   4.1932147e-01   3.8635517e-04  -4.6541916e-03  -8.2619934e-04
  -2.3208733e-01   1.4678255e-01   5.1651028e-01   1.1167957e-03  -4.7301878e-03  -9.8728892e-04
  -2.4325572e-01   6.5965066e-02   4.1454837e-01  -4.8322211e-04  -4.6666207e-03  -7.6923892e-04
  -2.9275718e-01   5.1054960e-03   3.3706531e-01  -3.9880201e-03  -5.0001547e-03  -1.1674543e-03
  -2.2414507e-01   1.4718968e-01   5.6711075e-01  -3.2253057e-04  -5.6958157e-03  -9.1189285e-04
  -2.7211840e-01  -3.5575401e-02   5.2657517e-01  -4.3499753e-03  -6.1400256e-03  -1.7577870e-03
  -2.6357913e-01   1.3905082e-01   5.6248196e-01   3.0807306e-04  -5.9437350e-03  -1.6998215e-03
  -2.7218541e-01   9.8157410e-02   6.2195741e-01  -2.7157300e-03  -6.3647033e-03  -1.8357380e-03
  -2.3684046e-01   8.9791259e-02   5.2710558e-01  -7.0912186e-04  -5.4692630e-03  -1.3220194e-03
  -2.4290356e-01   1.7946138e-01   6.4470659e-01   3.3257966e-04  -5.2446622e-03  -6.4068280e-04
  -2.9514059e-01   1.3931317e-01   5.8142992e-01   1.8719590e-03  -6.0106354e-03  -4.8173949e-05
  -2.6448820e-01   3.3285892e-01   5.9622691e-01   2.9091940e-03  -5.3643234e-03  -6.6617251e-06
  -2.9927122e-01   8.5995793e-02   3.7819202e-01  -1.2296573e-03  -5.3381343e-03  -1.3791622e-03
  -2.5085486e-01   5.5996339e-02   6.0148656e-01  -4.7540444e-03  -4.9954557e-03  -7.0000606e-04
  -2.9640434e-01   2.5077392e-02   5.2672219e-01  -2.2446705e-03  -6.3192380e-03  -1.6546699e-03
  -3.0715317e-01   1.5583022e-01   5.4391991e-01   1.2660345e-03  -5.3492447e-03  -1.6860998e-03
  -3.4720606e-01   9.9681338e-02   5.6308868e-01  -1.1918215e-04  -6.4089320e-03  -1.1011708e-03
  -3.7451401e-01   9.8384926e-02   6.2414958e-01   1.6232140e-03  -7.3837684e-03  -4.3808618e-04
  -3.4998107e-01   2.0427932e-01   6.7974457e-01   1.3174019e-03  -6.6192415e-03  -3.5025486e-04
  -3.8782093e-01   2.6332629e-02   5.4519687e-01  -3.0498298e-03  -7.2118347e-03  -8.5160355e-04
  -4.0447794e-01   8.6761927e-02   6.1261453e-01  -1.5712395e-03  -7.5848379e-03  -1.6531035e-03
  -3.9814387e-01   1.5852217e-01   7.1618232e-01   9.7425185e-04  -7.3347127e-03   4.7270162e-04
  -4.1825297e-01   7.3156626e-02   5.1143278e-01  -4.5672791e-04  -6.2976180e-03  -2.5195192e-04
  -3.9384289e-01   1.5846110e-01   5.7275920e-01  -3.5512162e-04  -7.1131411e-03  -1.0153028e-03
  -2.1920518e-01  -9.6890094e-02   5.3295957e-01  -7.0741859e-03  -3.1662542e-03   7.3637695e-04
  -3.1604190e-01   1.8190588e-03   5.9197321e-01  -3.5239658e-03  -5.4261404e-03   3.1675753e-05
  -3.5374435e-01   5.4542154e-02   6.2068989e-01  -3.9778876e-03  -5.9707831e-03  -1.4393516e-03
  -3.4443902e-01   7.9191269e-02   7.0125167e-01  -2.4899801e-03  -6.5164388e-03  -7.3281829e-04
  -3.9581866e-01   1.2640584e-01   6.2389786e-01   4.3275195e-04  -6.1183142e-03   6.8487108e-04
  -3.9581302e-01   1.1932073e-01   6.0761574e-01  -2.8328410e-03  -6.5226978e-03  -1.8300664e-03
  -4.2552026e-01   1.5471370e-01   6.6153133e-01   2.0378271e-04  -7.7889935e-03   1.1927628e-04
  -3.8190328e-01   2.9304527e-01   6.4845967e-01   2.1588282e-03  -6.0386178e-03   3.3337640e-04
  -4.4595441e-01   4.8052803e-02   6.0445571e-01  -3.7255060e-03  -6.8485594e-03  -1.0869672e-03
  -4.8041403e-01   1.6753235e-01   5.7161253e-01   5.1168047e-04  -7.7173797e-03  -6.0054293e-04
  -3.9722020e-01   2.5859907e-01   4.2641116e-01   3.8566165e-03  -7.4011105e-03  -2.1159495e-04
  -4.6343025e-01   1.4623332e-01   4.0499840e-01  -2.7937922e-04  -9.0832252e-03  -6.1343356e-04
  -4.3208393e-01   1.6979720e-01   4.5704560e-01  -1.4295811e-03  -8.1106960e-03  -2.0633770e-03
  -4.7222262e-01   2.1208885e-01   5.6560191e-01   1.2704919e-03  -9.3212881e-03  -3.8178670e-04
  -3.4026707e-01  -1.5237753e-01   4.5017900e-01  -1.2573048e-02  -3.2175625e-03  -4.1171818e-05
  -3.6501918e-01   7.6997613e-02   4.3839372e-01  -6.9144229e-03  -6.5535925e-03   2.9358675e-04
  -3.5300120e-01   4.4930929e-02   4.2758519e-01  -6.6362777e-03  -6.5530850e-03   7.8168569e-05
  -3.6754775e-01   7.3889366e-02   4.5660069e-01  -7.3144043e-03  -6.3516858e-03  -6.5297450e-04
  -3.7620014e-01   4.1693734e-02   5.0256024e-01  -6.5466373e-03  -7.1609161e-03  -7.0439178e-04
  -4.2979134e-01   3.0230827e-02   4.8718812e-01  -5.4747487e-03  -7.5777449e-03  -6.4388258e-04
  -3.8418500e-01   1.4546563e-01   5.6183107e-01  -3.2374723e-03  -6.9946754e-03   4.4299969e-06
  -3.6430501e-01  -1.6775858e-01   4.3192207e-01  -1.2946321e-02  -5.7235433e-03  -1.4658924e-03
  -4.0423831e-01   4.7760830e-02   4.1522012e-01  -8.1063855e-03  -7.4495540e-03  -1.7461773e-03
  -3.8857837e-01   1.0990031e-01   5.3254337e-01  -7.8554173e-03  -7.1432013e-03  -1.6502623e-03
  -4.2825183e-01   9.7516888e-03   4.5299145e-01  -7.2805299e-03  -8.1212538e-03  -1.6026590e-03
  -4.2136661e-01   4.1006973e-02   5.1303201e-01  -8.5030819e-03  -7.7485051e-03  -1.9687587e-03
  -4.5242485e-01   1.5573248e-01   6.0085670e-01  -2.2061210e-03  -8.9971634e-03  -6.3346502e-04
  -4.3865803e-01   1.6955439e-01   3.8473865e-01  -2.4062859e-03  -7.9991776e-03  -1.8016475e-04
  -3.8991797e-01   6.4200119e-02   4.0036607e-01  -7.1881149e-03  -7.8568687e-03  -1.6440619e-03
  -3.4756016e-01  -6.7651752e-03   1.8260531e-01  -1.2009555e-02  -5.9803346e-03  -1.2849070e-03
  -4.1497312e-01   1.3262116e-01   4.0308178e-01  -7.1716000e-03  -8.0946970e-03  -1.8174915e-03
  -4.3428428e-01   7.1581555e-02   3.9338795e-01  -6.8865719e-03  -9.1824999e-03  -6.9409712e-04
  -4.2356118e-01   1.8626861e-01   3.5966778e-01  -1.9809671e-03  -8.4692066e-03   4.1164431e-04
  -4.3209728e-01   1.3276518e-01   3.9339342e-01  -5.7478734e-03  -8.7904412e-03  -7.1612497e-04
  -4.1937003e-01   1.3199935e-01   3.4593470e-01  -5.7545105e-03  -8.4837194e-03  -1.5963619e-03
  -4.2758666e-01   1.8394884e-01   4.1987997e-01  -4.3280542e-03  -8.9918164e-03  -7.0182000e-04
  -3.9005284e-01   1.5607147e-01   4.3648551e-01  -4.6894584e-03  -8.4860173e-03  -9.9575596e-05
  -4.0831284e-01   2.2876797e-01   3.6314150e-01  -2.0404337e-03  -7.8459052e-03  -1.0160708e-03
  -4.1308638e-01   2.9790630e-01   4.9311122e-01   3.9502234e-04  -8.5038976e-03   4.9708191e-04
  -3.8008674e-01   1.9863803e-01   2.8244236e-01  -2.5663080e-03  -7.5833135e-03  -4.8554704e-04
  -3.7467977e-01   2.7990249e-01   4.3009261e-01  -5.6744053e-04  -7.8018960e-03  -6.0503344e-04
  -2.1189335e-01   9.3828268e-02   2.3598171e-01  -7.1858592e-03  -5.5774961e-03  -2.0856868e-03
  -3.6726102e-01   1.9849331e-01   3.9013937e-01  -2.0977914e-03  -8.8881898e-03  -2.2851229e-03
  -4.0743714e-01   2.1550209e-01   5.0497546e-01  -4.8700160e-04  -9.3348221e-03  -1.5533265e-03
  -4.0218300e-01   2.2134895e-01   4.7321046e-01  -1.1512092e-03  -8.8847248e-03  -4.7874838e-04
  -3.5899726e-01   1.8803139e-01   4.8559824e-01  -5.2326790e-03  -8.0009414e-03  -1.1823342e-03
  -3.9125996e-01   1.6390175e-01   4.9624991e-01  -4.4546876e-03  -8.7284010e-03  -1.7754163e-03
  -4.4111118e-01   2.0836836e-01   5.0774024e-01  -3.4630896e-03  -9.4681028e-03  -7.2643107e-04
  -3.5342670e-01   2.6632240e-01   5.3372306e-01  -4.5753311e-03  -7.5766816e-03  -6.1575813e-04
  -3.5674772e-01   1.1640833e-01   4.6076757e-01  -5.9257289e-03  -8.2733655e-03  -6.3917193e-04
  -3.6062407e-01   2.1240250e-01   4.6036745e-01  -3.5174419e-03  -7.9533990e-03  -6.6006388e-04
  -3.6121833e-01   1.4423969e-01   4.7331940e-01  -5.7647040e-03  -7.9306097e-03  -8.0343992e-04
  -4.1266454e-01   1.7667867e-01   4.0754494e-01  -4.8098640e-03  -8.8733059e-03  -1.3851744e-03
  -4.0253536e-01   2.5711170e-01   5.3600161e-01  -3.0570116e-03  -8.8753450e-03  -1.2491820e-03
  -3.9763642e-01   2.3332680e-01   5.1732095e-01  -1.2103452e-03  -9.2188670e-03  -7.0352875e-06
  -3.9977124e-01   2.2282265e-01   4.8981146e-01  -2.6844668e-03  -9.0972799e-03  -7.6310376e-04
  -4.1439990e-01   2.7162081e-01   5.8516633e-01  -2.3248070e-03  -9.4318915e-03  -7.1847262e-04
  -3.5281344e-01   6.8234129e-02   4.6614755e-01  -7.7477920e-03  -8.0783197e-03  -1.0306907e-03
  -4.0264970e-01   2.3030231e-01   4.9051432e-01  -2.2308044e-03  -9.1461150e-03  -9.2371463e-04
  -3.5181529e-01   2.2311911e-01   5.4026139e-01  -4.3663528e-03  -8.5517900e-03   2.1671020e-04
  -3.3740524e-01   2.0942273e-01   4.7422310e-01  -4.3391154e-03  -7.7936284e-03  -2.2432927e-04
  -4.1206704e-01   2.6761480e-01   4.4450402e-01  -1.3700913e-03  -9.3665812e-03  -1.5499636e-03
  -4.3786088e-01   1.9555654e-01   3.9605604e-01  -2.0238986e-03  -1.0545193e-02  -1.3508490e-03
  -4.3256143e-01   2.9579199e-01   4.9018180e-01  -1.4847865e-04  -1.0115712e-02  -9.5721330e-04
  -4.1589144e-01   2.9567348e-01   5.6107971e-01  -5.1216841e-04  -9.6172546e-03  -3.8116136e-04
  -4.3626674e-01   2.5562445e-01   5.0958412e-01  -3.4131331e-04  -1.0298772e-02  -1.9355533e-04
  -4.2819078e-01   3.7399685e-01   6.4171724e-01   8.3303611e-04  -1.0178246e-02  -3.6984237e-04
  -4.5674566e-01   2.7617478e-01   5.3952649e-01   9.8144097e-04  -1.0829404e-02   2.2049817e-04
  -4.1336773e-01   3.7505605e-01   6.1355685e-01   7.6605279e-04  -9.8141662e-03  -1.8095413e-04
  -4.9332438e-01   2.5603376e-01   5.0829273e-01  -9.2167521e-04  -1.1292035e-02  -7.0916267e-04
  -4.8694423e-01   3.6950863e-01   5.4255326e-01   2.8443117e-03  -1.1097021e-02  -8.0578349e-04
  -4.9797671e-01   3.5010517e-01   6.0767034e-01   1.9510708e-03  -1.1389609e-02  -4.7477838e-04
  -4.5389588e-01   3.6934969e-01   5.8027622e-01   2.9218924e-03  -9.7822859e-03   2.9544595e-04
  -4.2718419e-01   4.6868929e-01   7.1572127e-01   4.8890585e-03  -1.0339162e-02   1.1399786e-03
  -4.2005407e-01   3.4503088e-01   5.9080860e-01   1.8976478e-03  -9.2986283e-03  -6.6110577e-05
  -4.3151939e-01   4.6375246e-01   6.7649498e-01   3.6073334e-03  -1.0092605e-02  -3.4737734e-04
  -4.3638043e-01   3.9444373e-01   6.2912275e-01   3.4309849e-03  -1.0377935e-02   1.4756364e-04
  -4.5683682e-01   4.2358567e-01   6.0970429e-01   3.0812225e-03  -1.0523576e-02  -6.2333210e-04
  -3.9019265e-01   3.4383446e-01   6.2786193e-01  -1.4365755e-03  -9.7679043e-03   1.5121883e-04
  -4.1099747e-01   5.3576582e-01   9.2231480e-01   2.1454078e-03  -8.4504740e-03  -3.1608714e-04
  -4.4632229e-01   3.9655454e-01   3.6969058e-01   5.1928793e-03  -9.5288535e-03  -5.9352008e-04
  -4.6028961e-01   3.8172820e-01   6.2763825e-01   3.5666224e-03  -1.0791863e-02  -1.0344077e-04
  -4.6417580e-01   4.5759383e-01   7.8652104e-01   4.3568136e-03  -1.0824908e-02   1.1264802e-04
  -4.7580489e-01   3.7605503e-01   6.8916882e-01   1.8662168e-03  -1.0858161e-02  -4.0856231e-04
  -4.5821618e-01   3.7705501e-01   7.0527797e-01   3.4554520e-03  -1.0889657e-02   7.0883568e-04
  -4.2421001e-01   4.5364705e-01   7.3925984e-01   4.2912780e-03  -1.0584764e-02   8.8476295e-04
  -4.4196252e-01   4.6191200e-01   7.1362422e-01   4.6811585e-03  -1.0909332e-02   2.7403747e-04
  -4.4289273e-01   3.7229288e-01   6.2313670e-01   2.7977916e-03  -1.0373164e-02  -8.3431527e-05
  -4.6240095e-01   4.4929907e-01   7.8183655e-01   5.3909039e-03  -1.1542633e-02   1.2808697e-03
  -3.4063240e-01   4.3334927e-01   6.8148006e-01   1.8243298e-03  -8.0406037e-03   1.7862340e-03
  -4.4962586e-01   3.7838516e-01   6.6518908e-01   3.1709756e-03  -1.0945667e-02   7.5331683e-04
  -4.0131813e-01   4.8199551e-01   7.5367504e-01   4.3909953e-03  -9.7425800e-03   1.2955819e-03
  -4.1459406e-01   4.0871280e-01   7.5573834e-01   3.7173834e-03  -1.0254309e-02   4.6996001e-04
  -4.4362138e-01   3.7454439e-01   6.9868713e-01   3.3232137e-03  -1.0220756e-02   4.2804187e-04
  -4.6443116e-01   4.3185129e-01   7.4094954e-01   6.1270429e-03  -1.0944004e-02   1.8095336e-03
  -4.1106328e-01   5.4475244e-01   8.1749856e-01   6.1571027e-03  -9.1711054e-03   4.1016103e-04
  -4.8133829e-01   4.4697950e-01   7.5572011e-01   6.0865720e-03  -1.1412002e-02   4.6182183e-04
  -4.4734611e-01   5.3416182e-01   8.7283737e-01   7.0715074e-03  -1.1179175e-02   8.8949022e-04
  -4.4767890e-01   5.0529906e-01   8.0355959e-01   8.6948801e-03  -1.1013157e-02   7.6969753e-04
  -4.8287943e-01   5.3687422e-01   5.9127684e-01   1.0124414e-02  -1.2645683e-02   7.6458378e-04
  -4.8396168e-01   4.8873670e-01   4.3878612e-01   8.5732581e-03  -1.3227028e-02  -6.7264345e-05
  -4.5608479e-01   4.9250682e-01   5.4726102e-01   7.6693754e-03  -1.2388686e-02  -1.2296422e-03
  -4.6679486e-01   4.2450387e-01   5.1206634e-01   5.6789207e-03  -1.2826534e-02  -1.5123606e-03
  -4.5077062e-01   5.1198356e-01   5.9787376e-01   7.1786703e-03  -1.2424950e-02  -2.9825283e-04
  -4.0652896e-01   3.7701172e-01   5.2649486e-01   2.4347445e-03  -1.1122176e-02   1.3605873e-04
  -4.3674802e-01   4.5166823e-01   5.0871982e-01   4.9136553e-03  -1.1404579e-02  -6.0948271e-04
  -4.6699744e-01   3.9920918e-01   5.2458548e-01   4.1394229e-03  -1.2088515e-02  -7.6678683e-04
  -4.3878150e-01   4.0020745e-01   5.2174620e-01   3.5095127e-03  -1.1300892e-02  -9.7907597e-04
  -4.5207782e-01   4.4451795e-01   5.9386833e-01   4.2468891e-03  -1.1850917e-02  -1.8100134e-03
  -4.0937529e-01   3.8250778e-01   5.4186314e-01   4.8544141e-03  -1.1477290e-02  -7.6509725e-04
  -4.1808816e-01   4.3258188e-01   5.7173413e-01   4.1222529e-03  -1.1047793e-02  -1.6474238e-03
  -4.6150814e-01   3.5488323e-01   5.3315519e-01   3.0759677e-03  -1.2051556e-02  -1.4135978e-03
  -4.5930981e-01   4.6332112e-01   5.5140171e-01   5.2593256e-03  -1.1891378e-02  -2.0001735e-03
  -4.8074588e-01   4.0414056e-01   4.4847961e-01   2.2163710e-03  -1.2026989e-02  -2.0110158e-03
  -4.6929758e-01   4.2734415e-01   5.1794788e-01   3.0889920e-03  -1.2041712e-02  -2.1915873e-03
  -4.0915118e-01   3.7208023e-01   5.5337539e-01  -3.0100834e-05  -9.4335154e-03  -2.7376318e-05
  -4.7055457e-01   3.8481300e-01   5.0645425e-01   6.0629107e-03  -1.2858600e-02  -3.0550280e-03
  -4.2431625e-01   5.0934284e-01   5.7707013e-01   6.1954843e-03  -1.2064340e-02  -3.0411848e-03
  -4.8750118e-01   3.7687453e-01   5.4143067e-01   5.2215856e-03  -1.3456857e-02  -1.4834880e-03
  -4.4514316e-01   7.1121643e-01   1.2694347e+00   2.2568995e-03  -1.1221954e-02  -3.1069926e-03
  -4.7799415e-01   4.7642320e-01   6.2555529e-01   7.1596222e-03  -1.2401024e-02  -1.2494445e-03
  -5.0325371e-01   5.5906578e-01   8.5655414e-01   7.0137121e-03  -1.3480981e-02  -1.5350000e-03
  -5.2930368e-01   5.2695517e-01   8.2350954e-01   6.3237805e-03  -1.3935006e-02  -1.8839552e-03
  -5.3005570e-01   5.9231708e-01   8.8685631e-01   7.6446763e-03  -1.3985691e-02  -1.2455278e-03
  -5.3157124e-01   6.1168097e-01   8.5305992e-01   9.3944485e-03  -1.3774793e-02  -1.2408539e-03
  -5.5359730e-01   5.7102908e-01   6.9733055e-01   8.4194278e-03  -1.4279105e-02  -1.9695005e-03
  -5.4691580e-01   5.6370941e-01   7.3614551e-01   6.6550466e-03  -1.4155764e-02  -2.7889681e-03
  -5.4148873e-01   6.4586976e-01   8.6678155e-01   1.0878861e-02  -1.4139726e-02  -1.3463545e-03
  -5.1370653e-01   6.2669677e-01   8.0243494e-01   1.1587126e-02  -1.3343502e-02  -1.6194015e-03
  -5.2793624e-01   6.4234934e-01   8.5002903e-01   1.0058598e-02  -1.3529794e-02  -2.4791901e-03
  -5.4308925e-01   6.0904638e-01   8.6966525e-01   9.2660186e-03  -1.3972193e-02  -1.9681130e-03
  -5.5877188e-01   6.2902131e-01   8.5242649e-01   1.1641570e-02  -1.4371538e-02  -1.4867278e-03
  -5.1945176e-01   5.9035767e-01   7.2398114e-01   5.8417017e-03  -1.3398797e-02  -2.5748111e-03
  -5.2097302e-01   4.9946670e-01   7.4524584e-01   6.2435809e-03  -1.3922638e-02  -2.6151691e-03
  -5.2646292e-01   6.5360732e-01   8.7975567e-01   9.6824233e-03  -1.3792580e-02  -1.6899484e-03
  -5.3201310e-01   5.6364448e-01   8.7931005e-01   8.4440130e-03  -1.3945818e-02  -1.8536977e-03
  -5.3177329e-01   5.6367178e-01   7.7692448e-01   8.1437475e-03  -1.3244049e-02  -2.0852774e-03
  -4.9668765e-01   6.1792681e-01   7.5647101e-01   1.1019820e-02  -1.4249236e-02  -1.6064176e-03
  -5.0518727e-01   5.0505000e-01   6.8235771e-01   7.7748221e-03  -1.4389739e-02  -2.2617943e-03
  -4.8382632e-01   5.8660595e-01   7.7432412e-01   9.3454148e-03  -1.4153037e-02  -1.3859551e-03
  -4.6167383e-01   5.1889150e-01   8.2920622e-01   7.5287863e-03  -1.4098407e-02  -1.3718892e-03
  -4.7563381e-01   5.1389471e-01   8.0176449e-01   7.9514869e-03  -1.4075263e-02  -2.1446555e-03
  -4.7822208e-01   5.5927146e-01   8.3827187e-01   8.2813308e-03  -1.3951892e-02  -1.5036466e-03
  -4.7643152e-01   4.3920660e-01   8.1354983e-01   7.0617439e-03  -1.3725682e-02  -2.2538083e-03
  -4.8749666e-01   5.5518666e-01   7.9830759e-01   8.5256612e-03  -1.3813976e-02  -2.4522530e-03
  -5.0292543e-01   5.4865861e-01   8.2984439e-01   7.8974848e-03  -1.4319800e-02  -2.2203312e-03
  -5.2085136e-01   5.2947044e-01   8.2051574e-01   9.1611647e-03  -1.4696121e-02  -1.7531036e-03
  -5.0936602e-01   6.1218374e-01   7.8156356e-01   8.0771739e-03  -1.3720961e-02  -1.9464462e-03
  -5.4314877e-01   4.7727515e-01   7.4505463e-01   4.3970699e-03  -1.4657125e-02  -2.4838099e-03
  -5.2756436e-01   5.2761326e-01   8.1321916e-01   7.5489471e-03  -1.3995847e-02  -2.4411023e-03
  -5.2457798e-01   5.3323216e-01   8.8582945e-01   7.6261082e-03  -1.4503175e-02  -1.6906788e-03
  -4.8536666e-01   4.7169206e-01   8.2233862e-01   5.7823171e-03  -1.3564743e-02  -1.8314141e-03
  -5.0352651e-01   5.8020977e-01   8.4024425e-01   9.3629756e-03  -1.4284301e-02  -1.8676968e-03
  -5.0476678e-01   5.0561709e-01   6.9850791e-01   6.1535980e-03  -1.4506198e-02  -2.1762381e-03
  -5.0686251e-01   5.2058532e-01   6.9369083e-01   6.4682145e-03  -1.4547930e-02  -2.1830566e-03
  -4.8495731e-01   5.6350119e-01   7.8793614e-01   6.7838810e-03  -1.4425136e-02  -1.7102377e-03
  -4.8333364e-01   4.6922347e-01   7.6220318e-01   5.3410083e-03  -1.4656492e-02  -2.2244842e-03
  -5.0121887e-01   4.9251592e-01   7.4445611e-01   4.8786111e-03  -1.4579879e-02  -2.3407067e-03
  -4.9484635e-01   5.5917526e-01   8.2975923e-01   6.5623481e-03  -1.4250809e-02  -1.4153993e-03
  -5.0507038e-01   5.2145778e-01   6.6689151e-01   7.1550603e-03  -1.4401479e-02  -1.3390795e-03
  -4.8218598e-01   6.6366610e-01   7.3968541e-01   7.6141180e-03  -1.4469060e-02  -2.3030394e-03
  -4.8193831e-01   3.4226238e-01   6.7323827e-01   4.9582574e-05  -1.3592794e-02  -1.5346757e-03
  -4.8913768e-01   5.6421177e-01   7.0083825e-01   5.3582425e-03  -1.3764478e-02  -1.7402048e-03
  -5.2338218e-01   5.1468047e-01   7.6337017e-01   4.8187794e-03  -1.4461418e-02  -1.2351438e-03
  -5.1734416e-01   5.0563343e-01   7.0568497e-01   3.8907889e-03  -1.4198707e-02  -2.2330908e-03
  -5.4992250e-01   5.4083485e-01   7.9947047e-01   4.7451657e-03  -1.5143539e-02  -2.3060392e-03
  -5.6866573e-01   4.9589248e-01   7.5855725e-01   6.7669678e-03  -1.5823190e-02  -2.1234936e-03
  -5.0472334e-01   5.5607402e-01   7.1564333e-01   5.8820631e-03  -1.3502478e-02  -2.1254993e-03
  -4.9730162e-01   5.3918508e-01   7.2052654e-01   6.1200606e-03  -1.3626832e-02  -1.0335062e-03
  -5.1492784e-01   5.0396247e-01   7.0773393e-01   6.6063287e-03  -1.4218893e-02  -1.1975549e-03
  -5.2004484e-01   4.8015655e-01   7.1419098e-01   4.4642307e-03  -1.3915676e-02  -1.5494023e-03
  -5.0841725e-01   4.8887466e-01   7.2640948e-01   3.4692834e-03  -1.3896550e-02  -6.8141889e-04
  -5.1701609e-01   4.8707465e-01   6.1880078e-01   4.2240052e-03  -1.2934602e-02  -1.3762662e-03
  -5.3352659e-01   4.8265824e-01   6.8217582e-01   3.3817614e-03  -1.3259002e-02  -1.1678825e-03
  -5.3453653e-01   4.5116027e-01   6.4726807e-01   3.8691967e-03  -1.3718977e-02  -9.2282758e-04
  -5.5019324e-01   5.4097959e-01   7.5611468e-01   6.0577231e-03  -1.4479417e-02  -7.3206990e-04
  -5.5488817e-01   4.7471763e-01   7.2504193e-01   5.1822772e-03  -1.4870446e-02  -1.1785991e-03
  -5.6256261e-01   5.3617993e-01   9.5690133e-01   1.6527967e-04  -1.3898780e-02  -1.9776695e-03
  -5.9281250e-01   5.6822866e-01   7.1900814e-01   6.9213758e-03  -1.4146125e-02  -2.2351962e-03
  -6.0599401e-01   4.4205025e-01   7.7015248e-01   3.1562726e-03  -1.4836189e-02  -2.4355755e-03
  -5.8421806e-01   5.6817351e-01   9.0428169e-01   5.1416496e-03  -1.4853904e-02  -2.0184322e-03
  -6.0634055e-01   5.1838638e-01   8.3715319e-01   3.9794388e-03  -1.5023830e-02  -2.0554509e-03
  -5.9475807e-01   5.3580547e-01   7.6324877e-01   6.1877742e-03  -1.4766654e-02  -2.1561916e-03
  -5.9692210e-01   4.8402679e-01   7.3611121e-01   4.5540258e-03  -1.4847609e-02  -2.7491723e-03
  -5.9936104e-01   4.6343608e-01   7.9958686e-01   3.7114006e-03  -1.5101731e-02  -2.2354502e-03
  -5.6698196e-01   4.7288956e-01   8.2266565e-01   4.5193291e-03  -1.5231389e-02  -2.3482708e-03
  -5.7049225e-01   4.9620323e-01   7.7211502e-01   4.4661342e-03  -1.4368449e-02  -3.1655858e-03
  -5.8194158e-01   5.0997292e-01   8.3291291e-01   5.3749299e-03  -1.5020732e-02  -2.4468838e-03
  -6.1622190e-01   4.8947430e-01   7.6926642e-01   4.2126247e-03  -1.4703135e-02  -2.2026629e-03
  -6.0042819e-01   5.9648729e-01   8.3381132e-01   6.9460917e-03  -1.4940060e-02  -1.6511628e-03
  -6.2187971e-01   4.8023256e-01   7.3225181e-01   4.5808532e-03  -1.5554662e-02  -2.2528945e-03
  -5.8353977e-01   5.3783254e-01   7.9359969e-01   5.8292183e-03  -1.4836345e-02  -2.3569751e-03
  -5.8809433e-01   5.8716598e-01   8.2003453e-01   8.3348966e-03  -1.4529838e-02  -1.6409160e-03
  -5.7960323e-01   4.7146037e-01   7.6847402e-01   3.6986951e-03  -1.4793575e-02  -2.9008019e-03
  -6.1556025e-01   4.9467499e-01   7.3104067e-01   4.8601105e-03  -1.5207506e-02  -2.6832732e-03
  -5.8804028e-01   5.3446900e-01   7.9318989e-01   5.5601371e-03  -1.5340398e-02  -2.8960871e-03
  -6.2875554e-01   5.0241372e-01   7.5193489e-01   5.8095856e-03  -1.5898229e-02  -2.8624424e-03
  -5.7306202e-01   6.2793705e-01   7.8883037e-01   7.4035448e-03  -1.5034580e-02  -2.3737426e-03
  -5.5219793e-01   4.6211558e-01   7.2346267e-01   6.8081454e-03  -1.4416689e-02  -1.8493155e-03
  -5.4057487e-01   4.5923094e-01   7.3519599e-01   4.5969834e-03  -1.4161471e-02  -2.5995128e-03
  -5.7071101e-01   5.5084935e-01   8.3658661e-01   8.0465202e-03  -1.5519022e-02  -1.6457709e-03
  -5.3203587e-01   5.1355847e-01   7.4947445e-01   6.5754739e-03  -1.4356336e-02  -2.0522752e-03
  -5.3518450e-01   6.4776771e-01   9.4591649e-01   9.2484965e-03  -1.4216912e-02  -1.5383771e-03
  -5.0582604e-01   6.1872550e-01   6.5653818e-01   1.0779380e-02  -1.3507625e-02  -2.1280805e-03
  -5.3890791e-01   5.5132360e-01   7.5670049e-01   8.5988411e-03  -1.4945751e-02  -1.1988348e-03
  -5.1741648e-01   5.9346542e-01   8.0729108e-01   8.4785177e-03  -1.4640120e-02  -2.1603264e-03
  -5.0729861e-01   5.4392627e-01   7.8234198e-01   7.9425360e-03  -1.4760276e-02  -1.4735783e-03
  -4.9512891e-01   5.4870831e-01   7.4660364e-01   8.9210560e-03  -1.4683374e-02  -6.1343892e-04
  -4.5315108e-01   6.6794190e-01   7.8639567e-01   1.1189157e-02  -1.3668410e-02  -1.2133743e-03
  -4.7402373e-01   5.3527232e-01   6.3775775e-01   8.0893110e-03  -1.4412298e-02  -1.3386927e-03
  -4.6248296e-01   6.0108407e-01   6.9493829e-01   7.7734332e-03  -1.4044357e-02  -1.8401709e-03
  -4.6283778e-01   5.0130117e-01   6.6316832e-01   6.2049774e-03  -1.4251725e-02  -2.0847140e-03
  -4.9810011e-01   5.7291894e-01   6.8538403e-01   9.6982005e-03  -1.4567834e-02  -1.2924739e-03
  -4.8398489e-01   5.2831717e-01   6.8903208e-01   7.4660917e-03  -1.4087954e-02  -1.7756875e-03
  -4.9126704e-01   5.6530188e-01   7.1212210e-01   9.2716226e-03  -1.4319101e-02  -2.2760857e-03
  -5.0411249e-01   6.1313465e-01   7.6245261e-01   1.1366120e-02  -1.4777289e-02  -9.7246266e-04
  -5.2077908e-01   6.4692291e-01   6.5027352e-01   1.0703402e-02  -1.4279129e-02  -1.5698326e-03
  -4.7436609e-01   7.1948461e-01   7.2803604e-01   1.2148981e-02  -1.3300661e-02  -2.1243979e-03
  -4.8415366e-01   5.7023658e-01   6.6351853e-01   6.6446727e-03  -1.3345218e-02  -1.6430117e-03
  -4.5581306e-01   6.3423404e-01   7.2457181e-01   9.2963374e-03  -1.2718321e-02  -8.4480723e-04
  -5.1493002e-01   5.9799257e-01   7.0737619e-01   8.5678792e-03  -1.4150397e-02  -1.3788119e-03
  -5.3054157e-01   6.5333454e-01   6.5902463e-01   1.0422289e-02  -1.3453908e-02  -1.6666468e-03
  -5.1239675e-01   7.3004741e-01   7.7379214e-01   1.1501228e-02  -1.3919138e-02  -1.0437618e-03
  -5.1275792e-01   5.2898005e-01   6.1102601e-01   5.4361922e-03  -1.3227135e-02  -1.3579970e-03
  -4.9471218e-01   7.1469085e-01   7.8175369e-01   1.5155660e-02  -1.3855537e-02  -2.8636700e-04
  -4.8420916e-01   6.2547630e-01   6.8938859e-01   1.1423739e-02  -1.2838659e-02  -3.8283319e-04
  -4.9490343e-01   6.3663077e-01   7.0460192e-01   9.9529906e-03  -1.3176116e-02  -9.2869179e-04
  -5.2733041e-01   6.4395202e-01   7.3341619e-01   1.1801711e-02  -1.4296108e-02  -5.6549246e-04
  -4.9801516e-01   5.5763327e-01   1.3132275e+00   2.8573290e-03  -1.0698164e-02  -1.1114037e-05
  -5.3825976e-01   8.1320582e-01   6.8312246e-01   1.1619287e-02  -1.0436123e-02  -7.5777390e-04
  -4.6629937e-01   5.3732474e-01   6.5185090e-01   7.3130195e-03  -1.1970828e-02  -1.9850549e-03
  -5.1032827e-01   6.3052463e-01   8.0217170e-01   1.0210195e-02  -1.2767850e-02  -8.9212778e-04
  -4.9370039e-01   5.8481034e-01   7.5312785e-01   8.9229745e-03  -1.2455298e-02  -1.5646283e-03
  -5.0601612e-01   6.3236672e-01   8.3382236e-01   1.1350825e-02  -1.2867920e-02  -1.3932074e-03
  -4.6863656e-01   6.2242237e-01   8.7932585e-01   1.3311928e-02  -1.2504196e-02  -1.2418941e-03
  -4.6595719e-01   5.8714387e-01   8.2902188e-01   1.1674716e-02  -1.2538582e-02  -2.0757499e-03
  -5.0446489e-01   5.5923307e-01   7.7700199e-01   1.0570867e-02  -1.3299083e-02  -2.8776429e-03
  -4.7854465e-01   6.5260090e-01   8.3384926e-01   1.3675119e-02  -1.3319452e-02  -2.2452797e-03
  -4.6916388e-01   6.9869482e-01   8.3012482e-01   1.5326046e-02  -1.2999798e-02  -1.6653710e-03
  -4.6525390e-01   6.2225157e-01   7.0937265e-01   1.1081101e-02  -1.2553991e-02  -2.6255159e-03
  -4.3896528e-01   7.0367452e-01   8.2997733e-01   1.2079543e-02  -1.2545511e-02  -1.9385569e-03
  -4.3337726e-01   6.0056701e-01   8.2200219e-01   1.0985928e-02  -1.2457297e-02  -2.7236045e-03
  -4.5457399e-01   6.0485626e-01   7.6137713e-01   1.0798065e-02  -1.2572259e-02  -2.3470920e-03
  -4.3149648e-01   6.1046859e-01   8.0710898e-01   1.0391157e-02  -1.2091120e-02  -2.7257012e-03
  -4.7855668e-01   6.1979732e-01   8.2634050e-01   1.2461438e-02  -1.3421440e-02  -2.6361549e-03
  -4.9701553e-01   5.9401530e-01   7.7447770e-01   1.1283330e-02  -1.3642661e-02  -2.6102717e-03
  -4.6130063e-01   6.0667692e-01   7.8527670e-01   9.9255552e-03  -1.2705980e-02  -2.3347213e-03
  -4.9854638e-01   7.1606048e-01   8.0015326e-01   1.4846559e-02  -1.2997501e-02  -1.2908182e-03
  -4.4306115e-01   7.1926949e-01   7.6725003e-01   1.4064250e-02  -1.1986927e-02  -1.3574937e-03
  -4.8546426e-01   7.1864553e-01   8.2924536e-01   1.5430469e-02  -1.3237024e-02  -1.4538092e-03
  -4.6579701e-01   6.6262757e-01   7.2062083e-01   1.3118955e-02  -1.2364895e-02  -2.2228216e-03
  -4.9484560e-01   7.0614096e-01   8.3120019e-01   1.3526711e-02  -1.3409053e-02  -1.9772262e-03
  -5.0076552e-01   6.7885160e-01   7.8328851e-01   1.3648472e-02  -1.3661860e-02  -2.7424162e-03
  -5.1623689e-01   6.4867531e-01   7.8659929e-01   1.0426487e-02  -1.3703505e-02  -3.2126095e-03
  -5.2952235e-01   6.0309545e-01   7.6980926e-01   1.1054651e-02  -1.4390696e-02  -3.1132700e-03
  -5.0036013e-01   6.2213405e-01   7.5422741e-01   1.0805306e-02  -1.3278382e-02  -2.5563047e-03
  -4.6937967e-01   6.4591171e-01   8.7300407e-01   8.9508145e-03  -1.2638824e-02  -2.8218150e-03
  -5.4549722e-01   7.0594436e-01   6.5312979e-01   1.1467024e-02  -1.2887262e-02  -3.6440264e-03
  -5.3858296e-01   6.9437801e-01   8.4819691e-01   1.4007358e-02  -1.4167443e-02  -2.2608878e-03
  -4.5857912e-01   6.3770582e-01   8.0177109e-01   1.2169723e-02  -1.2576324e-02  -2.1263343e-03
  -4.4367636e-01   7.7929956e-01   8.8063408e-01   1.6022384e-02  -1.1448619e-02  -2.3966984e-03
  -4.8276568e-01   6.4411097e-01   7.7166916e-01   1.1677708e-02  -1.2095849e-02  -3.0079882e-03
  -4.6608427e-01   6.6259132e-01   7.1579686e-01   1.2234597e-02  -1.1017637e-02  -3.5781679e-03
  -4.3941396e-01   7.8271300e-01   8.5331434e-01   1.6240502e-02  -1.1652610e-02  -2.6055293e-03
  -3.9875183e-01   7.0265313e-01   8.1873092e-01   1.4700451e-02  -9.6156848e-03  -2.7875861e-03
  -5.1251338e-01   7.0943529e-01   7.8065177e-01   1.2521282e-02  -1.2519808e-02  -4.2253672e-03
  -4.4679456e-01   7.8065017e-01   8.6606874e-01   1.6069206e-02  -1.2244565e-02  -3.4241430e-03
  -4.7520507e-01   6.4041429e-01   7.4894708e-01   1.0694021e-02  -1.1998861e-02  -3.0453276e-03
  -4.5808185e-01   7.2530426e-01   7.8260423e-01   1.1745967e-02  -1.2253076e-02  -4.2335047e-03
  -4.8197606e-01   7.7055104e-01   8.8499401e-01   1.6780511e-02  -1.3551144e-02  -2.3986999e-03
  -4.8068610e-01   7.2515991e-01   8.4227888e-01   1.3855621e-02  -1.2705806e-02  -3.9537214e-03
  -4.9075277e-01   7.4601292e-01   8.8071764e-01   1.4172880e-02  -1.3187954e-02  -3.6506930e-03
  -4.8651060e-01   6.7221521e-01   7.8123745e-01   1.1893108e-02  -1.2024615e-02  -4.3198270e-03
  -4.7141220e-01   7.4971441e-01   8.8372518e-01   1.4065727e-02  -1.2794306e-02  -3.7657060e-03
  -4.3634116e-01   6.9386595e-01   8.8584881e-01   1.4314134e-02  -1.2363963e-02  -2.7734415e-03
  -4.5039243e-01   6.7959353e-01   8.4588917e-01   1.2663555e-02  -1.2295088e-02  -3.8454824e-03
  -4.6514615e-01   7.1487145e-01   9.3200135e-01   1.5239022e-02  -1.2980387e-02  -3.1261623e-03
  -4.9518540e-01   7.0505730e-01   8.3462560e-01   1.4887392e-02  -1.2914993e-02  -3.4467577e-03
  -4.7693832e-01   8.3480405e-01   9.2065834e-01   1.4982151e-02  -1.2472367e-02  -2.3394060e-03
  -4.4115280e-01   7.2004385e-01   6.7007438e-01   1.0595093e-02  -9.5124621e-03  -1.1638755e-03
  -4.5217010e-01   6.3485836e-01   7.9662648e-01   1.1631856e-02  -1.0999436e-02  -1.3719159e-03
  -4.5479031e-01   8.1444219e-01   8.1773001e-01   1.3209675e-02  -1.0892545e-02  -1.3941203e-03
  -4.2981949e-01   5.9782630e-01   7.7735272e-01   1.0885423e-02  -1.1019793e-02  -2.6781422e-03
  -4.6410161e-01   7.9638347e-01   8.7715951e-01   1.4281526e-02  -1.2006606e-02  -2.2336438e-03
  -4.7287283e-01   6.5590935e-01   8.6969607e-01   1.4123781e-02  -1.2641934e-02  -2.3464519e-03
  -4.7891314e-01   7.6345860e-01   7.5692675e-01   1.5782238e-02  -1.1911286e-02  -3.0432398e-03
  -4.5776476e-01   8.0058488e-01   8.9189080e-01   1.5424012e-02  -1.1718306e-02  -1.9356543e-03
  -4.2543460e-01   7.4568225e-01   8.8973798e-01   1.5415738e-02  -1.1616920e-02  -1.5654752e-03
  -4.7518220e-01   8.6562918e-01   9.2023125e-01   1.6506640e-02  -1.1704971e-02  -2.0130950e-03
  -4.9208023e-01   7.3850252e-01   8.5720371e-01   1.5405937e-02  -1.2192136e-02  -2.2873009e-03
  -5.0400051e-01   8.0120623e-01   8.8124862e-01   1.5151587e-02  -1.1918731e-02  -2.2807270e-03
  -5.0293352e-01   7.5409301e-01   8.9302957e-01   1.5143044e-02  -1.2409931e-02  -1.9730175e-03
  -3.7325702e-01   5.5648454e-01   7.5748944e-01   5.6835670e-03  -8.2403988e-03  -7.8896726e-04
  -4.1153397e-01   8.7653433e-01   9.6667836e-01   1.5036624e-02  -1.0264967e-02  -2.8878447e-03
  -4.9088898e-01   7.8869878e-01   6.5723593e-01   1.4171323e-02  -1.0501820e-02  -4.2326183e-03
  -5.0782836e-01   7.1384801e-01   8.2877127e-01   1.2179183e-02  -1.1647998e-02  -2.1510951e-03
  -4.4966287e-01   8.5309079e-01   9.2272800e-01   1.7121674e-02  -9.6095138e-03  -1.5829303e-03
  -4.9363379e-01   7.2681189e-01   8.0873058e-01   1.0878792e-02  -9.8061798e-03  -3.9749987e-03
  -5.4040225e-01   7.4420779e-01   7.9947245e-01   1.4449924e-02  -1.2154531e-02  -2.4471476e-03
  -4.5603058e-01   6.1178944e-01   7.4259589e-01   9.0957772e-03  -1.0083648e-02  -3.9092977e-03
  -4.9951612e-01   7.3121075e-01   8.3659608e-01   1.1407249e-02  -1.1862786e-02  -4.1972405e-03
  -5.2003275e-01   6.9340512e-01   7.3183610e-01   1.1602918e-02  -1.1903607e-02  -4.3967456e-03
  -5.2016299e-01   7.7179664e-01   8.2250758e-01   1.3497169e-02  -1.1950426e-02  -3.8867398e-03
  -4.9836960e-01   6.6009351e-01   7.9676614e-01   8.9962846e-03  -1.1482727e-02  -3.2201890e-03
  -4.6211487e-01   7.9102497e-01   8.1684108e-01   1.1754747e-02  -1.0507792e-02  -2.3069592e-03
  -3.9830790e-01   6.1812968e-01   7.2016654e-01   1.2415342e-02  -1.0512439e-02  -1.2141361e-03
  -4.2232928e-01   7.2349592e-01   5.9087504e-01   1.3807044e-02  -1.0529595e-02  -3.3241834e-03
  -4.6079197e-01   7.1455759e-01   6.6878577e-01   1.4068619e-02  -1.1791225e-02  -2.9654016e-03
  -4.1510044e-01   6.7411376e-01   6.8163399e-01   1.1356058e-02  -1.0606081e-02  -3.6889470e-03
  -4.2706373e-01   7.3498943e-01   7.8653869e-01   1.4790208e-02  -1.1191158e-02  -2.5018019e-03
  -4.1497321e-01   7.4049994e-01   7.5843847e-01   1.6263325e-02  -1.1092466e-02  -2.7752884e-03
  -4.3783681e-01   7.3841009e-01   6.9147143e-01   1.4082331e-02  -1.0794866e-02  -3.3715912e-03
  -4.1821992e-01   7.8017681e-01   7.9194484e-01   1.6710674e-02  -1.0748668e-02  -2.4266678e-03
  -4.3233501e-01   7.8257441e-01   7.4289583e-01   1.7369379e-02  -1.1001684e-02  -2.1656414e-03
  -4.0704570e-01   8.8490294e-01   8.2362738e-01   2.0693801e-02  -9.8153984e-03  -1.6374834e-03
  -4.6538530e-01   5.5379060e-01   4.8032800e-01   8.2036853e-03  -9.3847297e-03  -2.9414275e-03
  -4.7990345e-01   7.0528493e-01   5.9639149e-01   1.2057242e-02  -1.0568761e-02  -3.6953409e-03
  -5.1470068e-01   7.4159776e-01   6.3398176e-01   1.5879573e-02  -1.1981747e-02  -2.6977833e-03
  -4.7567806e-01   8.8164563e-01   6.2634705e-01   1.6350359e-02  -1.0235886e-02  -2.9661770e-03
  -5.1941287e-01   6.8629399e-01   5.9676677e-01   1.2982255e-02  -1.1768565e-02  -3.0560020e-03
  -5.3490378e-01   7.6024533e-01   6.1163597e-01   1.4757860e-02  -1.1892690e-02  -3.8215793e-03
  -5.2722742e-01   8.3094080e-01   7.0360856e-01   1.7018008e-02  -1.1890732e-02  -2.3058879e-03
  -5.4867342e-01   7.6557130e-01   5.6196148e-01   1.4422466e-02  -1.2072431e-02  -2.9542554e-03
  -4.9146812e-01   8.3186211e-01   6.1481352e-01   1.8353453e-02  -1.1521949e-02  -2.5245268e-03
  -4.9026745e-01   7.1751482e-01   5.9842691e-01   1.4939978e-02  -1.1584425e-02  -2.9871504e-03
  -5.0457917e-01   8.6233917e-01   6.7218660e-01   1.7173891e-02  -1.1693994e-02  -2.6879234e-03
  -5.1229461e-01   7.6771118e-01   6.4761528e-01   1.5729461e-02  -1.1874511e-02  -2.4778006e-03
  -4.8328863e-01   7.0658289e-01   6.3533307e-01   1.3199468e-02  -1.1313778e-02  -2.9900885e-03
  -4.8217597e-01   7.3648347e-01   6.4893464e-01   1.4282567e-02  -1.1261139e-02  -3.2814085e-03
  -5.0484249e-01   7.6143292e-01   7.0365466e-01   1.4110075e-02  -1.1646751e-02  -2.7714332e-03
  -5.2006512e-01   8.0328964e-01   7.4343869e-01   1.7425333e-02  -1.2187914e-02  -2.0023771e-03
  -4.8975589e-01   7.4300519e-01   6.3043864e-01   1.4777712e-02  -1.1298365e-02  -2.6562535e-03
  -4.8927877e-01   8.1189034e-01   7.4067895e-01   1.6372611e-02  -1.1138951e-02  -1.5118461e-03
  -4.0187639e-01   6.6087469e-01   6.4212522e-01   1.0404923e-02  -9.7063490e-03  -2.1449699e-03
  -4.5506001e-01   7.1379620e-01   6.4972934e-01   1.1819588e-02  -1.0386580e-02  -3.1220492e-03
  -4.8582726e-01   7.4202047e-01   7.4938665e-01   1.4164354e-02  -1.1468157e-02  -2.4066348e-03
  -5.1468733e-01   7.2034375e-01   6.3666380e-01   1.4044144e-02  -1.1902814e-02  -2.3838904e-03
  -4.6173080e-01   8.4084494e-01   6.7300192e-01   1.6156203e-02  -1.1143910e-02  -2.4302007e-03
  -4.4987297e-01   6.4849244e-01   5.5002345e-01   1.1378456e-02  -1.1153459e-02  -3.4238205e-03
  -5.1098207e-01   7.4379145e-01   5.6456954e-01   1.1704987e-02  -1.2018658e-02  -3.8447954e-03
  -3.6007911e-01   4.4762158e-01   1.0435694e+00  -2.5747923e-03  -8.0934585e-03  -2.3421959e-03
  -3.6759571e-01   9.5371629e-01   8.6758924e-01   1.3422015e-02  -8.0366624e-03  -3.1513992e-03
