   0.0000000e+00   0.0000000e+00   0.0000000e+00   0.0000000e+00   0.0000000e+00   0.0000000e+00
   6.7771696e-02   9.5141726e-02   1.0398466e-01   1.8236571e-03   4.7914814e-04   1.1160126e-03
   7.5752562e-02  -2.1618578e-02   2.8794296e-02   6.8520418e-04   1.2954726e-03   2.1267044e-03
   5.6231894e-02   6.6626199e-02   1.0096881e-01   1.2602044e-03   1.4560981e-03   1.7551365e-03
   4.5919143e-02  -3.0178421e-03   9.9449031e-02  -5.1047864e-05   2.1211120e-03   1.9545559e-03
   2.9781240e-02   1.2014885e-01   1.8939263e-01   1.9019845e-03   1.9332345e-03   2.5804770e-03
   3.0631952e-02   8.8161766e-02   1.3357979e-01   2.7912734e-03   2.0145228e-03   3.2657024e-03
   8.6317275e-03   1.3478742e-01   1.9621727e-01   3.2673415e-03   1.4528116e-03   3.5380005e-03
   8.4875558e-03   1.0884878e-01   2.4473206e-01   2.7270045e-03   1.5266943e-03   3.7648087e-03
  -2.5222525e-02   1.1388662e-01   1.7007199e-01   2.5141113e-03   1.0483107e-03   4.0398132e-03
   8.0923478e-04   1.7159830e-01   1.8254485e-01   2.9252966e-03   1.8508891e-03   4.2235635e-03
   5.4739506e-03   1.6305099e-01   2.0413909e-01   2.7600109e-03   2.6055607e-03   5.3145668e-03
   2.3196231e-02   2.0829148e-01   2.6918046e-01   3.1527462e-03   3.9540225e-03   5.7301389e-03
   3.4040403e-02   1.5760122e-01   1.4898028e-01   2.7703897e-03   4.2845447e-03   6.7328447e-03
   7.1196729e-02   2.1970178e-01   2.3330765e-01   3.2645578e-03   5.4218188e-03   7.2018983e-03
   5.8498094e-02   1.4054555e-01   1.7075362e-01   1.7832173e-03   5.5023911e-03   7.7313219e-03
   2.7207944e-02   1.5335357e-01   1.7809532e-01   2.2451458e-03   5.3816854e-03   8.2420044e-03
  -2.6104249e-03   1.7139022e-01   2.0297903e-01   1.4711691e-03   5.5731237e-03   9.2222838e-03
   2.6400226e-02   1.2905150e-01   2.2322591e-01   1.1310240e-03   6.3464997e-03   9.4714313e-03
   1.5570940e-02   1.7714504e-01   2.1685762e-01   2.3956641e-03   6.4669218e-03   1.0180548e-02
   4.6666379e-02   2.0823295e-01   2.6262377e-01   2.2811511e-03   7.2055983e-03   1.0550499e-02
   7.5378030e-02   1.4381388e-01   2.0224157e-01   1.8368294e-03   7.6491431e-03   1.0820844e-02
   9.6154948e-02   2.0988910e-01   2.7574776e-01   2.2717571e-03   8.2660215e-03   1.1429941e-02
   1.0363024e-01   1.1894381e-01   2.3912245e-01   1.3409773e-03   8.6551079e-03   1.1933400e-02
   1.1409032e-01   1.9331255e-01   2.2383634e-01   1.4602735e-03   1.0423321e-02   9.2350833e-03
   1.2782032e-01   1.0636581e-01   1.8544477e-01   7.3210947e-04   1.0285467e-02   1.0129278e-02
   1.3207783e-01   1.4156909e-01   1.7141345e-01   1.5664395e-03   9.9549253e-03   1.0354710e-02
   1.0922232e-01   1.1627510e-01   1.6805270e-01  -7.5342466e-04   1.0154351e-02   1.0636480e-02
   1.2487595e-01   9.1295601e-02   6.5169816e-02  -2.8066963e-03   1.0765810e-02   1.0880021e-02
   6.0656017e-02   3.7442281e-03  -3.8959837e-02  -4.8376745e-03   9.8789109e-03   1.1460484e-02
   5.9487300e-03  -3.7219246e-02  -1.0388162e-01  -7.5245119e-03   8.9320820e-03   1.0229251e-02
   6.5090374e-04  -3.7039129e-02  -1.7867471e-02  -6.6372082e-03   9.2946353e-03   1.1596236e-02
   4.3733587e-02  -4.7555357e-02  -2.5424648e-02  -6.5422957e-03   9.7585958e-03   1.1966529e-02
   5.2556573e-04  -6.3881717e-02  -2.8632582e-02  -6.6744643e-03   9.0037053e-03   1.2638829e-02
   1.3406064e-02   1.5789421e-03   4.4526880e-02  -5.6741618e-03   8.9926847e-03   1.2756303e-02
   6.0212654e-02  -7.9465976e-02   1.6865403e-02  -5.9512721e-03   9.9501731e-03   1.3257762e-02
   2.8312474e-02  -3.8433952e-02   4.7850558e-02  -6.2440510e-03   9.4950346e-03   1.0969978e-02
   1.6184289e-02   1.0076856e-01   4.0210475e-02  -3.1124331e-03   7.9612798e-03   4.8467973e-03
   9.1364971e-03  -4.6140490e-02   3.3158647e-02  -4.7857598e-03   7.3710985e-03   6.1325789e-03
   1.4877252e-02   8.4569640e-03   7.1761396e-02  -3.8553354e-03   8.0143634e-03   6.3670899e-03
   9.9008246e-04   4.4294355e-03   1.0516840e-01  -3.3838085e-03   7.4997727e-03   6.3247285e-03
   1.0506108e-02  -7.0656274e-02   6.4225299e-02  -4.2588296e-03   8.1281628e-03   6.6857391e-03
  -2.2339676e-02  -3.2876163e-02   1.0980010e-01  -3.4960893e-03   7.3714699e-03   6.6851266e-03
   5.3494967e-03  -1.0865634e-02   1.4370963e-01  -4.2785405e-03   7.8185474e-03   6.3435837e-03
   1.1485573e-02  -9.4084364e-02   6.2248462e-02  -4.3932732e-03   8.0402274e-03   6.1896725e-03
  -1.0149941e-02  -4.4385993e-02   1.1084770e-01  -3.3216554e-03   7.8054558e-03   6.3305347e-03
  -1.8122661e-02  -8.0170103e-02   1.2114785e-01  -3.7651896e-03   7.6253144e-03   6.6243337e-03
   7.4261890e-03  -1.0138258e-01   1.3973536e-01  -5.2287939e-03   8.1632471e-03   7.3213525e-03
   2.4578187e-02  -1.0756891e-01   1.2199320e-01  -4.6604669e-03   8.3584410e-03   7.7734354e-03
   1.4628605e-02   1.4434513e-02   2.0179660e-01  -2.7781332e-03   8.3280474e-03   7.6215746e-03
   5.1441431e-02  -1.1490882e-01   1.3362779e-01  -5.2143497e-03   8.9694415e-03   7.9638957e-03
   5.3764189e-02  -8.3798345e-02   1.1703795e-01  -4.6991654e-03   9.3012405e-03   7.8783395e-03
   1.1583881e-01   1.9067781e-02   2.0812723e-01  -3.1689497e-03   1.0670057e-02   7.2670623e-03
   1.1517049e-01  -1.0423144e-01   1.0484338e-01  -3.8043093e-03   1.0500278e-02   7.0171940e-03
   1.4111025e-01  -4.0914384e-03   1.7048645e-01  -2.1644795e-03   1.1422958e-02   7.2110429e-03
   1.3432391e-01  -9.8681902e-03   1.9019146e-01  -2.6087774e-03   1.1054337e-02   7.0416746e-03
   1.4667291e-01  -5.4840443e-02   1.2998962e-01  -2.9747563e-03   1.1775397e-02   7.2308387e-03
   2.0231658e-01   4.1503949e-02   1.5510496e-01  -1.6385251e-03   1.3178579e-02   6.8194515e-03
   2.1782790e-01   7.6862197e-02   2.5765341e-01  -1.4337503e-03   1.3186715e-02   7.3069094e-03
   1.6977546e-01  -5.1923974e-02   1.0641719e-01  -3.7766498e-03   1.2537077e-02   7.4280031e-03
   1.8966938e-01   1.2078969e-02   1.8818464e-01  -7.4487495e-03   1.2798024e-02   7.2224688e-03
   2.3289480e-01  -4.1687434e-02   9.7184394e-02  -5.3987563e-03   1.4101891e-02   7.7724867e-03
   2.2310519e-01  -1.3374882e-01   1.1416106e-01  -6.7560524e-03   1.4058125e-02   8.0381569e-03
   2.3791036e-01  -2.6925671e-02   1.3475446e-01  -4.5058879e-03   1.3703491e-02   8.2184487e-03
   2.5704287e-01  -7.4363250e-03   1.8089256e-01  -4.5177772e-03   1.4045542e-02   8.7290629e-03
   2.5427039e-01  -5.7194588e-02   1.3919322e-01  -4.1206807e-03   1.3982966e-02   8.5608162e-03
   1.8932301e-01   3.7613954e-03   1.6079879e-01  -4.2640345e-03   1.2792565e-02   8.9016734e-03
   1.5671284e-01  -2.5482287e-02   1.8442131e-01  -4.4006689e-03   1.2668308e-02   8.5810538e-03
   1.7097961e-01  -4.1884070e-02   1.7912578e-01  -4.9181471e-03   1.2952307e-02   8.6414808e-03
   2.0211082e-01  -6.0070038e-02   1.6215825e-01  -5.1581769e-03   1.3324399e-02   8.9667100e-03
   2.1111384e-01   1.7730731e-02   1.8429949e-01  -3.3241533e-03   1.3391305e-02   8.8088302e-03
   2.4204232e-01   2.9118030e-02   2.3076086e-01  -3.4032152e-03   1.4372308e-02   8.8816970e-03
   2.7016010e-01  -1.8738720e-02   1.5711719e-01  -3.5267423e-03   1.4698344e-02   8.9674932e-03
   2.5461947e-01   3.5568169e-02   1.7415875e-01  -2.5965538e-03   1.4540798e-02   9.2047738e-03
   3.0052225e-01   4.8232614e-02   2.1400185e-01  -2.7087952e-03   1.5034718e-02   9.4279535e-03
   2.6087769e-01  -3.5538829e-02   1.4618715e-01  -3.4739672e-03   1.4517474e-02   9.7845985e-03
   2.6502429e-01   5.6867977e-02   1.9550078e-01  -2.2761276e-03   1.4931754e-02   9.9778809e-03
   2.8207505e-01   5.5090635e-02   1.9503736e-01  -2.7640670e-03   1.5125543e-02   1.0150268e-02
   2.9649700e-01   1.0160596e-02   1.5820042e-01  -2.9907153e-03   1.5632640e-02   1.0571690e-02
   2.4886502e-01   8.6619258e-02   2.1613091e-01  -1.2754301e-03   1.5074452e-02   1.0804799e-02
   2.3174808e-01   8.5750099e-02   2.4045260e-01  -1.9096236e-03   1.5261809e-02   1.1128253e-02
   2.6822826e-01   2.8955140e-02   1.8770610e-01  -2.8571321e-03   1.5587273e-02   1.1484987e-02
   2.7292635e-01   1.1250966e-01   2.5207487e-01  -1.3495419e-03   1.6090798e-02   1.2328460e-02
   2.7916321e-01   1.0241032e-01   3.0183064e-01  -1.1320961e-03   1.6329398e-02   1.2733022e-02
   2.3938461e-01   4.1560631e-02   2.7164119e-01  -2.5562180e-03   1.5636444e-02   1.1932724e-02
   2.4609873e-01   7.4137402e-02   2.5552359e-01  -3.1109587e-03   1.6138606e-02   1.0767152e-02
   2.5305350e-01   7.3327562e-02   2.6405316e-01  -1.3996184e-03   1.6009145e-02   1.2120550e-02
   2.2736310e-01   1.2341288e-01   2.8948295e-01  -1.2069551e-03   1.5109353e-02   1.1617549e-02
   2.1233476e-01   9.2336401e-02   2.0915439e-01   5.0215758e-04   1.4668223e-02   1.1415266e-02
   2.2020346e-01   1.9185440e-01   2.7318055e-01   4.1267520e-04   1.4685157e-02   1.1179394e-02
   2.0902542e-01   4.9988610e-02   2.0659169e-01  -1.2095205e-03   1.4750594e-02   1.1407324e-02
   1.8216803e-01   8.8742257e-02   2.3765702e-01  -8.5581870e-04   1.4395103e-02   1.1832313e-02
   1.7795321e-01   1.4614750e-01   3.1588278e-01  -1.7145659e-04   1.4290440e-02   1.1767983e-02
   1.7016156e-01   9.6736622e-02   2.5995906e-01   7.2834793e-04   1.4431481e-02   1.2099357e-02
   1.4840673e-01   1.2579705e-01   2.7271013e-01   5.2810635e-04   1.3977016e-02   1.1994783e-02
   1.4283379e-01   1.9245944e-01   3.4089132e-01   1.0719245e-03   1.3627366e-02   1.2472105e-02
   1.4346171e-01   1.4357573e-01   3.3065449e-01   1.1063575e-03   1.3848929e-02   1.3251902e-02
   1.4640254e-01   1.9546036e-01   3.1926819e-01   1.5933259e-03   1.3689991e-02   1.3362103e-02
   1.4745881e-01   2.0676989e-01   3.6402310e-01   2.1445825e-03   1.4099126e-02   1.3604333e-02
   1.2160792e-01   1.0687529e-01   1.9370463e-01  -2.9265100e-03   1.4240985e-02   1.1986528e-02
   1.2194984e-01   8.0651877e-02   2.0548384e-01  -1.1814301e-03   1.3929180e-02   1.2873630e-02
   8.4846540e-02   1.2866975e-01   2.5888341e-01  -5.5037902e-04   1.2888011e-02   1.3285734e-02
   6.6584257e-02   1.7499224e-01   3.3464089e-01   6.7479915e-04   1.2356384e-02   1.4324560e-02
   4.2036399e-02   7.1441526e-02   2.9059274e-01  -1.1302630e-03   1.2171418e-02   1.4602033e-02
   2.5385532e-02   1.4319112e-01   2.9092328e-01   4.0684032e-04   1.1857613e-02   1.4895736e-02
   2.7406260e-02   1.7321352e-01   3.2556095e-01   7.5213427e-04   1.2397529e-02   1.5000868e-02
   3.5044943e-02   1.1238556e-01   3.2525589e-01   6.2703995e-04   1.2560630e-02   1.5155384e-02
   1.9364113e-02   1.2940837e-01   3.0349324e-01   2.3610825e-05   1.2042323e-02   1.4183423e-02
   8.8071535e-03   1.1288413e-01   3.3860283e-01   2.2931663e-04   1.1998322e-02   1.4168217e-02
  -8.3378999e-03   1.4624724e-01   3.4302710e-01   9.3383881e-04   1.1742501e-02   1.4498376e-02
  -5.9187881e-04   2.1619222e-01   3.3564424e-01   2.1301097e-03   1.1983372e-02   1.4825080e-02
   5.7788706e-03   1.2619387e-01   3.3772518e-01  -1.8633847e-03   1.2095980e-02   1.4320676e-02
  -4.0306220e-03   1.2140117e-01   2.3385756e-01  -1.6774180e-04   1.1530770e-02   1.4913566e-02
  -3.8278537e-02   7.7379234e-02   2.1237579e-01  -1.6034539e-03   1.0523277e-02   1.4033196e-02
  -3.7178937e-02   9.6722038e-02   2.6410003e-01  -4.0472576e-04   1.0414459e-02   1.4219239e-02
  -8.6639729e-03   1.7168366e-01   3.3398119e-01   1.0700058e-03   1.0877403e-02   1.4800996e-02
  -1.2949834e-02   1.2825883e-01   2.9852942e-01  -5.0367380e-04   1.1197957e-02   1.5593598e-02
  -3.6240951e-02   4.8220744e-02   5.8209601e-02  -3.6775520e-03   1.0939147e-02   1.3779101e-02
  -8.5035390e-02   8.4541429e-02   1.6654954e-01  -2.1344220e-03   9.9845665e-03   1.4704327e-02
  -9.0143577e-02   6.2298428e-02   1.4506398e-01  -2.8323655e-03   9.9708925e-03   1.5205936e-02
  -1.0244799e-01   7.1993795e-02   1.4167115e-01  -2.4896942e-03   9.8252523e-03   1.5190128e-02
  -1.0800569e-01   1.0927558e-01   1.8866116e-01  -1.5727640e-03   9.6518292e-03   1.5080141e-02
  -1.7068011e-01   6.0160645e-02   1.9847042e-01  -3.3013773e-03   8.0822396e-03   1.5525058e-02
  -1.9607911e-01   2.9977710e-02   2.0710924e-01  -2.8147809e-03   8.5040348e-03   1.5766511e-02
  -2.3108979e-01   3.7949297e-02   1.8939089e-01  -3.6575945e-03   8.3122681e-03   1.1195499e-02
  -2.4164768e-01  -5.6792832e-02   1.6350469e-01  -4.1247236e-03   8.0474814e-03   1.3557795e-02
  -2.3044158e-01   9.0659094e-03   2.1309418e-01  -3.9692850e-03   7.8763510e-03   1.4138332e-02
  -2.0481332e-01  -1.2536129e-02   2.2440866e-01  -3.3182728e-03   8.3330034e-03   1.4582337e-02
  -2.0845675e-01   3.1451775e-02   2.4725008e-01  -2.9827259e-03   8.0649786e-03   1.5077951e-02
  -1.7109910e-01   1.2486702e-02   2.6512423e-01  -3.6529294e-03   8.6850510e-03   1.5043505e-02
  -1.9437530e-01   2.4532145e-03   2.2694428e-01  -2.4847234e-03   7.9918541e-03   1.5130573e-02
  -1.7267289e-01   7.5426635e-02   2.8177246e-01  -2.7264626e-03   8.6958669e-03   1.4809872e-02
  -1.8711651e-01   2.4677117e-03   2.5588176e-01  -4.0741935e-03   8.1023490e-03   1.5341430e-02
  -1.7643376e-01  -1.3427005e-03   1.8792833e-01  -4.2816806e-03   8.1509185e-03   1.4742007e-02
  -1.7259008e-01   1.3894828e-02   1.8831914e-01  -4.1544529e-03   8.0526074e-03   1.5072333e-02
  -1.7302482e-01   4.2409131e-02   2.4607208e-01  -4.1003396e-03   7.7910285e-03   1.5185146e-02
  -1.4764442e-01  -7.0532602e-02   2.5432527e-01  -5.7473698e-03   8.3829243e-03   1.5528550e-02
  -9.9879975e-02   5.5770979e-02   1.7479939e-01  -5.5974599e-03   9.4910247e-03   1.3525144e-02
  -1.6712730e-01  -1.2842665e-01   1.1150130e-01  -7.5964742e-03   7.5800917e-03   1.4386897e-02
  -1.7772005e-01  -2.2885277e-02   2.2695133e-01  -6.5100152e-03   7.2507964e-03   1.3756547e-02
  -2.0549646e-01  -1.1514097e-01   1.0067972e-01  -7.6661961e-03   6.8483212e-03   1.4585121e-02
  -2.1824750e-01  -5.1808784e-02   1.7488547e-01  -6.6790064e-03   7.1766041e-03   1.4998068e-02
  -1.9864292e-01  -9.9061449e-03   2.2501000e-01  -7.0717410e-03   8.5467785e-03   1.3064571e-02
  -2.0845751e-01  -1.0484863e-01   1.0788683e-01  -8.1604433e-03   8.0224649e-03   1.2375509e-02
  -2.3648578e-01  -8.8509306e-02   1.1796436e-01  -6.6152412e-03   6.6735474e-03   1.1861320e-02
  -2.9030329e-01  -4.8366766e-02   1.8474161e-01  -6.7637176e-03   5.6910400e-03   1.3106242e-02
  -2.5199795e-01  -3.4226421e-02   2.2236879e-01  -5.7740327e-03   6.5999910e-03   1.4402802e-02
  -2.4790935e-01  -4.2429137e-02   2.2546515e-01  -5.3589317e-03   6.5250376e-03   1.4604892e-02
  -2.4153834e-01  -1.5166158e-02   2.2586906e-01  -4.8360155e-03   6.8126506e-03   1.4575275e-02
  -2.2131571e-01  -5.0140038e-02   2.4359829e-01  -5.9572553e-03   7.3587023e-03   1.4618950e-02
  -2.3315813e-01  -5.5523681e-02   2.1085907e-01  -4.8781799e-03   6.8728560e-03   1.4859972e-02
  -2.2194437e-01  -3.1351931e-04   2.6311170e-01  -4.6150826e-03   7.1660488e-03   1.4870074e-02
  -2.3369186e-01  -4.7531884e-02   2.2790239e-01  -5.4830711e-03   7.0923397e-03   1.5108445e-02
  -1.9684596e-01  -1.5040233e-02   2.8643490e-01  -5.4276949e-03   7.6606286e-03   1.5420274e-02
  -2.0750267e-01  -3.6567034e-02   2.5721149e-01  -6.6171349e-03   6.9476738e-03   1.5057356e-02
  -1.6236529e-01  -3.1982124e-03   2.6633961e-01  -6.6222703e-03   8.0685741e-03   1.4036573e-02
  -1.3522477e-01  -7.8976995e-02   1.5151076e-01  -8.0218457e-03   8.9321852e-03   1.4963429e-02
  -5.6429895e-02  -1.1117204e-01   2.1573972e-01  -9.2901495e-03   9.7265394e-03   1.4765249e-02
  -9.7823327e-02  -6.8662160e-02   2.9470507e-01  -7.1805647e-03   9.3270284e-03   1.5251161e-02
  -1.5032191e-01  -1.1498785e-01   2.6595198e-01  -7.0899869e-03   8.5182628e-03   1.5733706e-02
  -1.2982481e-01  -7.6721920e-02   3.2654213e-01  -7.6827663e-03   9.1422880e-03   1.5917819e-02
  -1.3250550e-01  -7.4030972e-02   2.5751071e-01  -6.5788950e-03   8.6551731e-03   1.5509169e-02
  -1.0359645e-01   4.7205816e-02   3.0537478e-01  -3.8721940e-03   9.3506832e-03   1.4941600e-02
  -8.8225041e-02   5.5834461e-02   3.3942242e-01  -3.6318258e-03   9.1950154e-03   1.5008298e-02
  -1.2136987e-01  -2.8254547e-02   3.0385715e-01  -4.0850666e-03   8.7788661e-03   1.4929096e-02
  -1.2130357e-01   2.9524281e-03   3.1957244e-01  -3.6204879e-03   8.3596993e-03   1.5160035e-02
  -1.1184482e-01   7.9566839e-02   3.6288330e-01  -2.1795871e-03   8.4151154e-03   1.5024089e-02
  -1.2829410e-01  -1.6306538e-02   2.5459488e-01  -4.8725187e-03   8.5656339e-03   1.4508684e-02
  -1.0686983e-01  -1.0810283e-02   2.6781886e-01  -5.0157810e-03   8.4838727e-03   1.5294608e-02
  -1.2309347e-01   5.0258626e-02   3.1130770e-01  -3.2048788e-03   8.4739252e-03   1.5658296e-02
  -1.1469780e-01   1.0109809e-01   3.8878171e-01  -2.4879502e-03   8.3095028e-03   1.5433843e-02
  -1.2446178e-01  -4.9438406e-03   3.3947591e-01  -4.0667475e-03   8.5780973e-03   1.5612103e-02
  -1.0342399e-01   4.7626613e-02   3.2775325e-01  -2.8966064e-03   8.2762507e-03   1.5879512e-02
  -1.3014687e-01   8.8783623e-02   3.8475737e-01  -2.2654310e-03   8.1786249e-03   1.5973024e-02
  -1.0078367e-01   8.2690824e-02   4.0123236e-01  -2.1198585e-03   8.4559839e-03   1.6134757e-02
  -1.1180521e-01   3.3960745e-02   3.7126801e-01  -2.6111640e-03   8.5959988e-03   1.6267564e-02
  -1.1940344e-01   6.6464821e-02   4.0027571e-01  -2.7398333e-03   8.7879474e-03   1.5406451e-02
  -1.0883931e-01   1.4362469e-01   4.2622985e-01  -1.5490447e-03   9.0004379e-03   1.5975715e-02
  -1.2720477e-01   8.6083524e-02   4.1242501e-01  -8.6837924e-04   8.6427372e-03   1.6942481e-02
  -1.5634615e-01   1.0564679e-01   3.9792971e-01  -8.6978925e-04   8.0692461e-03   1.6880006e-02
  -1.3604469e-01   1.5670531e-01   4.7922782e-01  -5.9809485e-04   8.4024579e-03   1.7106894e-02
  -1.6714270e-01   5.4979487e-02   3.9499396e-01  -1.5944836e-03   7.6313407e-03   1.7447716e-02
  -1.6008144e-01   1.1047920e-01   4.0389824e-01  -1.7600159e-03   7.7751655e-03   1.7338975e-02
  -1.2321402e-01   1.4447938e-01   4.6545814e-01  -6.5353017e-04   8.2169784e-03   1.7589964e-02
  -1.5397805e-01   7.5175755e-02   4.1808173e-01  -1.5511678e-03   7.5820601e-03   1.7730277e-02
  -1.5716146e-01   1.1136565e-01   4.3717041e-01  -3.8973363e-04   7.3263925e-03   1.7954351e-02
  -1.6430919e-01   1.8048188e-01   4.7078265e-01  -5.1249315e-04   7.3588649e-03   1.7641196e-02
  -1.7274935e-01   7.3399136e-02   4.0070609e-01  -8.5958069e-04   7.4101160e-03   1.7981918e-02
  -1.6173479e-01   2.0121868e-01   4.4473040e-01   7.8524197e-04   7.3137145e-03   1.7256956e-02
  -1.4932616e-01   2.0080149e-01   5.5003012e-01   1.6004254e-04   7.0281041e-03   1.7302817e-02
  -2.0065115e-01   1.4116580e-01   5.0286342e-01   1.0120007e-03   6.0012313e-03   1.6914075e-02
  -2.0948032e-01   1.1308571e-01   5.3789785e-01   8.4738767e-04   6.0204383e-03   1.7393356e-02
  -2.1188976e-01   9.7572349e-02   5.2079669e-01   1.8586323e-04   6.2702124e-03   1.8119709e-02
  -2.5099799e-01   1.4053089e-01   4.9624572e-01   8.3050386e-04   5.3574418e-03   1.7916558e-02
  -2.8111681e-01   2.0134614e-01   5.4527589e-01   1.6256624e-03   4.8630532e-03   1.8309918e-02
  -2.8930708e-01   1.4871051e-01   5.4344926e-01   5.9298595e-04   4.8170205e-03   1.8543787e-02
  -2.6544874e-01   1.3919852e-01   4.1959517e-01   1.8378245e-04   4.8121198e-03   1.7344537e-02
  -1.9874082e-01   2.2902810e-01   5.1857994e-01   5.6664233e-04   4.5669681e-03   1.5092003e-02
  -2.6816071e-01   1.4853695e-01   3.8211263e-01   1.6720694e-03   3.5509373e-03   1.4059625e-02
  -3.2495762e-01   8.3159968e-02   3.9321645e-01  -1.9406036e-03   1.8285718e-03   1.5836540e-02
  -3.2004823e-01   6.0525175e-02   4.1744076e-01  -1.1237839e-03   1.6422711e-03   1.6565250e-02
  -2.9897869e-01  -2.5926018e-02   5.0001511e-01  -6.4734825e-03   3.3540360e-03   1.6744571e-02
  -2.4464285e-01  -1.1088595e-01   4.8102869e-01  -6.0742941e-03   4.9382833e-03   1.5917969e-02
  -2.3177196e-01  -4.6589642e-02   5.4754976e-01  -5.1827635e-03   5.1510862e-03   1.6608255e-02
  -2.0635848e-01  -4.1008123e-02   5.6500264e-01  -4.5864447e-03   5.6380845e-03   1.7183391e-02
  -1.6621804e-01   2.0999685e-02   6.0032727e-01  -3.1165278e-03   6.2995665e-03   1.6816793e-02
  -1.7561391e-01   8.9849710e-02   6.6293467e-01  -2.3587515e-03   6.4578139e-03   1.7450024e-02
  -2.1752664e-01   3.2704620e-02   5.6173880e-01  -1.5890977e-03   5.8625644e-03   1.7570319e-02
  -1.8882834e-01   1.1248237e-01   6.2225445e-01  -1.8599851e-03   6.6781633e-03   1.7718481e-02
  -1.7685428e-01   9.3107078e-02   6.2261843e-01  -2.2672973e-03   6.7309908e-03   1.7293065e-02
  -1.8894742e-01   3.8341455e-02   4.9629609e-01  -4.0143750e-03   7.1080710e-03   1.4964774e-02
  -2.1517305e-01   4.8647274e-02   5.5356540e-01  -3.4293153e-03   6.8663681e-03   1.5716474e-02
  -1.8795699e-01  -7.6573041e-03   5.7561410e-01  -4.5834947e-03   7.6485060e-03   1.6097463e-02
  -2.0884949e-01   3.7259642e-02   5.5942482e-01  -3.7218084e-03   6.9764887e-03   1.6218335e-02
  -1.9115676e-01   6.2206364e-02   6.6769431e-01  -3.4608474e-03   7.6163605e-03   1.6212194e-02
  -1.7924298e-01  -1.7891094e-02   6.4535910e-01  -4.3173959e-03   7.5130604e-03   1.6332942e-02
  -1.8333446e-01  -4.3408141e-03   6.0340047e-01  -3.6697119e-03   7.4320330e-03   1.6515334e-02
  -1.5845590e-01   9.2591622e-02   6.6945121e-01  -2.2923498e-03   8.0950249e-03   1.6502407e-02
  -1.6897070e-01   3.9216942e-02   6.5886441e-01  -3.1025475e-03   8.1871141e-03   1.6475816e-02
  -1.5883726e-01   1.6738711e-02   5.7277734e-01  -2.9607764e-03   8.2419680e-03   1.5686481e-02
  -1.3078300e-01   8.1378649e-02   5.9744984e-01  -4.6095558e-03   8.2007570e-03   1.4982703e-02
  -1.4767057e-01  -9.5418837e-03   5.0645825e-01  -3.8843754e-03   7.9503660e-03   1.4834830e-02
  -1.4118997e-01  -2.3388907e-02   5.6303316e-01  -4.6801241e-03   8.0557315e-03   1.5827739e-02
  -1.3251692e-01   2.1289955e-02   5.6474264e-01  -3.0749759e-03   7.9873582e-03   1.5885032e-02
  -1.1180536e-01   1.5516654e-01   6.5228048e-01  -1.0470962e-03   8.9978691e-03   1.5553456e-02
  -1.5756955e-01  -7.8058795e-02   5.1933601e-01  -3.9441581e-03   7.6813116e-03   1.5258775e-02
  -1.8528991e-01   3.9118156e-02   6.3060697e-01  -2.3805150e-03   7.3623296e-03   1.5978364e-02
  -1.7226766e-01   4.7396709e-02   6.8054550e-01  -1.8209245e-03   7.6824539e-03   1.6150829e-02
  -1.9308253e-01   1.0184729e-02   5.7019807e-01  -1.8456609e-03   7.3233057e-03   1.5678394e-02
  -2.0770080e-01   6.3942094e-02   6.3413640e-01  -1.8883118e-03   7.3265233e-03   1.5842225e-02
  -2.0104839e-01   5.4916309e-02   5.8332444e-01  -1.9039051e-03   6.7269396e-03   1.5876088e-02
  -1.8886090e-01   1.0187502e-01   6.1873104e-01  -1.2816878e-03   7.1003170e-03   1.5318507e-02
  -2.0527606e-01   4.8442597e-02   6.2973567e-01  -2.1118632e-03   6.9588348e-03   1.5933918e-02
  -1.8942132e-01   2.2596721e-02   6.1211079e-01  -2.2496603e-03   6.9021043e-03   1.6048646e-02
  -1.8650452e-01   7.6123580e-02   6.4425918e-01  -1.7247453e-03   6.9327434e-03   1.6147903e-02
  -1.7860776e-01   5.5797923e-02   6.4256059e-01  -2.2242772e-03   7.1565420e-03   1.6285767e-02
  -1.7306931e-01   4.7164207e-02   6.3473123e-01  -1.9072753e-03   7.3880443e-03   1.6117871e-02
  -1.8715108e-01   7.6858975e-02   6.0760350e-01  -1.8443667e-03   6.9238311e-03   1.5575212e-02
  -1.7520653e-01   7.9662304e-02   6.4385530e-01  -1.6829988e-03   6.9845163e-03   1.5887806e-02
  -1.6631023e-01   4.4580192e-02   6.5958029e-01  -2.6088495e-03   7.2956399e-03   1.6728159e-02
  -1.6198664e-01   2.7456436e-02   5.5048654e-01  -4.2811576e-03   8.2247119e-03   1.4248387e-02
  -2.2801758e-01   5.5079888e-02   4.6144837e-01  -3.3146369e-03   7.2201097e-03   1.2140864e-02
  -2.5291356e-01   3.8578532e-02   5.6095020e-01  -2.4217066e-03   6.0448130e-03   1.3830452e-02
  -2.5189015e-01   8.3071774e-02   6.5561815e-01  -1.7880012e-03   6.0174072e-03   1.4921345e-02
  -2.3633234e-01  -3.4364620e-04   6.1808873e-01  -3.2160411e-03   6.5634730e-03   1.5574608e-02
  -2.1338462e-01   5.4003465e-02   6.6802842e-01  -3.6617088e-03   6.7656269e-03   1.5692853e-02
  -2.0938166e-01   2.5307649e-02   6.0793277e-01  -2.9085027e-03   6.9119743e-03   1.5598371e-02
  -1.6065482e-01   1.3467429e-01   6.5407305e-01  -1.8135628e-03   7.4264803e-03   1.5677487e-02
  -1.6662909e-01   5.1503495e-02   6.3679001e-01  -1.8570529e-03   7.2700317e-03   1.5822375e-02
  -1.4726933e-01   1.1023496e-01   7.0105837e-01  -1.3058734e-03   7.9628662e-03   1.5493791e-02
  -1.4429803e-01   4.3866528e-02   6.4275463e-01  -1.9736187e-03   7.6848297e-03   1.6354622e-02
  -1.9322729e-01   1.1107304e-01   5.1422579e-01  -1.4515382e-03   6.2537209e-03   1.5670748e-02
  -1.8273507e-01   1.4039065e-01   6.5179494e-01  -8.0628272e-04   6.6826264e-03   1.6143082e-02
  -1.8593910e-01   8.8232214e-02   6.5645217e-01  -1.4024286e-03   6.7668546e-03   1.6214414e-02
  -1.9392650e-01   7.7226952e-02   6.4246607e-01  -9.1944107e-04   6.6313932e-03   1.6508529e-02
  -2.2814838e-01   1.4745726e-01   6.5490555e-01  -6.1655034e-04   6.3423063e-03   1.5972634e-02
  -2.1918941e-01   9.3921332e-02   6.5819820e-01  -1.0722195e-03   6.2090384e-03   1.6360157e-02
  -2.1452042e-01   1.0891264e-01   6.7184364e-01  -4.3973276e-04   6.5113276e-03   1.6158865e-02
  -1.8485351e-01   2.0007568e-02   5.0165683e-01  -8.4589778e-03   9.4444092e-03   1.1917561e-02
  -2.4336532e-01   6.4237478e-02   5.3345950e-01  -2.1690878e-03   6.7136032e-03   1.2704563e-02
  -2.6687473e-01   3.2565443e-02   6.0602770e-01  -2.0951340e-03   6.3915215e-03   1.3479271e-02
  -2.7559086e-01   6.1047321e-02   6.4054891e-01  -1.4345012e-03   6.6827156e-03   1.3816419e-02
  -2.8957912e-01   1.1000916e-01   6.8531124e-01  -8.5331494e-04   6.4385174e-03   1.4394614e-02
  -3.6418700e-01   2.7470940e-03   5.2462004e-01  -4.5899386e-03   5.9378612e-03   1.3245703e-02
  -3.5283947e-01  -5.8613089e-03   5.7911058e-01  -3.8288445e-03   4.9981547e-03   1.3096856e-02
  -3.0993807e-01   4.2084485e-02   6.5421252e-01  -3.5810247e-03   6.4311561e-03   1.3661049e-02
  -2.7740168e-01   7.1569933e-02   6.8810112e-01  -1.8254166e-03   6.5099602e-03   1.4270314e-02
  -3.2071216e-01  -6.4249058e-03   6.3450903e-01  -3.1913533e-03   5.6671864e-03   1.4806047e-02
  -2.7893930e-01   7.0756395e-02   6.1964758e-01  -2.6022489e-03   6.1887401e-03   1.4657619e-02
  -2.9415508e-01   9.9350809e-02   6.3459691e-01  -1.8593965e-03   6.2571599e-03   1.4613390e-02
  -3.2710578e-01  -2.3314154e-02   5.8953054e-01  -5.4297735e-03   6.1061313e-03   1.3313068e-02
  -3.3184466e-01   3.6448735e-02   5.0780239e-01  -4.0006474e-03   5.2934363e-03   1.3493234e-02
  -3.1453494e-01   8.1030104e-02   5.6787350e-01  -3.2519585e-03   5.0714023e-03   1.2149818e-02
  -3.4152854e-01  -8.4825701e-02   4.8976982e-01  -6.0910000e-03   4.8588725e-03   1.2744901e-02
  -3.3615999e-01  -7.5912168e-02   5.0290541e-01  -6.3020806e-03   4.3545318e-03   1.2793839e-02
  -3.3800768e-01  -5.0480840e-02   5.4378959e-01  -5.6369674e-03   4.5058480e-03   1.2763486e-02
  -3.3712616e-01  -5.3675717e-02   5.4897982e-01  -6.1730844e-03   5.0030624e-03   1.1608208e-02
  -3.6612447e-01  -6.1799502e-02   5.7238777e-01  -6.2340494e-03   5.1347463e-03   1.2086637e-02
  -3.6955228e-01  -9.5228344e-02   5.3319226e-01  -6.1611115e-03   4.3142396e-03   1.1981740e-02
  -3.7448377e-01  -4.2991452e-02   5.4390824e-01  -6.0824396e-03   4.3029479e-03   1.1219158e-02
  -3.7915585e-01  -8.2472617e-02   5.3801933e-01  -6.1798923e-03   4.3837354e-03   1.1593539e-02
  -3.7827236e-01  -1.2680734e-02   5.6654472e-01  -5.1645795e-03   3.8213103e-03   1.1827874e-02
  -3.9302990e-01  -1.2934975e-01   4.7449331e-01  -6.4140349e-03   3.3331190e-03   1.1355834e-02
  -3.7732052e-01  -6.9433536e-02   4.5800679e-01  -6.3216899e-03   3.3275952e-03   1.1503243e-02
  -3.9708655e-01  -6.3960537e-02   5.3719220e-01  -6.0176993e-03   3.3932042e-03   1.1988323e-02
  -4.2696795e-01  -5.2615531e-02   5.0097817e-01  -5.5207533e-03   2.1712118e-03   1.1424744e-02
  -4.5949128e-01   6.2178036e-02   4.8320317e-01  -4.1607334e-03   2.0633815e-03   9.4814890e-03
  -4.9265680e-01  -5.5415097e-02   3.2049869e-01  -4.2737056e-03   5.7831533e-04   5.2038022e-03
  -4.7957613e-01   6.2965134e-02   5.1015299e-01  -2.2203836e-03   1.7945218e-05   5.1556183e-03
  -5.0889189e-01  -8.4568638e-02   4.7101265e-01  -4.0402829e-03  -4.9573582e-04   6.4286096e-03
  -4.8644393e-01   3.2432873e-02   5.1864303e-01  -2.3359798e-03  -4.9037258e-04   4.7549591e-03
  -5.1232229e-01   7.6633526e-03   5.6236775e-01  -2.7277942e-03  -7.7384333e-04   5.1873818e-03
  -4.9539722e-01  -2.1952140e-02   5.1307607e-01  -2.2779642e-03  -1.3086959e-03   5.4436343e-03
  -4.6092287e-01  -1.5624955e-02   4.9513651e-01  -2.7094732e-03  -1.4549807e-03   5.5269868e-03
  -4.8495391e-01   6.5458511e-02   5.6589338e-01  -8.2786029e-04  -1.5398725e-03   5.4865317e-03
  -4.7183520e-01   1.4726155e-02   5.2560670e-01  -1.4287321e-03  -1.3415794e-03   5.4247748e-03
  -4.7071061e-01   4.5814668e-03   5.1506873e-01  -2.4647314e-03  -1.7368896e-03   5.3409942e-03
  -4.7069262e-01   1.5648308e-02   5.3001490e-01  -8.7990557e-04  -1.8372117e-03   5.3541510e-03
  -4.5194595e-01   1.2194357e-01   5.7816872e-01  -1.4846613e-03  -1.7007673e-03   4.3227684e-03
  -4.5914894e-01  -3.4970090e-02   4.6562752e-01  -2.3044396e-03  -1.5634910e-03   4.8707215e-03
  -4.4018157e-01   3.1337897e-02   4.9793533e-01  -1.9134919e-03  -1.3687840e-03   4.7622648e-03
  -3.8970250e-01   1.3074830e-01   5.6304347e-01  -6.7948507e-04  -1.6486311e-03   4.6628945e-03
  -3.9772083e-01  -1.8544911e-02   4.9645647e-01  -1.8460834e-03  -1.5718413e-03   4.5058744e-03
  -3.9542162e-01   7.5761901e-02   4.8483283e-01  -1.4095710e-03  -1.6012736e-03   4.4143249e-03
  -3.8853672e-01   7.9299392e-02   5.0260182e-01  -1.6335284e-03  -1.5731327e-03   4.8409267e-03
  -3.9449949e-01   2.8444513e-02   4.8407771e-01  -1.5302859e-03  -1.5672381e-03   5.0843894e-03
  -4.0618722e-01   1.1072736e-01   4.6430330e-01  -8.4640154e-04  -1.5745639e-03   4.5428149e-03
  -4.1314436e-01   9.0879661e-02   5.3629912e-01  -1.0960053e-03  -2.0142259e-03   4.5158648e-03
  -4.1731333e-01   1.9820952e-02   5.0612438e-01  -2.0777226e-03  -1.7706312e-03   4.8669891e-03
  -4.2297304e-01   9.6718601e-02   4.7627518e-01  -1.0080814e-03  -2.1137168e-03   4.5396794e-03
  -4.0988174e-01   1.9197564e-01   5.5702015e-01   1.0049644e-03  -2.5836489e-03   4.9484498e-03
  -4.3641626e-01   5.6697079e-02   4.7644027e-01  -7.2205149e-04  -2.8231196e-03   4.6835019e-03
  -4.3006051e-01   1.0126188e-01   4.7600117e-01  -1.5989694e-04  -2.8354918e-03   4.0201246e-03
  -4.7998401e-01   1.2856063e-01   5.4312489e-01   9.2430274e-05  -3.4236034e-03   4.1974805e-03
  -4.6332656e-01   9.6148845e-02   5.5280208e-01  -5.0619819e-04  -3.2022360e-03   4.7785469e-03
  -4.7500038e-01   5.9915785e-02   4.9729214e-01  -6.5524510e-04  -3.4844325e-03   5.3024260e-03
  -4.7431733e-01   1.1835271e-01   5.3103767e-01   2.8630184e-05  -3.3050767e-03   5.4562268e-03
  -4.5065281e-01   1.1970863e-01   5.8887560e-01  -1.5641776e-03  -3.2568884e-03   3.8351583e-03
  -5.4288910e-01   2.8953379e-01   5.0148667e-01   6.1879545e-04  -6.6963084e-03   2.6459582e-03
  -5.2030111e-01   5.4097283e-02   3.5151592e-01  -1.2777951e-03  -7.0505711e-03   1.2396977e-03
  -5.4249296e-01   7.1181935e-02   4.4245170e-01  -2.9538462e-04  -7.2623497e-03   2.2073106e-03
  -5.9122182e-01   1.1748922e-01   4.9931999e-01  -2.0286117e-06  -8.8645507e-03   3.2065901e-03
  -5.9298200e-01   1.1598621e-01   4.7267883e-01   9.2887476e-04  -9.1725871e-03   3.6257595e-03
  -5.7042615e-01   2.2431736e-01   5.1289246e-01   2.0963438e-03  -9.0399340e-03   3.4479851e-03
  -5.9259795e-01   8.4960291e-02   4.6172269e-01   1.0364052e-04  -8.8232847e-03   3.9162417e-03
  -6.0482436e-01   1.8482362e-01   4.4620138e-01   9.6187815e-04  -8.8757824e-03   2.9296653e-03
  -5.9121081e-01   2.5510307e-01   5.0246714e-01   1.5748410e-03  -8.6580058e-03   3.0236073e-03
  -6.0636271e-01   1.3216489e-01   4.1079500e-01   4.4456615e-04  -9.0282286e-03   3.3819054e-03
  -5.9463341e-01   1.3462006e-01   3.9070566e-01  -2.9923877e-04  -8.9502649e-03   3.3297407e-03
  -5.9462405e-01   2.0392900e-01   4.6230458e-01   7.5663625e-05  -8.4063075e-03   3.3030027e-03
  -5.6524814e-01   2.5612240e-01   4.8949672e-01   1.7989922e-03  -8.4054969e-03   3.7688157e-03
  -5.7990367e-01   1.8302354e-01   5.0328516e-01   6.5518665e-04  -8.2906434e-03   5.0035040e-03
  -5.8168970e-01   2.1329861e-01   4.2941310e-01   5.5513566e-04  -8.2942310e-03   4.6634325e-03
  -5.6226829e-01   2.5099664e-01   5.0834629e-01   1.5540376e-03  -7.9087854e-03   5.3066293e-03
  -5.6560938e-01   2.0169278e-01   5.2495191e-01   5.4062701e-04  -7.6646168e-03   5.5099665e-03
  -6.1613995e-01   1.2612880e-01   4.1722538e-01  -1.1317015e-03  -8.3230281e-03   5.1462767e-03
  -5.7749549e-01   2.3269323e-01   4.7840372e-01  -9.3367911e-05  -7.8688499e-03   4.5825950e-03
  -5.4822375e-01   1.8407052e-01   4.9031670e-01   6.4002699e-04  -7.7675412e-03   5.2745665e-03
  -5.6373078e-01   1.5497847e-01   4.8799790e-01   2.8461431e-04  -7.8256611e-03   5.5757835e-03
  -5.3756958e-01   1.7369215e-01   4.3571695e-01  -5.6133275e-04  -7.2900180e-03   5.5869775e-03
  -5.0852100e-01   2.2138265e-01   4.0529589e-01  -2.8133175e-04  -6.6012816e-03   5.8295394e-03
  -4.9255573e-01   2.6153625e-01   4.9554610e-01   1.1207452e-03  -6.5610297e-03   6.3833853e-03
  -5.0915292e-01   2.4170279e-01   4.9937320e-01   9.4621030e-04  -6.7688123e-03   6.5856284e-03
  -5.1744849e-01   3.2002582e-01   5.3109082e-01   4.9592503e-04  -6.8313549e-03   6.9311059e-03
  -5.1475113e-01   1.0629473e-01   4.4306244e-01  -4.4277473e-04  -5.8804117e-03   8.1366910e-03
  -5.2278484e-01   1.3082717e-01   4.0807444e-01  -2.8443820e-03  -5.9549656e-03   8.1521870e-03
  -4.9516031e-01   1.5691514e-01   4.7553430e-01  -1.9432161e-03  -5.1997362e-03   9.1714460e-03
  -4.8490499e-01   1.5531120e-01   4.7893756e-01  -1.3937837e-03  -5.0681669e-03   9.7278398e-03
  -4.9371933e-01   2.0163904e-01   4.8653520e-01  -5.0421291e-04  -5.0024096e-03   1.0039669e-02
  -5.2589836e-01   2.2016731e-01   5.2532469e-01  -2.9565221e-04  -5.2996011e-03   1.0458332e-02
  -4.9293854e-01   2.0009769e-01   5.3013118e-01  -6.9357211e-04  -4.7031063e-03   1.1048138e-02
  -5.1685044e-01   2.0364015e-01   4.6314945e-01  -4.0404641e-04  -4.9044870e-03   1.1902868e-02
  -4.5307500e-01   3.5083713e-01   5.3167820e-01   1.6481965e-03  -3.8839429e-03   1.1015572e-02
  -4.9026515e-01   2.1567216e-01   4.7833614e-01   1.0921289e-03  -4.1741596e-03   1.1738806e-02
  -5.1992420e-01   2.8389577e-01   3.6987390e-01   1.5524796e-03  -4.1092865e-03   1.0527625e-02
  -5.5013352e-01   3.3802363e-01   4.6982486e-01   2.2990937e-03  -5.1790355e-03   9.8164215e-03
  -5.4625243e-01   3.1126035e-01   5.0085012e-01   2.0557721e-03  -5.1202511e-03   1.1242343e-02
  -5.5135314e-01   2.6391303e-01   3.7141264e-01   1.5621245e-03  -5.0745546e-03   1.0854368e-02
  -5.4732649e-01   3.5412190e-01   4.8815167e-01   2.3135090e-03  -5.3641572e-03   1.1610245e-02
  -5.2921570e-01   2.8767302e-01   4.9492715e-01   1.5563297e-03  -5.3029045e-03   1.2367850e-02
  -5.4257781e-01   3.0121064e-01   4.7453126e-01   2.4339065e-03  -5.1675537e-03   1.2580719e-02
  -6.0955972e-01   2.4256419e-01   4.1758684e-01  -1.5021560e-03   3.1258533e-05   3.4733418e-03
  -6.1267708e-01   3.2197716e-01   3.6837538e-01   7.2839441e-04  -5.2212493e-03   3.1625685e-03
  -6.3610087e-01   1.8513931e-01   3.5906042e-01   7.8322871e-04  -7.2711548e-03   5.2657521e-03
  -6.3998253e-01   2.6716612e-01   4.3707072e-01   2.3477990e-03  -7.4163016e-03   6.5687524e-03
  -6.5738180e-01   3.2865839e-01   5.2198670e-01   3.8857884e-03  -8.4401572e-03   7.6214384e-03
  -6.3833587e-01   2.5709862e-01   4.6503188e-01   3.0042397e-03  -8.0022879e-03   8.3318804e-03
  -6.1335048e-01   2.8637931e-01   4.5072192e-01   3.4649013e-03  -7.9444801e-03   8.6116404e-03
  -5.9932263e-01   2.5837247e-01   4.4863324e-01   2.8915051e-03  -8.0018941e-03   9.4837631e-03
  -6.4135604e-01   2.5484439e-01   4.7713725e-01   2.5719978e-03  -8.7893171e-03   9.6277689e-03
  -6.8597554e-01   2.4467977e-01   4.8058116e-01   1.9022079e-03  -9.6356562e-03   9.9692364e-03
  -6.9536926e-01   1.8016084e-01   4.7096437e-01   1.0934453e-03  -9.1726706e-03   1.0396256e-02
  -7.2950960e-01   1.7634002e-01   4.0968065e-01   4.3410901e-04  -9.9705031e-03   1.0342490e-02
  -6.8486472e-01   2.2452377e-01   4.4851122e-01   6.6566999e-04  -8.7190273e-03   1.0149981e-02
  -6.5323461e-01   1.5370808e-01   4.0189429e-01  -1.0632864e-03  -8.6147319e-03   1.0304501e-02
  -7.0191707e-01   1.3738283e-01   4.2196197e-01  -5.7239931e-04  -9.1452805e-03   1.0433473e-02
  -7.2625374e-01   6.1725093e-02   3.8812323e-01  -4.5812933e-03  -7.8754898e-03   9.1139089e-03
  -7.2405956e-01   6.9704424e-02   2.8752260e-01  -5.1195297e-03  -8.4736417e-03   8.8580976e-03
  -7.1250391e-01   5.9037930e-02   3.7258483e-01  -4.5626445e-03  -8.2644942e-03   9.5788527e-03
  -7.1073750e-01   5.9526436e-02   3.4831126e-01  -3.7423708e-03  -8.6042199e-03   9.2895919e-03
  -7.0360437e-01   8.1462482e-02   3.4172342e-01  -3.0809135e-03  -8.5773041e-03   9.3349393e-03
