   0.0000000e+00   0.0000000e+00   1.4210855e-14   0.0000000e+00   0.0000000e+00   0.0000000e+00
   6.9115512e-03   3.7468567e-02   1.7689994e-01  -1.1290380e-03  -1.9196441e-04   7.9786319e-04
   8.0206343e-03   5.8610199e-02   8.0843634e-02   1.8093099e-03  -1.5221778e-04   2.6042791e-04
   1.2090818e-02   4.3800483e-02   2.3983166e-01   5.3533053e-04   1.1134881e-04   7.3133809e-04
   6.0052483e-02  -3.8457628e-02   1.5596307e-01   6.8938083e-04   1.0778841e-03  -6.6609810e-04
   4.1215038e-02  -1.6674883e-02   3.6746508e-01   4.7358695e-04   6.0744551e-04   7.7542013e-05
   6.2399845e-02  -1.0832033e-01   1.2831355e-01   6.4196145e-04   1.2555377e-03  -2.7126223e-04
   9.9807498e-02   5.0773446e-02   3.6748468e-01   1.6963227e-03   1.4016635e-03  -1.7382277e-04
   4.3955590e-02  -1.0114503e-01   1.7117926e-01   4.0732318e-05   8.3822734e-04  -4.8492683e-04
   9.3967355e-02   4.6045883e-02   3.6002414e-01   1.0310681e-03   1.1875892e-03  -3.5607013e-04
   7.3626149e-02  -1.7262264e-01   1.7197179e-01  -1.1155235e-03   1.3804953e-03  -4.5133690e-04
   8.8379601e-02  -4.6322321e-02   2.6661327e-01   1.1750625e-03   1.3654266e-03   1.3485217e-04
   7.6460736e-02  -1.1492733e-01   2.3835375e-01  -8.7258398e-04   1.2737403e-03   6.1527003e-04
   7.8930457e-02  -1.2072354e-01   1.8356673e-01   6.3215064e-04   1.6775292e-03  -8.5265216e-04
   8.9207140e-02  -3.9824174e-02   3.5815308e-01   5.1809708e-04   1.4080948e-03   7.5986084e-04
   6.4588968e-02  -1.9514889e-01   2.1434386e-01   5.9509570e-04   1.6294135e-03  -4.0369356e-04
   7.9870197e-02  -3.8777645e-02   4.1224171e-01   1.7633989e-03   1.8597682e-03  -3.0131801e-04
   2.8344884e-02  -1.5071453e-01   2.1936208e-01   5.8494085e-04   1.4724717e-03  -7.2052986e-04
   5.5165476e-02  -6.0920535e-02   3.1907734e-01   2.4723227e-03   1.9583811e-03  -7.3845460e-04
   3.2298264e-02  -1.2193134e-01   3.6760056e-01   6.8778900e-04   1.2400885e-03   2.0923034e-04
   7.5240554e-02  -1.1192566e-01   2.9848633e-01   2.4423093e-03   1.7405800e-03  -7.9337540e-05
   6.2817975e-02  -7.2914543e-02   4.3588410e-01   1.5629588e-03   1.4017199e-03   1.2722853e-03
   8.3947846e-02  -1.1648876e-01   2.9118683e-01   2.8671026e-03   1.9666536e-03   1.2404229e-04
   7.9374292e-02  -1.4072399e-02   4.6197170e-01   2.5120717e-03   1.4227669e-03   1.1490466e-03
   9.8074536e-02  -1.0309814e-01   3.5108646e-01   3.3081970e-03   1.9335961e-03   5.6482394e-04
   1.0648747e-01   1.1738471e-02   5.2892216e-01   3.7119015e-03   1.7375865e-03   1.3918336e-03
   1.4283686e-01  -4.7550517e-02   3.5811014e-01   4.9710292e-03   2.3853885e-03   8.3969271e-04
   1.5098298e-01  -3.3265319e-02   4.8262942e-01   3.4953355e-03   2.5138169e-03   1.0488746e-03
   1.5853761e-01  -2.3493672e-02   4.0801729e-01   5.8279850e-03   2.8921306e-03   6.0629257e-04
   1.5312632e-01  -4.8463765e-02   5.4686371e-01   5.1071607e-03   2.8154937e-03   1.1322226e-03
   1.7253670e-01  -4.7140394e-02   4.8797932e-01   7.2367721e-03   3.1627515e-03   8.6502359e-04
   2.1489792e-01  -4.4342472e-02   5.5747581e-01   5.8886548e-03   3.3185825e-03   1.2586211e-03
   2.0090950e-01  -8.2228176e-02   4.0450447e-01   6.9122404e-03   3.6889821e-03   5.6481746e-04
   2.2628930e-01   3.1093596e-02   6.3027933e-01   7.7040695e-03   3.9375773e-03   1.0978629e-03
   2.0901556e-01  -1.0866852e-01   3.9205318e-01   6.8079287e-03   3.9340475e-03   9.9600335e-04
   2.6006502e-01   3.9125479e-02   5.4465134e-01   7.8564403e-03   4.4431298e-03   1.0027078e-03
   1.9470502e-01  -6.2290706e-02   4.2672821e-01   6.4148340e-03   3.4573524e-03   1.9086311e-03
   2.4482014e-01   3.9261570e-02   5.4993717e-01   8.4203825e-03   4.2915550e-03   1.2283725e-03
   2.1580702e-01  -2.0520364e-02   5.1687673e-01   6.5851239e-03   3.8508572e-03   1.9997116e-03
   2.5169386e-01  -4.7182817e-02   4.9411813e-01   7.6387641e-03   4.8502938e-03   8.4077888e-04
   2.3491925e-01   3.7881308e-02   6.4227295e-01   7.9824598e-03   3.9638916e-03   2.2465185e-03
   2.6086731e-01  -7.3364328e-02   5.0370978e-01   8.3402777e-03   4.8310257e-03   1.2767560e-03
   2.7312156e-01   9.5615489e-02   7.0163851e-01   9.4565780e-03   4.7870340e-03   2.4232257e-03
   2.3381490e-01  -7.0306150e-02   5.3792477e-01   8.5836860e-03   4.6925660e-03   1.9799610e-03
   2.8934787e-01   7.5076181e-02   6.7089892e-01   9.5282255e-03   5.3110257e-03   1.6015830e-03
   2.2729537e-01  -4.8465189e-02   5.5558419e-01   8.6121082e-03   4.8325325e-03   2.2939045e-03
   2.5980975e-01   5.4343182e-02   6.9128138e-01   1.0133575e-02   4.9691687e-03   2.6921625e-03
   2.7347938e-01  -5.0518722e-02   6.6164860e-01   8.5759262e-03   4.9620479e-03   3.3067613e-03
   2.7437939e-01   6.3328886e-03   6.4674232e-01   1.0409666e-02   5.0597513e-03   2.8643971e-03
   2.4595397e-01   3.3958276e-02   7.2688342e-01   9.4098920e-03   4.7726885e-03   3.5647043e-03
   2.5318535e-01   4.7888266e-03   6.1468998e-01   1.0551357e-02   5.1269029e-03   2.5278965e-03
   2.4322299e-01   1.1908361e-02   7.0270288e-01   9.3518563e-03   5.0028975e-03   3.3917698e-03
   2.5491924e-01   1.2242191e-02   6.1154608e-01   1.0997187e-02   5.1915195e-03   3.0006925e-03
   2.9358165e-01   3.2476303e-02   7.7496093e-01   1.0018818e-02   5.5829044e-03   3.3024786e-03
   2.8885508e-01  -2.4619956e-02   6.1589532e-01   1.0977914e-02   5.7339396e-03   2.7342154e-03
   2.8874547e-01   1.0549123e-01   8.1984876e-01   1.1136354e-02   5.4175964e-03   3.9339144e-03
   2.5978689e-01  -2.4859987e-02   6.4350286e-01   1.2024022e-02   5.4601149e-03   3.4292222e-03
   3.1064284e-01   1.0428885e-01   8.7197583e-01   1.2948664e-02   5.7831589e-03   4.1796160e-03
   2.5459139e-01   4.0142217e-02   8.0804040e-01   1.3230689e-02   5.5637688e-03   5.0013843e-03
   2.8271732e-01   1.2813272e-01   8.7186798e-01   1.4959995e-02   5.7331190e-03   4.5418527e-03
   2.4637805e-01   6.8068657e-02   8.4761979e-01   1.3385988e-02   5.2502697e-03   5.3677873e-03
   2.4121494e-01  -6.8028432e-02   9.9086736e-01   1.5786533e-02   5.0276294e-03   4.3217401e-03
   2.2752857e-01  -2.5962143e-02   9.4124423e-01   1.7551035e-02   3.6436013e-03   5.3720448e-03
   2.8862773e-01   3.2139060e-02   1.0715542e+00   1.6009256e-02   4.9519904e-03   5.8532794e-03
   2.8477567e-01  -7.5087864e-02   9.3049941e-01   1.6892956e-02   5.7460363e-03   4.7121390e-03
   3.0371281e-01   4.6667494e-02   1.1285275e+00   1.6901718e-02   5.4160771e-03   5.6959870e-03
   2.8370086e-01  -6.0378903e-02   9.6331424e-01   1.7148701e-02   5.5301226e-03   5.0852446e-03
   3.2306852e-01   5.6239899e-02   1.1546816e+00   1.7469257e-02   5.8258253e-03   5.8427932e-03
   3.1980163e-01  -1.0795657e-01   9.6815243e-01   1.6672085e-02   6.1872075e-03   5.5378931e-03
   3.4792105e-01  -2.5222316e-02   1.0647010e+00   1.7689191e-02   6.6062445e-03   4.9960902e-03
   3.1468133e-01  -6.9622929e-02   1.0272946e+00   1.6781259e-02   6.1557075e-03   6.4157648e-03
   3.7588538e-01   5.4298704e-02   1.0852254e+00   1.9242499e-02   6.8740532e-03   6.3577415e-03
   3.6701718e-01  -2.4604103e-02   1.1454322e+00   1.8228312e-02   6.5615286e-03   6.3732449e-03
   3.0973607e-01  -4.3077834e-02   1.0388374e+00   1.7835223e-02   6.1942906e-03   7.1554573e-03
   3.1488693e-01   5.2329606e-02   1.0733142e+00   1.9553700e-02   6.6499268e-03   6.5637773e-03
   3.4077472e-01   2.2995564e-02   1.1906361e+00   1.8702390e-02   7.0187083e-03   7.2151429e-03
   3.1213202e-01  -1.8781379e-02   1.1011327e+00   1.8827819e-02   6.6491105e-03   6.9139913e-03
   3.5735205e-01   3.4675809e-02   1.2180921e+00   2.0493243e-02   7.0244068e-03   7.2559581e-03
   3.4341612e-01  -4.0097181e-02   1.1685066e+00   1.9306968e-02   6.9752665e-03   7.3695070e-03
   3.7517578e-01   4.3953867e-02   1.2419805e+00   2.1098742e-02   7.2282080e-03   7.5420491e-03
   3.3790790e-01  -3.9503395e-02   1.2468411e+00   1.9820438e-02   6.7908104e-03   8.2599852e-03
   3.5775647e-01   9.0378082e-03   1.1496746e+00   2.1074969e-02   7.5198410e-03   7.2899498e-03
   3.6704358e-01   2.3987337e-02   1.2598820e+00   1.9890400e-02   7.4034205e-03   7.9535575e-03
   3.6933929e-01  -4.1829108e-03   1.1739601e+00   2.1220175e-02   7.4537342e-03   8.1967492e-03
   4.1180910e-01   6.6158977e-02   1.3199527e+00   2.1912023e-02   7.9569681e-03   8.6332098e-03
   3.8768448e-01  -1.2718308e-02   1.2617810e+00   2.0969139e-02   7.7499087e-03   8.6296990e-03
   3.6380284e-01  -1.6425308e-02   1.2044069e+00   2.2139368e-02   7.9856903e-03   8.5518300e-03
   4.1413185e-01   9.5678618e-02   1.4370562e+00   2.2939544e-02   8.2641712e-03   8.8309464e-03
   3.7789523e-01  -3.3680229e-02   1.2689720e+00   2.2543138e-02   7.8424224e-03   9.3173972e-03
   4.1577271e-01   1.1480683e-01   1.3741140e+00   2.3285221e-02   8.2734963e-03   9.1620388e-03
   3.9685892e-01  -5.5694672e-02   1.2834190e+00   2.1343741e-02   8.2536983e-03   8.9119358e-03
   4.0645952e-01  -2.3546350e-03   1.2535035e+00   2.3128084e-02   8.8428332e-03   9.1092596e-03
   4.4604924e-01   3.2387985e-02   1.4347437e+00   2.2834822e-02   8.9859753e-03   9.0905889e-03
   3.8806730e-01  -1.9362020e-02   1.3293095e+00   2.2800055e-02   8.5266535e-03   1.0163426e-02
   4.3161534e-01   6.1616507e-02   1.3254375e+00   2.3549122e-02   9.2078124e-03   9.4166916e-03
   3.6092018e-01   7.0724381e-03   1.4143778e+00   2.2701742e-02   7.7947144e-03   1.0534329e-02
   4.1544892e-01   5.1049621e-03   1.4410490e+00   2.4847455e-02   8.6996468e-03   1.0473443e-02
   3.9712020e-01   6.0653950e-02   1.5971567e+00   2.5268725e-02   7.9166347e-03   1.2599674e-02
   3.8526884e-01  -4.1414840e-02   1.5081933e+00   2.5480202e-02   8.1947781e-03   1.2169425e-02
   4.2480113e-01   1.0480734e-01   1.6547154e+00   2.6476352e-02   8.3672912e-03   1.2752348e-02
   4.3245069e-01  -7.0342701e-02   1.5308941e+00   2.5141956e-02   8.8070027e-03   1.2505958e-02
   4.4995303e-01   4.1601234e-02   1.5965078e+00   2.6385857e-02   8.9114721e-03   1.2278837e-02
   4.1655365e-01   9.0889155e-03   1.5553698e+00   2.5843291e-02   8.3555756e-03   1.3429810e-02
   4.4719962e-01   4.2411562e-02   1.6672138e+00   2.7839593e-02   8.7262104e-03   1.3052789e-02
   4.1869701e-01   4.6238336e-02   1.7055990e+00   2.6747941e-02   8.2268847e-03   1.4275842e-02
   4.2197781e-01   2.2084970e-02   1.5686118e+00   2.7603714e-02   8.5924984e-03   1.3465481e-02
   4.0555900e-01   1.1125748e-01   1.7583823e+00   2.7821973e-02   8.1246777e-03   1.4507849e-02
   4.1470425e-01   1.1258750e-02   1.6953050e+00   2.7407399e-02   8.2651882e-03   1.4521268e-02
   4.5381152e-01   9.0000540e-02   1.6952372e+00   2.8318806e-02   8.7761649e-03   1.4592052e-02
   4.1734930e-01   4.4287070e-03   1.6459050e+00   2.6627676e-02   8.4999366e-03   1.3882697e-02
   3.8755878e-01   8.7772564e-02   1.6469523e+00   2.8855069e-02   8.0523893e-03   1.4603853e-02
   3.7687749e-01   9.4711764e-02   1.8111489e+00   2.8266963e-02   7.7482314e-03   1.5367768e-02
   3.6241172e-01   4.2847249e-02   1.8099403e+00   2.8723684e-02   7.5944495e-03   1.5912671e-02
   3.9764502e-01   1.0010271e-01   1.8050596e+00   2.9709497e-02   8.2309679e-03   1.5571277e-02
   3.8679772e-01   2.9704137e-02   1.8437692e+00   2.7917609e-02   8.1149377e-03   1.5978655e-02
   3.5483304e-01   1.9099392e-02   1.7882387e+00   2.9307526e-02   7.6375633e-03   1.6357019e-02
   3.6240585e-01   8.6305519e-02   1.8700331e+00   2.9197412e-02   7.8248266e-03   1.6066226e-02
   3.0600659e-01   4.6660972e-02   1.8311154e+00   2.8176704e-02   7.3371910e-03   1.7192882e-02
   3.5944548e-01   8.0344556e-02   1.7566343e+00   2.9957428e-02   8.1415926e-03   1.6945746e-02
   4.0015313e-01   1.5691043e-01   1.8322326e+00   2.9402084e-02   8.1062626e-03   1.7130828e-02
   3.9383567e-01   5.6950709e-02   1.6926998e+00   2.9061031e-02   8.3405515e-03   1.7176728e-02
   4.2750875e-01   2.2562525e-01   1.8847167e+00   3.0808999e-02   8.3566877e-03   1.8409531e-02
   3.9873404e-01   7.0316437e-02   1.7872480e+00   2.9561614e-02   8.1472878e-03   1.8541887e-02
   4.1588824e-01   1.3109084e-01   1.8673468e+00   3.0381192e-02   8.7177313e-03   1.8447041e-02
   3.9489312e-01   1.5471223e-01   1.9286393e+00   3.0328433e-02   8.1906815e-03   1.9215386e-02
   3.9199399e-01   9.8401237e-02   1.8678201e+00   3.0525226e-02   8.3300786e-03   1.9138945e-02
   4.4647927e-01   9.9334167e-02   1.8128020e+00   3.0657656e-02   9.5702030e-03   1.8217429e-02
   3.9737981e-01   2.2522900e-01   2.0057791e+00   3.1808935e-02   8.2833232e-03   1.9623420e-02
   3.9708921e-01   1.3925379e-01   1.8967716e+00   3.1967352e-02   8.4192638e-03   1.9726466e-02
   3.9142135e-01   1.9369012e-01   1.9488902e+00   3.2670057e-02   8.4609043e-03   1.9659829e-02
   3.8169943e-01   1.7377361e-01   2.0066681e+00   3.1679093e-02   8.2777927e-03   2.0167674e-02
   3.9724417e-01   9.7820837e-02   1.9384990e+00   3.1720981e-02   8.6838495e-03   1.9616448e-02
   4.1042959e-01   1.6491708e-01   2.0038943e+00   3.2524124e-02   8.7519679e-03   1.9849385e-02
   3.6504470e-01   9.7746530e-02   1.9961236e+00   3.1311086e-02   8.3059025e-03   2.0339399e-02
   3.8702002e-01   1.1879269e-01   1.9960894e+00   3.2494756e-02   8.7986299e-03   1.9811339e-02
   4.1029585e-01   1.5083120e-01   2.0498383e+00   3.1991088e-02   8.8208918e-03   2.0158636e-02
   3.6958124e-01   7.7538896e-02   2.0170304e+00   3.2327888e-02   8.3159794e-03   2.0867502e-02
   3.5172698e-01   1.4143066e-01   2.0659725e+00   3.3189873e-02   7.8859254e-03   2.1047656e-02
   2.9173461e-01   1.9336673e-01   2.0910881e+00   3.2496215e-02   5.8013516e-03   2.2091779e-02
   1.3739445e-01  -4.1107222e-01   1.0052856e+00   1.5241000e-02  -6.3171359e-04   1.4151941e-02
   1.1048803e-02   4.7959646e-01   1.6174122e-01   1.5863605e-02  -1.8762677e-03   1.1850548e-02
   6.0985751e-02   6.5200511e-01   8.7396279e-01   2.2053073e-02   1.6701722e-06   1.1910389e-02
   3.1737144e-03   6.9570322e-01   1.0757390e+00   2.3400835e-02  -5.2046356e-04   1.2588807e-02
   6.2383956e-02   5.2758969e-01   8.8826629e-01   2.1766089e-02   2.7853732e-04   1.2518407e-02
   9.9339763e-02   6.3459842e-01   1.1408760e+00   2.1592466e-02   3.6167465e-04   1.2593295e-02
   8.5695985e-02   4.4853828e-01   1.0256982e+00   2.1411289e-02   7.8840208e-04   1.2478423e-02
   8.3588401e-02   5.6210946e-01   1.0443379e+00   2.3112513e-02   9.2251238e-04   1.2166469e-02
   3.1449206e-02   6.4297677e-01   1.1784907e+00   2.4012260e-02   4.3341331e-04   1.3434254e-02
   6.4406692e-02   5.4543145e-01   1.1010919e+00   2.4464545e-02   1.3714280e-03   1.2581218e-02
   8.8711993e-02   5.8325537e-01   1.1969539e+00   2.4939852e-02   1.8476493e-03   1.2586147e-02
   8.9711285e-02   4.9214286e-01   1.1890377e+00   2.3664599e-02   1.9948654e-03   1.2739944e-02
   5.3342437e-02   4.9389319e-01   1.1611648e+00   2.5003090e-02   1.3873146e-03   1.2942906e-02
   7.4804048e-02   5.6687629e-01   1.2900653e+00   2.5842039e-02   2.1111339e-03   1.2548740e-02
   1.2940802e-02   4.4936993e-01   1.2085605e+00   2.4436921e-02   1.3493658e-03   1.3299664e-02
   6.1245289e-02   6.0126863e-01   1.2538925e+00   2.6359720e-02   1.6267828e-03   1.3063737e-02
   2.1349720e-02   4.7860920e-01   1.2521305e+00   2.4796249e-02   1.3018837e-03   1.3413217e-02
   5.2110293e-02   5.1283124e-01   1.3265918e+00   2.6065225e-02   1.8074505e-03   1.3461305e-02
   4.4442416e-02   5.1737885e-01   1.3710002e+00   2.5625173e-02   1.5530944e-03   1.4327716e-02
   8.0052579e-02   4.2796230e-01   1.2894776e+00   2.6632301e-02   2.3387985e-03   1.3937395e-02
   9.7771390e-02   6.2904083e-01   1.4401199e+00   2.9023389e-02   2.1065668e-03   1.4973687e-02
   8.9473299e-02   4.4540577e-01   1.3386042e+00   2.6843169e-02   2.2583874e-03   1.4583289e-02
   1.0206660e-01   5.2272206e-01   1.3786483e+00   2.8277142e-02   2.4468860e-03   1.4568623e-02
   6.9872320e-02   5.1250766e-01   1.4844055e+00   2.7720683e-02   1.9955678e-03   1.5675937e-02
   8.5148833e-02   4.8045156e-01   1.4739649e+00   2.8976891e-02   2.1048789e-03   1.5758473e-02
  -1.4878035e-01  -4.9236133e-02   1.9912003e+00   2.2451102e-02   3.9511607e-04   1.4731008e-02
  -7.2513177e-02  -5.1065228e-01  -5.5274577e-01  -4.6262670e-03  -5.1011637e-03   4.8701030e-03
  -2.7777245e-01   7.2619467e-02  -2.5214579e+00  -1.4195475e-02  -7.0767852e-03   7.2751931e-03
  -1.2703620e-01   5.4847556e-01  -1.7078954e+00  -6.8298395e-03  -4.1652400e-03   5.5784628e-03
  -1.4499335e-01   5.1559581e-01  -1.0408749e+00  -4.9821153e-03  -3.5022763e-03   4.2852668e-03
  -6.3082185e-02   4.1451832e-01  -1.0923672e+00  -4.5734788e-03  -1.2482466e-03   3.4130463e-03
  -1.1265730e-01   5.4877890e-01  -6.8537033e-01  -3.5850603e-03  -2.4683795e-03   3.1313457e-03
  -3.2351942e-02   4.7503924e-01  -7.9107674e-01  -2.0623505e-03  -1.6400228e-03   3.5217208e-03
   3.4700906e-02   4.1331504e-01  -6.9255156e-01  -2.7305624e-03  -7.8998209e-04   2.9663812e-03
   3.9002265e-02   5.7027539e-01  -4.4152663e-01   4.9940677e-05  -1.4412955e-03   4.0773148e-03
   7.6062462e-02   4.9229469e-01  -5.1925921e-01   6.1240801e-04  -7.1720861e-04   4.6059372e-03
   1.4625668e-01   6.1169924e-01  -3.2899169e-01   3.5937387e-03   1.7157165e-04   4.7706989e-03
   1.5957338e-01   5.6928510e-01  -2.6690246e-01   3.2760017e-03   2.3387647e-04   6.0232473e-03
   1.7137841e-01   5.6950537e-01  -2.2321825e-01   5.1209742e-03   5.5013579e-04   5.4216064e-03
   1.9160023e-01   6.3619541e-01  -1.2009309e-01   5.4554615e-03   6.5975589e-04   5.8670753e-03
   2.0980302e-01   6.1471080e-01  -1.3958426e-01   6.4315806e-03   1.2125566e-03   5.5715865e-03
   2.0137888e-01   6.3072172e-01  -1.2587318e-01   5.7816723e-03   1.2451143e-03   5.4248859e-03
   2.5142057e-01   7.5451849e-01  -7.2063664e-02   8.6350386e-03   2.3890133e-03   5.6054532e-03
   2.4918453e-01   7.4113390e-01  -6.1286618e-02   8.5370109e-03   2.6462166e-03   6.3664767e-03
   2.5239542e-01   7.4501209e-01  -4.5279754e-02   9.7058782e-03   2.7055743e-03   6.6581973e-03
   2.7791148e-01   8.2082747e-01   7.2688211e-02   1.0762345e-02   3.1835296e-03   6.7354635e-03
   2.6631383e-01   7.4138303e-01   6.9119356e-02   1.0177700e-02   2.4757102e-03   7.4612123e-03
   2.4170971e-01   8.2864322e-01   1.2155191e-01   1.3093344e-02   2.1824407e-03   8.0397316e-03
   2.1907060e-01   8.1922616e-01   2.2618159e-02   9.6536963e-03   3.2688879e-03   3.7475002e-03
   1.5557649e-01   9.2086096e-01  -7.3360069e-02   7.9079921e-03   3.3732459e-03   4.7327665e-03
   1.5222244e-01   8.1182826e-01  -1.3571062e-01   8.8403950e-03   3.2231006e-03   4.5892660e-03
   2.9665342e-01   9.2819656e-01   1.4380598e-01   1.0836790e-02   5.5107850e-03   5.7174199e-03
   2.9234137e-01   8.7678486e-01   1.4408741e-01   1.0531845e-02   5.6097361e-03   7.2812295e-03
   3.5786962e-01   8.3373323e-01   1.3724325e-01   1.2498177e-02   6.5176212e-03   6.7497209e-03
   3.9391770e-01   8.9583103e-01   2.6254854e-01   1.2940817e-02   6.4604741e-03   7.5066902e-03
   3.3151823e-01   7.7307230e-01   2.1326538e-01   1.2204407e-02   6.2567302e-03   7.4038964e-03
   3.6364641e-01   8.1060999e-01   2.0073680e-01   1.3568375e-02   6.7513896e-03   6.8652869e-03
   3.4333242e-01   8.1673175e-01   2.7396090e-01   1.2534588e-02   6.3904867e-03   7.7227244e-03
   3.5188314e-01   7.8001158e-01   2.5989891e-01   1.3773764e-02   6.5543767e-03   8.2304632e-03
   3.5395063e-01   8.3590046e-01   3.8095488e-01   1.4452975e-02   6.4996804e-03   8.4885614e-03
   3.3704671e-01   8.1626199e-01   3.4418775e-01   1.3927089e-02   6.2218683e-03   8.5677469e-03
   3.2160744e-01   8.3692872e-01   2.3990111e-01   1.4379740e-02   6.4617175e-03   8.3052109e-03
   3.2652594e-01   8.7164684e-01   3.9679873e-01   1.4111791e-02   6.3727870e-03   9.0322276e-03
   3.2930354e-01   8.2767052e-01   2.4241473e-01   1.4645261e-02   6.5284129e-03   8.3703089e-03
   3.5211972e-01   8.4435962e-01   4.2818758e-01   1.4890391e-02   6.9417199e-03   7.9558871e-03
   3.4857731e-01   7.7241449e-01   3.7420949e-01   1.4092542e-02   6.9446474e-03   8.4702372e-03
   3.5563312e-01   7.9477979e-01   3.5959181e-01   1.5699759e-02   7.0975778e-03   8.9082806e-03
   3.9640965e-01   9.2233250e-01   5.2387937e-01   1.5979943e-02   7.5030279e-03   9.1511305e-03
   3.6859137e-01   8.5525138e-01   4.4309550e-01   1.6202613e-02   7.3678925e-03   9.4346218e-03
   3.8105197e-01   8.9095099e-01   4.0926749e-01   1.7369475e-02   7.8275068e-03   8.6082143e-03
   3.6341680e-01   9.4614519e-01   4.9342034e-01   1.7321450e-02   7.5874429e-03   8.6974872e-03
   3.1028994e-01   1.0296693e+00   5.1017854e-01   2.0457683e-02   7.3054405e-03   1.0478213e-02
   9.1616430e-02   8.2362647e-01   2.6190576e-01   1.1493625e-02  -1.2003425e-03   1.0581350e-02
   9.6066211e-02   8.4493460e-01  -5.0474137e-01   2.5199856e-03   3.7089644e-04   8.1568322e-03
   2.2934948e-01   8.5547435e-01  -1.2740506e-02   8.0915486e-03   2.4400022e-03   7.3805711e-03
   1.6775441e-01   7.0410430e-01   3.1447193e-02   8.5207798e-03   2.8356372e-03   7.6751559e-03
   1.8885160e-01   8.2651259e-01   1.1673024e-01   1.0560918e-02   2.8467627e-03   8.1964888e-03
   2.0069093e-01   8.3949600e-01   2.4640061e-01   1.0177968e-02   2.7383699e-03   8.7631886e-03
   2.2589611e-01   7.3027569e-01   2.1050107e-01   1.0296092e-02   3.3012248e-03   8.4939703e-03
   2.4074769e-01   8.3556905e-01   2.7907199e-01   1.1579677e-02   3.5909482e-03   8.9079854e-03
   2.5256726e-01   8.0393071e-01   3.1099224e-01   1.0982386e-02   3.7088620e-03   9.8322125e-03
   2.5930123e-01   7.7299663e-01   2.8909493e-01   1.1906145e-02   3.8877443e-03   9.4706330e-03
   2.7926421e-01   8.8133416e-01   3.8948124e-01   1.3613676e-02   4.0016193e-03   9.8739367e-03
   2.7912298e-01   8.3324552e-01   4.4504858e-01   1.4028483e-02   4.6946751e-03   9.3811910e-03
   1.7413726e-01   8.1470002e-01   5.0126727e-01   1.7143403e-02   4.5283838e-03   7.5923481e-03
   1.1685981e-01   9.2612329e-01   5.4719010e-01   1.7426054e-02   2.8056682e-03   8.3481312e-03
   1.6217002e-01   8.1609225e-01   4.6480643e-01   1.4932667e-02   2.9339359e-03   8.7412279e-03
   1.9598091e-01   9.2598187e-01   4.1313893e-01   1.6850503e-02   3.4209371e-03   9.2175679e-03
   1.6914600e-01   9.0356699e-01   5.3286735e-01   1.6101986e-02   3.1029889e-03   1.0613758e-02
   1.5079570e-01   7.4201682e-01   3.5797153e-01   1.4209471e-02   2.9893506e-03   9.1685711e-03
   2.1106429e-01   9.1522882e-01   6.1553383e-01   1.6697735e-02   2.9993987e-03   9.2953412e-03
   1.4718633e-01   8.4874947e-01   4.7560984e-01   1.8462589e-02   1.1119902e-03   1.1864073e-02
   2.7960026e-01   9.0717172e-01   6.5883785e-01   2.1130887e-02   3.1636584e-03   1.0532245e-02
   1.0344713e-01   5.9808019e-01   8.2081238e-01   2.2311693e-02   1.1459931e-04   1.1365323e-02
  -1.1326829e+00  -5.8636205e-01   1.0856549e+00   1.8190293e-02  -1.4290965e-02   1.5637712e-02
  -4.1443484e-01  -1.5676253e+00  -1.3352074e+00  -2.0127527e-02  -1.2650987e-02  -2.9318404e-04
  -2.0635394e-01   1.2934582e-01  -1.5416515e+00  -3.8915755e-03  -8.7524690e-03   2.7304334e-03
  -1.1797926e-01   4.7255451e-01  -1.3169247e+00  -6.2930056e-03  -5.1804924e-03   3.3197586e-03
  -1.3066670e-02   7.3272794e-01  -8.0749141e-01  -1.2551516e-05  -4.1894893e-03   3.4530603e-03
   1.0440678e-01   5.5477975e-01  -7.3896842e-01  -1.0487166e-03  -2.9112774e-03   2.7749687e-03
   1.2860226e-01   6.4404195e-01  -6.0418106e-01   2.7421212e-03  -2.5774943e-03   4.3601696e-03
   1.7664831e-01   9.1454009e-01  -9.4721151e-02   8.2240708e-03  -2.0864307e-03   6.0337662e-03
   1.9231139e-01   8.4358013e-01  -2.4218610e-01   9.6633832e-03  -1.8242712e-03   6.8833168e-03
   2.3604377e-01   8.5569948e-01  -2.2165604e-01   1.0320725e-02  -5.0337439e-04   7.0523386e-03
   2.7520099e-01   8.8189118e-01   1.0056777e-01   1.0428661e-02  -1.3136046e-04   7.8294344e-03
   3.6384411e-01   8.0692482e-01   3.5119267e-02   1.1731799e-02   1.0382493e-03   8.1407882e-03
   3.7782042e-01   8.1757729e-01  -2.6797538e-02   1.1643335e-02   2.0950900e-03   7.8465204e-03
   3.6657500e-01   8.5183264e-01   1.6486980e-01   1.1074181e-02   1.0820826e-03   9.1849285e-03
   3.8812757e-01   8.4093338e-01   8.3289198e-02   1.3124991e-02   1.3902956e-03   9.1030741e-03
   3.9060408e-01   8.4213197e-01  -3.0931354e-02   1.3462199e-02   1.6197656e-03   9.3215356e-03
   4.2045827e-01  -3.0859010e-02  -1.3196881e+00  -1.5007064e-02   3.9208123e-03  -2.4257424e-05
   4.0936385e-01   6.0086711e-01  -6.9892229e-01  -1.0211482e-02   4.4282926e-03   6.3036176e-04
   2.8514014e-01   5.8643838e-01  -7.2621520e-01  -7.7253763e-03   2.3967879e-03   2.7853767e-03
   3.6613056e-01   7.0261017e-01  -4.9309953e-01  -4.4971875e-03   2.7621783e-03   3.6134931e-03
   3.7456873e-01   6.7443689e-01   3.0728676e-02  -6.1289303e-03   2.4516540e-03   4.2180441e-03
   3.6905983e-01   7.1004139e-01   7.8849289e-02  -1.9817777e-03   2.6771870e-03   4.7285370e-03
   3.2258009e-01   7.0727864e-01   1.4650090e-01   5.3747943e-05   1.9116159e-03   4.1431669e-03
   3.2629749e-01   4.4159695e-01   3.2988031e-01  -2.2822502e-03   2.8323513e-03   3.0007225e-03
  -5.3933252e-01  -2.2591367e-01   8.5063217e-01  -1.5804460e-03  -9.0358565e-03   4.9406180e-03
  -5.4667628e-01  -5.1138289e-01   3.0902518e-01  -1.0242468e-02  -1.7920584e-02   4.8773126e-03
  -1.3175012e-01  -1.7490860e-01  -5.6942235e-01  -1.7527836e-02  -8.2099434e-03   2.7447738e-03
   7.5183108e-02   1.8959289e-01  -8.9837107e-01  -2.3467856e-02  -1.7765826e-03   5.0918814e-04
   3.3052677e-01   8.1965921e-01   1.2353075e-01  -3.6681877e-03   1.1321729e-03   1.6316296e-03
   2.7917180e-01   6.5763415e-01  -1.3406332e-02  -5.2694362e-03   2.8499119e-04   1.7152446e-03
   3.3295447e-01   9.1721346e-01   5.2181094e-01  -4.0302259e-04   4.2623860e-04   2.9854269e-03
   3.0249609e-01   8.1700094e-01   3.9623495e-01  -3.7773313e-05   2.3396287e-04   3.1496737e-03
   3.4387278e-01   8.0348094e-01   3.9827969e-01   5.4595465e-04   1.4250689e-03   3.6116468e-03
   4.2750954e-01   8.5565737e-01   6.3221925e-01   2.0963226e-03   2.0208063e-03   5.0076178e-03
   4.3645180e-01   8.0636698e-01   5.0394790e-01   1.5536569e-03   2.5076699e-03   5.1430908e-03
   3.8723066e-01   7.5287261e-01   5.0848927e-01  -9.4723065e-04   3.0890405e-03   6.6156126e-03
   4.5454848e-01   7.8785395e-01   8.4380223e-01   3.3386957e-03   3.8102728e-03   6.6074023e-03
   4.2294558e-01   7.5406262e-01   7.8234216e-01   3.3851937e-03   3.4650632e-03   6.9283472e-03
   4.9263712e-01   8.1418935e-01   8.3175873e-01   4.9027516e-03   4.3642702e-03   7.4897927e-03
   4.3695655e-01   9.6169288e-01   1.0402994e+00   8.4197090e-03   2.9741374e-03   1.0115185e-02
   3.0287496e-01   1.0636235e+00   9.5193324e-01   1.1823536e-02   1.2078805e-03   9.3855445e-03
   3.4128513e-01   1.0265887e+00   7.8644333e-01   8.1676910e-03   2.4071279e-03   7.4700600e-03
   3.8315028e-01   1.0375576e+00   9.4698103e-01   8.2620376e-03   2.4700693e-03   8.2740353e-03
   3.3340740e-01   9.8448687e-01   9.1595377e-01   9.7147968e-03   2.2584697e-03   8.3910803e-03
   4.1150767e-01   1.1302049e+00   1.1477693e+00   1.1484498e-02   3.0998614e-03   8.9212685e-03
   4.2232584e-01   9.9533698e-01   9.9986821e-01   1.0400017e-02   3.1487714e-03   9.5601261e-03
   4.5142414e-01   1.1752380e+00   1.2483436e+00   1.4701282e-02   3.5513951e-03   9.6554934e-03
   4.6912637e-01   9.4502352e-01   1.0307737e+00   1.3745963e-02   3.9276733e-03   9.7447215e-03
   5.1193160e-01   1.0723347e+00   1.3057055e+00   1.4735588e-02   4.1671525e-03   1.0920243e-02
   4.7753587e-01   9.7512705e-01   1.1713356e+00   1.5220531e-02   4.0646667e-03   1.0651062e-02
   5.7972456e-01   1.0486627e+00   1.3195772e+00   1.5183182e-02   4.9435430e-03   1.1219306e-02
   5.0180679e-01   9.5994650e-01   1.2010863e+00   1.5762341e-02   4.4877335e-03   1.1816685e-02
   5.4313625e-01   1.1486490e+00   1.4598475e+00   1.8253468e-02   4.7758706e-03   1.2886693e-02
   5.2109737e-01   1.0192530e+00   1.3257400e+00   1.8068281e-02   4.6028528e-03   1.2859128e-02
   5.1073309e-01   1.1605117e+00   1.4340109e+00   1.8521487e-02   4.4246050e-03   1.3001322e-02
   3.4919692e-01   1.0936377e+00   1.7507225e+00   2.7675559e-02   4.1342774e-03   1.0161013e-02
  -9.1595531e-01  -1.4791946e-01   2.2710230e+00   1.7772448e-02  -1.5734338e-02   1.1484969e-02
  -6.2726039e-01  -7.9958151e-01  -5.3202074e-01  -1.4911065e-02  -1.7662736e-02   1.9303726e-03
  -3.9458358e-01   7.9431757e-01  -4.3399094e-01  -1.0002188e-03  -1.4507635e-02   7.0898366e-04
  -3.4652011e-01   9.4987334e-01   1.8784515e-01  -1.7488416e-04  -1.2304948e-02   3.8626711e-03
  -1.0955082e-01   1.0800868e+00   5.8409757e-01   5.4942565e-03  -8.4532272e-03   4.2390704e-03
  -1.5746276e-01   1.2814959e+00   8.6587645e-01   1.0877154e-02  -8.4323563e-03   7.0206478e-03
  -1.3355083e-01   1.1378036e+00   6.3044851e-01   9.6508312e-03  -8.1447056e-03   7.3419496e-03
  -8.4135203e-02   1.2562133e+00   9.2587979e-01   1.1405042e-02  -7.2548763e-03   8.6334956e-03
  -2.5992134e-02   1.0746654e+00   8.5160829e-01   1.1804208e-02  -5.8465109e-03   7.7150043e-03
   8.2298735e-02   9.4214344e-01   9.8854684e-01   6.8066961e-03  -3.7090628e-03   5.5436867e-03
   7.1236576e-02   9.7137931e-01   9.4742234e-01   9.6148576e-03  -3.6572013e-03   6.2879970e-03
   1.0895110e-01   1.0144046e+00   9.7429899e-01   9.9257380e-03  -3.0409793e-03   6.3208799e-03
   9.7424842e-02   1.0192869e+00   1.0365519e+00   1.0686217e-02  -3.0224762e-03   6.4710060e-03
   1.0873122e-01   1.0812292e+00   1.1266874e+00   1.0899341e-02  -2.9417501e-03   7.3771125e-03
   1.4151325e-01   1.0146213e+00   1.0518254e+00   1.1987791e-02  -1.8101686e-03   6.3792483e-03
   1.5663385e-01   1.1005532e+00   1.1711546e+00   1.3539920e-02  -2.0303152e-03   7.6695341e-03
   1.6282120e-01   1.0540793e+00   1.1282430e+00   1.3219684e-02  -2.0556394e-03   7.5216848e-03
   1.6464141e-01   1.1132342e+00   1.2636874e+00   1.2887325e-02  -2.2502277e-03   8.6545795e-03
   2.4377400e-01   1.0583679e+00   1.2399321e+00   1.4467355e-02  -8.7119976e-04   8.4105191e-03
   2.6375553e-01   1.1031974e+00   1.3522078e+00   1.4680797e-02  -6.9188596e-04   8.5410211e-03
   2.5364935e-01   1.0299445e+00   1.3377274e+00   1.5376600e-02  -6.8083181e-04   9.2026963e-03
   3.2260938e-01   1.1211893e+00   1.3525236e+00   1.6942129e-02  -3.1162991e-04   9.3682530e-03
   2.7974054e-01   1.0236443e+00   1.3344592e+00   1.6590206e-02  -1.0028037e-03   9.1747857e-03
   2.7908137e-01   9.9760023e-01   1.3259779e+00   1.9826295e-02  -1.9271851e-03   8.9870936e-03
   1.8941427e-02   6.4504002e-01   1.5565762e+00   1.7568868e-02  -6.2153872e-03   5.5078774e-03
  -1.2155495e+00   1.3991901e-01   2.0659996e+00   1.7891726e-02  -2.1787483e-02   9.0575152e-03
  -8.7276446e-01  -5.2862373e-01   4.6046956e-01  -2.9891133e-03  -2.3905735e-02   9.3987198e-03
  -4.8087855e-01   7.0427642e-01   1.0128152e+00   1.0011530e-02  -1.6351142e-02   6.3194491e-03
  -3.2079238e-01   1.0212345e+00   1.5704783e+00   1.9645444e-02  -1.2153901e-02   7.3607709e-03
  -2.3667491e-01   9.1662722e-01   1.7222481e+00   1.6784812e-02  -1.0657457e-02   7.1729382e-03
  -1.9940128e-01   8.5117018e-01   1.6259605e+00   1.7110508e-02  -9.5003682e-03   5.7505916e-03
  -1.7009817e-01   9.2126831e-01   1.7067083e+00   1.5668265e-02  -8.6302230e-03   6.8149663e-03
  -9.2146392e-02   9.2109054e-01   1.6989770e+00   1.7807495e-02  -7.3337875e-03   5.7234875e-03
  -5.8134498e-02   9.0113832e-01   1.7896091e+00   1.6464697e-02  -7.3964841e-03   6.3050224e-03
  -8.3988891e-02   8.8706095e-01   1.7046609e+00   1.8586573e-02  -7.1227280e-03   6.1492758e-03
   5.4573672e-02   8.8029805e-01   1.8476426e+00   1.8058679e-02  -5.3126280e-03   5.5944052e-03
   8.4900975e-02   7.3316272e-01   1.8422828e+00   1.8026404e-02  -6.0082478e-03   5.6463344e-03
   8.4372847e-02   7.8567990e-01   1.7474777e+00   1.8925020e-02  -5.2255865e-03   6.5546795e-03
   8.4596517e-02   7.7518833e-01   1.6809680e+00   1.8339428e-02  -4.6973978e-03   7.0153325e-03
   1.3411024e-01   8.7133958e-01   1.8424935e+00   1.9871267e-02  -4.6223293e-03   7.9878249e-03
   1.2406959e-01   7.8340445e-01   1.7434114e+00   1.8458675e-02  -4.5503213e-03   8.5814639e-03
   1.5199793e-01   8.5123020e-01   1.8276290e+00   2.0052193e-02  -4.1065218e-03   8.6581262e-03
   1.3331892e-01   8.9392959e-01   1.9760589e+00   2.0588373e-02  -4.3801151e-03   1.0033062e-02
   1.5845512e-01   8.0720698e-01   1.8732110e+00   2.0967234e-02  -3.6663966e-03   9.5103493e-03
   2.1346197e-01   8.7567622e-01   1.9218926e+00   2.0612897e-02  -3.7401700e-03   9.8699502e-03
   1.5973953e-01   7.8455023e-01   1.9132900e+00   2.1058046e-02  -3.8297034e-03   1.0234768e-02
   1.7018055e-01   8.7863013e-01   2.0400886e+00   2.1797061e-02  -3.7719572e-03   1.0265965e-02
   1.6511962e-01   8.2484995e-01   1.9605761e+00   2.2012727e-02  -3.8073123e-03   1.0304986e-02
   1.7996450e-01   9.0815135e-01   1.9833486e+00   2.2076170e-02  -3.5669598e-03   1.0146204e-02
   1.6978467e-01   8.3815810e-01   1.9375403e+00   2.1730562e-02  -3.3203045e-03   9.9444209e-03
   2.0451236e-01   9.1405612e-01   2.0542600e+00   2.3055615e-02  -3.1669407e-03   1.0685468e-02
   1.9272443e-01   8.4567242e-01   2.0030959e+00   2.2935780e-02  -3.1683466e-03   1.0521783e-02
   1.7059494e-01   1.0066541e+00   1.8407731e+00   2.4839674e-02  -3.4104453e-03   1.0134420e-02
   9.3701834e-02   1.0984609e+00   1.4079506e+00   2.3995979e-02  -4.2309961e-03   9.9539512e-03
   3.3806078e-02   1.2484624e+00   1.5182205e+00   2.5848177e-02  -5.2715552e-03   9.7012072e-03
  -7.7238961e-02   1.3499785e+00   9.8398041e-01   2.5049564e-02  -7.0779791e-03   9.2985805e-03
  -1.2890308e-01   1.4434062e+00   1.4253969e+00   2.6310104e-02  -7.4563100e-03   1.0316916e-02
  -2.2494982e-01   1.3929241e+00   1.0658291e+00   2.6149456e-02  -8.2347598e-03   8.8069180e-03
  -1.9774050e-01   1.4603133e+00   1.3344090e+00   2.5917340e-02  -8.0492265e-03   9.1243565e-03
  -1.8737350e-01   1.2243183e+00   1.2809816e+00   2.0836464e-02  -6.8773727e-03   6.5812874e-03
  -4.8134021e-01   8.6310995e-01   1.4387654e+00   3.8427130e-03  -9.3965447e-03   2.9052190e-04
  -6.6222976e-01   1.1363793e+00   1.0443589e+00   5.4239888e-03  -1.1765571e-02   9.1798915e-05
  -6.2565000e-01   1.1478555e+00   7.9009660e-01   4.0414442e-03  -1.3560944e-02   2.0136954e-03
  -4.5231295e-01   9.9236989e-01  -1.9485672e-01  -7.3361471e-03  -9.1701795e-03   6.4670977e-05
  -2.7524854e-01   1.4138660e+00   1.0252546e+00   6.6703373e-03  -6.9226981e-03   1.1830521e-03
  -2.3163552e-01   1.1811747e+00   6.5211897e-01   3.4279401e-03  -5.6657674e-03   1.3522763e-03
  -2.5136076e-01   1.2509205e+00   1.2054138e+00   7.4392431e-03  -5.5192906e-03   2.0021917e-03
  -2.0938363e-01   1.2523427e+00   1.0107686e+00   8.7564896e-03  -4.9585210e-03   2.1983954e-03
  -1.8306649e-01   1.2539886e+00   1.1450638e+00   6.4480306e-03  -4.2526543e-03   2.6240881e-03
  -7.7293327e-02   1.1692115e+00   9.5915690e-01   7.7206581e-03  -2.5298429e-03   2.3471359e-03
  -7.0506629e-02   1.2830490e+00   1.1630236e+00   8.0216673e-03  -2.7252910e-03   3.4820512e-03
   2.3424830e-02   1.1985924e+00   1.0640564e+00   9.2844937e-03  -1.7755283e-03   3.8282283e-03
  -2.6785987e-02   1.2813842e+00   1.2567322e+00   8.9158588e-03  -2.2473179e-03   4.2612277e-03
   7.0718250e-02   1.2198522e+00   1.1869881e+00   1.0347173e-02  -1.2901562e-03   4.2539760e-03
   6.7868020e-02   1.2250595e+00   1.2732240e+00   1.0964279e-02  -1.1899900e-03   5.3651282e-03
   1.1794975e-01   1.2931748e+00   1.3332107e+00   1.2916292e-02  -6.5952368e-04   5.7574393e-03
   1.2263424e-01   1.2334453e+00   1.3660084e+00   1.2581881e-02  -4.3959416e-04   6.7663106e-03
   1.6960848e-01   1.2575901e+00   1.4102632e+00   1.3970878e-02   1.0052648e-04   7.3595600e-03
   1.7003304e-01   1.2272275e+00   1.4521085e+00   1.3367998e-02   1.4310824e-04   8.0972505e-03
   1.7237419e-01   1.2166448e+00   1.4110288e+00   1.4963663e-02   5.6866244e-04   7.9166253e-03
   1.0428579e-01   1.2689724e+00   1.5428042e+00   1.4187804e-02  -1.8398697e-04   8.6626228e-03
   1.7809463e-01   1.1945894e+00   1.4736085e+00   1.5588332e-02   9.5237322e-04   8.2383253e-03
   1.9701047e-01   1.3199692e+00   1.6674380e+00   1.6145869e-02   9.4286145e-04   9.4383264e-03
   2.0491825e-01   1.2131064e+00   1.5363491e+00   1.6410359e-02   1.1857021e-03   9.5839259e-03
   2.0907590e-01   1.1998080e+00   1.6397690e+00   1.5260483e-02   1.5369413e-03   9.8014658e-03
   1.4959518e-01   1.1681926e+00   1.3921711e+00   1.6131970e-02   1.3428178e-03   8.8648265e-03
   1.7068549e-01   1.3435537e+00   1.7563807e+00   1.8355236e-02   1.3023006e-03   9.6751445e-03
   1.5175832e-01   1.2007169e+00   1.6374878e+00   1.7478880e-02   1.2724841e-03   9.7866588e-03
   1.9122726e-01   1.2690039e+00   1.6951514e+00   1.7251206e-02   1.6459759e-03   9.6453126e-03
   1.4390523e-01   1.1395322e+00   1.4631365e+00   1.6924639e-02   1.2710240e-03   9.8796050e-03
   1.4559332e-01   1.3364755e+00   1.8299834e+00   1.9576967e-02   9.2813188e-04   1.1218271e-02
   1.5983917e-01   1.1652043e+00   1.6641144e+00   1.8957159e-02   1.4828722e-03   1.0619451e-02
