   0.0000000e+00   0.0000000e+00   0.0000000e+00   0.0000000e+00   0.0000000e+00   0.0000000e+00
   5.4357410e-02   4.2003992e-02   5.1695749e-01   2.0421875e-03   8.9141417e-04  -4.2534177e-04
  -4.5410582e-02  -2.0990698e-01   1.5595105e-01  -7.8992247e-03  -1.9493176e-03  -1.0191216e-03
  -1.5415957e-02  -1.0389594e-01  -1.1755151e-01  -2.8048579e-03  -1.7321799e-03   1.6767423e-03
   3.1095986e-03   4.7255833e-02   5.1323662e-01   8.6756344e-04  -7.1267339e-04   1.1662659e-03
  -8.8632183e-02  -3.5144446e-01   4.6151485e-01  -6.9229904e-03  -2.1646866e-03   5.8746156e-04
   1.9627146e-02  -3.9894921e-01   2.1746843e-01  -4.1045264e-03  -2.5178353e-04   6.8123974e-04
  -2.7464659e-02  -1.8432926e-01   6.3996653e-01  -1.5103013e-04  -1.1481238e-04   2.2400703e-03
   2.3322384e-02  -2.2890410e-01   5.8049936e-01  -2.2149801e-03   8.7756765e-04   8.6286520e-04
   1.5551178e-01  -3.4793264e-01   1.1874913e-01  -4.0187114e-03   2.9610777e-03   1.1623617e-03
   1.4685101e-01  -1.3524797e-01   3.1894258e-01   4.8360912e-04   3.1099731e-03   9.9496546e-04
   6.6516370e-02  -1.4717502e-01   7.7275933e-01   9.6144298e-04   1.3463293e-03   2.4837825e-03
   1.7832159e-01  -5.2374708e-01   4.2156652e-01  -4.2650031e-03   2.5709309e-03  -4.8880432e-05
   2.3455155e-01  -2.7611491e-01   3.9027283e-01   1.4054593e-03   3.8354623e-03   1.8580422e-04
   1.5914023e-01  -1.3686055e-01   7.6931006e-01   1.1745558e-03   3.1107893e-03   6.0760917e-04
   2.6119794e-01  -3.5965290e-01   3.7513348e-01  -3.5894281e-03   4.5793613e-03  -6.7584963e-04
   2.9722975e-01  -2.0370040e-01   2.4623815e-01   1.1213251e-03   5.4047101e-03   1.9747610e-04
   2.5549617e-01  -1.2878259e-01   8.1720079e-01   1.1072819e-03   5.3660097e-03  -2.3066119e-04
   2.9110411e-01  -3.2247864e-01   3.4426999e-01  -3.2270618e-03   6.0567276e-03  -3.6276009e-04
   3.2710720e-01  -3.5279669e-01   3.9935601e-01  -2.1395442e-03   6.1105349e-03  -2.0241175e-03
   2.9187869e-01  -1.5595316e-01   6.6644390e-01   2.5516100e-03   5.5596843e-03  -1.0589712e-03
   1.5673744e-01  -3.5222769e-01   7.6809796e-01  -1.4222259e-03   3.4332001e-03  -1.1838097e-03
   2.9663665e-01  -4.8733666e-01   3.4214041e-01  -3.9671718e-03   5.1836023e-03  -1.4877093e-03
   3.4066548e-01  -2.4509442e-01   5.0889505e-01   1.7603136e-03   5.1988038e-03   1.1386506e-03
   2.8023452e-01  -3.9001952e-01   1.0243895e+00  -1.5446295e-03   4.5952182e-03  -1.0558068e-03
   3.8691805e-01  -5.2575188e-01   2.0420971e-01  -4.3990104e-03   7.3079457e-03  -1.4166373e-04
   2.5387426e-01  -3.5365072e-01  -1.4239392e-01  -9.8097639e-03   5.6638589e-03   8.8692293e-04
   2.8929922e-01  -2.7090485e-01  -1.3673860e-01  -1.0232112e-02   6.6982844e-03   7.1931169e-04
   3.7487751e-01  -1.3385715e-01   7.2800312e-02  -2.4422807e-03   9.2364363e-03  -9.4841080e-04
   3.6225771e-01  -4.7256730e-02   3.1386608e-01  -4.4629694e-03   8.6052271e-03  -1.1005119e-03
   4.0415270e-01  -1.2686817e-01  -9.3568853e-02  -7.2026431e-04   9.8027912e-03  -4.5244724e-04
   3.8354289e-01   8.1667693e-02   6.0185618e-01   5.3928671e-04   9.7744156e-03  -1.2202159e-03
   3.7994619e-01  -2.8076162e-01   2.2013047e-01  -4.5280761e-03   8.8426706e-03  -1.0407750e-03
   4.5494023e-01  -8.6350769e-02   2.7740349e-01   2.0795904e-03   1.0104145e-02  -6.3006944e-04
   4.3859379e-01   1.7822019e-02   5.1164611e-01   2.7067264e-04   1.0029907e-02  -5.1964873e-04
   4.3799364e-01  -2.0588068e-01   1.8367953e-01  -2.5830537e-03   9.4851120e-03  -5.9012999e-04
   4.0766551e-01  -1.5198168e-02   3.0630209e-01   2.9665793e-03   8.5017393e-03   2.2676875e-04
   3.8645037e-01   4.4963679e-02   5.1705488e-01   1.3126505e-03   8.2392322e-03   1.0499414e-04
   4.3660835e-01  -2.2226616e-01   1.4630072e-01  -1.6293109e-03   8.9994712e-03  -9.4346230e-04
   3.5195304e-01   1.2286489e-02   5.6013539e-01   3.8829948e-03   8.1561843e-03   2.4285329e-04
   3.3973273e-01  -8.0837283e-02   4.8414505e-01  -8.7460635e-04   7.6406924e-03  -6.7807345e-04
   4.2662399e-01  -2.0954054e-01   2.0694937e-01   9.1991362e-04   8.8002797e-03  -2.1519886e-04
   3.4840094e-01   2.1190532e-02   6.7811053e-01   4.5879762e-03   6.9912024e-03   6.6396300e-04
   3.3311398e-01  -1.9969049e-01   5.2652001e-01  -1.6144139e-03   6.7916295e-03  -6.7543162e-04
   3.9926454e-01  -2.9173724e-01   2.5509926e-01  -2.5207424e-04   7.9425541e-03   3.6971326e-04
   4.0319586e-01  -4.1697464e-02   4.9917782e-01   3.5354852e-03   7.7164462e-03   4.7008964e-04
   3.8291166e-01  -5.4564817e-02   6.1914942e-01   2.1836802e-03   7.8115494e-03   3.9174078e-05
   3.9851452e-01  -1.4579693e-01   1.1266885e-01   2.6739945e-03   8.5916289e-03  -7.7167725e-04
   4.0376073e-01   8.8184874e-02   6.4050806e-01   6.1528329e-03   7.7622680e-03   3.9964391e-04
   5.6654198e-01  -6.2436083e-02   8.1679166e-01   3.8592148e-03   6.5006851e-03  -2.3887274e-03
   5.5186331e-01  -1.2473995e-01   1.9132083e-01   8.3729098e-03   7.6370076e-03  -1.4192514e-03
   5.5264445e-01   1.8725602e-01   7.0047392e-01   9.5005322e-03   8.4810922e-03  -1.1867344e-03
   4.9762397e-01  -7.9285809e-03   5.4641934e-01   4.2173714e-03   7.9950546e-03  -1.4677229e-03
   5.3753470e-01   5.4370436e-02   8.6647565e-02   7.9546181e-03   9.2948859e-03  -1.2244066e-03
   4.8332063e-01   2.6012989e-01   8.0250797e-01   9.6242684e-03   8.3300426e-03  -1.6518002e-03
   4.9244232e-01   1.9065730e-01  -4.4069623e-02   8.6339234e-03   9.1876500e-03  -1.3344337e-03
   4.9268771e-01   3.3319054e-01   6.3105704e-01   9.5806973e-03   9.7489645e-03  -1.2056318e-03
   5.2104899e-01   1.1605421e-01   2.6330405e-01   5.0284129e-03   9.8213631e-03  -1.3534391e-03
   4.7229624e-01   1.9282933e-01   1.9408574e-01   7.4719595e-03   7.0778290e-03   4.7808054e-04
  -3.0229574e-02   3.8945320e-01   2.5463822e-01   3.5878292e-03  -1.3607690e-03   2.1048635e-03
   4.9567971e-02   2.6079363e-01  -2.7495147e-01  -2.5666661e-03   2.7693360e-04   2.4005261e-03
   1.2764789e-01   3.1298091e-01  -1.2005611e-01   3.9261855e-03   2.5344360e-03   2.2859715e-03
   1.2687808e-01   3.8889948e-01   3.0669113e-01   4.1106467e-03   3.2904606e-03   2.3369273e-03
   1.4490707e-01   7.8912511e-02   2.0375822e-02  -1.7927590e-03   3.5966460e-03   1.0029250e-03
   1.7182815e-01   2.0474223e-01  -4.1838461e-02   4.3419256e-03   4.3234995e-03   1.6855125e-03
   1.8858044e-01   2.8623685e-01   3.9103939e-01   2.8909569e-03   4.8184969e-03   2.6150393e-03
   2.7034856e-01  -6.8563611e-03   1.6729280e-01  -3.0671753e-03   5.6432897e-03   1.0618327e-03
   2.7752656e-01   1.0923512e-01   2.7081843e-01   3.9383562e-03   6.2490080e-03   1.6945677e-03
   3.4446586e-01   1.8833232e-01   9.1177361e-02  -2.9148288e-04   7.3784569e-03   1.5875458e-03
   3.8474680e-01   7.6139375e-02  -1.1697969e-01   1.4989205e-03   8.6882041e-03   7.5362871e-04
   3.2182364e-01   3.5336690e-01   3.1651199e-01   6.9275684e-03   7.0671109e-03   1.6604706e-03
   3.8865590e-01   2.1284999e-01   3.6643052e-02   1.0616002e-03   7.8193782e-03   1.0403399e-03
   4.1903688e-01   2.9032092e-01  -1.0647507e-01   7.1047923e-03   9.5529641e-03   4.6361978e-04
   4.9056955e-01   4.6265325e-01   4.5675786e-01   8.5014687e-03   1.0271616e-02   1.4167502e-03
   5.5301815e-01   1.3812239e-01   1.3562734e-01   2.5498674e-03   1.1411825e-02  -9.8984866e-04
   5.3967264e-01   3.3055600e-01   1.6757586e-03   9.5996372e-03   1.2101775e-02   2.2245921e-04
   5.0905073e-01   4.3033611e-01   4.6306951e-01   7.3577222e-03   1.1162540e-02  -1.0387063e-03
   5.2721920e-01   2.2271706e-01  -8.8069176e-02   5.0425306e-03   1.1041557e-02  -1.2997289e-04
   5.4398207e-01   4.4885190e-01   1.8004888e-01   9.8674619e-03   1.2055623e-02  -2.2414041e-04
   5.5362185e-01   4.6965462e-01   3.7246822e-01   8.6823164e-03   1.1975816e-02  -1.1826820e-03
   5.8242671e-01   1.9765673e-01  -8.9718442e-02   4.9212036e-03   1.2076705e-02  -9.9830737e-04
   5.3127497e-01   4.2246607e-01   1.1643167e-01   9.2445214e-03   1.1855186e-02   1.3917215e-04
   5.5656759e-01   4.8332362e-01   3.7577221e-01   8.3845604e-03   1.2388737e-02  -2.3497908e-04
   5.5922672e-01   1.8287533e-01   7.9036038e-02   2.2153137e-03   1.2052371e-02  -4.0298903e-04
   6.1776790e-01   2.8097980e-01  -1.2352518e-01   6.9624149e-03   1.3623713e-02  -2.1871237e-04
   5.3830219e-01   3.4457393e-01   3.5011278e-01   6.5466495e-03   1.2407081e-02   7.9399171e-04
   4.9890511e-01   1.1391051e-01   3.8382574e-01   2.5127333e-03   1.0364280e-02  -1.6794725e-03
   4.9924133e-01   1.3656347e-01  -6.1289936e-02   6.6852818e-03   1.0632402e-02  -1.5804338e-03
   4.9836990e-01   4.1721190e-01   4.7876898e-01   8.9147129e-03   1.0333013e-02  -1.7969192e-03
   5.3378928e-01   6.5063594e-02   2.0629035e-01   1.2409386e-03   9.8345454e-03  -2.9667729e-03
   5.5389750e-01   1.7918740e-01  -1.1686770e-01   3.7963114e-03   1.0901500e-02  -2.2050604e-03
   5.9133217e-01   3.6712222e-01   3.4465312e-01   6.7956783e-03   1.1683958e-02  -1.7492313e-03
   5.3464710e-01   6.6757140e-02   1.6873544e-01   6.6647413e-04   9.8818598e-03  -1.9812042e-03
   5.3932663e-01   2.1991683e-01   5.9108796e-04   7.0935593e-03   9.9268160e-03  -6.0504357e-04
   5.6653458e-01   3.3432867e-01   3.6535427e-01   5.0298416e-03   1.0901516e-02  -1.3929987e-03
   5.8611016e-01   5.6960083e-03   5.1127691e-02   1.8977946e-03   1.1553163e-02  -1.5734264e-03
   5.2301979e-01   2.3064702e-01   3.0924844e-01   6.4315604e-03   1.0937767e-02  -4.0020163e-04
   3.6637561e-01   1.9161681e-01   3.9947221e-01   2.6934803e-03   8.1334025e-03   7.8922669e-04
   5.7184325e-01   3.5046065e-02   8.3078216e-04   3.6594374e-04   1.0582665e-02   4.2985606e-04
   5.4642817e-01   2.1229492e-01   4.5402607e-01   6.0577505e-03   1.0355747e-02   3.0495639e-04
   5.7440455e-01   1.2525572e-01   1.1708979e-01  -2.0847740e-04   1.1021415e-02  -7.6437458e-04
   5.8288538e-01   9.5164798e-02  -5.8524244e-03   3.2596751e-03   1.2171190e-02  -2.7815832e-04
   5.2749896e-01   2.6526860e-01   4.1390251e-01   5.3202129e-03   1.1082054e-02  -2.4887538e-05
   5.2927372e-01   5.9081961e-02   1.1117036e-01  -1.1209381e-03   1.1136679e-02  -2.0547195e-04
   5.2559723e-01   8.6523316e-02   1.3417661e-02   3.2853585e-03   1.0856877e-02  -2.5963378e-04
   4.6410756e-01   3.1333502e-01   3.7624812e-01   6.5369380e-03   9.9779807e-03   6.5371857e-04
   9.5075820e-02   5.0065058e-01  -3.0527497e-01  -3.5052304e-04  -1.1192480e-03  -2.9831209e-05
  -3.1851822e-01   5.8594195e-01  -8.9287411e-01  -2.9571224e-03  -7.5954853e-03   4.0890083e-03
  -1.7275586e-01   7.0337085e-01  -3.9456249e-01   4.4544643e-03  -2.3786726e-03   2.6019865e-03
  -6.9165223e-02   6.8401243e-01   6.1462049e-02   2.7952257e-03  -4.7582930e-04   1.8531359e-03
   4.9293643e-02   2.9341656e-01  -2.8322711e-01   1.4159238e-03   2.3337868e-03   1.1054455e-03
  -3.3188553e-03   5.3379897e-01   2.2265754e-01   6.2077137e-03   1.1334537e-03   1.0507041e-03
   1.6738593e-02   3.8417493e-01  -2.9685266e-02   4.1533839e-04   1.0815556e-03  -1.7878103e-04
   6.9792827e-02   4.5593186e-01  -3.1854992e-01   5.8162683e-03   2.7384165e-03   8.8274338e-04
   9.1166109e-02   6.6098702e-01   1.6451733e-01   5.5772995e-03   3.6152529e-03   8.6440897e-05
   1.3655444e-01   4.8746446e-01  -4.6443138e-01   8.3846776e-04   4.8968509e-03  -2.6588955e-04
   1.6719205e-01   6.6320358e-01  -1.1038756e-01   6.3408811e-03   5.6414642e-03  -5.4683872e-04
   1.0590289e-01   7.0090682e-01   1.6333073e-01   5.8574646e-03   4.2051830e-03  -1.8461988e-03
   1.0140553e-01   6.1560354e-01  -6.5759274e-01   3.1516632e-03   3.8545983e-03  -1.5836396e-03
   1.0925875e-01   7.7816665e-01   4.8130001e-02   6.7824994e-03   5.0605001e-03  -1.0481157e-03
   1.4099275e-01   4.9284699e-01  -2.1049698e-01  -4.0125204e-04   5.1459082e-03  -1.4362147e-03
   1.5791710e-01   4.9641302e-01  -2.8238375e-01   4.7853795e-03   5.1974015e-03  -1.6300806e-03
   1.4474540e-01   6.7217708e-01   9.2051980e-02   6.5817412e-03   5.5081106e-03  -1.4459034e-03
   1.3729221e-01   4.5752445e-01   1.5633666e-01   2.5413511e-03   4.8405585e-03  -2.3429895e-03
   2.0524895e-01   4.9145673e-01  -3.3894317e-01   7.5160052e-03   5.8278133e-03  -1.5252004e-03
   1.5964280e-01   7.2476980e-01   1.4531840e-01   8.3414832e-03   5.5534316e-03  -1.4318776e-03
   1.8180316e-01   6.0755389e-01  -1.5091015e-01   3.7235539e-03   5.6471434e-03  -1.8867985e-03
   1.9696416e-01   5.7766042e-01  -4.1722671e-01   7.6388542e-03   5.6589900e-03  -1.1823678e-03
   1.1344853e-01   8.1434998e-01   1.9906051e-01   1.0641022e-02   4.6168787e-03  -1.6206707e-03
   2.1237447e-01   6.5510138e-01  -2.2817496e-01   5.3770185e-03   5.6172243e-03  -2.0291953e-03
   2.3606555e-01   6.4470013e-01  -3.5446409e-01   8.9174708e-03   6.7055859e-03  -2.2951554e-03
   1.7608781e-01   8.4183467e-01   1.0395456e-01   1.1617907e-02   5.8279506e-03  -2.0078636e-03
   1.8546206e-01   7.3587452e-01  -8.2277274e-02   7.6579170e-03   5.6294566e-03  -1.8051289e-03
   2.0821250e-01   5.3276278e-01  -1.6485017e-01   6.8594095e-03   5.9159724e-03  -1.5099982e-03
   1.9035080e-01   7.3803385e-01  -8.1741587e-03   1.2542480e-02   6.0712151e-03  -1.4644302e-03
   1.3292162e-01   7.6146167e-01   1.7109067e-01   1.0836287e-02   5.3073799e-03  -1.2463151e-03
   1.4077002e-01   4.7123108e-01   1.5786196e-02   4.8702518e-03   4.9751242e-03  -2.4716088e-03
   8.5538825e-02   6.4176666e-01  -2.1946890e-01   9.5061399e-03   2.4823815e-03  -1.6918986e-03
  -2.6317974e-01   9.0341109e-01  -4.1652055e-01   2.2851720e-03  -4.8175510e-03   5.6815802e-04
  -7.5796790e-02   6.5661773e-01  -5.7284010e-01   4.8717420e-03   2.1505066e-04  -8.7524953e-04
  -1.2155336e-02   8.7062068e-01  -1.7500066e-02   9.3769972e-03   1.8722802e-03  -1.0538288e-03
  -1.6197426e-02   7.7507235e-01  -1.9033103e-01   6.0015175e-03   1.8650043e-03  -8.0827140e-04
   3.8156005e-02   6.0838220e-01  -3.5573518e-01   5.3167955e-03   2.5031555e-03  -1.3954477e-03
   3.5700849e-02   8.0671602e-01  -1.6936832e-01   1.1333067e-02   2.5062306e-03  -5.4699212e-04
   1.0286910e-01   8.7698284e-01  -6.8823908e-03   9.5219673e-03   3.7647570e-03  -9.3405760e-04
   1.3687051e-01   6.6127741e-01  -3.7213660e-01   7.0964786e-03   4.9224296e-03  -2.1487660e-03
   9.5794229e-02   8.6226433e-01  -1.9750830e-01   1.2142561e-02   3.7061216e-03  -2.5054675e-03
   4.7172333e-02   7.1195063e-01   6.4736772e-03   4.9925084e-03   2.6600696e-03  -3.5034529e-03
   8.1746883e-02   6.8410079e-01  -2.7800161e-01   1.2213380e-02   3.4237553e-03  -3.7629536e-03
   1.1802162e-01   8.3338480e-01  -1.2781680e-01   6.8313314e-03   4.2320023e-03  -3.5019025e-03
   1.4765635e-01   6.1744925e-01  -2.7854469e-01   8.2818251e-03   4.6092722e-03  -3.8331000e-03
  -5.0679291e-02   8.2712707e-01   9.3083603e-02   1.2392935e-02   1.1399751e-03  -2.6557840e-03
   2.4020790e-03   8.3584898e-01  -2.8260623e-02   9.3897794e-03   1.4863850e-03  -3.3320392e-03
   1.0092233e-02   5.2032876e-01  -8.8052136e-02   7.6746135e-03   8.5567455e-04  -4.7980941e-03
  -7.4608115e-02   6.9743904e-01   3.6374258e-01   1.2517611e-02  -1.5685531e-06  -3.4222916e-03
   2.5189251e-02   7.5250604e-01  -4.8666043e-01   1.3443203e-02   2.4559412e-03  -4.4083665e-03
   4.5184396e-02   9.9121061e-01  -3.2274047e-01   1.1836050e-02   3.6749348e-03  -4.1932672e-03
   1.3387371e-02   9.5320161e-01   2.5716496e-01   1.4802575e-02   2.3073586e-03  -4.8862460e-03
   4.4830932e-02   7.2755750e-01  -5.8459050e-03   9.4444951e-03   2.0046316e-03  -5.3334794e-03
   7.1159688e-02   8.0043685e-01  -2.3868428e-01   1.4722922e-02   3.1206035e-03  -4.7061458e-03
  -6.4505551e-03   9.6827410e-01   3.8804295e-01   1.5484926e-02   2.0209918e-03  -5.3376554e-03
   9.1672939e-02   8.1029379e-01  -1.0369024e-01   1.0846892e-02   3.2617693e-03  -5.5700031e-03
   6.9638032e-02   6.5410762e-01  -3.7966130e-02   9.9067835e-03   2.4404150e-03  -4.6900220e-03
   1.0026528e-01   8.0471690e-01   7.2143402e-02   1.4193961e-02   2.8209088e-03  -4.3306357e-03
   1.9172885e-01   7.6323003e-01  -1.6636196e-02   1.2240627e-02   5.2791284e-03  -3.7483258e-03
   2.8833517e-01   8.7503843e-01   3.8297548e-01   1.7733075e-02   6.1976486e-03  -4.7223505e-03
   2.2411238e-01   3.9147627e-01  -3.7352134e-01   9.5348552e-03   7.5447479e-03  -3.7349220e-03
   3.4757761e-01   6.2300826e-01   1.7393789e-02   1.1075290e-02   7.8694752e-03  -2.9103484e-03
   3.5521328e-01   6.3990759e-01  -1.4300134e-01   1.5796361e-02   7.7897940e-03  -3.1858293e-03
   3.4907920e-01   8.3834083e-01   4.8336568e-01   1.8282719e-02   7.6879156e-03  -3.0548805e-03
   3.6448391e-01   5.3619457e-01   1.7975241e-01   1.2496275e-02   7.2500151e-03  -3.9395064e-03
   3.7338049e-01   5.1290747e-01   8.8244916e-02   1.5702111e-02   7.7940999e-03  -4.2174372e-03
   3.0683532e-01   1.8283817e-01   6.5383018e-01   8.1964847e-03   6.3862068e-03  -3.5469323e-03
   3.9775944e-01  -1.4908049e-02  -1.0559475e-01   8.7356147e-03   8.8327797e-03  -5.0709258e-03
   4.0434908e-01   3.0409367e-01   2.1725563e-01   8.5973975e-03   8.1324532e-03  -4.2900346e-03
   4.4475000e-01   4.2574082e-01   1.8780078e-01   1.6256912e-02   8.6659684e-03  -2.9972540e-03
   4.3149440e-01   5.4561255e-01   5.9839303e-01   1.5679436e-02   8.2061688e-03  -3.0404085e-03
   4.7172046e-01   5.0387368e-01  -9.3352376e-02   1.4477455e-02   8.9703634e-03  -3.2906516e-03
   3.4540665e-01   5.3537415e-01   6.1024608e-01   1.5446001e-02   6.6903905e-03  -3.8871304e-03
   4.2167201e-01   2.1809277e-01   2.1969856e-01   1.2336270e-02   7.2906319e-03  -3.9660810e-03
   4.1224262e-01   5.0345513e-01   4.0235702e-01   1.7570863e-02   7.3941465e-03  -3.7021015e-03
   4.0804376e-01   5.7985440e-01   6.6681695e-01   1.8123045e-02   7.5380033e-03  -3.7616620e-03
   5.0768843e-01   5.0833840e-01  -1.7280423e-02   1.6558697e-02   9.8863728e-03  -4.7331392e-03
   4.8108613e-01   5.7695709e-01   6.2452410e-01   1.7923694e-02   8.1992435e-03  -4.2494438e-03
   5.4586502e-01   3.6965885e-01   1.9659552e-01   1.5371526e-02   8.9550655e-03  -4.7855629e-03
   5.6052040e-01   5.4872554e-01   4.6878532e-01   2.0536484e-02   9.3884224e-03  -4.1377261e-03
   6.5726957e-01   5.6733611e-01  -8.1068903e-02   1.6977638e-02   1.2282512e-02  -4.9945331e-03
   6.4110346e-01   6.2583868e-01   4.2855040e-01   1.5562820e-02   1.0434948e-02  -5.6893032e-03
   7.1898533e-01   3.7273522e-01   1.5937397e-01   1.7168842e-02   1.2234002e-02  -5.5385076e-03
   6.4536922e-01   6.8663987e-01   5.1229699e-01   2.0132071e-02   1.1468185e-02  -5.8083803e-03
   6.1420197e-01   6.0204576e-01   5.2328772e-01   1.7829226e-02   1.0675335e-02  -6.0744821e-03
   6.1800505e-01   3.7971064e-01   2.7677012e-01   1.4416781e-02   1.0080119e-02  -6.5344598e-03
   6.1106581e-01   5.9502567e-01   2.8308549e-01   2.0321703e-02   1.0670914e-02  -5.8890674e-03
   4.7720249e-01   6.8102521e-01   6.9800047e-01   1.9561863e-02   8.3979973e-03  -6.9636150e-03
   4.6708965e-01   4.0435821e-01   3.3575899e-01   1.4180657e-02   7.6272588e-03  -6.7118434e-03
   5.0601872e-01   5.6110169e-01   2.2654771e-01   1.9637783e-02   9.5647912e-03  -6.4211472e-03
   5.2277871e-01   7.6451574e-01   5.7785146e-01   2.1019857e-02   1.0022139e-02  -6.6249429e-03
   4.0587795e-01   4.5767434e-01   4.2772375e-02   1.3172478e-02   7.0929052e-03  -4.3707217e-03
   1.2296298e-01   6.6334366e-01   2.8652328e-01   1.7179186e-02   1.4315882e-03  -1.4476697e-03
   5.8586560e-02   5.1770410e-01   5.7877943e-01   1.3699698e-02   1.3008721e-03  -1.3833265e-03
   2.3128355e-01   4.0418068e-01   2.0011300e-01   1.0431669e-02   3.3053486e-03  -2.0588779e-03
   2.9193095e-01   5.6845935e-01   7.1654535e-02   1.5869421e-02   4.9146415e-03  -1.4964323e-03
   3.0683138e-01   7.3520351e-01   6.0728190e-01   1.5620049e-02   5.2867319e-03  -2.4553250e-03
   3.6505576e-01   6.2339918e-01  -2.1309436e-01   1.4805325e-02   7.2588017e-03  -2.5168637e-03
   4.1400651e-01   5.7271841e-01   1.3774974e-01   1.1511514e-02   7.5377273e-03  -2.7132104e-03
   5.0302475e-01   7.3112241e-01   2.6889693e-01   1.9293771e-02   7.9811133e-03  -1.6645134e-03
   4.1087098e-01   7.5491228e-01   5.0927707e-01   1.8518969e-02   6.3336509e-03  -2.1934484e-03
   4.4701530e-01   5.9469942e-01  -3.1426677e-02   1.4883446e-02   7.0549798e-03  -2.5315808e-03
   4.3418625e-01   7.8148438e-01   3.2999007e-01   1.9631456e-02   7.5038253e-03  -2.7438966e-03
   4.1264380e-01   7.3623907e-01   4.8429432e-01   1.7566073e-02   6.7540396e-03  -3.5696605e-03
   4.6337396e-01   5.9016233e-01   1.2633546e-02   1.7278164e-02   7.4527108e-03  -3.9557050e-03
   4.1837121e-01   7.4746114e-01   5.8436197e-01   2.0418861e-02   6.5314702e-03  -4.9737970e-03
   4.3022755e-01   5.8137710e-01   3.2535887e-01   1.4314822e-02   6.6098525e-03  -5.7681127e-03
   4.7133198e-01   4.7772242e-01   1.8910159e-01   1.6465155e-02   8.1227522e-03  -5.6982954e-03
   4.5936075e-01   7.1740493e-01   4.7995150e-01   2.0013247e-02   8.0147396e-03  -5.5043559e-03
   4.1140175e-01   6.4854411e-01   4.5172335e-01   1.6685101e-02   6.8287102e-03  -5.9094058e-03
   4.4596256e-01   5.3408848e-01   1.1181506e-01   1.5939113e-02   7.0825410e-03  -5.5268269e-03
   4.5458608e-01   7.5260056e-01   3.4145995e-01   1.9771491e-02   7.8394741e-03  -4.8073512e-03
   4.6073719e-01   6.6335878e-01   5.6304474e-01   1.6863853e-02   8.2834772e-03  -5.1953018e-03
   4.9608773e-01   3.7636817e-01   2.9648613e-01   1.1169315e-02   8.4741485e-03  -5.9697632e-03
   5.2088587e-01   5.6993319e-01   1.0939406e-01   1.6504921e-02   8.6546261e-03  -4.1897611e-03
   4.1388881e-01   6.9456635e-01   6.3823365e-01   1.6968403e-02   7.5249333e-03  -4.4487375e-03
   5.0921568e-01   4.5484032e-01   1.2461105e-01   1.1980249e-02   8.7237085e-03  -5.5317722e-03
   5.2640300e-01   6.0135247e-01   1.7486099e-01   1.7173508e-02   9.4264191e-03  -5.3901194e-03
   3.5772303e-01   5.9738303e-01   6.8871273e-01   1.5880255e-02   6.4211454e-03  -5.6641388e-03
   4.5200967e-01   4.0741076e-01   1.1714872e-01   1.1367241e-02   7.8605588e-03  -5.5616914e-03
   3.8358519e-01   6.0533689e-01   5.2108220e-01   1.7776865e-02   7.1458012e-03  -4.9064433e-03
   3.7585682e-01   3.6131787e-01   6.6663180e-01   1.1428086e-02   6.3758029e-03  -6.3150356e-03
   4.1572553e-01   4.1258478e-01   2.0866112e-01   1.6834943e-02   7.8498117e-03  -5.2276236e-03
   3.8581308e-01   5.9926607e-01   6.7539576e-01   1.6199066e-02   7.7905210e-03  -5.9694046e-03
   4.2000715e-01   3.3298898e-01   2.6552941e-01   1.1372710e-02   7.7911278e-03  -6.1397376e-03
   3.7974160e-01   4.9551675e-01   5.0335833e-01   1.6687987e-02   7.0924699e-03  -4.7654042e-03
   3.9048486e-01   5.1728637e-01   5.7487976e-01   1.3782907e-02   7.3641816e-03  -5.8579547e-03
   4.2539274e-01   3.5558952e-01   1.9018086e-01   1.1297017e-02   7.9034811e-03  -6.4423379e-03
   3.2819020e-01   6.0462274e-01   4.9968019e-01   1.7295346e-02   5.7618625e-03  -4.6844803e-03
   3.5383870e-01   4.8481749e-01   4.0591172e-01   1.1297718e-02   5.5885108e-03  -6.2094314e-03
   3.9665252e-01   4.5307392e-01   1.5164313e-01   1.6458727e-02   6.9629054e-03  -5.2672183e-03
   3.5217543e-01   6.5247470e-01   7.1783946e-01   1.7050244e-02   6.7494011e-03  -5.4304703e-03
   4.0001633e-01   3.6390168e-01   2.8123724e-01   1.0677499e-02   7.1931907e-03  -5.8715173e-03
   3.9231055e-01   5.2711939e-01   2.6388311e-01   1.5387834e-02   7.6322256e-03  -5.4143677e-03
   3.5648137e-01   5.9616523e-01   7.7075090e-01   1.5206690e-02   6.5629571e-03  -6.0574988e-03
   4.0120382e-01   3.6406722e-01   2.4330034e-01   1.0416656e-02   6.9610667e-03  -5.8616835e-03
   4.4294547e-01   5.5242519e-01   3.0049130e-01   1.5540260e-02   8.6695177e-03  -5.2798404e-03
   3.2424583e-01   6.0152477e-01   7.1106676e-01   1.5510663e-02   6.6807283e-03  -5.6879287e-03
   4.1508398e-01   3.7883384e-01   2.4849693e-01   1.0684356e-02   7.9018761e-03  -5.6927755e-03
   3.7583725e-01   6.1066668e-01   2.4704883e-01   1.6125688e-02   7.4742227e-03  -5.4130636e-03
   3.1088275e-01   6.1599168e-01   7.6200011e-01   1.5237588e-02   6.6334016e-03  -6.0815209e-03
   3.8406122e-01   3.4723591e-01   2.5019665e-01   1.2037702e-02   7.4482546e-03  -6.6917321e-03
   3.5869891e-01   5.5698877e-01   4.5253747e-01   1.6229904e-02   7.2680066e-03  -5.8714062e-03
   2.6747707e-01   4.3316916e-01   8.4298900e-01   1.3547196e-02   5.9197766e-03  -6.4105554e-03
   3.9387805e-01   2.4346289e-01   2.4918799e-01   1.0542565e-02   7.5845897e-03  -7.1256965e-03
   3.4727963e-01   4.8451242e-01   5.4668746e-01   1.5657492e-02   7.0577144e-03  -5.4882321e-03
   3.7222372e-01   5.5150385e-01   6.0820958e-01   1.4688473e-02   7.4341561e-03  -6.3567786e-03
   4.0127046e-01   3.6491948e-01   3.0889336e-01   1.0228774e-02   7.7256947e-03  -6.4503644e-03
   3.9207508e-01   4.5285565e-01   2.8221534e-01   1.4376571e-02   7.6663975e-03  -6.0176129e-03
   3.6351626e-01   5.4905858e-01   8.7442393e-01   1.4304349e-02   6.7533677e-03  -5.5984589e-03
   4.7345168e-01   3.7772148e-01   5.2495293e-02   1.2640086e-02   8.5648898e-03  -5.9223271e-03
   4.2457211e-01   6.4295969e-01   6.3563818e-01   1.6894342e-02   7.8481330e-03  -5.8090534e-03
   4.4395258e-01   7.4892331e-01  -1.1351011e-01   1.6496341e-02   9.2699102e-03  -6.7267752e-03
   5.1661331e-01   7.2654275e-01   1.7247312e-01   1.4223410e-02   1.0442119e-02  -6.8516067e-03
   4.9392776e-01   6.4946164e-01   7.0250521e-01   1.7597656e-02   9.5957462e-03  -5.2009637e-03
   5.3415041e-01   4.7738661e-01   3.9966217e-01   1.3095389e-02   9.2011893e-03  -5.6496354e-03
   5.1107877e-01   3.8723489e-01   3.0974185e-01   1.4312969e-02   8.9156432e-03  -5.4089627e-03
   4.3987205e-01   6.6581976e-01   5.9509722e-01   1.9448511e-02   7.8701891e-03  -5.1356951e-03
   4.3547888e-01   5.8327991e-01   3.8778701e-01   1.4081638e-02   7.2676909e-03  -6.0416037e-03
   5.0620520e-01   5.1675263e-01   2.1332726e-01   1.6927688e-02   8.8968296e-03  -5.9402591e-03
   4.3819639e-01   7.4974365e-01   5.6832804e-01   1.9765187e-02   7.6304978e-03  -5.5265834e-03
   4.5849011e-01   5.9238548e-01   3.5437370e-01   1.4102773e-02   7.6994131e-03  -6.0502685e-03
   4.8245592e-01   4.4834878e-01   2.6771281e-01   1.5104143e-02   8.2635609e-03  -6.3863886e-03
   4.4303419e-01   6.5188023e-01   6.5391210e-01   1.9515600e-02   7.9309154e-03  -5.3697362e-03
   4.7091398e-01   3.4513617e-01   6.6938087e-01   1.4095127e-02   8.0692038e-03  -6.2706322e-03
   5.4968254e-01   3.1869799e-01   2.4995077e-01   1.5156225e-02   1.0225322e-02  -7.2448119e-03
   4.3583155e-01   6.2143516e-01   7.1462979e-01   1.9174985e-02   7.9642244e-03  -6.5531622e-03
   4.6387082e-01   4.8995318e-01   2.9083322e-01   1.3045888e-02   8.5310242e-03  -6.9388990e-03
   4.3245807e-01   6.3824451e-01   3.3613122e-01   1.9357284e-02   8.5832538e-03  -7.0696121e-03
   4.4423516e-01   7.4223384e-01   6.0553243e-01   1.8341208e-02   8.3612708e-03  -6.9239177e-03
   4.7972966e-01   4.8934708e-01   3.1903284e-01   1.5148132e-02   8.8723484e-03  -7.3988625e-03
   4.9194167e-01   6.8388728e-01   5.1089985e-01   2.0099939e-02   9.1667539e-03  -6.6423234e-03
   5.0072286e-01   7.1739771e-01   5.7783933e-01   1.7950533e-02   8.9876275e-03  -7.3152587e-03
   4.9581782e-01   5.3687217e-01   2.0402595e-01   1.5288064e-02   9.0672851e-03  -7.5182821e-03
   4.9932353e-01   7.2002741e-01   2.7677155e-01   1.9879371e-02   9.0938942e-03  -6.7836152e-03
   4.5955925e-01   6.4626681e-01   6.6249158e-01   1.7633326e-02   7.8503114e-03  -7.0551707e-03
   5.1360383e-01   4.9644891e-01   2.1240720e-01   1.6840744e-02   9.1452630e-03  -7.4192321e-03
   4.8186029e-01   7.3149082e-01   5.9471503e-01   2.0413926e-02   8.7241386e-03  -7.2136834e-03
   4.4473809e-01   7.1496487e-01   5.9334265e-01   1.8399762e-02   8.3175161e-03  -7.4652539e-03
   5.0395780e-01   4.6267132e-01   3.1665909e-01   1.4968476e-02   9.1278880e-03  -8.1232282e-03
   4.4600130e-01   6.5615011e-01   5.4249710e-01   2.0717010e-02   8.1140801e-03  -7.8552767e-03
   4.1996199e-01   4.4694771e-01   6.4550308e-01   1.3946931e-02   7.2734910e-03  -8.1974609e-03
   4.5852320e-01   5.1035415e-01   3.1202510e-01   2.0430646e-02   7.7247379e-03  -6.9965804e-03
   4.4057559e-01   7.1811051e-01   7.0571155e-01   1.8443608e-02   7.8910993e-03  -7.1705470e-03
   4.7060860e-01   4.0718050e-01   3.2170665e-01   1.3480177e-02   8.4467921e-03  -7.8043414e-03
   4.6313353e-01   6.4610014e-01   4.0727924e-01   1.8643015e-02   8.5894126e-03  -7.4037968e-03
   4.4540369e-01   7.2008877e-01   6.4428850e-01   1.7580211e-02   8.2053587e-03  -8.3826442e-03
   4.5979222e-01   4.1348526e-01   3.5741067e-01   1.3931500e-02   8.3253916e-03  -8.9894793e-03
   4.8736942e-01   5.9270334e-01   5.8310626e-01   2.0323019e-02   8.8358381e-03  -8.2581114e-03
   4.2629573e-01   5.7769837e-01   6.5170151e-01   1.6124245e-02   8.1289745e-03  -8.5778882e-03
   4.6480661e-01   5.2896758e-01   1.3733656e-01   1.6254323e-02   9.1956097e-03  -8.6465586e-03
   3.4028225e-01   7.2440600e-01   7.5351078e-01   1.9387820e-02   6.9858559e-03  -7.0634204e-03
   4.0745181e-01   4.4388123e-01   3.4632035e-01   1.2260295e-02   7.4051653e-03  -8.1033060e-03
   3.8720694e-01   6.4981601e-01   2.7042605e-01   1.8433754e-02   7.6877109e-03  -7.7697503e-03
   3.4143719e-01   7.6229378e-01   7.3045745e-01   1.7745984e-02   7.1691512e-03  -8.4986158e-03
   3.9234921e-01   5.0660875e-01   2.8626632e-01   1.4334458e-02   7.3513255e-03  -8.6600001e-03
   3.5371190e-01   7.4691009e-01   3.3221736e-01   2.0385804e-02   6.9817726e-03  -7.7684638e-03
   3.7574675e-01   7.7820396e-01   6.6414327e-01   1.9156129e-02   7.4414530e-03  -8.1752800e-03
   3.9584521e-01   5.0650541e-01   2.7996017e-01   1.4087926e-02   7.6154736e-03  -8.4012509e-03
   4.0904422e-01   7.3495654e-01   3.4082285e-01   1.9723851e-02   7.8429434e-03  -6.4535034e-03
   3.8029641e-01   7.7627021e-01   6.2220013e-01   1.9169182e-02   7.0599795e-03  -7.1431608e-03
   4.3713612e-01   5.0941838e-01   3.6686883e-01   1.3819882e-02   7.5669009e-03  -7.8518241e-03
   4.1744922e-01   6.8363571e-01   3.0250556e-01   2.1021980e-02   7.1530810e-03  -6.2707382e-03
   4.0364655e-01   7.6223452e-01   6.8226518e-01   1.9133117e-02   7.4046970e-03  -6.5542448e-03
   4.2506045e-01   5.2384145e-01   2.6769554e-01   1.3585703e-02   7.8034069e-03  -7.9857385e-03
   4.0707304e-01   7.0262863e-01   3.4990131e-01   1.9231714e-02   7.7880760e-03  -6.3080057e-03
   4.0270078e-01   7.8194956e-01   6.1832508e-01   1.8396704e-02   7.5848217e-03  -6.8880764e-03
   3.5937905e-01   4.5731838e-01   4.5368123e-01   1.2492450e-02   6.6147550e-03  -7.5704302e-03
   4.4732562e-01   5.2628636e-01   2.6793108e-01   1.7096512e-02   8.6210138e-03  -7.1507825e-03
   3.5527602e-01   6.9609116e-01   7.2149576e-01   1.8631198e-02   7.3025604e-03  -6.1923637e-03
   4.0639081e-01   4.9652324e-01   3.9088189e-01   1.2952923e-02   7.6161592e-03  -7.7959471e-03
   4.1573529e-01   5.8817683e-01   1.8788687e-01   1.7608751e-02   7.5991771e-03  -6.2089486e-03
   3.4867916e-01   7.4436667e-01   7.0758494e-01   1.8134642e-02   6.8048816e-03  -6.8477485e-03
   3.9340209e-01   5.3379583e-01   3.1612919e-01   1.3463655e-02   6.4917720e-03  -7.4120301e-03
   4.3680127e-01   6.9797193e-01   1.6464644e-01   2.0255848e-02   7.6650054e-03  -7.4924613e-03
   3.6958132e-01   8.4468055e-01   7.1363446e-01   2.0017054e-02   6.7783655e-03  -7.5865566e-03
   4.7514187e-01   6.4298769e-01   1.0412309e-01   1.6420578e-02   8.3749041e-03  -7.5518740e-03
   3.3108824e-01   8.1925136e-01   5.8529416e-01   2.0101715e-02   5.7779857e-03  -6.5628002e-03
   3.6773571e-01   6.9406702e-01   3.8826926e-01   1.4763794e-02   6.2321988e-03  -7.4831544e-03
   4.1159099e-01   6.0866474e-01   2.4914768e-01   1.7433254e-02   6.8562953e-03  -7.8757672e-03
   3.0883668e-01   7.7766260e-01   7.0533146e-01   2.0211569e-02   5.3518816e-03  -7.2196002e-03
   4.2062865e-01   5.4923259e-01   4.5288977e-01   1.3758252e-02   7.0225293e-03  -7.8241896e-03
   4.2237578e-01   6.3280772e-01   3.6764185e-01   1.8882149e-02   7.6202447e-03  -7.5223777e-03
   3.5994710e-01   7.8514030e-01   7.4150235e-01   2.0143489e-02   6.8374748e-03  -7.3102386e-03
   3.8955687e-01   5.1670312e-01   5.6431985e-01   1.4152618e-02   6.6039451e-03  -8.7845394e-03
   4.2570284e-01   6.4926841e-01   2.7856775e-01   2.1586487e-02   7.3644909e-03  -7.6076871e-03
   3.9836601e-01   7.7782100e-01   7.3345176e-01   1.9108331e-02   7.4015440e-03  -8.3159957e-03
   4.3627755e-01   5.9135230e-01   3.2183319e-01   1.6840143e-02   7.7932886e-03  -8.4047400e-03
   4.0494547e-01   8.2137455e-01   5.3310879e-01   2.3227364e-02   6.5306875e-03  -6.9751901e-03
   2.8512457e-01   5.8808814e-01   7.8285652e-01   1.6149683e-02   4.3506808e-03  -8.9695064e-03
   3.5347812e-01   6.1353732e-01   2.5768152e-01   1.9316683e-02   5.3836257e-03  -7.4956368e-03
   3.2373877e-01   8.3083491e-01   7.5467462e-01   2.1198991e-02   5.1375314e-03  -7.8402086e-03
   3.3417002e-01   6.3652446e-01   3.7334846e-01   1.5294487e-02   5.0985563e-03  -8.5987864e-03
   3.2572649e-01   7.0170575e-01   2.9440954e-01   1.9444349e-02   5.4737026e-03  -8.5646168e-03
   3.6034751e-01   8.7075363e-01   6.3904138e-01   2.1269676e-02   5.7622971e-03  -8.5737935e-03
   3.5664016e-01   6.2886023e-01   4.4382050e-01   1.5748316e-02   5.4383754e-03  -8.5522927e-03
   3.3419411e-01   7.8086005e-01   3.3463415e-01   2.2059149e-02   4.8472521e-03  -7.9520556e-03
   2.9184791e-01   8.3901045e-01   8.6879933e-01   2.2083024e-02   5.0724106e-03  -7.7526916e-03
   3.5662174e-01   3.9954352e-01   6.3296496e-01   1.5411041e-02   5.1969491e-03  -8.5128667e-03
   4.0502000e-01   5.6943973e-01   6.5690769e-01   2.2971317e-02   5.9540801e-03  -7.4748797e-03
   3.5545385e-01   6.4677248e-01   6.9658553e-01   1.8118752e-02   5.0411134e-03  -8.3507444e-03
   4.1809512e-01   5.7968234e-01   3.5905305e-01   2.0523495e-02   6.5264304e-03  -7.8363493e-03
   3.8052820e-01   7.8462801e-01   8.3711209e-01   2.3042239e-02   6.1407421e-03  -8.5921901e-03
   4.0114838e-01   5.5451323e-01   5.4480282e-01   1.6117590e-02   5.7849775e-03  -7.8315831e-03
   4.5512806e-01   6.1275202e-01   4.6571638e-01   2.1353117e-02   7.0302370e-03  -8.7161158e-03
   3.5722500e-01   7.6399453e-01   9.1654892e-01   2.2133655e-02   5.9078815e-03  -8.4957475e-03
   3.9795100e-01   5.3406586e-01   5.0221392e-01   1.6633124e-02   6.1781375e-03  -9.6050519e-03
   3.7814515e-01   7.0911020e-01   4.7854058e-01   2.3467488e-02   5.9069071e-03  -9.2805932e-03
   3.5803796e-01   8.0603131e-01   8.0575936e-01   2.1574025e-02   6.0519187e-03  -9.0288912e-03
   3.9454889e-01   6.3158215e-01   3.5079466e-01   1.7971646e-02   6.3553003e-03  -9.0104097e-03
   4.4829242e-01   7.8724868e-01   5.8220387e-01   2.3323950e-02   6.5007329e-03  -8.5858785e-03
   3.8041448e-01   6.6013069e-01   9.0448233e-01   2.1195199e-02   5.8327869e-03  -9.2532459e-03
   4.3796488e-01   5.3565005e-01   4.4104418e-01   1.7451938e-02   6.5207738e-03  -9.3763052e-03
   4.2372966e-01   7.5031353e-01   5.3057593e-01   2.2291746e-02   6.6380499e-03  -9.4278193e-03
   3.1497962e-01   7.7993089e-01   9.2651088e-01   2.2186443e-02   4.8408885e-03  -9.4321526e-03
   3.5597297e-01   4.8587550e-01   4.7580459e-01   1.6791245e-02   5.0648291e-03  -9.6124287e-03
   3.1487462e-01   6.3081709e-01   9.6308436e-01   2.2013100e-02   4.1610029e-03  -1.0629352e-02
   3.5649379e-01   4.8747827e-01   5.6923119e-01   1.6623892e-02   4.6379539e-03  -1.0912257e-02
   2.9916785e-01   6.9254592e-01   5.7417614e-01   2.2219566e-02   3.9918491e-03  -1.0460384e-02
   2.5881816e-01   7.5041314e-01   8.0818529e-01   1.9852908e-02   3.4934269e-03  -1.1381997e-02
   2.6675481e-01   7.4381321e-01   2.9438622e-01   2.2252472e-02   3.8223593e-03  -1.1547465e-02
   2.9695529e-01   8.7151183e-01   8.1380368e-01   2.2730773e-02   4.1488694e-03  -1.1329582e-02
   3.0857707e-01   5.9872276e-01   4.7667995e-01   1.7570846e-02   4.1905350e-03  -1.1653360e-02
   2.9179563e-01   7.7887275e-01   7.5772950e-01   2.3399670e-02   3.8229124e-03  -1.0348456e-02
   2.9781704e-01   6.4630984e-01   7.0859430e-01   1.8010876e-02   3.3844817e-03  -1.1065947e-02
   2.8856618e-01   5.9017195e-01   5.6024573e-01   2.1827472e-02   3.4957537e-03  -1.1318166e-02
   2.4521285e-01   7.7723020e-01   1.0101436e+00   2.4334258e-02   2.7863888e-03  -9.2328886e-03
   3.0699005e-01   5.5697281e-01   6.3127895e-01   1.8136136e-02   3.4277824e-03  -1.0603542e-02
   2.7309581e-01   6.6275055e-01   5.4101174e-01   2.2709628e-02   3.2013250e-03  -1.0306295e-02
   3.2134078e-01   8.2608039e-01   9.1580455e-01   2.4350972e-02   3.7825607e-03  -9.0227734e-03
   3.2476559e-01   6.0132893e-01   6.8546640e-01   1.8518517e-02   3.7452552e-03  -9.7136125e-03
   3.6208705e-01   6.6286568e-01   4.8362258e-01   2.2816241e-02   4.9102052e-03  -9.8916132e-03
   2.9938161e-01   8.3836740e-01   9.0622228e-01   2.4221543e-02   3.5927788e-03  -9.8582849e-03
   2.5764762e-01   5.9056876e-01   7.2053382e-01   1.8381629e-02   2.6292949e-03  -1.0443041e-02
   3.0359548e-01   6.4302013e-01   5.1462857e-01   2.3082245e-02   4.0602759e-03  -1.0480843e-02
