   0.0000000e+00   0.0000000e+00   0.0000000e+00   0.0000000e+00   0.0000000e+00   0.0000000e+00
  -2.1547154e-02   4.9410864e-02   1.6087035e-01   9.2617016e-04  -1.0209451e-05  -1.4915379e-04
  -2.2976980e-02   4.3323912e-02   1.6047591e-01   1.2014443e-03  -2.0936627e-04  -7.2896561e-05
  -4.8599958e-02   6.1345165e-02   1.5490868e-01   1.5377386e-03  -4.4468661e-04   3.1264847e-04
  -7.7648812e-02   8.1627525e-02   2.9274145e-01   2.9152815e-03  -4.4978020e-04   3.7130524e-04
  -6.3298439e-02   1.2021270e-01   3.1004490e-01   3.6000971e-03  -1.0227910e-04   2.0260664e-04
  -5.1047504e-02   1.5850528e-01   2.9293395e-01   4.2978333e-03   3.9947396e-06   1.6683176e-04
  -3.1670877e-02   1.9980383e-01   3.8660647e-01   5.1800211e-03   5.4852121e-04  -6.7556565e-05
  -9.2119272e-02   2.2153954e-01   4.1271042e-01   5.6798111e-03  -1.4411462e-04   3.0549139e-04
  -1.1249025e-01   2.4630010e-01   4.6667511e-01   6.2335693e-03  -3.8813737e-05   3.7883446e-04
  -1.4752321e-01   2.3536783e-01   4.7965284e-01   6.6436841e-03  -2.5405265e-04   7.1304127e-04
  -1.0123008e-01   2.7772825e-01   4.7955763e-01   7.2797819e-03   5.6073947e-05   2.4956208e-04
  -6.4373443e-02   3.6274692e-01   4.7514399e-01   7.8445936e-03   7.6325248e-04   9.3996403e-05
  -1.3615101e-01   3.0545194e-01   4.9213470e-01   7.6767247e-03   1.0317066e-04   3.2230942e-04
  -1.2687769e-01   3.6511150e-01   5.5262199e-01   8.7742812e-03   3.3287271e-04   2.0985275e-04
  -1.0125289e-01   3.7984096e-01   6.5993005e-01   9.4975539e-03   7.1177847e-04   1.5102501e-04
  -1.0431210e-01   4.7218858e-01   7.3767730e-01   1.1591115e-02   9.4164632e-04  -1.7600793e-04
  -1.5341153e-01   4.5913436e-01   7.0273604e-01   1.0499171e-02   3.1268063e-04   3.4345853e-04
  -1.6287360e-01   5.0281757e-01   7.1974809e-01   1.1270582e-02   1.9961689e-05   3.6341089e-04
  -1.3409766e-01  -2.3029374e-01   4.7056300e-01  -8.4319758e-03   2.4450325e-04   3.2222020e-03
  -1.4949055e-01  -4.3601721e+00  -1.9225950e+00  -6.3965574e-02  -9.8392811e-04   5.4404467e-03
  -4.5167836e-02  -2.7974320e+00  -1.0453251e+00  -3.8970245e-02   4.4377675e-04   2.2611148e-03
  -1.3890732e-01  -2.6211152e+00  -6.5186912e-01  -3.1559203e-02  -2.0701889e-04  -2.4964920e-05
  -7.4545927e-03  -2.4220052e+00  -5.6541717e-01  -2.7296265e-02   8.3188458e-04  -1.3967753e-03
   4.0248309e-03  -2.2620419e+00  -4.0789501e-01  -2.3323697e-02   5.7860947e-04  -1.9850476e-03
   8.5622383e-03  -1.9607022e+00  -2.8365594e-01  -2.0693269e-02  -3.4416199e-04  -5.1035377e-04
   1.1267615e-01  -2.0783770e+00  -1.1990714e+00  -4.0361359e-02  -5.2681234e-03   1.9358370e-03
   7.7394644e-02  -1.5470492e+00  -8.1572486e-01  -2.8609257e-02  -5.3535244e-03  -4.5315098e-04
   4.0863548e-02  -1.6336385e+00  -4.7659574e-01  -2.4334784e-02  -5.3019468e-03  -1.9340143e-03
   7.7950755e-02  -1.5641227e+00  -4.7647599e-01  -2.0042286e-02  -4.3144156e-03  -3.0368858e-03
   1.3403026e-01  -1.3736803e+00  -3.1327269e-01  -1.5777027e-02  -3.7713124e-03  -3.4652659e-03
   6.9097406e-02  -1.4184903e+00  -1.8789304e-01  -1.2840285e-02  -4.2037308e-03  -2.8436469e-03
   1.6746737e-01  -1.3207987e+00  -6.6121054e-02  -1.0339805e-02  -3.2078176e-03  -3.2465109e-03
   1.4488801e-01  -1.1653976e+00  -6.5339820e-02  -7.8803824e-03  -3.3465705e-03  -3.3447360e-03
   1.5027058e-01  -1.0693435e+00  -4.8333446e-02  -6.3467904e-03  -3.0874610e-03  -2.9955885e-03
   1.7393786e-01  -9.6635896e-01   2.2268068e-02  -4.5669822e-03  -2.4984027e-03  -3.1255399e-03
   1.5583563e-01  -7.8751515e-01  -4.3028624e-02  -8.1755935e-03  -2.4735442e-03  -1.3605739e-03
   8.8838219e-02  -2.8425300e+00  -1.7914318e+00  -5.5867428e-02  -1.9156315e-03   4.9763713e-03
   8.3952580e-02  -2.1800916e+00  -1.3165487e+00  -4.3429127e-02  -2.0684135e-03   2.0156386e-03
   7.4394486e-02  -1.5908169e+00  -7.3393136e-01  -2.8078483e-02  -2.3156228e-03  -3.1162878e-04
   1.1745358e-01  -1.6365282e+00  -6.4771419e-01  -2.4518556e-02  -2.1096140e-03  -1.2094056e-03
   6.2097938e-02  -1.5526994e+00  -5.2091942e-01  -2.1119054e-02  -2.9654691e-03  -7.0951339e-04
   9.8316100e-02  -1.3945205e+00  -5.0962105e-01  -1.7189855e-02  -2.5313506e-03  -1.3235859e-03
   7.2952622e-02  -1.2785843e+00  -4.9104166e-01  -1.5520543e-02  -2.5716377e-03  -2.0254144e-03
   6.1281827e-02  -1.1559666e+00  -3.4873086e-01  -1.2376858e-02  -2.4651003e-03  -2.3176663e-03
   8.5367790e-02  -1.0395445e+00  -2.6122410e-01  -9.6841727e-03  -2.3008275e-03  -2.5324685e-03
   9.2118636e-02  -1.0886987e+00  -3.1994428e-01  -1.2479241e-02  -2.4285972e-03  -3.6927480e-03
  -6.3527111e-02  -3.7442969e+00  -2.5172039e+00  -7.1764524e-02  -3.6322143e-04   7.8349473e-03
  -2.1184143e-02  -2.8917049e+00  -1.6222554e+00  -5.1599274e-02  -1.8294258e-03   2.5825282e-03
   9.1727575e-03  -2.2338724e+00  -1.0858352e+00  -3.5100541e-02  -1.9686190e-03  -9.8652629e-04
  -2.6289660e-02  -2.0126130e+00  -8.4596848e-01  -2.6892070e-02  -2.2962422e-03  -1.4805786e-03
   1.4190270e-03  -1.8069573e+00  -6.4664571e-01  -2.1520806e-02  -2.2552602e-03  -1.2400200e-03
   3.4796520e-02  -1.6750705e+00  -5.4943544e-01  -1.7939140e-02  -1.7342936e-03  -1.5715256e-03
   1.2563017e-02  -1.5281708e+00  -4.6435013e-01  -1.4989114e-02  -1.9723147e-03  -2.3726955e-03
  -4.8921448e-02  -1.5020310e+00  -3.9814408e-01  -1.3064435e-02  -2.3248376e-03  -1.8080374e-03
   5.5909891e-02  -1.5866192e+00  -6.4012749e-01  -2.4153859e-02   5.2804754e-04   9.0728873e-05
   1.0008727e-01  -1.9132986e+00  -1.8422658e+00  -4.4019968e-02   1.9674704e-03   6.9927988e-03
   1.1841516e-01  -9.5089784e-01  -1.1540680e+00  -3.0486462e-02   1.0975400e-03   3.5077407e-03
   3.2571976e-02  -1.0563820e+00  -8.6766095e-01  -2.3866564e-02   4.3071133e-04   2.0330049e-03
   1.0656846e-01  -1.0957652e+00  -6.1138873e-01  -1.9935560e-02   1.0692410e-03  -6.3953292e-04
   1.4413056e-01  -6.7099970e-01  -8.3199389e-01  -1.7798441e-02   1.8524764e-03  -9.4329863e-04
  -2.8783092e-02  -4.8023634e-01  -5.6638989e-01  -1.2958152e-02   3.8421569e-04   5.8634563e-05
   2.9593544e-02  -4.9662971e-01  -3.7497478e-01  -9.3139279e-03   1.3594504e-04  -2.1680825e-04
   9.6391435e-02  -4.5367794e-01  -3.3629545e-01  -7.1400030e-03   9.6268776e-04  -1.0026124e-03
   1.2325298e-01  -4.3191162e-01  -3.7114392e-01  -5.4144731e-03   1.1270755e-03  -1.1889984e-03
   1.2398300e-01  -2.6367104e-01  -2.3352279e-01  -2.9017992e-03   1.0807347e-03  -1.5797296e-03
   1.5231805e-01  -3.4359644e-01  -1.4584353e-01  -3.6327431e-03   1.5430670e-03  -2.0743903e-03
   2.2730054e-01  -2.4806691e-01  -2.9274681e-01  -2.2210798e-03   2.7445571e-03  -2.9129534e-03
   1.8456550e-01  -1.8935454e-01  -1.2039139e-01  -1.2632372e-03   1.8082923e-03  -1.5008770e-03
   1.6565665e-01  -2.4598841e-01  -9.3930761e-02  -1.2366498e-03   1.3384123e-03  -1.0617867e-03
   1.7432645e-01  -1.9704205e-01  -4.9956820e-02  -5.4949699e-04   1.6825944e-03  -1.5508886e-03
  -1.1414107e-02  -1.4220054e-01   2.0013363e-02  -2.4204373e-03  -3.2564637e-03  -1.1309628e-03
   4.8999736e-02   1.2001046e-03   3.7052922e-02   5.2235202e-04  -1.4024866e-03  -1.4586313e-03
   1.2109379e-01  -9.9946029e-02   4.0370227e-02   6.0559271e-04   1.5881358e-04  -2.3315600e-03
   1.6553395e-01  -5.1706794e-02   8.4855369e-02   1.1729364e-03   5.3667223e-04  -2.2496215e-03
   9.6682962e-02  -4.8148715e-02   1.5769125e-01   1.9341907e-03   3.0980918e-04  -1.7527940e-03
   1.1224775e-01  -5.2608236e-02   1.5985900e-01   2.5089195e-03   6.2436468e-04  -2.0112297e-03
   1.8442869e-01   2.0153375e-02   2.1680375e-01   3.3303987e-03   1.8071529e-03  -2.4556489e-03
   1.2480696e-01  -2.9068647e-02   2.2188293e-01   3.1234962e-03   9.1598523e-04  -2.0984844e-03
   1.2996504e-01  -3.8755198e-03   2.5055270e-01   3.7506489e-03   1.0162127e-03  -2.3148441e-03
   1.6536031e-01   5.1111468e-02   1.3719755e-01   3.9669135e-03   1.6302945e-03  -2.5531540e-03
   1.3013601e-01   1.2553305e-01   2.2293180e-01   4.5792917e-03   1.6144613e-03  -2.1622795e-03
   1.3240744e-01   1.9203654e-01   3.0891525e-01   6.4456681e-03   1.8212897e-03  -2.3851592e-03
   1.7697640e-01   1.9358258e-01   3.3680546e-01   6.4689055e-03   2.3103822e-03  -2.4642517e-03
   1.3184352e-01   2.6664956e-01   4.4426188e-01   7.4082680e-03   1.9492090e-03  -1.9604412e-03
   1.1527476e-01   3.0616015e-01   4.6208128e-01   8.3241357e-03   1.8802949e-03  -1.8523077e-03
  -1.4878169e-01  -1.9266574e+00  -9.0404051e-01  -3.4727807e-02  -7.6458889e-04   4.4491754e-03
   5.1110647e-02  -1.0273050e+00  -1.0543742e+00  -3.3812546e-02  -3.6005897e-03   4.9040088e-03
   5.9562854e-01  -4.7481988e-01  -5.7947850e-01  -2.1843266e-02   4.1072830e-03  -2.4517404e-03
   5.0408766e-01  -2.4490455e-01  -5.2088460e-01  -1.4607029e-02   3.6226785e-03  -2.9745125e-03
   5.3006959e-01  -2.3185361e-01  -5.7688305e-01  -1.1037292e-02   3.9982027e-03  -3.5410734e-03
   4.8681148e-01  -1.3166831e-01  -2.6858329e-01  -6.5414660e-03   3.5265766e-03  -3.4080036e-03
   5.0337096e-01  -1.1775090e-01  -2.5479704e-01  -4.3909545e-03   3.6634674e-03  -3.5849224e-03
   4.7220353e-01  -7.5526632e-01  -5.7950163e-01  -1.5710170e-02   3.4821344e-03  -3.1721991e-03
   5.3299306e-01  -3.9364213e-01  -3.6643011e-01  -7.7333634e-03   4.0816085e-03  -4.0571485e-03
   4.5920079e-01  -4.2236697e-01  -3.0558616e-01  -6.8680838e-03   3.4242543e-03  -3.6625909e-03
   4.9399240e-01  -3.0234457e-01  -2.2353546e-01  -3.6770226e-03   3.6302708e-03  -3.5439031e-03
   4.6276603e-01  -2.4667758e-01  -1.2623990e-01  -1.7772424e-03   3.5097106e-03  -3.4298537e-03
   4.4018779e-01  -2.4070986e-01  -9.1349430e-02  -1.4967134e-03   3.6168482e-03  -3.8197043e-03
   4.6036155e-01  -1.0533423e-02  -1.5324169e-01  -9.7773469e-04   3.9819819e-03  -3.9491954e-03
   3.0388508e-01  -1.2126417e-01  -3.1925735e-01  -3.0875185e-03   1.8733099e-03  -3.4800790e-03
   3.5571596e-01  -1.2276559e-01  -7.3202529e-02   8.7896043e-04   2.8263641e-03  -3.0965646e-03
   3.9971447e-01  -8.0701267e-02   3.2986864e-02   1.9120291e-03   3.2514041e-03  -3.4629612e-03
   3.7531567e-01  -3.2444972e-02   6.7097996e-02   2.7427264e-03   3.4589258e-03  -3.3924328e-03
   3.9741134e-01  -4.2386298e-02   9.7557695e-02   2.8102223e-03   3.6603085e-03  -3.6335874e-03
   3.6228332e-01   6.9257695e-02   1.7491412e-01   3.6048617e-03   3.3310768e-03  -3.8408758e-03
   2.5248893e-01  -1.6058435e+00  -1.3571490e+00  -3.6290488e-02   6.6192468e-04   2.0260693e-03
   1.9345512e-01  -1.1145911e+00  -1.3224743e+00  -2.9719881e-02   1.0504939e-03  -2.0511028e-04
   1.1791618e-01  -3.9553190e-01  -7.7791252e-01  -1.6565875e-02   5.0209843e-04  -9.5180659e-04
   1.5436315e-01  -2.3889363e-01  -4.5653237e-01  -9.9291282e-03   8.2360128e-04  -2.2147867e-03
   1.9915984e-01  -2.1350988e-01  -3.3843810e-01  -6.3507603e-03   1.2624064e-03  -2.5533053e-03
   2.5059138e-01  -6.7537877e-02  -1.5543564e-01  -1.9559881e-03   2.0237432e-03  -3.3763595e-03
   2.4987501e-01  -8.8019479e-03  -8.1420640e-02  -5.0525536e-04   2.2217742e-03  -3.1501953e-03
   2.1744176e-01   4.5117598e-01  -3.1572577e-01   7.3988337e-04   3.0857669e-03  -1.8845178e-03
   2.0640528e-01   3.9189581e-01  -8.6696921e-02   2.2523885e-03   3.1419520e-03  -1.9976910e-03
   2.2086109e-01   3.1855874e-01   1.0135179e-01   3.2208127e-03   3.3952293e-03  -2.0247196e-03
   3.0834530e-01   2.7900415e-01   1.2962205e-01   4.1131721e-03   4.3507459e-03  -2.1876017e-03
   3.6341889e-01   3.2944732e-01   2.0213916e-01   5.6265876e-03   4.6869972e-03  -2.5173601e-03
   3.5361600e-01   3.2968567e-01   1.7824842e-01   5.1735915e-03   4.7548354e-03  -2.5069366e-03
   3.4999988e-01   3.2725101e-01   2.3520635e-01   5.5936245e-03   4.8787522e-03  -2.8171684e-03
   3.0577712e-01   3.9056046e-01   2.2617584e-01   6.4637614e-03   4.6360708e-03  -2.4646208e-03
   3.4070057e-01   4.3217756e-01   3.0656292e-01   6.9299647e-03   5.0359175e-03  -3.0160709e-03
   2.4990545e-01   4.5959682e-01   3.0522065e-01   7.2733855e-03   4.3661887e-03  -2.3459699e-03
   8.5605168e-02  -1.1510061e+00  -5.1656251e-01  -2.9889628e-02   1.9065937e-03   1.2375402e-03
  -1.6330815e-01  -9.2786177e-01  -1.1660099e+00  -2.7464630e-02  -6.3956154e-05   2.1782997e-03
  -1.3931601e-01  -6.0677671e-01  -6.5869272e-01  -1.7885391e-02  -1.8512828e-04  -5.2328547e-04
  -9.1343174e-02  -5.5572693e-01  -5.1388380e-01  -1.3566732e-02   3.9607469e-04  -1.0563289e-03
  -5.8287425e-02  -4.4024412e-01  -4.0582546e-01  -9.7002610e-03   8.8796315e-04  -1.6812907e-03
   6.8128608e-02  -2.9825319e-01  -4.2160946e-01  -7.0003324e-03   2.1364246e-03  -2.8514355e-03
   1.0301061e-01  -1.8804099e-01  -2.1541914e-01  -3.6910289e-03   2.1125842e-03  -2.8729780e-03
   1.6377257e-01  -9.3808074e-02  -2.8431497e-01  -1.7984667e-03   2.8545860e-03  -3.0674803e-03
   1.3767368e-01  -1.8779208e-02  -1.5930534e-01  -1.2940607e-04   2.2914161e-03  -2.2039855e-03
   1.9332782e-01   2.4834558e-02  -8.6167042e-02   1.8690827e-03   3.0484331e-03  -2.4299587e-03
   1.9807302e-01   3.1327536e-02  -6.3938478e-02   1.6553272e-03   3.2495870e-03  -2.4429010e-03
   2.1759113e-01   7.8691715e-02   3.5127029e-02   2.5815232e-03   3.5813933e-03  -2.1232044e-03
   1.9939147e-01   9.0738080e-02   7.4878194e-02   3.3439229e-03   3.4802435e-03  -1.9727802e-03
   1.6717328e-01   9.6635532e-02   1.3133861e-01   3.8664876e-03   3.5581905e-03  -2.2054314e-03
   3.6237191e-02  -1.4589021e+00  -1.2291301e+00  -3.6734519e-02   4.1360444e-03   6.0429918e-03
  -2.3379282e-01  -7.6485992e-01  -9.1679024e-01  -1.8343744e-02  -1.9218042e-04   4.6982125e-03
  -2.2248790e-01  -5.1729423e-01  -3.4381998e-01  -8.3563065e-03   5.6705880e-05   1.8321159e-03
  -2.0970871e-01  -4.3032409e-01  -1.5964173e-01  -2.7198575e-03  -3.4455485e-04   9.9285466e-04
  -1.6470542e-01  -4.8549387e-01  -1.6936865e-01  -2.9869532e-03   1.9954313e-04   1.8741729e-04
  -5.4435665e-02  -3.9825620e-01  -2.2115880e-01  -2.6335333e-03   1.4523028e-03  -9.7226352e-04
   5.7096891e-02  -1.3560160e-01   4.2898328e-02   1.2930090e-03   2.6495744e-03  -1.0868131e-03
   2.3656963e-02  -6.0618571e-02   5.7984039e-02   2.4202937e-03   2.0954912e-03  -9.1041898e-04
   3.2206166e-02   1.5935316e-02  -4.0691051e-03   3.2271538e-03   1.8354124e-03  -7.8736383e-04
   1.4113474e-02   1.0430097e-01   9.3461250e-02   3.8547601e-03   1.8730980e-03  -7.3297009e-04
   6.7596888e-02   2.0265324e-01   1.2978305e-01   5.2340115e-03   2.3990066e-03  -1.0444194e-03
   1.5609320e-01  -2.3235428e+00  -1.5743758e+00  -4.6565246e-02   5.7521018e-03   8.7589750e-03
  -1.0264563e-01  -2.2897754e+00  -1.1898180e+00  -3.7939867e-02   2.2163469e-03   2.6162791e-03
  -4.4009943e-02  -2.0543075e+00  -9.6567672e-01  -2.7725730e-02   2.2590514e-03  -8.2469800e-04
   7.9060297e-02  -1.6692081e+00  -7.5385430e-01  -2.1011121e-02   3.4807012e-03  -2.6989085e-03
   1.0710621e-01  -1.3889348e+00  -6.1426033e-01  -1.6714725e-02   2.8482489e-03  -2.9337085e-03
   9.9666063e-02  -1.2160783e+00  -5.0008201e-01  -1.2806200e-02   3.1150587e-03  -2.6395719e-03
   2.3594031e-01  -7.8481229e-01  -3.1384925e-01  -6.8767432e-03   4.6017353e-03  -3.3180401e-03
   2.8336779e-01  -6.0603279e-01  -1.5790786e-01  -4.7007393e-03   5.1284870e-03  -3.9882917e-03
   2.8054864e-01  -6.1781541e-01  -1.8010936e-01  -3.7761606e-03   4.3026460e-03  -3.6930710e-03
   2.6821502e-01  -4.8414100e-01  -4.6237952e-02  -2.0362530e-03   4.2923246e-03  -3.3953283e-03
   2.9993337e-01  -4.8012809e-01  -6.0325138e-02  -1.5359121e-03   4.4023459e-03  -3.4235064e-03
   3.2225936e-01  -4.0460124e-01   9.4476641e-02  -2.1716837e-05   4.5563117e-03  -3.4621399e-03
   9.1549952e-02  -1.3331894e+00  -8.2925423e-01  -2.9615671e-02   8.3765729e-04   1.1946900e-03
  -1.5459867e-01  -2.3507621e+00  -1.7669612e+00  -4.3683001e-02  -1.3290546e-03   4.6904233e-03
  -1.0650558e-01  -1.5429755e+00  -9.1819139e-01  -2.4854480e-02  -6.7863423e-04  -3.9681943e-04
   9.3730163e-01  -8.8214341e-01  -1.3052319e+00  -4.0113977e-02   7.3062089e-03   1.4211677e-03
   7.3620147e-01  -6.4790462e-01  -8.3806038e-01  -2.8354554e-02   4.2015223e-03  -1.2607264e-03
   8.8016054e-01  -3.1330553e-01  -8.3175106e-01  -1.9321825e-02   3.6814639e-03  -2.8528567e-03
   7.7588253e-01   8.4898987e-02  -4.4774880e-01  -9.3362464e-03   4.2721104e-03  -3.8066699e-03
   8.0818426e-01   1.3065788e-01  -5.1041803e-01  -5.7308144e-03   5.2491598e-03  -5.2821959e-03
   7.7597009e-01   1.3643709e-01  -3.1748272e-01  -2.1979262e-03   4.6978352e-03  -4.9063935e-03
   7.0512484e-01   1.4386409e-01  -2.8808697e-01  -1.0027492e-03   4.2135067e-03  -4.6413149e-03
   7.0557156e-01   2.6211265e-01  -1.1936856e-01   1.4511944e-03   4.3834557e-03  -4.7545634e-03
   6.9719583e-01   2.6876192e-01  -1.2040338e-01   2.5282781e-03   4.3604385e-03  -4.6144518e-03
   6.6496634e-01   2.1863776e-01  -1.0921643e-01   2.3701330e-03   4.3101619e-03  -4.4056343e-03
   7.0141904e-01   3.2289714e-01   6.0740526e-02   4.4111349e-03   4.7559254e-03  -4.2793200e-03
   5.4470935e-01  -9.3922796e-01  -4.8941404e-01  -2.5545257e-02   2.8354461e-03  -1.0138631e-03
   3.0407309e-01  -2.3737943e+00  -1.8629693e+00  -4.5969474e-02   1.0548344e-04   4.9578917e-03
   4.5619077e-01  -1.5553050e+00  -1.1274928e+00  -2.7010168e-02   2.4531261e-03  -1.8546016e-03
   5.0538554e-01  -1.1718331e+00  -8.1614215e-01  -1.7260201e-02   3.2867407e-03  -3.1214658e-03
   6.1550974e-01  -7.7628651e-01  -5.4827608e-01  -9.8287214e-03   4.3523958e-03  -4.7403075e-03
   5.6630858e-01  -5.1684537e-01  -2.6491846e-01  -4.9939940e-03   4.0874185e-03  -4.5204831e-03
   5.0010437e-01  -5.5342235e-01  -3.2762130e-01  -4.5203478e-03   3.3156948e-03  -3.8978893e-03
   4.3986050e-01  -4.4226089e-01  -2.8934294e-01  -2.6556007e-03   2.9955653e-03  -3.8062955e-03
   3.5367968e-01  -3.5562329e-01  -1.4921454e-01  -1.6250159e-03   2.1598741e-03  -2.6271733e-03
   4.2949404e-01  -3.3138952e-01  -2.0728388e-01  -1.6702582e-03   2.8833432e-03  -3.3099787e-03
   4.1866320e-01  -2.0475223e-01  -8.8750187e-02   6.9372107e-04   2.7392940e-03  -3.0813852e-03
   5.1788136e-01  -1.7680553e+00  -1.4660444e+00  -4.4440279e-02   4.2833880e-03   2.5960126e-03
   4.6067845e-01  -9.6359339e-01  -1.4624621e+00  -3.4792786e-02   7.8103156e-04  -1.7793280e-03
   4.0535658e-01  -1.4304989e+00  -2.0516306e+00  -4.3715465e-02   1.1452967e-03   3.2994681e-03
   2.9684431e-01  -8.4937332e-01  -1.0544975e+00  -2.7837507e-02   2.7552768e-04  -1.3560439e-04
   3.2503702e-01  -6.3870226e-01  -9.7743047e-01  -1.8308805e-02   9.5868664e-04  -2.2408069e-03
   4.1037750e-01  -4.3234850e-01  -7.4791421e-01  -1.2223094e-02   1.7213604e-03  -3.4794555e-03
   4.4359897e-01  -1.9595555e-01  -7.2261882e-01  -8.4200847e-03   2.0679498e-03  -3.9722333e-03
   4.3248020e-01  -7.8300753e-02  -4.9645610e-01  -4.7104102e-03   1.8563140e-03  -3.6071383e-03
   4.1349243e-01  -3.4493667e-03  -4.0176748e-01  -2.3306790e-03   1.8830095e-03  -2.8576079e-03
   4.0263950e-01   1.1932990e-01  -3.5098724e-01  -1.2464022e-03   2.1076965e-03  -2.4778787e-03
   3.9751751e-01   1.4823222e-01  -3.4102668e-01  -4.6121885e-04   1.7727330e-03  -2.3208884e-03
   4.2258097e-01   1.5591023e-01  -2.8401083e-01   4.3613334e-04   2.1708973e-03  -2.3511881e-03
   4.1210212e-01   1.5206893e-01  -2.6072978e-01   6.9266977e-04   2.1855471e-03  -2.4454004e-03
   3.6867476e-01  -3.6378857e-01  -3.9403277e-01  -1.2489914e-02   1.2064609e-03   5.9317878e-05
   1.5046176e-01  -1.9287463e+00  -1.7475586e+00  -3.8868107e-02  -5.1565203e-04   3.9849709e-03
   1.6240310e-01  -4.8526996e-01  -1.1382383e+00  -1.8804646e-02   8.7927389e-04   4.3942048e-04
   2.2001973e-01   1.4504792e-02  -5.6615370e-01  -6.9995778e-03   1.3355837e-03  -4.9073427e-04
   2.1126294e-01   1.3302448e-01  -4.2045151e-01  -2.7367153e-03   1.7232984e-03  -9.2557152e-04
   2.0871726e-01   1.1869201e-01  -3.3503050e-01  -8.5825679e-04   1.5276257e-03  -6.5504252e-04
   3.2942841e-01   2.0650904e-01  -3.7359029e-01   5.2970693e-04   2.5731612e-03  -1.1321074e-03
   3.4128766e-01   3.4282388e-01  -1.9136399e-01   2.4953204e-03   2.5438420e-03  -1.6618453e-03
   3.6433405e-01   3.8942681e-01  -1.6398470e-01   3.8474647e-03   3.0866977e-03  -2.2822019e-03
   3.9601694e-01   4.8395842e-01  -4.3824220e-02   5.0522315e-03   3.0307484e-03  -1.9868684e-03
   4.6382687e-01   5.6732333e-01  -8.6240278e-02   5.8928373e-03   3.4901509e-03  -2.1950790e-03
   4.7973425e-01   6.2968476e-01  -8.1682520e-03   5.9674568e-03   3.6266029e-03  -1.7379410e-03
   4.1204747e-01  -1.1214921e+00  -1.3973026e+00  -3.1740021e-02   2.0625575e-03   4.4701070e-03
   4.4452764e-01  -1.3874410e-01  -9.4532509e-01  -2.0407761e-02   1.9772206e-03   1.6346238e-03
   4.0917359e-01   8.1326481e-02  -5.8643022e-01  -1.0012169e-02   2.0183221e-03  -3.8289863e-04
   3.8244030e-01   3.0683868e-01  -4.1478545e-01  -3.3966683e-03   1.8768106e-03  -2.0084279e-03
   4.5084271e-01   3.5017738e-01  -3.2641923e-01  -1.0791002e-03   2.7291790e-03  -2.8046548e-03
   4.6260087e-01   2.6534524e-01  -2.4860759e-01  -5.5867213e-04   2.8018097e-03  -2.9600865e-03
   5.1809405e-01   3.1579660e-01  -1.4793199e-01   1.2752385e-03   3.1897799e-03  -3.2552774e-03
   5.4176594e-01   3.6468485e-01  -1.7657196e-01   2.1957724e-03   3.7814424e-03  -3.5256056e-03
   4.9907086e-01   4.2218381e-01  -4.4712600e-02   3.5922586e-03   3.3922470e-03  -2.8735607e-03
   4.4238958e-01  -8.8361654e-01  -5.1841889e-01  -2.8813586e-02   3.0706814e-03  -1.1110322e-03
   4.9742388e-01  -1.2492964e+00  -1.8420598e+00  -4.6282684e-02   1.2117431e-03   4.2628369e-03
   6.5408723e-01  -2.9780425e-01  -8.6668748e-01  -2.5358279e-02   5.1646923e-03   6.2753454e-05
   5.9193659e-01  -2.4367471e-01  -9.0497720e-01  -1.8217391e-02   4.3764084e-03  -1.4044707e-03
   5.0359607e-01   7.2955266e-03  -6.7067529e-01  -1.1381607e-02   3.5940886e-03  -2.2752221e-03
   5.5663551e-01   8.5887372e-02  -5.1994462e-01  -7.7709900e-03   4.5814477e-03  -3.9104244e-03
   5.6644262e-01   1.5372377e-01  -4.3143537e-01  -4.4849219e-03   4.6644138e-03  -4.5293479e-03
   5.5883873e-01   2.8865841e-01  -2.6640281e-01  -1.4691796e-03   4.6488933e-03  -4.0318798e-03
   6.0163940e-01   3.0380669e-01  -2.2874981e-01  -5.7521815e-04   5.0324294e-03  -4.0977407e-03
   6.7677146e-01   3.4814788e-01  -1.7888074e-01   5.7400965e-04   6.2306665e-03  -4.8748484e-03
   7.0784796e-01   3.5564998e-01  -1.7471433e-01   1.5763316e-03   6.1953671e-03  -4.6805818e-03
   7.2287611e-01   4.0415854e-01  -6.2918880e-02   2.6827060e-03   6.4027602e-03  -4.8520205e-03
   7.3084059e-01   4.1548085e-01  -7.6575609e-02   3.0069376e-03   6.5855332e-03  -4.6615873e-03
   7.4354367e-01   4.4917342e-01  -2.1984703e-02   3.9041396e-03   6.7561275e-03  -4.8166707e-03
   7.6715171e-01   4.9803819e-01   8.0363440e-02   5.4886517e-03   6.9658272e-03  -4.8968768e-03
   5.8865402e-01  -6.8831756e-01  -5.0462004e-01  -2.2720048e-02   5.4453675e-03  -1.5204009e-03
   2.6639096e-01  -1.2268809e+00  -1.2869613e+00  -2.7874781e-02   1.5798670e-03   1.5706638e-03
   2.2231929e-01  -6.1049975e-01  -7.0126686e-01  -1.4994538e-02   1.3936075e-03  -6.6365717e-04
   3.7303742e-01  -2.7874277e-02  -5.8700849e-01  -9.2577265e-03   2.0631871e-03  -2.3410443e-03
   2.5855000e-01   5.3604796e-01  -4.6486883e-01  -9.7833272e-04   1.0428692e-03  -1.4576304e-03
   3.7390562e-01   5.5594470e-01  -2.4211997e-01   1.3960099e-03   2.8839805e-03  -2.6097740e-03
   4.4816892e-01   5.0540318e-01  -2.9397960e-01   2.2036920e-03   3.6609223e-03  -3.1243259e-03
   4.7056855e-01   6.6417605e-01  -2.1261033e-01   2.4736011e-03   4.0513819e-03  -3.5512211e-03
   4.5365862e-01   5.2838101e-01  -4.7734788e-02   3.3477683e-03   4.2078735e-03  -3.2341725e-03
   4.9028337e-01   5.2861269e-01  -8.7332124e-02   3.9032030e-03   4.3364800e-03  -3.4914559e-03
   4.9171524e-01   6.2371646e-01  -5.8483055e-02   5.3763640e-03   4.3665876e-03  -3.3195290e-03
   4.9988907e-01   7.1933221e-01   2.8017343e-02   6.9016988e-03   4.4329802e-03  -3.2940741e-03
   5.0649727e-01   5.9681021e-01   6.0485384e-02   4.1995566e-03   4.6534734e-03  -3.0409757e-03
  -1.2505224e-01  -1.3384874e+00  -1.4681763e+00  -2.7232313e-02  -1.5165174e-03   5.2629319e-03
  -3.7071029e-02  -2.1021232e-01  -6.8740914e-01  -9.5651763e-03  -1.1443290e-03   2.8249020e-04
   1.8267424e-01  -7.8208029e-02  -4.3518115e-01  -3.6326346e-03   1.2496797e-03  -1.9557465e-03
   2.8687527e-01   2.2427013e-01  -3.1157134e-01   2.0301324e-03   2.2317967e-03  -2.2937846e-03
   3.0874814e-01   3.8757585e-01  -1.7779077e-01   3.3706869e-03   2.4808321e-03  -1.9388958e-03
   3.2530672e-01   4.0765582e-01  -1.3136737e-01   4.1050159e-03   2.7544839e-03  -1.9395924e-03
   3.4226035e-01   4.8132076e-01  -6.7206675e-02   5.1919853e-03   2.7571959e-03  -1.8419295e-03
   3.4465559e-01   5.3751067e-01   1.4620499e-02   6.2184456e-03   2.8213356e-03  -2.0276761e-03
   3.0171257e-01   5.5117632e-01   4.9635690e-02   6.4412576e-03   2.2168086e-03  -1.6926676e-03
   3.5205353e-01   5.8614083e-01  -2.4784956e-02   6.5737776e-03   2.9671011e-03  -2.3538422e-03
  -5.1146662e-02  -1.2342861e+00  -1.3475357e+00  -2.8011613e-02  -1.8840947e-03   3.1697780e-03
  -2.4783976e-02  -1.7414999e-01  -6.6117069e-01  -1.0709877e-02  -1.4945367e-03  -1.6442154e-04
   8.7203995e-02   1.6796199e-01  -2.9047225e-01  -1.3376022e-03   1.5022105e-04  -1.6210295e-03
   1.6586686e-01   1.9311266e-01  -3.0289435e-01   9.1619726e-04   9.8960544e-04  -2.5787769e-03
   2.4220191e-01   2.4928951e-01  -1.6534029e-01   1.5106866e-03   1.5875576e-03  -2.7473097e-03
   2.6756866e-01   3.0197997e-01  -6.3911381e-02   3.3914108e-03   1.6492197e-03  -2.8048062e-03
   3.2546508e-01   3.8336524e-01   1.4841756e-02   4.6172684e-03   2.2960554e-03  -3.0997977e-03
   2.7727654e-01   4.7364769e-01   2.4072002e-01   6.2369482e-03   2.3549418e-03  -2.7806148e-03
   3.2489128e-01   5.0323346e-01   9.8548633e-02   6.7535153e-03   2.5518839e-03  -2.9169551e-03
   3.0242913e-01   5.4908066e-01   1.8008646e-01   7.2073042e-03   2.3371940e-03  -2.6790206e-03
   3.1527079e-01   6.2127380e-01   2.0914957e-01   8.2279275e-03   2.6103875e-03  -2.5154661e-03
  -2.8271649e-02  -2.6319600e+00  -1.5075119e+00  -5.9608586e-02   3.6955250e-03   4.6344073e-03
  -3.4571386e-01  -1.0215345e+00  -1.2410431e+00  -2.4416949e-02  -2.4849250e-03   5.9254600e-03
  -2.2330905e-01   2.0898433e-01  -6.3919551e-01  -1.0461190e-02  -3.4333269e-03   3.3540866e-03
  -1.6698580e-01   3.3175085e-01  -3.4482630e-01  -3.2898972e-03  -2.4747946e-03   1.9783697e-03
   4.1307116e-02   3.1359254e-01  -1.5193587e-01   2.5022306e-04  -3.4769337e-04  -7.5306979e-04
   1.5350637e-01   3.9429020e-01  -8.4259917e-02   2.4491844e-03   5.6249609e-04  -1.9548050e-03
   1.9551481e-01   5.1390095e-01   3.0549659e-02   4.3587911e-03   8.7250578e-04  -1.6558399e-03
   2.0144835e-01   6.0142231e-01   2.2587032e-02   5.6097885e-03   8.6398802e-04  -1.5020869e-03
   1.4412528e-01  -7.5579771e-02  -2.8729016e-01  -9.1186445e-03   6.5485446e-04  -1.2035703e-03
   5.3923624e-01   1.6307525e-01  -1.0576289e+00  -2.2152679e-02   2.1122472e-03   4.5842630e-03
   3.5002446e-01   5.0182539e-01  -4.9316474e-01  -1.0884744e-02   1.1539695e-03   1.6386660e-03
   2.4502173e-01   6.0314558e-01  -4.3085051e-01  -3.9286332e-03   7.9054233e-04   4.4239349e-04
   2.5187201e-01   7.6109867e-01  -4.0718794e-01   1.0642996e-04   9.4325762e-04  -9.6204042e-04
   2.9121548e-01   8.7083842e-01  -1.7435308e-01   3.2775399e-03   1.4255222e-03  -1.8773988e-03
   3.1709723e-01   8.9965365e-01  -4.8801311e-02   5.1892121e-03   1.6982217e-03  -1.9155057e-03
   3.3355362e-01   9.1040790e-01   2.6360551e-03   6.0326642e-03   1.7543399e-03  -2.0978719e-03
   3.4851269e-01   1.0066963e+00   1.2876244e-02   7.7453043e-03   1.8932421e-03  -2.1915285e-03
   3.4536249e-01   1.1269815e+00   1.1414183e-01   9.0761793e-03   2.0122999e-03  -2.3640521e-03
   2.2754116e-01   9.3173499e-01   1.2291808e-01   6.3972731e-03   1.1507982e-03  -2.8035943e-03
   3.1739647e-01   9.9137758e-01   6.8816822e-02   7.4042441e-03   2.3185519e-03  -3.0137132e-03
   3.3812743e-01   1.1618291e+00   2.5112665e-01   1.0256448e-02   2.6112678e-03  -2.8530338e-03
   3.2012160e-01   1.1471343e+00   2.1398968e-01   1.0382240e-02   2.7025222e-03  -2.7632142e-03
   3.6698130e-01   1.2789716e+00   3.9924277e-01   1.2309428e-02   3.2546340e-03  -2.8373601e-03
   3.6766225e-01   1.2754023e+00   1.4817559e-01   1.1807001e-02   3.1174214e-03  -3.0023962e-03
   3.7397982e-01   1.3845513e+00   2.4946454e-01   1.2933893e-02   3.0698186e-03  -3.1570514e-03
   3.8827014e-01   1.4499328e+00   2.8982938e-01   1.4450270e-02   3.3570456e-03  -3.4891720e-03
   3.6798831e-01   1.4770940e+00   3.8752972e-01   1.4493487e-02   2.9343686e-03  -3.1383299e-03
   2.7977552e-01   1.0861358e+00   2.3167955e-01   1.4988271e-03   2.9950997e-05   1.3416749e-03
   1.1735103e-02  -1.4661537e+00  -1.4683065e+00  -3.9057562e-02  -1.7132126e-03   4.8017688e-03
   4.8328091e-03  -3.3096697e-01  -8.8346593e-01  -1.7949355e-02  -2.1464432e-03   5.0787634e-04
   7.7909080e-02  -5.0481348e-02  -5.1550634e-01  -9.7460218e-03  -1.5020027e-03  -1.7554708e-03
   1.5756513e-01   2.2160321e-01  -2.6880363e-01  -3.2259485e-03  -6.4168252e-04  -3.0355702e-03
   1.6565309e-01   2.8157813e-01  -2.6191446e-01  -9.8127541e-04  -4.6845875e-04  -3.9362367e-03
   2.3725982e-01   3.2786072e-01  -1.9435808e-01   5.2602249e-05   4.8344656e-04  -4.8474734e-03
   2.4914657e-01   4.0885987e-01  -1.2072170e-01   1.5365398e-03   3.5114363e-04  -4.5074067e-03
   2.9165766e-01   4.0720618e-01  -1.2279993e-01   2.3875334e-03   8.4172064e-04  -4.6890166e-03
   2.8608611e-01   4.9618559e-01  -7.6003843e-02   3.6283012e-03   9.6788077e-04  -4.5199116e-03
   3.1256225e-01   5.3093473e-01   4.5401818e-03   4.3765964e-03   1.3271440e-03  -5.0945153e-03
   3.2838142e-01   6.1339677e-01   7.1286164e-02   5.6446506e-03   1.7823016e-03  -4.9264495e-03
   2.8957285e-01   6.1366507e-01   7.1702786e-02   5.8660759e-03   1.1747894e-03  -4.6669567e-03
   2.9003343e-01   7.1020652e-01   1.5515343e-01   7.7191341e-03   9.1703951e-04  -4.6018762e-03
   2.5680327e-01   6.1670024e-01   1.1452094e-01   3.3385960e-03   1.4666575e-04  -3.6325489e-03
   2.5702807e-01  -1.7590264e+00  -1.7620764e+00  -4.6179325e-02   1.9894739e-03   5.3126338e-03
   1.6454481e-01  -6.1873895e-01  -9.5825598e-01  -2.6043097e-02   6.7775898e-04   2.1906271e-03
   3.8299188e-02  -4.5403597e-01  -7.4815226e-01  -1.7163371e-02  -1.4427825e-03   5.9995934e-04
   1.9301526e-01  -1.9798392e-01  -5.4675787e-01  -1.0112976e-02   8.4388152e-05  -2.5585750e-03
   2.4214809e-01   4.6336899e-02  -3.4074006e-01  -4.0712983e-03   5.1504207e-04  -3.2482850e-03
   2.9082448e-01   8.3396149e-02  -3.1939138e-01  -2.2773050e-03   7.8199060e-04  -3.6416804e-03
   3.1728056e-01   3.1215660e-01  -1.3368453e-01   1.3984863e-03   8.2913959e-04  -3.6653135e-03
   3.2131294e-01   4.0499618e-01  -1.1124746e-01   3.0379564e-03   8.1470880e-04  -3.8414432e-03
   2.8441283e-01   4.7014338e-01   3.4116387e-02   4.1486697e-03   3.1202263e-04  -3.7088740e-03
   2.9731919e-01   5.0122876e-01   4.5060069e-02   5.0367600e-03   5.2839265e-04  -3.9368264e-03
   2.5384636e-01   5.7382803e-01   1.1537113e-01   6.2161215e-03   2.9695683e-04  -3.7461406e-03
   2.5096247e-01   5.5664729e-01   4.5237040e-02   6.0193872e-03   3.9217798e-04  -3.8153412e-03
   2.5665836e-01   6.5798970e-01   1.3079962e-01   7.1953725e-03   4.7205967e-04  -3.5905004e-03
   3.0124537e-01   7.3009646e-01   1.5739158e-01   7.9161011e-03   1.0001052e-03  -3.6692137e-03
   3.3347090e-01   7.8936813e-01   1.9952763e-01   8.7423736e-03   1.2189872e-03  -3.7850017e-03
   3.1569262e-01   7.7056640e-01   2.3354034e-01   8.0425041e-03   8.3320441e-04  -3.8061860e-03
   2.8803605e-01  -6.6072074e-01  -9.7262520e-01  -2.2759013e-02   7.9821897e-04   5.9268888e-03
  -1.4245275e-02  -2.2400567e-01  -8.0526206e-01  -1.5448150e-02  -2.7409447e-03   4.1861767e-03
   1.6296647e-02  -9.0046289e-03  -5.3708237e-01  -7.4024216e-03  -2.1250953e-03   1.5490205e-03
   1.1802766e-01   2.3410438e-01  -3.4310855e-01  -1.7186731e-03  -1.0092310e-03  -6.2236066e-04
   1.8484266e-01   3.5378154e-01  -1.4232549e-01   1.4120661e-03  -8.8156187e-05  -2.0918162e-03
   2.3379576e-01   3.4396645e-01  -9.6627995e-02   1.7024155e-03   5.0389679e-04  -2.7358508e-03
   2.9630617e-01   1.3672821e-01  -1.3329357e-01  -2.0703861e-03   2.2600545e-03  -3.9955943e-03
   3.9033388e-01   1.2865964e-01  -1.2414477e-03  -6.0249375e-04   1.8026251e-03  -3.8557118e-03
   2.4819173e-01  -4.1901202e-04  -3.0281962e-01  -6.0770616e-03   5.3062893e-04  -4.0624747e-03
   7.3529830e-03  -5.4322099e-01  -1.2589970e+00  -1.9085251e-02  -1.2532834e-03  -1.4462385e-03
   5.4919952e-02   5.1759001e-02  -6.0477281e-01  -6.7079716e-03  -1.0335521e-03  -2.5171297e-03
   9.5617652e-02   1.8161044e-01  -2.2915765e-01  -9.4822610e-04  -2.5386087e-04  -3.0384648e-03
   1.1531008e-01   1.8529266e-01   3.8327973e-02   1.9429693e-03  -1.7366787e-04  -2.8265477e-03
   1.4705012e-01   2.3970492e-01   6.9248019e-02   3.9897890e-03   2.2453381e-04  -2.5261443e-03
   1.5786750e-01   3.9026320e-01   1.1083597e-01   6.0218255e-03   5.5067549e-04  -2.5135247e-03
   2.2405242e-01   4.9697106e-01   1.7583354e-01   7.2092120e-03   1.2479230e-03  -2.6606554e-03
   1.5996045e-01  -4.5046743e-01  -6.9617555e-01  -1.6564811e-02   3.1037849e-04   4.4853545e-03
  -6.4762636e-02   1.8593976e-01  -3.9817407e-01  -7.3602285e-03  -2.1708523e-03   2.7626555e-03
  -9.6669939e-02   3.6656613e-01  -1.3555515e-01   1.5628781e-03  -1.9265967e-03   8.1164026e-04
   2.4663306e-02   4.1703366e-01   4.0960919e-02   3.6928592e-03  -4.4798466e-04  -8.1000920e-04
   1.1483347e-01   4.4554023e-01   1.7279818e-01   4.8831369e-03   5.3230322e-04  -1.6726687e-03
   1.4050620e-01   5.8591900e-01   2.2911262e-01   6.8457169e-03   1.3338445e-03  -1.3990949e-03
   1.2892077e-01   6.5896333e-01   3.5112852e-01   8.0391204e-03   1.2873508e-03  -1.4741122e-03
   1.7926040e-01   7.5947519e-01   4.0409446e-01   9.9441174e-03   1.4043337e-03  -1.6870725e-03
   2.0497480e-01   8.8494268e-01   3.6954787e-01   1.0263929e-02   1.5634312e-03  -1.6391669e-03
   1.8267300e-01   8.7316668e-01   5.1216879e-01   7.5327223e-03   9.4361630e-04   1.0363191e-04
  -6.0317483e-02  -7.8010837e-01  -9.0989507e-01  -2.9221104e-02  -5.2826557e-03   5.0414565e-03
  -3.0135109e-02   4.2105869e-02  -6.0118085e-01  -2.0078894e-02  -3.4264614e-03   5.7524389e-03
   1.5403725e-01   6.7488327e-01  -2.3978231e-01  -7.3000757e-03  -1.6862508e-03   2.8827406e-03
   3.1770082e-03   8.7135693e-01   5.6943904e-02  -6.1126411e-04  -2.4354013e-03   1.9571266e-03
   8.3083957e-02   9.7673347e-01   2.1022977e-01   3.5436131e-03  -6.1586827e-04  -4.6632218e-04
   1.7075270e-01   1.0444709e+00   2.9319154e-01   6.5761074e-03   7.1334373e-04  -1.9604672e-03
   1.3790879e-01   1.0448698e+00   1.5895916e-01   7.0331629e-03   3.6506311e-04  -1.8145307e-03
   1.5288261e-01   1.1742712e+00   2.9937137e-01   9.4665225e-03   5.5907019e-04  -1.8540458e-03
   1.8474251e-01   1.2918953e+00   3.7049004e-01   1.1630277e-02   1.6088631e-03  -2.5752550e-03
   2.1180248e-01   1.2952106e+00   4.9502731e-01   1.1726309e-02   1.7999157e-03  -2.5201079e-03
   2.2008306e-01   1.3144524e+00   5.9890596e-01   1.2858411e-02   1.8310577e-03  -2.8109837e-03
   2.5389455e-01   1.3575810e+00   5.4608848e-01   1.3743057e-02   2.2576719e-03  -2.9730357e-03
   1.8779532e-01   1.3682367e+00   6.7854210e-01   1.4003468e-02   1.6978447e-03  -2.3075806e-03
   2.6542600e-01   1.4057411e+00   6.9666525e-01   1.5262405e-02   2.7735610e-03  -2.8516719e-03
   3.0080213e-01   1.4354125e+00   7.2857502e-01   1.5605264e-02   2.9025083e-03  -2.8739459e-03
   3.5065665e-01   1.4908309e+00   7.7695645e-01   1.6306432e-02   3.3495421e-03  -3.0639789e-03
   3.4580066e-01   1.5517974e+00   7.4492168e-01   1.7309478e-02   3.3671204e-03  -3.2211153e-03
   5.1231975e-02  -4.3678327e-01  -5.0974714e-01  -2.9826417e-02   2.9040735e-03   5.3205915e-03
  -2.7304733e-01  -8.6703424e-01  -1.1862494e+00  -3.2906596e-02  -1.2684004e-03   7.5670961e-03
  -4.0045987e-01   1.6291106e-01  -3.4941247e-01  -1.2634213e-02  -2.1133591e-03   4.9784134e-03
  -2.9546864e-01   2.3443220e-01  -2.0290326e-01  -6.7690430e-03  -1.6143596e-03   1.9123832e-03
  -2.1147224e-01   5.1675828e-01  -1.5386135e-02  -1.0161268e-04  -1.1563501e-03   7.1239097e-04
  -1.6025199e-01   6.3469112e-01   1.6999721e-01   3.3289420e-03  -1.0780248e-03  -4.2451492e-04
  -1.0759773e-01   6.8751980e-01   2.4558140e-01   5.1601370e-03  -3.4002370e-04  -1.5184137e-03
  -1.2488970e-02   9.0663538e-01   3.2616727e-01   7.6718039e-03   6.5627643e-04  -2.0445898e-03
  -9.8010109e-03   9.0428732e-01   3.3541091e-01   8.5900131e-03   5.6999900e-04  -1.9523936e-03
   2.8614147e-03   1.0043945e+00   3.1731938e-01   9.6488627e-03   6.2667741e-04  -1.7935511e-03
  -1.9422560e-02   1.0068337e+00   4.2966299e-01   9.7884766e-03   9.1362896e-04  -1.8379006e-03
  -2.3082103e-04   1.0216388e+00   4.1373181e-01   1.0157751e-02   1.1784470e-03  -1.9766146e-03
